 -5.0000E+00  2.0120E+00  1.9886E+00  1.1095E+00  1.1049E+00
 -4.9500E+00  1.9988E+00  1.9760E+00  1.1069E+00  1.1023E+00
 -4.9000E+00  1.9855E+00  1.9634E+00  1.1042E+00  1.0997E+00
 -4.8500E+00  1.9722E+00  1.9506E+00  1.1015E+00  1.0971E+00
 -4.8000E+00  1.9588E+00  1.9378E+00  1.0988E+00  1.0944E+00
 -4.7500E+00  1.9453E+00  1.9249E+00  1.0960E+00  1.0917E+00
 -4.7000E+00  1.9318E+00  1.9119E+00  1.0931E+00  1.0889E+00
 -4.6500E+00  1.9182E+00  1.8988E+00  1.0902E+00  1.0861E+00
 -4.6000E+00  1.9046E+00  1.8856E+00  1.0873E+00  1.0832E+00
 -4.5500E+00  1.8909E+00  1.8724E+00  1.0843E+00  1.0803E+00
 -4.5000E+00  1.8771E+00  1.8590E+00  1.0813E+00  1.0773E+00
 -4.4500E+00  1.8632E+00  1.8456E+00  1.0782E+00  1.0743E+00
 -4.4000E+00  1.8492E+00  1.8321E+00  1.0751E+00  1.0712E+00
 -4.3500E+00  1.8352E+00  1.8185E+00  1.0719E+00  1.0680E+00
 -4.3000E+00  1.8211E+00  1.8047E+00  1.0686E+00  1.0648E+00
 -4.2500E+00  1.8069E+00  1.7909E+00  1.0653E+00  1.0615E+00
 -4.2000E+00  1.7926E+00  1.7770E+00  1.0619E+00  1.0582E+00
 -4.1500E+00  1.7782E+00  1.7630E+00  1.0585E+00  1.0548E+00
 -4.1000E+00  1.7637E+00  1.7488E+00  1.0550E+00  1.0514E+00
 -4.0500E+00  1.7491E+00  1.7346E+00  1.0514E+00  1.0478E+00
 -4.0000E+00  1.7344E+00  1.7203E+00  1.0478E+00  1.0442E+00
 -3.9500E+00  1.7196E+00  1.7058E+00  1.0441E+00  1.0406E+00
 -3.9000E+00  1.7047E+00  1.6912E+00  1.0403E+00  1.0368E+00
 -3.8500E+00  1.6897E+00  1.6766E+00  1.0364E+00  1.0330E+00
 -3.8000E+00  1.6746E+00  1.6618E+00  1.0325E+00  1.0291E+00
 -3.7500E+00  1.6593E+00  1.6468E+00  1.0284E+00  1.0251E+00
 -3.7000E+00  1.6440E+00  1.6318E+00  1.0243E+00  1.0210E+00
 -3.6500E+00  1.6285E+00  1.6166E+00  1.0201E+00  1.0168E+00
 -3.6000E+00  1.6129E+00  1.6013E+00  1.0158E+00  1.0126E+00
 -3.5500E+00  1.5972E+00  1.5859E+00  1.0114E+00  1.0082E+00
 -3.5000E+00  1.5814E+00  1.5703E+00  1.0069E+00  1.0037E+00
 -3.4500E+00  1.5654E+00  1.5546E+00  1.0023E+00  9.9918E-01
 -3.4000E+00  1.5492E+00  1.5388E+00  9.9761E-01  9.9451E-01
 -3.3500E+00  1.5330E+00  1.5228E+00  9.9279E-01  9.8973E-01
 -3.3000E+00  1.5166E+00  1.5066E+00  9.8786E-01  9.8483E-01
 -3.2500E+00  1.5000E+00  1.4903E+00  9.8280E-01  9.7981E-01
 -3.2000E+00  1.4833E+00  1.4739E+00  9.7762E-01  9.7466E-01
 -3.1500E+00  1.4665E+00  1.4573E+00  9.7231E-01  9.6938E-01
 -3.1000E+00  1.4494E+00  1.4405E+00  9.6687E-01  9.6397E-01
 -3.0500E+00  1.4323E+00  1.4236E+00  9.6128E-01  9.5842E-01
 -3.0000E+00  1.4149E+00  1.4065E+00  9.5555E-01  9.5272E-01
 -2.9500E+00  1.3974E+00  1.3892E+00  9.4966E-01  9.4687E-01
 -2.9000E+00  1.3797E+00  1.3717E+00  9.4361E-01  9.4086E-01
 -2.8500E+00  1.3618E+00  1.3541E+00  9.3740E-01  9.3468E-01
 -2.8000E+00  1.3437E+00  1.3362E+00  9.3102E-01  9.2833E-01
 -2.7500E+00  1.3255E+00  1.3182E+00  9.2445E-01  9.2180E-01
 -2.7000E+00  1.3070E+00  1.2999E+00  9.1769E-01  9.1508E-01
 -2.6500E+00  1.2883E+00  1.2815E+00  9.1074E-01  9.0816E-01
 -2.6000E+00  1.2695E+00  1.2628E+00  9.0358E-01  9.0104E-01
 -2.5500E+00  1.2504E+00  1.2440E+00  8.9620E-01  8.9370E-01
 -2.5000E+00  1.2310E+00  1.2249E+00  8.8859E-01  8.8613E-01
 -2.4500E+00  1.2115E+00  1.2056E+00  8.8075E-01  8.7833E-01
 -2.4000E+00  1.1917E+00  1.1860E+00  8.7266E-01  8.7027E-01
 -2.3500E+00  1.1717E+00  1.1662E+00  8.6430E-01  8.6196E-01
 -2.3000E+00  1.1514E+00  1.1461E+00  8.5567E-01  8.5338E-01
 -2.2500E+00  1.1309E+00  1.1258E+00  8.4676E-01  8.4450E-01
 -2.2000E+00  1.1101E+00  1.1052E+00  8.3754E-01  8.3533E-01
 -2.1500E+00  1.0891E+00  1.0843E+00  8.2801E-01  8.2584E-01
 -2.1000E+00  1.0677E+00  1.0632E+00  8.1813E-01  8.1601E-01
 -2.0500E+00  1.0461E+00  1.0417E+00  8.0791E-01  8.0584E-01
 -2.0000E+00  1.0241E+00  1.0200E+00  7.9732E-01  7.9529E-01
 -1.9500E+00  1.0019E+00  9.9792E-01  7.8634E-01  7.8436E-01
 -1.9000E+00  9.7930E-01  9.7553E-01  7.7494E-01  7.7301E-01
 -1.8500E+00  9.5639E-01  9.5280E-01  7.6311E-01  7.6123E-01
 -1.8000E+00  9.3313E-01  9.2973E-01  7.5082E-01  7.4900E-01
 -1.7500E+00  9.0952E-01  9.0629E-01  7.3805E-01  7.3628E-01
 -1.7000E+00  8.8553E-01  8.8248E-01  7.2476E-01  7.2305E-01
 -1.6500E+00  8.6116E-01  8.5829E-01  7.1094E-01  7.0928E-01
 -1.6000E+00  8.3640E-01  8.3369E-01  6.9654E-01  6.9495E-01
 -1.5500E+00  8.1121E-01  8.0868E-01  6.8154E-01  6.8001E-01
 -1.5000E+00  7.8561E-01  7.8323E-01  6.6590E-01  6.6443E-01
 -1.4500E+00  7.5955E-01  7.5734E-01  6.4959E-01  6.4818E-01
 -1.4000E+00  7.3303E-01  7.3098E-01  6.3255E-01  6.3121E-01
 -1.3500E+00  7.0603E-01  7.0413E-01  6.1476E-01  6.1349E-01
 -1.3000E+00  6.7853E-01  6.7678E-01  5.9617E-01  5.9497E-01
 -1.2500E+00  6.5051E-01  6.4890E-01  5.7673E-01  5.7560E-01
 -1.2000E+00  6.2194E-01  6.2048E-01  5.5640E-01  5.5534E-01
 -1.1500E+00  5.9281E-01  5.9149E-01  5.3512E-01  5.3414E-01
 -1.1000E+00  5.6309E-01  5.6189E-01  5.1283E-01  5.1193E-01
 -1.0500E+00  5.3274E-01  5.3168E-01  4.8950E-01  4.8867E-01
 -1.0000E+00  5.0176E-01  5.0082E-01  4.6505E-01  4.6430E-01
 -9.5000E-01  4.7010E-01  4.6927E-01  4.3944E-01  4.3877E-01
 -9.0000E-01  4.3773E-01  4.3702E-01  4.1260E-01  4.1201E-01
 -8.5000E-01  4.0462E-01  4.0402E-01  3.8448E-01  3.8397E-01
 -8.0000E-01  3.7074E-01  3.7024E-01  3.5503E-01  3.5459E-01
 -7.5000E-01  3.3605E-01  3.3564E-01  3.2419E-01  3.2382E-01
 -7.0000E-01  3.0050E-01  3.0017E-01  2.9191E-01  2.9162E-01
 -6.5000E-01  2.6406E-01  2.6381E-01  2.5816E-01  2.5793E-01
 -6.0000E-01  2.2667E-01  2.2649E-01  2.2290E-01  2.2273E-01
 -5.5000E-01  1.8829E-01  1.8816E-01  1.8611E-01  1.8599E-01
 -5.0000E-01  1.4886E-01  1.4879E-01  1.4777E-01  1.4770E-01
 -4.5000E-01  1.0833E-01  1.0829E-01  1.0791E-01  1.0787E-01
 -4.0000E-01  6.6626E-02  6.6618E-02  6.6528E-02  6.6520E-02
 -3.5000E-01  2.3693E-02  2.3698E-02  2.3688E-02  2.3694E-02
 -3.0000E-01 -2.0547E-02 -2.0541E-02 -2.0545E-02 -2.0538E-02
 -2.5000E-01 -6.6172E-02 -6.6180E-02 -6.6076E-02 -6.6083E-02
 -2.0000E-01 -1.1327E-01 -1.1330E-01 -1.1279E-01 -1.1282E-01
 -1.5000E-01 -1.6192E-01 -1.6201E-01 -1.6053E-01 -1.6061E-01
 -1.0000E-01 -2.1224E-01 -2.1239E-01 -2.0914E-01 -2.0928E-01
 -5.0000E-02 -2.6433E-01 -2.6457E-01 -2.5842E-01 -2.5864E-01
  0.0000E+00 -3.1832E-01 -3.1866E-01 -3.0817E-01 -3.0849E-01
  5.0000E-02 -3.7432E-01 -3.7479E-01 -3.5817E-01 -3.5859E-01
  1.0000E-01 -4.3249E-01 -4.3312E-01 -4.0819E-01 -4.0873E-01
  1.5000E-01 -4.9298E-01 -4.9380E-01 -4.5801E-01 -4.5867E-01
  2.0000E-01 -5.5596E-01 -5.5700E-01 -5.0741E-01 -5.0820E-01
  2.5000E-01 -6.2163E-01 -6.2293E-01 -5.5617E-01 -5.5711E-01
  3.0000E-01 -6.9020E-01 -6.9179E-01 -6.0412E-01 -6.0519E-01
  3.5000E-01 -7.6189E-01 -7.6383E-01 -6.5107E-01 -6.5229E-01
  4.0000E-01 -8.3698E-01 -8.3930E-01 -6.9689E-01 -6.9825E-01
  4.5000E-01 -9.1576E-01 -9.1852E-01 -7.4145E-01 -7.4295E-01
  5.0000E-01 -9.9854E-01 -1.0018E+00 -7.8467E-01 -7.8630E-01
  5.5000E-01 -1.0857E+00 -1.0895E+00 -8.2646E-01 -8.2821E-01
  6.0000E-01 -1.1776E+00 -1.1821E+00 -8.6679E-01 -8.6866E-01
  6.5000E-01 -1.2748E+00 -1.2800E+00 -9.0563E-01 -9.0760E-01
  7.0000E-01 -1.3778E+00 -1.3838E+00 -9.4297E-01 -9.4504E-01
  7.5000E-01 -1.4872E+00 -1.4941E+00 -9.7882E-01 -9.8098E-01
  8.0000E-01 -1.6036E+00 -1.6116E+00 -1.0132E+00 -1.0154E+00
  8.5000E-01 -1.7279E+00 -1.7371E+00 -1.0462E+00 -1.0485E+00
  9.0000E-01 -1.8610E+00 -1.8716E+00 -1.0777E+00 -1.0801E+00
  9.5000E-01 -2.0040E+00 -2.0161E+00 -1.1079E+00 -1.1104E+00
  1.0000E+00 -2.1580E+00 -2.1720E+00 -1.1369E+00 -1.1393E+00
  1.0500E+00 -2.3247E+00 -2.3407E+00 -1.1646E+00 -1.1671E+00
  1.1000E+00 -2.5057E+00 -2.5241E+00 -1.1911E+00 -1.1936E+00
  1.1500E+00 -2.7032E+00 -2.7243E+00 -1.2165E+00 -1.2190E+00
  1.2000E+00 -2.9196E+00 -2.9439E+00 -1.2408E+00 -1.2433E+00
  1.2500E+00 -3.1580E+00 -3.1861E+00 -1.2641E+00 -1.2667E+00
  1.3000E+00 -3.4222E+00 -3.4548E+00 -1.2865E+00 -1.2890E+00
  1.3500E+00 -3.7169E+00 -3.7548E+00 -1.3080E+00 -1.3105E+00
  1.4000E+00 -4.0479E+00 -4.0922E+00 -1.3286E+00 -1.3311E+00
  1.4500E+00 -4.4229E+00 -4.4749E+00 -1.3484E+00 -1.3509E+00
  1.5000E+00 -4.8515E+00 -4.9131E+00 -1.3675E+00 -1.3700E+00
  1.5500E+00 -5.3466E+00 -5.4201E+00 -1.3859E+00 -1.3884E+00
  1.6000E+00 -5.9257E+00 -6.0143E+00 -1.4036E+00 -1.4060E+00
  1.6500E+00 -6.6126E+00 -6.7209E+00 -1.4207E+00 -1.4231E+00
  1.7000E+00 -7.4415E+00 -7.5760E+00 -1.4372E+00 -1.4396E+00
  1.7500E+00 -8.4627E+00 -8.6331E+00 -1.4532E+00 -1.4555E+00
  1.8000E+00 -9.7533E+00 -9.9748E+00 -1.4686E+00 -1.4709E+00
  1.8500E+00 -1.1438E+01 -1.1736E+01 -1.4836E+00 -1.4858E+00
  1.9000E+00 -1.3732E+01 -1.4153E+01 -1.4981E+00 -1.5003E+00
  1.9500E+00 -1.7045E+01 -1.7679E+01 -1.5122E+00 -1.5143E+00
  2.0000E+00 -2.2255E+01 -2.3313E+01 -1.5259E+00 -1.5279E+00
  2.0500E+00 -3.1657E+01 -3.3769E+01 -1.5392E+00 -1.5412E+00
  2.1000E+00 -5.3761E+01 -5.9915E+01 -1.5522E+00 -1.5541E+00
  2.1500E+00 -1.6827E+02 -2.4397E+02 -1.5649E+00 -1.5667E+00
  2.2000E+00  1.5596E+02  1.2215E+02 -1.5772E+00 -1.5790E+00
  2.2500E+00  5.4093E+01  4.9526E+01 -1.5893E+00 -1.5910E+00
  2.3000E+00  3.2999E+01  3.1312E+01 -1.6011E+00 -1.6027E+00
  2.3500E+00  2.3874E+01  2.3017E+01 -1.6127E+00 -1.6142E+00
  2.4000E+00  1.8778E+01  1.8269E+01 -1.6240E+00 -1.6255E+00
  2.4500E+00  1.5523E+01  1.5191E+01 -1.6351E+00 -1.6365E+00
  2.5000E+00  1.3260E+01  1.3031E+01 -1.6461E+00 -1.6474E+00
  2.5500E+00  1.1595E+01  1.1430E+01 -1.6568E+00 -1.6581E+00
  2.6000E+00  1.0317E+01  1.0194E+01 -1.6674E+00 -1.6686E+00
  2.6500E+00  9.3044E+00  9.2112E+00 -1.6779E+00 -1.6789E+00
  2.7000E+00  8.4808E+00  8.4091E+00 -1.6882E+00 -1.6892E+00
  2.7500E+00  7.7973E+00  7.7416E+00 -1.6983E+00 -1.6993E+00
  2.8000E+00  7.2203E+00  7.1768E+00 -1.7084E+00 -1.7092E+00
  2.8500E+00  6.7262E+00  6.6921E+00 -1.7184E+00 -1.7191E+00
  2.9000E+00  6.2977E+00  6.2710E+00 -1.7283E+00 -1.7289E+00
  2.9500E+00  5.9222E+00  5.9014E+00 -1.7381E+00 -1.7387E+00
  3.0000E+00  5.5900E+00  5.5740E+00 -1.7478E+00 -1.7483E+00
  3.0500E+00  5.2938E+00  5.2816E+00 -1.7575E+00 -1.7579E+00
  3.1000E+00  5.0276E+00  5.0185E+00 -1.7671E+00 -1.7675E+00
  3.1500E+00  4.7868E+00  4.7802E+00 -1.7767E+00 -1.7770E+00
  3.2000E+00  4.5678E+00  4.5631E+00 -1.7863E+00 -1.7865E+00
  3.2500E+00  4.3674E+00  4.3643E+00 -1.7959E+00 -1.7960E+00
  3.3000E+00  4.1831E+00  4.1812E+00 -1.8055E+00 -1.8056E+00
  3.3500E+00  4.0129E+00  4.0119E+00 -1.8150E+00 -1.8151E+00
  3.4000E+00  3.8550E+00  3.8546E+00 -1.8246E+00 -1.8246E+00
  3.4500E+00  3.7080E+00  3.7079E+00 -1.8342E+00 -1.8342E+00
  3.5000E+00  3.5706E+00  3.5707E+00 -1.8439E+00 -1.8439E+00
  3.5500E+00  3.4418E+00  3.4417E+00 -1.8536E+00 -1.8536E+00
  3.6000E+00  3.3206E+00  3.3202E+00 -1.8633E+00 -1.8633E+00
  3.6500E+00  3.2063E+00  3.2054E+00 -1.8731E+00 -1.8732E+00
  3.7000E+00  3.0981E+00  3.0965E+00 -1.8830E+00 -1.8832E+00
  3.7500E+00  2.9955E+00  2.9929E+00 -1.8930E+00 -1.8933E+00
  3.8000E+00  2.8980E+00  2.8942E+00 -1.9031E+00 -1.9035E+00
  3.8500E+00  2.8050E+00  2.7998E+00 -1.9133E+00 -1.9138E+00
  3.9000E+00  2.7161E+00  2.7094E+00 -1.9236E+00 -1.9244E+00
  3.9500E+00  2.6310E+00  2.6225E+00 -1.9340E+00 -1.9351E+00
  4.0000E+00  2.5494E+00  2.5389E+00 -1.9446E+00 -1.9460E+00
  4.0500E+00  2.4710E+00  2.4581E+00 -1.9553E+00 -1.9572E+00
  4.1000E+00  2.3955E+00  2.3800E+00 -1.9663E+00 -1.9686E+00
  4.1500E+00  2.3226E+00  2.3042E+00 -1.9774E+00 -1.9802E+00
  4.2000E+00  2.2523E+00  2.2306E+00 -1.9886E+00 -1.9922E+00
  4.2500E+00  2.1841E+00  2.1589E+00 -2.0002E+00 -2.0046E+00
  4.3000E+00  2.1181E+00  2.0889E+00 -2.0119E+00 -2.0173E+00
  4.3500E+00  2.0540E+00  2.0204E+00 -2.0239E+00 -2.0304E+00
  4.4000E+00  1.9918E+00  1.9532E+00 -2.0361E+00 -2.0440E+00
  4.4500E+00  1.9311E+00  1.8871E+00 -2.0486E+00 -2.0581E+00
  4.5000E+00  1.8720E+00  1.8219E+00 -2.0614E+00 -2.0728E+00
  4.5500E+00  1.8144E+00  1.7575E+00 -2.0745E+00 -2.0881E+00
  4.6000E+00  1.7580E+00  1.6936E+00 -2.0880E+00 -2.1042E+00
  4.6500E+00  1.7029E+00  1.6300E+00 -2.1018E+00 -2.1211E+00
  4.7000E+00  1.6490E+00  1.5666E+00 -2.1159E+00 -2.1389E+00
  4.7500E+00  1.5960E+00  1.5030E+00 -2.1305E+00 -2.1579E+00
  4.8000E+00  1.5441E+00  1.4391E+00 -2.1455E+00 -2.1781E+00
  4.8500E+00  1.4931E+00  1.3745E+00 -2.1609E+00 -2.1998E+00
  4.9000E+00  1.4429E+00  1.3088E+00 -2.1768E+00 -2.2232E+00
  4.9500E+00  1.3936E+00  1.2417E+00 -2.1932E+00 -2.2488E+00
