   0.0000000E+00   0.0000000E+00  -9.4000000E+01
   3.5251509E-06  -1.6740584E-05  -9.3998830E+01
   7.0958227E-06  -3.3697342E-05  -9.3997651E+01
   1.0712603E-05  -5.0873065E-05  -9.3996528E+01
   1.4376087E-05  -6.8270580E-05  -9.3995473E+01
   1.8086879E-05  -8.5892753E-05  -9.3994558E+01
   2.1845589E-05  -1.0374248E-04  -9.3993796E+01
   2.5652835E-05  -1.2182271E-04  -9.3993206E+01
   2.9509245E-05  -1.4013641E-04  -9.3992822E+01
   3.3415453E-05  -1.5868660E-04  -9.3992658E+01
   3.7372103E-05  -1.7747632E-04  -9.3992726E+01
   4.1379846E-05  -1.9650869E-04  -9.3993039E+01
   4.5439341E-05  -2.1578682E-04  -9.3993598E+01
   4.9551257E-05  -2.3531389E-04  -9.3994405E+01
   5.3716271E-05  -2.5509312E-04  -9.3995456E+01
   5.7935068E-05  -2.7512776E-04  -9.3996742E+01
   6.2208344E-05  -2.9542111E-04  -9.3998250E+01
   6.6536801E-05  -3.1597651E-04  -9.3999964E+01
   7.0921151E-05  -3.3679735E-04  -9.4001866E+01
   7.5362118E-05  -3.5788705E-04  -9.4003932E+01
   7.9860432E-05  -3.7924908E-04  -9.4006140E+01
   8.4416833E-05  -4.0088697E-04  -9.4008463E+01
   8.9032071E-05  -4.2280427E-04  -9.4010874E+01
   9.3706907E-05  -4.4500459E-04  -9.4013345E+01
   9.8442110E-05  -4.6749159E-04  -9.4015847E+01
   1.0323846E-04  -4.9026896E-04  -9.4018354E+01
   1.0809674E-04  -5.1334046E-04  -9.4020837E+01
   1.1301776E-04  -5.3670989E-04  -9.4023270E+01
   1.1800233E-04  -5.6038109E-04  -9.4025627E+01
   1.2305126E-04  -5.8435796E-04  -9.4027885E+01
   1.2816540E-04  -6.0864445E-04  -9.4030021E+01
   1.3334557E-04  -6.3324456E-04  -9.4032016E+01
   1.3859263E-04  -6.5816232E-04  -9.4033851E+01
   1.4390745E-04  -6.8340186E-04  -9.4035510E+01
   1.4929090E-04  -7.0896732E-04  -9.4036978E+01
   1.5474386E-04  -7.3486290E-04  -9.4038244E+01
   1.6026725E-04  -7.6109288E-04  -9.4039298E+01
   1.6586195E-04  -7.8766158E-04  -9.4040132E+01
   1.7152891E-04  -8.1457336E-04  -9.4040739E+01
   1.7726904E-04  -8.4183265E-04  -9.4041116E+01
   1.8308329E-04  -8.6944395E-04  -9.4041259E+01
   1.8897262E-04  -8.9741180E-04  -9.4041167E+01
   1.9493801E-04  -9.2574080E-04  -9.4040841E+01
   2.0098042E-04  -9.5443561E-04  -9.4040281E+01
   2.0710086E-04  -9.8350097E-04  -9.4039492E+01
   2.1330034E-04  -1.0129417E-03  -9.4038475E+01
   2.1957987E-04  -1.0427625E-03  -9.4037236E+01
   2.2594049E-04  -1.0729684E-03  -9.4035780E+01
   2.3238325E-04  -1.1035644E-03  -9.4034112E+01
   2.3890920E-04  -1.1345555E-03  -9.4032239E+01
   2.4551942E-04  -1.1659468E-03  -9.4030167E+01
   2.5221500E-04  -1.1977434E-03  -9.4027903E+01
   2.5899704E-04  -1.2299506E-03  -9.4025454E+01
   2.6586666E-04  -1.2625738E-03  -9.4022827E+01
   2.7282499E-04  -1.2956182E-03  -9.4020029E+01
   2.7987317E-04  -1.3290893E-03  -9.4017068E+01
   2.8701237E-04  -1.3629926E-03  -9.4013951E+01
   2.9424375E-04  -1.3973337E-03  -9.4010684E+01
   3.0156852E-04  -1.4321183E-03  -9.4007274E+01
   3.0898787E-04  -1.4673520E-03  -9.4003728E+01
   3.1650303E-04  -1.5030407E-03  -9.4000052E+01
   3.2411523E-04  -1.5391903E-03  -9.3996252E+01
   3.3182573E-04  -1.5758067E-03  -9.3992334E+01
   3.3963580E-04  -1.6128959E-03  -9.3988304E+01
   3.4754672E-04  -1.6504641E-03  -9.3984167E+01
   3.5555980E-04  -1.6885173E-03  -9.3979927E+01
   3.6367635E-04  -1.7270620E-03  -9.3975590E+01
   3.7189771E-04  -1.7661044E-03  -9.3971159E+01
   3.8022523E-04  -1.8056510E-03  -9.3966639E+01
   3.8866029E-04  -1.8457082E-03  -9.3962034E+01
   3.9720427E-04  -1.8862827E-03  -9.3957347E+01
   4.0585858E-04  -1.9273811E-03  -9.3952581E+01
   4.1462464E-04  -1.9690103E-03  -9.3947739E+01
   4.2350391E-04  -2.0111770E-03  -9.3942824E+01
   4.3249783E-04  -2.0538882E-03  -9.3937839E+01
   4.4160789E-04  -2.0971510E-03  -9.3932785E+01
   4.5083559E-04  -2.1409724E-03  -9.3927665E+01
   4.6018245E-04  -2.1853597E-03  -9.3922480E+01
   4.6965001E-04  -2.2303201E-03  -9.3917232E+01
   4.7923982E-04  -2.2758612E-03  -9.3911922E+01
   4.8895347E-04  -2.3219903E-03  -9.3906551E+01
   4.9879256E-04  -2.3687151E-03  -9.3901122E+01
   5.0875869E-04  -2.4160432E-03  -9.3895633E+01
   5.1885352E-04  -2.4639826E-03  -9.3890087E+01
   5.2907871E-04  -2.5125409E-03  -9.3884483E+01
   5.3943593E-04  -2.5617263E-03  -9.3878822E+01
   5.4992690E-04  -2.6115469E-03  -9.3873104E+01
   5.6055335E-04  -2.6620107E-03  -9.3867330E+01
   5.7131701E-04  -2.7131263E-03  -9.3861499E+01
   5.8221966E-04  -2.7649019E-03  -9.3855611E+01
   5.9326311E-04  -2.8173460E-03  -9.3849667E+01
   6.0444916E-04  -2.8704674E-03  -9.3843666E+01
   6.1577965E-04  -2.9242748E-03  -9.3837608E+01
   6.2725646E-04  -2.9787770E-03  -9.3831491E+01
   6.3888147E-04  -3.0339830E-03  -9.3825317E+01
   6.5065660E-04  -3.0899018E-03  -9.3819084E+01
   6.6258378E-04  -3.1465428E-03  -9.3812791E+01
   6.7466497E-04  -3.2039151E-03  -9.3806438E+01
   6.8690218E-04  -3.2620284E-03  -9.3800025E+01
   6.9929740E-04  -3.3208920E-03  -9.3793550E+01
   7.1185269E-04  -3.3805158E-03  -9.3787012E+01
   7.2457010E-04  -3.4409094E-03  -9.3780411E+01
   7.3745174E-04  -3.5020830E-03  -9.3773746E+01
   7.5049972E-04  -3.5640465E-03  -9.3767015E+01
   7.6371619E-04  -3.6268101E-03  -9.3760218E+01
   7.7710332E-04  -3.6903843E-03  -9.3753354E+01
   7.9066333E-04  -3.7547793E-03  -9.3746422E+01
   8.0439843E-04  -3.8200059E-03  -9.3739419E+01
   8.1831091E-04  -3.8860748E-03  -9.3732347E+01
   8.3240303E-04  -3.9529969E-03  -9.3725202E+01
   8.4667713E-04  -4.0207831E-03  -9.3717984E+01
   8.6113555E-04  -4.0894446E-03  -9.3710692E+01
   8.7578068E-04  -4.1589928E-03  -9.3703325E+01
   8.9061492E-04  -4.2294391E-03  -9.3695880E+01
   9.0564072E-04  -4.3007950E-03  -9.3688358E+01
   9.2086055E-04  -4.3730724E-03  -9.3680756E+01
   9.3627692E-04  -4.4462831E-03  -9.3673073E+01
   9.5189235E-04  -4.5204392E-03  -9.3665308E+01
   9.6770944E-04  -4.5955529E-03  -9.3657460E+01
   9.8373077E-04  -4.6716365E-03  -9.3649527E+01
   9.9995899E-04  -4.7487026E-03  -9.3641507E+01
   1.0163968E-03  -4.8267639E-03  -9.3633400E+01
   1.0330468E-03  -4.9058332E-03  -9.3625203E+01
   1.0499118E-03  -4.9859235E-03  -9.3616916E+01
   1.0669947E-03  -5.0670480E-03  -9.3608536E+01
   1.0842981E-03  -5.1492201E-03  -9.3600063E+01
   1.1018249E-03  -5.2324533E-03  -9.3591495E+01
   1.1195781E-03  -5.3167613E-03  -9.3582830E+01
   1.1375606E-03  -5.4021580E-03  -9.3574066E+01
   1.1557752E-03  -5.4886574E-03  -9.3565203E+01
   1.1742251E-03  -5.5762738E-03  -9.3556238E+01
   1.1929132E-03  -5.6650216E-03  -9.3547170E+01
   1.2118426E-03  -5.7549154E-03  -9.3537998E+01
   1.2310165E-03  -5.8459700E-03  -9.3528719E+01
   1.2504379E-03  -5.9382005E-03  -9.3519332E+01
   1.2701102E-03  -6.0316219E-03  -9.3509835E+01
   1.2900364E-03  -6.1262496E-03  -9.3500228E+01
   1.3102200E-03  -6.2220993E-03  -9.3490507E+01
   1.3306642E-03  -6.3191867E-03  -9.3480671E+01
   1.3513725E-03  -6.4175279E-03  -9.3470718E+01
   1.3723481E-03  -6.5171389E-03  -9.3460648E+01
   1.3935946E-03  -6.6180362E-03  -9.3450457E+01
   1.4151154E-03  -6.7202364E-03  -9.3440144E+01
   1.4369142E-03  -6.8237563E-03  -9.3429708E+01
   1.4589944E-03  -6.9286130E-03  -9.3419146E+01
   1.4813598E-03  -7.0348237E-03  -9.3408457E+01
   1.5040140E-03  -7.1424059E-03  -9.3397638E+01
   1.5269607E-03  -7.2513773E-03  -9.3386688E+01
   1.5502037E-03  -7.3617559E-03  -9.3375606E+01
   1.5737469E-03  -7.4735599E-03  -9.3364388E+01
   1.5975941E-03  -7.5868075E-03  -9.3353033E+01
   1.6217492E-03  -7.7015176E-03  -9.3341540E+01
   1.6462163E-03  -7.8177089E-03  -9.3329905E+01
   1.6709993E-03  -7.9354006E-03  -9.3318128E+01
   1.6961023E-03  -8.0546120E-03  -9.3306205E+01
   1.7215295E-03  -8.1753629E-03  -9.3294136E+01
   1.7472850E-03  -8.2976730E-03  -9.3281917E+01
   1.7733731E-03  -8.4215625E-03  -9.3269548E+01
   1.7997981E-03  -8.5470518E-03  -9.3257025E+01
   1.8265643E-03  -8.6741616E-03  -9.3244346E+01
   1.8536762E-03  -8.8029127E-03  -9.3231510E+01
   1.8811381E-03  -8.9333264E-03  -9.3218514E+01
   1.9089547E-03  -9.0654242E-03  -9.3205356E+01
   1.9371305E-03  -9.1992277E-03  -9.3192034E+01
   1.9656701E-03  -9.3347591E-03  -9.3178545E+01
   1.9945783E-03  -9.4720406E-03  -9.3164887E+01
   2.0238597E-03  -9.6110948E-03  -9.3151059E+01
   2.0535193E-03  -9.7519446E-03  -9.3137056E+01
   2.0835618E-03  -9.8946132E-03  -9.3122878E+01
   2.1139923E-03  -1.0039124E-02  -9.3108522E+01
   2.1448158E-03  -1.0185501E-02  -9.3093985E+01
   2.1760373E-03  -1.0333768E-02  -9.3079265E+01
   2.2076619E-03  -1.0483950E-02  -9.3064359E+01
   2.2396950E-03  -1.0636071E-02  -9.3049265E+01
   2.2721416E-03  -1.0790157E-02  -9.3033981E+01
   2.3050073E-03  -1.0946232E-02  -9.3018504E+01
   2.3382974E-03  -1.1104322E-02  -9.3002831E+01
   2.3720173E-03  -1.1264454E-02  -9.2986959E+01
   2.4061727E-03  -1.1426654E-02  -9.2970887E+01
   2.4407691E-03  -1.1590948E-02  -9.2954611E+01
   2.4758123E-03  -1.1757364E-02  -9.2938129E+01
   2.5113080E-03  -1.1925929E-02  -9.2921438E+01
   2.5472621E-03  -1.2096670E-02  -9.2904535E+01
   2.5836804E-03  -1.2269616E-02  -9.2887417E+01
   2.6205690E-03  -1.2444796E-02  -9.2870082E+01
   2.6579340E-03  -1.2622237E-02  -9.2852527E+01
   2.6957814E-03  -1.2801970E-02  -9.2834749E+01
   2.7341176E-03  -1.2984024E-02  -9.2816745E+01
   2.7729489E-03  -1.3168428E-02  -9.2798512E+01
   2.8122815E-03  -1.3355214E-02  -9.2780047E+01
   2.8521221E-03  -1.3544412E-02  -9.2761347E+01
   2.8924771E-03  -1.3736052E-02  -9.2742410E+01
   2.9333533E-03  -1.3930168E-02  -9.2723231E+01
   2.9747573E-03  -1.4126790E-02  -9.2703809E+01
   3.0166959E-03  -1.4325951E-02  -9.2684139E+01
   3.0591761E-03  -1.4527684E-02  -9.2664219E+01
   3.1022049E-03  -1.4732022E-02  -9.2644045E+01
   3.1457893E-03  -1.4938998E-02  -9.2623615E+01
   3.1899365E-03  -1.5148647E-02  -9.2602925E+01
   3.2346538E-03  -1.5361004E-02  -9.2581971E+01
   3.2799486E-03  -1.5576102E-02  -9.2560751E+01
   3.3258282E-03  -1.5793978E-02  -9.2539261E+01
   3.3723003E-03  -1.6014667E-02  -9.2517497E+01
   3.4193724E-03  -1.6238207E-02  -9.2495457E+01
   3.4670525E-03  -1.6464632E-02  -9.2473136E+01
   3.5153482E-03  -1.6693982E-02  -9.2450532E+01
   3.5642676E-03  -1.6926293E-02  -9.2427640E+01
   3.6138187E-03  -1.7161604E-02  -9.2404458E+01
   3.6640096E-03  -1.7399953E-02  -9.2380981E+01
   3.7148487E-03  -1.7641380E-02  -9.2357206E+01
   3.7663443E-03  -1.7885925E-02  -9.2333129E+01
   3.8185048E-03  -1.8133628E-02  -9.2308746E+01
   3.8713389E-03  -1.8384529E-02  -9.2284055E+01
   3.9248552E-03  -1.8638670E-02  -9.2259050E+01
   3.9790627E-03  -1.8896092E-02  -9.2233729E+01
   4.0339701E-03  -1.9156839E-02  -9.2208086E+01
   4.0895865E-03  -1.9420952E-02  -9.2182119E+01
   4.1459211E-03  -1.9688476E-02  -9.2155824E+01
   4.2029832E-03  -1.9959455E-02  -9.2129196E+01
   4.2607821E-03  -2.0233932E-02  -9.2102231E+01
   4.3193274E-03  -2.0511954E-02  -9.2074926E+01
   4.3786287E-03  -2.0793566E-02  -9.2047277E+01
   4.4386957E-03  -2.1078815E-02  -9.2019278E+01
   4.4995384E-03  -2.1367746E-02  -9.1990927E+01
   4.5611668E-03  -2.1660409E-02  -9.1962218E+01
   4.6235910E-03  -2.1956850E-02  -9.1933148E+01
   4.6868213E-03  -2.2257120E-02  -9.1903712E+01
   4.7508681E-03  -2.2561267E-02  -9.1873907E+01
   4.8157419E-03  -2.2869341E-02  -9.1843727E+01
   4.8814535E-03  -2.3181393E-02  -9.1813169E+01
   4.9480136E-03  -2.3497475E-02  -9.1782227E+01
   5.0154332E-03  -2.3817638E-02  -9.1750898E+01
   5.0837234E-03  -2.4141935E-02  -9.1719177E+01
   5.1528955E-03  -2.4470420E-02  -9.1687059E+01
   5.2229608E-03  -2.4803146E-02  -9.1654541E+01
   5.2939308E-03  -2.5140169E-02  -9.1621616E+01
   5.3658173E-03  -2.5481544E-02  -9.1588281E+01
   5.4386321E-03  -2.5827326E-02  -9.1554531E+01
   5.5123871E-03  -2.6177574E-02  -9.1520362E+01
   5.5870946E-03  -2.6532344E-02  -9.1485767E+01
   5.6627668E-03  -2.6891695E-02  -9.1450744E+01
   5.7394161E-03  -2.7255687E-02  -9.1415286E+01
   5.8170552E-03  -2.7624378E-02  -9.1379389E+01
   5.8956969E-03  -2.7997830E-02  -9.1343049E+01
   5.9753541E-03  -2.8376104E-02  -9.1306259E+01
   6.0560399E-03  -2.8759263E-02  -9.1269016E+01
   6.1377676E-03  -2.9147369E-02  -9.1231314E+01
   6.2205507E-03  -2.9540486E-02  -9.1193148E+01
   6.3044028E-03  -2.9938680E-02  -9.1154514E+01
   6.3893377E-03  -3.0342015E-02  -9.1115405E+01
   6.4753693E-03  -3.0750559E-02  -9.1075817E+01
   6.5625119E-03  -3.1164377E-02  -9.1035744E+01
   6.6507798E-03  -3.1583539E-02  -9.0995182E+01
   6.7401875E-03  -3.2008113E-02  -9.0954125E+01
   6.8307497E-03  -3.2438170E-02  -9.0912568E+01
   6.9224814E-03  -3.2873779E-02  -9.0870506E+01
   7.0153976E-03  -3.3315013E-02  -9.0827933E+01
   7.1095137E-03  -3.3761944E-02  -9.0784843E+01
   7.2048451E-03  -3.4214647E-02  -9.0741232E+01
   7.3014075E-03  -3.4673194E-02  -9.0697094E+01
   7.3992168E-03  -3.5137663E-02  -9.0652424E+01
   7.4982892E-03  -3.5608128E-02  -9.0607215E+01
   7.5986409E-03  -3.6084669E-02  -9.0561463E+01
   7.7002885E-03  -3.6567362E-02  -9.0515161E+01
   7.8032487E-03  -3.7056288E-02  -9.0468305E+01
   7.9075384E-03  -3.7551527E-02  -9.0420888E+01
   8.0131748E-03  -3.8053160E-02  -9.0372906E+01
   8.1201753E-03  -3.8561271E-02  -9.0324351E+01
   8.2285575E-03  -3.9075942E-02  -9.0275219E+01
   8.3383393E-03  -3.9597259E-02  -9.0225504E+01
   8.4495387E-03  -4.0125306E-02  -9.0175200E+01
   8.5621740E-03  -4.0660172E-02  -9.0124300E+01
   8.6762639E-03  -4.1201943E-02  -9.0072801E+01
   8.7918269E-03  -4.1750710E-02  -9.0020694E+01
   8.9088823E-03  -4.2306563E-02  -8.9967975E+01
   9.0274492E-03  -4.2869592E-02  -8.9914637E+01
   9.1475472E-03  -4.3439891E-02  -8.9860676E+01
   9.2691961E-03  -4.4017553E-02  -8.9806083E+01
   9.3924158E-03  -4.4602674E-02  -8.9750855E+01
   9.5172266E-03  -4.5195349E-02  -8.9694984E+01
   9.6436492E-03  -4.5795677E-02  -8.9638464E+01
   9.7717043E-03  -4.6403756E-02  -8.9581290E+01
   9.9014129E-03  -4.7019686E-02  -8.9523455E+01
   1.0032797E-02  -4.7643568E-02  -8.9464954E+01
   1.0165877E-02  -4.8275506E-02  -8.9405779E+01
   1.0300675E-02  -4.8915602E-02  -8.9345925E+01
   1.0437215E-02  -4.9563963E-02  -8.9285386E+01
   1.0575517E-02  -5.0220695E-02  -8.9224155E+01
   1.0715606E-02  -5.0885905E-02  -8.9162226E+01
   1.0857503E-02  -5.1559705E-02  -8.9099593E+01
   1.1001233E-02  -5.2242203E-02  -8.9036249E+01
   1.1146819E-02  -5.2933514E-02  -8.8972188E+01
   1.1294284E-02  -5.3633749E-02  -8.8907405E+01
   1.1443654E-02  -5.4343025E-02  -8.8841891E+01
   1.1594953E-02  -5.5061459E-02  -8.8775641E+01
   1.1748206E-02  -5.5789167E-02  -8.8708649E+01
   1.1903437E-02  -5.6526271E-02  -8.8640908E+01
   1.2060673E-02  -5.7272891E-02  -8.8572411E+01
   1.2219940E-02  -5.8029150E-02  -8.8503152E+01
   1.2381263E-02  -5.8795173E-02  -8.8433124E+01
   1.2544669E-02  -5.9571085E-02  -8.8362322E+01
   1.2710186E-02  -6.0357014E-02  -8.8290737E+01
   1.2877839E-02  -6.1153090E-02  -8.8218364E+01
   1.3047658E-02  -6.1959443E-02  -8.8145196E+01
   1.3219670E-02  -6.2776206E-02  -8.8071226E+01
   1.3393902E-02  -6.3603513E-02  -8.7996447E+01
   1.3570385E-02  -6.4441500E-02  -8.7920853E+01
   1.3749147E-02  -6.5290306E-02  -8.7844437E+01
   1.3930217E-02  -6.6150069E-02  -8.7767193E+01
   1.4113625E-02  -6.7020931E-02  -8.7689112E+01
   1.4299402E-02  -6.7903035E-02  -8.7610189E+01
   1.4487577E-02  -6.8796527E-02  -8.7530416E+01
   1.4678183E-02  -6.9701552E-02  -8.7449787E+01
   1.4871249E-02  -7.0618261E-02  -8.7368295E+01
   1.5066809E-02  -7.1546804E-02  -8.7285932E+01
   1.5264894E-02  -7.2487332E-02  -8.7202691E+01
   1.5465537E-02  -7.3440002E-02  -8.7118566E+01
   1.5668771E-02  -7.4404969E-02  -8.7033549E+01
   1.5874630E-02  -7.5382393E-02  -8.6947634E+01
   1.6083147E-02  -7.6372433E-02  -8.6860813E+01
   1.6294356E-02  -7.7375253E-02  -8.6773078E+01
   1.6508293E-02  -7.8391018E-02  -8.6684423E+01
   1.6724992E-02  -7.9419894E-02  -8.6594840E+01
   1.6944489E-02  -8.0462050E-02  -8.6504323E+01
   1.7166821E-02  -8.1517658E-02  -8.6412863E+01
   1.7392024E-02  -8.2586892E-02  -8.6320453E+01
   1.7620135E-02  -8.3669926E-02  -8.6227085E+01
   1.7851192E-02  -8.4766939E-02  -8.6132753E+01
   1.8085232E-02  -8.5878112E-02  -8.6037449E+01
   1.8322295E-02  -8.7003626E-02  -8.5941165E+01
   1.8562419E-02  -8.8143667E-02  -8.5843893E+01
   1.8805643E-02  -8.9298422E-02  -8.5745627E+01
   1.9052008E-02  -9.0468080E-02  -8.5646357E+01
   1.9301555E-02  -9.1652834E-02  -8.5546078E+01
   1.9554324E-02  -9.2852879E-02  -8.5444780E+01
   1.9810357E-02  -9.4068412E-02  -8.5342455E+01
   2.0069697E-02  -9.5299631E-02  -8.5239098E+01
   2.0332385E-02  -9.6546740E-02  -8.5134698E+01
   2.0598465E-02  -9.7809943E-02  -8.5029249E+01
   2.0867982E-02  -9.9089448E-02  -8.4922742E+01
   2.1140978E-02  -1.0038546E-01  -8.4815170E+01
   2.1417500E-02  -1.0169821E-01  -8.4706524E+01
   2.1697593E-02  -1.0302789E-01  -8.4596797E+01
   2.1981302E-02  -1.0437473E-01  -8.4485979E+01
   2.2268675E-02  -1.0573895E-01  -8.4374065E+01
   2.2559759E-02  -1.0712077E-01  -8.4261044E+01
   2.2854602E-02  -1.0852042E-01  -8.4146909E+01
   2.3153252E-02  -1.0993813E-01  -8.4031652E+01
   2.3455759E-02  -1.1137414E-01  -8.3915264E+01
   2.3762172E-02  -1.1282867E-01  -8.3797737E+01
   2.4072542E-02  -1.1430197E-01  -8.3679063E+01
   2.4386919E-02  -1.1579428E-01  -8.3559234E+01
   2.4705356E-02  -1.1730584E-01  -8.3438240E+01
   2.5027906E-02  -1.1883691E-01  -8.3316074E+01
   2.5354620E-02  -1.2038772E-01  -8.3192728E+01
   2.5685553E-02  -1.2195855E-01  -8.3068192E+01
   2.6020760E-02  -1.2354963E-01  -8.2942457E+01
   2.6360295E-02  -1.2516125E-01  -8.2815517E+01
   2.6704215E-02  -1.2679365E-01  -8.2687361E+01
   2.7052576E-02  -1.2844711E-01  -8.2557980E+01
   2.7405435E-02  -1.3012189E-01  -8.2427367E+01
   2.7762851E-02  -1.3181829E-01  -8.2295512E+01
   2.8124882E-02  -1.3353656E-01  -8.2162407E+01
   2.8491588E-02  -1.3527699E-01  -8.2028041E+01
   2.8863029E-02  -1.3703987E-01  -8.1892406E+01
   2.9239267E-02  -1.3882549E-01  -8.1755493E+01
   2.9620363E-02  -1.4063413E-01  -8.1617293E+01
   3.0006381E-02  -1.4246610E-01  -8.1477795E+01
   3.0397383E-02  -1.4432170E-01  -8.1336991E+01
   3.0793434E-02  -1.4620123E-01  -8.1194870E+01
   3.1194600E-02  -1.4810499E-01  -8.1051424E+01
   3.1600946E-02  -1.5003330E-01  -8.0906642E+01
   3.2012539E-02  -1.5198647E-01  -8.0760514E+01
   3.2429447E-02  -1.5396483E-01  -8.0613032E+01
   3.2851738E-02  -1.5596869E-01  -8.0464184E+01
   3.3279483E-02  -1.5799839E-01  -8.0313961E+01
   3.3712751E-02  -1.6005425E-01  -8.0162354E+01
   3.4151614E-02  -1.6213662E-01  -8.0009353E+01
   3.4596144E-02  -1.6424583E-01  -7.9854950E+01
   3.5046415E-02  -1.6638223E-01  -7.9699135E+01
   3.5502500E-02  -1.6854617E-01  -7.9541900E+01
   3.5964474E-02  -1.7073800E-01  -7.9383239E+01
   3.6432414E-02  -1.7295808E-01  -7.9223143E+01
   3.6906397E-02  -1.7520677E-01  -7.9061608E+01
   3.7386500E-02  -1.7748444E-01  -7.8898628E+01
   3.7872803E-02  -1.7979146E-01  -7.8734201E+01
   3.8365385E-02  -1.8212821E-01  -7.8568323E+01
   3.8864328E-02  -1.8449507E-01  -7.8400995E+01
   3.9369715E-02  -1.8689242E-01  -7.8232218E+01
   3.9881627E-02  -1.8932066E-01  -7.8061995E+01
   4.0400150E-02  -1.9178018E-01  -7.7890331E+01
   4.0925368E-02  -1.9427139E-01  -7.7717233E+01
   4.1457369E-02  -1.9679468E-01  -7.7542712E+01
   4.1996239E-02  -1.9935048E-01  -7.7366778E+01
   4.2542068E-02  -2.0193920E-01  -7.7189446E+01
   4.3094946E-02  -2.0456125E-01  -7.7010730E+01
   4.3654963E-02  -2.0721707E-01  -7.6830649E+01
   4.4222211E-02  -2.0990709E-01  -7.6649220E+01
   4.4796784E-02  -2.1263174E-01  -7.6466463E+01
   4.5378777E-02  -2.1539147E-01  -7.6282399E+01
   4.5968286E-02  -2.1818674E-01  -7.6097048E+01
   4.6565406E-02  -2.2101798E-01  -7.5910431E+01
   4.7170238E-02  -2.2388567E-01  -7.5722567E+01
   4.7782879E-02  -2.2679027E-01  -7.5533474E+01
   4.8403432E-02  -2.2973225E-01  -7.5343170E+01
   4.9031998E-02  -2.3271208E-01  -7.5151666E+01
   4.9668681E-02  -2.3573026E-01  -7.4958976E+01
   5.0313586E-02  -2.3878728E-01  -7.4765107E+01
   5.0966818E-02  -2.4188362E-01  -7.4570064E+01
   5.1628486E-02  -2.4501979E-01  -7.4373847E+01
   5.2298697E-02  -2.4819630E-01  -7.4176454E+01
   5.2977564E-02  -2.5141366E-01  -7.3977877E+01
   5.3665196E-02  -2.5467240E-01  -7.3778107E+01
   5.4361708E-02  -2.5797304E-01  -7.3577129E+01
   5.5067215E-02  -2.6131611E-01  -7.3374924E+01
   5.5781831E-02  -2.6470216E-01  -7.3171473E+01
   5.6505676E-02  -2.6813174E-01  -7.2966750E+01
   5.7238867E-02  -2.7160539E-01  -7.2760729E+01
   5.7981527E-02  -2.7512369E-01  -7.2553383E+01
   5.8733776E-02  -2.7868718E-01  -7.2344680E+01
   5.9495740E-02  -2.8229647E-01  -7.2134589E+01
   6.0267542E-02  -2.8595211E-01  -7.1923079E+01
   6.1049312E-02  -2.8965471E-01  -7.1710119E+01
   6.1841176E-02  -2.9340486E-01  -7.1495677E+01
   6.2643266E-02  -2.9720316E-01  -7.1279723E+01
   6.3455713E-02  -3.0105022E-01  -7.1062228E+01
   6.4278652E-02  -3.0494667E-01  -7.0843166E+01
   6.5112217E-02  -3.0889312E-01  -7.0622510E+01
   6.5956546E-02  -3.1289022E-01  -7.0400239E+01
   6.6811778E-02  -3.1693861E-01  -7.0176331E+01
   6.7678054E-02  -3.2103892E-01  -6.9950768E+01
   6.8555516E-02  -3.2519183E-01  -6.9723534E+01
   6.9444310E-02  -3.2939799E-01  -6.9494616E+01
   7.0344580E-02  -3.3365808E-01  -6.9264001E+01
   7.1256475E-02  -3.3797278E-01  -6.9031681E+01
   7.2180146E-02  -3.4234278E-01  -6.8797648E+01
   7.3115745E-02  -3.4676877E-01  -6.8561897E+01
   7.4063425E-02  -3.5125147E-01  -6.8324425E+01
   7.5023342E-02  -3.5579159E-01  -6.8085230E+01
   7.5995656E-02  -3.6038985E-01  -6.7844313E+01
   7.6980524E-02  -3.6504698E-01  -6.7601673E+01
   7.7978111E-02  -3.6976372E-01  -6.7357315E+01
   7.8988579E-02  -3.7454082E-01  -6.7111242E+01
   8.0012096E-02  -3.7937905E-01  -6.6863460E+01
   8.1048830E-02  -3.8427916E-01  -6.6613975E+01
   8.2098951E-02  -3.8924193E-01  -6.6362793E+01
   8.3162632E-02  -3.9426815E-01  -6.6109924E+01
   8.4240050E-02  -3.9935862E-01  -6.5855375E+01
   8.5331379E-02  -4.0451413E-01  -6.5599157E+01
   8.6436802E-02  -4.0973549E-01  -6.5341278E+01
   8.7556499E-02  -4.1502354E-01  -6.5081750E+01
   8.8690654E-02  -4.2037911E-01  -6.4820583E+01
   8.9839456E-02  -4.2580303E-01  -6.4557787E+01
   9.1003091E-02  -4.3129615E-01  -6.4293375E+01
   9.2181754E-02  -4.3685934E-01  -6.4027358E+01
   9.3375636E-02  -4.4249347E-01  -6.3759745E+01
   9.4584935E-02  -4.4819942E-01  -6.3490550E+01
   9.5809850E-02  -4.5397807E-01  -6.3219782E+01
   9.7050582E-02  -4.5983034E-01  -6.2947453E+01
   9.8307337E-02  -4.6575713E-01  -6.2673573E+01
   9.9580320E-02  -4.7175936E-01  -6.2398154E+01
   1.0086974E-01  -4.7783796E-01  -6.2121205E+01
   1.0217581E-01  -4.8399388E-01  -6.1842736E+01
   1.0349875E-01  -4.9022807E-01  -6.1562758E+01
   1.0483877E-01  -4.9654148E-01  -6.1281279E+01
   1.0619609E-01  -5.0293510E-01  -6.0998309E+01
   1.0757095E-01  -5.0940991E-01  -6.0713857E+01
   1.0896355E-01  -5.1596690E-01  -6.0427931E+01
   1.1037414E-01  -5.2260708E-01  -6.0140540E+01
   1.1180294E-01  -5.2933146E-01  -5.9851692E+01
   1.1325020E-01  -5.3614107E-01  -5.9561394E+01
   1.1471614E-01  -5.4303695E-01  -5.9269655E+01
   1.1620101E-01  -5.5002014E-01  -5.8976482E+01
   1.1770506E-01  -5.5709172E-01  -5.8681884E+01
   1.1922853E-01  -5.6425274E-01  -5.8385866E+01
   1.2077167E-01  -5.7150429E-01  -5.8088437E+01
   1.2233474E-01  -5.7884746E-01  -5.7789605E+01
   1.2391799E-01  -5.8628336E-01  -5.7489376E+01
   1.2552169E-01  -5.9381310E-01  -5.7187760E+01
   1.2714609E-01  -6.0143781E-01  -5.6884763E+01
   1.2879147E-01  -6.0915862E-01  -5.6580393E+01
   1.3045810E-01  -6.1697670E-01  -5.6274659E+01
   1.3214625E-01  -6.2489318E-01  -5.5967569E+01
   1.3385620E-01  -6.3290926E-01  -5.5659133E+01
   1.3558824E-01  -6.4102610E-01  -5.5349359E+01
   1.3734263E-01  -6.4924491E-01  -5.5038256E+01
   1.3911968E-01  -6.5756689E-01  -5.4725837E+01
   1.4091968E-01  -6.6599326E-01  -5.4412111E+01
   1.4274293E-01  -6.7452523E-01  -5.4097092E+01
   1.4458971E-01  -6.8316406E-01  -5.3780795E+01
   1.4646035E-01  -6.9191100E-01  -5.3463235E+01
   1.4835514E-01  -7.0076730E-01  -5.3144433E+01
   1.5027439E-01  -7.0973423E-01  -5.2824411E+01
   1.5221844E-01  -7.1881308E-01  -5.2503196E+01
   1.5418758E-01  -7.2800515E-01  -5.2180823E+01
   1.5618215E-01  -7.3731173E-01  -5.1857331E+01
   1.5820248E-01  -7.4673415E-01  -5.1532767E+01
   1.6024890E-01  -7.5627372E-01  -5.1207187E+01
   1.6232175E-01  -7.6593180E-01  -5.0880659E+01
   1.6442136E-01  -7.7570972E-01  -5.0553258E+01
   1.6654808E-01  -7.8560883E-01  -5.0225073E+01
   1.6870227E-01  -7.9563052E-01  -4.9896203E+01
   1.7088427E-01  -8.0577616E-01  -4.9566756E+01
   1.7309445E-01  -8.1604713E-01  -4.9236851E+01
   1.7533317E-01  -8.2644483E-01  -4.8906614E+01
   1.7760080E-01  -8.3697067E-01  -4.8576172E+01
   1.7989771E-01  -8.4762606E-01  -4.8245656E+01
   1.8222428E-01  -8.5841243E-01  -4.7915190E+01
   1.8458090E-01  -8.6933122E-01  -4.7584891E+01
   1.8696795E-01  -8.8038386E-01  -4.7254859E+01
   1.8938582E-01  -8.9157181E-01  -4.6925178E+01
   1.9183491E-01  -9.0289652E-01  -4.6595905E+01
   1.9431563E-01  -9.1435946E-01  -4.6267070E+01
   1.9682838E-01  -9.2596210E-01  -4.5938670E+01
   1.9937358E-01  -9.3770593E-01  -4.5610672E+01
   2.0195165E-01  -9.4959243E-01  -4.5283012E+01
   2.0456301E-01  -9.6162310E-01  -4.4955601E+01
   2.0720809E-01  -9.7379943E-01  -4.4628330E+01
   2.0988732E-01  -9.8612293E-01  -4.4301078E+01
   2.1260115E-01  -9.9859511E-01  -4.3973725E+01
   2.1535003E-01  -1.0112175E+00  -4.3646157E+01
   2.1813440E-01  -1.0239916E+00  -4.3318277E+01
   2.2095473E-01  -1.0369189E+00  -4.2990008E+01
   2.2381148E-01  -1.0500009E+00  -4.2661300E+01
   2.2670512E-01  -1.0632393E+00  -4.2332126E+01
   2.2963612E-01  -1.0766355E+00  -4.2002484E+01
   2.3260497E-01  -1.0901910E+00  -4.1672393E+01
   2.3561216E-01  -1.1039073E+00  -4.1341885E+01
   2.3865818E-01  -1.1177861E+00  -4.1011007E+01
   2.4174354E-01  -1.1318288E+00  -4.0679809E+01
   2.4486873E-01  -1.1460369E+00  -4.0348349E+01
   2.4803429E-01  -1.1604120E+00  -4.0016684E+01
   2.5124072E-01  -1.1749556E+00  -3.9684871E+01
   2.5448855E-01  -1.1896692E+00  -3.9352966E+01
   2.5777833E-01  -1.2045543E+00  -3.9021023E+01
   2.6111058E-01  -1.2196124E+00  -3.8689096E+01
   2.6448587E-01  -1.2348450E+00  -3.8357237E+01
   2.6790474E-01  -1.2502536E+00  -3.8025500E+01
   2.7136776E-01  -1.2658397E+00  -3.7693937E+01
   2.7487550E-01  -1.2816047E+00  -3.7362604E+01
   2.7842853E-01  -1.2975500E+00  -3.7031556E+01
   2.8202745E-01  -1.3136772E+00  -3.6700852E+01
   2.8567284E-01  -1.3299876E+00  -3.6370551E+01
   2.8936530E-01  -1.3464826E+00  -3.6040713E+01
   2.9310545E-01  -1.3631637E+00  -3.5711401E+01
   2.9689389E-01  -1.3800321E+00  -3.5382677E+01
   3.0073125E-01  -1.3970892E+00  -3.5054601E+01
   3.0461816E-01  -1.4143364E+00  -3.4727236E+01
   3.0855527E-01  -1.4317750E+00  -3.4400640E+01
   3.1254322E-01  -1.4494061E+00  -3.4074872E+01
   3.1658266E-01  -1.4672311E+00  -3.3749984E+01
   3.2067426E-01  -1.4852512E+00  -3.3426030E+01
   3.2481871E-01  -1.5034675E+00  -3.3103057E+01
   3.2901667E-01  -1.5218812E+00  -3.2781107E+01
   3.3326883E-01  -1.5404933E+00  -3.2460222E+01
   3.3757591E-01  -1.5593050E+00  -3.2140434E+01
   3.4193861E-01  -1.5783172E+00  -3.1821775E+01
   3.4635764E-01  -1.5975310E+00  -3.1504270E+01
   3.5083373E-01  -1.6169472E+00  -3.1187938E+01
   3.5536763E-01  -1.6365668E+00  -3.0872795E+01
   3.5996007E-01  -1.6563905E+00  -3.0558851E+01
   3.6461181E-01  -1.6764191E+00  -3.0246114E+01
   3.6932363E-01  -1.6966534E+00  -2.9934586E+01
   3.7409628E-01  -1.7170940E+00  -2.9624264E+01
   3.7893057E-01  -1.7377414E+00  -2.9315144E+01
   3.8382729E-01  -1.7585962E+00  -2.9007219E+01
   3.8878723E-01  -1.7796588E+00  -2.8700477E+01
   3.9381123E-01  -1.8009295E+00  -2.8394908E+01
   3.9890010E-01  -1.8224087E+00  -2.8090498E+01
   4.0405468E-01  -1.8440965E+00  -2.7787234E+01
   4.0927583E-01  -1.8659931E+00  -2.7485102E+01
   4.1456439E-01  -1.8880984E+00  -2.7184089E+01
   4.1992125E-01  -1.9104124E+00  -2.6884183E+01
   4.2534728E-01  -1.9329348E+00  -2.6585373E+01
   4.3084338E-01  -1.9556655E+00  -2.6287650E+01
   4.3641046E-01  -1.9786039E+00  -2.5991005E+01
   4.4204942E-01  -2.0017495E+00  -2.5695432E+01
   4.4776119E-01  -2.0251017E+00  -2.5400922E+01
   4.5354673E-01  -2.0486598E+00  -2.5107468E+01
   4.5940697E-01  -2.0724227E+00  -2.4815059E+01
   4.6534289E-01  -2.0963895E+00  -2.4523681E+01
   4.7135546E-01  -2.1205590E+00  -2.4233314E+01
   4.7744567E-01  -2.1449298E+00  -2.3943930E+01
   4.8361453E-01  -2.1695004E+00  -2.3655492E+01
   4.8986304E-01  -2.1942691E+00  -2.3367954E+01
   4.9619224E-01  -2.2192342E+00  -2.3081257E+01
   5.0260317E-01  -2.2443935E+00  -2.2795335E+01
   5.0909689E-01  -2.2697448E+00  -2.2510117E+01
   5.1567446E-01  -2.2952858E+00  -2.2225534E+01
   5.2233697E-01  -2.3210139E+00  -2.1941532E+01
   5.2908552E-01  -2.3469262E+00  -2.1658085E+01
   5.3592120E-01  -2.3730197E+00  -2.1375212E+01
   5.4284516E-01  -2.3992911E+00  -2.1093005E+01
   5.4985853E-01  -2.4257370E+00  -2.0811645E+01
   5.5696246E-01  -2.4523536E+00  -2.0531428E+01
   5.6415813E-01  -2.4791369E+00  -2.0252772E+01
   5.7144672E-01  -2.5060827E+00  -1.9976224E+01
   5.7882942E-01  -2.5331864E+00  -1.9702438E+01
   5.8630746E-01  -2.5604432E+00  -1.9432136E+01
   5.9388206E-01  -2.5878481E+00  -1.9166046E+01
   6.0155448E-01  -2.6153955E+00  -1.8904825E+01
   6.0932597E-01  -2.6430799E+00  -1.8648957E+01
   6.1719781E-01  -2.6708951E+00  -1.8398671E+01
   6.2517131E-01  -2.6988347E+00  -1.8153868E+01
   6.3324777E-01  -2.7268921E+00  -1.7914102E+01
   6.4142852E-01  -2.7550601E+00  -1.7678607E+01
   6.4971491E-01  -2.7833313E+00  -1.7446390E+01
   6.5810830E-01  -2.8116978E+00  -1.7216368E+01
   6.6661008E-01  -2.8401514E+00  -1.6987514E+01
   6.7522165E-01  -2.8686834E+00  -1.6758976E+01
   6.8394441E-01  -2.8972847E+00  -1.6530150E+01
   6.9277982E-01  -2.9259458E+00  -1.6300701E+01
   7.0172931E-01  -2.9546568E+00  -1.6070522E+01
   7.1079438E-01  -2.9834072E+00  -1.5839686E+01
   7.1997650E-01  -3.0121861E+00  -1.5608377E+01
   7.2927719E-01  -3.0409822E+00  -1.5376831E+01
   7.3869799E-01  -3.0697834E+00  -1.5145299E+01
   7.4824043E-01  -3.0985774E+00  -1.4914015E+01
   7.5790610E-01  -3.1273511E+00  -1.4683186E+01
   7.6769659E-01  -3.1560912E+00  -1.4452981E+01
   7.7761349E-01  -3.1847834E+00  -1.4223539E+01
   7.8765846E-01  -3.2134131E+00  -1.3994967E+01
   7.9783314E-01  -3.2419651E+00  -1.3767347E+01
   8.0813921E-01  -3.2704234E+00  -1.3540746E+01
   8.1857836E-01  -3.2987716E+00  -1.3315218E+01
   8.2915231E-01  -3.3269924E+00  -1.3090811E+01
   8.3986281E-01  -3.3550681E+00  -1.2867573E+01
   8.5071161E-01  -3.3829801E+00  -1.2645550E+01
   8.6170051E-01  -3.4107094E+00  -1.2424796E+01
   8.7283131E-01  -3.4382359E+00  -1.2205369E+01
   8.8410584E-01  -3.4655390E+00  -1.1987333E+01
   8.9552596E-01  -3.4925975E+00  -1.1770757E+01
   9.0709355E-01  -3.5193891E+00  -1.1555717E+01
   9.1881051E-01  -3.5458910E+00  -1.1342293E+01
   9.3067878E-01  -3.5720795E+00  -1.1130567E+01
   9.4270030E-01  -3.5979301E+00  -1.0920625E+01
   9.5487706E-01  -3.6234177E+00  -1.0712553E+01
   9.6721106E-01  -3.6485159E+00  -1.0506437E+01
   9.7970433E-01  -3.6731981E+00  -1.0302362E+01
   9.9235893E-01  -3.6974362E+00  -1.0100411E+01
   1.0051769E+00  -3.7212017E+00  -9.9006632E+00
   1.0181605E+00  -3.7444651E+00  -9.7031957E+00
   1.0313117E+00  -3.7671958E+00  -9.5080810E+00
   1.0446327E+00  -3.7893628E+00  -9.3153873E+00
   1.0581257E+00  -3.8109336E+00  -9.1251785E+00
   1.0717930E+00  -3.8318753E+00  -8.9375133E+00
   1.0856367E+00  -3.8521538E+00  -8.7524459E+00
   1.0996592E+00  -3.8717342E+00  -8.5700254E+00
   1.1138628E+00  -3.8905807E+00  -8.3902959E+00
   1.1282498E+00  -3.9086564E+00  -8.2132965E+00
   1.1428226E+00  -3.9259238E+00  -8.0390617E+00
   1.1575836E+00  -3.9423442E+00  -7.8676211E+00
   1.1725352E+00  -3.9578782E+00  -7.6989998E+00
   1.1876798E+00  -3.9724855E+00  -7.5332183E+00
   1.2030200E+00  -3.9861247E+00  -7.3702931E+00
   1.2185583E+00  -3.9987538E+00  -7.2102363E+00
   1.2342973E+00  -4.0103299E+00  -7.0530563E+00
   1.2502395E+00  -4.0208091E+00  -6.8987575E+00
   1.2663876E+00  -4.0301470E+00  -6.7473410E+00
   1.2827441E+00  -4.0382982E+00  -6.5988045E+00
   1.2993119E+00  -4.0452168E+00  -6.4531424E+00
   1.3160937E+00  -4.0508560E+00  -6.3103462E+00
   1.3330921E+00  -4.0551685E+00  -6.1704046E+00
   1.3503101E+00  -4.0581066E+00  -6.0333037E+00
   1.3677504E+00  -4.0596218E+00  -5.8990271E+00
   1.3854159E+00  -4.0596653E+00  -5.7675560E+00
   1.4033095E+00  -4.0581882E+00  -5.6388696E+00
   1.4214341E+00  -4.0551411E+00  -5.5129452E+00
   1.4397929E+00  -4.0504745E+00  -5.3897580E+00
   1.4583887E+00  -4.0441390E+00  -5.2692816E+00
   1.4772246E+00  -4.0360853E+00  -5.1514881E+00
   1.4963037E+00  -4.0262645E+00  -5.0363480E+00
   1.5156293E+00  -4.0146279E+00  -4.9238305E+00
   1.5352043E+00  -4.0011279E+00  -4.8139034E+00
   1.5550322E+00  -3.9857174E+00  -4.7065335E+00
   1.5751161E+00  -3.9683506E+00  -4.6016864E+00
   1.5954593E+00  -3.9489831E+00  -4.4993268E+00
   1.6160653E+00  -3.9275722E+00  -4.3994185E+00
   1.6369373E+00  -3.9040773E+00  -4.3019242E+00
   1.6580788E+00  -3.8784602E+00  -4.2068061E+00
   1.6794934E+00  -3.8506855E+00  -4.1140255E+00
   1.7011845E+00  -3.8207213E+00  -4.0235433E+00
   1.7231557E+00  -3.7885395E+00  -3.9353195E+00
   1.7454106E+00  -3.7541164E+00  -3.8493138E+00
   1.7679528E+00  -3.7174337E+00  -3.7654853E+00
   1.7907862E+00  -3.6784787E+00  -3.6837928E+00
   1.8139144E+00  -3.6372455E+00  -3.6041946E+00
   1.8373413E+00  -3.5937359E+00  -3.5266488E+00
   1.8610707E+00  -3.5479603E+00  -3.4511132E+00
   1.8851065E+00  -3.4999391E+00  -3.3775454E+00
   1.9094527E+00  -3.4497035E+00  -3.3059028E+00
   1.9341133E+00  -3.3972975E+00  -3.2361426E+00
   1.9590923E+00  -3.3427791E+00  -3.1682223E+00
   1.9843939E+00  -3.2862222E+00  -3.1020990E+00
   2.0100222E+00  -3.2277185E+00  -3.0377299E+00
   2.0359815E+00  -3.1673799E+00  -2.9750725E+00
   2.0622760E+00  -3.1053405E+00  -2.9140841E+00
   2.0889100E+00  -3.0417600E+00  -2.8547224E+00
   2.1158879E+00  -2.9768257E+00  -2.7969453E+00
   2.1432142E+00  -2.9107567E+00  -2.7407108E+00
   2.1708934E+00  -2.8438071E+00  -2.6859772E+00
   2.1989300E+00  -2.7762700E+00  -2.6327033E+00
   2.2273287E+00  -2.7084823E+00  -2.5808481E+00
   2.2560940E+00  -2.6408292E+00  -2.5303710E+00
   2.2852308E+00  -2.5737495E+00  -2.4812320E+00
   2.3147439E+00  -2.5077419E+00  -2.4333913E+00
   2.3446381E+00  -2.4433714E+00  -2.3868100E+00
   2.3749183E+00  -2.3812756E+00  -2.3414494E+00
   2.4055895E+00  -2.3221734E+00  -2.2972715E+00
   2.4366567E+00  -2.2668725E+00  -2.2542390E+00
   2.4681252E+00  -2.2162786E+00  -2.2123151E+00
   2.5000000E+00  -2.1714636E+00  -2.1714636E+00
   2.5322864E+00  -2.1316493E+00  -2.1316493E+00
   2.5649897E+00  -2.0928375E+00  -2.0928375E+00
   2.5981154E+00  -2.0549942E+00  -2.0549942E+00
   2.6316688E+00  -2.0180863E+00  -2.0180863E+00
   2.6656554E+00  -1.9820815E+00  -1.9820815E+00
   2.7000810E+00  -1.9469482E+00  -1.9469482E+00
   2.7349511E+00  -1.9126559E+00  -1.9126559E+00
   2.7702714E+00  -1.8791747E+00  -1.8791747E+00
   2.8060479E+00  -1.8464757E+00  -1.8464757E+00
   2.8422863E+00  -1.8145310E+00  -1.8145310E+00
   2.8789928E+00  -1.7833137E+00  -1.7833137E+00
   2.9161732E+00  -1.7527976E+00  -1.7527976E+00
   2.9538337E+00  -1.7229579E+00  -1.7229579E+00
   2.9919805E+00  -1.6937707E+00  -1.6937707E+00
   3.0306199E+00  -1.6652131E+00  -1.6652131E+00
   3.0697583E+00  -1.6372635E+00  -1.6372635E+00
   3.1094021E+00  -1.6099014E+00  -1.6099014E+00
   3.1495578E+00  -1.5831075E+00  -1.5831075E+00
   3.1902321E+00  -1.5568637E+00  -1.5568637E+00
   3.2314316E+00  -1.5311532E+00  -1.5311532E+00
   3.2731631E+00  -1.5059607E+00  -1.5059607E+00
   3.3154334E+00  -1.4812719E+00  -1.4812719E+00
   3.3582497E+00  -1.4570741E+00  -1.4570741E+00
   3.4016188E+00  -1.4333558E+00  -1.4333558E+00
   3.4455479E+00  -1.4101071E+00  -1.4101071E+00
   3.4900444E+00  -1.3873192E+00  -1.3873192E+00
   3.5351154E+00  -1.3649848E+00  -1.3649848E+00
   3.5807684E+00  -1.3430977E+00  -1.3430977E+00
   3.6270109E+00  -1.3216531E+00  -1.3216531E+00
   3.6738506E+00  -1.3006473E+00  -1.3006473E+00
   3.7212951E+00  -1.2800776E+00  -1.2800776E+00
   3.7693523E+00  -1.2599425E+00  -1.2599425E+00
   3.8180301E+00  -1.2402409E+00  -1.2402409E+00
   3.8673364E+00  -1.2209728E+00  -1.2209728E+00
   3.9172794E+00  -1.2021385E+00  -1.2021385E+00
   3.9678674E+00  -1.1837386E+00  -1.1837386E+00
   4.0191086E+00  -1.1657739E+00  -1.1657739E+00
   4.0710115E+00  -1.1482452E+00  -1.1482452E+00
   4.1235846E+00  -1.1311529E+00  -1.1311529E+00
   4.1768366E+00  -1.1144971E+00  -1.1144971E+00
   4.2307763E+00  -1.0982770E+00  -1.0982770E+00
   4.2854125E+00  -1.0824910E+00  -1.0824910E+00
   4.3407542E+00  -1.0671364E+00  -1.0671364E+00
   4.3968105E+00  -1.0522090E+00  -1.0522090E+00
   4.4535907E+00  -1.0377033E+00  -1.0377033E+00
   4.5111042E+00  -1.0236119E+00  -1.0236119E+00
   4.5693603E+00  -1.0099257E+00  -1.0099257E+00
   4.6283687E+00  -9.9663364E-01  -9.9663364E-01
   4.6881390E+00  -9.8372256E-01  -9.8372256E-01
   4.7486812E+00  -9.7117714E-01  -9.7117714E-01
   4.8100052E+00  -9.5897990E-01  -9.5897990E-01
   4.8721210E+00  -9.4711119E-01  -9.4711119E-01
   4.9350390E+00  -9.3554920E-01  -9.3554920E-01
   4.9987695E+00  -9.2427006E-01  -9.2427006E-01
   5.0633229E+00  -9.1324794E-01  -9.1324794E-01
   5.1287099E+00  -9.0245519E-01  -9.0245519E-01
   5.1949412E+00  -8.9186255E-01  -8.9186255E-01
   5.2620278E+00  -8.8143939E-01  -8.8143939E-01
   5.3299807E+00  -8.7115396E-01  -8.7115396E-01
   5.3988111E+00  -8.6097369E-01  -8.6097369E-01
   5.4685303E+00  -8.5086555E-01  -8.5086555E-01
   5.5391498E+00  -8.4079639E-01  -8.4079639E-01
   5.6106812E+00  -8.3073331E-01  -8.3073331E-01
   5.6831363E+00  -8.2064407E-01  -8.2064407E-01
   5.7565271E+00  -8.1049746E-01  -8.1049746E-01
   5.8308655E+00  -8.0026370E-01  -8.0026370E-01
   5.9061639E+00  -7.8991479E-01  -7.8991479E-01
   5.9824346E+00  -7.7942492E-01  -7.7942492E-01
   6.0596903E+00  -7.6877071E-01  -7.6877071E-01
   6.1379435E+00  -7.5793155E-01  -7.5793155E-01
   6.2172072E+00  -7.4688982E-01  -7.4688982E-01
   6.2974945E+00  -7.3563107E-01  -7.3563107E-01
   6.3788186E+00  -7.2414416E-01  -7.2414416E-01
   6.4611927E+00  -7.1242133E-01  -7.1242133E-01
   6.5446306E+00  -7.0045824E-01  -7.0045824E-01
   6.6291460E+00  -6.8825390E-01  -6.8825390E-01
   6.7147527E+00  -6.7581061E-01  -6.7581061E-01
   6.8014649E+00  -6.6313382E-01  -6.6313382E-01
   6.8892967E+00  -6.5023191E-01  -6.5023191E-01
   6.9782628E+00  -6.3711603E-01  -6.3711603E-01
   7.0683777E+00  -6.2379983E-01  -6.2379983E-01
   7.1596563E+00  -6.1029915E-01  -6.1029915E-01
   7.2521136E+00  -5.9663181E-01  -5.9663181E-01
   7.3457648E+00  -5.8281724E-01  -5.8281724E-01
   7.4406253E+00  -5.6887625E-01  -5.6887625E-01
   7.5367107E+00  -5.5483067E-01  -5.5483067E-01
   7.6340370E+00  -5.4070314E-01  -5.4070314E-01
   7.7326200E+00  -5.2651677E-01  -5.2651677E-01
   7.8324760E+00  -5.1229492E-01  -5.1229492E-01
   7.9336215E+00  -4.9806099E-01  -4.9806099E-01
   8.0360731E+00  -4.8383816E-01  -4.8383816E-01
   8.1398477E+00  -4.6964922E-01  -4.6964922E-01
   8.2449623E+00  -4.5551642E-01  -4.5551642E-01
   8.3514343E+00  -4.4146129E-01  -4.4146129E-01
   8.4592812E+00  -4.2750455E-01  -4.2750455E-01
   8.5685207E+00  -4.1366598E-01  -4.1366598E-01
   8.6791709E+00  -3.9996439E-01  -3.9996439E-01
   8.7912499E+00  -3.8641747E-01  -3.8641747E-01
   8.9047762E+00  -3.7304184E-01  -3.7304184E-01
   9.0197684E+00  -3.5985296E-01  -3.5985296E-01
   9.1362456E+00  -3.4686511E-01  -3.4686511E-01
   9.2542269E+00  -3.3409144E-01  -3.3409144E-01
   9.3737317E+00  -3.2154391E-01  -3.2154391E-01
   9.4947796E+00  -3.0923334E-01  -3.0923334E-01
   9.6173907E+00  -2.9716944E-01  -2.9716944E-01
   9.7415851E+00  -2.8536080E-01  -2.8536080E-01
   9.8673832E+00  -2.7381497E-01  -2.7381497E-01
   9.9948058E+00  -2.6253845E-01  -2.6253845E-01
   1.0123874E+01  -2.5153678E-01  -2.5153678E-01
   1.0254608E+01  -2.4081454E-01  -2.4081454E-01
   1.0387031E+01  -2.3037540E-01  -2.3037540E-01
   1.0521164E+01  -2.2022221E-01  -2.2022221E-01
   1.0657029E+01  -2.1035697E-01  -2.1035697E-01
   1.0794648E+01  -2.0078095E-01  -2.0078095E-01
   1.0934045E+01  -1.9149469E-01  -1.9149469E-01
   1.1075241E+01  -1.8249803E-01  -1.8249803E-01
   1.1218261E+01  -1.7379022E-01  -1.7379022E-01
   1.1363128E+01  -1.6536989E-01  -1.6536989E-01
   1.1509865E+01  -1.5723514E-01  -1.5723514E-01
   1.1658497E+01  -1.4938355E-01  -1.4938355E-01
   1.1809049E+01  -1.4181222E-01  -1.4181222E-01
   1.1961545E+01  -1.3451784E-01  -1.3451784E-01
   1.2116009E+01  -1.2749669E-01  -1.2749669E-01
   1.2272469E+01  -1.2074469E-01  -1.2074469E-01
   1.2430949E+01  -1.1425741E-01  -1.1425741E-01
   1.2591475E+01  -1.0803015E-01  -1.0803015E-01
   1.2754074E+01  -1.0205791E-01  -1.0205791E-01
   1.2918773E+01  -9.6335474E-02  -9.6335474E-02
   1.3085599E+01  -9.0857389E-02  -9.0857389E-02
   1.3254578E+01  -8.5618024E-02  -8.5618024E-02
   1.3425740E+01  -8.0611582E-02  -8.0611582E-02
   1.3599113E+01  -7.5832123E-02  -7.5832123E-02
   1.3774723E+01  -7.1273590E-02  -7.1273590E-02
   1.3952602E+01  -6.6929829E-02  -6.6929829E-02
   1.4132778E+01  -6.2794607E-02  -6.2794607E-02
   1.4315280E+01  -5.8861635E-02  -5.8861635E-02
   1.4500139E+01  -5.5124583E-02  -5.5124583E-02
   1.4687385E+01  -5.1577099E-02  -5.1577099E-02
   1.4877049E+01  -4.8212825E-02  -4.8212825E-02
   1.5069162E+01  -4.5025411E-02  -4.5025411E-02
   1.5263756E+01  -4.2008533E-02  -4.2008533E-02
   1.5460863E+01  -3.9155902E-02  -3.9155902E-02
   1.5660515E+01  -3.6461282E-02  -3.6461282E-02
   1.5862745E+01  -3.3918495E-02  -3.3918495E-02
   1.6067587E+01  -3.1521440E-02  -3.1521440E-02
   1.6275073E+01  -2.9264099E-02  -2.9264099E-02
   1.6485239E+01  -2.7140547E-02  -2.7140547E-02
   1.6698119E+01  -2.5144961E-02  -2.5144961E-02
   1.6913748E+01  -2.3271629E-02  -2.3271629E-02
   1.7132162E+01  -2.1514956E-02  -2.1514956E-02
   1.7353395E+01  -1.9869472E-02  -1.9869472E-02
   1.7577486E+01  -1.8329837E-02  -1.8329837E-02
   1.7804470E+01  -1.6890848E-02  -1.6890848E-02
   1.8034386E+01  -1.5547440E-02  -1.5547440E-02
   1.8267270E+01  -1.4294696E-02  -1.4294696E-02
   1.8503162E+01  -1.3127843E-02  -1.3127843E-02
   1.8742099E+01  -1.2042260E-02  -1.2042260E-02
   1.8984122E+01  -1.1033480E-02  -1.1033480E-02
   1.9229271E+01  -1.0097189E-02  -1.0097189E-02
   1.9477585E+01  -9.2292282E-03  -9.2292282E-03
   1.9729106E+01  -8.4255957E-03  -8.4255957E-03
   1.9983874E+01  -7.6824452E-03  -7.6824452E-03
   2.0241932E+01  -6.9960861E-03  -6.9960861E-03
   2.0503323E+01  -6.3629828E-03  -6.3629828E-03
   2.0768089E+01  -5.7797531E-03  -5.7797531E-03
   2.1036274E+01  -5.2431666E-03  -5.2431666E-03
   2.1307922E+01  -4.7501429E-03  -4.7501429E-03
   2.1583078E+01  -4.2977489E-03  -4.2977489E-03
   2.1861788E+01  -3.8831965E-03  -3.8831965E-03
   2.2144096E+01  -3.5038391E-03  -3.5038391E-03
   2.2430049E+01  -3.1571688E-03  -3.1571688E-03
   2.2719696E+01  -2.8408128E-03  -2.8408128E-03
   2.3013082E+01  -2.5525296E-03  -2.5525296E-03
   2.3310257E+01  -2.2902052E-03  -2.2902052E-03
   2.3611270E+01  -2.0518492E-03  -2.0518492E-03
   2.3916169E+01  -1.8355904E-03  -1.8355904E-03
   2.4225006E+01  -1.6396728E-03  -1.6396728E-03
   2.4537830E+01  -1.4624510E-03  -1.4624510E-03
   2.4854695E+01  -1.3023861E-03  -1.3023861E-03
   2.5175651E+01  -1.1580408E-03  -1.1580408E-03
   2.5500751E+01  -1.0280754E-03  -1.0280754E-03
   2.5830050E+01  -9.1124326E-04  -9.1124326E-04
   2.6163601E+01  -8.0638603E-04  -8.0638603E-04
   2.6501459E+01  -7.1242959E-04  -7.1242959E-04
   2.6843680E+01  -6.2838089E-04  -6.2838089E-04
   2.7190320E+01  -5.5330701E-04  -5.5330701E-04
   2.7541436E+01  -4.8639321E-04  -4.8639321E-04
   2.7897087E+01  -4.5829969E-04  -4.5829969E-04
   2.8257330E+01  -4.0160006E-04  -4.0160006E-04
   2.8622224E+01  -3.5129768E-04  -3.5129768E-04
   2.8991831E+01  -3.0674044E-04  -3.0674044E-04
   2.9366211E+01  -2.6734543E-04  -2.6734543E-04
   2.9745425E+01  -2.3257911E-04  -2.3257911E-04
   3.0129535E+01  -2.0195507E-04  -2.0195507E-04
   3.0518606E+01  -1.7503103E-04  -1.7503103E-04
   3.0912701E+01  -1.5140537E-04  -1.5140537E-04
   3.1311885E+01  -1.3071418E-04  -1.3071418E-04
   3.1716224E+01  -1.1262877E-04  -1.1262877E-04
   3.2125784E+01  -9.6852348E-05  -9.6852348E-05
   3.2540633E+01  -8.3117848E-05  -8.3117848E-05
   3.2960838E+01  -7.1185472E-05  -7.1185472E-05
   3.3386470E+01  -6.0840030E-05  -6.0840030E-05
   3.3817598E+01  -5.1889270E-05  -5.1889270E-05
   3.4254294E+01  -4.4161597E-05  -4.4161597E-05
   3.4696628E+01  -3.7504072E-05  -3.7504072E-05
   3.5144675E+01  -3.1781025E-05  -3.1781025E-05
   3.5598507E+01  -2.6872113E-05  -2.6872113E-05
   3.6058199E+01  -2.2670398E-05  -2.2670398E-05
   3.6523828E+01  -1.9082698E-05  -1.9082698E-05
   3.6995469E+01  -1.6026616E-05  -1.6026616E-05
   3.7473201E+01  -1.3428554E-05  -1.3428554E-05
   3.7957102E+01  -1.1224688E-05  -1.1224688E-05
   3.8447251E+01  -9.3610363E-06  -9.3610363E-06
   3.8943730E+01  -7.7867199E-06  -7.7867199E-06
   3.9446620E+01  -6.4633498E-06  -6.4633498E-06
   3.9956004E+01  -5.3499517E-06  -5.3499517E-06
   4.0471965E+01  -4.4188009E-06  -4.4188009E-06
   4.0994589E+01  -3.6396839E-06  -3.6396839E-06
   4.1523962E+01  -2.9909376E-06  -2.9909376E-06
   4.2060171E+01  -2.4484478E-06  -2.4484478E-06
   4.2603304E+01  -1.9985484E-06  -1.9985484E-06
   4.3153451E+01  -1.6299054E-06  -1.6299054E-06
   4.3710702E+01  -1.3271628E-06  -1.3271628E-06
   4.4275148E+01  -1.0694661E-06  -1.0694661E-06
   4.4846883E+01  -8.7412964E-07  -8.7412964E-07
   4.5426002E+01  -6.9540432E-07  -6.9540432E-07
   4.6012598E+01  -5.6668576E-07  -5.6668576E-07
   4.6606769E+01  -4.3144342E-07  -4.3144342E-07
   4.7208613E+01  -3.8827424E-07  -3.8827424E-07
   4.7818229E+01   5.9654326E-10   5.9654326E-10
   4.8435717E+01   5.9286265E-10   5.9286265E-10
   4.9061178E+01   5.8903993E-10   5.8903993E-10
   4.9694716E+01   5.8533089E-10   5.8533089E-10
   5.0336435E+01   5.8149396E-10   5.8149396E-10
   5.0986441E+01   5.7764282E-10   5.7764282E-10
   5.1644840E+01   5.7389116E-10   5.7389116E-10
   5.2311741E+01   5.7002580E-10   5.7002580E-10
   5.2987254E+01   5.6611782E-10   5.6611782E-10
   5.3671491E+01   5.6230931E-10   5.6230931E-10
   5.4364562E+01   5.5837290E-10   5.5837290E-10
   5.5066584E+01   5.5445071E-10   5.5445071E-10
   5.5777671E+01   5.5059957E-10   5.5059957E-10
   5.6497940E+01   5.4663474E-10   5.4663474E-10
   5.7227510E+01   5.4265570E-10   5.4265570E-10
   5.7966501E+01   5.3871929E-10   5.3871929E-10
   5.8715035E+01   5.3472604E-10   5.3472604E-10
   5.9473235E+01   5.3077542E-10   5.3077542E-10
   6.0241225E+01   5.2672533E-10   5.2672533E-10
   6.1019133E+01   5.2261839E-10   5.2261839E-10
   6.1807086E+01   5.1862514E-10   5.1862514E-10
   6.2605214E+01   5.1454663E-10   5.1454663E-10
   6.3413648E+01   5.1042548E-10   5.1042548E-10
   6.4232522E+01   5.0637539E-10   5.0637539E-10
   6.5061970E+01   5.0219739E-10   5.0219739E-10
   6.5902129E+01   4.9803361E-10   4.9803361E-10
   6.6753137E+01   4.9394089E-10   4.9394089E-10
   6.7615134E+01   4.8973448E-10   4.8973448E-10
   6.8488262E+01   4.8548543E-10   4.8548543E-10
   6.9372665E+01   4.8133586E-10   4.8133586E-10
   7.0268488E+01   4.7702997E-10   4.7702997E-10
   7.1175880E+01   4.7279514E-10   4.7279514E-10
   7.2094988E+01   4.6846083E-10   4.6846083E-10
   7.3025965E+01   4.6405546E-10   4.6405546E-10
   7.3968964E+01   4.5976378E-10   4.5976378E-10
   7.4924141E+01   4.5534421E-10   4.5534421E-10
   7.5891651E+01   4.5089621E-10   4.5089621E-10
   7.6871655E+01   4.4653348E-10   4.4653348E-10
   7.7864314E+01   4.4204285E-10   4.4204285E-10
   7.8869792E+01   4.3750958E-10   4.3750958E-10
   7.9888253E+01   4.3309001E-10   4.3309001E-10
   8.0919866E+01   4.2851411E-10   4.2851411E-10
   8.1964800E+01   4.2392401E-10   4.2392401E-10
   8.3023228E+01   4.1939074E-10   4.1939074E-10
   8.4095323E+01   4.1471537E-10   4.1471537E-10
   8.5181262E+01   4.1004000E-10   4.1004000E-10
   8.6281224E+01   4.0542147E-10   4.0542147E-10
   8.7395391E+01   4.0066084E-10   4.0066084E-10
   8.8523944E+01   3.9599968E-10   3.9599968E-10
   8.9667071E+01   3.9123904E-10   3.9123904E-10
   9.0824959E+01   3.8644998E-10   3.8644998E-10
   9.1997800E+01   3.8168935E-10   3.8168935E-10
   9.3185785E+01   3.7682923E-10   3.7682923E-10
   9.4389111E+01   3.7194070E-10   3.7194070E-10
   9.5607975E+01   3.6708059E-10   3.6708059E-10
   9.6842579E+01   3.6210679E-10   3.6210679E-10
   9.8093126E+01   3.5711878E-10   3.5711878E-10
   9.9359821E+01   3.5217340E-10   3.5217340E-10
   1.0064287E+02   3.4711434E-10   3.4711434E-10
   1.0194249E+02   3.4198422E-10   3.4198422E-10
   1.0325890E+02   3.3689673E-10   3.3689673E-10
   1.0459230E+02   3.3175240E-10   3.3175240E-10
   1.0594292E+02   3.2662228E-10   3.2662228E-10
   1.0731098E+02   3.2137848E-10   3.2137848E-10
   1.0869671E+02   3.1607783E-10   3.1607783E-10
   1.1010033E+02   3.1081981E-10   3.1081981E-10
   1.1152207E+02   3.0543390E-10   3.0543390E-10
   1.1296218E+02   3.0004799E-10   3.0004799E-10
   1.1442088E+02   2.9469049E-10   2.9469049E-10
   1.1589842E+02   2.8924774E-10   2.8924774E-10
   1.1739503E+02   2.8370550E-10   2.8370550E-10
   1.1891098E+02   2.7827696E-10   2.7827696E-10
   1.2044650E+02   2.7269209E-10   2.7269209E-10
   1.2200185E+02   2.6705038E-10   2.6705038E-10
   1.2357728E+02   2.6143709E-10   2.6143709E-10
   1.2517305E+02   2.5568170E-10   2.5568170E-10
   1.2678944E+02   2.4998315E-10   2.4998315E-10
   1.2842669E+02   2.4415669E-10   2.4415669E-10
   1.3008509E+02   2.3827340E-10   2.3827340E-10
   1.3176490E+02   2.3243274E-10   2.3243274E-10
   1.3346640E+02   2.2649260E-10   2.2649260E-10
   1.3518988E+02   2.2045299E-10   2.2045299E-10
   1.3693561E+02   2.1447022E-10   2.1447022E-10
   1.3870389E+02   2.0835955E-10   2.0835955E-10
   1.4049499E+02   2.0217783E-10   2.0217783E-10
   1.4230923E+02   1.9602453E-10   1.9602453E-10
   1.4414690E+02   1.8975754E-10   1.8975754E-10
   1.4600829E+02   1.8347635E-10   1.8347635E-10
   1.4789372E+02   1.7719515E-10   1.7719515E-10
   1.4980350E+02   1.7080026E-10   1.7080026E-10
   1.5173794E+02   1.6430590E-10   1.6430590E-10
   1.5369736E+02   1.5786839E-10   1.5786839E-10
   1.5568208E+02   1.5127455E-10   1.5127455E-10
   1.5769243E+02   1.4470913E-10   1.4470913E-10
   1.5972874E+02   1.3798740E-10   1.3798740E-10
   1.6179134E+02   1.3123724E-10   1.3123724E-10
   1.6388058E+02   1.2448709E-10   1.2448709E-10
   1.6599680E+02   1.1759482E-10   1.1759482E-10
   1.6814035E+02   1.1065993E-10   1.1065993E-10
   1.7031157E+02   1.0373924E-10   1.0373924E-10
   1.7251084E+02   9.6690655E-11   9.6690655E-11
   1.7473850E+02   8.9571017E-11   8.9571017E-11
   1.7699493E+02   8.2465590E-11   8.2465590E-11
   1.7928049E+02   7.5232265E-11   7.5232265E-11
   1.8159557E+02   6.7913675E-11   6.7913675E-11
   1.8394055E+02   6.0666139E-11   6.0666139E-11
   1.8631581E+02   5.3233862E-11   5.3233862E-11
   1.8872173E+02   4.5872639E-11   4.5872639E-11
   1.9115873E+02   3.8340886E-11   3.8340886E-11
   1.9362720E+02   3.0766500E-11   3.0766500E-11
   1.9612754E+02   2.3220537E-11   2.3220537E-11
   1.9866017E+02   1.5518253E-11   1.5518253E-11
   2.0122550E+02   7.7591267E-12   7.7591267E-12
