 r   rveffall       rveffpseudo         rveffKresse
  0.0000000E+00 -9.40000000000000000E+01  0.00000000000000000E+00  0.00000000000000000E+00
  3.5251509E-06 -9.39988302866865126E+01 -1.67405839761793429E-05  0.00000000000000000E+00
  7.0958227E-06 -9.39976508467934480E+01 -3.36973416901904641E-05  0.00000000000000000E+00
  1.0712603E-05 -9.39965278070664851E+01 -5.08730646264608183E-05  0.00000000000000000E+00
  1.4376087E-05 -9.39954728494896870E+01 -6.82705803162656042E-05  0.00000000000000000E+00
  1.8086879E-05 -9.39945576778582677E+01 -8.58927528032044817E-05  0.00000000000000000E+00
  2.1845589E-05 -9.39937957036481322E+01 -1.03742483114688700E-04  0.00000000000000000E+00
  2.5652835E-05 -9.39932063210519999E+01 -1.21822709739520166E-04  0.00000000000000000E+00
  2.9509245E-05 -9.39928221889072972E+01 -1.40136409111632607E-04  0.00000000000000000E+00
  3.3415453E-05 -9.39926577486308759E+01 -1.58686596100082467E-04  0.00000000000000000E+00
  3.7372103E-05 -9.39927263452207598E+01 -1.77476324505366622E-04  0.00000000000000000E+00
  4.1379846E-05 -9.39930385706758642E+01 -1.96508687562148163E-04  0.00000000000000000E+00
  4.5439341E-05 -9.39935981790410864E+01 -2.15786818448474640E-04  0.00000000000000000E+00
  4.9551257E-05 -9.39944054385430263E+01 -2.35313890801571493E-04  0.00000000000000000E+00
  5.3716271E-05 -9.39954561216538735E+01 -2.55093119240297180E-04  0.00000000000000000E+00
  5.7935068E-05 -9.39967416779535938E+01 -2.75127759894342014E-04  0.00000000000000000E+00
  6.2208344E-05 -9.39982496564933712E+01 -2.95421110940262866E-04  0.00000000000000000E+00
  6.6536801E-05 -9.39999640165868158E+01 -3.15976513144440010E-04  0.00000000000000000E+00
  7.0921151E-05 -9.40018655386365083E+01 -3.36797350413042774E-04  0.00000000000000000E+00
  7.5362118E-05 -9.40039322802352757E+01 -3.57887050349099710E-04  0.00000000000000000E+00
  7.9860432E-05 -9.40061400585601490E+01 -3.79249084816759587E-04  0.00000000000000000E+00
  8.4416833E-05 -9.40084629494827198E+01 -4.00886970512841082E-04  0.00000000000000000E+00
  8.9032071E-05 -9.40108737890952995E+01 -4.22804269545761131E-04  0.00000000000000000E+00
  9.3706907E-05 -9.40133446651461497E+01 -4.45004590021940631E-04  0.00000000000000000E+00
  9.8442110E-05 -9.40158473874276694E+01 -4.67491586639778693E-04  0.00000000000000000E+00
  1.0323846E-04 -9.40183539277504110E+01 -4.90268961291303153E-04  0.00000000000000000E+00
  1.0809674E-04 -9.40208368219555695E+01 -5.13340463671584568E-04  0.00000000000000000E+00
  1.1301776E-04 -9.40232695282957565E+01 -5.36709891896021245E-04  0.00000000000000000E+00
  1.1800233E-04 -9.40256267383537931E+01 -5.60381093125596631E-04  0.00000000000000000E+00
  1.2305126E-04 -9.40278846383924503E+01 -5.84357964200210101E-04  0.00000000000000000E+00
  1.2816540E-04 -9.40300211206200345E+01 -6.08644452280183339E-04  0.00000000000000000E+00
  1.3334557E-04 -9.40320159452347895E+01 -6.33244555496053707E-04  0.00000000000000000E+00
  1.3859263E-04 -9.40338508552794821E+01 -6.58162323606758365E-04  0.00000000000000000E+00
  1.4390745E-04 -9.40355096472815717E+01 -6.83401858666314197E-04  0.00000000000000000E+00
  1.4929090E-04 -9.40369782013582380E+01 -7.08967315699110209E-04  0.00000000000000000E+00
  1.5474386E-04 -9.40382444749850208E+01 -7.34862903383916364E-04  0.00000000000000000E+00
  1.6026725E-04 -9.40392984649229504E+01 -7.61092884746730628E-04  0.00000000000000000E+00
  1.6586195E-04 -9.40401321419325882E+01 -7.87661577862564487E-04  0.00000000000000000E+00
  1.7152891E-04 -9.40407393628870665E+01 -8.14573356566299133E-04  0.00000000000000000E+00
  1.7726904E-04 -9.40411157647594393E+01 -8.41832651172713772E-04  0.00000000000000000E+00
  1.8308329E-04 -9.40412586447255450E+01 -8.69443949205816829E-04  0.00000000000000000E+00
  1.8897262E-04 -9.40411668303028563E+01 -8.97411796137591268E-04  0.00000000000000000E+00
  1.9493801E-04 -9.40408405431040677E+01 -9.25740796136281449E-04  0.00000000000000000E+00
  2.0098042E-04 -9.40402812593682285E+01 -9.54435612824341734E-04  0.00000000000000000E+00
  2.0710086E-04 -9.40394915700419460E+01 -9.83500970046171643E-04  0.00000000000000000E+00
  2.1330034E-04 -9.40384750427838867E+01 -1.01294165264576713E-03  0.00000000000000000E+00
  2.1957987E-04 -9.40372360878425013E+01 -1.04276250725441016E-03  0.00000000000000000E+00
  2.2594049E-04 -9.40357798294036229E+01 -1.07296844308853168E-03  0.00000000000000000E+00
  2.3238325E-04 -9.40341119836606651E+01 -1.10356443275787881E-03  0.00000000000000000E+00
  2.3890920E-04 -9.40322387445192049E+01 -1.13455551308411142E-03  0.00000000000000000E+00
  2.4551942E-04 -9.40301666775773128E+01 -1.16594678592997839E-03  0.00000000000000000E+00
  2.5221500E-04 -9.40279026227817667E+01 -1.19774341903919421E-03  0.00000000000000000E+00
  2.5899704E-04 -9.40254536059226780E+01 -1.22995064688716043E-03  0.00000000000000000E+00
  2.6586666E-04 -9.40228267589717746E+01 -1.26257377154267579E-03  0.00000000000000000E+00
  2.7282499E-04 -9.40200292490982292E+01 -1.29561816354077522E-03  0.00000000000000000E+00
  2.7987317E-04 -9.40170682160844251E+01 -1.32908926276683031E-03  0.00000000000000000E+00
  2.8701237E-04 -9.40139507177813982E+01 -1.36299257935207710E-03  0.00000000000000000E+00
  2.9424375E-04 -9.40106836831429717E+01 -1.39733369458069868E-03  0.00000000000000000E+00
  3.0156852E-04 -9.40072738723586383E+01 -1.43211826180862862E-03  0.00000000000000000E+00
  3.0898787E-04 -9.40037278435588348E+01 -1.46735200739420949E-03  0.00000000000000000E+00
  3.1650303E-04 -9.40000519255473677E+01 -1.50304073164087893E-03  0.00000000000000000E+00
  3.2411523E-04 -9.39962521960206487E+01 -1.53919030975202043E-03  0.00000000000000000E+00
  3.3182573E-04 -9.39923344647363024E+01 -1.57580669279814558E-03  0.00000000000000000E+00
  3.3963580E-04 -9.39883042611061228E+01 -1.61289590869656769E-03  0.00000000000000000E+00
  3.4754672E-04 -9.39841668257099201E+01 -1.65046406320372603E-03  0.00000000000000000E+00
  3.5555980E-04 -9.39799271052637977E+01 -1.68851734092031721E-03  0.00000000000000000E+00
  3.6367635E-04 -9.39755897505935138E+01 -1.72706200630941276E-03  0.00000000000000000E+00
  3.7189771E-04 -9.39711591171870282E+01 -1.76610440472771977E-03  0.00000000000000000E+00
  3.8022523E-04 -9.39666392679625488E+01 -1.80565096347015956E-03  0.00000000000000000E+00
  3.8866029E-04 -9.39620339778986420E+01 -1.84570819282793151E-03  0.00000000000000000E+00
  3.9720427E-04 -9.39573467401951490E+01 -1.88628268716024101E-03  0.00000000000000000E+00
  4.0585858E-04 -9.39525807737028060E+01 -1.92738112597987013E-03  0.00000000000000000E+00
  4.1462464E-04 -9.39477390313530378E+01 -1.96901027505275595E-03  0.00000000000000000E+00
  4.2350391E-04 -9.39428242093616745E+01 -2.01117698751177845E-03  0.00000000000000000E+00
  4.3249783E-04 -9.39378387570162232E+01 -2.05388820498491990E-03  0.00000000000000000E+00
  4.4160789E-04 -9.39327848868658464E+01 -2.09715095873800250E-03  0.00000000000000000E+00
  4.5083559E-04 -9.39276645851651324E+01 -2.14097237083217106E-03  0.00000000000000000E+00
  4.6018245E-04 -9.39224796224413012E+01 -2.18535965529632805E-03  0.00000000000000000E+00
  4.6965001E-04 -9.39172315640774968E+01 -2.23032011931470530E-03  0.00000000000000000E+00
  4.7923982E-04 -9.39119217808142679E+01 -2.27586116442977070E-03  0.00000000000000000E+00
  4.8895347E-04 -9.39065514590930519E+01 -2.32199028776066676E-03  0.00000000000000000E+00
  4.9879256E-04 -9.39011216111809688E+01 -2.36871508323738570E-03  0.00000000000000000E+00
  5.0875869E-04 -9.38956330850200516E+01 -2.41604324285087406E-03  0.00000000000000000E+00
  5.1885352E-04 -9.38900865737630852E+01 -2.46398255791928106E-03  0.00000000000000000E+00
  5.2907871E-04 -9.38844826249647895E+01 -2.51254092037056335E-03  0.00000000000000000E+00
  5.3943593E-04 -9.38788216494034629E+01 -2.56172632404164276E-03  0.00000000000000000E+00
  5.4992690E-04 -9.38731039295183223E+01 -2.61154686599434629E-03  0.00000000000000000E+00
  5.6055335E-04 -9.38673296274515820E+01 -2.66201074784832821E-03  0.00000000000000000E+00
  5.7131701E-04 -9.38614987926905542E+01 -2.71312627713121745E-03  0.00000000000000000E+00
  5.8221966E-04 -9.38556113693095853E+01 -2.76490186864618119E-03  0.00000000000000000E+00
  5.9326311E-04 -9.38496672028148566E+01 -2.81734604585716407E-03  0.00000000000000000E+00
  6.0444916E-04 -9.38436660465965957E+01 -2.87046744229199624E-03  0.00000000000000000E+00
  6.1577965E-04 -9.38376075679999673E+01 -2.92427480296363583E-03  0.00000000000000000E+00
  6.2725646E-04 -9.38314913540221056E+01 -2.97877698580974919E-03  0.00000000000000000E+00
  6.3888147E-04 -9.38253169166493421E+01 -3.03398296315088734E-03  0.00000000000000000E+00
  6.5065660E-04 -9.38190836978469918E+01 -3.08990182316748246E-03  0.00000000000000000E+00
  6.6258378E-04 -9.38127910742140045E+01 -3.14654277139592674E-03  0.00000000000000000E+00
  6.7466497E-04 -9.38064383613208719E+01 -3.20391513224395352E-03  0.00000000000000000E+00
  6.8690218E-04 -9.38000248177415301E+01 -3.26202835052560435E-03  0.00000000000000000E+00
  6.9929740E-04 -9.37935496487960023E+01 -3.32089199301599004E-03  0.00000000000000000E+00
  7.1185269E-04 -9.37870120100171647E+01 -3.38051575002615550E-03  0.00000000000000000E+00
  7.2457010E-04 -9.37804110103624708E+01 -3.44090943699825466E-03  0.00000000000000000E+00
  7.3745174E-04 -9.37737457151742575E+01 -3.50208299612133310E-03  0.00000000000000000E+00
  7.5049972E-04 -9.37670151489093655E+01 -3.56404649796797628E-03  0.00000000000000000E+00
  7.6371619E-04 -9.37602182976600886E+01 -3.62681014315207641E-03  0.00000000000000000E+00
  7.7710332E-04 -9.37533541114581084E+01 -3.69038426400802389E-03  0.00000000000000000E+00
  7.9066333E-04 -9.37464215063921671E+01 -3.75477932629155733E-03  0.00000000000000000E+00
  8.0439843E-04 -9.37394193665532356E+01 -3.82000593090259331E-03  0.00000000000000000E+00
  8.1831091E-04 -9.37323465458003398E+01 -3.88607481563029052E-03  0.00000000000000000E+00
  8.3240303E-04 -9.37252018693749136E+01 -3.95299685692064584E-03  0.00000000000000000E+00
  8.4667713E-04 -9.37179841353736549E+01 -4.02078307166691372E-03  0.00000000000000000E+00
  8.6113555E-04 -9.37106921160779649E+01 -4.08944461902314722E-03  0.00000000000000000E+00
  8.7578068E-04 -9.37033245591580766E+01 -4.15899280224114355E-03  0.00000000000000000E+00
  8.9061492E-04 -9.36958801887628852E+01 -4.22943907053112411E-03  0.00000000000000000E+00
  9.0564072E-04 -9.36883577064995876E+01 -4.30079502094641609E-03  0.00000000000000000E+00
  9.2086055E-04 -9.36807557923081475E+01 -4.37307240029248621E-03  0.00000000000000000E+00
  9.3627692E-04 -9.36730731052416559E+01 -4.44628310706061177E-03  0.00000000000000000E+00
  9.5189235E-04 -9.36653082841664428E+01 -4.52043919338652317E-03  0.00000000000000000E+00
  9.6770944E-04 -9.36574599483744947E+01 -4.59555286703433423E-03  0.00000000000000000E+00
  9.8373077E-04 -9.36495266981179384E+01 -4.67163649340608059E-03  0.00000000000000000E+00
  9.9995899E-04 -9.36415071150858580E+01 -4.74870259757721475E-03  0.00000000000000000E+00
  1.0163968E-03 -9.36333997628073007E+01 -4.82676386635836740E-03  0.00000000000000000E+00
  1.0330468E-03 -9.36252031869948098E+01 -4.90583315038373505E-03  0.00000000000000000E+00
  1.0499118E-03 -9.36169159158437338E+01 -4.98592346622644261E-03  0.00000000000000000E+00
  1.0669947E-03 -9.36085364602690930E+01 -5.06704799854118624E-03  0.00000000000000000E+00
  1.0842981E-03 -9.36000633140996996E+01 -5.14922010223456492E-03  0.00000000000000000E+00
  1.1018249E-03 -9.35914949542363104E+01 -5.23245330466343486E-03  0.00000000000000000E+00
  1.1195781E-03 -9.35828298407604962E+01 -5.31676130786161438E-03  0.00000000000000000E+00
  1.1375606E-03 -9.35740664170120340E+01 -5.40215799079537661E-03  0.00000000000000000E+00
  1.1557752E-03 -9.35652031096344530E+01 -5.48865741164803519E-03  0.00000000000000000E+00
  1.1742251E-03 -9.35562383285859056E+01 -5.57627381013402115E-03  0.00000000000000000E+00
  1.1929132E-03 -9.35471704671239905E+01 -5.66502160984287163E-03  0.00000000000000000E+00
  1.2118426E-03 -9.35379979017636600E+01 -5.75491542061342364E-03  0.00000000000000000E+00
  1.2310165E-03 -9.35287189922144648E+01 -5.84597004093871837E-03  0.00000000000000000E+00
  1.2504379E-03 -9.35193320812910684E+01 -5.93820046040189741E-03  0.00000000000000000E+00
  1.2701102E-03 -9.35098354948050599E+01 -6.03162186214358832E-03  0.00000000000000000E+00
  1.2900364E-03 -9.35002275414413901E+01 -6.12624962536112254E-03  0.00000000000000000E+00
  1.3102200E-03 -9.34905065126165056E+01 -6.22209932784002426E-03  0.00000000000000000E+00
  1.3306642E-03 -9.34806706823168838E+01 -6.31918674851817460E-03  0.00000000000000000E+00
  1.3513725E-03 -9.34707183069268837E+01 -6.41752787008308557E-03  0.00000000000000000E+00
  1.3723481E-03 -9.34606476250498588E+01 -6.51713888160269841E-03  0.00000000000000000E+00
  1.3935946E-03 -9.34504568573028962E+01 -6.61803618119014177E-03  0.00000000000000000E+00
  1.4151154E-03 -9.34401442061105598E+01 -6.72023637870289466E-03  0.00000000000000000E+00
  1.4369142E-03 -9.34297078554943710E+01 -6.82375629847679303E-03  0.00000000000000000E+00
  1.4589944E-03 -9.34191459708367233E+01 -6.92861298209532760E-03  0.00000000000000000E+00
  1.4813598E-03 -9.34084566986476830E+01 -7.03482369119468563E-03  0.00000000000000000E+00
  1.5040140E-03 -9.33976381663277948E+01 -7.14240591030501810E-03  0.00000000000000000E+00
  1.5269607E-03 -9.33866884819126710E+01 -7.25137734972836328E-03  0.00000000000000000E+00
  1.5502037E-03 -9.33756057338190715E+01 -7.36175594845373416E-03  0.00000000000000000E+00
  1.5737469E-03 -9.33643879905868062E+01 -7.47355987710983643E-03  0.00000000000000000E+00
  1.5975941E-03 -9.33530333006073221E+01 -7.58680754095588088E-03  0.00000000000000000E+00
  1.6217492E-03 -9.33415396918555871E+01 -7.70151758291104209E-03  0.00000000000000000E+00
  1.6462163E-03 -9.33299051716154509E+01 -7.81770888662297082E-03  0.00000000000000000E+00
  1.6709993E-03 -9.33181277261986537E+01 -7.93540057957595711E-03  0.00000000000000000E+00
  1.6961023E-03 -9.33062053206652422E+01 -8.05461203623918792E-03  0.00000000000000000E+00
  1.7215295E-03 -9.32941358985359273E+01 -8.17536288125565204E-03  0.00000000000000000E+00
  1.7472850E-03 -9.32819173815074265E+01 -8.29767299267220558E-03  0.00000000000000000E+00
  1.7733731E-03 -9.32695476691596923E+01 -8.42156250521131945E-03  0.00000000000000000E+00
  1.7997981E-03 -9.32570246386627701E+01 -8.54705181358508467E-03  0.00000000000000000E+00
  1.8265643E-03 -9.32443461444870678E+01 -8.67416157585193179E-03  0.00000000000000000E+00
  1.8536762E-03 -9.32315100181056096E+01 -8.80291271681675307E-03  0.00000000000000000E+00
  1.8811381E-03 -9.32185140676976971E+01 -8.93332643147484208E-03  0.00000000000000000E+00
  1.9089547E-03 -9.32053560778475685E+01 -9.06542418850033761E-03  0.00000000000000000E+00
  1.9371305E-03 -9.31920338092502050E+01 -9.19922773377964201E-03  0.00000000000000000E+00
  1.9656701E-03 -9.31785449984153900E+01 -9.33475909399045928E-03  0.00000000000000000E+00
  1.9945783E-03 -9.31648873573596887E+01 -9.47204058022705665E-03  0.00000000000000000E+00
  2.0238597E-03 -9.31510585733081484E+01 -9.61109479167225958E-03  0.00000000000000000E+00
  2.0535193E-03 -9.31370563083982290E+01 -9.75194461931687580E-03  0.00000000000000000E+00
  2.0835618E-03 -9.31228781993812049E+01 -9.89461324972711921E-03  0.00000000000000000E+00
  2.1139923E-03 -9.31085218573145568E+01 -1.00391241688605904E-02  0.00000000000000000E+00
  2.1448158E-03 -9.30939848672661441E+01 -1.01855011659316326E-02  0.00000000000000000E+00
  2.1760373E-03 -9.30792647880209927E+01 -1.03337683373264100E-02  0.00000000000000000E+00
  2.2076619E-03 -9.30643591517740276E+01 -1.04839500905686504E-02  0.00000000000000000E+00
  2.2396950E-03 -9.30492654638380117E+01 -1.06360711483364546E-02  0.00000000000000000E+00
  2.2721416E-03 -9.30339812023440231E+01 -1.07901565525310265E-02  0.00000000000000000E+00
  2.3050073E-03 -9.30185038179493944E+01 -1.09462316683978465E-02  0.00000000000000000E+00
  2.3382974E-03 -9.30028307335442861E+01 -1.11043221887010199E-02  0.00000000000000000E+00
  2.3720173E-03 -9.29869593439502182E+01 -1.12644541379515670E-02  0.00000000000000000E+00
  2.4061727E-03 -9.29708870156397325E+01 -1.14266538766901547E-02  0.00000000000000000E+00
  2.4407691E-03 -9.29546110864423696E+01 -1.15909481058251891E-02  0.00000000000000000E+00
  2.4758123E-03 -9.29381288652543418E+01 -1.17573638710268182E-02  0.00000000000000000E+00
  2.5113080E-03 -9.29214376317562625E+01 -1.19259285671776735E-02  0.00000000000000000E+00
  2.5472621E-03 -9.29045346361277211E+01 -1.20966699428809946E-02  0.00000000000000000E+00
  2.5836804E-03 -9.28874170987661358E+01 -1.22696161050269200E-02  0.00000000000000000E+00
  2.6205690E-03 -9.28700822100068990E+01 -1.24447955234177395E-02  0.00000000000000000E+00
  2.6579340E-03 -9.28525271298490225E+01 -1.26222370354527411E-02  0.00000000000000000E+00
  2.6957814E-03 -9.28347489876765337E+01 -1.28019698508735902E-02  0.00000000000000000E+00
  2.7341176E-03 -9.28167448819907008E+01 -1.29840235565708093E-02  0.00000000000000000E+00
  2.7729489E-03 -9.27985118801423425E+01 -1.31684281214523788E-02  0.00000000000000000E+00
  2.8122815E-03 -9.27800470180633141E+01 -1.33552139013750782E-02  0.00000000000000000E+00
  2.8521221E-03 -9.27613473000072588E+01 -1.35444116441394095E-02  0.00000000000000000E+00
  2.8924771E-03 -9.27424096982891939E+01 -1.37360524945490722E-02  0.00000000000000000E+00
  2.9333533E-03 -9.27232311530328843E+01 -1.39301679995355396E-02  0.00000000000000000E+00
  2.9747573E-03 -9.27038085719169800E+01 -1.41267901133488652E-02  0.00000000000000000E+00
  3.0166959E-03 -9.26841388299296653E+01 -1.43259512028153912E-02  0.00000000000000000E+00
  3.0591761E-03 -9.26642187691256396E+01 -1.45276840526632010E-02  0.00000000000000000E+00
  3.1022049E-03 -9.26440451983833810E+01 -1.47320218709164324E-02  0.00000000000000000E+00
  3.1457893E-03 -9.26236148931752155E+01 -1.49389982943589350E-02  0.00000000000000000E+00
  3.1899365E-03 -9.26029245953377114E+01 -1.51486473940685862E-02  0.00000000000000000E+00
  3.2346538E-03 -9.25819710128424447E+01 -1.53610036810228560E-02  0.00000000000000000E+00
  3.2799486E-03 -9.25607508195750057E+01 -1.55761021117767004E-02  0.00000000000000000E+00
  3.3258282E-03 -9.25392606551278760E+01 -1.57939780942136995E-02  0.00000000000000000E+00
  3.3723003E-03 -9.25174971245850628E+01 -1.60146674933712534E-02  0.00000000000000000E+00
  3.4193724E-03 -9.24954567983145068E+01 -1.62382066373410391E-02  0.00000000000000000E+00
  3.4670525E-03 -9.24731362117764490E+01 -1.64646323232453956E-02  0.00000000000000000E+00
  3.5153482E-03 -9.24505318653288981E+01 -1.66939818232908800E-02  0.00000000000000000E+00
  3.5642676E-03 -9.24276402240403883E+01 -1.69262928908998009E-02  0.00000000000000000E+00
  3.6138187E-03 -9.24044577175068298E+01 -1.71616037669208125E-02  0.00000000000000000E+00
  3.6640096E-03 -9.23809807396832099E+01 -1.73999531859195845E-02  0.00000000000000000E+00
  3.7148487E-03 -9.23572056487162456E+01 -1.76413803825505588E-02  0.00000000000000000E+00
  3.7663443E-03 -9.23331287667782590E+01 -1.78859250980108568E-02  0.00000000000000000E+00
  3.8185048E-03 -9.23087463799206205E+01 -1.81336275865773104E-02  0.00000000000000000E+00
  3.8713389E-03 -9.22840547379252030E+01 -1.83845286222278428E-02  0.00000000000000000E+00
  3.9248552E-03 -9.22590500541663943E+01 -1.86386695053481523E-02  0.00000000000000000E+00
  3.9790627E-03 -9.22337285054826452E+01 -1.88960920695247468E-02  0.00000000000000000E+00
  4.0339701E-03 -9.22080862320489132E+01 -1.91568386884256765E-02  0.00000000000000000E+00
  4.0895865E-03 -9.21821193372652061E+01 -1.94209522827698162E-02  0.00000000000000000E+00
  4.1459211E-03 -9.21558238876519482E+01 -1.96884763273859932E-02  0.00000000000000000E+00
  4.2029832E-03 -9.21291959127490685E+01 -1.99594548583630453E-02  0.00000000000000000E+00
  4.2607821E-03 -9.21022314050260320E+01 -2.02339324802920731E-02  0.00000000000000000E+00
  4.3193274E-03 -9.20749263198037085E+01 -2.05119543736019434E-02  0.00000000000000000E+00
  4.3786287E-03 -9.20472765751825364E+01 -2.07935663019892109E-02  0.00000000000000000E+00
  4.4386957E-03 -9.20192780519775937E+01 -2.10788146199439932E-02  0.00000000000000000E+00
  4.4995384E-03 -9.19909265936679788E+01 -2.13677462803724891E-02  0.00000000000000000E+00
  4.5611668E-03 -9.19622180063519039E+01 -2.16604088423179228E-02  0.00000000000000000E+00
  4.6235910E-03 -9.19331480587138543E+01 -2.19568504787808032E-02  0.00000000000000000E+00
  4.6868213E-03 -9.19037124819983546E+01 -2.22571199846398893E-02  0.00000000000000000E+00
  4.7508681E-03 -9.18739069699970230E+01 -2.25612667846752483E-02  0.00000000000000000E+00
  4.8157419E-03 -9.18437271790458283E+01 -2.28693409416945229E-02  0.00000000000000000E+00
  4.8814535E-03 -9.18131687280256443E+01 -2.31813931647639367E-02  0.00000000000000000E+00
  4.9480136E-03 -9.17822271983859537E+01 -2.34974748175451296E-02  0.00000000000000000E+00
  5.0154332E-03 -9.17508981341651975E+01 -2.38176379267394760E-02  0.00000000000000000E+00
  5.0837234E-03 -9.17191770420295569E+01 -2.41419351906410305E-02  0.00000000000000000E+00
  5.1528955E-03 -9.16870593913237570E+01 -2.44704199877994986E-02  0.00000000000000000E+00
  5.2229608E-03 -9.16545406141247412E+01 -2.48031463857948595E-02  0.00000000000000000E+00
  5.2939308E-03 -9.16216161053134357E+01 -2.51401691501247394E-02  0.00000000000000000E+00
  5.3658173E-03 -9.15882812226526397E+01 -2.54815437532063330E-02  0.00000000000000000E+00
  5.4386321E-03 -9.15545312868810299E+01 -2.58273263834939669E-02  0.00000000000000000E+00
  5.5123871E-03 -9.15203615818095670E+01 -2.61775739547141541E-02  0.00000000000000000E+00
  5.5870946E-03 -9.14857673544350263E+01 -2.65323441152193092E-02  0.00000000000000000E+00
  5.6627668E-03 -9.14507438150662608E+01 -2.68916952574618021E-02  0.00000000000000000E+00
  5.7394161E-03 -9.14152861374527248E+01 -2.72556865275900215E-02  0.00000000000000000E+00
  5.8170552E-03 -9.13793894589294524E+01 -2.76243778351676177E-02  0.00000000000000000E+00
  5.8956969E-03 -9.13430488805733773E+01 -2.79978298630179298E-02  0.00000000000000000E+00
  5.9753541E-03 -9.13062594673672265E+01 -2.83761040771948643E-02  0.00000000000000000E+00
  6.0560399E-03 -9.12690162483732479E+01 -2.87592627370820385E-02  0.00000000000000000E+00
  6.1377676E-03 -9.12313142169198557E+01 -2.91473689056217337E-02  0.00000000000000000E+00
  6.2205507E-03 -9.11931483307962338E+01 -2.95404864596752886E-02  0.00000000000000000E+00
  6.3044028E-03 -9.11545135124570152E+01 -2.99386801005167083E-02  0.00000000000000000E+00
  6.3893377E-03 -9.11154046492371208E+01 -3.03420153644610550E-02  0.00000000000000000E+00
  6.4753693E-03 -9.10758165935731796E+01 -3.07505586336294517E-02  0.00000000000000000E+00
  6.5625119E-03 -9.10357441632381068E+01 -3.11643771468524435E-02  0.00000000000000000E+00
  6.6507798E-03 -9.09951821415818216E+01 -3.15835390107131603E-02  0.00000000000000000E+00
  6.7401875E-03 -9.09541252777785871E+01 -3.20081132107327068E-02  0.00000000000000000E+00
  6.8307497E-03 -9.09125682870848664E+01 -3.24381696226988259E-02  0.00000000000000000E+00
  6.9224814E-03 -9.08705058511037862E+01 -3.28737790241402997E-02  0.00000000000000000E+00
  7.0153976E-03 -9.08279326180578579E+01 -3.33150131059484281E-02  0.00000000000000000E+00
  7.1095137E-03 -9.07848432030628203E+01 -3.37619444841478836E-02  0.00000000000000000E+00
  7.2048451E-03 -9.07412321884145427E+01 -3.42146467118185221E-02  0.00000000000000000E+00
  7.3014075E-03 -9.06970941238785713E+01 -3.46731942911701410E-02  0.00000000000000000E+00
  7.3992168E-03 -9.06524235269808685E+01 -3.51376626857723279E-02  0.00000000000000000E+00
  7.4982892E-03 -9.06072148833093252E+01 -3.56081283329409207E-02  0.00000000000000000E+00
  7.5986409E-03 -9.05614626468119042E+01 -3.60846686562836388E-02  0.00000000000000000E+00
  7.7002885E-03 -9.05151612401038221E+01 -3.65673620784063291E-02  0.00000000000000000E+00
  7.8032487E-03 -9.04683050547734808E+01 -3.70562880337822684E-02  0.00000000000000000E+00
  7.9075384E-03 -9.04208884516881710E+01 -3.75515269817863762E-02  0.00000000000000000E+00
  8.0131748E-03 -9.03729057613044802E+01 -3.80531604198964396E-02  0.00000000000000000E+00
  8.1201753E-03 -9.03243512839754317E+01 -3.85612708970636056E-02  0.00000000000000000E+00
  8.2285575E-03 -9.02752192902575672E+01 -3.90759420272540348E-02  0.00000000000000000E+00
  8.3383393E-03 -9.02255040212135953E+01 -3.95972585031640553E-02  0.00000000000000000E+00
  8.4495387E-03 -9.01751996887155514E+01 -4.01253061101109754E-02  0.00000000000000000E+00
  8.5621740E-03 -9.01243004757424444E+01 -4.06601717401016000E-02  0.00000000000000000E+00
  8.6762639E-03 -9.00728005366705844E+01 -4.12019434060810624E-02  0.00000000000000000E+00
  8.7918269E-03 -9.00206939975611533E+01 -4.17507102563636628E-02  0.00000000000000000E+00
  8.9088823E-03 -8.99679749564384110E+01 -4.23065625892487321E-02  0.00000000000000000E+00
  9.0274492E-03 -8.99146374835605826E+01 -4.28695918678229509E-02  0.00000000000000000E+00
  9.1475472E-03 -8.98606756216811675E+01 -4.34398907349525173E-02  0.00000000000000000E+00
  9.2691961E-03 -8.98060833862988943E+01 -4.40175530284664940E-02  0.00000000000000000E+00
  9.3924158E-03 -8.97508547658975715E+01 -4.46026737965343270E-02  0.00000000000000000E+00
  9.5172266E-03 -8.96949837221716848E+01 -4.51953493132401379E-02  0.00000000000000000E+00
  9.6436492E-03 -8.96384641902388069E+01 -4.57956770943554609E-02  0.00000000000000000E+00
  9.7717043E-03 -8.95812900788362612E+01 -4.64037559133139085E-02  0.00000000000000000E+00
  9.9014129E-03 -8.95234552705013158E+01 -4.70196858173893076E-02  0.00000000000000000E+00
  1.0032797E-02 -8.94649536217353614E+01 -4.76435681440806821E-02  0.00000000000000000E+00
  1.0165877E-02 -8.94057789631462612E+01 -4.82755055377060288E-02  0.00000000000000000E+00
  1.0300675E-02 -8.93459250995741030E+01 -4.89156019662078320E-02  0.00000000000000000E+00
  1.0437215E-02 -8.92853858101949811E+01 -4.95639627381729217E-02  0.00000000000000000E+00
  1.0575517E-02 -8.92241548486001648E+01 -5.02206945200689911E-02  0.00000000000000000E+00
  1.0715606E-02 -8.91622259428557271E+01 -5.08859053537012718E-02  0.00000000000000000E+00
  1.0857503E-02 -8.90995927955371485E+01 -5.15597046738907744E-02  0.00000000000000000E+00
  1.1001233E-02 -8.90362490837361662E+01 -5.22422033263784460E-02  0.00000000000000000E+00
  1.1146819E-02 -8.89721884590441903E+01 -5.29335135859565556E-02  0.00000000000000000E+00
  1.1294284E-02 -8.89074045475091310E+01 -5.36337491748311093E-02  0.00000000000000000E+00
  1.1443654E-02 -8.88418909495626110E+01 -5.43430252812176356E-02  0.00000000000000000E+00
  1.1594953E-02 -8.87756412399206454E+01 -5.50614585781735305E-02  0.00000000000000000E+00
  1.1748206E-02 -8.87086489674537262E+01 -5.57891672426695448E-02  0.00000000000000000E+00
  1.1903437E-02 -8.86409076550290678E+01 -5.65262709749035433E-02  0.00000000000000000E+00
  1.2060673E-02 -8.85724107993238192E+01 -5.72728910178595951E-02  0.00000000000000000E+00
  1.2219940E-02 -8.85031518706066578E+01 -5.80291501771152129E-02  0.00000000000000000E+00
  1.2381263E-02 -8.84331243124904063E+01 -5.87951728408996691E-02  0.00000000000000000E+00
  1.2544669E-02 -8.83623215416549499E+01 -5.95710850004070661E-02  0.00000000000000000E+00
  1.2710186E-02 -8.82907369475423565E+01 -6.03570142703662993E-02  0.00000000000000000E+00
  1.2877839E-02 -8.82183638920202355E+01 -6.11530899098720257E-02  0.00000000000000000E+00
  1.3047658E-02 -8.81451957090185658E+01 -6.19594428434790123E-02  0.00000000000000000E+00
  1.3219670E-02 -8.80712257041400761E+01 -6.27762056825635073E-02  0.00000000000000000E+00
  1.3393902E-02 -8.79964471542430715E+01 -6.36035127469549572E-02  0.00000000000000000E+00
  1.3570385E-02 -8.79208533070008258E+01 -6.44415000868407695E-02  0.00000000000000000E+00
  1.3749147E-02 -8.78444373804358065E+01 -6.52903055049480208E-02  0.00000000000000000E+00
  1.3930217E-02 -8.77671925624354969E+01 -6.61500685790052112E-02  0.00000000000000000E+00
  1.4113625E-02 -8.76891120102485786E+01 -6.70209306844872926E-02  0.00000000000000000E+00
  1.4299402E-02 -8.76101888499617161E+01 -6.79030350176476061E-02  0.00000000000000000E+00
  1.4487577E-02 -8.75304161759653141E+01 -6.87965266188399205E-02  0.00000000000000000E+00
  1.4678183E-02 -8.74497870504091139E+01 -6.97015523961344169E-02  0.00000000000000000E+00
  1.4871249E-02 -8.73682945026485811E+01 -7.06182611492305462E-02  0.00000000000000000E+00
  1.5066809E-02 -8.72859315286851114E+01 -7.15468035936708407E-02  0.00000000000000000E+00
  1.5264894E-02 -8.72026910906102728E+01 -7.24873323853591628E-02  0.00000000000000000E+00
  1.5465537E-02 -8.71185661160531595E+01 -7.34400021453863461E-02  0.00000000000000000E+00
  1.5668771E-02 -8.70335494976336008E+01 -7.44049694851678101E-02  0.00000000000000000E+00
  1.5874630E-02 -8.69476340924292401E+01 -7.53823930318964358E-02  0.00000000000000000E+00
  1.6083147E-02 -8.68608127214619543E+01 -7.63724334543138539E-02  0.00000000000000000E+00
  1.6294356E-02 -8.67730781692056468E+01 -7.73752534888048488E-02  0.00000000000000000E+00
  1.6508293E-02 -8.66844231831208276E+01 -7.83910179658178913E-02  0.00000000000000000E+00
  1.6724992E-02 -8.65948404732225328E+01 -7.94198938366162399E-02  0.00000000000000000E+00
  1.6944489E-02 -8.65043227116877631E+01 -8.04620502003623589E-02  0.00000000000000000E+00
  1.7166821E-02 -8.64128625325044339E+01 -8.15176583315409820E-02  0.00000000000000000E+00
  1.7392024E-02 -8.63204525311673194E+01 -8.25868917077238890E-02  0.00000000000000000E+00
  1.7620135E-02 -8.62270852644295900E+01 -8.36699260376796428E-02  0.00000000000000000E+00
  1.7851192E-02 -8.61327532501088484E+01 -8.47669392898339896E-02  0.00000000000000000E+00
  1.8085232E-02 -8.60374489669551252E+01 -8.58781117210836442E-02  0.00000000000000000E+00
  1.8322295E-02 -8.59411648545833202E+01 -8.70036259059673578E-02  0.00000000000000000E+00
  1.8562419E-02 -8.58438933134719377E+01 -8.81436667661991413E-02  0.00000000000000000E+00
  1.8805643E-02 -8.57456267050313556E+01 -8.92984216005675013E-02  0.00000000000000000E+00
  1.9052008E-02 -8.56463573517384020E+01 -9.04680801152043523E-02  0.00000000000000000E+00
  1.9301555E-02 -8.55460775373424411E+01 -9.16528344542279216E-02  0.00000000000000000E+00
  1.9554324E-02 -8.54447795071358911E+01 -9.28528792307641571E-02  0.00000000000000000E+00
  1.9810357E-02 -8.53424554682854080E+01 -9.40684115583510644E-02  0.00000000000000000E+00
  2.0069697E-02 -8.52390975902213768E+01 -9.52996310827284865E-02  0.00000000000000000E+00
  2.0332385E-02 -8.51346980050745969E+01 -9.65467400140203880E-02  0.00000000000000000E+00
  2.0598465E-02 -8.50292488081496458E+01 -9.78099431593111024E-02  0.00000000000000000E+00
  2.0867982E-02 -8.49227420584221875E+01 -9.90894479556222313E-02  0.00000000000000000E+00
  2.1140978E-02 -8.48151697790479204E+01 -1.00385464503292485E-01  0.00000000000000000E+00
  2.1417500E-02 -8.47065239578574136E+01 -1.01698205599766153E-01  0.00000000000000000E+00
  2.1697593E-02 -8.45967965478187978E+01 -1.03027886773794722E-01  0.00000000000000000E+00
  2.1981302E-02 -8.44859794674443947E+01 -1.04374726320054512E-01  0.00000000000000000E+00
  2.2268675E-02 -8.43740646011090263E+01 -1.05738945334186235E-01  0.00000000000000000E+00
  2.2559759E-02 -8.42610437992486112E+01 -1.07120767748260862E-01  0.00000000000000000E+00
  2.2854602E-02 -8.41469088784058670E+01 -1.08520420366675280E-01  0.00000000000000000E+00
  2.3153252E-02 -8.40316516210857856E+01 -1.09938132902482569E-01  0.00000000000000000E+00
  2.3455759E-02 -8.39152637753753936E+01 -1.11374138014162072E-01  0.00000000000000000E+00
  2.3762172E-02 -8.37977370542920426E+01 -1.12828671342833559E-01  0.00000000000000000E+00
  2.4072542E-02 -8.36790631348161895E+01 -1.14301971549918335E-01  0.00000000000000000E+00
  2.4386919E-02 -8.35592336565631086E+01 -1.15794280355254575E-01  0.00000000000000000E+00
  2.4705356E-02 -8.34382402200587023E+01 -1.17305842575669575E-01  0.00000000000000000E+00
  2.5027906E-02 -8.33160743845798351E+01 -1.18836906164013781E-01  0.00000000000000000E+00
  2.5354620E-02 -8.31927276655326011E+01 -1.20387722248661122E-01  0.00000000000000000E+00
  2.5685553E-02 -8.30681915313470824E+01 -1.21958545173480690E-01  0.00000000000000000E+00
  2.6020760E-02 -8.29424573998818460E+01 -1.23549632538284104E-01  0.00000000000000000E+00
  2.6360295E-02 -8.28155166343505726E+01 -1.25161245239752278E-01  0.00000000000000000E+00
  2.6704215E-02 -8.26873605388018689E+01 -1.26793647512847357E-01  0.00000000000000000E+00
  2.7052576E-02 -8.25579803532122867E+01 -1.28447106972713970E-01  0.00000000000000000E+00
  2.7405435E-02 -8.24273672482881352E+01 -1.30121894657073967E-01  0.00000000000000000E+00
  2.7762851E-02 -8.22955123201127066E+01 -1.31818285069118940E-01  0.00000000000000000E+00
  2.8124882E-02 -8.21624065848196921E+01 -1.33536556220906211E-01  0.00000000000000000E+00
  2.8491588E-02 -8.20280409735389497E+01 -1.35276989677262011E-01  0.00000000000000000E+00
  2.8863029E-02 -8.18924063279216483E+01 -1.37039870600195568E-01  0.00000000000000000E+00
  2.9239267E-02 -8.17554933966263917E+01 -1.38825487793829833E-01  0.00000000000000000E+00
  2.9620363E-02 -8.16172928332381105E+01 -1.40634133749853535E-01  0.00000000000000000E+00
  3.0006381E-02 -8.14777951961781497E+01 -1.42466104693496215E-01  0.00000000000000000E+00
  3.0397383E-02 -8.13369909512674809E+01 -1.44321700630034355E-01  0.00000000000000000E+00
  3.0793434E-02 -8.11948704777078802E+01 -1.46201225391830281E-01  0.00000000000000000E+00
  3.1194600E-02 -8.10514240783557511E+01 -1.48104986685909185E-01  0.00000000000000000E+00
  3.1600946E-02 -8.09066419952682878E+01 -1.50033296142077749E-01  0.00000000000000000E+00
  3.2012539E-02 -8.07605144315951406E+01 -1.51986469361589244E-01  0.00000000000000000E+00
  3.2429447E-02 -8.06130315809779319E+01 -1.53964825966359686E-01  0.00000000000000000E+00
  3.2851738E-02 -8.04641836656769271E+01 -1.55968689648737002E-01  0.00000000000000000E+00
  3.3279483E-02 -8.03139609846689950E+01 -1.57998388221829433E-01  0.00000000000000000E+00
  3.3712751E-02 -8.01623539729372112E+01 -1.60054253670396274E-01  0.00000000000000000E+00
  3.4151614E-02 -8.00093532730954706E+01 -1.62136622202304542E-01  0.00000000000000000E+00
  3.4596144E-02 -7.98549498203290540E+01 -1.64245834300555199E-01  0.00000000000000000E+00
  3.5046415E-02 -7.96991349413763999E+01 -1.66382234775882820E-01  0.00000000000000000E+00
  3.5502500E-02 -7.95419004679279169E+01 -1.68546172819933476E-01  0.00000000000000000E+00
  3.5964474E-02 -7.93832388643303233E+01 -1.70738002059021426E-01  0.00000000000000000E+00
  3.6432414E-02 -7.92231433688789366E+01 -1.72958080608470510E-01  0.00000000000000000E+00
  3.6906397E-02 -7.90616081472349634E+01 -1.75206771127542654E-01  0.00000000000000000E+00
  3.7386500E-02 -7.88986284556340252E+01 -1.77484440874956961E-01  0.00000000000000000E+00
  3.7872803E-02 -7.87342008105708260E+01 -1.79791461765000077E-01  0.00000000000000000E+00
  3.8365385E-02 -7.85683231605720920E+01 -1.82128210424234410E-01  0.00000000000000000E+00
  3.8864328E-02 -7.84009950545747074E+01 -1.84495068248804434E-01  0.00000000000000000E+00
  3.9369715E-02 -7.82322178003508384E+01 -1.86892421462343028E-01  0.00000000000000000E+00
  3.9881627E-02 -7.80619946054478220E+01 -1.89320661174482680E-01  0.00000000000000000E+00
  4.0400150E-02 -7.78903306923417631E+01 -1.91780183439970581E-01  0.00000000000000000E+00
  4.0925368E-02 -7.77172333790361165E+01 -1.94271389318393300E-01  0.00000000000000000E+00
  4.1457369E-02 -7.75427121162667135E+01 -1.96794684934508246E-01  0.00000000000000000E+00
  4.1996239E-02 -7.73667784729012595E+01 -1.99350481539187441E-01  0.00000000000000000E+00
  4.2542068E-02 -7.71894460621306564E+01 -2.01939195570973340E-01  0.00000000000000000E+00
  4.3094946E-02 -7.70107304026628867E+01 -2.04561248718246658E-01  0.00000000000000000E+00
  4.3654963E-02 -7.68306487113446650E+01 -2.07217067982008840E-01  0.00000000000000000E+00
  4.4222211E-02 -7.66492196264207450E+01 -2.09907085739279020E-01  0.00000000000000000E+00
  4.4796784E-02 -7.64664628638183217E+01 -2.12631739807105674E-01  0.00000000000000000E+00
  4.5378777E-02 -7.62823988121898964E+01 -2.15391473507192288E-01  0.00000000000000000E+00
  4.5968286E-02 -7.60970480761220784E+01 -2.18186735731137366E-01  0.00000000000000000E+00
  4.6565406E-02 -7.59104309799978267E+01 -2.21017981006289777E-01  0.00000000000000000E+00
  4.7170238E-02 -7.57225670474170158E+01 -2.23885669562213924E-01  0.00000000000000000E+00
  4.7782879E-02 -7.55334744734066561E+01 -2.26790267397768031E-01  0.00000000000000000E+00
  4.8403432E-02 -7.53431696075194850E+01 -2.29732246348790969E-01  0.00000000000000000E+00
  4.9031998E-02 -7.51516664657048494E+01 -2.32712084156397714E-01  0.00000000000000000E+00
  4.9668681E-02 -7.49589762878841555E+01 -2.35730264535877226E-01  0.00000000000000000E+00
  5.0313586E-02 -7.47651071560720908E+01 -2.38787277246193391E-01  0.00000000000000000E+00
  5.0966818E-02 -7.45700636851437224E+01 -2.41883618160085023E-01  0.00000000000000000E+00
  5.1628486E-02 -7.43738467951381494E+01 -2.45019789334757404E-01  0.00000000000000000E+00
  5.2298697E-02 -7.41764535706366956E+01 -2.48196299083165872E-01  0.00000000000000000E+00
  5.2977564E-02 -7.39778772095593951E+01 -2.51413662045883946E-01  0.00000000000000000E+00
  5.3665196E-02 -7.37781070608903349E+01 -2.54672399263548566E-01  0.00000000000000000E+00
  5.4361708E-02 -7.35771287484814138E+01 -2.57973038249880715E-01  0.00000000000000000E+00
  5.5067215E-02 -7.33749243762133858E+01 -2.61316113065270805E-01  0.00000000000000000E+00
  5.5781831E-02 -7.31714728083026387E+01 -2.64702164390924699E-01  0.00000000000000000E+00
  5.6505676E-02 -7.29667500172243990E+01 -2.68131739603557073E-01  0.00000000000000000E+00
  5.7238867E-02 -7.27607294904044295E+01 -2.71605392850630512E-01  0.00000000000000000E+00
  5.7981527E-02 -7.25533826853859978E+01 -2.75123685126125728E-01  0.00000000000000000E+00
  5.8733776E-02 -7.23446795215466807E+01 -2.78687184346833372E-01  0.00000000000000000E+00
  5.9495740E-02 -7.21345888947526248E+01 -2.82296465429157317E-01  0.00000000000000000E+00
  6.0267542E-02 -7.19230791998477343E+01 -2.85952110366418710E-01  0.00000000000000000E+00
  6.1049312E-02 -7.17101188449061056E+01 -2.89654708306645525E-01  0.00000000000000000E+00
  6.1841176E-02 -7.14956767410560587E+01 -2.93404855630834238E-01  0.00000000000000000E+00
  6.2643266E-02 -7.12797227526538393E+01 -2.97203156031671356E-01  0.00000000000000000E+00
  6.3455713E-02 -7.10622280947510347E+01 -3.01050220592697815E-01  0.00000000000000000E+00
  6.4278652E-02 -7.08431656680041755E+01 -3.04946667867897703E-01  0.00000000000000000E+00
  6.5112217E-02 -7.06225103251219934E+01 -3.08893123961696658E-01  0.00000000000000000E+00
  6.5956546E-02 -7.04002390672026337E+01 -3.12890222609349955E-01  0.00000000000000000E+00
  6.6811778E-02 -7.01763311723805430E+01 -3.16938605257700290E-01  0.00000000000000000E+00
  6.7678054E-02 -6.99507682626393432E+01 -3.21038921146281464E-01  0.00000000000000000E+00
  6.8555516E-02 -6.97235343171375774E+01 -3.25191827388751020E-01  0.00000000000000000E+00
  6.9444310E-02 -6.94946156418051260E+01 -3.29397989054623530E-01  0.00000000000000000E+00
  7.0344580E-02 -6.92640008052947991E+01 -3.33658079251278605E-01  0.00000000000000000E+00
  7.1256475E-02 -6.90316805507890621E+01 -3.37972779206221541E-01  0.00000000000000000E+00
  7.2180146E-02 -6.87976476919237285E+01 -3.42342778349563948E-01  0.00000000000000000E+00
  7.3115745E-02 -6.85618969994733902E+01 -3.46768774396697455E-01  0.00000000000000000E+00
  7.4063425E-02 -6.83244250837235256E+01 -3.51251473431124728E-01  0.00000000000000000E+00
  7.5023342E-02 -6.80852302758355279E+01 -3.55791589987421386E-01  0.00000000000000000E+00
  7.5995656E-02 -6.78443125101645279E+01 -3.60389847134288899E-01  0.00000000000000000E+00
  7.6980524E-02 -6.76016732084664937E+01 -3.65046976557660663E-01  0.00000000000000000E+00
  7.7978111E-02 -6.73573151662405820E+01 -3.69763718643827177E-01  0.00000000000000000E+00
  7.8988579E-02 -6.71112424410793125E+01 -3.74540822562535680E-01  0.00000000000000000E+00
  8.0012096E-02 -6.68634602427690510E+01 -3.79379046350024896E-01  0.00000000000000000E+00
  8.1048830E-02 -6.66139748249195520E+01 -3.84279156991942816E-01  0.00000000000000000E+00
  8.2098951E-02 -6.63627933780302186E+01 -3.89241930506109335E-01  0.00000000000000000E+00
  8.3162632E-02 -6.61099239240923282E+01 -3.94268152025068652E-01  0.00000000000000000E+00
  8.4240050E-02 -6.58553752130068943E+01 -3.99358615878377954E-01  0.00000000000000000E+00
  8.5331379E-02 -6.55991566212349539E+01 -4.04514125674580949E-01  0.00000000000000000E+00
  8.6436802E-02 -6.53412780532148787E+01 -4.09735494382809984E-01  0.00000000000000000E+00
  8.7556499E-02 -6.50817498461433672E+01 -4.15023544413948176E-01  0.00000000000000000E+00
  8.8690654E-02 -6.48205826787251880E+01 -4.20379107701300270E-01  0.00000000000000000E+00
  8.9839456E-02 -6.45577874844839812E+01 -4.25803025780695676E-01  0.00000000000000000E+00
  9.1003091E-02 -6.42933753701881727E+01 -4.31296149869962175E-01  0.00000000000000000E+00
  9.2181754E-02 -6.40273575398873902E+01 -4.36859340947689412E-01  0.00000000000000000E+00
  9.3375636E-02 -6.37597452249834333E+01 -4.42493469831215236E-01  0.00000000000000000E+00
  9.4584935E-02 -6.34905496207016427E+01 -4.48199417253749344E-01  0.00000000000000000E+00
  9.5809850E-02 -6.32197818292641642E+01 -4.53978073940551730E-01  0.00000000000000000E+00
  9.7050582E-02 -6.29474528100001223E+01 -4.59830340684079963E-01  0.00000000000000000E+00
  9.8307337E-02 -6.26735733365753873E+01 -4.65757128418015476E-01  0.00000000000000000E+00
  9.9580320E-02 -6.23981539614717491E+01 -4.71759358290072150E-01  0.00000000000000000E+00
  1.0086974E-01 -6.21212049877921260E+01 -4.77837961733484029E-01  0.00000000000000000E+00
  1.0217581E-01 -6.18427364484052973E+01 -4.83993880537076482E-01  0.00000000000000000E+00
  1.0349875E-01 -6.15627580923919737E+01 -4.90228066913807770E-01  0.00000000000000000E+00
  1.0483877E-01 -6.12812793786827683E+01 -4.96541483567662867E-01  0.00000000000000000E+00
  1.0619609E-01 -6.09983094766941889E+01 -5.02935103758790358E-01  0.00000000000000000E+00
  1.0757095E-01 -6.07138572736874664E+01 -5.09409911366752621E-01  0.00000000000000000E+00
  1.0896355E-01 -6.04279313884692186E+01 -5.15966900951763452E-01  0.00000000000000000E+00
  1.1037414E-01 -6.01405401909474904E+01 -5.22607077813771803E-01  0.00000000000000000E+00
  1.1180294E-01 -5.98516918269352161E+01 -5.29331458049262626E-01  0.00000000000000000E+00
  1.1325020E-01 -5.95613942474802442E+01 -5.36141068605619275E-01  0.00000000000000000E+00
  1.1471614E-01 -5.92696552418964160E+01 -5.43036947332893316E-01  0.00000000000000000E+00
  1.1620101E-01 -5.89764824735731210E+01 -5.50020143032832198E-01  0.00000000000000000E+00
  1.1770506E-01 -5.86818835175938744E+01 -5.57091715504987706E-01  0.00000000000000000E+00
  1.1922853E-01 -5.83858658991976043E+01 -5.64252735589741095E-01  0.00000000000000000E+00
  1.2077167E-01 -5.80884371321965318E+01 -5.71504285208052409E-01  0.00000000000000000E+00
  1.2233474E-01 -5.77896047566496165E+01 -5.78847457397761000E-01  0.00000000000000000E+00
  1.2391799E-01 -5.74893763754285487E+01 -5.86283356346229523E-01  0.00000000000000000E+00
  1.2552169E-01 -5.71877596898162750E+01 -5.93813097419128910E-01  0.00000000000000000E+00
  1.2714609E-01 -5.68847625349912889E+01 -6.01437807185157047E-01  0.00000000000000000E+00
  1.2879147E-01 -5.65803929172201734E+01 -6.09158623436462876E-01  0.00000000000000000E+00
  1.3045810E-01 -5.62746590558140127E+01 -6.16976695204551784E-01  0.00000000000000000E+00
  1.3214625E-01 -5.59675694344291870E+01 -6.24893182771421252E-01  0.00000000000000000E+00
  1.3385620E-01 -5.56591328680860258E+01 -6.32909257675690951E-01  0.00000000000000000E+00
  1.3558824E-01 -5.53493585943168114E+01 -6.41026102713456392E-01  0.00000000000000000E+00
  1.3734263E-01 -5.50382563990335072E+01 -6.49244911933596125E-01  0.00000000000000000E+00
  1.3911968E-01 -5.47258367898740943E+01 -6.57566890627256040E-01  0.00000000000000000E+00
  1.4091968E-01 -5.44121112317354800E+01 -6.65993255311211785E-01  0.00000000000000000E+00
  1.4274293E-01 -5.40970924606032924E+01 -6.74525233704809657E-01  0.00000000000000000E+00
  1.4458971E-01 -5.37807948922436623E+01 -6.83164064700157669E-01  0.00000000000000000E+00
  1.4646035E-01 -5.34632351413286031E+01 -6.91910998325253268E-01  0.00000000000000000E+00
  1.4835514E-01 -5.31444326635825774E+01 -7.00767295699690318E-01  0.00000000000000000E+00
  1.5027439E-01 -5.28244105279699738E+01 -7.09734228982592197E-01  0.00000000000000000E+00
  1.5221844E-01 -5.25031963172787854E+01 -7.18813081312404734E-01  0.00000000000000000E+00
  1.5418758E-01 -5.21808231433737575E+01 -7.28005146738159858E-01  0.00000000000000000E+00
  1.5618215E-01 -5.18573307478530410E+01 -7.37311730141802624E-01  0.00000000000000000E+00
  1.5820248E-01 -5.15327666403052405E+01 -7.46734147151180250E-01  0.00000000000000000E+00
  1.6024890E-01 -5.12071872058872657E+01 -7.56273724043245776E-01  0.00000000000000000E+00
  1.6232175E-01 -5.08806586932980309E+01 -7.65931797637035006E-01  0.00000000000000000E+00
  1.6442136E-01 -5.05532579757310714E+01 -7.75709715175944114E-01  0.00000000000000000E+00
  1.6654808E-01 -5.02250729646124441E+01 -7.85608834198828987E-01  0.00000000000000000E+00
  1.6870227E-01 -4.98962025492275885E+01 -7.95630522399420226E-01  0.00000000000000000E+00
  1.7088427E-01 -4.95667559425149733E+01 -8.05776157473524379E-01  0.00000000000000000E+00
  1.7309445E-01 -4.92368513321832992E+01 -8.16047126953477919E-01  0.00000000000000000E+00
  1.7533317E-01 -4.89066137629268027E+01 -8.26444828029285539E-01  0.00000000000000000E+00
  1.7760080E-01 -4.85761722207416540E+01 -8.36970667355860010E-01  0.00000000000000000E+00
  1.7989771E-01 -4.82456559430067387E+01 -8.47626060845745988E-01  0.00000000000000000E+00
  1.8222428E-01 -4.79151900356770710E+01 -8.58412433446716139E-01  0.00000000000000000E+00
  1.8458090E-01 -4.75848905470201089E+01 -8.69331218903571457E-01  0.00000000000000000E+00
  1.8696795E-01 -4.72548592216309942E+01 -8.80383859503465982E-01  0.00000000000000000E+00
  1.8938582E-01 -4.69251782411643035E+01 -8.91571805804069029E-01  0.00000000000000000E+00
  1.9183491E-01 -4.65959053463973163E+01 -9.02896516343813627E-01  0.00000000000000000E+00
  1.9431563E-01 -4.62670698192383441E+01 -9.14359457333495329E-01  0.00000000000000000E+00
  1.9682838E-01 -4.59386698595938654E+01 -9.25962102328415027E-01  0.00000000000000000E+00
  1.9937358E-01 -4.56106718863372365E+01 -9.37705931880273957E-01  0.00000000000000000E+00
  2.0195165E-01 -4.52830121882793009E+01 -9.49592433167968264E-01  0.00000000000000000E+00
  2.0456301E-01 -4.49556011234100481E+01 -9.61623099606402909E-01  0.00000000000000000E+00
  2.0720809E-01 -4.46283297231636737E+01 -9.73799430432434332E-01  0.00000000000000000E+00
  2.0988732E-01 -4.43010781595967842E+01 -9.86122930266993158E-01  0.00000000000000000E+00
  2.1260115E-01 -4.39737251716338662E+01 -9.98595108652423513E-01  0.00000000000000000E+00
  2.1535003E-01 -4.36461573293009337E+01 -1.01121747956402408E+00  0.00000000000000000E+00
  2.1813440E-01 -4.33182770178838084E+01 -1.02399156089475607E+00  0.00000000000000000E+00
  2.2095473E-01 -4.29900082580612519E+01 -1.03691887391204540E+00  0.00000000000000000E+00
  2.2381148E-01 -4.26612998812519209E+01 -1.05000094268554145E+00  0.00000000000000000E+00
  2.2670512E-01 -4.23321260409325077E+01 -1.06323929348470547E+00  0.00000000000000000E+00
  2.2963612E-01 -4.20024844442273775E+01 -1.07663545414500850E+00  0.00000000000000000E+00
  2.3260497E-01 -4.16723929517126237E+01 -1.09019095340152394E+00  0.00000000000000000E+00
  2.3561216E-01 -4.13418852891623132E+01 -1.10390732018860738E+00  0.00000000000000000E+00
  2.3865818E-01 -4.10110065641323658E+01 -1.11778608290437242E+00  0.00000000000000000E+00
  2.4174354E-01 -4.06798091328063549E+01 -1.13182876863857396E+00  0.00000000000000000E+00
  2.4486873E-01 -4.03483491739871880E+01 -1.14603690236248434E+00  0.00000000000000000E+00
  2.4803429E-01 -4.00166841424069801E+01 -1.16041200607931239E+00  0.00000000000000000E+00
  2.5124072E-01 -3.96848711203175952E+01 -1.17495559793364457E+00  0.00000000000000000E+00
  2.5448855E-01 -3.93529659762466579E+01 -1.18966919127835502E+00  0.00000000000000000E+00
  2.5777833E-01 -3.90210231731540205E+01 -1.20455429369735945E+00  0.00000000000000000E+00
  2.6111058E-01 -3.86890960390726804E+01 -1.21961240598256571E+00  0.00000000000000000E+00
  2.6448587E-01 -3.83572373132621323E+01 -1.23484502106329175E+00  0.00000000000000000E+00
  2.6790474E-01 -3.80254998011533729E+01 -1.25025362288637365E+00  0.00000000000000000E+00
  2.7136776E-01 -3.76939370038598014E+01 -1.26583968524514057E+00  0.00000000000000000E+00
  2.7487550E-01 -3.73626036258860594E+01 -1.28160467055537231E+00  0.00000000000000000E+00
  2.7842853E-01 -3.70315559023564020E+01 -1.29755002857626911E+00  0.00000000000000000E+00
  2.8202745E-01 -3.67008517206229072E+01 -1.31367719507445324E+00  0.00000000000000000E+00
  2.8567284E-01 -3.63705505380830800E+01 -1.32998759042891468E+00  0.00000000000000000E+00
  2.8936530E-01 -3.60407131174115563E+01 -1.34648261817477222E+00  0.00000000000000000E+00
  2.9310545E-01 -3.57114011123588426E+01 -1.36316366348364681E+00  0.00000000000000000E+00
  2.9689389E-01 -3.53826765427530390E+01 -1.38003209157839013E+00  0.00000000000000000E+00
  3.0073125E-01 -3.50546011978256971E+01 -1.39708924607984297E+00  0.00000000000000000E+00
  3.0461816E-01 -3.47272360039888497E+01 -1.41433644728319696E+00  0.00000000000000000E+00
  3.0855527E-01 -3.44006403881633958E+01 -1.43177499036152978E+00  0.00000000000000000E+00
  3.1254322E-01 -3.40748716619040906E+01 -1.44940614349394403E+00  0.00000000000000000E+00
  3.1658266E-01 -3.37499844457169189E+01 -1.46723114591572257E+00  0.00000000000000000E+00
  3.2067426E-01 -3.34260301476860420E+01 -1.48525120588779180E+00  0.00000000000000000E+00
  3.2481871E-01 -3.31030565061136173E+01 -1.50346749858276540E+00  0.00000000000000000E+00
  3.2901667E-01 -3.27811072024155266E+01 -1.52188116388472361E+00  0.00000000000000000E+00
  3.3326883E-01 -3.24602215479726297E+01 -1.54049330409981700E+00  0.00000000000000000E+00
  3.3757591E-01 -3.21404342468755786E+01 -1.55930498157473041E+00  0.00000000000000000E+00
  3.4193861E-01 -3.18217752353726908E+01 -1.57831721621993970E+00  0.00000000000000000E+00
  3.4635764E-01 -3.15042695981560072E+01 -1.59753098293463225E+00  0.00000000000000000E+00
  3.5083373E-01 -3.11879375612336958E+01 -1.61694720893007537E+00  0.00000000000000000E+00
  3.5536763E-01 -3.08727945608747163E+01 -1.63656677094814862E+00  0.00000000000000000E+00
  3.5996007E-01 -3.05588513878560164E+01 -1.65639049237169145E+00  0.00000000000000000E+00
  3.6461181E-01 -3.02461144058523672E+01 -1.67641914022318583E+00  0.00000000000000000E+00
  3.6932363E-01 -2.99345858421681470E+01 -1.69665342204829828E+00  0.00000000000000000E+00
  3.7409628E-01 -2.96242641480353228E+01 -1.71709398268066771E+00  0.00000000000000000E+00
  3.7893057E-01 -2.93151444242715655E+01 -1.73774140088426510E+00  0.00000000000000000E+00
  3.8382729E-01 -2.90072189061305892E+01 -1.75859618586958821E+00  0.00000000000000000E+00
  3.8878723E-01 -2.87004774985868494E+01 -1.77965877367988012E+00  0.00000000000000000E+00
  3.9381123E-01 -2.83949083500437780E+01 -1.80092952344347856E+00  0.00000000000000000E+00
  3.9890010E-01 -2.80904984484850502E+01 -1.82240871348832489E+00  0.00000000000000000E+00
  4.0405468E-01 -2.77872342194302462E+01 -1.84409653731463075E+00  0.00000000000000000E+00
  4.0927583E-01 -2.74851020998265483E+01 -1.86599309942159897E+00  0.00000000000000000E+00
  4.1456439E-01 -2.71840890563944271E+01 -1.88809841098404485E+00  0.00000000000000000E+00
  4.1992125E-01 -2.68841830113190241E+01 -1.91041238537469993E+00  0.00000000000000000E+00
  4.2534728E-01 -2.65853731330719825E+01 -1.93293483352795104E+00  0.00000000000000000E+00
  4.3084338E-01 -2.62876499463670967E+01 -1.95566545914067924E+00  0.00000000000000000E+00
  4.3641046E-01 -2.59910052138306469E+01 -1.97860385370582326E+00  0.00000000000000000E+00
  4.4204942E-01 -2.56954315442956016E+01 -2.00174949137429081E+00  0.00000000000000000E+00
  4.4776119E-01 -2.54009216904281061E+01 -2.02510172364074537E+00  0.00000000000000000E+00
  4.5354673E-01 -2.51074675137346901E+01 -2.04865977384881148E+00  0.00000000000000000E+00
  4.5940697E-01 -2.48150586202656456E+01 -2.07242273151118850E+00  0.00000000000000000E+00
  4.6534289E-01 -2.45236807081578121E+01 -2.09638954644017916E+00  0.00000000000000000E+00
  4.7135546E-01 -2.42333137213053362E+01 -2.12055902268410490E+00  0.00000000000000000E+00
  4.7744567E-01 -2.39439299736306879E+01 -2.14492981226507506E+00  0.00000000000000000E+00
  4.8361453E-01 -2.36554924988904247E+01 -2.16950040871363647E+00  0.00000000000000000E+00
  4.8986304E-01 -2.33679539884890204E+01 -2.19426914039580145E+00  0.00000000000000000E+00
  4.9619224E-01 -2.30812567968150688E+01 -2.21923416362799131E+00  0.00000000000000000E+00
  5.0260317E-01 -2.27953346162546211E+01 -2.24439345557551828E+00  0.00000000000000000E+00
  5.0909689E-01 -2.25101165216949965E+01 -2.26974480693024239E+00  0.00000000000000000E+00
  5.1567446E-01 -2.22255341151965240E+01 -2.29528581436314605E+00  0.00000000000000000E+00
  5.2233697E-01 -2.19415324167985233E+01 -2.32101387274761395E+00  0.00000000000000000E+00
  5.2908552E-01 -2.16580848755015438E+01 -2.34692616714938218E+00  0.00000000000000000E+00
  5.3592120E-01 -2.13752123452478600E+01 -2.37301966457918390E+00  0.00000000000000000E+00
  5.4284516E-01 -2.10930050284080295E+01 -2.39929110550426206E+00  0.00000000000000000E+00
  5.4985853E-01 -2.08116452558511327E+01 -2.42573699511514418E+00  0.00000000000000000E+00
  5.5696246E-01 -2.05314276772503916E+01 -2.45235359434418010E+00  0.00000000000000000E+00
  5.6415813E-01 -2.02527722248844810E+01 -2.47913691063261377E+00  0.00000000000000000E+00
  5.7144672E-01 -1.99762244659235364E+01 -2.50608268844314530E+00  0.00000000000000000E+00
  5.7882942E-01 -1.97024380918144999E+01 -2.53318639951524194E+00  0.00000000000000000E+00
  5.8630746E-01 -1.94321356590741914E+01 -2.56044323286073539E+00  0.00000000000000000E+00
  5.9388206E-01 -1.91660464869527090E+01 -2.58784808449750159E+00  0.00000000000000000E+00
  6.0155448E-01 -1.89048248276247222E+01 -2.61539554691948206E+00  0.00000000000000000E+00
  6.0932597E-01 -1.86489568072058347E+01 -2.64307989830158041E+00  0.00000000000000000E+00
  6.1719781E-01 -1.83986705076283386E+01 -2.67089509143846149E+00  0.00000000000000000E+00
  6.2517131E-01 -1.81538683907898530E+01 -2.69883474241667187E+00  0.00000000000000000E+00
  6.3324777E-01 -1.79141024304396268E+01 -2.72689211902008921E+00  0.00000000000000000E+00
  6.4142852E-01 -1.76786068236817044E+01 -2.75506012886915785E+00  0.00000000000000000E+00
  6.4971491E-01 -1.74463898439891096E+01 -2.78333130729498235E+00  0.00000000000000000E+00
  6.5810830E-01 -1.72163684505383259E+01 -2.81169780495003385E+00  0.00000000000000000E+00
  6.6661008E-01 -1.69875142901430820E+01 -2.84015137515783467E+00  0.00000000000000000E+00
  6.7522165E-01 -1.67589757465682965E+01 -2.86868336100476062E+00  0.00000000000000000E+00
  6.8394441E-01 -1.65301503923346615E+01 -2.89728468217789015E+00  0.00000000000000000E+00
  6.9277982E-01 -1.63007005124968885E+01 -2.92594582155368155E+00  0.00000000000000000E+00
  7.0172931E-01 -1.60705219837306572E+01 -2.95465681154318460E+00  0.00000000000000000E+00
  7.1079438E-01 -1.58396864473617853E+01 -2.98340722020042204E+00  0.00000000000000000E+00
  7.1997650E-01 -1.56083769249228368E+01 -3.01218613710171912E+00  0.00000000000000000E+00
  7.2927719E-01 -1.53768310823111705E+01 -3.04098215900480451E+00  0.00000000000000000E+00
  7.3869799E-01 -1.51452988509264088E+01 -3.06978337529774592E+00  0.00000000000000000E+00
  7.4824043E-01 -1.49140152239304626E+01 -3.09857735324904482E+00  0.00000000000000000E+00
  7.5790610E-01 -1.46831857862943309E+01 -3.12735112307164442E+00  0.00000000000000000E+00
  7.6769659E-01 -1.44529814811634623E+01 -3.15609116281500368E+00  0.00000000000000000E+00
  7.7761349E-01 -1.42235393469394467E+01 -3.18478338310097397E+00  0.00000000000000000E+00
  7.8765846E-01 -1.39949666895638671E+01 -3.21341311172093791E+00  0.00000000000000000E+00
  7.9783314E-01 -1.37673469164416815E+01 -3.24196507811336376E+00  0.00000000000000000E+00
  8.0813921E-01 -1.35407458651110062E+01 -3.27042339774288715E+00  0.00000000000000000E+00
  8.1857836E-01 -1.33152178873003493E+01 -3.29877155640404851E+00  0.00000000000000000E+00
  8.2915231E-01 -1.30908112383625763E+01 -3.32699239447495465E+00  0.00000000000000000E+00
  8.3986281E-01 -1.28675725221254993E+01 -3.35506809114846449E+00  0.00000000000000000E+00
  8.5071161E-01 -1.26455500865970407E+01 -3.38298014867091723E+00  0.00000000000000000E+00
  8.6170051E-01 -1.24247963748012324E+01 -3.41070937662113360E+00  0.00000000000000000E+00
  8.7283131E-01 -1.22053693144185615E+01 -3.43823587626512017E+00  0.00000000000000000E+00
  8.8410584E-01 -1.19873328823201888E+01 -3.46553902502498357E+00  0.00000000000000000E+00
  8.9552596E-01 -1.17707570076725858E+01 -3.49259746110381597E+00  0.00000000000000000E+00
  9.0709355E-01 -1.15557169836107079E+01 -3.51938906831163845E+00  0.00000000000000000E+00
  9.1881051E-01 -1.13422925474691425E+01 -3.54589096114130387E+00  0.00000000000000000E+00
  9.3067878E-01 -1.11305667688453980E+01 -3.57207947014724603E+00  0.00000000000000000E+00
  9.4270030E-01 -1.09206248586143460E+01 -3.59793012768414844E+00  0.00000000000000000E+00
  9.5487706E-01 -1.07125529846520635E+01 -3.62341765406731575E+00  0.00000000000000000E+00
  9.6721106E-01 -1.05064371545242778E+01 -3.64851594422154957E+00  0.00000000000000000E+00
  9.7970433E-01 -1.03023622035121178E+01 -3.67319805489063089E+00  0.00000000000000000E+00
  9.9235893E-01 -1.01004109087931369E+01 -3.69743619248544908E+00  0.00000000000000000E+00
  1.0051769E+00 -9.90066323741844201E+00 -3.72120170165525233E+00  0.00000000000000000E+00
  1.0181605E+00 -9.70319572647976258E+00 -3.74446505467324586E+00  0.00000000000000000E+00
  1.0313117E+00 -9.50808098783629418E+00 -3.76719584173559641E+00  0.00000000000000000E+00
  1.0446327E+00 -9.31538732631318567E+00 -3.78936276228094959E+00  0.00000000000000000E+00
  1.0581257E+00 -9.12517845866156563E+00 -3.81093361744683268E+00  0.00000000000000000E+00
  1.0717930E+00 -8.93751332022736733E+00 -3.83187530378924945E+00  0.00000000000000000E+00
  1.0856367E+00 -8.75244594678153476E+00 -3.85215380840271582E+00  0.00000000000000000E+00
  1.0996592E+00 -8.57002541990905797E+00 -3.87173420559021242E+00  0.00000000000000000E+00
  1.1138628E+00 -8.39029586554728724E+00 -3.89058065524593033E+00  0.00000000000000000E+00
  1.1282498E+00 -8.21329649653405625E+00 -3.90865640312851426E+00  0.00000000000000000E+00
  1.1428226E+00 -8.03906169122430470E+00 -3.92592378321905633E+00  0.00000000000000000E+00
  1.1575836E+00 -7.86762110135254034E+00 -3.94234422237650062E+00  0.00000000000000000E+00
  1.1725352E+00 -7.69899978332162505E+00 -3.95787824752342976E+00  0.00000000000000000E+00
  1.1876798E+00 -7.53321834793628398E+00 -3.97248549561815656E+00  0.00000000000000000E+00
  1.2030200E+00 -7.37029312435987549E+00 -3.98612472669445772E+00  0.00000000000000000E+00
  1.2185583E+00 -7.21023633451906676E+00 -3.99875384027874992E+00  0.00000000000000000E+00
  1.2342973E+00 -7.05305627510666966E+00 -4.01032989552643837E+00  0.00000000000000000E+00
  1.2502395E+00 -6.89875750458669756E+00 -4.02080913545492891E+00  0.00000000000000000E+00
  1.2663876E+00 -6.74734103210765568E+00 -4.03014701569080991E+00  0.00000000000000000E+00
  1.2827441E+00 -6.59880450686381437E+00 -4.03829823819375378E+00  0.00000000000000000E+00
  1.2993119E+00 -6.45314240667744343E+00 -4.04521679047013372E+00  0.00000000000000000E+00
  1.3160937E+00 -6.31034622338590623E+00 -4.05085599084613790E+00  0.00000000000000000E+00
  1.3330921E+00 -6.17040464396977484E+00 -4.05516854043382935E+00  0.00000000000000000E+00
  1.3503101E+00 -6.03330372743369026E+00 -4.05810658249527290E+00  0.00000000000000000E+00
  1.3677504E+00 -5.89902707476964849E+00 -4.05962176999030344E+00  0.00000000000000000E+00
  1.3854159E+00 -5.76755599132046370E+00 -4.05966534218392905E+00  0.00000000000000000E+00
  1.4033095E+00 -5.63886964334889740E+00 -4.05818821129101703E+00  0.00000000000000000E+00
  1.4214341E+00 -5.51294520659079978E+00 -4.05514106024995158E+00  0.00000000000000000E+00
  1.4397929E+00 -5.38975800624046997E+00 -4.05047445284509600E+00  0.00000000000000000E+00
  1.4583887E+00 -5.26928164928175136E+00 -4.04413895754169594E+00  0.00000000000000000E+00
  1.4772246E+00 -5.15148814875442440E+00 -4.03608528655799859E+00  0.00000000000000000E+00
  1.4963037E+00 -5.03634804023241145E+00 -4.02626445188018245E+00  0.00000000000000000E+00
  1.5156293E+00 -4.92383049077295709E+00 -4.01462794012802160E+00  0.00000000000000000E+00
  1.5352043E+00 -4.81390340070818468E+00 -4.00112790840568078E+00  0.00000000000000000E+00
  1.5550322E+00 -4.70653349873387583E+00 -3.98571740352525250E+00  0.00000000000000000E+00
  1.5751161E+00 -4.60168643080555739E+00 -3.96835060727344668E+00  0.00000000000000000E+00
  1.5954593E+00 -4.49932684341702327E+00 -3.94898311070719643E+00  0.00000000000000000E+00
  1.6160653E+00 -4.39941846096445488E+00 -3.92757222081557389E+00  0.00000000000000000E+00
  1.6369373E+00 -4.30192416426862678E+00 -3.90407730327645108E+00  0.00000000000000000E+00
  1.6580788E+00 -4.20680605026637977E+00 -3.87846016547098360E+00  0.00000000000000000E+00
  1.6794934E+00 -4.11402550035651871E+00 -3.85068548440127767E+00  0.00000000000000000E+00
  1.7011845E+00 -4.02354325999850460E+00 -3.82072128469072236E+00  0.00000000000000000E+00
  1.7231557E+00 -3.93531948192747905E+00 -3.78853947243701006E+00  0.00000000000000000E+00
  1.7454106E+00 -3.84931378430559334E+00 -3.75411643133982231E+00  0.00000000000000000E+00
  1.7679528E+00 -3.76548531681343945E+00 -3.71743368824274478E+00  0.00000000000000000E+00
  1.7907862E+00 -3.68379281091671373E+00 -3.67847865601768920E+00  0.00000000000000000E+00
  1.8139144E+00 -3.60419463444671351E+00 -3.63724546258443349E+00  0.00000000000000000E+00
  1.8373413E+00 -3.52664884415617053E+00 -3.59373587580260745E+00  0.00000000000000000E+00
  1.8610707E+00 -3.45111323721852159E+00 -3.54796033500272223E+00  0.00000000000000000E+00
  1.8851065E+00 -3.37754540172298334E+00 -3.49993910104113359E+00  0.00000000000000000E+00
  1.9094527E+00 -3.30590276620435475E+00 -3.44970353797313134E+00  0.00000000000000000E+00
  1.9341133E+00 -3.23614264824929876E+00 -3.39729754074207824E+00  0.00000000000000000E+00
  1.9590923E+00 -3.16822230219300138E+00 -3.34277912467991101E+00  0.00000000000000000E+00
  1.9843939E+00 -3.10209896591507572E+00 -3.28622219410512040E+00  0.00000000000000000E+00
  2.0100222E+00 -3.03772990674856658E+00 -3.22771850888421596E+00  0.00000000000000000E+00
  2.0359815E+00 -2.97507246650582147E+00 -3.16737986948488492E+00  0.00000000000000000E+00
  2.0622760E+00 -2.91408410562635822E+00 -3.10534054278241056E+00  0.00000000000000000E+00
  2.0889100E+00 -2.85472244645997364E+00 -3.04175995267021992E+00  0.00000000000000000E+00
  2.1158879E+00 -2.79694531568652849E+00 -2.97682566134721505E+00  0.00000000000000000E+00
  2.1432142E+00 -2.74071078587115835E+00 -2.91075666898012253E+00  0.00000000000000000E+00
  2.1708934E+00 -2.68597721615529395E+00 -2.84380706122846760E+00  0.00000000000000000E+00
  2.1989300E+00 -2.63270329206477527E+00 -2.77627003582183107E+00  0.00000000000000000E+00
  2.2273287E+00 -2.58084806440989212E+00 -2.70848234092881190E+00  0.00000000000000000E+00
  2.2560940E+00 -2.53037098724797715E+00 -2.64082915937275997E+00  0.00000000000000000E+00
  2.2852308E+00 -2.48123195485904091E+00 -2.57374947372646545E+00  0.00000000000000000E+00
  2.3147439E+00 -2.43339133769013927E+00 -2.50774194783050897E+00  0.00000000000000000E+00
  2.3446381E+00 -2.38681001721704433E+00 -2.44337136016786793E+00  0.00000000000000000E+00
  2.3749183E+00 -2.34144941967259967E+00 -2.38127562359781431E+00  0.00000000000000000E+00
  2.4055895E+00 -2.29727154861168970E+00 -2.32217342396764614E+00  0.00000000000000000E+00
  2.4366567E+00 -2.25423901629207535E+00 -2.26687250679188645E+00  0.00000000000000000E+00
  2.4681252E+00 -2.21231507387531678E+00 -2.21627863616606424E+00  0.00000000000000000E+00
  2.5000000E+00 -2.17146364049300189E+00 -2.17146364049300189E+00  0.00000000000000000E+00
  2.5322864E+00 -2.13164933125176503E+00 -2.13164933125176503E+00  0.00000000000000000E+00
  2.5649897E+00 -2.09283748429304239E+00 -2.09283748429304239E+00  0.00000000000000000E+00
  2.5981154E+00 -2.05499418707643144E+00 -2.05499418707643144E+00  0.00000000000000000E+00
  2.6316688E+00 -2.01808630208768136E+00 -2.01808630208768136E+00  0.00000000000000000E+00
  2.6656554E+00 -1.98208149221686369E+00 -1.98208149221686369E+00  0.00000000000000000E+00
  2.7000810E+00 -1.94694824609048567E+00 -1.94694824609048567E+00  0.00000000000000000E+00
  2.7349511E+00 -1.91265590365368610E+00 -1.91265590365368610E+00  0.00000000000000000E+00
  2.7702714E+00 -1.87917468232079443E+00 -1.87917468232079443E+00  0.00000000000000000E+00
  2.8060479E+00 -1.84647570400227323E+00 -1.84647570400227323E+00  0.00000000000000000E+00
  2.8422863E+00 -1.81453102328651994E+00 -1.81453102328651994E+00  0.00000000000000000E+00
  2.8789928E+00 -1.78331365702022993E+00 -1.78331365702022993E+00  0.00000000000000000E+00
  2.9161732E+00 -1.75279761545458257E+00 -1.75279761545458257E+00  0.00000000000000000E+00
  2.9538337E+00 -1.72295793502948413E+00 -1.72295793502948413E+00  0.00000000000000000E+00
  2.9919805E+00 -1.69377071276053925E+00 -1.69377071276053925E+00  0.00000000000000000E+00
  3.0306199E+00 -1.66521314204037196E+00 -1.66521314204037196E+00  0.00000000000000000E+00
  3.0697583E+00 -1.63726354951111830E+00 -1.63726354951111830E+00  0.00000000000000000E+00
  3.1094021E+00 -1.60990143248184836E+00 -1.60990143248184836E+00  0.00000000000000000E+00
  3.1495578E+00 -1.58310749617210433E+00 -1.58310749617210433E+00  0.00000000000000000E+00
  3.1902321E+00 -1.55686368985800527E+00 -1.55686368985800527E+00  0.00000000000000000E+00
  3.2314316E+00 -1.53115324080523862E+00 -1.53115324080523862E+00  0.00000000000000000E+00
  3.2731631E+00 -1.50596068467737609E+00 -1.50596068467737609E+00  0.00000000000000000E+00
  3.3154334E+00 -1.48127189093919753E+00 -1.48127189093919753E+00  0.00000000000000000E+00
  3.3582497E+00 -1.45707408163789864E+00 -1.45707408163789864E+00  0.00000000000000000E+00
  3.4016188E+00 -1.43335584184043796E+00 -1.43335584184043796E+00  0.00000000000000000E+00
  3.4455479E+00 -1.41010711995983229E+00 -1.41010711995983229E+00  0.00000000000000000E+00
  3.4900444E+00 -1.38731921621068466E+00 -1.38731921621068466E+00  0.00000000000000000E+00
  3.5351154E+00 -1.36498475750627790E+00 -1.36498475750627790E+00  0.00000000000000000E+00
  3.5807684E+00 -1.34309765725839725E+00 -1.34309765725839725E+00  0.00000000000000000E+00
  3.6270109E+00 -1.32165305874927697E+00 -1.32165305874927697E+00  0.00000000000000000E+00
  3.6738506E+00 -1.30064726103020689E+00 -1.30064726103020689E+00  0.00000000000000000E+00
  3.7212951E+00 -1.28007762664296365E+00 -1.28007762664296365E+00  0.00000000000000000E+00
  3.7693523E+00 -1.25994247087479039E+00 -1.25994247087479039E+00  0.00000000000000000E+00
  3.8180301E+00 -1.24024093260986490E+00 -1.24024093260986490E+00  0.00000000000000000E+00
  3.8673364E+00 -1.22097282752514502E+00 -1.22097282752514502E+00  0.00000000000000000E+00
  3.9172794E+00 -1.20213848457264305E+00 -1.20213848457264305E+00  0.00000000000000000E+00
  3.9678674E+00 -1.18373856726813642E+00 -1.18373856726813642E+00  0.00000000000000000E+00
  4.0191086E+00 -1.16577387932859722E+00 -1.16577387932859722E+00  0.00000000000000000E+00
  4.0710115E+00 -1.14824517804615311E+00 -1.14824517804615311E+00  0.00000000000000000E+00
  4.1235846E+00 -1.13115293320622357E+00 -1.13115293320622357E+00  0.00000000000000000E+00
  4.1768366E+00 -1.11449711430863374E+00 -1.11449711430863374E+00  0.00000000000000000E+00
  4.2307763E+00 -1.09827702724241760E+00 -1.09827702724241760E+00  0.00000000000000000E+00
  4.2854125E+00 -1.08249104693953768E+00 -1.08249104693953768E+00  0.00000000000000000E+00
  4.3407542E+00 -1.06713640275795285E+00 -1.06713640275795285E+00  0.00000000000000000E+00
  4.3968105E+00 -1.05220900872238587E+00 -1.05220900872238587E+00  0.00000000000000000E+00
  4.4535907E+00 -1.03770325989275136E+00 -1.03770325989275136E+00  0.00000000000000000E+00
  4.5111042E+00 -1.02361186417526540E+00 -1.02361186417526540E+00  0.00000000000000000E+00
  4.5693603E+00 -1.00992569101251206E+00 -1.00992569101251206E+00  0.00000000000000000E+00
  4.6283687E+00 -9.96633643850586282E-01 -9.96633643850586282E-01  0.00000000000000000E+00
  4.6881390E+00 -9.83722559342851355E-01 -9.83722559342851355E-01  0.00000000000000000E+00
  4.7486812E+00 -9.71177136361092153E-01 -9.71177136361092153E-01  0.00000000000000000E+00
  4.8100052E+00 -9.58979897602802112E-01 -9.58979897602802112E-01  0.00000000000000000E+00
  4.8721210E+00 -9.47111186273744465E-01 -9.47111186273744465E-01  0.00000000000000000E+00
  4.9350390E+00 -9.35549199952276922E-01 -9.35549199952276922E-01  0.00000000000000000E+00
  4.9987695E+00 -9.24270063287622179E-01 -9.24270063287622179E-01  0.00000000000000000E+00
  5.0633229E+00 -9.13247940650123269E-01 -9.13247940650123269E-01  0.00000000000000000E+00
  5.1287099E+00 -9.02455189210499498E-01 -9.02455189210499498E-01  0.00000000000000000E+00
  5.1949412E+00 -8.91862552192165481E-01 -8.91862552192165481E-01  0.00000000000000000E+00
  5.2620278E+00 -8.81439391197972100E-01 -8.81439391197972100E-01  0.00000000000000000E+00
  5.3299807E+00 -8.71153955578293449E-01 -8.71153955578293449E-01  0.00000000000000000E+00
  5.3988111E+00 -8.60973685799777400E-01 -8.60973685799777400E-01  0.00000000000000000E+00
  5.4685303E+00 -8.50865546718011956E-01 -8.50865546718011956E-01  0.00000000000000000E+00
  5.5391498E+00 -8.40796385593776563E-01 -8.40796385593776563E-01  0.00000000000000000E+00
  5.6106812E+00 -8.30733308671085524E-01 -8.30733308671085524E-01  0.00000000000000000E+00
  5.6831363E+00 -8.20644069211311944E-01 -8.20644069211311944E-01  0.00000000000000000E+00
  5.7565271E+00 -8.10497459108731277E-01 -8.10497459108731277E-01  0.00000000000000000E+00
  5.8308655E+00 -8.00263695658415486E-01 -8.00263695658415486E-01  0.00000000000000000E+00
  5.9061639E+00 -7.89914794760605332E-01 -7.89914794760605332E-01  0.00000000000000000E+00
  5.9824346E+00 -7.79424921863338227E-01 -7.79424921863338227E-01  0.00000000000000000E+00
  6.0596903E+00 -7.68770712294838177E-01 -7.68770712294838177E-01  0.00000000000000000E+00
  6.1379435E+00 -7.57931553325732921E-01 -7.57931553325732921E-01  0.00000000000000000E+00
  6.2172072E+00 -7.46889821302275436E-01 -7.46889821302275436E-01  0.00000000000000000E+00
  6.2974945E+00 -7.35631068479406736E-01 -7.35631068479406736E-01  0.00000000000000000E+00
  6.3788186E+00 -7.24144155690694902E-01 -7.24144155690694902E-01  0.00000000000000000E+00
  6.4611927E+00 -7.12421328647010910E-01 -7.12421328647010910E-01  0.00000000000000000E+00
  6.5446306E+00 -7.00458237378242643E-01 -7.00458237378242643E-01  0.00000000000000000E+00
  6.6291460E+00 -6.88253900033885202E-01 -6.88253900033885202E-01  0.00000000000000000E+00
  6.7147527E+00 -6.75810613852590336E-01 -6.75810613852590336E-01  0.00000000000000000E+00
  6.8014649E+00 -6.63133817529512726E-01 -6.63133817529512726E-01  0.00000000000000000E+00
  6.8892967E+00 -6.50231910390019152E-01 -6.50231910390019152E-01  0.00000000000000000E+00
  6.9782628E+00 -6.37116034681042720E-01 -6.37116034681042720E-01  0.00000000000000000E+00
  7.0683777E+00 -6.23799827891687642E-01 -6.23799827891687642E-01  0.00000000000000000E+00
  7.1596563E+00 -6.10299152319100813E-01 -6.10299152319100813E-01  0.00000000000000000E+00
  7.2521136E+00 -5.96631809104863464E-01 -5.96631809104863464E-01  0.00000000000000000E+00
  7.3457648E+00 -5.82817243729934376E-01 -5.82817243729934376E-01  0.00000000000000000E+00
  7.4406253E+00 -5.68876249493783348E-01 -5.68876249493783348E-01  0.00000000000000000E+00
  7.5367107E+00 -5.54830674876086505E-01 -5.54830674876086505E-01  0.00000000000000000E+00
  7.6340370E+00 -5.40703139931679289E-01 -5.40703139931679289E-01  0.00000000000000000E+00
  7.7326200E+00 -5.26516766045432405E-01 -5.26516766045432405E-01  0.00000000000000000E+00
  7.8324760E+00 -5.12294922524446861E-01 -5.12294922524446861E-01  0.00000000000000000E+00
  7.9336215E+00 -4.98060992665898539E-01 -4.98060992665898539E-01  0.00000000000000000E+00
  8.0360731E+00 -4.83838161136233680E-01 -4.83838161136233680E-01  0.00000000000000000E+00
  8.1398477E+00 -4.69649223765628676E-01 -4.69649223765628676E-01  0.00000000000000000E+00
  8.2449623E+00 -4.55516420206393491E-01 -4.55516420206393491E-01  0.00000000000000000E+00
  8.3514343E+00 -4.41461289341773977E-01 -4.41461289341773977E-01  0.00000000000000000E+00
  8.4592812E+00 -4.27504546862408574E-01 -4.27504546862408574E-01  0.00000000000000000E+00
  8.5685207E+00 -4.13665984054773617E-01 -4.13665984054773617E-01  0.00000000000000000E+00
  8.6791709E+00 -3.99964386556902696E-01 -3.99964386556902696E-01  0.00000000000000000E+00
  8.7912499E+00 -3.86417471635795096E-01 -3.86417471635795096E-01  0.00000000000000000E+00
  8.9047762E+00 -3.73041842405314128E-01 -3.73041842405314128E-01  0.00000000000000000E+00
  9.0197684E+00 -3.59852957334922507E-01 -3.59852957334922507E-01  0.00000000000000000E+00
  9.1362456E+00 -3.46865113383415746E-01 -3.46865113383415746E-01  0.00000000000000000E+00
  9.2542269E+00 -3.34091441114367171E-01 -3.34091441114367171E-01  0.00000000000000000E+00
  9.3737317E+00 -3.21543910209229011E-01 -3.21543910209229011E-01  0.00000000000000000E+00
  9.4947796E+00 -3.09233343877991729E-01 -3.09233343877991729E-01  0.00000000000000000E+00
  9.6173907E+00 -2.97169440767319770E-01 -2.97169440767319770E-01  0.00000000000000000E+00
  9.7415851E+00 -2.85360803076670777E-01 -2.85360803076670777E-01  0.00000000000000000E+00
  9.8673832E+00 -2.73814969713683354E-01 -2.73814969713683354E-01  0.00000000000000000E+00
  9.9948058E+00 -2.62538453438409647E-01 -2.62538453438409647E-01  0.00000000000000000E+00
  1.0123874E+01 -2.51536781062569048E-01 -2.51536781062569048E-01  0.00000000000000000E+00
  1.0254608E+01 -2.40814535888574710E-01 -2.40814535888574710E-01  0.00000000000000000E+00
  1.0387031E+01 -2.30375401676639058E-01 -2.30375401676639058E-01  0.00000000000000000E+00
  1.0521164E+01 -2.20222207530966330E-01 -2.20222207530966330E-01  0.00000000000000000E+00
  1.0657029E+01 -2.10356973190386043E-01 -2.10356973190386043E-01  0.00000000000000000E+00
  1.0794648E+01 -2.00780954289299984E-01 -2.00780954289299984E-01  0.00000000000000000E+00
  1.0934045E+01 -1.91494687233927152E-01 -1.91494687233927152E-01  0.00000000000000000E+00
  1.1075241E+01 -1.82498033404868920E-01 -1.82498033404868920E-01  0.00000000000000000E+00
  1.1218261E+01 -1.73790222453888532E-01 -1.73790222453888532E-01  0.00000000000000000E+00
  1.1363128E+01 -1.65369894517894522E-01 -1.65369894517894522E-01  0.00000000000000000E+00
  1.1509865E+01 -1.57235141214911778E-01 -1.57235141214911778E-01  0.00000000000000000E+00
  1.1658497E+01 -1.49383545323431122E-01 -1.49383545323431122E-01  0.00000000000000000E+00
  1.1809049E+01 -1.41812219081302260E-01 -1.41812219081302260E-01  0.00000000000000000E+00
  1.1961545E+01 -1.34517841063370724E-01 -1.34517841063370724E-01  0.00000000000000000E+00
  1.2116009E+01 -1.27496691619867875E-01 -1.27496691619867875E-01  0.00000000000000000E+00
  1.2272469E+01 -1.20744686874786566E-01 -1.20744686874786566E-01  0.00000000000000000E+00
  1.2430949E+01 -1.14257411296762257E-01 -1.14257411296762257E-01  0.00000000000000000E+00
  1.2591475E+01 -1.08030148864699527E-01 -1.08030148864699527E-01  0.00000000000000000E+00
  1.2754074E+01 -1.02057912860047395E-01 -1.02057912860047395E-01  0.00000000000000000E+00
  1.2918773E+01 -9.63354743190905083E-02 -9.63354743190905083E-02  0.00000000000000000E+00
  1.3085599E+01 -9.08573891875761319E-02 -9.08573891875761319E-02  0.00000000000000000E+00
  1.3254578E+01 -8.56180242168989025E-02 -8.56180242168989025E-02  0.00000000000000000E+00
  1.3425740E+01 -8.06115816437511512E-02 -8.06115816437511512E-02  0.00000000000000000E+00
  1.3599113E+01 -7.58321226963545314E-02 -7.58321226963545314E-02  0.00000000000000000E+00
  1.3774723E+01 -7.12735899664949102E-02 -7.12735899664949102E-02  0.00000000000000000E+00
  1.3952602E+01 -6.69298286862414216E-02 -6.69298286862414216E-02  0.00000000000000000E+00
  1.4132778E+01 -6.27946069474631940E-02 -6.27946069474631940E-02  0.00000000000000000E+00
  1.4315280E+01 -5.88616348979371651E-02 -5.88616348979371651E-02  0.00000000000000000E+00
  1.4500139E+01 -5.51245829458650860E-02 -5.51245829458650860E-02  0.00000000000000000E+00
  1.4687385E+01 -5.15770990046036104E-02 -5.15770990046036104E-02  0.00000000000000000E+00
  1.4877049E+01 -4.82128248034712215E-02 -4.82128248034712215E-02  0.00000000000000000E+00
  1.5069162E+01 -4.50254112907373383E-02 -4.50254112907373383E-02  0.00000000000000000E+00
  1.5263756E+01 -4.20085331530373196E-02 -4.20085331530373196E-02  0.00000000000000000E+00
  1.5460863E+01 -3.91559024709522419E-02 -3.91559024709522419E-02  0.00000000000000000E+00
  1.5660515E+01 -3.64612815329792284E-02 -3.64612815329792284E-02  0.00000000000000000E+00
  1.5862745E+01 -3.39184948253148377E-02 -3.39184948253148377E-02  0.00000000000000000E+00
  1.6067587E+01 -3.15214402147176997E-02 -3.15214402147176997E-02  0.00000000000000000E+00
  1.6275073E+01 -2.92640993422281781E-02 -2.92640993422281781E-02  0.00000000000000000E+00
  1.6485239E+01 -2.71405472433485784E-02 -2.71405472433485784E-02  0.00000000000000000E+00
  1.6698119E+01 -2.51449612097900399E-02 -2.51449612097900399E-02  0.00000000000000000E+00
  1.6913748E+01 -2.32716289093275464E-02 -2.32716289093275464E-02  0.00000000000000000E+00
  1.7132162E+01 -2.15149557790255130E-02 -2.15149557790255130E-02  0.00000000000000000E+00
  1.7353395E+01 -1.98694717063858661E-02 -1.98694717063858661E-02  0.00000000000000000E+00
  1.7577486E+01 -1.83298370163242907E-02 -1.83298370163242907E-02  0.00000000000000000E+00
  1.7804470E+01 -1.68908477796918532E-02 -1.68908477796918532E-02  0.00000000000000000E+00
  1.8034386E+01 -1.55474404596418481E-02 -1.55474404596418481E-02  0.00000000000000000E+00
  1.8267270E+01 -1.42946959152112640E-02 -1.42946959152112640E-02  0.00000000000000000E+00
  1.8503162E+01 -1.31278427802641318E-02 -1.31278427802641318E-02  0.00000000000000000E+00
  1.8742099E+01 -1.20422602360150677E-02 -1.20422602360150677E-02  0.00000000000000000E+00
  1.8984122E+01 -1.10334801994440568E-02 -1.10334801994440568E-02  0.00000000000000000E+00
  1.9229271E+01 -1.00971889469008147E-02 -1.00971889469008147E-02  0.00000000000000000E+00
  1.9477585E+01 -9.22922819600557887E-03 -9.22922819600557887E-03  0.00000000000000000E+00
  1.9729106E+01 -8.42559566831369011E-03 -8.42559566831369011E-03  0.00000000000000000E+00
  1.9983874E+01 -7.68244515562344077E-03 -7.68244515562344077E-03  0.00000000000000000E+00
  2.0241932E+01 -6.99608611535040836E-03 -6.99608611535040836E-03  0.00000000000000000E+00
  2.0503323E+01 -6.36298281952463185E-03 -6.36298281952463185E-03  0.00000000000000000E+00
  2.0768089E+01 -5.77975308164013768E-03 -5.77975308164013768E-03  0.00000000000000000E+00
  2.1036274E+01 -5.24316658952272974E-03 -5.24316658952272974E-03  0.00000000000000000E+00
  2.1307922E+01 -4.75014286944031028E-03 -4.75014286944031028E-03  0.00000000000000000E+00
  2.1583078E+01 -4.29774890741896343E-03 -4.29774890741896343E-03  0.00000000000000000E+00
  2.1861788E+01 -3.88319645598755869E-03 -3.88319645598755869E-03  0.00000000000000000E+00
  2.2144096E+01 -3.50383905313833566E-03 -3.50383905313833566E-03  0.00000000000000000E+00
  2.2430049E+01 -3.15716877901195403E-03 -3.15716877901195403E-03  0.00000000000000000E+00
  2.2719696E+01 -2.84081277911241159E-03 -2.84081277911241159E-03  0.00000000000000000E+00
  2.3013082E+01 -2.55252957865081953E-03 -2.55252957865081953E-03  0.00000000000000000E+00
  2.3310257E+01 -2.29020521548761735E-03 -2.29020521548761735E-03  0.00000000000000000E+00
  2.3611270E+01 -2.05184921698275957E-03 -2.05184921698275957E-03  0.00000000000000000E+00
  2.3916169E+01 -1.83559044501180324E-03 -1.83559044501180324E-03  0.00000000000000000E+00
  2.4225006E+01 -1.63967283440058509E-03 -1.63967283440058509E-03  0.00000000000000000E+00
  2.4537830E+01 -1.46245104831166373E-03 -1.46245104831166373E-03  0.00000000000000000E+00
  2.4854695E+01 -1.30238607229671288E-03 -1.30238607229671288E-03  0.00000000000000000E+00
  2.5175651E+01 -1.15804077016434803E-03 -1.15804077016434803E-03  0.00000000000000000E+00
  2.5500751E+01 -1.02807542158700471E-03 -1.02807542158700471E-03  0.00000000000000000E+00
  2.5830050E+01 -9.11243260063088201E-04 -9.11243260063088201E-04  0.00000000000000000E+00
  2.6163601E+01 -8.06386032579098355E-04 -8.06386032579098355E-04  0.00000000000000000E+00
  2.6501459E+01 -7.12429588446639173E-04 -7.12429588446639173E-04  0.00000000000000000E+00
  2.6843680E+01 -6.28380892820246117E-04 -6.28380892820246117E-04  0.00000000000000000E+00
  2.7190320E+01 -5.53307007251646610E-04 -5.53307007251646610E-04  0.00000000000000000E+00
  2.7541436E+01 -4.86393211389213320E-04 -4.86393211389213320E-04  0.00000000000000000E+00
  2.7897087E+01 -4.58299693207209202E-04 -4.58299693207209202E-04  0.00000000000000000E+00
  2.8257330E+01 -4.01600060683904303E-04 -4.01600060683904303E-04  0.00000000000000000E+00
  2.8622224E+01 -3.51297678889750387E-04 -3.51297678889750387E-04  0.00000000000000000E+00
  2.8991831E+01 -3.06740438901442758E-04 -3.06740438901442758E-04  0.00000000000000000E+00
  2.9366211E+01 -2.67345428028420429E-04 -2.67345428028420429E-04  0.00000000000000000E+00
  2.9745425E+01 -2.32579110857500382E-04 -2.32579110857500382E-04  0.00000000000000000E+00
  3.0129535E+01 -2.01955069073278537E-04 -2.01955069073278537E-04  0.00000000000000000E+00
  3.0518606E+01 -1.75031033592176755E-04 -1.75031033592176755E-04  0.00000000000000000E+00
  3.0912701E+01 -1.51405367745383046E-04 -1.51405367745383046E-04  0.00000000000000000E+00
  3.1311885E+01 -1.30714184109592679E-04 -1.30714184109592679E-04  0.00000000000000000E+00
  3.1716224E+01 -1.12628768349054553E-04 -1.12628768349054553E-04  0.00000000000000000E+00
  3.2125784E+01 -9.68523476245763959E-05 -9.68523476245763959E-05  0.00000000000000000E+00
  3.2540633E+01 -8.31178479643313040E-05 -8.31178479643313040E-05  0.00000000000000000E+00
  3.2960838E+01 -7.11854718389304253E-05 -7.11854718389304253E-05  0.00000000000000000E+00
  3.3386470E+01 -6.08400298318656496E-05 -6.08400298318656496E-05  0.00000000000000000E+00
  3.3817598E+01 -5.18892703382789477E-05 -5.18892703382789477E-05  0.00000000000000000E+00
  3.4254294E+01 -4.41615967332609216E-05 -4.41615967332609216E-05  0.00000000000000000E+00
  3.4696628E+01 -3.75040721820596445E-05 -3.75040721820596445E-05  0.00000000000000000E+00
  3.5144675E+01 -3.17810247167926718E-05 -3.17810247167926718E-05  0.00000000000000000E+00
  3.5598507E+01 -2.68721125991078225E-05 -2.68721125991078225E-05  0.00000000000000000E+00
  3.6058199E+01 -2.26703978114528582E-05 -2.26703978114528582E-05  0.00000000000000000E+00
  3.6523828E+01 -1.90826979604707958E-05 -1.90826979604707958E-05  0.00000000000000000E+00
  3.6995469E+01 -1.60266161657318662E-05 -1.60266161657318662E-05  0.00000000000000000E+00
  3.7473201E+01 -1.34285537285450118E-05 -1.34285537285450118E-05  0.00000000000000000E+00
  3.7957102E+01 -1.12246876682320362E-05 -1.12246876682320362E-05  0.00000000000000000E+00
  3.8447251E+01 -9.36103626258955046E-06 -9.36103626258955046E-06  0.00000000000000000E+00
  3.8943730E+01 -7.78671989110080176E-06 -7.78671989110080176E-06  0.00000000000000000E+00
  3.9446620E+01 -6.46334981979634904E-06 -6.46334981979634904E-06  0.00000000000000000E+00
  3.9956004E+01 -5.34995174916730321E-06 -5.34995174916730321E-06  0.00000000000000000E+00
  4.0471965E+01 -4.41880087009849376E-06 -4.41880087009849376E-06  0.00000000000000000E+00
  4.0994589E+01 -3.63968385386215232E-06 -3.63968385386215232E-06  0.00000000000000000E+00
  4.1523962E+01 -2.99093758826529665E-06 -2.99093758826529665E-06  0.00000000000000000E+00
  4.2060171E+01 -2.44844784447195707E-06 -2.44844784447195707E-06  0.00000000000000000E+00
  4.2603304E+01 -1.99854841298474639E-06 -1.99854841298474639E-06  0.00000000000000000E+00
  4.3153451E+01 -1.62990535557128169E-06 -1.62990535557128169E-06  0.00000000000000000E+00
  4.3710702E+01 -1.32716282053024770E-06 -1.32716282053024770E-06  0.00000000000000000E+00
  4.4275148E+01 -1.06946609434999118E-06 -1.06946609434999118E-06  0.00000000000000000E+00
  4.4846883E+01 -8.74129639782950107E-07 -8.74129639782950107E-07  0.00000000000000000E+00
  4.5426002E+01 -6.95404324346782232E-07 -6.95404324346782232E-07  0.00000000000000000E+00
  4.6012598E+01 -5.66685756098195270E-07 -5.66685756098195270E-07  0.00000000000000000E+00
  4.6606769E+01 -4.31443424986355240E-07 -4.31443424986355240E-07  0.00000000000000000E+00
  4.7208613E+01 -3.88274244755848486E-07 -3.88274244755848486E-07  0.00000000000000000E+00
  4.7818229E+01  5.96543259234749712E-10  5.96543259234749712E-10  0.00000000000000000E+00
  4.8435717E+01  5.92862647863512393E-10  5.92862647863512393E-10  0.00000000000000000E+00
  4.9061178E+01  5.89039927945123054E-10  5.89039927945123054E-10  0.00000000000000000E+00
  4.9694716E+01  5.85330894864455331E-10  5.85330894864455331E-10  0.00000000000000000E+00
  5.0336435E+01  5.81493964091350790E-10  5.81493964091350790E-10  0.00000000000000000E+00
  5.0986441E+01  5.77642822463531047E-10  5.77642822463531047E-10  0.00000000000000000E+00
  5.1644840E+01  5.73891156818717718E-10  5.73891156818717718E-10  0.00000000000000000E+00
  5.2311741E+01  5.70025804336182773E-10  5.70025804336182773E-10  0.00000000000000000E+00
  5.2987254E+01  5.66117819289502222E-10  5.66117819289502222E-10  0.00000000000000000E+00
  5.3671491E+01  5.62309310225828085E-10  5.62309310225828085E-10  0.00000000000000000E+00
  5.4364562E+01  5.58372903469717130E-10  5.58372903469717130E-10  0.00000000000000000E+00
  5.5066584E+01  5.54450707568321377E-10  5.54450707568321377E-10  0.00000000000000000E+00
  5.5777671E+01  5.50599565940501634E-10  5.50599565940501634E-10  0.00000000000000000E+00
  5.6497940E+01  5.46634737474960275E-10  5.46634737474960275E-10  0.00000000000000000E+00
  5.7227510E+01  5.42655698154703714E-10  5.42655698154703714E-10  0.00000000000000000E+00
  5.7966501E+01  5.38719291398592759E-10  5.38719291398592759E-10  0.00000000000000000E+00
  5.8715035E+01  5.34726041223620996E-10  5.34726041223620996E-10  0.00000000000000000E+00
  5.9473235E+01  5.30775423612794839E-10  5.30775423612794839E-10  0.00000000000000000E+00
  6.0241225E+01  5.26725330018962268E-10  5.26725330018962268E-10  0.00000000000000000E+00
  6.1019133E+01  5.22618393006268889E-10  5.22618393006268889E-10  0.00000000000000000E+00
  6.1807086E+01  5.18625142831297126E-10  5.18625142831297126E-10  0.00000000000000000E+00
  6.2605214E+01  5.14546627528034151E-10  5.14546627528034151E-10  0.00000000000000000E+00
  6.3413648E+01  5.10425479660625570E-10  5.10425479660625570E-10  0.00000000000000000E+00
  6.4232522E+01  5.06375386066792998E-10  5.06375386066792998E-10  0.00000000000000000E+00
  6.5061970E+01  5.02197394780523609E-10  5.02197394780523609E-10  0.00000000000000000E+00
  6.5902129E+01  4.98033614348969422E-10  4.98033614348969422E-10  0.00000000000000000E+00
  6.6753137E+01  4.93940888190991245E-10  4.93940888190991245E-10  0.00000000000000000E+00
  6.7615134E+01  4.89734475195291452E-10  4.89734475195291452E-10  0.00000000000000000E+00
  6.8488262E+01  4.85485429635446053E-10  4.85485429635446053E-10  0.00000000000000000E+00
  6.9372665E+01  4.81335860058607068E-10  4.81335860058607068E-10  0.00000000000000000E+00
  7.0268488E+01  4.77029971079900861E-10  4.77029971079900861E-10  0.00000000000000000E+00
  7.1175880E+01  4.72795136374770664E-10  4.72795136374770664E-10  0.00000000000000000E+00
  7.2094988E+01  4.68460825686634053E-10  4.68460825686634053E-10  0.00000000000000000E+00
  7.3025965E+01  4.64055460724921431E-10  4.64055460724921431E-10  0.00000000000000000E+00
  7.3968964E+01  4.59763782600930426E-10  4.59763782600930426E-10  0.00000000000000000E+00
  7.4924141E+01  4.55344206784502603E-10  4.55344206784502603E-10  0.00000000000000000E+00
  7.5891651E+01  4.50896209258644376E-10  4.50896209258644376E-10  0.00000000000000000E+00
  7.6871655E+01  4.46533476861077361E-10  4.46533476861077361E-10  0.00000000000000000E+00
  7.7864314E+01  4.42042846771073528E-10  4.42042846771073528E-10  0.00000000000000000E+00
  7.8869792E+01  4.37509584116924088E-10  4.37509584116924088E-10  0.00000000000000000E+00
  7.9888253E+01  4.33090008300496265E-10  4.33090008300496265E-10  0.00000000000000000E+00
  8.0919866E+01  4.28514113082201220E-10  4.28514113082201220E-10  0.00000000000000000E+00
  8.1964800E+01  4.23924007009190973E-10  4.23924007009190973E-10  0.00000000000000000E+00
  8.3023228E+01  4.19390744355041534E-10  4.19390744355041534E-10  0.00000000000000000E+00
  8.4095323E+01  4.14715373153740074E-10  4.14715373153740074E-10  0.00000000000000000E+00
  8.5181262E+01  4.10040001952438615E-10  4.10040001952438615E-10  0.00000000000000000E+00
  8.6281224E+01  4.05421474169997964E-10  4.05421474169997964E-10  0.00000000000000000E+00
  8.7395391E+01  4.00660837840405293E-10  4.00660837840405293E-10  0.00000000000000000E+00
  8.8523944E+01  3.95999677493819036E-10  3.95999677493819036E-10  0.00000000000000000E+00
  8.9667071E+01  3.91239041164226364E-10  3.91239041164226364E-10  0.00000000000000000E+00
  9.0824959E+01  3.86449983125203289E-10  3.86449983125203289E-10  0.00000000000000000E+00
  9.1997800E+01  3.81689346795610618E-10  3.81689346795610618E-10  0.00000000000000000E+00
  9.3185785E+01  3.76829234483011533E-10  3.76829234483011533E-10  0.00000000000000000E+00
  9.4389111E+01  3.71940700460982043E-10  3.71940700460982043E-10  0.00000000000000000E+00
  9.5607975E+01  3.67080588148382958E-10  3.67080588148382958E-10  0.00000000000000000E+00
  9.6842579E+01  3.62106788998062257E-10  3.62106788998062257E-10  0.00000000000000000E+00
  9.8093126E+01  3.57118778993026353E-10  3.57118778993026353E-10  0.00000000000000000E+00
  9.9359821E+01  3.52173401552136056E-10  3.52173401552136056E-10  0.00000000000000000E+00
  1.0064287E+02  3.47114337273524143E-10  3.47114337273524143E-10  0.00000000000000000E+00
  1.0194249E+02  3.41984218721336219E-10  3.41984218721336219E-10  0.00000000000000000E+00
  1.0325890E+02  3.36896732733293902E-10  3.36896732733293902E-10  0.00000000000000000E+00
  1.0459230E+02  3.31752403326390777E-10  3.31752403326390777E-10  0.00000000000000000E+00
  1.0594292E+02  3.26622284774202853E-10  3.26622284774202853E-10  0.00000000000000000E+00
  1.0731098E+02  3.21378479384293314E-10  3.21378479384293314E-10  0.00000000000000000E+00
  1.0869671E+02  3.16077830575522967E-10  3.16077830575522967E-10  0.00000000000000000E+00
  1.1010033E+02  3.10819814330898225E-10  3.10819814330898225E-10  0.00000000000000000E+00
  1.1152207E+02  3.05433900393836666E-10  3.05433900393836666E-10  0.00000000000000000E+00
  1.1296218E+02  3.00047986456775106E-10  3.00047986456775106E-10  0.00000000000000000E+00
  1.1442088E+02  2.94690494229143951E-10  2.94690494229143951E-10  0.00000000000000000E+00
  1.1589842E+02  2.89247736873221584E-10  2.89247736873221584E-10  0.00000000000000000E+00
  1.1739503E+02  2.83705503534292802E-10  2.83705503534292802E-10  0.00000000000000000E+00
  1.1891098E+02  2.78276957033085637E-10  2.78276957033085637E-10  0.00000000000000000E+00
  1.2044650E+02  2.72692091130011249E-10  2.72692091130011249E-10  0.00000000000000000E+00
  1.2200185E+02  2.67050381808076054E-10  2.67050381808076054E-10  0.00000000000000000E+00
  1.2357728E+02  2.61437094195571262E-10  2.61437094195571262E-10  0.00000000000000000E+00
  1.2517305E+02  2.55681698035914451E-10  2.55681698035914451E-10  0.00000000000000000E+00
  1.2678944E+02  2.49983145295118447E-10  2.49983145295118447E-10  0.00000000000000000E+00
  1.2842669E+02  2.44156694861885626E-10  2.44156694861885626E-10  0.00000000000000000E+00
  1.3008509E+02  2.38273401009791996E-10  2.38273401009791996E-10  0.00000000000000000E+00
  1.3176490E+02  2.32432739721843973E-10  2.32432739721843973E-10  0.00000000000000000E+00
  1.3346640E+02  2.26492602450889535E-10  2.26492602450889535E-10  0.00000000000000000E+00
  1.3518988E+02  2.20452989196928684E-10  2.20452989196928684E-10  0.00000000000000000E+00
  1.3693561E+02  2.14470219361828640E-10  2.14470219361828640E-10  0.00000000000000000E+00
  1.3870389E+02  2.08359551834291779E-10  2.08359551834291779E-10  0.00000000000000000E+00
  1.4049499E+02  2.02177830033178907E-10  2.02177830033178907E-10  0.00000000000000000E+00
  1.4230923E+02  1.96024529941496439E-10  1.96024529941496439E-10  0.00000000000000000E+00
  1.4414690E+02  1.89757543012092356E-10  1.89757543012092356E-10  0.00000000000000000E+00
  1.4600829E+02  1.83476345227973070E-10  1.83476345227973070E-10  0.00000000000000000E+00
  1.4789372E+02  1.77195147443853784E-10  1.77195147443853784E-10  0.00000000000000000E+00
  1.4980350E+02  1.70800262822012883E-10  1.70800262822012883E-10  0.00000000000000000E+00
  1.5173794E+02  1.64305902217165567E-10  1.64305902217165567E-10  0.00000000000000000E+00
  1.5369736E+02  1.57868385031179059E-10  1.57868385031179059E-10  0.00000000000000000E+00
  1.5568208E+02  1.51274548443325330E-10  1.51274548443325330E-10  0.00000000000000000E+00
  1.5769243E+02  1.44709133564902004E-10  1.44709133564902004E-10  0.00000000000000000E+00
  1.5972874E+02  1.37987399284611456E-10  1.37987399284611456E-10  0.00000000000000000E+00
  1.6179134E+02  1.31237243294890504E-10  1.31237243294890504E-10  0.00000000000000000E+00
  1.6388058E+02  1.24487087305169553E-10  1.24487087305169553E-10  0.00000000000000000E+00
  1.6599680E+02  1.17594822768296581E-10  1.17594822768296581E-10  0.00000000000000000E+00
  1.6814035E+02  1.10659925667278003E-10  1.10659925667278003E-10  0.00000000000000000E+00
  1.7031157E+02  1.03739239420974627E-10  1.03739239420974627E-10  0.00000000000000000E+00
  1.7251084E+02  9.66906554822344333E-11  9.66906554822344333E-11  0.00000000000000000E+00
  1.7473850E+02  8.95710172699182294E-11  8.95710172699182294E-11  0.00000000000000000E+00
  1.7699493E+02  8.24655899123172276E-11  8.24655899123172276E-11  0.00000000000000000E+00
  1.7928049E+02  7.52322648622794077E-11  7.52322648622794077E-11  0.00000000000000000E+00
  1.8159557E+02  6.79136746839503758E-11  6.79136746839503758E-11  0.00000000000000000E+00
  1.8394055E+02  6.06661387791973539E-11  6.06661387791973539E-11  0.00000000000000000E+00
  1.8631581E+02  5.32338617631467059E-11  5.32338617631467059E-11  0.00000000000000000E+00
  1.8872173E+02  4.58726390206720680E-11  4.58726390206720680E-11  0.00000000000000000E+00
  1.9115873E+02  3.83408860216150060E-11  3.83408860216150060E-11  0.00000000000000000E+00
  1.9362720E+02  3.07665004584123380E-11  3.07665004584123380E-11  0.00000000000000000E+00
  1.9612754E+02  2.32205366046400741E-11  2.32205366046400741E-11  0.00000000000000000E+00
  1.9866017E+02  1.55182533490005881E-11  1.55182533490005881E-11  0.00000000000000000E+00
  2.0122550E+02  7.75912667450029403E-12  7.75912667450029403E-12  0.00000000000000000E+00
