  0.0000000E+00 -0.0000000E+00 -0.0000000E+00
  3.5251509E-06 -7.5787368E-04 -1.1161528E-05
  7.0958227E-06 -1.5309118E-03 -2.2467186E-05
  1.0712603E-05 -2.3855622E-03 -3.3918837E-05
  1.4376087E-05 -3.3338324E-03 -4.5518364E-05
  1.8086879E-05 -4.4477555E-03 -5.7267677E-05
  2.1845589E-05 -5.7410770E-03 -6.9168712E-05
  2.5652835E-05 -7.2335290E-03 -8.1223426E-05
  2.9509245E-05 -8.9581130E-03 -9.3433804E-05
  3.3415453E-05 -1.0929617E-02 -1.0580186E-04
  3.7372103E-05 -1.3161738E-02 -1.1832962E-04
  4.1379846E-05 -1.5665423E-02 -1.3101916E-04
  4.5439341E-05 -1.8444786E-02 -1.4387256E-04
  4.9551257E-05 -2.1500462E-02 -1.5689193E-04
  5.3716271E-05 -2.4828593E-02 -1.7007943E-04
  5.7935068E-05 -2.8421002E-02 -1.8343722E-04
  6.2208344E-05 -3.2265617E-02 -1.9696750E-04
  6.6536801E-05 -3.6346784E-02 -2.1067250E-04
  7.0921151E-05 -4.0645670E-02 -2.2455447E-04
  7.5362118E-05 -4.5140728E-02 -2.3861571E-04
  7.9860432E-05 -4.9808175E-02 -2.5285852E-04
  8.4416833E-05 -5.4622490E-02 -2.6728525E-04
  8.9032071E-05 -5.9556919E-02 -2.8189827E-04
  9.3706907E-05 -6.4583965E-02 -2.9669999E-04
  9.8442110E-05 -6.9675859E-02 -3.1169285E-04
  1.0323846E-04 -7.4804996E-02 -3.2687932E-04
  1.0809674E-04 -7.9944345E-02 -3.4226189E-04
  1.1301776E-04 -8.5067799E-02 -3.5784310E-04
  1.1800233E-04 -9.0150494E-02 -3.7362551E-04
  1.2305126E-04 -9.5169063E-02 -3.8961172E-04
  1.2816540E-04 -1.0010185E-01 -4.0580437E-04
  1.3334557E-04 -1.0492908E-01 -4.2220611E-04
  1.3859263E-04 -1.0963296E-01 -4.3881965E-04
  1.4390745E-04 -1.1419775E-01 -4.5564772E-04
  1.4929090E-04 -1.1860981E-01 -4.7269310E-04
  1.5474386E-04 -1.2285759E-01 -4.8995858E-04
  1.6026725E-04 -1.2693158E-01 -5.0744702E-04
  1.6586195E-04 -1.3082423E-01 -5.2516129E-04
  1.7152891E-04 -1.3452990E-01 -5.4310431E-04
  1.7726904E-04 -1.3804475E-01 -5.6127903E-04
  1.8308329E-04 -1.4136659E-01 -5.7968844E-04
  1.8897262E-04 -1.4449476E-01 -5.9833557E-04
  1.9493801E-04 -1.4743001E-01 -6.1722350E-04
  2.0098042E-04 -1.5017436E-01 -6.3635533E-04
  2.0710086E-04 -1.5273095E-01 -6.5573421E-04
  2.1330034E-04 -1.5510388E-01 -6.7536333E-04
  2.1957987E-04 -1.5729812E-01 -6.9524593E-04
  2.2594049E-04 -1.5931937E-01 -7.1538527E-04
  2.3238325E-04 -1.6117390E-01 -7.3578468E-04
  2.3890920E-04 -1.6286849E-01 -7.5644751E-04
  2.4551942E-04 -1.6441030E-01 -7.7737716E-04
  2.5221500E-04 -1.6580675E-01 -7.9857708E-04
  2.5899704E-04 -1.6706546E-01 -8.2005075E-04
  2.6586666E-04 -1.6819419E-01 -8.4180172E-04
  2.7282499E-04 -1.6920072E-01 -8.6383356E-04
  2.7987317E-04 -1.7009279E-01 -8.8614991E-04
  2.8701237E-04 -1.7087812E-01 -9.0875442E-04
  2.9424375E-04 -1.7156426E-01 -9.3165084E-04
  3.0156852E-04 -1.7215862E-01 -9.5484291E-04
  3.0898787E-04 -1.7266842E-01 -9.7833447E-04
  3.1650303E-04 -1.7310066E-01 -1.0021294E-03
  3.2411523E-04 -1.7346207E-01 -1.0262316E-03
  3.3182573E-04 -1.7375916E-01 -1.0506450E-03
  3.3963580E-04 -1.7399814E-01 -1.0753736E-03
  3.4754672E-04 -1.7418495E-01 -1.1004216E-03
  3.5555980E-04 -1.7432525E-01 -1.1257931E-03
  3.6367635E-04 -1.7442441E-01 -1.1514921E-03
  3.7189771E-04 -1.7448750E-01 -1.1775231E-03
  3.8022523E-04 -1.7451933E-01 -1.2038901E-03
  3.8866029E-04 -1.7452442E-01 -1.2305977E-03
  3.9720427E-04 -1.7450701E-01 -1.2576501E-03
  4.0585858E-04 -1.7447109E-01 -1.2850518E-03
  4.1462464E-04 -1.7442037E-01 -1.3128074E-03
  4.2350391E-04 -1.7435835E-01 -1.3409214E-03
  4.3249783E-04 -1.7428827E-01 -1.3693985E-03
  4.4160789E-04 -1.7421314E-01 -1.3982433E-03
  4.5083559E-04 -1.7413575E-01 -1.4274605E-03
  4.6018245E-04 -1.7405872E-01 -1.4570551E-03
  4.6965001E-04 -1.7398443E-01 -1.4870318E-03
  4.7923982E-04 -1.7391510E-01 -1.5173956E-03
  4.8895347E-04 -1.7385277E-01 -1.5481514E-03
  4.9879256E-04 -1.7379933E-01 -1.5793045E-03
  5.0875869E-04 -1.7375649E-01 -1.6108598E-03
  5.1885352E-04 -1.7372584E-01 -1.6428226E-03
  5.2907871E-04 -1.7370884E-01 -1.6751982E-03
  5.3943593E-04 -1.7370679E-01 -1.7079918E-03
  5.4992690E-04 -1.7372090E-01 -1.7412089E-03
  5.6055335E-04 -1.7375228E-01 -1.7748549E-03
  5.7131701E-04 -1.7380191E-01 -1.8089354E-03
  5.8221966E-04 -1.7387070E-01 -1.8434559E-03
  5.9326311E-04 -1.7395947E-01 -1.8784223E-03
  6.0444916E-04 -1.7406895E-01 -1.9138402E-03
  6.1577965E-04 -1.7419980E-01 -1.9497154E-03
  6.2725646E-04 -1.7435262E-01 -1.9860539E-03
  6.3888147E-04 -1.7452793E-01 -2.0228616E-03
  6.5065660E-04 -1.7472623E-01 -2.0601447E-03
  6.6258378E-04 -1.7494791E-01 -2.0979092E-03
  6.7466497E-04 -1.7519337E-01 -2.1361613E-03
  6.8690218E-04 -1.7546293E-01 -2.1749074E-03
  6.9929740E-04 -1.7575689E-01 -2.2141538E-03
  7.1185269E-04 -1.7607549E-01 -2.2539071E-03
  7.2457010E-04 -1.7641895E-01 -2.2941736E-03
  7.3745174E-04 -1.7678749E-01 -2.3349601E-03
  7.5049972E-04 -1.7718124E-01 -2.3762734E-03
  7.6371619E-04 -1.7760037E-01 -2.4181201E-03
  7.7710332E-04 -1.7804498E-01 -2.4605071E-03
  7.9066333E-04 -1.7851518E-01 -2.5034415E-03
  8.0439843E-04 -1.7901105E-01 -2.5469304E-03
  8.1831091E-04 -1.7953266E-01 -2.5909808E-03
  8.3240303E-04 -1.8008007E-01 -2.6356000E-03
  8.4667713E-04 -1.8065330E-01 -2.6807955E-03
  8.6113555E-04 -1.8125241E-01 -2.7265745E-03
  8.7578068E-04 -1.8187740E-01 -2.7729447E-03
  8.9061492E-04 -1.8252830E-01 -2.8199136E-03
  9.0564072E-04 -1.8320511E-01 -2.8674891E-03
  9.2086055E-04 -1.8390783E-01 -2.9156789E-03
  9.3627692E-04 -1.8463647E-01 -2.9644911E-03
  9.5189235E-04 -1.8539102E-01 -3.0139335E-03
  9.6770944E-04 -1.8617147E-01 -3.0640144E-03
  9.8373077E-04 -1.8697781E-01 -3.1147420E-03
  9.9995899E-04 -1.8781003E-01 -3.1661246E-03
  1.0163968E-03 -1.8866811E-01 -3.2181707E-03
  1.0330468E-03 -1.8955205E-01 -3.2708890E-03
  1.0499118E-03 -1.9046182E-01 -3.3242880E-03
  1.0669947E-03 -1.9139743E-01 -3.3783765E-03
  1.0842981E-03 -1.9235885E-01 -3.4331635E-03
  1.1018249E-03 -1.9334607E-01 -3.4886579E-03
  1.1195781E-03 -1.9435909E-01 -3.5448690E-03
  1.1375606E-03 -1.9539790E-01 -3.6018059E-03
  1.1557752E-03 -1.9646249E-01 -3.6594781E-03
  1.1742251E-03 -1.9755287E-01 -3.7178949E-03
  1.1929132E-03 -1.9866903E-01 -3.7770662E-03
  1.2118426E-03 -1.9981098E-01 -3.8370015E-03
  1.2310165E-03 -2.0097872E-01 -3.8977107E-03
  1.2504379E-03 -2.0217225E-01 -3.9592040E-03
  1.2701102E-03 -2.0339160E-01 -4.0214912E-03
  1.2900364E-03 -2.0463678E-01 -4.0845828E-03
  1.3102200E-03 -2.0590779E-01 -4.1484891E-03
  1.3306642E-03 -2.0720468E-01 -4.2132207E-03
  1.3513725E-03 -2.0852745E-01 -4.2787881E-03
  1.3723481E-03 -2.0987614E-01 -4.3452022E-03
  1.3935946E-03 -2.1125078E-01 -4.4124739E-03
  1.4151154E-03 -2.1265139E-01 -4.4806143E-03
  1.4369142E-03 -2.1407803E-01 -4.5496346E-03
  1.4589944E-03 -2.1553073E-01 -4.6195462E-03
  1.4813598E-03 -2.1700953E-01 -4.6903605E-03
  1.5040140E-03 -2.1851449E-01 -4.7620893E-03
  1.5269607E-03 -2.2004564E-01 -4.8347443E-03
  1.5502037E-03 -2.2160305E-01 -4.9083375E-03
  1.5737469E-03 -2.2318678E-01 -4.9828811E-03
  1.5975941E-03 -2.2479687E-01 -5.0583872E-03
  1.6217492E-03 -2.2643340E-01 -5.1348683E-03
  1.6462163E-03 -2.2809643E-01 -5.2123371E-03
  1.6709993E-03 -2.2978603E-01 -5.2908062E-03
  1.6961023E-03 -2.3150227E-01 -5.3702886E-03
  1.7215295E-03 -2.3324522E-01 -5.4507973E-03
  1.7472850E-03 -2.3501496E-01 -5.5323457E-03
  1.7733731E-03 -2.3681158E-01 -5.6149471E-03
  1.7997981E-03 -2.3863515E-01 -5.6986151E-03
  1.8265643E-03 -2.4048575E-01 -5.7833636E-03
  1.8536762E-03 -2.4236348E-01 -5.8692064E-03
  1.8811381E-03 -2.4426842E-01 -5.9561577E-03
  1.9089547E-03 -2.4620066E-01 -6.0442318E-03
  1.9371305E-03 -2.4816030E-01 -6.1334433E-03
  1.9656701E-03 -2.5014743E-01 -6.2238067E-03
  1.9945783E-03 -2.5216216E-01 -6.3153370E-03
  2.0238597E-03 -2.5420457E-01 -6.4080492E-03
  2.0535193E-03 -2.5627476E-01 -6.5019586E-03
  2.0835618E-03 -2.5837285E-01 -6.5970807E-03
  2.1139923E-03 -2.6049894E-01 -6.6934311E-03
  2.1448158E-03 -2.6265312E-01 -6.7910256E-03
  2.1760373E-03 -2.6483552E-01 -6.8898804E-03
  2.2076619E-03 -2.6704622E-01 -6.9900118E-03
  2.2396950E-03 -2.6928536E-01 -7.0914361E-03
  2.2721416E-03 -2.7155302E-01 -7.1941701E-03
  2.3050073E-03 -2.7384933E-01 -7.2982307E-03
  2.3382974E-03 -2.7617440E-01 -7.4036351E-03
  2.3720173E-03 -2.7852833E-01 -7.5104005E-03
  2.4061727E-03 -2.8091125E-01 -7.6185447E-03
  2.4407691E-03 -2.8332327E-01 -7.7280852E-03
  2.4758123E-03 -2.8576449E-01 -7.8390403E-03
  2.5113080E-03 -2.8823504E-01 -7.9514282E-03
  2.5472621E-03 -2.9073503E-01 -8.0652673E-03
  2.5836804E-03 -2.9326457E-01 -8.1805764E-03
  2.6205690E-03 -2.9582378E-01 -8.2973745E-03
  2.6579340E-03 -2.9841277E-01 -8.4156808E-03
  2.6957814E-03 -3.0103165E-01 -8.5355148E-03
  2.7341176E-03 -3.0368055E-01 -8.6568962E-03
  2.7729489E-03 -3.0635956E-01 -8.7798450E-03
  2.8122815E-03 -3.0906881E-01 -8.9043815E-03
  2.8521221E-03 -3.1180840E-01 -9.0305260E-03
  2.8924771E-03 -3.1457845E-01 -9.1582995E-03
  2.9333533E-03 -3.1737906E-01 -9.2877229E-03
  2.9747573E-03 -3.2021035E-01 -9.4188176E-03
  3.0166959E-03 -3.2307241E-01 -9.5516050E-03
  3.0591761E-03 -3.2596536E-01 -9.6861071E-03
  3.1022049E-03 -3.2888929E-01 -9.8223461E-03
  3.1457893E-03 -3.3184431E-01 -9.9603443E-03
  3.1899365E-03 -3.3483052E-01 -1.0100124E-02
  3.2346538E-03 -3.3784801E-01 -1.0241710E-02
  3.2799486E-03 -3.4089689E-01 -1.0385123E-02
  3.3258282E-03 -3.4397724E-01 -1.0530388E-02
  3.3723003E-03 -3.4708915E-01 -1.0677529E-02
  3.4193724E-03 -3.5023272E-01 -1.0826570E-02
  3.4670525E-03 -3.5340802E-01 -1.0977536E-02
  3.5153482E-03 -3.5661513E-01 -1.1130451E-02
  3.5642676E-03 -3.5985415E-01 -1.1285341E-02
  3.6138187E-03 -3.6312513E-01 -1.1442230E-02
  3.6640096E-03 -3.6642816E-01 -1.1601146E-02
  3.7148487E-03 -3.6976330E-01 -1.1762114E-02
  3.7663443E-03 -3.7313061E-01 -1.1925160E-02
  3.8185048E-03 -3.7653015E-01 -1.2090311E-02
  3.8713389E-03 -3.7996198E-01 -1.2257595E-02
  3.9248552E-03 -3.8342615E-01 -1.2427040E-02
  3.9790627E-03 -3.8692271E-01 -1.2598672E-02
  4.0339701E-03 -3.9045170E-01 -1.2772520E-02
  4.0895865E-03 -3.9401314E-01 -1.2948614E-02
  4.1459211E-03 -3.9760708E-01 -1.3126981E-02
  4.2029832E-03 -4.0123354E-01 -1.3307651E-02
  4.2607821E-03 -4.0489254E-01 -1.3490655E-02
  4.3193274E-03 -4.0858409E-01 -1.3676021E-02
  4.3786287E-03 -4.1230820E-01 -1.3863781E-02
  4.4386957E-03 -4.1606487E-01 -1.4053966E-02
  4.4995384E-03 -4.1985410E-01 -1.4246606E-02
  4.5611668E-03 -4.2367587E-01 -1.4441734E-02
  4.6235910E-03 -4.2753016E-01 -1.4639381E-02
  4.6868213E-03 -4.3141695E-01 -1.4839581E-02
  4.7508681E-03 -4.3533621E-01 -1.5042365E-02
  4.8157419E-03 -4.3928789E-01 -1.5247768E-02
  4.8814535E-03 -4.4327194E-01 -1.5455824E-02
  4.9480136E-03 -4.4728831E-01 -1.5666566E-02
  5.0154332E-03 -4.5133693E-01 -1.5880029E-02
  5.0837234E-03 -4.5541771E-01 -1.6096249E-02
  5.1528955E-03 -4.5953059E-01 -1.6315260E-02
  5.2229608E-03 -4.6367546E-01 -1.6537100E-02
  5.2939308E-03 -4.6785222E-01 -1.6761804E-02
  5.3658173E-03 -4.7206076E-01 -1.6989409E-02
  5.4386321E-03 -4.7630096E-01 -1.7219954E-02
  5.5123871E-03 -4.8057268E-01 -1.7453475E-02
  5.5870946E-03 -4.8487578E-01 -1.7690012E-02
  5.6627668E-03 -4.8921009E-01 -1.7929603E-02
  5.7394161E-03 -4.9357547E-01 -1.8172287E-02
  5.8170552E-03 -4.9797172E-01 -1.8418106E-02
  5.8956969E-03 -5.0239866E-01 -1.8667098E-02
  5.9753541E-03 -5.0685609E-01 -1.8919305E-02
  6.0560399E-03 -5.1134378E-01 -1.9174769E-02
  6.1377676E-03 -5.1586153E-01 -1.9433532E-02
  6.2205507E-03 -5.2040907E-01 -1.9695636E-02
  6.3044028E-03 -5.2498617E-01 -1.9961124E-02
  6.3893377E-03 -5.2959255E-01 -2.0230040E-02
  6.4753693E-03 -5.3422793E-01 -2.0502429E-02
  6.5625119E-03 -5.3889201E-01 -2.0778335E-02
  6.6507798E-03 -5.4358450E-01 -2.1057803E-02
  6.7401875E-03 -5.4830505E-01 -2.1340880E-02
  6.8307497E-03 -5.5305333E-01 -2.1627612E-02
  6.9224814E-03 -5.5782898E-01 -2.1918046E-02
  7.0153976E-03 -5.6263163E-01 -2.2212230E-02
  7.1095137E-03 -5.6746090E-01 -2.2510213E-02
  7.2048451E-03 -5.7231637E-01 -2.2812044E-02
  7.3014075E-03 -5.7719762E-01 -2.3117771E-02
  7.3992168E-03 -5.8210422E-01 -2.3427446E-02
  7.4982892E-03 -5.8703571E-01 -2.3741120E-02
  7.5986409E-03 -5.9199161E-01 -2.4058844E-02
  7.7002885E-03 -5.9697143E-01 -2.4380670E-02
  7.8032487E-03 -6.0197466E-01 -2.4706651E-02
  7.9075384E-03 -6.0700076E-01 -2.5036842E-02
  8.0131748E-03 -6.1204919E-01 -2.5371296E-02
  8.1201753E-03 -6.1711937E-01 -2.5710068E-02
  8.2285575E-03 -6.2221072E-01 -2.6053214E-02
  8.3383393E-03 -6.2732262E-01 -2.6400791E-02
  8.4495387E-03 -6.3245446E-01 -2.6752856E-02
  8.5621740E-03 -6.3760556E-01 -2.7109466E-02
  8.6762639E-03 -6.4277526E-01 -2.7470681E-02
  8.7918269E-03 -6.4796287E-01 -2.7836559E-02
  8.9088823E-03 -6.5316768E-01 -2.8207162E-02
  9.0274492E-03 -6.5838893E-01 -2.8582549E-02
  9.1475472E-03 -6.6362588E-01 -2.8962783E-02
  9.2691961E-03 -6.6887774E-01 -2.9347927E-02
  9.3924158E-03 -6.7414370E-01 -2.9738043E-02
  9.5172266E-03 -6.7942293E-01 -3.0133196E-02
  9.6436492E-03 -6.8471459E-01 -3.0533451E-02
  9.7717043E-03 -6.9001779E-01 -3.0938874E-02
  9.9014129E-03 -6.9533165E-01 -3.1349531E-02
  1.0032797E-02 -7.0065522E-01 -3.1765490E-02
  1.0165877E-02 -7.0598757E-01 -3.2186819E-02
  1.0300675E-02 -7.1132773E-01 -3.2613588E-02
  1.0437215E-02 -7.1667469E-01 -3.3045867E-02
  1.0575517E-02 -7.2202744E-01 -3.3483727E-02
  1.0715606E-02 -7.2738493E-01 -3.3927240E-02
  1.0857503E-02 -7.3274609E-01 -3.4376479E-02
  1.1001233E-02 -7.3810983E-01 -3.4831518E-02
  1.1146819E-02 -7.4347502E-01 -3.5292431E-02
  1.1294284E-02 -7.4884052E-01 -3.5759296E-02
  1.1443654E-02 -7.5420516E-01 -3.6232187E-02
  1.1594953E-02 -7.5956775E-01 -3.6711184E-02
  1.1748206E-02 -7.6492707E-01 -3.7196364E-02
  1.1903437E-02 -7.7028187E-01 -3.7687809E-02
  1.2060673E-02 -7.7563090E-01 -3.8185597E-02
  1.2219940E-02 -7.8097285E-01 -3.8689813E-02
  1.2381263E-02 -7.8630641E-01 -3.9200537E-02
  1.2544669E-02 -7.9163025E-01 -3.9717855E-02
  1.2710186E-02 -7.9694300E-01 -4.0241851E-02
  1.2877839E-02 -8.0224328E-01 -4.0772612E-02
  1.3047658E-02 -8.0752969E-01 -4.1310224E-02
  1.3219670E-02 -8.1280079E-01 -4.1854777E-02
  1.3393902E-02 -8.1805514E-01 -4.2406359E-02
  1.3570385E-02 -8.2329128E-01 -4.2965062E-02
  1.3749147E-02 -8.2850771E-01 -4.3530977E-02
  1.3930217E-02 -8.3370293E-01 -4.4104198E-02
  1.4113625E-02 -8.3887542E-01 -4.4684818E-02
  1.4299402E-02 -8.4402364E-01 -4.5272933E-02
  1.4487577E-02 -8.4914603E-01 -4.5868639E-02
  1.4678183E-02 -8.5424102E-01 -4.6472036E-02
  1.4871249E-02 -8.5930704E-01 -4.7083221E-02
  1.5066809E-02 -8.6434248E-01 -4.7702296E-02
  1.5264894E-02 -8.6934576E-01 -4.8329361E-02
  1.5465537E-02 -8.7431525E-01 -4.8964521E-02
  1.5668771E-02 -8.7924933E-01 -4.9607879E-02
  1.5874630E-02 -8.8414640E-01 -5.0259542E-02
  1.6083147E-02 -8.8900482E-01 -5.0919615E-02
  1.6294356E-02 -8.9382297E-01 -5.1588209E-02
  1.6508293E-02 -8.9859922E-01 -5.2265432E-02
  1.6724992E-02 -9.0333196E-01 -5.2951396E-02
  1.6944489E-02 -9.0801958E-01 -5.3646214E-02
  1.7166821E-02 -9.1266047E-01 -5.4350000E-02
  1.7392024E-02 -9.1725305E-01 -5.5062869E-02
  1.7620135E-02 -9.2179575E-01 -5.5784938E-02
  1.7851192E-02 -9.2628700E-01 -5.6516327E-02
  1.8085232E-02 -9.3072528E-01 -5.7257155E-02
  1.8322295E-02 -9.3510909E-01 -5.8007544E-02
  1.8562419E-02 -9.3943694E-01 -5.8767617E-02
  1.8805643E-02 -9.4370739E-01 -5.9537500E-02
  1.9052008E-02 -9.4791904E-01 -6.0317317E-02
  1.9301555E-02 -9.5207052E-01 -6.1107199E-02
  1.9554324E-02 -9.5616051E-01 -6.1907273E-02
  1.9810357E-02 -9.6018774E-01 -6.2717673E-02
  2.0069697E-02 -9.6415100E-01 -6.3538530E-02
  2.0332385E-02 -9.6804912E-01 -6.4369979E-02
  2.0598465E-02 -9.7188102E-01 -6.5212157E-02
  2.0867982E-02 -9.7564566E-01 -6.6065203E-02
  2.1140978E-02 -9.7934210E-01 -6.6929255E-02
  2.1417500E-02 -9.8296945E-01 -6.7804457E-02
  2.1697593E-02 -9.8652692E-01 -6.8690951E-02
  2.1981302E-02 -9.9001380E-01 -6.9588884E-02
  2.2268675E-02 -9.9342947E-01 -7.0498402E-02
  2.2559759E-02 -9.9677340E-01 -7.1419654E-02
  2.2854602E-02 -1.0000452E+00 -7.2352792E-02
  2.3153252E-02 -1.0032444E+00 -7.3297969E-02
  2.3455759E-02 -1.0063710E+00 -7.4255340E-02
  2.3762172E-02 -1.0094247E+00 -7.5225062E-02
  2.4072542E-02 -1.0124056E+00 -7.6207294E-02
  2.4386919E-02 -1.0153138E+00 -7.7202196E-02
  2.4705356E-02 -1.0181494E+00 -7.8209933E-02
  2.5027906E-02 -1.0209129E+00 -7.9230669E-02
  2.5354620E-02 -1.0236046E+00 -8.0264572E-02
  2.5685553E-02 -1.0262251E+00 -8.1311811E-02
  2.6020760E-02 -1.0287752E+00 -8.2372557E-02
  2.6360295E-02 -1.0312555E+00 -8.3446985E-02
  2.6704215E-02 -1.0336669E+00 -8.4535271E-02
  2.7052576E-02 -1.0360105E+00 -8.5637592E-02
  2.7405435E-02 -1.0382872E+00 -8.6754130E-02
  2.7762851E-02 -1.0404983E+00 -8.7885067E-02
  2.8124882E-02 -1.0426450E+00 -8.9030589E-02
  2.8491588E-02 -1.0447287E+00 -9.0190883E-02
  2.8863029E-02 -1.0467507E+00 -9.1366138E-02
  2.9239267E-02 -1.0487125E+00 -9.2556549E-02
  2.9620363E-02 -1.0506156E+00 -9.3762308E-02
  3.0006381E-02 -1.0524616E+00 -9.4983614E-02
  3.0397383E-02 -1.0542523E+00 -9.6220666E-02
  3.0793434E-02 -1.0559892E+00 -9.7473667E-02
  3.1194600E-02 -1.0576743E+00 -9.8742821E-02
  3.1600946E-02 -1.0593092E+00 -1.0002834E-01
  3.2012539E-02 -1.0608961E+00 -1.0133042E-01
  3.2429447E-02 -1.0624369E+00 -1.0264930E-01
  3.2851738E-02 -1.0639339E+00 -1.0398517E-01
  3.3279483E-02 -1.0653894E+00 -1.0533826E-01
  3.3712751E-02 -1.0668062E+00 -1.0670878E-01
  3.4151614E-02 -1.0681871E+00 -1.0809698E-01
  3.4596144E-02 -1.0695354E+00 -1.0950306E-01
  3.5046415E-02 -1.0708550E+00 -1.1092726E-01
  3.5502500E-02 -1.0721501E+00 -1.1236981E-01
  3.5964474E-02 -1.0734258E+00 -1.1383095E-01
  3.6432414E-02 -1.0746878E+00 -1.1531092E-01
  3.6906397E-02 -1.0759430E+00 -1.1680995E-01
  3.7386500E-02 -1.0771991E+00 -1.1832829E-01
  3.7872803E-02 -1.0784653E+00 -1.1986620E-01
  3.8365385E-02 -1.0797520E+00 -1.2142391E-01
  3.8864328E-02 -1.0810713E+00 -1.2300169E-01
  3.9369715E-02 -1.0824370E+00 -1.2459979E-01
  3.9881627E-02 -1.0838645E+00 -1.2621847E-01
  4.0400150E-02 -1.0853713E+00 -1.2785799E-01
  4.0925368E-02 -1.0869768E+00 -1.2951863E-01
  4.1457369E-02 -1.0887024E+00 -1.3120064E-01
  4.1996239E-02 -1.0905715E+00 -1.3290432E-01
  4.2542068E-02 -1.0926093E+00 -1.3462993E-01
  4.3094946E-02 -1.0948425E+00 -1.3637775E-01
  4.3654963E-02 -1.0972996E+00 -1.3814806E-01
  4.4222211E-02 -1.1000100E+00 -1.3994116E-01
  4.4796784E-02 -1.1030040E+00 -1.4175734E-01
  4.5378777E-02 -1.1063121E+00 -1.4359689E-01
  4.5968286E-02 -1.1099649E+00 -1.4546011E-01
  4.6565406E-02 -1.1139923E+00 -1.4734731E-01
  4.7170238E-02 -1.1184227E+00 -1.4925878E-01
  4.7782879E-02 -1.1232832E+00 -1.5119483E-01
  4.8403432E-02 -1.1285983E+00 -1.5315579E-01
  4.9031998E-02 -1.1343897E+00 -1.5514197E-01
  4.9668681E-02 -1.1406760E+00 -1.5715370E-01
  5.0313586E-02 -1.1474719E+00 -1.5919128E-01
  5.0966818E-02 -1.1547883E+00 -1.6125507E-01
  5.1628486E-02 -1.1626316E+00 -1.6334538E-01
  5.2298697E-02 -1.1710038E+00 -1.6546257E-01
  5.2977564E-02 -1.1799026E+00 -1.6760696E-01
  5.3665196E-02 -1.1893209E+00 -1.6977891E-01
  5.4361708E-02 -1.1992474E+00 -1.7197877E-01
  5.5067215E-02 -1.2096664E+00 -1.7420689E-01
  5.5781831E-02 -1.2205585E+00 -1.7646363E-01
  5.6505676E-02 -1.2319005E+00 -1.7874935E-01
  5.7238867E-02 -1.2436658E+00 -1.8106443E-01
  5.7981527E-02 -1.2558253E+00 -1.8340923E-01
  5.8733776E-02 -1.2683474E+00 -1.8578414E-01
  5.9495740E-02 -1.2811988E+00 -1.8818953E-01
  6.0267542E-02 -1.2943447E+00 -1.9062579E-01
  6.1049312E-02 -1.3077496E+00 -1.9309331E-01
  6.1841176E-02 -1.3213776E+00 -1.9559250E-01
  6.2643266E-02 -1.3351931E+00 -1.9812374E-01
  6.3455713E-02 -1.3491608E+00 -2.0068744E-01
  6.4278652E-02 -1.3632464E+00 -2.0328402E-01
  6.5112217E-02 -1.3774166E+00 -2.0591389E-01
  6.5956546E-02 -1.3916394E+00 -2.0857747E-01
  6.6811778E-02 -1.4058845E+00 -2.1127518E-01
  6.7678054E-02 -1.4201227E+00 -2.1400747E-01
  6.8555516E-02 -1.4343268E+00 -2.1677475E-01
  6.9444310E-02 -1.4484709E+00 -2.1957748E-01
  7.0344580E-02 -1.4625306E+00 -2.2241610E-01
  7.1256475E-02 -1.4764830E+00 -2.2529106E-01
  7.2180146E-02 -1.4903065E+00 -2.2820281E-01
  7.3115745E-02 -1.5039809E+00 -2.3115183E-01
  7.4063425E-02 -1.5174871E+00 -2.3413857E-01
  7.5023342E-02 -1.5308070E+00 -2.3716352E-01
  7.5995656E-02 -1.5439236E+00 -2.4022715E-01
  7.6980524E-02 -1.5568210E+00 -2.4332994E-01
  7.7978111E-02 -1.5694840E+00 -2.4647238E-01
  7.8988579E-02 -1.5818982E+00 -2.4965498E-01
  8.0012096E-02 -1.5940502E+00 -2.5287823E-01
  8.1048830E-02 -1.6059270E+00 -2.5614263E-01
  8.2098951E-02 -1.6175164E+00 -2.5944871E-01
  8.3162632E-02 -1.6288068E+00 -2.6279699E-01
  8.4240050E-02 -1.6397873E+00 -2.6618798E-01
  8.5331379E-02 -1.6504472E+00 -2.6962221E-01
  8.6436802E-02 -1.6607766E+00 -2.7310023E-01
  8.7556499E-02 -1.6707660E+00 -2.7662258E-01
  8.8690654E-02 -1.6804063E+00 -2.8018981E-01
  8.9839456E-02 -1.6896887E+00 -2.8380247E-01
  9.1003091E-02 -1.6986051E+00 -2.8746113E-01
  9.2181754E-02 -1.7071476E+00 -2.9116635E-01
  9.3375636E-02 -1.7153089E+00 -2.9491870E-01
  9.4584935E-02 -1.7230819E+00 -2.9871878E-01
  9.5809850E-02 -1.7304602E+00 -3.0256716E-01
  9.7050582E-02 -1.7374376E+00 -3.0646444E-01
  9.8307337E-02 -1.7440087E+00 -3.1041122E-01
  9.9580320E-02 -1.7501683E+00 -3.1440810E-01
  1.0086974E-01 -1.7559121E+00 -3.1845570E-01
  1.0217581E-01 -1.7612361E+00 -3.2255464E-01
  1.0349875E-01 -1.7661371E+00 -3.2670554E-01
  1.0483877E-01 -1.7706127E+00 -3.3090904E-01
  1.0619609E-01 -1.7746611E+00 -3.3516578E-01
  1.0757095E-01 -1.7782815E+00 -3.3947640E-01
  1.0896355E-01 -1.7814738E+00 -3.4384155E-01
  1.1037414E-01 -1.7842390E+00 -3.4826190E-01
  1.1180294E-01 -1.7865790E+00 -3.5273811E-01
  1.1325020E-01 -1.7884969E+00 -3.5727086E-01
  1.1471614E-01 -1.7899968E+00 -3.6186082E-01
  1.1620101E-01 -1.7910839E+00 -3.6650868E-01
  1.1770506E-01 -1.7917648E+00 -3.7121513E-01
  1.1922853E-01 -1.7920474E+00 -3.7598088E-01
  1.2077167E-01 -1.7919406E+00 -3.8080664E-01
  1.2233474E-01 -1.7914549E+00 -3.8569310E-01
  1.2391799E-01 -1.7906020E+00 -3.9064101E-01
  1.2552169E-01 -1.7893949E+00 -3.9565107E-01
  1.2714609E-01 -1.7878481E+00 -4.0072404E-01
  1.2879147E-01 -1.7859772E+00 -4.0586064E-01
  1.3045810E-01 -1.7837991E+00 -4.1106163E-01
  1.3214625E-01 -1.7813322E+00 -4.1632776E-01
  1.3385620E-01 -1.7785959E+00 -4.2165980E-01
  1.3558824E-01 -1.7756109E+00 -4.2705850E-01
  1.3734263E-01 -1.7723994E+00 -4.3252465E-01
  1.3911968E-01 -1.7689847E+00 -4.3805902E-01
  1.4091968E-01 -1.7653916E+00 -4.4366240E-01
  1.4274293E-01 -1.7616466E+00 -4.4933559E-01
  1.4458971E-01 -1.7577782E+00 -4.5507938E-01
  1.4646035E-01 -1.7538171E+00 -4.6089459E-01
  1.4835514E-01 -1.7497967E+00 -4.6678202E-01
  1.5027439E-01 -1.7457539E+00 -4.7274249E-01
  1.5221844E-01 -1.7417299E+00 -4.7877683E-01
  1.5418758E-01 -1.7377704E+00 -4.8488587E-01
  1.5618215E-01 -1.7339275E+00 -4.9107045E-01
  1.5820248E-01 -1.7302597E+00 -4.9733140E-01
  1.6024890E-01 -1.7268336E+00 -5.0366957E-01
  1.6232175E-01 -1.7237242E+00 -5.1008582E-01
  1.6442136E-01 -1.7210156E+00 -5.1658101E-01
  1.6654808E-01 -1.7188013E+00 -5.2315600E-01
  1.6870227E-01 -1.7171837E+00 -5.2981165E-01
  1.7088427E-01 -1.7162738E+00 -5.3654884E-01
  1.7309445E-01 -1.7161889E+00 -5.4336844E-01
  1.7533317E-01 -1.7170509E+00 -5.5027135E-01
  1.7760080E-01 -1.7189829E+00 -5.5725844E-01
  1.7989771E-01 -1.7221054E+00 -5.6433060E-01
  1.8222428E-01 -1.7265319E+00 -5.7148872E-01
  1.8458090E-01 -1.7323633E+00 -5.7873371E-01
  1.8696795E-01 -1.7396834E+00 -5.8606646E-01
  1.8938582E-01 -1.7485524E+00 -5.9348787E-01
  1.9183491E-01 -1.7590029E+00 -6.0099885E-01
  1.9431563E-01 -1.7710350E+00 -6.0860030E-01
  1.9682838E-01 -1.7846140E+00 -6.1629312E-01
  1.9937358E-01 -1.7996696E+00 -6.2407824E-01
  2.0195165E-01 -1.8160972E+00 -6.3195656E-01
  2.0456301E-01 -1.8337624E+00 -6.3992898E-01
  2.0720809E-01 -1.8525072E+00 -6.4799642E-01
  2.0988732E-01 -1.8721588E+00 -6.5615979E-01
  2.1260115E-01 -1.8925389E+00 -6.6441999E-01
  2.1535003E-01 -1.9134728E+00 -6.7277794E-01
  2.1813440E-01 -1.9347979E+00 -6.8123453E-01
  2.2095473E-01 -1.9563690E+00 -6.8979067E-01
  2.2381148E-01 -1.9780622E+00 -6.9844725E-01
  2.2670512E-01 -1.9997748E+00 -7.0720517E-01
  2.2963612E-01 -2.0214245E+00 -7.1606532E-01
  2.3260497E-01 -2.0429455E+00 -7.2502858E-01
  2.3561216E-01 -2.0642848E+00 -7.3409583E-01
  2.3865818E-01 -2.0853976E+00 -7.4326794E-01
  2.4174354E-01 -2.1062438E+00 -7.5254577E-01
  2.4486873E-01 -2.1267844E+00 -7.6193018E-01
  2.4803429E-01 -2.1469796E+00 -7.7142200E-01
  2.5124072E-01 -2.1667873E+00 -7.8102208E-01
  2.5448855E-01 -2.1861623E+00 -7.9073122E-01
  2.5777833E-01 -2.2050571E+00 -8.0055025E-01
  2.6111058E-01 -2.2234219E+00 -8.1047996E-01
  2.6448587E-01 -2.2412057E+00 -8.2052112E-01
  2.6790474E-01 -2.2583574E+00 -8.3067449E-01
  2.7136776E-01 -2.2748269E+00 -8.4094083E-01
  2.7487550E-01 -2.2905658E+00 -8.5132086E-01
  2.7842853E-01 -2.3055281E+00 -8.6181529E-01
  2.8202745E-01 -2.3196710E+00 -8.7242479E-01
  2.8567284E-01 -2.3329551E+00 -8.8315004E-01
  2.8936530E-01 -2.3453444E+00 -8.9399167E-01
  2.9310545E-01 -2.3568064E+00 -9.0495028E-01
  2.9689389E-01 -2.3673122E+00 -9.1602646E-01
  3.0073125E-01 -2.3768359E+00 -9.2722076E-01
  3.0461816E-01 -2.3853546E+00 -9.3853369E-01
  3.0855527E-01 -2.3928481E+00 -9.4996574E-01
  3.1254322E-01 -2.3992986E+00 -9.6151737E-01
  3.1658266E-01 -2.4046906E+00 -9.7318897E-01
  3.2067426E-01 -2.4090105E+00 -9.8498092E-01
  3.2481871E-01 -2.4122467E+00 -9.9689354E-01
  3.2901667E-01 -2.4143893E+00 -1.0089271E+00
  3.3326883E-01 -2.4154299E+00 -1.0210819E+00
  3.3757591E-01 -2.4153620E+00 -1.0333580E+00
  3.4193861E-01 -2.4141808E+00 -1.0457556E+00
  3.4635764E-01 -2.4118833E+00 -1.0582748E+00
  3.5083373E-01 -2.4084683E+00 -1.0709156E+00
  3.5536763E-01 -2.4039369E+00 -1.0836778E+00
  3.5996007E-01 -2.3982923E+00 -1.0965615E+00
  3.6461181E-01 -2.3915403E+00 -1.1095664E+00
  3.6932363E-01 -2.3836896E+00 -1.1226923E+00
  3.7409628E-01 -2.3747521E+00 -1.1359388E+00
  3.7893057E-01 -2.3647430E+00 -1.1493055E+00
  3.8382729E-01 -2.3536814E+00 -1.1627918E+00
  3.8878723E-01 -2.3415906E+00 -1.1763973E+00
  3.9381123E-01 -2.3284985E+00 -1.1901212E+00
  3.9890010E-01 -2.3144381E+00 -1.2039627E+00
  4.0405468E-01 -2.2994474E+00 -1.2179209E+00
  4.0927583E-01 -2.2835700E+00 -1.2319949E+00
  4.1456439E-01 -2.2668554E+00 -1.2461835E+00
  4.1992125E-01 -2.2493586E+00 -1.2604854E+00
  4.2534728E-01 -2.2311404E+00 -1.2748994E+00
  4.3084338E-01 -2.2122668E+00 -1.2894239E+00
  4.3641046E-01 -2.1928088E+00 -1.3040573E+00
  4.4204942E-01 -2.1728409E+00 -1.3187979E+00
  4.4776119E-01 -2.1524407E+00 -1.3336436E+00
  4.5354673E-01 -2.1316866E+00 -1.3485924E+00
  4.5940697E-01 -2.1106564E+00 -1.3636420E+00
  4.6534289E-01 -2.0894247E+00 -1.3787901E+00
  4.7135546E-01 -2.0680611E+00 -1.3940339E+00
  4.7744567E-01 -2.0466271E+00 -1.4093706E+00
  4.8361453E-01 -2.0251742E+00 -1.4247973E+00
  4.8986304E-01 -2.0037426E+00 -1.4403106E+00
  4.9619224E-01 -1.9823598E+00 -1.4559071E+00
  5.0260317E-01 -1.9610428E+00 -1.4715830E+00
  5.0909689E-01 -1.9398007E+00 -1.4873344E+00
  5.1567446E-01 -1.9186418E+00 -1.5031570E+00
  5.2233697E-01 -1.8975839E+00 -1.5190462E+00
  5.2908552E-01 -1.8766690E+00 -1.5349972E+00
  5.3592120E-01 -1.8559813E+00 -1.5510049E+00
  5.4284516E-01 -1.8356694E+00 -1.5670636E+00
  5.4985853E-01 -1.8159682E+00 -1.5831675E+00
  5.5696246E-01 -1.7972189E+00 -1.5993102E+00
  5.6415813E-01 -1.7798817E+00 -1.6154852E+00
  5.7144672E-01 -1.7645355E+00 -1.6316851E+00
  5.7882942E-01 -1.7518608E+00 -1.6479023E+00
  5.8630746E-01 -1.7425995E+00 -1.6641286E+00
  5.9388206E-01 -1.7374932E+00 -1.6803554E+00
  6.0155448E-01 -1.7372008E+00 -1.6965733E+00
  6.0932597E-01 -1.7422056E+00 -1.7127723E+00
  6.1719781E-01 -1.7527252E+00 -1.7289417E+00
  6.2517131E-01 -1.7686443E+00 -1.7450701E+00
  6.3324777E-01 -1.7894891E+00 -1.7611453E+00
  6.4142852E-01 -1.8144610E+00 -1.7771543E+00
  6.4971491E-01 -1.8425279E+00 -1.7930829E+00
  6.5810830E-01 -1.8725592E+00 -1.8089162E+00
  6.6661008E-01 -1.9034724E+00 -1.8246381E+00
  6.7522165E-01 -1.9343547E+00 -1.8402314E+00
  6.8394441E-01 -1.9645363E+00 -1.8556775E+00
  6.9277982E-01 -1.9936061E+00 -1.8709568E+00
  7.0172931E-01 -2.0213806E+00 -1.8860479E+00
  7.1079438E-01 -2.0478471E+00 -1.9009283E+00
  7.1997650E-01 -2.0730992E+00 -1.9155737E+00
  7.2927719E-01 -2.0972807E+00 -1.9299584E+00
  7.3869799E-01 -2.1205437E+00 -1.9440547E+00
  7.4824043E-01 -2.1430218E+00 -1.9578335E+00
  7.5790610E-01 -2.1648161E+00 -1.9712639E+00
  7.6769659E-01 -2.1859905E+00 -1.9843131E+00
  7.7761349E-01 -2.2065731E+00 -1.9969466E+00
  7.8765846E-01 -2.2265604E+00 -2.0091287E+00
  7.9783314E-01 -2.2459242E+00 -2.0208218E+00
  8.0813921E-01 -2.2646182E+00 -2.0319873E+00
  8.1857836E-01 -2.2825845E+00 -2.0425858E+00
  8.2915231E-01 -2.2997594E+00 -2.0525775E+00
  8.3986281E-01 -2.3160789E+00 -2.0619226E+00
  8.5071161E-01 -2.3314818E+00 -2.0705825E+00
  8.6170051E-01 -2.3459130E+00 -2.0785203E+00
  8.7283131E-01 -2.3593251E+00 -2.0857024E+00
  8.8410584E-01 -2.3716797E+00 -2.0921000E+00
  8.9552596E-01 -2.3829471E+00 -2.0976909E+00
  9.0709355E-01 -2.3931067E+00 -2.1024616E+00
  9.1881051E-01 -2.4021461E+00 -2.1064108E+00
  9.3067878E-01 -2.4100603E+00 -2.1095524E+00
  9.4270030E-01 -2.4168509E+00 -2.1119199E+00
  9.5487706E-01 -2.4225250E+00 -2.1135719E+00
  9.6721106E-01 -2.4270946E+00 -2.1145919E+00
  9.7970433E-01 -2.4305755E+00 -2.1152028E+00
  9.9235893E-01 -2.4329866E+00 -2.1153199E+00
  1.0051769E+00 -2.4343495E+00 -2.1146130E+00
  1.0181605E+00 -2.4346877E+00 -2.1132239E+00
  1.0313117E+00 -2.4340264E+00 -2.1112899E+00
  1.0446327E+00 -2.4323920E+00 -2.1087971E+00
  1.0581257E+00 -2.4298119E+00 -2.1058302E+00
  1.0717930E+00 -2.4263144E+00 -2.1024460E+00
  1.0856367E+00 -2.4219283E+00 -2.0987051E+00
  1.0996592E+00 -2.4166830E+00 -2.0946682E+00
  1.1138628E+00 -2.4106082E+00 -2.0903956E+00
  1.1282498E+00 -2.4037340E+00 -2.0859465E+00
  1.1428226E+00 -2.3960908E+00 -2.0813794E+00
  1.1575836E+00 -2.3877095E+00 -2.0767508E+00
  1.1725352E+00 -2.3786207E+00 -2.0721153E+00
  1.1876798E+00 -2.3688558E+00 -2.0675248E+00
  1.2030200E+00 -2.3584458E+00 -2.0630281E+00
  1.2185583E+00 -2.3474224E+00 -2.0586699E+00
  1.2342973E+00 -2.3358169E+00 -2.0544907E+00
  1.2502395E+00 -2.3236609E+00 -2.0505253E+00
  1.2663876E+00 -2.3109862E+00 -2.0468032E+00
  1.2827441E+00 -2.2978243E+00 -2.0433467E+00
  1.2993119E+00 -2.2842069E+00 -2.0401711E+00
  1.3160937E+00 -2.2701653E+00 -2.0372838E+00
  1.3330921E+00 -2.2557308E+00 -2.0346838E+00
  1.3503101E+00 -2.2409347E+00 -2.0323615E+00
  1.3677504E+00 -2.2258078E+00 -2.0302982E+00
  1.3854159E+00 -2.2103804E+00 -2.0284663E+00
  1.4033095E+00 -2.1946828E+00 -2.0268290E+00
  1.4214341E+00 -2.1787445E+00 -2.0253408E+00
  1.4397929E+00 -2.1625945E+00 -2.0239476E+00
  1.4583887E+00 -2.1462614E+00 -2.0225873E+00
  1.4772246E+00 -2.1297728E+00 -2.0211900E+00
  1.4963037E+00 -2.1131558E+00 -2.0196788E+00
  1.5156293E+00 -2.0964365E+00 -2.0179702E+00
  1.5352043E+00 -2.0796402E+00 -2.0159748E+00
  1.5550322E+00 -2.0627913E+00 -2.0135978E+00
  1.5751161E+00 -2.0459129E+00 -2.0107403E+00
  1.5954593E+00 -2.0290274E+00 -2.0072992E+00
  1.6160653E+00 -2.0121558E+00 -2.0031690E+00
  1.6369373E+00 -1.9953181E+00 -1.9982429E+00
  1.6580788E+00 -1.9785329E+00 -1.9924137E+00
  1.6794934E+00 -1.9618177E+00 -1.9855767E+00
  1.7011845E+00 -1.9451888E+00 -1.9776310E+00
  1.7231557E+00 -1.9286609E+00 -1.9684836E+00
  1.7454106E+00 -1.9122478E+00 -1.9580520E+00
  1.7679528E+00 -1.8959617E+00 -1.9462693E+00
  1.7907862E+00 -1.8798136E+00 -1.9330888E+00
  1.8139144E+00 -1.8638131E+00 -1.9184896E+00
  1.8373413E+00 -1.8479686E+00 -1.9024819E+00
  1.8610707E+00 -1.8322873E+00 -1.8851134E+00
  1.8851065E+00 -1.8167749E+00 -1.8664734E+00
  1.9094527E+00 -1.8014362E+00 -1.8466971E+00
  1.9341133E+00 -1.7862746E+00 -1.8259682E+00
  1.9590923E+00 -1.7712924E+00 -1.8045217E+00
  1.9843939E+00 -1.7564909E+00 -1.7826473E+00
  2.0100222E+00 -1.7418701E+00 -1.7607008E+00
  2.0359815E+00 -1.7274293E+00 -1.7391270E+00
  2.0622760E+00 -1.7131667E+00 -1.7185125E+00
  2.0889100E+00 -1.6990796E+00 -1.6998323E+00
  2.1158879E+00 -1.6851645E+00 -1.6838571E+00
  2.1432142E+00 -1.6714171E+00 -1.6698136E+00
  2.1708934E+00 -1.6578324E+00 -1.6562870E+00
  2.1989300E+00 -1.6444047E+00 -1.6428660E+00
  2.2273287E+00 -1.6311277E+00 -1.6296474E+00
  2.2560940E+00 -1.6179948E+00 -1.6166251E+00
  2.2852308E+00 -1.6049986E+00 -1.6037846E+00
  2.3147439E+00 -1.5921315E+00 -1.5911092E+00
  2.3446381E+00 -1.5793855E+00 -1.5785790E+00
  2.3749183E+00 -1.5667523E+00 -1.5661706E+00
  2.4055895E+00 -1.5542234E+00 -1.5538575E+00
  2.4366567E+00 -1.5417901E+00 -1.5416096E+00
  2.4681252E+00 -1.5294436E+00 -1.5293901E+00
  2.5000000E+00 -1.5171751E+00 -1.5171737E+00
  2.5322864E+00 -1.5049757E+00 -1.5049788E+00
  2.5649897E+00 -1.4928368E+00 -1.4928368E+00
  2.5981154E+00 -1.4807496E+00 -1.4807495E+00
  2.6316688E+00 -1.4687055E+00 -1.4687055E+00
  2.6656554E+00 -1.4566963E+00 -1.4566963E+00
  2.7000810E+00 -1.4447140E+00 -1.4447140E+00
  2.7349511E+00 -1.4327507E+00 -1.4327507E+00
  2.7702714E+00 -1.4207990E+00 -1.4207990E+00
  2.8060479E+00 -1.4088519E+00 -1.4088519E+00
  2.8422863E+00 -1.3969029E+00 -1.3969029E+00
  2.8789928E+00 -1.3849457E+00 -1.3849457E+00
  2.9161732E+00 -1.3729750E+00 -1.3729750E+00
  2.9538337E+00 -1.3609856E+00 -1.3609856E+00
  2.9919805E+00 -1.3489732E+00 -1.3489732E+00
  3.0306199E+00 -1.3369342E+00 -1.3369342E+00
  3.0697583E+00 -1.3248657E+00 -1.3248657E+00
  3.1094021E+00 -1.3127654E+00 -1.3127654E+00
  3.1495578E+00 -1.3006322E+00 -1.3006322E+00
  3.1902321E+00 -1.2884654E+00 -1.2884654E+00
  3.2314316E+00 -1.2762657E+00 -1.2762657E+00
  3.2731631E+00 -1.2640345E+00 -1.2640345E+00
  3.3154334E+00 -1.2517743E+00 -1.2517743E+00
  3.3582497E+00 -1.2394884E+00 -1.2394884E+00
  3.4016188E+00 -1.2271815E+00 -1.2271815E+00
  3.4455479E+00 -1.2148590E+00 -1.2148590E+00
  3.4900444E+00 -1.2025275E+00 -1.2025275E+00
  3.5351154E+00 -1.1901948E+00 -1.1901948E+00
  3.5807684E+00 -1.1778693E+00 -1.1778693E+00
  3.6270109E+00 -1.1655607E+00 -1.1655607E+00
  3.6738506E+00 -1.1532792E+00 -1.1532792E+00
  3.7212951E+00 -1.1410362E+00 -1.1410362E+00
  3.7693523E+00 -1.1288435E+00 -1.1288435E+00
  3.8180301E+00 -1.1167133E+00 -1.1167133E+00
  3.8673364E+00 -1.1046586E+00 -1.1046586E+00
  3.9172794E+00 -1.0926923E+00 -1.0926923E+00
  3.9678674E+00 -1.0808275E+00 -1.0808275E+00
  4.0191086E+00 -1.0690772E+00 -1.0690772E+00
  4.0710115E+00 -1.0574539E+00 -1.0574539E+00
  4.1235846E+00 -1.0459698E+00 -1.0459698E+00
  4.1768366E+00 -1.0346361E+00 -1.0346361E+00
  4.2307763E+00 -1.0234633E+00 -1.0234633E+00
  4.2854125E+00 -1.0124604E+00 -1.0124604E+00
  4.3407542E+00 -1.0016353E+00 -1.0016353E+00
  4.3968105E+00 -9.9099405E-01 -9.9099405E-01
  4.4535907E+00 -9.8054118E-01 -9.8054118E-01
  4.5111042E+00 -9.7027910E-01 -9.7027910E-01
  4.5693603E+00 -9.6020816E-01 -9.6020816E-01
  4.6283687E+00 -9.5032651E-01 -9.5032651E-01
  4.6881390E+00 -9.4062995E-01 -9.4062995E-01
  4.7486812E+00 -9.3111191E-01 -9.3111191E-01
  4.8100052E+00 -9.2176339E-01 -9.2176339E-01
  4.8721210E+00 -9.1257294E-01 -9.1257294E-01
  4.9350390E+00 -9.0352673E-01 -9.0352673E-01
  4.9987695E+00 -8.9460863E-01 -8.9460863E-01
  5.0633229E+00 -8.8580027E-01 -8.8580027E-01
  5.1287099E+00 -8.7708125E-01 -8.7708125E-01
  5.1949412E+00 -8.6842933E-01 -8.6842933E-01
  5.2620278E+00 -8.5982062E-01 -8.5982062E-01
  5.3299807E+00 -8.5122991E-01 -8.5122991E-01
  5.3988111E+00 -8.4263093E-01 -8.4263093E-01
  5.4685303E+00 -8.3399674E-01 -8.3399674E-01
  5.5391498E+00 -8.2530001E-01 -8.2530001E-01
  5.6106812E+00 -8.1651349E-01 -8.1651349E-01
  5.6831363E+00 -8.0761034E-01 -8.0761034E-01
  5.7565271E+00 -7.9856453E-01 -7.9856453E-01
  5.8308655E+00 -7.8935127E-01 -7.8935127E-01
  5.9061639E+00 -7.7994735E-01 -7.7994735E-01
  5.9824346E+00 -7.7033150E-01 -7.7033150E-01
  6.0596903E+00 -7.6048472E-01 -7.6048472E-01
  6.1379435E+00 -7.5039058E-01 -7.5039058E-01
  6.2172072E+00 -7.4003544E-01 -7.4003544E-01
  6.2974945E+00 -7.2940865E-01 -7.2940865E-01
  6.3788186E+00 -7.1850267E-01 -7.1850267E-01
  6.4611927E+00 -7.0731318E-01 -7.0731318E-01
  6.5446306E+00 -6.9583910E-01 -6.9583910E-01
  6.6291460E+00 -6.8408253E-01 -6.8408253E-01
  6.7147527E+00 -6.7204870E-01 -6.7204870E-01
  6.8014649E+00 -6.5974582E-01 -6.5974582E-01
  6.8892967E+00 -6.4718489E-01 -6.4718489E-01
  6.9782628E+00 -6.3437953E-01 -6.3437953E-01
  7.0683777E+00 -6.2134569E-01 -6.2134569E-01
  7.1596563E+00 -6.0810142E-01 -6.0810142E-01
  7.2521136E+00 -5.9466656E-01 -5.9466656E-01
  7.3457648E+00 -5.8106248E-01 -5.8106248E-01
  7.4406253E+00 -5.6731177E-01 -5.6731177E-01
  7.5367107E+00 -5.5343795E-01 -5.5343795E-01
  7.6340370E+00 -5.3946521E-01 -5.3946521E-01
  7.7326200E+00 -5.2541813E-01 -5.2541813E-01
  7.8324760E+00 -5.1132144E-01 -5.1132144E-01
  7.9336215E+00 -4.9719977E-01 -4.9719977E-01
  8.0360731E+00 -4.8307747E-01 -4.8307747E-01
  8.1398477E+00 -4.6897843E-01 -4.6897843E-01
  8.2449623E+00 -4.5492586E-01 -4.5492586E-01
  8.3514343E+00 -4.4094223E-01 -4.4094223E-01
  8.4592812E+00 -4.2704910E-01 -4.2704910E-01
  8.5685207E+00 -4.1326703E-01 -4.1326703E-01
  8.6791709E+00 -3.9961552E-01 -3.9961552E-01
  8.7912499E+00 -3.8611293E-01 -3.8611293E-01
  8.9047762E+00 -3.7277646E-01 -3.7277646E-01
  9.0197684E+00 -3.5962211E-01 -3.5962211E-01
  9.1362456E+00 -3.4666467E-01 -3.4666467E-01
  9.2542269E+00 -3.3391771E-01 -3.3391771E-01
  9.3737317E+00 -3.2139361E-01 -3.2139361E-01
  9.4947796E+00 -3.0910355E-01 -3.0910355E-01
  9.6173907E+00 -2.9705757E-01 -2.9705757E-01
  9.7415851E+00 -2.8526457E-01 -2.8526457E-01
  9.8673832E+00 -2.7373234E-01 -2.7373234E-01
  9.9948058E+00 -2.6246764E-01 -2.6246764E-01
  1.0123874E+01 -2.5147622E-01 -2.5147622E-01
  1.0254608E+01 -2.4076284E-01 -2.4076284E-01
  1.0387031E+01 -2.3033136E-01 -2.3033136E-01
  1.0521164E+01 -2.2018477E-01 -2.2018477E-01
  1.0657029E+01 -2.1032521E-01 -2.1032521E-01
  1.0794648E+01 -2.0075406E-01 -2.0075406E-01
  1.0934045E+01 -1.9147197E-01 -1.9147197E-01
  1.1075241E+01 -1.8247888E-01 -1.8247888E-01
  1.1218261E+01 -1.7377411E-01 -1.7377411E-01
  1.1363128E+01 -1.6535637E-01 -1.6535637E-01
  1.1509865E+01 -1.5722381E-01 -1.5722381E-01
  1.1658497E+01 -1.4937408E-01 -1.4937408E-01
  1.1809049E+01 -1.4180432E-01 -1.4180432E-01
  1.1961545E+01 -1.3451127E-01 -1.3451127E-01
  1.2116009E+01 -1.2749124E-01 -1.2749124E-01
  1.2272469E+01 -1.2074017E-01 -1.2074017E-01
  1.2430949E+01 -1.1425368E-01 -1.1425368E-01
  1.2591475E+01 -1.0802707E-01 -1.0802707E-01
  1.2754074E+01 -1.0205539E-01 -1.0205539E-01
  1.2918773E+01 -9.6333401E-02 -9.6333401E-02
  1.3085599E+01 -9.0855693E-02 -9.0855693E-02
  1.3254578E+01 -8.5616640E-02 -8.5616640E-02
  1.3425740E+01 -8.0610455E-02 -8.0610455E-02
  1.3599113E+01 -7.5831208E-02 -7.5831208E-02
  1.3774723E+01 -7.1272849E-02 -7.1272849E-02
  1.3952602E+01 -6.6929230E-02 -6.6929230E-02
  1.4132778E+01 -6.2794125E-02 -6.2794125E-02
  1.4315280E+01 -5.8861248E-02 -5.8861248E-02
  1.4500139E+01 -5.5124273E-02 -5.5124273E-02
  1.4687385E+01 -5.1576851E-02 -5.1576851E-02
  1.4877049E+01 -4.8212628E-02 -4.8212628E-02
  1.5069162E+01 -4.5025255E-02 -4.5025255E-02
  1.5263756E+01 -4.2008409E-02 -4.2008409E-02
  1.5460863E+01 -3.9155805E-02 -3.9155805E-02
  1.5660515E+01 -3.6461205E-02 -3.6461205E-02
  1.5862745E+01 -3.3918435E-02 -3.3918435E-02
  1.6067587E+01 -3.1521393E-02 -3.1521393E-02
  1.6275073E+01 -2.9264063E-02 -2.9264063E-02
  1.6485239E+01 -2.7140519E-02 -2.7140519E-02
  1.6698119E+01 -2.5144939E-02 -2.5144939E-02
  1.6913748E+01 -2.3271612E-02 -2.3271612E-02
  1.7132162E+01 -2.1514943E-02 -2.1514943E-02
  1.7353395E+01 -1.9869462E-02 -1.9869462E-02
  1.7577486E+01 -1.8329830E-02 -1.8329830E-02
  1.7804470E+01 -1.6890842E-02 -1.6890842E-02
  1.8034386E+01 -1.5547437E-02 -1.5547437E-02
  1.8267270E+01 -1.4294693E-02 -1.4294693E-02
  1.8503162E+01 -1.3127841E-02 -1.3127841E-02
  1.8742099E+01 -1.2042259E-02 -1.2042259E-02
  1.8984122E+01 -1.1033479E-02 -1.1033479E-02
  1.9229271E+01 -1.0097189E-02 -1.0097189E-02
  1.9477585E+01 -9.2292281E-03 -9.2292281E-03
  1.9729106E+01 -8.4255957E-03 -8.4255957E-03
  1.9983874E+01 -7.6824454E-03 -7.6824454E-03
  2.0241932E+01 -6.9960865E-03 -6.9960865E-03
  2.0503323E+01 -6.3629833E-03 -6.3629833E-03
  2.0768089E+01 -5.7797536E-03 -5.7797536E-03
  2.1036274E+01 -5.2431672E-03 -5.2431672E-03
  2.1307922E+01 -4.7501435E-03 -4.7501435E-03
  2.1583078E+01 -4.2977496E-03 -4.2977496E-03
  2.1861788E+01 -3.8831971E-03 -3.8831971E-03
  2.2144096E+01 -3.5038397E-03 -3.5038397E-03
  2.2430049E+01 -3.1571695E-03 -3.1571695E-03
  2.2719696E+01 -2.8408135E-03 -2.8408135E-03
  2.3013082E+01 -2.5525303E-03 -2.5525303E-03
  2.3310257E+01 -2.2902059E-03 -2.2902059E-03
  2.3611270E+01 -2.0518499E-03 -2.0518499E-03
  2.3916169E+01 -1.8355912E-03 -1.8355912E-03
  2.4225006E+01 -1.6396736E-03 -1.6396736E-03
  2.4537830E+01 -1.4624518E-03 -1.4624518E-03
  2.4854695E+01 -1.3023868E-03 -1.3023868E-03
  2.5175651E+01 -1.1580415E-03 -1.1580415E-03
  2.5500751E+01 -1.0280762E-03 -1.0280762E-03
  2.5830050E+01 -9.1124400E-04 -9.1124400E-04
  2.6163601E+01 -8.0638677E-04 -8.0638677E-04
  2.6501459E+01 -7.1243032E-04 -7.1243032E-04
  2.6843680E+01 -6.2838163E-04 -6.2838163E-04
  2.7190320E+01 -5.5330774E-04 -5.5330774E-04
  2.7541436E+01 -4.8639394E-04 -4.8639394E-04
  2.7897087E+01 -4.5830042E-04 -4.5830042E-04
  2.8257330E+01 -4.0160079E-04 -4.0160079E-04
  2.8622224E+01 -3.5129841E-04 -3.5129841E-04
  2.8991831E+01 -3.0674116E-04 -3.0674116E-04
  2.9366211E+01 -2.6734615E-04 -2.6734615E-04
  2.9745425E+01 -2.3257978E-04 -2.3257978E-04
  3.0129535E+01 -2.0195579E-04 -2.0195579E-04
  3.0518606E+01 -1.7503172E-04 -1.7503172E-04
  3.0912701E+01 -1.5140608E-04 -1.5140608E-04
  3.1311885E+01 -1.3071489E-04 -1.3071489E-04
  3.1716224E+01 -1.1262947E-04 -1.1262947E-04
  3.2125784E+01 -9.6853050E-05 -9.6853050E-05
  3.2540633E+01 -8.3118548E-05 -8.3118548E-05
  3.2960838E+01 -7.1186168E-05 -7.1186168E-05
  3.3386470E+01 -6.0840723E-05 -6.0840723E-05
  3.3817598E+01 -5.1889961E-05 -5.1889961E-05
  3.4254294E+01 -4.4162284E-05 -4.4162284E-05
  3.4696628E+01 -3.7504756E-05 -3.7504756E-05
  3.5144675E+01 -3.1781705E-05 -3.1781705E-05
  3.5598507E+01 -2.6872790E-05 -2.6872790E-05
  3.6058199E+01 -2.2671072E-05 -2.2671072E-05
  3.6523828E+01 -1.9083369E-05 -1.9083369E-05
  3.6995469E+01 -1.6027283E-05 -1.6027283E-05
  3.7473201E+01 -1.3429218E-05 -1.3429218E-05
  3.7957102E+01 -1.1225348E-05 -1.1225348E-05
  3.8447251E+01 -9.3616935E-06 -9.3616935E-06
  3.8943730E+01 -7.7873737E-06 -7.7873737E-06
  3.9446620E+01 -6.4640002E-06 -6.4640002E-06
  3.9956004E+01 -5.3505987E-06 -5.3505987E-06
  4.0471965E+01 -4.4194443E-06 -4.4194443E-06
  4.0994589E+01 -3.6403238E-06 -3.6403238E-06
  4.1523962E+01 -2.9915741E-06 -2.9915741E-06
  4.2060171E+01 -2.4490808E-06 -2.4490808E-06
  4.2603304E+01 -1.9991778E-06 -1.9991778E-06
  4.3153451E+01 -1.6305312E-06 -1.6305312E-06
  4.3710702E+01 -1.3277851E-06 -1.3277851E-06
  4.4275148E+01 -1.0700847E-06 -1.0700847E-06
  4.4846883E+01 -8.7474469E-07 -8.7474469E-07
  4.5426002E+01 -6.9601569E-07 -6.9601569E-07
  4.6012598E+01 -5.6729343E-07 -5.6729343E-07
  4.6606769E+01 -4.3204745E-07 -4.3204745E-07
  4.7208613E+01 -3.8887457E-07 -3.8887457E-07
  4.7818229E+01  0.0000000E+00  0.0000000E+00
  4.8435717E+01  0.0000000E+00  0.0000000E+00
  4.9061178E+01  0.0000000E+00  0.0000000E+00
  4.9694716E+01  0.0000000E+00  0.0000000E+00
  5.0336435E+01  0.0000000E+00  0.0000000E+00
  5.0986441E+01  0.0000000E+00  0.0000000E+00
  5.1644840E+01  0.0000000E+00  0.0000000E+00
  5.2311741E+01  0.0000000E+00  0.0000000E+00
  5.2987254E+01  0.0000000E+00  0.0000000E+00
  5.3671491E+01  0.0000000E+00  0.0000000E+00
  5.4364562E+01  0.0000000E+00  0.0000000E+00
  5.5066584E+01  0.0000000E+00  0.0000000E+00
  5.5777671E+01  0.0000000E+00  0.0000000E+00
  5.6497940E+01  0.0000000E+00  0.0000000E+00
  5.7227510E+01  0.0000000E+00  0.0000000E+00
  5.7966501E+01  0.0000000E+00  0.0000000E+00
  5.8715035E+01  0.0000000E+00  0.0000000E+00
  5.9473235E+01  0.0000000E+00  0.0000000E+00
  6.0241225E+01  0.0000000E+00  0.0000000E+00
  6.1019133E+01  0.0000000E+00  0.0000000E+00
  6.1807086E+01  0.0000000E+00  0.0000000E+00
  6.2605214E+01  0.0000000E+00  0.0000000E+00
  6.3413648E+01  0.0000000E+00  0.0000000E+00
  6.4232522E+01  0.0000000E+00  0.0000000E+00
  6.5061970E+01  0.0000000E+00  0.0000000E+00
  6.5902129E+01  0.0000000E+00  0.0000000E+00
  6.6753137E+01  0.0000000E+00  0.0000000E+00
  6.7615134E+01  0.0000000E+00  0.0000000E+00
  6.8488262E+01  0.0000000E+00  0.0000000E+00
  6.9372665E+01  0.0000000E+00  0.0000000E+00
  7.0268488E+01  0.0000000E+00  0.0000000E+00
  7.1175880E+01  0.0000000E+00  0.0000000E+00
  7.2094988E+01  0.0000000E+00  0.0000000E+00
  7.3025965E+01  0.0000000E+00  0.0000000E+00
  7.3968964E+01  0.0000000E+00  0.0000000E+00
  7.4924141E+01  0.0000000E+00  0.0000000E+00
  7.5891651E+01  0.0000000E+00  0.0000000E+00
  7.6871655E+01  0.0000000E+00  0.0000000E+00
  7.7864314E+01  0.0000000E+00  0.0000000E+00
  7.8869792E+01  0.0000000E+00  0.0000000E+00
  7.9888253E+01  0.0000000E+00  0.0000000E+00
  8.0919866E+01  0.0000000E+00  0.0000000E+00
  8.1964800E+01  0.0000000E+00  0.0000000E+00
  8.3023228E+01  0.0000000E+00  0.0000000E+00
  8.4095323E+01  0.0000000E+00  0.0000000E+00
  8.5181262E+01  0.0000000E+00  0.0000000E+00
  8.6281224E+01  0.0000000E+00  0.0000000E+00
  8.7395391E+01  0.0000000E+00  0.0000000E+00
  8.8523944E+01  0.0000000E+00  0.0000000E+00
  8.9667071E+01  0.0000000E+00  0.0000000E+00
  9.0824959E+01  0.0000000E+00  0.0000000E+00
  9.1997800E+01  0.0000000E+00  0.0000000E+00
  9.3185785E+01  0.0000000E+00  0.0000000E+00
  9.4389111E+01  0.0000000E+00  0.0000000E+00
  9.5607975E+01  0.0000000E+00  0.0000000E+00
  9.6842579E+01  0.0000000E+00  0.0000000E+00
  9.8093126E+01  0.0000000E+00  0.0000000E+00
  9.9359821E+01  0.0000000E+00  0.0000000E+00
  1.0064287E+02  0.0000000E+00  0.0000000E+00
  1.0194249E+02  0.0000000E+00  0.0000000E+00
  1.0325890E+02  0.0000000E+00  0.0000000E+00
  1.0459230E+02  0.0000000E+00  0.0000000E+00
  1.0594292E+02  0.0000000E+00  0.0000000E+00
  1.0731098E+02  0.0000000E+00  0.0000000E+00
  1.0869671E+02  0.0000000E+00  0.0000000E+00
  1.1010033E+02  0.0000000E+00  0.0000000E+00
  1.1152207E+02  0.0000000E+00  0.0000000E+00
  1.1296218E+02  0.0000000E+00  0.0000000E+00
  1.1442088E+02  0.0000000E+00  0.0000000E+00
  1.1589842E+02  0.0000000E+00  0.0000000E+00
  1.1739503E+02  0.0000000E+00  0.0000000E+00
  1.1891098E+02  0.0000000E+00  0.0000000E+00
  1.2044650E+02  0.0000000E+00  0.0000000E+00
  1.2200185E+02  0.0000000E+00  0.0000000E+00
  1.2357728E+02  0.0000000E+00  0.0000000E+00
  1.2517305E+02  0.0000000E+00  0.0000000E+00
  1.2678944E+02  0.0000000E+00  0.0000000E+00
  1.2842669E+02  0.0000000E+00  0.0000000E+00
  1.3008509E+02  0.0000000E+00  0.0000000E+00
  1.3176490E+02  0.0000000E+00  0.0000000E+00
  1.3346640E+02  0.0000000E+00  0.0000000E+00
  1.3518988E+02  0.0000000E+00  0.0000000E+00
  1.3693561E+02  0.0000000E+00  0.0000000E+00
  1.3870389E+02  0.0000000E+00  0.0000000E+00
  1.4049499E+02  0.0000000E+00  0.0000000E+00
  1.4230923E+02  0.0000000E+00  0.0000000E+00
  1.4414690E+02  0.0000000E+00  0.0000000E+00
  1.4600829E+02  0.0000000E+00  0.0000000E+00
  1.4789372E+02  0.0000000E+00  0.0000000E+00
  1.4980350E+02  0.0000000E+00  0.0000000E+00
  1.5173794E+02  0.0000000E+00  0.0000000E+00
  1.5369736E+02  0.0000000E+00  0.0000000E+00
  1.5568208E+02  0.0000000E+00  0.0000000E+00
  1.5769243E+02  0.0000000E+00  0.0000000E+00
  1.5972874E+02  0.0000000E+00  0.0000000E+00
  1.6179134E+02  0.0000000E+00  0.0000000E+00
  1.6388058E+02  0.0000000E+00  0.0000000E+00
  1.6599680E+02  0.0000000E+00  0.0000000E+00
  1.6814035E+02  0.0000000E+00  0.0000000E+00
  1.7031157E+02  0.0000000E+00  0.0000000E+00
  1.7251084E+02  0.0000000E+00  0.0000000E+00
  1.7473850E+02  0.0000000E+00  0.0000000E+00
  1.7699493E+02  0.0000000E+00  0.0000000E+00
  1.7928049E+02  0.0000000E+00  0.0000000E+00
  1.8159557E+02  0.0000000E+00  0.0000000E+00
  1.8394055E+02  0.0000000E+00  0.0000000E+00
  1.8631581E+02  0.0000000E+00  0.0000000E+00
  1.8872173E+02  0.0000000E+00  0.0000000E+00
  1.9115873E+02  0.0000000E+00  0.0000000E+00
  1.9362720E+02  0.0000000E+00  0.0000000E+00
  1.9612754E+02  0.0000000E+00  0.0000000E+00
  1.9866017E+02  0.0000000E+00  0.0000000E+00
  2.0122550E+02  0.0000000E+00  0.0000000E+00
