   0.0000000E+00  -4.0342364E+03   0.0000000E+00
   3.5251509E-06   8.4587829E+03   1.4394705E-19
   7.0958227E-06   9.7638348E+03   2.3632132E-18
   1.0712603E-05   8.5702873E+03   1.2276426E-17
   1.4376087E-05   8.5646730E+03   3.9815733E-17
   1.8086879E-05   8.4306658E+03   9.9757700E-17
   2.1845589E-05   8.2749198E+03   2.1229848E-16
   2.5652835E-05   8.1642185E+03   4.0367640E-16
   2.9509245E-05   8.0743365E+03   7.0684514E-16
   3.3415453E-05   7.9995163E+03   1.1622012E-15
   3.7372103E-05   7.9378718E+03   1.8183691E-15
   4.1379846E-05   7.8863862E+03   2.7330486E-15
   4.5439341E-05   7.8434320E+03   3.9739279E-15
   4.9551257E-05   7.8077226E+03   5.6196672E-15
   5.3716271E-05   7.7782177E+03   7.7609577E-15
   5.7935068E-05   7.7541002E+03   1.0501661E-14
   6.2208344E-05   7.7347135E+03   1.3960033E-14
   6.6536801E-05   7.7195232E+03   1.8270042E-14
   7.0921151E-05   7.7080894E+03   2.3582780E-14
   7.5362118E-05   7.7000465E+03   3.0067982E-14
   7.9860432E-05   7.6950870E+03   3.7915650E-14
   8.4416833E-05   7.6929510E+03   4.7337803E-14
   8.9032071E-05   7.6934162E+03   5.8570347E-14
   9.3706907E-05   7.6962920E+03   7.1875073E-14
   9.8442110E-05   7.7014134E+03   8.7541812E-14
   1.0323846E-04   7.7086371E+03   1.0589073E-13
   1.0809674E-04   7.7178383E+03   1.2727477E-13
   1.1301776E-04   7.7289072E+03   1.5208232E-13
   1.1800233E-04   7.7417479E+03   1.8073998E-13
   1.2305126E-04   7.7562754E+03   2.1371559E-13
   1.2816540E-04   7.7724149E+03   2.5152144E-13
   1.3334557E-04   7.7901005E+03   2.9471768E-13
   1.3859263E-04   7.8092737E+03   3.4391602E-13
   1.4390745E-04   7.8298828E+03   3.9978358E-13
   1.4929090E-04   7.8518821E+03   4.6304712E-13
   1.5474386E-04   7.8752314E+03   5.3449744E-13
   1.6026725E-04   7.8998952E+03   6.1499414E-13
   1.6586195E-04   7.9258423E+03   7.0547069E-13
   1.7152891E-04   7.9530454E+03   8.0693980E-13
   1.7726904E-04   7.9814807E+03   9.2049916E-13
   1.8308329E-04   8.0111278E+03   1.0473376E-12
   1.8897262E-04   8.0419690E+03   1.1887415E-12
   1.9493801E-04   8.0739893E+03   1.3461019E-12
   2.0098042E-04   8.1071762E+03   1.5209218E-12
   2.0710086E-04   8.1415193E+03   1.7148238E-12
   2.1330034E-04   8.1770103E+03   1.9295589E-12
   2.1957987E-04   8.2136429E+03   2.1670152E-12
   2.2594049E-04   8.2514124E+03   2.4292271E-12
   2.3238325E-04   8.2903156E+03   2.7183859E-12
   2.3890920E-04   8.3303511E+03   3.0368499E-12
   2.4551942E-04   8.3715185E+03   3.3871563E-12
   2.5221500E-04   8.4138190E+03   3.7720331E-12
   2.5899704E-04   8.4572549E+03   4.1944118E-12
   2.6586666E-04   8.5018294E+03   4.6574411E-12
   2.7282499E-04   8.5475470E+03   5.1645018E-12
   2.7987317E-04   8.5944131E+03   5.7192215E-12
   2.8701237E-04   8.6424340E+03   6.3254916E-12
   2.9424375E-04   8.6916170E+03   6.9874843E-12
   3.0156852E-04   8.7419700E+03   7.7096710E-12
   3.0898787E-04   8.7935019E+03   8.4968423E-12
   3.1650303E-04   8.8462222E+03   9.3541281E-12
   3.2411523E-04   8.9001412E+03   1.0287020E-11
   3.3182573E-04   8.9552699E+03   1.1301395E-11
   3.3963580E-04   9.0116199E+03   1.2403541E-11
   3.4754672E-04   9.0692036E+03   1.3600178E-11
   3.5555980E-04   9.1280338E+03   1.4898495E-11
   3.6367635E-04   9.1881240E+03   1.6306172E-11
   3.7189771E-04   9.2494884E+03   1.7831415E-11
   3.8022523E-04   9.3121416E+03   1.9482986E-11
   3.8866029E-04   9.3760989E+03   2.1270243E-11
   3.9720427E-04   9.4413761E+03   2.3203175E-11
   4.0585858E-04   9.5079896E+03   2.5292438E-11
   4.1462464E-04   9.5759562E+03   2.7549405E-11
   4.2350391E-04   9.6452933E+03   2.9986202E-11
   4.3249783E-04   9.7160190E+03   3.2615759E-11
   4.4160789E-04   9.7881518E+03   3.5451863E-11
   4.5083559E-04   9.8617105E+03   3.8509204E-11
   4.6018245E-04   9.9367149E+03   4.1803435E-11
   4.6965001E-04   1.0013185E+04   4.5351232E-11
   4.7923982E-04   1.0091141E+04   4.9170354E-11
   4.8895347E-04   1.0170605E+04   5.3279712E-11
   4.9879256E-04   1.0251597E+04   5.7699437E-11
   5.0875869E-04   1.0334141E+04   6.2450955E-11
   5.1885352E-04   1.0418259E+04   6.7557067E-11
   5.2907871E-04   1.0503973E+04   7.3042031E-11
   5.3943593E-04   1.0591309E+04   7.8931651E-11
   5.4992690E-04   1.0680289E+04   8.5253370E-11
   5.6055335E-04   1.0770940E+04   9.2036368E-11
   5.7131701E-04   1.0863286E+04   9.9311669E-11
   5.8221966E-04   1.0957353E+04   1.0711225E-10
   5.9326311E-04   1.1053167E+04   1.1547315E-10
   6.0444916E-04   1.1150757E+04   1.2443162E-10
   6.1577965E-04   1.1250149E+04   1.3402721E-10
   6.2725646E-04   1.1351371E+04   1.4430195E-10
   6.3888147E-04   1.1454453E+04   1.5530047E-10
   6.5065660E-04   1.1559423E+04   1.6707018E-10
   6.6258378E-04   1.1666312E+04   1.7966140E-10
   6.7466497E-04   1.1775150E+04   1.9312755E-10
   6.8690218E-04   1.1885968E+04   2.0752534E-10
   6.9929740E-04   1.1998798E+04   2.2291496E-10
   7.1185269E-04   1.2113672E+04   2.3936027E-10
   7.2457010E-04   1.2230624E+04   2.5692902E-10
   7.3745174E-04   1.2349686E+04   2.7569312E-10
   7.5049972E-04   1.2470892E+04   2.9572881E-10
   7.6371619E-04   1.2594279E+04   3.1711696E-10
   7.7710332E-04   1.2719881E+04   3.3994334E-10
   7.9066333E-04   1.2847734E+04   3.6429889E-10
   8.0439843E-04   1.2977876E+04   3.9028002E-10
   8.1831091E-04   1.3110343E+04   4.1798894E-10
   8.3240303E-04   1.3245175E+04   4.4753400E-10
   8.4667713E-04   1.3382408E+04   4.7903001E-10
   8.6113555E-04   1.3522085E+04   5.1259866E-10
   8.7578068E-04   1.3664243E+04   5.4836889E-10
   8.9061492E-04   1.3808925E+04   5.8647732E-10
   9.0564072E-04   1.3956173E+04   6.2706866E-10
   9.2086055E-04   1.4106027E+04   6.7029624E-10
   9.3627692E-04   1.4258532E+04   7.1632243E-10
   9.5189235E-04   1.4413732E+04   7.6531923E-10
   9.6770944E-04   1.4571671E+04   8.1746874E-10
   9.8373077E-04   1.4732394E+04   8.7296383E-10
   9.9995899E-04   1.4895948E+04   9.3200868E-10
   1.0163968E-03   1.5062378E+04   9.9481947E-10
   1.0330468E-03   1.5231734E+04   1.0616250E-09
   1.0499118E-03   1.5404064E+04   1.1326676E-09
   1.0669947E-03   1.5579416E+04   1.2082036E-09
   1.0842981E-03   1.5757841E+04   1.2885042E-09
   1.1018249E-03   1.5939389E+04   1.3738568E-09
   1.1195781E-03   1.6124112E+04   1.4645650E-09
   1.1375606E-03   1.6312063E+04   1.5609505E-09
   1.1557752E-03   1.6503295E+04   1.6633532E-09
   1.1742251E-03   1.6697862E+04   1.7721331E-09
   1.1929132E-03   1.6895819E+04   1.8876707E-09
   1.2118426E-03   1.7097222E+04   2.0103688E-09
   1.2310165E-03   1.7302127E+04   2.1406530E-09
   1.2504379E-03   1.7510592E+04   2.2789738E-09
   1.2701102E-03   1.7722675E+04   2.4258075E-09
   1.2900364E-03   1.7938436E+04   2.5816577E-09
   1.3102200E-03   1.8157934E+04   2.7470568E-09
   1.3306642E-03   1.8381231E+04   2.9225680E-09
   1.3513725E-03   1.8608389E+04   3.1087866E-09
   1.3723481E-03   1.8839469E+04   3.3063417E-09
   1.3935946E-03   1.9074536E+04   3.5158988E-09
   1.4151154E-03   1.9313655E+04   3.7381610E-09
   1.4369142E-03   1.9556890E+04   3.9738715E-09
   1.4589944E-03   1.9804308E+04   4.2238159E-09
   1.4813598E-03   2.0055977E+04   4.4888245E-09
   1.5040140E-03   2.0311963E+04   4.7697745E-09
   1.5269607E-03   2.0572337E+04   5.0675931E-09
   1.5502037E-03   2.0837168E+04   5.3832601E-09
   1.5737469E-03   2.1106528E+04   5.7178104E-09
   1.5975941E-03   2.1380486E+04   6.0723379E-09
   1.6217492E-03   2.1659118E+04   6.4479978E-09
   1.6462163E-03   2.1942495E+04   6.8460110E-09
   1.6709993E-03   2.2230692E+04   7.2676669E-09
   1.6961023E-03   2.2523784E+04   7.7143276E-09
   1.7215295E-03   2.2821849E+04   8.1874320E-09
   1.7472850E-03   2.3124962E+04   8.6884996E-09
   1.7733731E-03   2.3433201E+04   9.2191357E-09
   1.7997981E-03   2.3746646E+04   9.7810352E-09
   1.8265643E-03   2.4065376E+04   1.0375988E-08
   1.8536762E-03   2.4389472E+04   1.1005886E-08
   1.8811381E-03   2.4719015E+04   1.1672724E-08
   1.9089547E-03   2.5054087E+04   1.2378610E-08
   1.9371305E-03   2.5394771E+04   1.3125771E-08
   1.9656701E-03   2.5741151E+04   1.3916556E-08
   1.9945783E-03   2.6093311E+04   1.4753446E-08
   2.0238597E-03   2.6451338E+04   1.5639062E-08
   2.0535193E-03   2.6815317E+04   1.6576167E-08
   2.0835618E-03   2.7185336E+04   1.7567683E-08
   2.1139923E-03   2.7561481E+04   1.8616689E-08
   2.1448158E-03   2.7943842E+04   1.9726440E-08
   2.1760373E-03   2.8332507E+04   2.0900369E-08
   2.2076619E-03   2.8727566E+04   2.2142101E-08
   2.2396950E-03   2.9129110E+04   2.3455459E-08
   2.2721416E-03   2.9537229E+04   2.4844482E-08
   2.3050073E-03   2.9952016E+04   2.6313430E-08
   2.3382974E-03   3.0373562E+04   2.7866800E-08
   2.3720173E-03   3.0801961E+04   2.9509336E-08
   2.4061727E-03   3.1237305E+04   3.1246047E-08
   2.4407691E-03   3.1679688E+04   3.3082216E-08
   2.4758123E-03   3.2129205E+04   3.5023419E-08
   2.5113080E-03   3.2585950E+04   3.7075539E-08
   2.5472621E-03   3.3050018E+04   3.9244783E-08
   2.5836804E-03   3.3521504E+04   4.1537701E-08
   2.6205690E-03   3.4000503E+04   4.3961203E-08
   2.6579340E-03   3.4487112E+04   4.6522579E-08
   2.6957814E-03   3.4981427E+04   4.9229520E-08
   2.7341176E-03   3.5483544E+04   5.2090140E-08
   2.7729489E-03   3.5993558E+04   5.5112998E-08
   2.8122815E-03   3.6511566E+04   5.8307124E-08
   2.8521221E-03   3.7037664E+04   6.1682043E-08
   2.8924771E-03   3.7571949E+04   6.5247800E-08
   2.9333533E-03   3.8114516E+04   6.9014995E-08
   2.9747573E-03   3.8665461E+04   7.2994805E-08
   3.0166959E-03   3.9224879E+04   7.7199019E-08
   3.0591761E-03   3.9792866E+04   8.1640074E-08
   3.1022049E-03   4.0369516E+04   8.6331084E-08
   3.1457893E-03   4.0954924E+04   9.1285881E-08
   3.1899365E-03   4.1549183E+04   9.6519053E-08
   3.2346538E-03   4.2152386E+04   1.0204599E-07
   3.2799486E-03   4.2764625E+04   1.0788290E-07
   3.3258282E-03   4.3385991E+04   1.1404691E-07
   3.3723003E-03   4.4016576E+04   1.2055605E-07
   3.4193724E-03   4.4656468E+04   1.2742935E-07
   3.4670525E-03   4.5305756E+04   1.3468688E-07
   3.5153482E-03   4.5964526E+04   1.4234978E-07
   3.5642676E-03   4.6632866E+04   1.5044036E-07
   3.6138187E-03   4.7310858E+04   1.5898214E-07
   3.6640096E-03   4.7998586E+04   1.6799992E-07
   3.7148487E-03   4.8696131E+04   1.7751985E-07
   3.7663443E-03   4.9403572E+04   1.8756949E-07
   3.8185048E-03   5.0120987E+04   1.9817790E-07
   3.8713389E-03   5.0848451E+04   2.0937573E-07
   3.9248552E-03   5.1586038E+04   2.2119528E-07
   3.9790627E-03   5.2333817E+04   2.3367062E-07
   4.0339701E-03   5.3091859E+04   2.4683763E-07
   4.0895865E-03   5.3860229E+04   2.6073418E-07
   4.1459211E-03   5.4638989E+04   2.7540016E-07
   4.2029832E-03   5.5428201E+04   2.9087764E-07
   4.2607821E-03   5.6227922E+04   3.0721094E-07
   4.3193274E-03   5.7038206E+04   3.2444683E-07
   4.3786287E-03   5.7859103E+04   3.4263455E-07
   4.4386957E-03   5.8690662E+04   3.6182604E-07
   4.4995384E-03   5.9532925E+04   3.8207605E-07
   4.5611668E-03   6.0385932E+04   4.0344226E-07
   4.6235910E-03   6.1249719E+04   4.2598550E-07
   4.6868213E-03   6.2124318E+04   4.4976986E-07
   4.7508681E-03   6.3009755E+04   4.7486290E-07
   4.8157419E-03   6.3906053E+04   5.0133584E-07
   4.8814535E-03   6.4813230E+04   5.2926371E-07
   4.9480136E-03   6.5731297E+04   5.5872561E-07
   5.0154332E-03   6.6660263E+04   5.8980491E-07
   5.0837234E-03   6.7600130E+04   6.2258946E-07
   5.1528955E-03   6.8550894E+04   6.5717185E-07
   5.2229608E-03   6.9512544E+04   6.9364965E-07
   5.2939308E-03   7.0485067E+04   7.3212569E-07
   5.3658173E-03   7.1468440E+04   7.7270835E-07
   5.4386321E-03   7.2462635E+04   8.1551181E-07
   5.5123871E-03   7.3467616E+04   8.6065643E-07
   5.5870946E-03   7.4483341E+04   9.0826902E-07
   5.6627668E-03   7.5509762E+04   9.5848322E-07
   5.7394161E-03   7.6546822E+04   1.0114398E-06
   5.8170552E-03   7.7594455E+04   1.0672873E-06
   5.8956969E-03   7.8652590E+04   1.1261819E-06
   5.9753541E-03   7.9721147E+04   1.1882885E-06
   6.0560399E-03   8.0800035E+04   1.2537806E-06
   6.1377676E-03   8.1889159E+04   1.3228412E-06
   6.2205507E-03   8.2988410E+04   1.3956631E-06
   6.3044028E-03   8.4097673E+04   1.4724493E-06
   6.3893377E-03   8.5216823E+04   1.5534138E-06
   6.4753693E-03   8.6345724E+04   1.6387820E-06
   6.5625119E-03   8.7484233E+04   1.7287917E-06
   6.6507798E-03   8.8632193E+04   1.8236929E-06
   6.7401875E-03   8.9789439E+04   1.9237495E-06
   6.8307497E-03   9.0955794E+04   2.0292393E-06
   6.9224814E-03   9.2131071E+04   2.1404549E-06
   7.0153976E-03   9.3315072E+04   2.2577049E-06
   7.1095137E-03   9.4507586E+04   2.3813140E-06
   7.2048451E-03   9.5708391E+04   2.5116246E-06
   7.3014075E-03   9.6917252E+04   2.6489974E-06
   7.3992168E-03   9.8133924E+04   2.7938122E-06
   7.4982892E-03   9.9358148E+04   2.9464694E-06
   7.5986409E-03   1.0058965E+05   3.1073905E-06
   7.7002885E-03   1.0182815E+05   3.2770197E-06
   7.8032487E-03   1.0307335E+05   3.4558251E-06
   7.9075384E-03   1.0432493E+05   3.6442996E-06
   8.0131748E-03   1.0558258E+05   3.8429625E-06
   8.1201753E-03   1.0684595E+05   4.0523608E-06
   8.2285575E-03   1.0811468E+05   4.2730710E-06
   8.3383393E-03   1.0938842E+05   4.5057000E-06
   8.4495387E-03   1.1066678E+05   4.7508874E-06
   8.5621740E-03   1.1194936E+05   5.0093067E-06
   8.6762639E-03   1.1323576E+05   5.2816676E-06
   8.7918269E-03   1.1452554E+05   5.5687176E-06
   8.9088823E-03   1.1581826E+05   5.8712441E-06
   9.0274492E-03   1.1711347E+05   6.1900763E-06
   9.1475472E-03   1.1841070E+05   6.5260879E-06
   9.2691961E-03   1.1970946E+05   6.8801992E-06
   9.3924158E-03   1.2100923E+05   7.2533793E-06
   9.5172266E-03   1.2230952E+05   7.6466493E-06
   9.6436492E-03   1.2360977E+05   8.0610845E-06
   9.7717043E-03   1.2490944E+05   8.4978177E-06
   9.9014129E-03   1.2620796E+05   8.9580418E-06
   1.0032797E-02   1.2750475E+05   9.4430135E-06
   1.0165877E-02   1.2879921E+05   9.9540564E-06
   1.0300675E-02   1.3009073E+05   1.0492565E-05
   1.0437215E-02   1.3137868E+05   1.1060006E-05
   1.0575517E-02   1.3266240E+05   1.1657928E-05
   1.0715606E-02   1.3394125E+05   1.2287959E-05
   1.0857503E-02   1.3521454E+05   1.2951814E-05
   1.1001233E-02   1.3648158E+05   1.3651300E-05
   1.1146819E-02   1.3774166E+05   1.4388320E-05
   1.1294284E-02   1.3899406E+05   1.5164879E-05
   1.1443654E-02   1.4023805E+05   1.5983087E-05
   1.1594953E-02   1.4147287E+05   1.6845167E-05
   1.1748206E-02   1.4269776E+05   1.7753461E-05
   1.1903437E-02   1.4391194E+05   1.8710435E-05
   1.2060673E-02   1.4511461E+05   1.9718686E-05
   1.2219940E-02   1.4630497E+05   2.0780948E-05
   1.2381263E-02   1.4748220E+05   2.1900102E-05
   1.2544669E-02   1.4864547E+05   2.3079182E-05
   1.2710186E-02   1.4979393E+05   2.4321382E-05
   1.2877839E-02   1.5092674E+05   2.5630066E-05
   1.3047658E-02   1.5204303E+05   2.7008779E-05
   1.3219670E-02   1.5314193E+05   2.8461250E-05
   1.3393902E-02   1.5422255E+05   2.9991411E-05
   1.3570385E-02   1.5528399E+05   3.1603398E-05
   1.3749147E-02   1.5632536E+05   3.3301571E-05
   1.3930217E-02   1.5734575E+05   3.5090517E-05
   1.4113625E-02   1.5834425E+05   3.6975071E-05
   1.4299402E-02   1.5931994E+05   3.8960322E-05
   1.4487577E-02   1.6027189E+05   4.1051629E-05
   1.4678183E-02   1.6119917E+05   4.3254637E-05
   1.4871249E-02   1.6210085E+05   4.5575288E-05
   1.5066809E-02   1.6297600E+05   4.8019842E-05
   1.5264894E-02   1.6382369E+05   5.0594889E-05
   1.5465537E-02   1.6464298E+05   5.3307370E-05
   1.5668771E-02   1.6543294E+05   5.6164593E-05
   1.5874630E-02   1.6619265E+05   5.9174254E-05
   1.6083147E-02   1.6692116E+05   6.2344457E-05
   1.6294356E-02   1.6761757E+05   6.5683735E-05
   1.6508293E-02   1.6828096E+05   6.9201076E-05
   1.6724992E-02   1.6891042E+05   7.2905940E-05
   1.6944489E-02   1.6950505E+05   7.6808293E-05
   1.7166821E-02   1.7006396E+05   8.0918625E-05
   1.7392024E-02   1.7058629E+05   8.5247984E-05
   1.7620135E-02   1.7107116E+05   8.9808003E-05
   1.7851192E-02   1.7151772E+05   9.4610932E-05
   1.8085232E-02   1.7192515E+05   9.9669668E-05
   1.8322295E-02   1.7229262E+05   1.0499779E-04
   1.8562419E-02   1.7261935E+05   1.1060961E-04
   1.8805643E-02   1.7290455E+05   1.1652017E-04
   1.9052008E-02   1.7314747E+05   1.2274533E-04
   1.9301555E-02   1.7334739E+05   1.2930179E-04
   1.9554324E-02   1.7350359E+05   1.3620712E-04
   1.9810357E-02   1.7361541E+05   1.4347983E-04
   2.0069697E-02   1.7368219E+05   1.5113941E-04
   2.0332385E-02   1.7370331E+05   1.5920638E-04
   2.0598465E-02   1.7367820E+05   1.6770234E-04
   2.0867982E-02   1.7360629E+05   1.7665004E-04
   2.1140978E-02   1.7348707E+05   1.8607344E-04
   2.1417500E-02   1.7332006E+05   1.9599774E-04
   2.1697593E-02   1.7310481E+05   2.0644951E-04
   2.1981302E-02   1.7284094E+05   2.1745669E-04
   2.2268675E-02   1.7252806E+05   2.2904872E-04
   2.2559759E-02   1.7216588E+05   2.4125659E-04
   2.2854602E-02   1.7175411E+05   2.5411294E-04
   2.3153252E-02   1.7129253E+05   2.6765210E-04
   2.3455759E-02   1.7078096E+05   2.8191026E-04
   2.3762172E-02   1.7021928E+05   2.9692550E-04
   2.4072542E-02   1.6960739E+05   3.1273790E-04
   2.4386919E-02   1.6894528E+05   3.2938968E-04
   2.4705356E-02   1.6823296E+05   3.4692528E-04
   2.5027906E-02   1.6747052E+05   3.6539149E-04
   2.5354620E-02   1.6665809E+05   3.8483758E-04
   2.5685553E-02   1.6579586E+05   4.0531540E-04
   2.6020760E-02   1.6488407E+05   4.2687956E-04
   2.6360295E-02   1.6392303E+05   4.4958755E-04
   2.6704215E-02   1.6291310E+05   4.7349988E-04
   2.7052576E-02   1.6185471E+05   4.9868028E-04
   2.7405435E-02   1.6074834E+05   5.2519582E-04
   2.7762851E-02   1.5959452E+05   5.5311712E-04
   2.8124882E-02   1.5839386E+05   5.8251853E-04
   2.8491588E-02   1.5714702E+05   6.1347832E-04
   2.8863029E-02   1.5585473E+05   6.4607890E-04
   2.9239267E-02   1.5451777E+05   6.8040701E-04
   2.9620363E-02   1.5313699E+05   7.1655398E-04
   3.0006381E-02   1.5171329E+05   7.5461596E-04
   3.0397383E-02   1.5024764E+05   7.9469414E-04
   3.0793434E-02   1.4874107E+05   8.3689510E-04
   3.1194600E-02   1.4719465E+05   8.8133099E-04
   3.1600946E-02   1.4560954E+05   9.2811990E-04
   3.2012539E-02   1.4398694E+05   9.7738613E-04
   3.2429447E-02   1.4232809E+05   1.0292606E-03
   3.2851738E-02   1.4063431E+05   1.0838809E-03
   3.3279483E-02   1.3890697E+05   1.1413923E-03
   3.3712751E-02   1.3714748E+05   1.2019473E-03
   3.4151614E-02   1.3535732E+05   1.2657066E-03
   3.4596144E-02   1.3353798E+05   1.3328394E-03
   3.5046415E-02   1.3169104E+05   1.4035237E-03
   3.5502500E-02   1.2981811E+05   1.4779472E-03
   3.5964474E-02   1.2792083E+05   1.5563069E-03
   3.6432414E-02   1.2600089E+05   1.6388108E-03
   3.6906397E-02   1.2406002E+05   1.7256774E-03
   3.7386500E-02   1.2209998E+05   1.8171369E-03
   3.7872803E-02   1.2012256E+05   1.9134315E-03
   3.8365385E-02   1.1812959E+05   2.0148164E-03
   3.8864328E-02   1.1612292E+05   2.1215599E-03
   3.9369715E-02   1.1410441E+05   2.2339446E-03
   3.9881627E-02   1.1207596E+05   2.3522680E-03
   4.0400150E-02   1.1003947E+05   2.4768431E-03
   4.0925368E-02   1.0799688E+05   2.6079994E-03
   4.1457369E-02   1.0595010E+05   2.7460838E-03
   4.1996239E-02   1.0390107E+05   2.8914614E-03
   4.2542068E-02   1.0185173E+05   3.0445165E-03
   4.3094946E-02   9.9804029E+04   3.2056535E-03
   4.3654963E-02   9.7759885E+04   3.3752982E-03
   4.4222211E-02   9.5721222E+04   3.5538987E-03
   4.4796784E-02   9.3689950E+04   3.7419266E-03
   4.5378777E-02   9.1667960E+04   3.9398782E-03
   4.5968286E-02   8.9657122E+04   4.1482761E-03
   4.6565406E-02   8.7659282E+04   4.3676702E-03
   4.7170238E-02   8.5676254E+04   4.5986391E-03
   4.7782879E-02   8.3709823E+04   4.8417920E-03
   4.8403432E-02   8.1761733E+04   5.0977700E-03
   4.9031998E-02   7.9833692E+04   5.3672477E-03
   4.9668681E-02   7.7927359E+04   5.6509353E-03
   5.0313586E-02   7.6044348E+04   5.9495801E-03
   5.0966818E-02   7.4186220E+04   6.2639685E-03
   5.1628486E-02   7.2354483E+04   6.5949283E-03
   5.2298697E-02   7.0550584E+04   6.9433306E-03
   5.2977564E-02   6.8775912E+04   7.3100920E-03
   5.3665196E-02   6.7031789E+04   7.6961774E-03
   5.4361708E-02   6.5319470E+04   8.1026019E-03
   5.5067215E-02   6.3640143E+04   8.5304340E-03
   5.5781831E-02   6.1994920E+04   8.9807981E-03
   5.6505676E-02   6.0384840E+04   9.4548772E-03
   5.7238867E-02   5.8810866E+04   9.9539164E-03
   5.7981527E-02   5.7273882E+04   1.0479226E-02
   5.8733776E-02   5.5774689E+04   1.1032184E-02
   5.9495740E-02   5.4314009E+04   1.1614243E-02
   6.0267542E-02   5.2892480E+04   1.2226927E-02
   6.1049312E-02   5.1510654E+04   1.2871844E-02
   6.1841176E-02   5.0169001E+04   1.3550683E-02
   6.2643266E-02   4.8867901E+04   1.4265224E-02
   6.3455713E-02   4.7607651E+04   1.5017337E-02
   6.4278652E-02   4.6388459E+04   1.5808992E-02
   6.5112217E-02   4.5210447E+04   1.6642259E-02
   6.5956546E-02   4.4073652E+04   1.7519319E-02
   6.6811778E-02   4.2978023E+04   1.8442464E-02
   6.7678054E-02   4.1923426E+04   1.9414108E-02
   6.8555516E-02   4.0909642E+04   2.0436789E-02
   6.9444310E-02   3.9936369E+04   2.1513177E-02
   7.0344580E-02   3.9003224E+04   2.2646082E-02
   7.1256475E-02   3.8109742E+04   2.3838460E-02
   7.2180146E-02   3.7255385E+04   2.5093420E-02
   7.3115745E-02   3.6439534E+04   2.6414234E-02
   7.4063425E-02   3.5661500E+04   2.7804342E-02
   7.5023342E-02   3.4920522E+04   2.9267365E-02
   7.5995656E-02   3.4215771E+04   3.0807110E-02
   7.6980524E-02   3.3546354E+04   3.2427583E-02
   7.7978111E-02   3.2911315E+04   3.4132998E-02
   7.8988579E-02   3.2309639E+04   3.5927785E-02
   8.0012096E-02   3.1740259E+04   3.7816608E-02
   8.1048830E-02   3.1202053E+04   3.9804367E-02
   8.2098951E-02   3.0693853E+04   4.1896221E-02
   8.3162632E-02   3.0214449E+04   4.4097593E-02
   8.4240050E-02   2.9762590E+04   4.6414187E-02
   8.5331379E-02   2.9336991E+04   4.8852003E-02
   8.6436802E-02   2.8936333E+04   5.1417349E-02
   8.7556499E-02   2.8559275E+04   5.4116860E-02
   8.8690654E-02   2.8204450E+04   5.6957513E-02
   8.9839456E-02   2.7870478E+04   5.9946645E-02
   9.1003091E-02   2.7555960E+04   6.3091971E-02
   9.2181754E-02   2.7259494E+04   6.6401604E-02
   9.3375636E-02   2.6979671E+04   6.9884074E-02
   9.4584935E-02   2.6715083E+04   7.3548349E-02
   9.5809850E-02   2.6464329E+04   7.7403859E-02
   9.7050582E-02   2.6226015E+04   8.1460519E-02
   9.8307337E-02   2.5998763E+04   8.5728751E-02
   9.9580320E-02   2.5781212E+04   9.0219513E-02
   1.0086974E-01   2.5572025E+04   9.4944323E-02
   1.0217581E-01   2.5369891E+04   9.9915291E-02
   1.0349875E-01   2.5173529E+04   1.0514514E-01
   1.0483877E-01   2.4981694E+04   1.1064726E-01
   1.0619609E-01   2.4793180E+04   1.1643571E-01
   1.0757095E-01   2.4606820E+04   1.2252526E-01
   1.0896355E-01   2.4421497E+04   1.2893145E-01
   1.1037414E-01   2.4236137E+04   1.3567061E-01
   1.1180294E-01   2.4049724E+04   1.4275988E-01
   1.1325020E-01   2.3861290E+04   1.5021730E-01
   1.1471614E-01   2.3669930E+04   1.5806181E-01
   1.1620101E-01   2.3474793E+04   1.6631330E-01
   1.1770506E-01   2.3275094E+04   1.7499270E-01
   1.1922853E-01   2.3070108E+04   1.8412197E-01
   1.2077167E-01   2.2859176E+04   1.9372418E-01
   1.2233474E-01   2.2641706E+04   2.0382359E-01
   1.2391799E-01   2.2417172E+04   2.1444566E-01
   1.2552169E-01   2.2185116E+04   2.2561714E-01
   1.2714609E-01   2.1945150E+04   2.3736613E-01
   1.2879147E-01   2.1696953E+04   2.4972212E-01
   1.3045810E-01   2.1440273E+04   2.6271610E-01
   1.3214625E-01   2.1174925E+04   2.7638062E-01
   1.3385620E-01   2.0900794E+04   2.9074982E-01
   1.3558824E-01   2.0617830E+04   3.0585958E-01
   1.3734263E-01   2.0326048E+04   3.2174756E-01
   1.3911968E-01   2.0025526E+04   3.3845327E-01
   1.4091968E-01   1.9716407E+04   3.5601822E-01
   1.4274293E-01   1.9398889E+04   3.7448595E-01
   1.4458971E-01   1.9073233E+04   3.9390216E-01
   1.4646035E-01   1.8739751E+04   4.1431482E-01
   1.4835514E-01   1.8398810E+04   4.3577424E-01
   1.5027439E-01   1.8050823E+04   4.5833323E-01
   1.5221844E-01   1.7696253E+04   4.8204719E-01
   1.5418758E-01   1.7335602E+04   5.0697421E-01
   1.5618215E-01   1.6969415E+04   5.3317524E-01
   1.5820248E-01   1.6598270E+04   5.6071420E-01
   1.6024890E-01   1.6222777E+04   5.8965811E-01
   1.6232175E-01   1.5843575E+04   6.2007725E-01
   1.6442136E-01   1.5461326E+04   6.5204531E-01
   1.6654808E-01   1.5076710E+04   6.8563950E-01
   1.6870227E-01   1.4690426E+04   7.2094079E-01
   1.7088427E-01   1.4303181E+04   7.5803400E-01
   1.7309445E-01   1.3915692E+04   7.9700805E-01
   1.7533317E-01   1.3528675E+04   8.3795605E-01
   1.7760080E-01   1.3142848E+04   8.8097558E-01
   1.7989771E-01   1.2758921E+04   9.2616881E-01
   1.8222428E-01   1.2377595E+04   9.7364277E-01
   1.8458090E-01   1.1999559E+04   1.0235095E+00
   1.8696795E-01   1.1625482E+04   1.0758863E+00
   1.8938582E-01   1.1256014E+04   1.1308959E+00
   1.9183491E-01   1.0891778E+04   1.1886669E+00
   1.9431563E-01   1.0533372E+04   1.2493336E+00
   1.9682838E-01   1.0181363E+04   1.3130367E+00
   1.9937358E-01   9.8362829E+03   1.3799233E+00
   2.0195165E-01   9.4986297E+03   1.4501471E+00
   2.0456301E-01   9.1688634E+03   1.5238690E+00
   2.0720809E-01   8.8474046E+03   1.6012571E+00
   2.0988732E-01   8.5346330E+03   1.6824868E+00
   2.1260115E-01   8.2308863E+03   1.7677418E+00
   2.1535003E-01   7.9364595E+03   1.8572137E+00
   2.1813440E-01   7.6516040E+03   1.9511024E+00
   2.2095473E-01   7.3765273E+03   2.0496169E+00
   2.2381148E-01   7.1113930E+03   2.1529752E+00
   2.2670512E-01   6.8563211E+03   2.2614047E+00
   2.2963612E-01   6.6113877E+03   2.3751424E+00
   2.3260497E-01   6.3766263E+03   2.4944358E+00
   2.3561216E-01   6.1520285E+03   2.6195425E+00
   2.3865818E-01   5.9375446E+03   2.7507310E+00
   2.4174354E-01   5.7330854E+03   2.8882811E+00
   2.4486873E-01   5.5385234E+03   3.0324838E+00
   2.4803429E-01   5.3536947E+03   3.1836423E+00
   2.5124072E-01   5.1784006E+03   3.3420718E+00
   2.5448855E-01   5.0124100E+03   3.5080999E+00
   2.5777833E-01   4.8554614E+03   3.6820675E+00
   2.6111058E-01   4.7072653E+03   3.8643284E+00
   2.6448587E-01   4.5675070E+03   4.0552500E+00
   2.6790474E-01   4.4358486E+03   4.2552138E+00
   2.7136776E-01   4.3119325E+03   4.4646151E+00
   2.7487550E-01   4.1953833E+03   4.6838642E+00
   2.7842853E-01   4.0858114E+03   4.9133856E+00
   2.8202745E-01   3.9828152E+03   5.1536190E+00
   2.8567284E-01   3.8859843E+03   5.4050195E+00
   2.8936530E-01   3.7949022E+03   5.6680573E+00
   2.9310545E-01   3.7091489E+03   5.9432184E+00
   2.9689389E-01   3.6283039E+03   6.2310041E+00
   3.0073125E-01   3.5519484E+03   6.5319318E+00
   3.0461816E-01   3.4796682E+03   6.8465344E+00
   3.0855527E-01   3.4110558E+03   7.1753606E+00
   3.1254322E-01   3.3457130E+03   7.5189745E+00
   3.1658266E-01   3.2832525E+03   7.8779558E+00
   3.2067426E-01   3.2233003E+03   8.2528993E+00
   3.2481871E-01   3.1654973E+03   8.6444142E+00
   3.2901667E-01   3.1095009E+03   9.0531245E+00
   3.3326883E-01   3.0549864E+03   9.4796675E+00
   3.3757591E-01   3.0016485E+03   9.9246937E+00
   3.4193861E-01   2.9492020E+03   1.0388866E+01
   3.4635764E-01   2.8973829E+03   1.0872857E+01
   3.5083373E-01   2.8459492E+03   1.1377353E+01
   3.5536763E-01   2.7946811E+03   1.1903044E+01
   3.5996007E-01   2.7433814E+03   1.2450631E+01
   3.6461181E-01   2.6918759E+03   1.3020820E+01
   3.6932363E-01   2.6400132E+03   1.3614319E+01
   3.7409628E-01   2.5876644E+03   1.4231838E+01
   3.7893057E-01   2.5347231E+03   1.4874087E+01
   3.8382729E-01   2.4811047E+03   1.5541770E+01
   3.8878723E-01   2.4267457E+03   1.6235587E+01
   3.9381123E-01   2.3716032E+03   1.6956224E+01
   3.9890010E-01   2.3156540E+03   1.7704356E+01
   4.0405468E-01   2.2588936E+03   1.8480639E+01
   4.0927583E-01   2.2013353E+03   1.9285705E+01
   4.1456439E-01   2.1430087E+03   2.0120161E+01
   4.1992125E-01   2.0839589E+03   2.0984578E+01
   4.2534728E-01   2.0242453E+03   2.1879489E+01
   4.3084338E-01   1.9639399E+03   2.2805383E+01
   4.3641046E-01   1.9031262E+03   2.3762696E+01
   4.4204942E-01   1.8418981E+03   2.4751804E+01
   4.4776119E-01   1.7803578E+03   2.5773014E+01
   4.5354673E-01   1.7186153E+03   2.6826558E+01
   4.5940697E-01   1.6567862E+03   2.7912582E+01
   4.6534289E-01   1.5949910E+03   2.9031137E+01
   4.7135546E-01   1.5333531E+03   3.0182166E+01
   4.7744567E-01   1.4719983E+03   3.1365495E+01
   4.8361453E-01   1.4110526E+03   3.2580821E+01
   4.8986304E-01   1.3506418E+03   3.3827699E+01
   4.9619224E-01   1.2908898E+03   3.5105528E+01
   5.0260317E-01   1.2319179E+03   3.6413538E+01
   5.0909689E-01   1.1738435E+03   3.7750777E+01
   5.1567446E-01   1.1167797E+03   3.9116091E+01
   5.2233697E-01   1.0608339E+03   4.0508116E+01
   5.2908552E-01   1.0061077E+03   4.1925256E+01
   5.3592120E-01   9.5269591E+02   4.3365667E+01
   5.4284516E-01   9.0068641E+02   4.4827247E+01
   5.4985853E-01   8.5015955E+02   4.6307610E+01
   5.5696246E-01   8.0118793E+02   4.7804080E+01
   5.6415813E-01   7.5383615E+02   4.9313665E+01
   5.7144672E-01   7.0816062E+02   5.0833050E+01
   5.7882942E-01   6.6420935E+02   5.2358577E+01
   5.8630746E-01   6.2202183E+02   5.3886236E+01
   5.9388206E-01   5.8162880E+02   5.5411651E+01
   6.0155448E-01   5.4305221E+02   5.6930069E+01
   6.0932597E-01   5.0630502E+02   5.8436357E+01
   6.1719781E-01   4.7139129E+02   5.9924996E+01
   6.2517131E-01   4.3830618E+02   6.1390081E+01
   6.3324777E-01   4.0703624E+02   6.2825326E+01
   6.4142852E-01   3.7755978E+02   6.4224074E+01
   6.4971491E-01   3.4984745E+02   6.5579311E+01
   6.5810830E-01   3.2386289E+02   6.6883691E+01
   6.6661008E-01   2.9956359E+02   6.8129567E+01
   6.7522165E-01   2.7690166E+02   6.9309029E+01
   6.8394441E-01   2.5582464E+02   7.0413957E+01
   6.9277982E-01   2.3627623E+02   7.1436080E+01
   7.0172931E-01   2.1819697E+02   7.2367053E+01
   7.1079438E-01   2.0152474E+02   7.3198545E+01
   7.1997650E-01   1.8619536E+02   7.3922340E+01
   7.2927719E-01   1.7214299E+02   7.4530460E+01
   7.3869799E-01   1.5930059E+02   7.5015298E+01
   7.4824043E-01   1.4760036E+02   7.5369773E+01
   7.5790610E-01   1.3697410E+02   7.5587505E+01
   7.6769659E-01   1.2735367E+02   7.5663000E+01
   7.7761349E-01   1.1867134E+02   7.5591860E+01
   7.8765846E-01   1.1086016E+02   7.5371002E+01
   7.9783314E-01   1.0385428E+02   7.4998895E+01
   8.0813921E-01   9.7589341E+01   7.4475799E+01
   8.1857836E-01   9.2002710E+01   7.3804012E+01
   8.2915231E-01   8.7033776E+01   7.2988103E+01
   8.3986281E-01   8.2624187E+01   7.2035133E+01
   8.5071161E-01   7.8718057E+01   7.0954836E+01
   8.6170051E-01   7.5262148E+01   6.9759756E+01
   8.7283131E-01   7.2206016E+01   6.8465291E+01
   8.8410584E-01   6.9502128E+01   6.7089635E+01
   8.9552596E-01   6.7105952E+01   6.5653567E+01
   9.0709355E-01   6.4976013E+01   6.4180029E+01
   9.1881051E-01   6.3073919E+01   6.2693438E+01
   9.3067878E-01   6.1364368E+01   6.1218651E+01
   9.4270030E-01   5.9815121E+01   5.9779479E+01
   9.5487706E-01   5.8396959E+01   5.8396628E+01
   9.6721106E-01   5.7083609E+01   5.7084932E+01
   9.7970433E-01   5.5851658E+01   5.5849671E+01
   9.9235893E-01   5.4680450E+01   5.4681774E+01
   1.0051769E+00   5.3551961E+01   5.3551961E+01
   1.0181605E+00   5.2450670E+01   5.2450670E+01
   1.0313117E+00   5.1363411E+01   5.1363411E+01
   1.0446327E+00   5.0279224E+01   5.0279224E+01
   1.0581257E+00   4.9189200E+01   4.9189200E+01
   1.0717930E+00   4.8086313E+01   4.8086313E+01
   1.0856367E+00   4.6965263E+01   4.6965263E+01
   1.0996592E+00   4.5822310E+01   4.5822310E+01
   1.1138628E+00   4.4655115E+01   4.4655115E+01
   1.1282498E+00   4.3462580E+01   4.3462580E+01
   1.1428226E+00   4.2244696E+01   4.2244696E+01
   1.1575836E+00   4.1002394E+01   4.1002394E+01
   1.1725352E+00   3.9737407E+01   3.9737407E+01
   1.1876798E+00   3.8452134E+01   3.8452134E+01
   1.2030200E+00   3.7149517E+01   3.7149517E+01
   1.2185583E+00   3.5832925E+01   3.5832925E+01
   1.2342973E+00   3.4506043E+01   3.4506043E+01
   1.2502395E+00   3.3172780E+01   3.3172780E+01
   1.2663876E+00   3.1837178E+01   3.1837178E+01
   1.2827441E+00   3.0503330E+01   3.0503330E+01
   1.2993119E+00   2.9175315E+01   2.9175315E+01
   1.3160937E+00   2.7857132E+01   2.7857132E+01
   1.3330921E+00   2.6552649E+01   2.6552649E+01
   1.3503101E+00   2.5265561E+01   2.5265561E+01
   1.3677504E+00   2.3999349E+01   2.3999349E+01
   1.3854159E+00   2.2757253E+01   2.2757253E+01
   1.4033095E+00   2.1542248E+01   2.1542248E+01
   1.4214341E+00   2.0357029E+01   2.0357029E+01
   1.4397929E+00   1.9203998E+01   1.9203998E+01
   1.4583887E+00   1.8085257E+01   1.8085257E+01
   1.4772246E+00   1.7002610E+01   1.7002610E+01
   1.4963037E+00   1.5957565E+01   1.5957565E+01
   1.5156293E+00   1.4951336E+01   1.4951336E+01
   1.5352043E+00   1.3984857E+01   1.3984857E+01
   1.5550322E+00   1.3058791E+01   1.3058791E+01
   1.5751161E+00   1.2173544E+01   1.2173544E+01
   1.5954593E+00   1.1329281E+01   1.1329281E+01
   1.6160653E+00   1.0525941E+01   1.0525941E+01
   1.6369373E+00   9.7632549E+00   9.7632549E+00
   1.6580788E+00   9.0407663E+00   9.0407663E+00
   1.6794934E+00   8.3578453E+00   8.3578453E+00
   1.7011845E+00   7.7137098E+00   7.7137098E+00
   1.7231557E+00   7.1074426E+00   7.1074426E+00
   1.7454106E+00   6.5380096E+00   6.5380096E+00
   1.7679528E+00   6.0042767E+00   6.0042767E+00
   1.7907862E+00   5.5050262E+00   5.5050262E+00
   1.8139144E+00   5.0389730E+00   5.0389730E+00
   1.8373413E+00   4.6047790E+00   4.6047790E+00
   1.8610707E+00   4.2010669E+00   4.2010669E+00
   1.8851065E+00   3.8264335E+00   3.8264335E+00
   1.9094527E+00   3.4794611E+00   3.4794611E+00
   1.9341133E+00   3.1587283E+00   3.1587283E+00
   1.9590923E+00   2.8628200E+00   2.8628200E+00
   1.9843939E+00   2.5903356E+00   2.5903356E+00
   2.0100222E+00   2.3398971E+00   2.3398971E+00
   2.0359815E+00   2.1101556E+00   2.1101556E+00
   2.0622760E+00   1.8997972E+00   1.8997972E+00
   2.0889100E+00   1.7075474E+00   1.7075474E+00
   2.1158879E+00   1.5321758E+00   1.5321758E+00
   2.1432142E+00   1.3724989E+00   1.3724989E+00
   2.1708934E+00   1.2273827E+00   1.2273827E+00
   2.1989300E+00   1.0957446E+00   1.0957446E+00
   2.2273287E+00   9.7655456E-01   9.7655456E-01
   2.2560940E+00   8.6883598E-01   8.6883598E-01
   2.2852308E+00   7.7166569E-01   7.7166569E-01
   2.3147439E+00   6.8417378E-01   6.8417378E-01
   2.3446381E+00   6.0554301E-01   6.0554301E-01
   2.3749183E+00   5.3500781E-01   5.3500781E-01
   2.4055895E+00   4.7185308E-01   4.7185308E-01
   2.4366567E+00   4.1541264E-01   4.1541264E-01
   2.4681252E+00   3.6506764E-01   3.6506764E-01
   2.5000000E+00   3.2024465E-01   3.2024465E-01
   2.5322864E+00   2.8041373E-01   2.8041373E-01
   2.5649897E+00   2.4508640E-01   2.4508640E-01
   2.5981154E+00   2.1381350E-01   2.1381350E-01
   2.6316688E+00   1.8618306E-01   1.8618306E-01
   2.6656554E+00   1.6181817E-01   1.6181817E-01
   2.7000810E+00   1.4037478E-01   1.4037478E-01
   2.7349511E+00   1.2153965E-01   1.2153965E-01
   2.7702714E+00   1.0502826E-01   1.0502826E-01
   2.8060479E+00   9.0582739E-02   9.0582739E-02
   2.8422863E+00   7.7969994E-02   7.7969994E-02
   2.8789928E+00   6.6979775E-02   6.6979775E-02
   2.9161732E+00   5.7422899E-02   5.7422899E-02
   2.9538337E+00   4.9129536E-02   4.9129536E-02
   2.9919805E+00   4.1947583E-02   4.1947583E-02
   3.0306199E+00   3.5741132E-02   3.5741132E-02
   3.0697583E+00   3.0389032E-02   3.0389032E-02
   3.1094021E+00   2.5783537E-02   2.5783537E-02
   3.1495578E+00   2.1829048E-02   2.1829048E-02
   3.1902321E+00   1.8440944E-02   1.8440944E-02
   3.2314316E+00   1.5544497E-02   1.5544497E-02
   3.2731631E+00   1.3073873E-02   1.3073873E-02
   3.3154334E+00   1.0971211E-02   1.0971211E-02
   3.3582497E+00   9.1857788E-03   9.1857788E-03
   3.4016188E+00   7.6732036E-03   7.6732036E-03
   3.4455479E+00   6.3947669E-03   6.3947669E-03
   3.4900444E+00   5.3167680E-03   5.3167680E-03
   3.5351154E+00   4.4099452E-03   4.4099452E-03
   3.5807684E+00   3.6489546E-03   3.6489546E-03
   3.6270109E+00   3.0119001E-03   3.0119001E-03
   3.6738506E+00   2.4799127E-03   2.4799127E-03
   3.7212951E+00   2.0367726E-03   2.0367726E-03
   3.7693523E+00   1.6685741E-03   1.6685741E-03
   3.8180301E+00   1.3634257E-03   1.3634257E-03
   3.8673364E+00   1.1111853E-03   1.1111853E-03
   3.9172794E+00   9.0322596E-04   9.0322596E-04
   3.9678674E+00   7.3222885E-04   7.3222885E-04
   4.0191086E+00   5.9200204E-04   5.9200204E-04
   4.0710115E+00   4.7732123E-04   4.7732123E-04
   4.1235846E+00   3.8379076E-04   3.8379076E-04
   4.1768366E+00   3.0772255E-04   3.0772255E-04
   4.2307763E+00   2.4603099E-04   2.4603099E-04
   4.2854125E+00   1.9614192E-04   1.9614192E-04
   4.3407542E+00   1.5591408E-04   1.5591408E-04
   4.3968105E+00   1.2357158E-04   1.2357158E-04
   4.4535907E+00   9.7645888E-05   9.7645888E-05
   4.5111042E+00   7.6926329E-05   7.6926329E-05
   4.5693603E+00   6.0417822E-05   6.0417822E-05
   4.6283687E+00   4.7305021E-05   4.7305021E-05
   4.6881390E+00   3.6921927E-05   3.6921927E-05
   4.7486812E+00   2.8726257E-05   2.8726257E-05
   4.8100052E+00   2.2277867E-05   2.2277867E-05
   4.8721210E+00   1.7220673E-05   1.7220673E-05
   4.9350390E+00   1.3267538E-05   1.3267538E-05
   4.9987695E+00   1.0187692E-05   1.0187692E-05
   5.0633229E+00   7.7962850E-06   7.7962850E-06
   5.1287099E+00   5.9457533E-06   5.9457533E-06
   5.1949412E+00   4.5187045E-06   4.5187045E-06
   5.2620278E+00   3.4220716E-06   3.4220716E-06
   5.3299807E+00   2.5823331E-06   2.5823331E-06
   5.3988111E+00   1.9416146E-06   1.9416146E-06
   5.4685303E+00   1.4545229E-06   1.4545229E-06
   5.5391498E+00   1.0855849E-06   1.0855849E-06
   5.6106812E+00   8.0718142E-07   8.0718142E-07
   5.6831363E+00   5.9788939E-07   5.9788939E-07
   5.7565271E+00   4.4115442E-07   4.4115442E-07
   5.8308655E+00   3.2423354E-07   3.2423354E-07
   5.9061639E+00   2.3735578E-07   2.3735578E-07
   5.9824346E+00   1.7305850E-07   1.7305850E-07
   6.0596903E+00   1.2566481E-07   1.2566481E-07
   6.1379435E+00   9.0873645E-08   9.0873645E-08
   6.2172072E+00   6.5439717E-08   6.5439717E-08
   6.2974945E+00   4.6924466E-08   4.6924466E-08
   6.3788186E+00   3.3503229E-08   3.3503229E-08
   6.4611927E+00   2.3816502E-08   2.3816502E-08
   6.5446306E+00   1.6855730E-08   1.6855730E-08
   6.6291460E+00   1.1875977E-08   1.1875977E-08
   6.7147527E+00   8.3294626E-09   8.3294626E-09
   6.8014649E+00   5.8151884E-09   5.8151884E-09
   6.8892967E+00   4.0409436E-09   4.0409436E-09
   6.9782628E+00   2.7947741E-09   2.7947741E-09
   7.0683777E+00   1.9236585E-09   1.9236585E-09
   7.1596563E+00   1.3176460E-09   1.3176460E-09
   7.2521136E+00   8.9811273E-10   8.9811273E-10
   7.3457648E+00   6.0911021E-10   6.0911021E-10
   7.4406253E+00   4.1102204E-10   4.1102204E-10
   7.5367107E+00   2.7593675E-10   2.7593675E-10
   7.6340370E+00   1.8428920E-10   1.8428920E-10
   7.7326200E+00   1.2243528E-10   1.2243528E-10
   7.8324760E+00   8.0909539E-11   8.0909539E-11
   7.9336215E+00   5.3180106E-11   5.3180106E-11
   8.0360731E+00   3.4763581E-11   3.4763581E-11
   8.1398477E+00   2.2599297E-11   2.2599297E-11
   8.2449623E+00   1.4609295E-11   1.4609295E-11
   8.3514343E+00   9.3906597E-12   9.3906597E-12
   8.4592812E+00   6.0015772E-12   6.0015772E-12
   8.5685207E+00   3.8133217E-12   3.8133217E-12
   8.6791709E+00   2.4086605E-12   2.4086605E-12
   8.7912499E+00   1.5123477E-12   1.5123477E-12
   8.9047762E+00   9.4383944E-13   9.4383944E-13
   9.0197684E+00   5.8543882E-13   5.8543882E-13
   9.1362456E+00   3.6088426E-13   3.6088426E-13
   9.2542269E+00   2.2106660E-13   2.2106660E-13
   9.3737317E+00   1.3455889E-13   1.3455889E-13
   9.4947796E+00   8.1376805E-14   8.1376805E-14
   9.6173907E+00   4.8893641E-14   4.8893641E-14
   9.7415851E+00   2.9183116E-14   2.9183116E-14
   9.8673832E+00   1.7302232E-14   1.7302232E-14
   9.9948058E+00   1.0188892E-14   1.0188892E-14
   1.0123874E+01   5.9589377E-15   5.9589377E-15
   1.0254608E+01   3.4609080E-15   3.4609080E-15
   1.0387031E+01   1.9959625E-15   1.9959625E-15
   1.0521164E+01   1.1429232E-15   1.1429232E-15
   1.0657029E+01   6.4974796E-16   6.4974796E-16
   1.0794648E+01   3.6668762E-16   3.6668762E-16
   1.0934045E+01   2.0541436E-16   2.0541436E-16
   1.1075241E+01   1.1421097E-16   1.1421097E-16
   1.1218261E+01   6.3021106E-17   6.3021106E-17
   1.1363128E+01   3.4508302E-17   3.4508302E-17
   1.1509865E+01   1.8749001E-17   1.8749001E-17
   1.1658497E+01   1.0106638E-17   1.0106638E-17
   1.1809049E+01   5.4046279E-18   5.4046279E-18
   1.1961545E+01   2.8668915E-18   2.8668915E-18
   1.2116009E+01   1.5083428E-18   1.5083428E-18
   1.2272469E+01   7.8701903E-19   7.8701903E-19
   1.2430949E+01   4.0720986E-19   4.0720986E-19
   1.2591475E+01   2.0890836E-19   2.0890836E-19
   1.2754074E+01   1.0625521E-19   1.0625521E-19
   1.2918773E+01   5.3573968E-20   5.3573968E-20
   1.3085599E+01   2.6774300E-20   2.6774300E-20
   1.3254578E+01   1.3261545E-20   1.3261545E-20
   1.3425740E+01   6.5092673E-21   6.5092673E-21
   1.3599113E+01   3.1657869E-21   3.1657869E-21
   1.3774723E+01   1.5254283E-21   1.5254283E-21
   1.3952602E+01   7.2813296E-22   7.2813296E-22
   1.4132778E+01   3.4425949E-22   3.4425949E-22
   1.4315280E+01   1.6119974E-22   1.6119974E-22
   1.4500139E+01   7.4746703E-23   7.4746703E-23
   1.4687385E+01   3.4317407E-23   3.4317407E-23
   1.4877049E+01   1.5598263E-23   1.5598263E-23
   1.5069162E+01   7.0181284E-24   7.0181284E-24
   1.5263756E+01   3.1253079E-24   3.1253079E-24
   1.5460863E+01   1.3773145E-24   1.3773145E-24
   1.5660515E+01   6.0059797E-25   6.0059797E-25
   1.5862745E+01   2.5911098E-25   2.5911098E-25
   1.6067587E+01   1.1058098E-25   1.1058098E-25
   1.6275073E+01   4.6677268E-26   4.6677268E-26
   1.6485239E+01   1.9484814E-26   1.9484814E-26
   1.6698119E+01   8.0425533E-27   8.0425533E-27
   1.6913748E+01   3.2819700E-27   3.2819700E-27
   1.7132162E+01   1.3238967E-27   1.3238967E-27
   1.7353395E+01   5.2782187E-28   5.2782187E-28
   1.7577486E+01   2.0795460E-28   2.0795460E-28
   1.7804470E+01   8.0952594E-29   8.0952594E-29
   1.8034386E+01   3.1131952E-29   3.1131952E-29
   1.8267270E+01   1.1825694E-29   1.1825694E-29
   1.8503162E+01   4.4363122E-30   4.4363122E-30
   1.8742099E+01   1.6433201E-30   1.6433201E-30
   1.8984122E+01   6.0097362E-31   6.0097362E-31
   1.9229271E+01   2.1694485E-31   2.1694485E-31
   1.9477585E+01   7.7291283E-32   7.7291283E-32
   1.9729106E+01   2.7172179E-32   2.7172179E-32
   1.9983874E+01   9.4244442E-33   9.4244442E-33
   2.0241932E+01   3.2244010E-33   3.2244010E-33
   2.0503323E+01   1.0879914E-33   1.0879914E-33
   2.0768089E+01   3.6199547E-34   3.6199547E-34
   2.1036274E+01   1.1874250E-34   1.1874250E-34
   2.1307922E+01   3.8393094E-35   3.8393094E-35
   2.1583078E+01   1.2233815E-35   1.2233815E-35
   2.1861788E+01   3.8410456E-36   3.8410456E-36
   2.2144096E+01   1.1880412E-36   1.1880412E-36
   2.2430049E+01   3.6192829E-37   3.6192829E-37
   2.2719696E+01   1.0857652E-37   1.0857652E-37
   2.3013082E+01   3.2068877E-38   3.2068877E-38
   2.3310257E+01   9.3234550E-39   9.3234550E-39
   2.3611270E+01   2.6676257E-39   2.6676257E-39
   2.3916169E+01   7.5099335E-40   7.5099335E-40
   2.4225006E+01   2.0797802E-40   2.0797802E-40
   2.4537830E+01   5.6646691E-41   5.6646691E-41
   2.4854695E+01   1.5170912E-41   1.5170912E-41
   2.5175651E+01   3.9942176E-42   3.9942176E-42
   2.5500751E+01   1.0335609E-42   1.0335609E-42
   2.5830050E+01   2.6279961E-43   2.6279961E-43
   2.6163601E+01   6.5644172E-44   6.5644172E-44
   2.6501459E+01   1.6104505E-44   1.6104505E-44
   2.6843680E+01   3.8794827E-45   3.8794827E-45
   2.7190320E+01   9.1742227E-46   9.1742227E-46
   2.7541436E+01   2.1292468E-46   2.1292468E-46
   2.7897087E+01   4.8488039E-47   4.8488039E-47
   2.8257330E+01   1.0831386E-47   1.0831386E-47
   2.8622224E+01   2.3728011E-48   2.3728011E-48
   2.8991831E+01   5.0962637E-49   5.0962637E-49
   2.9366211E+01   1.0728506E-49   1.0728506E-49
   2.9745425E+01   2.2131209E-50   2.2131209E-50
   3.0129535E+01   4.4722835E-51   4.4722835E-51
   3.0518606E+01   8.8509455E-52   8.8509455E-52
   3.0912701E+01   1.7149915E-52   1.7149915E-52
   3.1311885E+01   3.2525205E-53   3.2525205E-53
   3.1716224E+01   6.0358091E-54   6.0358091E-54
   3.2125784E+01   1.0956651E-54   1.0956651E-54
   3.2540633E+01   1.9449760E-55   1.9449760E-55
   3.2960838E+01   3.3752794E-56   3.3752794E-56
   3.3386470E+01   5.7243586E-57   5.7243586E-57
   3.3817598E+01   9.4847454E-58   9.4847454E-58
   3.4254294E+01   1.5348428E-58   1.5348428E-58
   3.4696628E+01   2.4249150E-59   2.4249150E-59
   3.5144675E+01   3.7391759E-60   3.7391759E-60
   3.5598507E+01   5.6253772E-61   5.6253772E-61
   3.6058199E+01   8.2541149E-62   8.2541149E-62
   3.6523828E+01   1.1807999E-62   1.1807999E-62
   3.6995469E+01   1.6463031E-63   1.6463031E-63
   3.7473201E+01   2.2361895E-64   2.2361895E-64
   3.7957102E+01   2.9580608E-65   2.9580608E-65
   3.8447251E+01   3.8092215E-66   3.8092215E-66
   3.8943730E+01   4.7733522E-67   4.7733522E-67
   3.9446620E+01   5.8182540E-68   5.8182540E-68
   3.9956004E+01   6.8954700E-69   6.8954700E-69
   4.0471965E+01   7.9424259E-70   7.9424259E-70
   4.0994589E+01   8.8873565E-71   8.8873565E-71
   4.1523962E+01   9.6567260E-72   9.6567260E-72
   4.2060171E+01   1.0184235E-72   1.0184235E-72
   4.2603304E+01   1.0419977E-73   1.0419977E-73
   4.3153451E+01   1.0338052E-74   1.0338052E-74
   4.3710702E+01   9.9410679E-76   9.9410679E-76
   4.4275148E+01   9.2604713E-77   9.2604713E-77
   4.4846883E+01   8.3525029E-78   8.3525029E-78
   4.5426002E+01   0.0000000E+00   0.0000000E+00
   4.6012598E+01   0.0000000E+00   0.0000000E+00
   4.6606769E+01   0.0000000E+00   0.0000000E+00
   4.7208613E+01   0.0000000E+00   0.0000000E+00
   4.7818229E+01   0.0000000E+00   0.0000000E+00
   4.8435717E+01   0.0000000E+00   0.0000000E+00
   4.9061178E+01   0.0000000E+00   0.0000000E+00
   4.9694716E+01   0.0000000E+00   0.0000000E+00
   5.0336435E+01   0.0000000E+00   0.0000000E+00
   5.0986441E+01   0.0000000E+00   0.0000000E+00
   5.1644840E+01   0.0000000E+00   0.0000000E+00
   5.2311741E+01   0.0000000E+00   0.0000000E+00
   5.2987254E+01   0.0000000E+00   0.0000000E+00
   5.3671491E+01   0.0000000E+00   0.0000000E+00
   5.4364562E+01   0.0000000E+00   0.0000000E+00
   5.5066584E+01   0.0000000E+00   0.0000000E+00
   5.5777671E+01   0.0000000E+00   0.0000000E+00
   5.6497940E+01   0.0000000E+00   0.0000000E+00
   5.7227510E+01   0.0000000E+00   0.0000000E+00
   5.7966501E+01   0.0000000E+00   0.0000000E+00
   5.8715035E+01   0.0000000E+00   0.0000000E+00
   5.9473235E+01   0.0000000E+00   0.0000000E+00
   6.0241225E+01   0.0000000E+00   0.0000000E+00
   6.1019133E+01   0.0000000E+00   0.0000000E+00
   6.1807086E+01   0.0000000E+00   0.0000000E+00
   6.2605214E+01   0.0000000E+00   0.0000000E+00
   6.3413648E+01   0.0000000E+00   0.0000000E+00
   6.4232522E+01   0.0000000E+00   0.0000000E+00
   6.5061970E+01   0.0000000E+00   0.0000000E+00
   6.5902129E+01   0.0000000E+00   0.0000000E+00
   6.6753137E+01   0.0000000E+00   0.0000000E+00
   6.7615134E+01   0.0000000E+00   0.0000000E+00
   6.8488262E+01   0.0000000E+00   0.0000000E+00
   6.9372665E+01   0.0000000E+00   0.0000000E+00
   7.0268488E+01   0.0000000E+00   0.0000000E+00
   7.1175880E+01   0.0000000E+00   0.0000000E+00
   7.2094988E+01   0.0000000E+00   0.0000000E+00
   7.3025965E+01   0.0000000E+00   0.0000000E+00
   7.3968964E+01   0.0000000E+00   0.0000000E+00
   7.4924141E+01   0.0000000E+00   0.0000000E+00
   7.5891651E+01   0.0000000E+00   0.0000000E+00
   7.6871655E+01   0.0000000E+00   0.0000000E+00
   7.7864314E+01   0.0000000E+00   0.0000000E+00
   7.8869792E+01   0.0000000E+00   0.0000000E+00
   7.9888253E+01   0.0000000E+00   0.0000000E+00
   8.0919866E+01   0.0000000E+00   0.0000000E+00
   8.1964800E+01   0.0000000E+00   0.0000000E+00
   8.3023228E+01   0.0000000E+00   0.0000000E+00
   8.4095323E+01   0.0000000E+00   0.0000000E+00
   8.5181262E+01   0.0000000E+00   0.0000000E+00
   8.6281224E+01   0.0000000E+00   0.0000000E+00
   8.7395391E+01   0.0000000E+00   0.0000000E+00
   8.8523944E+01   0.0000000E+00   0.0000000E+00
   8.9667071E+01   0.0000000E+00   0.0000000E+00
   9.0824959E+01   0.0000000E+00   0.0000000E+00
   9.1997800E+01   0.0000000E+00   0.0000000E+00
   9.3185785E+01   0.0000000E+00   0.0000000E+00
   9.4389111E+01   0.0000000E+00   0.0000000E+00
   9.5607975E+01   0.0000000E+00   0.0000000E+00
   9.6842579E+01   0.0000000E+00   0.0000000E+00
   9.8093126E+01   0.0000000E+00   0.0000000E+00
   9.9359821E+01   0.0000000E+00   0.0000000E+00
   1.0064287E+02   0.0000000E+00   0.0000000E+00
   1.0194249E+02   0.0000000E+00   0.0000000E+00
   1.0325890E+02   0.0000000E+00   0.0000000E+00
   1.0459230E+02   0.0000000E+00   0.0000000E+00
   1.0594292E+02   0.0000000E+00   0.0000000E+00
   1.0731098E+02   0.0000000E+00   0.0000000E+00
   1.0869671E+02   0.0000000E+00   0.0000000E+00
   1.1010033E+02   0.0000000E+00   0.0000000E+00
   1.1152207E+02   0.0000000E+00   0.0000000E+00
   1.1296218E+02   0.0000000E+00   0.0000000E+00
   1.1442088E+02   0.0000000E+00   0.0000000E+00
   1.1589842E+02   0.0000000E+00   0.0000000E+00
   1.1739503E+02   0.0000000E+00   0.0000000E+00
   1.1891098E+02   0.0000000E+00   0.0000000E+00
   1.2044650E+02   0.0000000E+00   0.0000000E+00
   1.2200185E+02   0.0000000E+00   0.0000000E+00
   1.2357728E+02   0.0000000E+00   0.0000000E+00
   1.2517305E+02   0.0000000E+00   0.0000000E+00
   1.2678944E+02   0.0000000E+00   0.0000000E+00
   1.2842669E+02   0.0000000E+00   0.0000000E+00
   1.3008509E+02   0.0000000E+00   0.0000000E+00
   1.3176490E+02   0.0000000E+00   0.0000000E+00
   1.3346640E+02   0.0000000E+00   0.0000000E+00
   1.3518988E+02   0.0000000E+00   0.0000000E+00
   1.3693561E+02   0.0000000E+00   0.0000000E+00
   1.3870389E+02   0.0000000E+00   0.0000000E+00
   1.4049499E+02   0.0000000E+00   0.0000000E+00
   1.4230923E+02   0.0000000E+00   0.0000000E+00
   1.4414690E+02   0.0000000E+00   0.0000000E+00
   1.4600829E+02   0.0000000E+00   0.0000000E+00
   1.4789372E+02   0.0000000E+00   0.0000000E+00
   1.4980350E+02   0.0000000E+00   0.0000000E+00
   1.5173794E+02   0.0000000E+00   0.0000000E+00
   1.5369736E+02   0.0000000E+00   0.0000000E+00
   1.5568208E+02   0.0000000E+00   0.0000000E+00
   1.5769243E+02   0.0000000E+00   0.0000000E+00
   1.5972874E+02   0.0000000E+00   0.0000000E+00
   1.6179134E+02   0.0000000E+00   0.0000000E+00
   1.6388058E+02   0.0000000E+00   0.0000000E+00
   1.6599680E+02   0.0000000E+00   0.0000000E+00
   1.6814035E+02   0.0000000E+00   0.0000000E+00
   1.7031157E+02   0.0000000E+00   0.0000000E+00
   1.7251084E+02   0.0000000E+00   0.0000000E+00
   1.7473850E+02   0.0000000E+00   0.0000000E+00
   1.7699493E+02   0.0000000E+00   0.0000000E+00
   1.7928049E+02   0.0000000E+00   0.0000000E+00
   1.8159557E+02   0.0000000E+00   0.0000000E+00
   1.8394055E+02   0.0000000E+00   0.0000000E+00
   1.8631581E+02   0.0000000E+00   0.0000000E+00
   1.8872173E+02   0.0000000E+00   0.0000000E+00
   1.9115873E+02   0.0000000E+00   0.0000000E+00
   1.9362720E+02   0.0000000E+00   0.0000000E+00
   1.9612754E+02   0.0000000E+00   0.0000000E+00
   1.9866017E+02   0.0000000E+00   0.0000000E+00
   2.0122550E+02   0.0000000E+00   0.0000000E+00
