  0.0000000E+00  1.17616729917160212E+00
  3.5251509E-06  1.17616729918872553E+00
  7.0958227E-06  1.17616729924132435E+00
  1.0712603E-05  1.17616729933069797E+00
  1.4376087E-05  1.17616729945822285E+00
  1.8086879E-05  1.17616729962535205E+00
  2.1845589E-05  1.17616729983361523E+00
  2.5652835E-05  1.17616730008452652E+00
  2.9509245E-05  1.17616730037967843E+00
  3.3415453E-05  1.17616730072072673E+00
  3.7372103E-05  1.17616730110933343E+00
  4.1379846E-05  1.17616730154724181E+00
  4.5439341E-05  1.17616730203623243E+00
  4.9551257E-05  1.17616730257817093E+00
  5.3716271E-05  1.17616730317494267E+00
  5.7935068E-05  1.17616730382848766E+00
  6.2208344E-05  1.17616730454084184E+00
  6.6536801E-05  1.17616730531402025E+00
  7.0921151E-05  1.17616730615021270E+00
  7.5362118E-05  1.17616730705156458E+00
  7.9860432E-05  1.17616730802036096E+00
  8.4416833E-05  1.17616730905889311E+00
  8.9032071E-05  1.17616731016957710E+00
  9.3706907E-05  1.17616731135485941E+00
  9.8442110E-05  1.17616731261727936E+00
  1.0323846E-04  1.17616731395942486E+00
  1.0809674E-04  1.17616731538398356E+00
  1.1301776E-04  1.17616731689371568E+00
  1.1800233E-04  1.17616731849145317E+00
  1.2305126E-04  1.17616732018009462E+00
  1.2816540E-04  1.17616732196266005E+00
  1.3334557E-04  1.17616732384222655E+00
  1.3859263E-04  1.17616732582198180E+00
  1.4390745E-04  1.17616732790518985E+00
  1.4929090E-04  1.17616733009520957E+00
  1.5474386E-04  1.17616733239548377E+00
  1.6026725E-04  1.17616733480959046E+00
  1.6586195E-04  1.17616733734117163E+00
  1.7152891E-04  1.17616733999399470E+00
  1.7726904E-04  1.17616734277193102E+00
  1.8308329E-04  1.17616734567892878E+00
  1.8897262E-04  1.17616734871910622E+00
  1.9493801E-04  1.17616735189665689E+00
  2.0098042E-04  1.17616735521590865E+00
  2.0710086E-04  1.17616735868131950E+00
  2.1330034E-04  1.17616736229746133E+00
  2.1957987E-04  1.17616736606898509E+00
  2.2594049E-04  1.17616737000078908E+00
  2.3238325E-04  1.17616737409780847E+00
  2.3890920E-04  1.17616737836515362E+00
  2.4551942E-04  1.17616738280809674E+00
  2.5221500E-04  1.17616738743200822E+00
  2.5899704E-04  1.17616739224245870E+00
  2.6586666E-04  1.17616739724514785E+00
  2.7282499E-04  1.17616740244592921E+00
  2.7987317E-04  1.17616740785085261E+00
  2.8701237E-04  1.17616741346608999E+00
  2.9424375E-04  1.17616741929803803E+00
  3.0156852E-04  1.17616742535321950E+00
  3.0898787E-04  1.17616743163836857E+00
  3.1650303E-04  1.17616743816040259E+00
  3.2411523E-04  1.17616744492642789E+00
  3.3182573E-04  1.17616745194375305E+00
  3.3963580E-04  1.17616745921987342E+00
  3.4754672E-04  1.17616746676251060E+00
  3.5555980E-04  1.17616747457956938E+00
  3.6367635E-04  1.17616748267924121E+00
  3.7189771E-04  1.17616749106986673E+00
  3.8022523E-04  1.17616749976004353E+00
  3.8866029E-04  1.17616750875861209E+00
  3.9720427E-04  1.17616751807464937E+00
  4.0585858E-04  1.17616752771750788E+00
  4.1462464E-04  1.17616753769676552E+00
  4.2350391E-04  1.17616754802225976E+00
  4.3249783E-04  1.17616755870413026E+00
  4.4160789E-04  1.17616756975277381E+00
  4.5083559E-04  1.17616758117886366E+00
  4.6018245E-04  1.17616759299338103E+00
  4.6965001E-04  1.17616760520761088E+00
  4.7923982E-04  1.17616761783313506E+00
  4.8895347E-04  1.17616763088185849E+00
  4.9879256E-04  1.17616764436599275E+00
  5.0875869E-04  1.17616765829813330E+00
  5.1885352E-04  1.17616767269113209E+00
  5.2907871E-04  1.17616768755827827E+00
  5.3943593E-04  1.17616770291320805E+00
  5.4992690E-04  1.17616771876985315E+00
  5.6055335E-04  1.17616773514260697E+00
  5.7131701E-04  1.17616775204623436E+00
  5.8221966E-04  1.17616776949590696E+00
  5.9326311E-04  1.17616778750715412E+00
  6.0444916E-04  1.17616780609599791E+00
  6.1577965E-04  1.17616782527885722E+00
  6.2725646E-04  1.17616784507259475E+00
  6.3888147E-04  1.17616786549457153E+00
  6.5065660E-04  1.17616788656255689E+00
  6.6258378E-04  1.17616790829481954E+00
  6.7466497E-04  1.17616793071014425E+00
  6.8690218E-04  1.17616795382783113E+00
  6.9929740E-04  1.17616797766766523E+00
  7.1185269E-04  1.17616800224998541E+00
  7.2457010E-04  1.17616802759566341E+00
  7.3745174E-04  1.17616805372616828E+00
  7.5049972E-04  1.17616808066353018E+00
  7.6371619E-04  1.17616810843033925E+00
  7.7710332E-04  1.17616813704984424E+00
  7.9066333E-04  1.17616816654592937E+00
  8.0439843E-04  1.17616819694303776E+00
  8.1831091E-04  1.17616822826635414E+00
  8.3240303E-04  1.17616826054170942E+00
  8.4667713E-04  1.17616829379562859E+00
  8.6113555E-04  1.17616832805535632E+00
  8.7578068E-04  1.17616836334884356E+00
  8.9061492E-04  1.17616839970484022E+00
  9.0564072E-04  1.17616843715280583E+00
  9.2086055E-04  1.17616847572303018E+00
  9.3627692E-04  1.17616851544664680E+00
  9.5189235E-04  1.17616855635552553E+00
  9.6770944E-04  1.17616859848246591E+00
  9.8373077E-04  1.17616864186115655E+00
  9.9995899E-04  1.17616868652613205E+00
  1.0163968E-03  1.17616873251285026E+00
  1.0330468E-03  1.17616877985779977E+00
  1.0499118E-03  1.17616882859835714E+00
  1.0669947E-03  1.17616887877292431E+00
  1.0842981E-03  1.17616893042094639E+00
  1.1018249E-03  1.17616898358290878E+00
  1.1195781E-03  1.17616903830035735E+00
  1.1375606E-03  1.17616909461599350E+00
  1.1557752E-03  1.17616915257360111E+00
  1.1742251E-03  1.17616921221818926E+00
  1.1929132E-03  1.17616927359592727E+00
  1.2118426E-03  1.17616933675422208E+00
  1.2310165E-03  1.17616940174175655E+00
  1.2504379E-03  1.17616946860847382E+00
  1.2701102E-03  1.17616953740569641E+00
  1.2900364E-03  1.17616960818610528E+00
  1.3102200E-03  1.17616968100370944E+00
  1.3306642E-03  1.17616975591406558E+00
  1.3513725E-03  1.17616983297412880E+00
  1.3723481E-03  1.17616991224238654E+00
  1.3935946E-03  1.17616999377892872E+00
  1.4151154E-03  1.17617007764533010E+00
  1.4369142E-03  1.17617016390491758E+00
  1.4589944E-03  1.17617025262264008E+00
  1.4813598E-03  1.17617034386516162E+00
  1.5040140E-03  1.17617043770096763E+00
  1.5269607E-03  1.17617053420029771E+00
  1.5502037E-03  1.17617063343529260E+00
  1.5737469E-03  1.17617073547997952E+00
  1.5975941E-03  1.17617084041039432E+00
  1.6217492E-03  1.17617094830455948E+00
  1.6462163E-03  1.17617105924252918E+00
  1.6709993E-03  1.17617117330653298E+00
  1.6961023E-03  1.17617129058097492E+00
  1.7215295E-03  1.17617141115242885E+00
  1.7472850E-03  1.17617153510979233E+00
  1.7733731E-03  1.17617166254441918E+00
  1.7997981E-03  1.17617179354990764E+00
  1.8265643E-03  1.17617192822243721E+00
  1.8536762E-03  1.17617206666071383E+00
  1.8811381E-03  1.17617220896600272E+00
  1.9089547E-03  1.17617235524233732E+00
  1.9371305E-03  1.17617250559644737E+00
  1.9656701E-03  1.17617266013785393E+00
  1.9945783E-03  1.17617281897902370E+00
  2.0238597E-03  1.17617298223537303E+00
  2.0535193E-03  1.17617315002532918E+00
  2.0835618E-03  1.17617332247052331E+00
  2.1139923E-03  1.17617349969573382E+00
  2.1448158E-03  1.17617368182902271E+00
  2.1760373E-03  1.17617386900191190E+00
  2.2076619E-03  1.17617406134930946E+00
  2.2396950E-03  1.17617425900965400E+00
  2.2721416E-03  1.17617446212518484E+00
  2.3050073E-03  1.17617467084177352E+00
  2.3382974E-03  1.17617488530910719E+00
  2.3720173E-03  1.17617510568088246E+00
  2.4061727E-03  1.17617533211488468E+00
  2.4407691E-03  1.17617556477295460E+00
  2.4758123E-03  1.17617580382121800E+00
  2.5113080E-03  1.17617604943024667E+00
  2.5472621E-03  1.17617630177505683E+00
  2.5836804E-03  1.17617656103523327E+00
  2.6205690E-03  1.17617682739513496E+00
  2.6579340E-03  1.17617710104397655E+00
  2.6957814E-03  1.17617738217591605E+00
  2.7341176E-03  1.17617767099026249E+00
  2.7729489E-03  1.17617796769152516E+00
  2.8122815E-03  1.17617827248959195E+00
  2.8521221E-03  1.17617858559990718E+00
  2.8924771E-03  1.17617890724357310E+00
  2.9333533E-03  1.17617923764748333E+00
  2.9747573E-03  1.17617957704444720E+00
  3.0166959E-03  1.17617992567350327E+00
  3.0591761E-03  1.17618028377991046E+00
  3.1022049E-03  1.17618065161533525E+00
  3.1457893E-03  1.17618102943812119E+00
  3.1899365E-03  1.17618141751335759E+00
  3.2346538E-03  1.17618181611311656E+00
  3.2799486E-03  1.17618222551657814E+00
  3.3258282E-03  1.17618264601027844E+00
  3.3723003E-03  1.17618307788829957E+00
  3.4193724E-03  1.17618352145240279E+00
  3.4670525E-03  1.17618397701223798E+00
  3.5153482E-03  1.17618444488566642E+00
  3.5642676E-03  1.17618492539885966E+00
  3.6138187E-03  1.17618541888647177E+00
  3.6640096E-03  1.17618592569202907E+00
  3.7148487E-03  1.17618644616803270E+00
  3.7663443E-03  1.17618698067619687E+00
  3.8185048E-03  1.17618752958777040E+00
  3.8713389E-03  1.17618809328371365E+00
  3.9248552E-03  1.17618867215496725E+00
  3.9790627E-03  1.17618926660272494E+00
  4.0339701E-03  1.17618987703867650E+00
  4.0895865E-03  1.17619050388535773E+00
  4.1459211E-03  1.17619114757630983E+00
  4.2029832E-03  1.17619180855644623E+00
  4.2607821E-03  1.17619248728236658E+00
  4.3193274E-03  1.17619318422261721E+00
  4.3786287E-03  1.17619389985799572E+00
  4.4386957E-03  1.17619463468189345E+00
  4.4995384E-03  1.17619538920067024E+00
  4.5611668E-03  1.17619616393387938E+00
  4.6235910E-03  1.17619695941471902E+00
  4.6868213E-03  1.17619777619032817E+00
  4.7508681E-03  1.17619861482215060E+00
  4.8157419E-03  1.17619947588638341E+00
  4.8814535E-03  1.17620035997424655E+00
  4.9480136E-03  1.17620126769244404E+00
  5.0154332E-03  1.17620219966354056E+00
  5.0837234E-03  1.17620315652642837E+00
  5.1528955E-03  1.17620413893673503E+00
  5.2229608E-03  1.17620514756711225E+00
  5.2939308E-03  1.17620618310794334E+00
  5.3658173E-03  1.17620724626761719E+00
  5.4386321E-03  1.17620833777304123E+00
  5.5123871E-03  1.17620945837011370E+00
  5.5870946E-03  1.17621060882426631E+00
  5.6627668E-03  1.17621178992097142E+00
  5.7394161E-03  1.17621300246615546E+00
  5.8170552E-03  1.17621424728686286E+00
  5.8956969E-03  1.17621552523176454E+00
  5.9753541E-03  1.17621683717170544E+00
  6.0560399E-03  1.17621818400025857E+00
  6.1377676E-03  1.17621956663437244E+00
  6.2205507E-03  1.17622098601496816E+00
  6.3044028E-03  1.17622244310754631E+00
  6.3893377E-03  1.17622393890280863E+00
  6.4753693E-03  1.17622547441736014E+00
  6.5625119E-03  1.17622705069435796E+00
  6.6507798E-03  1.17622866880416921E+00
  6.7401875E-03  1.17623032984519105E+00
  6.8307497E-03  1.17623203494445039E+00
  6.9224814E-03  1.17623378525848943E+00
  7.0153976E-03  1.17623558197392697E+00
  7.1095137E-03  1.17623742630839700E+00
  7.2048451E-03  1.17623931951140026E+00
  7.3014075E-03  1.17624126286502761E+00
  7.3992168E-03  1.17624325768477878E+00
  7.4982892E-03  1.17624530532057392E+00
  7.5986409E-03  1.17624740715753617E+00
  7.7002885E-03  1.17624956461691976E+00
  7.8032487E-03  1.17625177915709567E+00
  7.9075384E-03  1.17625405227448288E+00
  8.0131748E-03  1.17625638550457934E+00
  8.1201753E-03  1.17625878042287613E+00
  8.2285575E-03  1.17626123864608401E+00
  8.3383393E-03  1.17626376183300696E+00
  8.4495387E-03  1.17626635168575056E+00
  8.5621740E-03  1.17626900995079864E+00
  8.6762639E-03  1.17627173842022748E+00
  8.7918269E-03  1.17627453893285838E+00
  8.9088823E-03  1.17627741337546166E+00
  9.0274492E-03  1.17628036368400402E+00
  9.1475472E-03  1.17628339184491248E+00
  9.2691961E-03  1.17628649989648237E+00
  9.3924158E-03  1.17628968993015581E+00
  9.5172266E-03  1.17629296409181650E+00
  9.6436492E-03  1.17629632458335776E+00
  9.7717043E-03  1.17629977366409966E+00
  9.9014129E-03  1.17630331365225760E+00
  1.0032797E-02  1.17630694692642157E+00
  1.0165877E-02  1.17631067592722038E+00
  1.0300675E-02  1.17631450315885422E+00
  1.0437215E-02  1.17631843119088142E+00
  1.0575517E-02  1.17632246265978901E+00
  1.0715606E-02  1.17632660027067582E+00
  1.0857503E-02  1.17633084679921707E+00
  1.1001233E-02  1.17633520509346523E+00
  1.1146819E-02  1.17633967807558304E+00
  1.1294284E-02  1.17634426874386100E+00
  1.1443654E-02  1.17634898017479794E+00
  1.1594953E-02  1.17635381552492890E+00
  1.1748206E-02  1.17635877803306199E+00
  1.1903437E-02  1.17636387102241979E+00
  1.2060673E-02  1.17636909790264022E+00
  1.2219940E-02  1.17637446217229802E+00
  1.2381263E-02  1.17637996742104400E+00
  1.2544669E-02  1.17638561733196578E+00
  1.2710186E-02  1.17639141568409533E+00
  1.2877839E-02  1.17639736635482639E+00
  1.3047658E-02  1.17640347332254769E+00
  1.3219670E-02  1.17640974066922510E+00
  1.3393902E-02  1.17641617258305708E+00
  1.3570385E-02  1.17642277336125334E+00
  1.3749147E-02  1.17642954741298489E+00
  1.3930217E-02  1.17643649926202842E+00
  1.4113625E-02  1.17644363354999193E+00
  1.4299402E-02  1.17645095503932895E+00
  1.4487577E-02  1.17645846861634173E+00
  1.4678183E-02  1.17646617929446107E+00
  1.4871249E-02  1.17647409221767751E+00
  1.5066809E-02  1.17648221266375685E+00
  1.5264894E-02  1.17649054604776038E+00
  1.5465537E-02  1.17649909792563201E+00
  1.5668771E-02  1.17650787399790357E+00
  1.5874630E-02  1.17651688011326527E+00
  1.6083147E-02  1.17652612227264464E+00
  1.6294356E-02  1.17653560663299284E+00
  1.6508293E-02  1.17654533951138984E+00
  1.6724992E-02  1.17655532738917312E+00
  1.6944489E-02  1.17656557691623864E+00
  1.7166821E-02  1.17657609491535675E+00
  1.7392024E-02  1.17658688838668701E+00
  1.7620135E-02  1.17659796451243581E+00
  1.7851192E-02  1.17660933066137185E+00
  1.8085232E-02  1.17662099439394496E+00
  1.8322295E-02  1.17663296346709156E+00
  1.8562419E-02  1.17664524583921914E+00
  1.8805643E-02  1.17665784967564679E+00
  1.9052008E-02  1.17667078335391451E+00
  1.9301555E-02  1.17668405546918420E+00
  1.9554324E-02  1.17669767483990695E+00
  1.9810357E-02  1.17671165051366122E+00
  2.0069697E-02  1.17672599177300752E+00
  2.0332385E-02  1.17674070814167298E+00
  2.0598465E-02  1.17675580939073643E+00
  2.0867982E-02  1.17677130554499998E+00
  2.1140978E-02  1.17678720688957505E+00
  2.1417500E-02  1.17680352397665278E+00
  2.1697593E-02  1.17682026763241021E+00
  2.1981302E-02  1.17683744896405873E+00
  2.2268675E-02  1.17685507936710287E+00
  2.2559759E-02  1.17687317053283080E+00
  2.2854602E-02  1.17689173445600503E+00
  2.3153252E-02  1.17691078344265709E+00
  2.3455759E-02  1.17693033011803827E+00
  2.3762172E-02  1.17695038743501845E+00
  2.4072542E-02  1.17697096868255113E+00
  2.4386919E-02  1.17699208749418172E+00
  2.4705356E-02  1.17701375785717399E+00
  2.5027906E-02  1.17703599412147408E+00
  2.5354620E-02  1.17705881100907672E+00
  2.5685553E-02  1.17708222362381343E+00
  2.6020760E-02  1.17710624746096260E+00
  2.6360295E-02  1.17713089841753993E+00
  2.6704215E-02  1.17715619280252848E+00
  2.7052576E-02  1.17718214734753768E+00
  2.7405435E-02  1.17720877921777878E+00
  2.7762851E-02  1.17723610602315309E+00
  2.8124882E-02  1.17726414582972749E+00
  2.8491588E-02  1.17729291717143192E+00
  2.8863029E-02  1.17732243906230916E+00
  2.9239267E-02  1.17735273100868731E+00
  2.9620363E-02  1.17738381302181305E+00
  3.0006381E-02  1.17741570563103881E+00
  3.0397383E-02  1.17744842989702958E+00
  3.0793434E-02  1.17748200742540376E+00
  3.1194600E-02  1.17751646038085789E+00
  3.1600946E-02  1.17755181150141874E+00
  3.2012539E-02  1.17758808411320270E+00
  3.2429447E-02  1.17762530214556183E+00
  3.2851738E-02  1.17766349014662763E+00
  3.3279483E-02  1.17770267329901057E+00
  3.3712751E-02  1.17774287743624906E+00
  3.4151614E-02  1.17778412905942464E+00
  3.4596144E-02  1.17782645535427521E+00
  3.5046415E-02  1.17786988420886618E+00
  3.5502500E-02  1.17791444423140201E+00
  3.5964474E-02  1.17796016476874588E+00
  3.6432414E-02  1.17800707592534315E+00
  3.6906397E-02  1.17805520858268098E+00
  3.7386500E-02  1.17810459441900983E+00
  3.7872803E-02  1.17815526592972986E+00
  3.8365385E-02  1.17820725644847202E+00
  3.8864328E-02  1.17826060016825163E+00
  3.9369715E-02  1.17831533216353734E+00
  3.9881627E-02  1.17837148841279538E+00
  4.0400150E-02  1.17842910582133853E+00
  4.0925368E-02  1.17848822224519112E+00
  4.1457369E-02  1.17854887651526119E+00
  4.1996239E-02  1.17861110846191974E+00
  4.2542068E-02  1.17867495894071483E+00
  4.3094946E-02  1.17874046985842784E+00
  4.3654963E-02  1.17880768419961623E+00
  4.4222211E-02  1.17887664605406473E+00
  4.4796784E-02  1.17894740064491077E+00
  4.5378777E-02  1.17901999435738358E+00
  4.5968286E-02  1.17909447476812579E+00
  4.6565406E-02  1.17917089067552694E+00
  4.7170238E-02  1.17924929213059237E+00
  4.7782879E-02  1.17932973046862988E+00
  4.8403432E-02  1.17941225834172370E+00
  4.9031998E-02  1.17949692975196574E+00
  4.9668681E-02  1.17958380008553143E+00
  5.0313586E-02  1.17967292614764152E+00
  5.0966818E-02  1.17976436619819869E+00
  5.1628486E-02  1.17985817998852971E+00
  5.2298697E-02  1.17995442879875867E+00
  5.2977564E-02  1.18005317547632571E+00
  5.3665196E-02  1.18015448447533688E+00
  5.4361708E-02  1.18025842189678620E+00
  5.5067215E-02  1.18036505552985815E+00
  5.5781831E-02  1.18047445489408265E+00
  5.6505676E-02  1.18058669128273097E+00
  5.7238867E-02  1.18070183780714144E+00
  5.7981527E-02  1.18081996944185241E+00
  5.8733776E-02  1.18094116307108044E+00
  5.9495740E-02  1.18106549753657997E+00
  6.0267542E-02  1.18119305368579064E+00
  6.1049312E-02  1.18132391442194140E+00
  6.1841176E-02  1.18145816475491783E+00
  6.2643266E-02  1.18159589185342662E+00
  6.3455713E-02  1.18173718509840842E+00
  6.4278652E-02  1.18188213613755710E+00
  6.5112217E-02  1.18203083894128347E+00
  6.5956546E-02  1.18218338985984417E+00
  6.6811778E-02  1.18233988768177745E+00
  6.7678054E-02  1.18250043369383784E+00
  6.8555516E-02  1.18266513174205445E+00
  6.9444310E-02  1.18283408829440639E+00
  7.0344580E-02  1.18300741250480068E+00
  7.1256475E-02  1.18318521627841844E+00
  7.2180146E-02  1.18336761433867554E+00
  7.3115745E-02  1.18355472429574404E+00
  7.4063425E-02  1.18374666671624817E+00
  7.5023342E-02  1.18394356519478716E+00
  7.5995656E-02  1.18414554642705649E+00
  7.6980524E-02  1.18435274028438231E+00
  7.7978111E-02  1.18456527988998972E+00
  7.8988579E-02  1.18478330169687296E+00
  8.0012096E-02  1.18500694556732777E+00
  8.1048830E-02  1.18523635485428347E+00
  8.2098951E-02  1.18547167648427099E+00
  8.3162632E-02  1.18571306104193308E+00
  8.4240050E-02  1.18596066285678803E+00
  8.5331379E-02  1.18621464009134936E+00
  8.6436802E-02  1.18647515483106836E+00
  8.7556499E-02  1.18674237317657627E+00
  8.8690654E-02  1.18701646533717375E+00
  8.9839456E-02  1.18729760572633780E+00
  9.1003091E-02  1.18758597305961522E+00
  9.2181754E-02  1.18788175045380373E+00
  9.3375636E-02  1.18818512552824940E+00
  9.4584935E-02  1.18849629050814953E+00
  9.5809850E-02  1.18881544232987268E+00
  9.7050582E-02  1.18914278274800411E+00
  9.8307337E-02  1.18947851844453201E+00
  9.9580320E-02  1.18982286113997304E+00
  1.0086974E-01  1.19017602770645103E+00
  1.0217581E-01  1.19053824028275002E+00
  1.0349875E-01  1.19090972639135328E+00
  1.0483877E-01  1.19129071905752881E+00
  1.0619609E-01  1.19168145693035488E+00
  1.0757095E-01  1.19208218440545965E+00
  1.0896355E-01  1.19249315175022774E+00
  1.1037414E-01  1.19291461523053366E+00
  1.1180294E-01  1.19334683723933299E+00
  1.1325020E-01  1.19379008642745710E+00
  1.1471614E-01  1.19424463783614176E+00
  1.1620101E-01  1.19471077303121698E+00
  1.1770506E-01  1.19518878023927955E+00
  1.1922853E-01  1.19567895448546957E+00
  1.2077167E-01  1.19618159773287558E+00
  1.2233474E-01  1.19669701902390502E+00
  1.2391799E-01  1.19722553462274006E+00
  1.2552169E-01  1.19776746815948232E+00
  1.2714609E-01  1.19832315077576257E+00
  1.2879147E-01  1.19889292127167280E+00
  1.3045810E-01  1.19947712625358305E+00
  1.3214625E-01  1.20007612028336719E+00
  1.3385620E-01  1.20069026602856899E+00
  1.3558824E-01  1.20131993441327922E+00
  1.3734263E-01  1.20196550476967001E+00
  1.3911968E-01  1.20262736499021217E+00
  1.4091968E-01  1.20330591168017786E+00
  1.4274293E-01  1.20400155031017952E+00
  1.4458971E-01  1.20471469536897979E+00
  1.4646035E-01  1.20544577051561919E+00
  1.4835514E-01  1.20619520873141961E+00
  1.5027439E-01  1.20696345247113057E+00
  1.5221844E-01  1.20775095381282660E+00
  1.5418758E-01  1.20855817460673265E+00
  1.5618215E-01  1.20938558662233642E+00
  1.5820248E-01  1.21023367169336549E+00
  1.6024890E-01  1.21110292186060131E+00
  1.6232175E-01  1.21199383951168826E+00
  1.6442136E-01  1.21290693751783518E+00
  1.6654808E-01  1.21384273936697817E+00
  1.6870227E-01  1.21480177929257205E+00
  1.7088427E-01  1.21578460239772124E+00
  1.7309445E-01  1.21679176477411510E+00
  1.7533317E-01  1.21782383361528779E+00
  1.7760080E-01  1.21888138732283391E+00
  1.7989771E-01  1.21996501560594339E+00
  1.8222428E-01  1.22107531957278614E+00
  1.8458090E-01  1.22221291181302139E+00
  1.8696795E-01  1.22337841647093204E+00
  1.8938582E-01  1.22457246930806307E+00
  1.9183491E-01  1.22579571775426355E+00
  1.9431563E-01  1.22704882094619672E+00
  1.9682838E-01  1.22833244975273015E+00
  1.9937358E-01  1.22964728678509716E+00
  2.0195165E-01  1.23099402639119782E+00
  2.0456301E-01  1.23237337463295082E+00
  2.0720809E-01  1.23378604924446655E+00
  2.0988732E-01  1.23523277957033906E+00
  2.1260115E-01  1.23671430648203895E+00
  2.1535003E-01  1.23823138227085527E+00
  2.1813440E-01  1.23978477051565283E+00
  2.2095473E-01  1.24137524592312576E+00
  2.2381148E-01  1.24300359413905492E+00
  2.2670512E-01  1.24467061152837788E+00
  2.2963612E-01  1.24637710492093201E+00
  2.3260497E-01  1.24812389132154999E+00
  2.3561216E-01  1.24991179758133231E+00
  2.3865818E-01  1.25174166002719600E+00
  2.4174354E-01  1.25361432404704409E+00
  2.4486873E-01  1.25553064362771893E+00
  2.4803429E-01  1.25749148084149365E+00
  2.5124072E-01  1.25949770527838267E+00
  2.5448855E-01  1.26155019342073271E+00
  2.5777833E-01  1.26364982795529190E+00
  2.6111058E-01  1.26579749701894162E+00
  2.6448587E-01  1.26799409337401592E+00
  2.6790474E-01  1.27024051350801614E+00
  2.7136776E-01  1.27253765665258500E+00
  2.7487550E-01  1.27488642371695193E+00
  2.7842853E-01  1.27728771612965475E+00
  2.8202745E-01  1.27974243458293158E+00
  2.8567284E-01  1.28225147767289460E+00
  2.8936530E-01  1.28481574042919067E+00
  2.9310545E-01  1.28743611272702352E+00
  2.9689389E-01  1.29011347757317352E+00
  3.0073125E-01  1.29284870925867734E+00
  3.0461816E-01  1.29564267136939071E+00
  3.0855527E-01  1.29849621464489728E+00
  3.1254322E-01  1.30141017467647035E+00
  3.1658266E-01  1.30438536943352967E+00
  3.2067426E-01  1.30742259660799753E+00
  3.2481871E-01  1.31052263076435560E+00
  3.2901667E-01  1.31368622028313609E+00
  3.3326883E-01  1.31691408408527244E+00
  3.3757591E-01  1.32020690812251185E+00
  3.4193861E-01  1.32356534161925055E+00
  3.4635764E-01  1.32698999305002574E+00
  3.5083373E-01  1.33048142583567253E+00
  3.5536763E-01  1.33404015374010831E+00
  3.5996007E-01  1.33766663594832069E+00
  3.6461181E-01  1.34136127180554765E+00
  3.6932363E-01  1.34512439519531890E+00
  3.7409628E-01  1.34895626853322437E+00
  3.7893057E-01  1.35285707635140007E+00
  3.8382729E-01  1.35682691844731518E+00
  3.8878723E-01  1.36086580256811374E+00
  3.9381123E-01  1.36497363659995430E+00
  3.9890010E-01  1.36915022023027877E+00
  4.0405468E-01  1.37339523604740599E+00
  4.0927583E-01  1.37770824004068948E+00
  4.1456439E-01  1.38208865146044624E+00
  4.1992125E-01  1.38653574199550578E+00
  4.2534728E-01  1.39104862422178832E+00
  4.3084338E-01  1.39562623927223761E+00
  4.3641046E-01  1.40026734367594652E+00
  4.4204942E-01  1.40497049530900342E+00
  4.4776119E-01  1.40973403839592515E+00
  4.5354673E-01  1.41455608749675843E+00
  4.5940697E-01  1.41943451041019597E+00
  4.6534289E-01  1.42436690991640802E+00
  4.7135546E-01  1.42935060428052729E+00
  4.7744567E-01  1.43438260643166648E+00
  4.8361453E-01  1.43945960172453824E+00
  4.8986304E-01  1.44457792418788333E+00
  4.9619224E-01  1.44973353115728276E+00
  5.0260317E-01  1.45492197618205932E+00
  5.0909689E-01  1.46013838009258046E+00
  5.1567446E-01  1.46537740010854445E+00
  5.2233697E-01  1.47063319686238203E+00
  5.2908552E-01  1.47589939920904256E+00
  5.3592120E-01  1.48116906669031279E+00
  5.4284516E-01  1.48643464951920223E+00
  5.4985853E-01  1.49168794595212950E+00
  5.5696246E-01  1.49692005691775587E+00
  5.6415813E-01  1.50212133777816681E+00
  5.7144672E-01  1.50728134711085349E+00
  5.7882942E-01  1.51238879241157442E+00
  5.8630746E-01  1.51743147264461697E+00
  5.9388206E-01  1.52239621759516353E+00
  6.0155448E-01  1.52726882401865338E+00
  6.0932597E-01  1.53203398863428375E+00
  6.1719781E-01  1.53667523807540740E+00
  6.2517131E-01  1.54117485599264947E+00
  6.3324777E-01  1.54551380760596535E+00
  6.4142852E-01  1.54967166212910978E+00
  6.4971491E-01  1.55362651364363624E+00
  6.5810830E-01  1.55735490118097109E+00
  6.6661008E-01  1.56083172899420708E+00
  6.7522165E-01  1.56403018826482065E+00
  6.8394441E-01  1.56692168180205105E+00
  6.9277982E-01  1.56947575365596603E+00
  7.0172931E-01  1.57166002599815702E+00
  7.1079438E-01  1.57344014612583982E+00
  7.1997650E-01  1.57477974701940449E+00
  7.2927719E-01  1.57564042555456196E+00
  7.3869799E-01  1.57598174323837914E+00
  7.4824043E-01  1.57576125521292254E+00
  7.5790610E-01  1.57493457426114247E+00
  7.6769659E-01  1.57345547768334848E+00
  7.7761349E-01  1.57127606618018167E+00
  7.8765846E-01  1.56834698529865313E+00
  7.9783314E-01  1.56461772160566248E+00
  8.0813921E-01  1.56003698753683451E+00
  8.1857836E-01  1.55455321087075671E+00
  8.2915231E-01  1.54811514703321151E+00
  8.3986281E-01  1.54067263499266072E+00
  8.5071161E-01  1.53217752044274569E+00
  8.6170051E-01  1.52258477340036724E+00
  8.7283131E-01  1.51185383148588981E+00
  8.8410584E-01  1.49995020521201194E+00
  8.9552596E-01  1.48684738799354821E+00
  9.0709355E-01  1.47252912180141848E+00
  9.1881051E-01  1.45699207996068880E+00
  9.3067878E-01  1.44024904225577677E+00
  9.4270030E-01  1.42233265485947546E+00
  9.5487706E-01  1.40329984392986540E+00
  9.6721106E-01  1.38323086726829936E+00
  9.7970433E-01  1.36234424689747735E+00
  9.9235893E-01  1.34053849343855003E+00
  1.0051769E+00  1.31747337086328842E+00
  1.0181605E+00  1.29329130205494547E+00
  1.0313117E+00  1.26812468695190272E+00
  1.0446327E+00  1.24195689450243818E+00
  1.0581257E+00  1.21486769975587006E+00
  1.0717930E+00  1.18690974351502887E+00
  1.0856367E+00  1.15814001571612302E+00
  1.0996592E+00  1.12861612594621818E+00
  1.1138628E+00  1.09839649582779297E+00
  1.1282498E+00  1.06754037431233573E+00
  1.1428226E+00  1.03610782930984824E+00
  1.1575836E+00  1.00415970640148999E+00
  1.1725352E+00  9.71757547841049174E-01
  1.1876798E+00  9.38963467869484258E-01
  1.2030200E+00  9.05839983625341683E-01
  1.2185583E+00  8.72449804247503735E-01
  1.2342973E+00  8.38855585034994244E-01
  1.2502395E+00  8.05119656867673283E-01
  1.2663876E+00  7.71303743092533356E-01
  1.2827441E+00  7.37468680082101535E-01
  1.2993119E+00  7.03674158497925584E-01
  1.3160937E+00  6.69978499790714443E-01
  1.3330921E+00  6.36438481461635841E-01
  1.3503101E+00  6.03109221507155957E-01
  1.3677504E+00  5.70044123525925817E-01
  1.3854159E+00  5.37294879914291701E-01
  1.4033095E+00  5.04911527095105006E-01
  1.4214341E+00  4.72942536417004677E-01
  1.4397929E+00  4.41434922450732403E-01
  1.4583887E+00  4.10434350585899721E-01
  1.4772246E+00  3.79985225129822968E-01
  1.4963037E+00  3.50130743245992360E-01
  1.5156293E+00  3.20912905643985613E-01
  1.5352043E+00  2.92372482160672409E-01
  1.5550322E+00  2.64548938525556554E-01
  1.5751161E+00  2.37480339071802993E-01
  1.5954593E+00  2.11203248364951190E-01
  1.6160653E+00  1.85752662234035248E-01
  1.6369373E+00  1.61162005233354361E-01
  1.6580788E+00  1.37463236411538015E-01
  1.6794934E+00  1.14687107775013883E-01
  1.7011845E+00  9.28636187535708812E-02
  1.7231557E+00  7.20227030883203029E-02
  1.7454106E+00  5.21951695991503123E-02
  1.7679528E+00  3.34138923229619286E-02
  1.7907862E+00  1.57152063725272580E-02
  1.8139144E+00 -8.59585983629898294E-04
  1.8373413E+00 -1.62627539279734008E-02
  1.8610707E+00 -3.04389292866199153E-02
  1.8851065E+00 -4.33243780075068322E-02
  1.9094527E+00 -5.48469226989611106E-02
  1.9341133E+00 -6.49264910229967740E-02
  1.9590923E+00 -7.34758521132661269E-02
  1.9843939E+00 -8.04003961930570415E-02
  2.0100222E+00 -8.55947767521464675E-02
  2.0359815E+00 -8.89336015172114969E-02
  2.0622760E+00 -9.02484263552329052E-02
  2.0889100E+00 -8.92140952581848001E-02
  2.1158879E+00 -8.56399382037594525E-02
  2.1432142E+00 -8.00882416087356080E-02
  2.1708934E+00 -7.34117218543241662E-02
  2.1989300E+00 -6.59870504003722963E-02
  2.2273287E+00 -5.79671601305610032E-02
  2.2560940E+00 -4.95662835017208619E-02
  2.2852308E+00 -4.10157514433400414E-02
  2.3147439E+00 -3.25617807807205770E-02
  2.3446381E+00 -2.44674402491322947E-02
  2.3749183E+00 -1.70142047539408106E-02
  2.4055895E+00 -1.05035408179938883E-02
  2.4366567E+00 -5.25858482964718706E-03
  2.4681252E+00 -1.62735743694536581E-03
  2.5000000E+00  0.00000000000000000E+00
  2.5322864E+00  0.00000000000000000E+00
  2.5649897E+00  0.00000000000000000E+00
  2.5981154E+00  0.00000000000000000E+00
  2.6316688E+00  0.00000000000000000E+00
  2.6656554E+00  0.00000000000000000E+00
  2.7000810E+00  0.00000000000000000E+00
  2.7349511E+00  0.00000000000000000E+00
  2.7702714E+00  0.00000000000000000E+00
  2.8060479E+00  0.00000000000000000E+00
  2.8422863E+00  0.00000000000000000E+00
