  0.0000000E+00  0.0000000E+00  0.0000000E+00  1.1761673E+00
  3.5251509E-06 -1.6740584E-05 -2.0886751E-05  1.1761673E+00
  7.0958227E-06 -3.3697342E-05 -4.2043216E-05  1.1761673E+00
  1.0712603E-05 -5.0873065E-05 -6.3472878E-05  1.1761673E+00
  1.4376087E-05 -6.8270580E-05 -8.5179264E-05  1.1761673E+00
  1.8086879E-05 -8.5892753E-05 -1.0716595E-04  1.1761673E+00
  2.1845589E-05 -1.0374248E-04 -1.2943655E-04  1.1761673E+00
  2.5652835E-05 -1.2182271E-04 -1.5199474E-04  1.1761673E+00
  2.9509245E-05 -1.4013641E-04 -1.7484422E-04  1.1761673E+00
  3.3415453E-05 -1.5868660E-04 -1.9798876E-04  1.1761673E+00
  3.7372103E-05 -1.7747632E-04 -2.2143217E-04  1.1761673E+00
  4.1379846E-05 -1.9650869E-04 -2.4517831E-04  1.1761673E+00
  4.5439341E-05 -2.1578682E-04 -2.6923109E-04  1.1761673E+00
  4.9551257E-05 -2.3531389E-04 -2.9359446E-04  1.1761673E+00
  5.3716271E-05 -2.5509312E-04 -3.1827244E-04  1.1761673E+00
  5.7935068E-05 -2.7512776E-04 -3.4326909E-04  1.1761673E+00
  6.2208344E-05 -2.9542111E-04 -3.6858853E-04  1.1761673E+00
  6.6536801E-05 -3.1597651E-04 -3.9423492E-04  1.1761673E+00
  7.0921151E-05 -3.3679735E-04 -4.2021249E-04  1.1761673E+00
  7.5362118E-05 -3.5788705E-04 -4.4652551E-04  1.1761673E+00
  7.9860432E-05 -3.7924908E-04 -4.7317831E-04  1.1761673E+00
  8.4416833E-05 -4.0088697E-04 -5.0017529E-04  1.1761673E+00
  8.9032071E-05 -4.2280427E-04 -5.2752088E-04  1.1761673E+00
  9.3706907E-05 -4.4500459E-04 -5.5521959E-04  1.1761673E+00
  9.8442110E-05 -4.6749159E-04 -5.8327598E-04  1.1761673E+00
  1.0323846E-04 -4.9026896E-04 -6.1169466E-04  1.1761673E+00
  1.0809674E-04 -5.1334046E-04 -6.4048032E-04  1.1761673E+00
  1.1301776E-04 -5.3670989E-04 -6.6963769E-04  1.1761673E+00
  1.1800233E-04 -5.6038109E-04 -6.9917158E-04  1.1761673E+00
  1.2305126E-04 -5.8435796E-04 -7.2908684E-04  1.1761673E+00
  1.2816540E-04 -6.0864445E-04 -7.5938840E-04  1.1761673E+00
  1.3334557E-04 -6.3324456E-04 -7.9008125E-04  1.1761673E+00
  1.3859263E-04 -6.5816232E-04 -8.2117044E-04  1.1761673E+00
  1.4390745E-04 -6.8340186E-04 -8.5266110E-04  1.1761673E+00
  1.4929090E-04 -7.0896732E-04 -8.8455839E-04  1.1761673E+00
  1.5474386E-04 -7.3486290E-04 -9.1686758E-04  1.1761673E+00
  1.6026725E-04 -7.6109288E-04 -9.4959399E-04  1.1761673E+00
  1.6586195E-04 -7.8766158E-04 -9.8274299E-04  1.1761673E+00
  1.7152891E-04 -8.1457336E-04 -1.0163201E-03  1.1761673E+00
  1.7726904E-04 -8.4183265E-04 -1.0503307E-03  1.1761673E+00
  1.8308329E-04 -8.6944395E-04 -1.0847805E-03  1.1761673E+00
  1.8897262E-04 -8.9741180E-04 -1.1196752E-03  1.1761673E+00
  1.9493801E-04 -9.2574080E-04 -1.1550205E-03  1.1761674E+00
  2.0098042E-04 -9.5443561E-04 -1.1908222E-03  1.1761674E+00
  2.0710086E-04 -9.8350097E-04 -1.2270862E-03  1.1761674E+00
  2.1330034E-04 -1.0129417E-03 -1.2638185E-03  1.1761674E+00
  2.1957987E-04 -1.0427625E-03 -1.3010252E-03  1.1761674E+00
  2.2594049E-04 -1.0729684E-03 -1.3387123E-03  1.1761674E+00
  2.3238325E-04 -1.1035644E-03 -1.3768860E-03  1.1761674E+00
  2.3890920E-04 -1.1345555E-03 -1.4155527E-03  1.1761674E+00
  2.4551942E-04 -1.1659468E-03 -1.4547187E-03  1.1761674E+00
  2.5221500E-04 -1.1977434E-03 -1.4943905E-03  1.1761674E+00
  2.5899704E-04 -1.2299506E-03 -1.5345745E-03  1.1761674E+00
  2.6586666E-04 -1.2625738E-03 -1.5752775E-03  1.1761674E+00
  2.7282499E-04 -1.2956182E-03 -1.6165060E-03  1.1761674E+00
  2.7987317E-04 -1.3290893E-03 -1.6582670E-03  1.1761674E+00
  2.8701237E-04 -1.3629926E-03 -1.7005672E-03  1.1761674E+00
  2.9424375E-04 -1.3973337E-03 -1.7434136E-03  1.1761674E+00
  3.0156852E-04 -1.4321183E-03 -1.7868133E-03  1.1761674E+00
  3.0898787E-04 -1.4673520E-03 -1.8307735E-03  1.1761674E+00
  3.1650303E-04 -1.5030407E-03 -1.8753013E-03  1.1761674E+00
  3.2411523E-04 -1.5391903E-03 -1.9204041E-03  1.1761674E+00
  3.3182573E-04 -1.5758067E-03 -1.9660893E-03  1.1761675E+00
  3.3963580E-04 -1.6128959E-03 -2.0123645E-03  1.1761675E+00
  3.4754672E-04 -1.6504641E-03 -2.0592372E-03  1.1761675E+00
  3.5555980E-04 -1.6885173E-03 -2.1067152E-03  1.1761675E+00
  3.6367635E-04 -1.7270620E-03 -2.1548063E-03  1.1761675E+00
  3.7189771E-04 -1.7661044E-03 -2.2035184E-03  1.1761675E+00
  3.8022523E-04 -1.8056510E-03 -2.2528595E-03  1.1761675E+00
  3.8866029E-04 -1.8457082E-03 -2.3028378E-03  1.1761675E+00
  3.9720427E-04 -1.8862827E-03 -2.3534614E-03  1.1761675E+00
  4.0585858E-04 -1.9273811E-03 -2.4047388E-03  1.1761675E+00
  4.1462464E-04 -1.9690103E-03 -2.4566783E-03  1.1761675E+00
  4.2350391E-04 -2.0111770E-03 -2.5092885E-03  1.1761675E+00
  4.3249783E-04 -2.0538882E-03 -2.5625781E-03  1.1761676E+00
  4.4160789E-04 -2.0971510E-03 -2.6165558E-03  1.1761676E+00
  4.5083559E-04 -2.1409724E-03 -2.6712306E-03  1.1761676E+00
  4.6018245E-04 -2.1853597E-03 -2.7266113E-03  1.1761676E+00
  4.6965001E-04 -2.2303201E-03 -2.7827072E-03  1.1761676E+00
  4.7923982E-04 -2.2758612E-03 -2.8395275E-03  1.1761676E+00
  4.8895347E-04 -2.3219903E-03 -2.8970815E-03  1.1761676E+00
  4.9879256E-04 -2.3687151E-03 -2.9553787E-03  1.1761676E+00
  5.0875869E-04 -2.4160432E-03 -3.0144288E-03  1.1761677E+00
  5.1885352E-04 -2.4639826E-03 -3.0742413E-03  1.1761677E+00
  5.2907871E-04 -2.5125409E-03 -3.1348262E-03  1.1761677E+00
  5.3943593E-04 -2.5617263E-03 -3.1961934E-03  1.1761677E+00
  5.4992690E-04 -2.6115469E-03 -3.2583531E-03  1.1761677E+00
  5.6055335E-04 -2.6620107E-03 -3.3213155E-03  1.1761677E+00
  5.7131701E-04 -2.7131263E-03 -3.3850909E-03  1.1761678E+00
  5.8221966E-04 -2.7649019E-03 -3.4496899E-03  1.1761678E+00
  5.9326311E-04 -2.8173460E-03 -3.5151230E-03  1.1761678E+00
  6.0444916E-04 -2.8704674E-03 -3.5814011E-03  1.1761678E+00
  6.1577965E-04 -2.9242748E-03 -3.6485350E-03  1.1761678E+00
  6.2725646E-04 -2.9787770E-03 -3.7165359E-03  1.1761678E+00
  6.3888147E-04 -3.0339830E-03 -3.7854148E-03  1.1761679E+00
  6.5065660E-04 -3.0899018E-03 -3.8551832E-03  1.1761679E+00
  6.6258378E-04 -3.1465428E-03 -3.9258525E-03  1.1761679E+00
  6.7466497E-04 -3.2039151E-03 -3.9974344E-03  1.1761679E+00
  6.8690218E-04 -3.2620284E-03 -4.0699407E-03  1.1761680E+00
  6.9929740E-04 -3.3208920E-03 -4.1433832E-03  1.1761680E+00
  7.1185269E-04 -3.3805158E-03 -4.2177741E-03  1.1761680E+00
  7.2457010E-04 -3.4409094E-03 -4.2931256E-03  1.1761680E+00
  7.3745174E-04 -3.5020830E-03 -4.3694502E-03  1.1761681E+00
  7.5049972E-04 -3.5640465E-03 -4.4467603E-03  1.1761681E+00
  7.6371619E-04 -3.6268101E-03 -4.5250688E-03  1.1761681E+00
  7.7710332E-04 -3.6903843E-03 -4.6043884E-03  1.1761681E+00
  7.9066333E-04 -3.7547793E-03 -4.6847324E-03  1.1761682E+00
  8.0439843E-04 -3.8200059E-03 -4.7661138E-03  1.1761682E+00
  8.1831091E-04 -3.8860748E-03 -4.8485461E-03  1.1761682E+00
  8.3240303E-04 -3.9529969E-03 -4.9320429E-03  1.1761683E+00
  8.4667713E-04 -4.0207831E-03 -5.0166179E-03  1.1761683E+00
  8.6113555E-04 -4.0894446E-03 -5.1022850E-03  1.1761683E+00
  8.7578068E-04 -4.1589928E-03 -5.1890583E-03  1.1761684E+00
  8.9061492E-04 -4.2294391E-03 -5.2769522E-03  1.1761684E+00
  9.0564072E-04 -4.3007950E-03 -5.3659811E-03  1.1761684E+00
  9.2086055E-04 -4.3730724E-03 -5.4561596E-03  1.1761685E+00
  9.3627692E-04 -4.4462831E-03 -5.5475025E-03  1.1761685E+00
  9.5189235E-04 -4.5204392E-03 -5.6400250E-03  1.1761686E+00
  9.6770944E-04 -4.5955529E-03 -5.7337423E-03  1.1761686E+00
  9.8373077E-04 -4.6716365E-03 -5.8286698E-03  1.1761686E+00
  9.9995899E-04 -4.7487026E-03 -5.9248230E-03  1.1761687E+00
  1.0163968E-03 -4.8267639E-03 -6.0222180E-03  1.1761687E+00
  1.0330468E-03 -4.9058332E-03 -6.1208705E-03  1.1761688E+00
  1.0499118E-03 -4.9859235E-03 -6.2207971E-03  1.1761688E+00
  1.0669947E-03 -5.0670480E-03 -6.3220139E-03  1.1761689E+00
  1.0842981E-03 -5.1492201E-03 -6.4245378E-03  1.1761689E+00
  1.1018249E-03 -5.2324533E-03 -6.5283856E-03  1.1761690E+00
  1.1195781E-03 -5.3167613E-03 -6.6335744E-03  1.1761690E+00
  1.1375606E-03 -5.4021580E-03 -6.7401216E-03  1.1761691E+00
  1.1557752E-03 -5.4886574E-03 -6.8480446E-03  1.1761692E+00
  1.1742251E-03 -5.5762738E-03 -6.9573612E-03  1.1761692E+00
  1.1929132E-03 -5.6650216E-03 -7.0680894E-03  1.1761693E+00
  1.2118426E-03 -5.7549154E-03 -7.1802475E-03  1.1761693E+00
  1.2310165E-03 -5.8459700E-03 -7.2938539E-03  1.1761694E+00
  1.2504379E-03 -5.9382005E-03 -7.4089273E-03  1.1761695E+00
  1.2701102E-03 -6.0316219E-03 -7.5254867E-03  1.1761695E+00
  1.2900364E-03 -6.1262496E-03 -7.6435513E-03  1.1761696E+00
  1.3102200E-03 -6.2220993E-03 -7.7631404E-03  1.1761697E+00
  1.3306642E-03 -6.3191867E-03 -7.8842738E-03  1.1761698E+00
  1.3513725E-03 -6.4175279E-03 -8.0069714E-03  1.1761698E+00
  1.3723481E-03 -6.5171389E-03 -8.1312534E-03  1.1761699E+00
  1.3935946E-03 -6.6180362E-03 -8.2571403E-03  1.1761700E+00
  1.4151154E-03 -6.7202364E-03 -8.3846528E-03  1.1761701E+00
  1.4369142E-03 -6.8237563E-03 -8.5138119E-03  1.1761702E+00
  1.4589944E-03 -6.9286130E-03 -8.6446389E-03  1.1761703E+00
  1.4813598E-03 -7.0348237E-03 -8.7771552E-03  1.1761703E+00
  1.5040140E-03 -7.1424059E-03 -8.9113827E-03  1.1761704E+00
  1.5269607E-03 -7.2513773E-03 -9.0473435E-03  1.1761705E+00
  1.5502037E-03 -7.3617559E-03 -9.1850601E-03  1.1761706E+00
  1.5737469E-03 -7.4735599E-03 -9.3245549E-03  1.1761707E+00
  1.5975941E-03 -7.5868075E-03 -9.4658511E-03  1.1761708E+00
  1.6217492E-03 -7.7015176E-03 -9.6089719E-03  1.1761709E+00
  1.6462163E-03 -7.8177089E-03 -9.7539408E-03  1.1761711E+00
  1.6709993E-03 -7.9354006E-03 -9.9007818E-03  1.1761712E+00
  1.6961023E-03 -8.0546120E-03 -1.0049519E-02  1.1761713E+00
  1.7215295E-03 -8.1753629E-03 -1.0200177E-02  1.1761714E+00
  1.7472850E-03 -8.2976730E-03 -1.0352780E-02  1.1761715E+00
  1.7733731E-03 -8.4215625E-03 -1.0507354E-02  1.1761717E+00
  1.7997981E-03 -8.5470518E-03 -1.0663924E-02  1.1761718E+00
  1.8265643E-03 -8.6741616E-03 -1.0822515E-02  1.1761719E+00
  1.8536762E-03 -8.8029127E-03 -1.0983155E-02  1.1761721E+00
  1.8811381E-03 -8.9333264E-03 -1.1145869E-02  1.1761722E+00
  1.9089547E-03 -9.0654242E-03 -1.1310684E-02  1.1761724E+00
  1.9371305E-03 -9.1992277E-03 -1.1477627E-02  1.1761725E+00
  1.9656701E-03 -9.3347591E-03 -1.1646727E-02  1.1761727E+00
  1.9945783E-03 -9.4720406E-03 -1.1818009E-02  1.1761728E+00
  2.0238597E-03 -9.6110948E-03 -1.1991504E-02  1.1761730E+00
  2.0535193E-03 -9.7519446E-03 -1.2167239E-02  1.1761732E+00
  2.0835618E-03 -9.8946132E-03 -1.2345243E-02  1.1761733E+00
  2.1139923E-03 -1.0039124E-02 -1.2525546E-02  1.1761735E+00
  2.1448158E-03 -1.0185501E-02 -1.2708177E-02  1.1761737E+00
  2.1760373E-03 -1.0333768E-02 -1.2893167E-02  1.1761739E+00
  2.2076619E-03 -1.0483950E-02 -1.3080545E-02  1.1761741E+00
  2.2396950E-03 -1.0636071E-02 -1.3270343E-02  1.1761743E+00
  2.2721416E-03 -1.0790157E-02 -1.3462592E-02  1.1761745E+00
  2.3050073E-03 -1.0946232E-02 -1.3657323E-02  1.1761747E+00
  2.3382974E-03 -1.1104322E-02 -1.3854569E-02  1.1761749E+00
  2.3720173E-03 -1.1264454E-02 -1.4054362E-02  1.1761751E+00
  2.4061727E-03 -1.1426654E-02 -1.4256735E-02  1.1761753E+00
  2.4407691E-03 -1.1590948E-02 -1.4461721E-02  1.1761756E+00
  2.4758123E-03 -1.1757364E-02 -1.4669354E-02  1.1761758E+00
  2.5113080E-03 -1.1925929E-02 -1.4879669E-02  1.1761760E+00
  2.5472621E-03 -1.2096670E-02 -1.5092699E-02  1.1761763E+00
  2.5836804E-03 -1.2269616E-02 -1.5308480E-02  1.1761766E+00
  2.6205690E-03 -1.2444796E-02 -1.5527048E-02  1.1761768E+00
  2.6579340E-03 -1.2622237E-02 -1.5748438E-02  1.1761771E+00
  2.6957814E-03 -1.2801970E-02 -1.5972687E-02  1.1761774E+00
  2.7341176E-03 -1.2984024E-02 -1.6199832E-02  1.1761777E+00
  2.7729489E-03 -1.3168428E-02 -1.6429909E-02  1.1761780E+00
  2.8122815E-03 -1.3355214E-02 -1.6662958E-02  1.1761783E+00
  2.8521221E-03 -1.3544412E-02 -1.6899017E-02  1.1761786E+00
  2.8924771E-03 -1.3736052E-02 -1.7138123E-02  1.1761789E+00
  2.9333533E-03 -1.3930168E-02 -1.7380317E-02  1.1761792E+00
  2.9747573E-03 -1.4126790E-02 -1.7625639E-02  1.1761796E+00
  3.0166959E-03 -1.4325951E-02 -1.7874128E-02  1.1761799E+00
  3.0591761E-03 -1.4527684E-02 -1.8125827E-02  1.1761803E+00
  3.1022049E-03 -1.4732022E-02 -1.8380775E-02  1.1761807E+00
  3.1457893E-03 -1.4938998E-02 -1.8639016E-02  1.1761810E+00
  3.1899365E-03 -1.5148647E-02 -1.8900591E-02  1.1761814E+00
  3.2346538E-03 -1.5361004E-02 -1.9165545E-02  1.1761818E+00
  3.2799486E-03 -1.5576102E-02 -1.9433919E-02  1.1761822E+00
  3.3258282E-03 -1.5793978E-02 -1.9705759E-02  1.1761826E+00
  3.3723003E-03 -1.6014667E-02 -1.9981110E-02  1.1761831E+00
  3.4193724E-03 -1.6238207E-02 -2.0260016E-02  1.1761835E+00
  3.4670525E-03 -1.6464632E-02 -2.0542524E-02  1.1761840E+00
  3.5153482E-03 -1.6693982E-02 -2.0828680E-02  1.1761844E+00
  3.5642676E-03 -1.6926293E-02 -2.1118531E-02  1.1761849E+00
  3.6138187E-03 -1.7161604E-02 -2.1412125E-02  1.1761854E+00
  3.6640096E-03 -1.7399953E-02 -2.1709510E-02  1.1761859E+00
  3.7148487E-03 -1.7641380E-02 -2.2010735E-02  1.1761864E+00
  3.7663443E-03 -1.7885925E-02 -2.2315850E-02  1.1761870E+00
  3.8185048E-03 -1.8133628E-02 -2.2624905E-02  1.1761875E+00
  3.8713389E-03 -1.8384529E-02 -2.2937951E-02  1.1761881E+00
  3.9248552E-03 -1.8638670E-02 -2.3255040E-02  1.1761887E+00
  3.9790627E-03 -1.8896092E-02 -2.3576223E-02  1.1761893E+00
  4.0339701E-03 -1.9156839E-02 -2.3901553E-02  1.1761899E+00
  4.0895865E-03 -1.9420952E-02 -2.4231085E-02  1.1761905E+00
  4.1459211E-03 -1.9688476E-02 -2.4564872E-02  1.1761911E+00
  4.2029832E-03 -1.9959455E-02 -2.4902969E-02  1.1761918E+00
  4.2607821E-03 -2.0233932E-02 -2.5245432E-02  1.1761925E+00
  4.3193274E-03 -2.0511954E-02 -2.5592318E-02  1.1761932E+00
  4.3786287E-03 -2.0793566E-02 -2.5943683E-02  1.1761939E+00
  4.4386957E-03 -2.1078815E-02 -2.6299585E-02  1.1761946E+00
  4.4995384E-03 -2.1367746E-02 -2.6660083E-02  1.1761954E+00
  4.5611668E-03 -2.1660409E-02 -2.7025236E-02  1.1761962E+00
  4.6235910E-03 -2.1956850E-02 -2.7395104E-02  1.1761970E+00
  4.6868213E-03 -2.2257120E-02 -2.7769749E-02  1.1761978E+00
  4.7508681E-03 -2.2561267E-02 -2.8149231E-02  1.1761986E+00
  4.8157419E-03 -2.2869341E-02 -2.8533614E-02  1.1761995E+00
  4.8814535E-03 -2.3181393E-02 -2.8922961E-02  1.1762004E+00
  4.9480136E-03 -2.3497475E-02 -2.9317335E-02  1.1762013E+00
  5.0154332E-03 -2.3817638E-02 -2.9716802E-02  1.1762022E+00
  5.0837234E-03 -2.4141935E-02 -3.0121427E-02  1.1762032E+00
  5.1528955E-03 -2.4470420E-02 -3.0531277E-02  1.1762041E+00
  5.2229608E-03 -2.4803146E-02 -3.0946420E-02  1.1762051E+00
  5.2939308E-03 -2.5140169E-02 -3.1366923E-02  1.1762062E+00
  5.3658173E-03 -2.5481544E-02 -3.1792857E-02  1.1762072E+00
  5.4386321E-03 -2.5827326E-02 -3.2224291E-02  1.1762083E+00
  5.5123871E-03 -2.6177574E-02 -3.2661296E-02  1.1762095E+00
  5.5870946E-03 -2.6532344E-02 -3.3103944E-02  1.1762106E+00
  5.6627668E-03 -2.6891695E-02 -3.3552308E-02  1.1762118E+00
  5.7394161E-03 -2.7255687E-02 -3.4006462E-02  1.1762130E+00
  5.8170552E-03 -2.7624378E-02 -3.4466481E-02  1.1762142E+00
  5.8956969E-03 -2.7997830E-02 -3.4932440E-02  1.1762155E+00
  5.9753541E-03 -2.8376104E-02 -3.5404416E-02  1.1762168E+00
  6.0560399E-03 -2.8759263E-02 -3.5882487E-02  1.1762182E+00
  6.1377676E-03 -2.9147369E-02 -3.6366731E-02  1.1762196E+00
  6.2205507E-03 -2.9540486E-02 -3.6857229E-02  1.1762210E+00
  6.3044028E-03 -2.9938680E-02 -3.7354060E-02  1.1762224E+00
  6.3893377E-03 -3.0342015E-02 -3.7857307E-02  1.1762239E+00
  6.4753693E-03 -3.0750559E-02 -3.8367053E-02  1.1762255E+00
  6.5625119E-03 -3.1164377E-02 -3.8883381E-02  1.1762271E+00
  6.6507798E-03 -3.1583539E-02 -3.9406377E-02  1.1762287E+00
  6.7401875E-03 -3.2008113E-02 -3.9936126E-02  1.1762303E+00
  6.8307497E-03 -3.2438170E-02 -4.0472716E-02  1.1762320E+00
  6.9224814E-03 -3.2873779E-02 -4.1016236E-02  1.1762338E+00
  7.0153976E-03 -3.3315013E-02 -4.1566773E-02  1.1762356E+00
  7.1095137E-03 -3.3761944E-02 -4.2124421E-02  1.1762374E+00
  7.2048451E-03 -3.4214647E-02 -4.2689269E-02  1.1762393E+00
  7.3014075E-03 -3.4673194E-02 -4.3261411E-02  1.1762413E+00
  7.3992168E-03 -3.5137663E-02 -4.3840942E-02  1.1762433E+00
  7.4982892E-03 -3.5608128E-02 -4.4427956E-02  1.1762453E+00
  7.5986409E-03 -3.6084669E-02 -4.5022550E-02  1.1762474E+00
  7.7002885E-03 -3.6567362E-02 -4.5624823E-02  1.1762496E+00
  7.8032487E-03 -3.7056288E-02 -4.6234873E-02  1.1762518E+00
  7.9075384E-03 -3.7551527E-02 -4.6852801E-02  1.1762541E+00
  8.0131748E-03 -3.8053160E-02 -4.7478708E-02  1.1762564E+00
  8.1201753E-03 -3.8561271E-02 -4.8112698E-02  1.1762588E+00
  8.2285575E-03 -3.9075942E-02 -4.8754875E-02  1.1762612E+00
  8.3383393E-03 -3.9597259E-02 -4.9405345E-02  1.1762638E+00
  8.4495387E-03 -4.0125306E-02 -5.0064214E-02  1.1762664E+00
  8.5621740E-03 -4.0660172E-02 -5.0731592E-02  1.1762690E+00
  8.6762639E-03 -4.1201943E-02 -5.1407587E-02  1.1762717E+00
  8.7918269E-03 -4.1750710E-02 -5.2092312E-02  1.1762745E+00
  8.9088823E-03 -4.2306563E-02 -5.2785880E-02  1.1762774E+00
  9.0274492E-03 -4.2869592E-02 -5.3488403E-02  1.1762804E+00
  9.1475472E-03 -4.3439891E-02 -5.4199999E-02  1.1762834E+00
  9.2691961E-03 -4.4017553E-02 -5.4920783E-02  1.1762865E+00
  9.3924158E-03 -4.4602674E-02 -5.5650876E-02  1.1762897E+00
  9.5172266E-03 -4.5195349E-02 -5.6390396E-02  1.1762930E+00
  9.6436492E-03 -4.5795677E-02 -5.7139466E-02  1.1762963E+00
  9.7717043E-03 -4.6403756E-02 -5.7898209E-02  1.1762998E+00
  9.9014129E-03 -4.7019686E-02 -5.8666751E-02  1.1763033E+00
  1.0032797E-02 -4.7643568E-02 -5.9445216E-02  1.1763069E+00
  1.0165877E-02 -4.8275506E-02 -6.0233735E-02  1.1763107E+00
  1.0300675E-02 -4.8915602E-02 -6.1032436E-02  1.1763145E+00
  1.0437215E-02 -4.9563963E-02 -6.1841451E-02  1.1763184E+00
  1.0575517E-02 -5.0220695E-02 -6.2660913E-02  1.1763225E+00
  1.0715606E-02 -5.0885905E-02 -6.3490957E-02  1.1763266E+00
  1.0857503E-02 -5.1559705E-02 -6.4331721E-02  1.1763308E+00
  1.1001233E-02 -5.2242203E-02 -6.5183341E-02  1.1763352E+00
  1.1146819E-02 -5.2933514E-02 -6.6045959E-02  1.1763397E+00
  1.1294284E-02 -5.3633749E-02 -6.6919716E-02  1.1763443E+00
  1.1443654E-02 -5.4343025E-02 -6.7804756E-02  1.1763490E+00
  1.1594953E-02 -5.5061459E-02 -6.8701226E-02  1.1763538E+00
  1.1748206E-02 -5.5789167E-02 -6.9609272E-02  1.1763588E+00
  1.1903437E-02 -5.6526271E-02 -7.0529045E-02  1.1763639E+00
  1.2060673E-02 -5.7272891E-02 -7.1460695E-02  1.1763691E+00
  1.2219940E-02 -5.8029150E-02 -7.2404375E-02  1.1763745E+00
  1.2381263E-02 -5.8795173E-02 -7.3360243E-02  1.1763800E+00
  1.2544669E-02 -5.9571085E-02 -7.4328454E-02  1.1763856E+00
  1.2710186E-02 -6.0357014E-02 -7.5309168E-02  1.1763914E+00
  1.2877839E-02 -6.1153090E-02 -7.6302546E-02  1.1763974E+00
  1.3047658E-02 -6.1959443E-02 -7.7308753E-02  1.1764035E+00
  1.3219670E-02 -6.2776206E-02 -7.8327954E-02  1.1764097E+00
  1.3393902E-02 -6.3603513E-02 -7.9360316E-02  1.1764162E+00
  1.3570385E-02 -6.4441500E-02 -8.0406010E-02  1.1764228E+00
  1.3749147E-02 -6.5290306E-02 -8.1465208E-02  1.1764295E+00
  1.3930217E-02 -6.6150069E-02 -8.2538084E-02  1.1764365E+00
  1.4113625E-02 -6.7020931E-02 -8.3624815E-02  1.1764436E+00
  1.4299402E-02 -6.7903035E-02 -8.4725580E-02  1.1764510E+00
  1.4487577E-02 -6.8796527E-02 -8.5840559E-02  1.1764585E+00
  1.4678183E-02 -6.9701552E-02 -8.6969938E-02  1.1764662E+00
  1.4871249E-02 -7.0618261E-02 -8.8113901E-02  1.1764741E+00
  1.5066809E-02 -7.1546804E-02 -8.9272637E-02  1.1764822E+00
  1.5264894E-02 -7.2487332E-02 -9.0446336E-02  1.1764905E+00
  1.5465537E-02 -7.3440002E-02 -9.1635193E-02  1.1764991E+00
  1.5668771E-02 -7.4404969E-02 -9.2839402E-02  1.1765079E+00
  1.5874630E-02 -7.5382393E-02 -9.4059163E-02  1.1765169E+00
  1.6083147E-02 -7.6372433E-02 -9.5294676E-02  1.1765261E+00
  1.6294356E-02 -7.7375253E-02 -9.6546143E-02  1.1765356E+00
  1.6508293E-02 -7.8391018E-02 -9.7813773E-02  1.1765453E+00
  1.6724992E-02 -7.9419894E-02 -9.9097772E-02  1.1765553E+00
  1.6944489E-02 -8.0462050E-02 -1.0039835E-01  1.1765656E+00
  1.7166821E-02 -8.1517658E-02 -1.0171573E-01  1.1765761E+00
  1.7392024E-02 -8.2586892E-02 -1.0305012E-01  1.1765869E+00
  1.7620135E-02 -8.3669926E-02 -1.0440174E-01  1.1765980E+00
  1.7851192E-02 -8.4766939E-02 -1.0577082E-01  1.1766093E+00
  1.8085232E-02 -8.5878112E-02 -1.0715758E-01  1.1766210E+00
  1.8322295E-02 -8.7003626E-02 -1.0856224E-01  1.1766330E+00
  1.8562419E-02 -8.8143667E-02 -1.0998505E-01  1.1766452E+00
  1.8805643E-02 -8.9298422E-02 -1.1142623E-01  1.1766578E+00
  1.9052008E-02 -9.0468080E-02 -1.1288602E-01  1.1766708E+00
  1.9301555E-02 -9.1652834E-02 -1.1436467E-01  1.1766841E+00
  1.9554324E-02 -9.2852879E-02 -1.1586241E-01  1.1766977E+00
  1.9810357E-02 -9.4068412E-02 -1.1737949E-01  1.1767117E+00
  2.0069697E-02 -9.5299631E-02 -1.1891616E-01  1.1767260E+00
  2.0332385E-02 -9.6546740E-02 -1.2047269E-01  1.1767407E+00
  2.0598465E-02 -9.7809943E-02 -1.2204931E-01  1.1767558E+00
  2.0867982E-02 -9.9089448E-02 -1.2364629E-01  1.1767713E+00
  2.1140978E-02 -1.0038546E-01 -1.2526390E-01  1.1767872E+00
  2.1417500E-02 -1.0169821E-01 -1.2690240E-01  1.1768035E+00
  2.1697593E-02 -1.0302789E-01 -1.2856205E-01  1.1768203E+00
  2.1981302E-02 -1.0437473E-01 -1.3024315E-01  1.1768374E+00
  2.2268675E-02 -1.0573895E-01 -1.3194595E-01  1.1768551E+00
  2.2559759E-02 -1.0712077E-01 -1.3367074E-01  1.1768732E+00
  2.2854602E-02 -1.0852042E-01 -1.3541781E-01  1.1768917E+00
  2.3153252E-02 -1.0993813E-01 -1.3718745E-01  1.1769108E+00
  2.3455759E-02 -1.1137414E-01 -1.3897993E-01  1.1769303E+00
  2.3762172E-02 -1.1282867E-01 -1.4079557E-01  1.1769504E+00
  2.4072542E-02 -1.1430197E-01 -1.4263465E-01  1.1769710E+00
  2.4386919E-02 -1.1579428E-01 -1.4449749E-01  1.1769921E+00
  2.4705356E-02 -1.1730584E-01 -1.4638439E-01  1.1770138E+00
  2.5027906E-02 -1.1883691E-01 -1.4829565E-01  1.1770360E+00
  2.5354620E-02 -1.2038772E-01 -1.5023160E-01  1.1770588E+00
  2.5685553E-02 -1.2195855E-01 -1.5219255E-01  1.1770822E+00
  2.6020760E-02 -1.2354963E-01 -1.5417883E-01  1.1771062E+00
  2.6360295E-02 -1.2516125E-01 -1.5619076E-01  1.1771309E+00
  2.6704215E-02 -1.2679365E-01 -1.5822868E-01  1.1771562E+00
  2.7052576E-02 -1.2844711E-01 -1.6029292E-01  1.1771821E+00
  2.7405435E-02 -1.3012189E-01 -1.6238381E-01  1.1772088E+00
  2.7762851E-02 -1.3181829E-01 -1.6450172E-01  1.1772361E+00
  2.8124882E-02 -1.3353656E-01 -1.6664697E-01  1.1772641E+00
  2.8491588E-02 -1.3527699E-01 -1.6881993E-01  1.1772929E+00
  2.8863029E-02 -1.3703987E-01 -1.7102096E-01  1.1773224E+00
  2.9239267E-02 -1.3882549E-01 -1.7325042E-01  1.1773527E+00
  2.9620363E-02 -1.4063413E-01 -1.7550867E-01  1.1773838E+00
  3.0006381E-02 -1.4246610E-01 -1.7779609E-01  1.1774157E+00
  3.0397383E-02 -1.4432170E-01 -1.8011305E-01  1.1774484E+00
  3.0793434E-02 -1.4620123E-01 -1.8245994E-01  1.1774820E+00
  3.1194600E-02 -1.4810499E-01 -1.8483714E-01  1.1775165E+00
  3.1600946E-02 -1.5003330E-01 -1.8724505E-01  1.1775518E+00
  3.2012539E-02 -1.5198647E-01 -1.8968405E-01  1.1775881E+00
  3.2429447E-02 -1.5396483E-01 -1.9215456E-01  1.1776253E+00
  3.2851738E-02 -1.5596869E-01 -1.9465698E-01  1.1776635E+00
  3.3279483E-02 -1.5799839E-01 -1.9719172E-01  1.1777027E+00
  3.3712751E-02 -1.6005425E-01 -1.9975921E-01  1.1777429E+00
  3.4151614E-02 -1.6213662E-01 -2.0235985E-01  1.1777841E+00
  3.4596144E-02 -1.6424583E-01 -2.0499409E-01  1.1778265E+00
  3.5046415E-02 -1.6638223E-01 -2.0766235E-01  1.1778699E+00
  3.5502500E-02 -1.6854617E-01 -2.1036508E-01  1.1779144E+00
  3.5964474E-02 -1.7073800E-01 -2.1310272E-01  1.1779602E+00
  3.6432414E-02 -1.7295808E-01 -2.1587572E-01  1.1780071E+00
  3.6906397E-02 -1.7520677E-01 -2.1868454E-01  1.1780552E+00
  3.7386500E-02 -1.7748444E-01 -2.2152965E-01  1.1781046E+00
  3.7872803E-02 -1.7979146E-01 -2.2441150E-01  1.1781553E+00
  3.8365385E-02 -1.8212821E-01 -2.2733059E-01  1.1782073E+00
  3.8864328E-02 -1.8449507E-01 -2.3028738E-01  1.1782606E+00
  3.9369715E-02 -1.8689242E-01 -2.3328236E-01  1.1783153E+00
  3.9881627E-02 -1.8932066E-01 -2.3631603E-01  1.1783715E+00
  4.0400150E-02 -1.9178018E-01 -2.3938890E-01  1.1784291E+00
  4.0925368E-02 -1.9427139E-01 -2.4250145E-01  1.1784882E+00
  4.1457369E-02 -1.9679468E-01 -2.4565422E-01  1.1785489E+00
  4.1996239E-02 -1.9935048E-01 -2.4884772E-01  1.1786111E+00
  4.2542068E-02 -2.0193920E-01 -2.5208247E-01  1.1786750E+00
  4.3094946E-02 -2.0456125E-01 -2.5535901E-01  1.1787405E+00
  4.3654963E-02 -2.0721707E-01 -2.5867787E-01  1.1788077E+00
  4.4222211E-02 -2.0990709E-01 -2.6203962E-01  1.1788766E+00
  4.4796784E-02 -2.1263174E-01 -2.6544479E-01  1.1789474E+00
  4.5378777E-02 -2.1539147E-01 -2.6889396E-01  1.1790200E+00
  4.5968286E-02 -2.1818674E-01 -2.7238769E-01  1.1790945E+00
  4.6565406E-02 -2.2101798E-01 -2.7592655E-01  1.1791709E+00
  4.7170238E-02 -2.2388567E-01 -2.7951114E-01  1.1792493E+00
  4.7782879E-02 -2.2679027E-01 -2.8314204E-01  1.1793297E+00
  4.8403432E-02 -2.2973225E-01 -2.8681985E-01  1.1794123E+00
  4.9031998E-02 -2.3271208E-01 -2.9054518E-01  1.1794969E+00
  4.9668681E-02 -2.3573026E-01 -2.9431864E-01  1.1795838E+00
  5.0313586E-02 -2.3878728E-01 -2.9814085E-01  1.1796729E+00
  5.0966818E-02 -2.4188362E-01 -3.0201245E-01  1.1797644E+00
  5.1628486E-02 -2.4501979E-01 -3.0593408E-01  1.1798582E+00
  5.2298697E-02 -2.4819630E-01 -3.0990638E-01  1.1799544E+00
  5.2977564E-02 -2.5141366E-01 -3.1393000E-01  1.1800532E+00
  5.3665196E-02 -2.5467240E-01 -3.1800562E-01  1.1801545E+00
  5.4361708E-02 -2.5797304E-01 -3.2213390E-01  1.1802584E+00
  5.5067215E-02 -2.6131611E-01 -3.2631553E-01  1.1803651E+00
  5.5781831E-02 -2.6470216E-01 -3.3055119E-01  1.1804745E+00
  5.6505676E-02 -2.6813174E-01 -3.3484159E-01  1.1805867E+00
  5.7238867E-02 -2.7160539E-01 -3.3918743E-01  1.1807018E+00
  5.7981527E-02 -2.7512369E-01 -3.4358943E-01  1.1808200E+00
  5.8733776E-02 -2.7868718E-01 -3.4804832E-01  1.1809412E+00
  5.9495740E-02 -2.8229647E-01 -3.5256483E-01  1.1810655E+00
  6.0267542E-02 -2.8595211E-01 -3.5713971E-01  1.1811931E+00
  6.1049312E-02 -2.8965471E-01 -3.6177372E-01  1.1813239E+00
  6.1841176E-02 -2.9340486E-01 -3.6646762E-01  1.1814582E+00
  6.2643266E-02 -2.9720316E-01 -3.7122218E-01  1.1815959E+00
  6.3455713E-02 -3.0105022E-01 -3.7603820E-01  1.1817372E+00
  6.4278652E-02 -3.0494667E-01 -3.8091646E-01  1.1818821E+00
  6.5112217E-02 -3.0889312E-01 -3.8585777E-01  1.1820308E+00
  6.5956546E-02 -3.1289022E-01 -3.9086296E-01  1.1821834E+00
  6.6811778E-02 -3.1693861E-01 -3.9593284E-01  1.1823399E+00
  6.7678054E-02 -3.2103892E-01 -4.0106825E-01  1.1825004E+00
  6.8555516E-02 -3.2519183E-01 -4.0627005E-01  1.1826651E+00
  6.9444310E-02 -3.2939799E-01 -4.1153909E-01  1.1828341E+00
  7.0344580E-02 -3.3365808E-01 -4.1687624E-01  1.1830074E+00
  7.1256475E-02 -3.3797278E-01 -4.2228239E-01  1.1831852E+00
  7.2180146E-02 -3.4234278E-01 -4.2775843E-01  1.1833676E+00
  7.3115745E-02 -3.4676877E-01 -4.3330526E-01  1.1835547E+00
  7.4063425E-02 -3.5125147E-01 -4.3892381E-01  1.1837467E+00
  7.5023342E-02 -3.5579159E-01 -4.4461499E-01  1.1839436E+00
  7.5995656E-02 -3.6038985E-01 -4.5037976E-01  1.1841455E+00
  7.6980524E-02 -3.6504698E-01 -4.5621907E-01  1.1843527E+00
  7.7978111E-02 -3.6976372E-01 -4.6213388E-01  1.1845653E+00
  7.8988579E-02 -3.7454082E-01 -4.6812517E-01  1.1847833E+00
  8.0012096E-02 -3.7937905E-01 -4.7419394E-01  1.1850069E+00
  8.1048830E-02 -3.8427916E-01 -4.8034118E-01  1.1852364E+00
  8.2098951E-02 -3.8924193E-01 -4.8656791E-01  1.1854717E+00
  8.3162632E-02 -3.9426815E-01 -4.9287517E-01  1.1857131E+00
  8.4240050E-02 -3.9935862E-01 -4.9926400E-01  1.1859607E+00
  8.5331379E-02 -4.0451413E-01 -5.0573546E-01  1.1862146E+00
  8.6436802E-02 -4.0973549E-01 -5.1229061E-01  1.1864752E+00
  8.7556499E-02 -4.1502354E-01 -5.1893055E-01  1.1867424E+00
  8.8690654E-02 -4.2037911E-01 -5.2565637E-01  1.1870165E+00
  8.9839456E-02 -4.2580303E-01 -5.3246920E-01  1.1872976E+00
  9.1003091E-02 -4.3129615E-01 -5.3937014E-01  1.1875860E+00
  9.2181754E-02 -4.3685934E-01 -5.4636036E-01  1.1878818E+00
  9.3375636E-02 -4.4249347E-01 -5.5344101E-01  1.1881851E+00
  9.4584935E-02 -4.4819942E-01 -5.6061326E-01  1.1884963E+00
  9.5809850E-02 -4.5397807E-01 -5.6787830E-01  1.1888154E+00
  9.7050582E-02 -4.5983034E-01 -5.7523734E-01  1.1891428E+00
  9.8307337E-02 -4.6575713E-01 -5.8269159E-01  1.1894785E+00
  9.9580320E-02 -4.7175936E-01 -5.9024230E-01  1.1898229E+00
  1.0086974E-01 -4.7783796E-01 -5.9789071E-01  1.1901760E+00
  1.0217581E-01 -4.8399388E-01 -6.0563809E-01  1.1905382E+00
  1.0349875E-01 -4.9022807E-01 -6.1348573E-01  1.1909097E+00
  1.0483877E-01 -4.9654148E-01 -6.2143494E-01  1.1912907E+00
  1.0619609E-01 -5.0293510E-01 -6.2948702E-01  1.1916815E+00
  1.0757095E-01 -5.0940991E-01 -6.3764332E-01  1.1920822E+00
  1.0896355E-01 -5.1596690E-01 -6.4590519E-01  1.1924932E+00
  1.1037414E-01 -5.2260708E-01 -6.5427400E-01  1.1929146E+00
  1.1180294E-01 -5.2933146E-01 -6.6275115E-01  1.1933468E+00
  1.1325020E-01 -5.3614107E-01 -6.7133803E-01  1.1937901E+00
  1.1471614E-01 -5.4303695E-01 -6.8003608E-01  1.1942446E+00
  1.1620101E-01 -5.5002014E-01 -6.8884674E-01  1.1947108E+00
  1.1770506E-01 -5.5709172E-01 -6.9777148E-01  1.1951888E+00
  1.1922853E-01 -5.6425274E-01 -7.0681178E-01  1.1956790E+00
  1.2077167E-01 -5.7150429E-01 -7.1596913E-01  1.1961816E+00
  1.2233474E-01 -5.7884746E-01 -7.2524507E-01  1.1966970E+00
  1.2391799E-01 -5.8628336E-01 -7.3464114E-01  1.1972255E+00
  1.2552169E-01 -5.9381310E-01 -7.4415889E-01  1.1977675E+00
  1.2714609E-01 -6.0143781E-01 -7.5379991E-01  1.1983232E+00
  1.2879147E-01 -6.0915862E-01 -7.6356581E-01  1.1988929E+00
  1.3045810E-01 -6.1697670E-01 -7.7345821E-01  1.1994771E+00
  1.3214625E-01 -6.2489318E-01 -7.8347875E-01  1.2000761E+00
  1.3385620E-01 -6.3290926E-01 -7.9362910E-01  1.2006903E+00
  1.3558824E-01 -6.4102610E-01 -8.0391095E-01  1.2013199E+00
  1.3734263E-01 -6.4924491E-01 -8.1432602E-01  1.2019655E+00
  1.3911968E-01 -6.5756689E-01 -8.2487603E-01  1.2026274E+00
  1.4091968E-01 -6.6599326E-01 -8.3556274E-01  1.2033059E+00
  1.4274293E-01 -6.7452523E-01 -8.4638794E-01  1.2040016E+00
  1.4458971E-01 -6.8316406E-01 -8.5735342E-01  1.2047147E+00
  1.4646035E-01 -6.9191100E-01 -8.6846100E-01  1.2054458E+00
  1.4835514E-01 -7.0076730E-01 -8.7971255E-01  1.2061952E+00
  1.5027439E-01 -7.0973423E-01 -8.9110993E-01  1.2069635E+00
  1.5221844E-01 -7.1881308E-01 -9.0265504E-01  1.2077510E+00
  1.5418758E-01 -7.2800515E-01 -9.1434981E-01  1.2085582E+00
  1.5618215E-01 -7.3731173E-01 -9.2619618E-01  1.2093856E+00
  1.5820248E-01 -7.4673415E-01 -9.3819612E-01  1.2102337E+00
  1.6024890E-01 -7.5627372E-01 -9.5035164E-01  1.2111029E+00
  1.6232175E-01 -7.6593180E-01 -9.6266475E-01  1.2119938E+00
  1.6442136E-01 -7.7570972E-01 -9.7513752E-01  1.2129069E+00
  1.6654808E-01 -7.8560883E-01 -9.8777201E-01  1.2138427E+00
  1.6870227E-01 -7.9563052E-01 -1.0005703E+00  1.2148018E+00
  1.7088427E-01 -8.0577616E-01 -1.0135346E+00  1.2157846E+00
  1.7309445E-01 -8.1604713E-01 -1.0266670E+00  1.2167918E+00
  1.7533317E-01 -8.2644483E-01 -1.0399697E+00  1.2178238E+00
  1.7760080E-01 -8.3697067E-01 -1.0534450E+00  1.2188814E+00
  1.7989771E-01 -8.4762606E-01 -1.0670950E+00  1.2199650E+00
  1.8222428E-01 -8.5841243E-01 -1.0809220E+00  1.2210753E+00
  1.8458090E-01 -8.6933122E-01 -1.0949284E+00  1.2222129E+00
  1.8696795E-01 -8.8038386E-01 -1.1091164E+00  1.2233784E+00
  1.8938582E-01 -8.9157181E-01 -1.1234885E+00  1.2245725E+00
  1.9183491E-01 -9.0289652E-01 -1.1380469E+00  1.2257957E+00
  1.9431563E-01 -9.1435946E-01 -1.1527942E+00  1.2270488E+00
  1.9682838E-01 -9.2596210E-01 -1.1677328E+00  1.2283324E+00
  1.9937358E-01 -9.3770593E-01 -1.1828651E+00  1.2296473E+00
  2.0195165E-01 -9.4959243E-01 -1.1981937E+00  1.2309940E+00
  2.0456301E-01 -9.6162310E-01 -1.2137211E+00  1.2323734E+00
  2.0720809E-01 -9.7379943E-01 -1.2294499E+00  1.2337860E+00
  2.0988732E-01 -9.8612293E-01 -1.2453826E+00  1.2352328E+00
  2.1260115E-01 -9.9859511E-01 -1.2615220E+00  1.2367143E+00
  2.1535003E-01 -1.0112175E+00 -1.2778706E+00  1.2382314E+00
  2.1813440E-01 -1.0239916E+00 -1.2944313E+00  1.2397848E+00
  2.2095473E-01 -1.0369189E+00 -1.3112066E+00  1.2413752E+00
  2.2381148E-01 -1.0500009E+00 -1.3281994E+00  1.2430036E+00
  2.2670512E-01 -1.0632393E+00 -1.3454125E+00  1.2446706E+00
  2.2963612E-01 -1.0766355E+00 -1.3628487E+00  1.2463771E+00
  2.3260497E-01 -1.0901910E+00 -1.3805108E+00  1.2481239E+00
  2.3561216E-01 -1.1039073E+00 -1.3984017E+00  1.2499118E+00
  2.3865818E-01 -1.1177861E+00 -1.4165245E+00  1.2517417E+00
  2.4174354E-01 -1.1318288E+00 -1.4348819E+00  1.2536143E+00
  2.4486873E-01 -1.1460369E+00 -1.4534771E+00  1.2555306E+00
  2.4803429E-01 -1.1604120E+00 -1.4723130E+00  1.2574915E+00
  2.5124072E-01 -1.1749556E+00 -1.4913927E+00  1.2594977E+00
  2.5448855E-01 -1.1896692E+00 -1.5107193E+00  1.2615502E+00
  2.5777833E-01 -1.2045543E+00 -1.5302958E+00  1.2636498E+00
  2.6111058E-01 -1.2196124E+00 -1.5501255E+00  1.2657975E+00
  2.6448587E-01 -1.2348450E+00 -1.5702115E+00  1.2679941E+00
  2.6790474E-01 -1.2502536E+00 -1.5905571E+00  1.2702405E+00
  2.7136776E-01 -1.2658397E+00 -1.6111654E+00  1.2725377E+00
  2.7487550E-01 -1.2816047E+00 -1.6320397E+00  1.2748864E+00
  2.7842853E-01 -1.2975500E+00 -1.6531834E+00  1.2772877E+00
  2.8202745E-01 -1.3136772E+00 -1.6745997E+00  1.2797424E+00
  2.8567284E-01 -1.3299876E+00 -1.6962920E+00  1.2822515E+00
  2.8936530E-01 -1.3464826E+00 -1.7182637E+00  1.2848157E+00
  2.9310545E-01 -1.3631637E+00 -1.7405182E+00  1.2874361E+00
  2.9689389E-01 -1.3800321E+00 -1.7630589E+00  1.2901135E+00
  3.0073125E-01 -1.3970892E+00 -1.7858893E+00  1.2928487E+00
  3.0461816E-01 -1.4143364E+00 -1.8090127E+00  1.2956427E+00
  3.0855527E-01 -1.4317750E+00 -1.8324328E+00  1.2984962E+00
  3.1254322E-01 -1.4494061E+00 -1.8561531E+00  1.3014102E+00
  3.1658266E-01 -1.4672311E+00 -1.8801769E+00  1.3043854E+00
  3.2067426E-01 -1.4852512E+00 -1.9045080E+00  1.3074226E+00
  3.2481871E-01 -1.5034675E+00 -1.9291498E+00  1.3105226E+00
  3.2901667E-01 -1.5218812E+00 -1.9541058E+00  1.3136862E+00
  3.3326883E-01 -1.5404933E+00 -1.9793797E+00  1.3169141E+00
  3.3757591E-01 -1.5593050E+00 -2.0049750E+00  1.3202069E+00
  3.4193861E-01 -1.5783172E+00 -2.0308953E+00  1.3235653E+00
  3.4635764E-01 -1.5975310E+00 -2.0571441E+00  1.3269900E+00
  3.5083373E-01 -1.6169472E+00 -2.0837250E+00  1.3304814E+00
  3.5536763E-01 -1.6365668E+00 -2.1106415E+00  1.3340402E+00
  3.5996007E-01 -1.6563905E+00 -2.1378971E+00  1.3376666E+00
  3.6461181E-01 -1.6764191E+00 -2.1654953E+00  1.3413613E+00
  3.6932363E-01 -1.6966534E+00 -2.1934396E+00  1.3451244E+00
  3.7409628E-01 -1.7170940E+00 -2.2217335E+00  1.3489563E+00
  3.7893057E-01 -1.7377414E+00 -2.2503803E+00  1.3528571E+00
  3.8382729E-01 -1.7585962E+00 -2.2793834E+00  1.3568269E+00
  3.8878723E-01 -1.7796588E+00 -2.3087460E+00  1.3608658E+00
  3.9381123E-01 -1.8009295E+00 -2.3384715E+00  1.3649736E+00
  3.9890010E-01 -1.8224087E+00 -2.3685629E+00  1.3691502E+00
  4.0405468E-01 -1.8440965E+00 -2.3990233E+00  1.3733952E+00
  4.0927583E-01 -1.8659931E+00 -2.4298558E+00  1.3777082E+00
  4.1456439E-01 -1.8880984E+00 -2.4610632E+00  1.3820887E+00
  4.1992125E-01 -1.9104124E+00 -2.4926482E+00  1.3865357E+00
  4.2534728E-01 -1.9329348E+00 -2.5246136E+00  1.3910486E+00
  4.3084338E-01 -1.9556655E+00 -2.5569618E+00  1.3956262E+00
  4.3641046E-01 -1.9786039E+00 -2.5896952E+00  1.4002673E+00
  4.4204942E-01 -2.0017495E+00 -2.6228159E+00  1.4049705E+00
  4.4776119E-01 -2.0251017E+00 -2.6563259E+00  1.4097340E+00
  4.5354673E-01 -2.0486598E+00 -2.6902271E+00  1.4145561E+00
  4.5940697E-01 -2.0724227E+00 -2.7245208E+00  1.4194345E+00
  4.6534289E-01 -2.0963895E+00 -2.7592086E+00  1.4243669E+00
  4.7135546E-01 -2.1205590E+00 -2.7942912E+00  1.4293506E+00
  4.7744567E-01 -2.1449298E+00 -2.8297696E+00  1.4343826E+00
  4.8361453E-01 -2.1695004E+00 -2.8656440E+00  1.4394596E+00
  4.8986304E-01 -2.1942691E+00 -2.9019145E+00  1.4445779E+00
  4.9619224E-01 -2.2192342E+00 -2.9385807E+00  1.4497335E+00
  5.0260317E-01 -2.2443935E+00 -2.9756419E+00  1.4549220E+00
  5.0909689E-01 -2.2697448E+00 -3.0130967E+00  1.4601384E+00
  5.1567446E-01 -2.2952858E+00 -3.0509435E+00  1.4653774E+00
  5.2233697E-01 -2.3210139E+00 -3.0891800E+00  1.4706332E+00
  5.2908552E-01 -2.3469262E+00 -3.1278032E+00  1.4758994E+00
  5.3592120E-01 -2.3730197E+00 -3.1668096E+00  1.4811691E+00
  5.4284516E-01 -2.3992911E+00 -3.2061950E+00  1.4864346E+00
  5.4985853E-01 -2.4257370E+00 -3.2459543E+00  1.4916879E+00
  5.5696246E-01 -2.4523536E+00 -3.2860819E+00  1.4969201E+00
  5.6415813E-01 -2.4791369E+00 -3.3265709E+00  1.5021213E+00
  5.7144672E-01 -2.5060827E+00 -3.3674137E+00  1.5072813E+00
  5.7882942E-01 -2.5331864E+00 -3.4086015E+00  1.5123888E+00
  5.8630746E-01 -2.5604432E+00 -3.4501246E+00  1.5174315E+00
  5.9388206E-01 -2.5878481E+00 -3.4919719E+00  1.5223962E+00
  6.0155448E-01 -2.6153955E+00 -3.5341309E+00  1.5272688E+00
  6.0932597E-01 -2.6430799E+00 -3.5765880E+00  1.5320340E+00
  6.1719781E-01 -2.6708951E+00 -3.6193277E+00  1.5366752E+00
  6.2517131E-01 -2.6988347E+00 -3.6623330E+00  1.5411749E+00
  6.3324777E-01 -2.7268921E+00 -3.7055853E+00  1.5455138E+00
  6.4142852E-01 -2.7550601E+00 -3.7490637E+00  1.5496717E+00
  6.4971491E-01 -2.7833313E+00 -3.7927456E+00  1.5536265E+00
  6.5810830E-01 -2.8116978E+00 -3.8366060E+00  1.5573549E+00
  6.6661008E-01 -2.8401514E+00 -3.8806175E+00  1.5608317E+00
  6.7522165E-01 -2.8686834E+00 -3.9247504E+00  1.5640302E+00
  6.8394441E-01 -2.8972847E+00 -3.9689720E+00  1.5669217E+00
  6.9277982E-01 -2.9259458E+00 -4.0132469E+00  1.5694758E+00
  7.0172931E-01 -2.9546568E+00 -4.0575367E+00  1.5716600E+00
  7.1079438E-01 -2.9834072E+00 -4.1017996E+00  1.5734401E+00
  7.1997650E-01 -3.0121861E+00 -4.1459905E+00  1.5747797E+00
  7.2927719E-01 -3.0409822E+00 -4.1900608E+00  1.5756404E+00
  7.3869799E-01 -3.0697834E+00 -4.2339579E+00  1.5759817E+00
  7.4824043E-01 -3.0985774E+00 -4.2776256E+00  1.5757613E+00
  7.5790610E-01 -3.1273511E+00 -4.3210036E+00  1.5749346E+00
  7.6769659E-01 -3.1560912E+00 -4.3640276E+00  1.5734555E+00
  7.7761349E-01 -3.1847834E+00 -4.4066289E+00  1.5712761E+00
  7.8765846E-01 -3.2134131E+00 -4.4487349E+00  1.5683470E+00
  7.9783314E-01 -3.2419651E+00 -4.4902690E+00  1.5646177E+00
  8.0813921E-01 -3.2704234E+00 -4.5311505E+00  1.5600370E+00
  8.1857836E-01 -3.2987716E+00 -4.5712952E+00  1.5545532E+00
  8.2915231E-01 -3.3269924E+00 -4.6106157E+00  1.5481151E+00
  8.3986281E-01 -3.3550681E+00 -4.6490217E+00  1.5406726E+00
  8.5071161E-01 -3.3829801E+00 -4.6864214E+00  1.5321775E+00
  8.6170051E-01 -3.4107094E+00 -4.7227215E+00  1.5225848E+00
  8.7283131E-01 -3.4382359E+00 -4.7578292E+00  1.5118538E+00
  8.8410584E-01 -3.4655390E+00 -4.7916538E+00  1.4999502E+00
  8.9552596E-01 -3.4925975E+00 -4.8241079E+00  1.4868474E+00
  9.0709355E-01 -3.5193891E+00 -4.8551107E+00  1.4725291E+00
  9.1881051E-01 -3.5458910E+00 -4.8845906E+00  1.4569921E+00
  9.3067878E-01 -3.5720795E+00 -4.9124887E+00  1.4402490E+00
  9.4270030E-01 -3.5979301E+00 -4.9387635E+00  1.4223327E+00
  9.5487706E-01 -3.6234177E+00 -4.9633965E+00  1.4032998E+00
  9.6721106E-01 -3.6485159E+00 -4.9863921E+00  1.3832309E+00
  9.7970433E-01 -3.6731981E+00 -5.0078926E+00  1.3623442E+00
  9.9235893E-01 -3.6974362E+00 -5.0277315E+00  1.3405385E+00
  1.0051769E+00 -3.7212017E+00 -5.0454955E+00  1.3174734E+00
  1.0181605E+00 -3.7444651E+00 -5.0612431E+00  1.2932913E+00
  1.0313117E+00 -3.7671958E+00 -5.0750276E+00  1.2681247E+00
  1.0446327E+00 -3.7893628E+00 -5.0867515E+00  1.2419569E+00
  1.0581257E+00 -3.8109336E+00 -5.0964163E+00  1.2148677E+00
  1.0717930E+00 -3.8318753E+00 -5.1039968E+00  1.1869097E+00
  1.0856367E+00 -3.8521538E+00 -5.1094731E+00  1.1581400E+00
  1.0996592E+00 -3.8717342E+00 -5.1128273E+00  1.1286161E+00
  1.1138628E+00 -3.8905807E+00 -5.1140437E+00  1.0983965E+00
  1.1282498E+00 -3.9086564E+00 -5.1131086E+00  1.0675404E+00
  1.1428226E+00 -3.9259238E+00 -5.1100112E+00  1.0361078E+00
  1.1575836E+00 -3.9423442E+00 -5.1047430E+00  1.0041597E+00
  1.1725352E+00 -3.9578782E+00 -5.0972981E+00  9.7175755E-01
  1.1876798E+00 -3.9724855E+00 -5.0876735E+00  9.3896347E-01
  1.2030200E+00 -3.9861247E+00 -5.0758684E+00  9.0583998E-01
  1.2185583E+00 -3.9987538E+00 -5.0618848E+00  8.7244980E-01
  1.2342973E+00 -4.0103299E+00 -5.0457271E+00  8.3885559E-01
  1.2502395E+00 -4.0208091E+00 -5.0274015E+00  8.0511966E-01
  1.2663876E+00 -4.0301470E+00 -5.0069165E+00  7.7130374E-01
  1.2827441E+00 -4.0382982E+00 -4.9842819E+00  7.3746868E-01
  1.2993119E+00 -4.0452168E+00 -4.9595090E+00  7.0367416E-01
  1.3160937E+00 -4.0508560E+00 -4.9326105E+00  6.6997850E-01
  1.3330921E+00 -4.0551685E+00 -4.9035997E+00  6.3643848E-01
  1.3503101E+00 -4.0581066E+00 -4.8724910E+00  6.0310922E-01
  1.3677504E+00 -4.0596218E+00 -4.8392998E+00  5.7004412E-01
  1.3854159E+00 -4.0596653E+00 -4.8040422E+00  5.3729488E-01
  1.4033095E+00 -4.0581882E+00 -4.7667353E+00  5.0491153E-01
  1.4214341E+00 -4.0551411E+00 -4.7273977E+00  4.7294254E-01
  1.4397929E+00 -4.0504745E+00 -4.6860493E+00  4.4143492E-01
  1.4583887E+00 -4.0441390E+00 -4.6427118E+00  4.1043435E-01
  1.4772246E+00 -4.0360853E+00 -4.5974088E+00  3.7998523E-01
  1.4963037E+00 -4.0262645E+00 -4.5501664E+00  3.5013074E-01
  1.5156293E+00 -4.0146279E+00 -4.5010129E+00  3.2091291E-01
  1.5352043E+00 -4.0011279E+00 -4.4499794E+00  2.9237248E-01
  1.5550322E+00 -3.9857174E+00 -4.3970995E+00  2.6454894E-01
  1.5751161E+00 -3.9683506E+00 -4.3424097E+00  2.3748034E-01
  1.5954593E+00 -3.9489831E+00 -4.2859493E+00  2.1120325E-01
  1.6160653E+00 -3.9275722E+00 -4.2277606E+00  1.8575266E-01
  1.6369373E+00 -3.9040773E+00 -4.1678894E+00  1.6116201E-01
  1.6580788E+00 -3.8784602E+00 -4.1063851E+00  1.3746324E-01
  1.6794934E+00 -3.8506855E+00 -4.0433017E+00  1.1468711E-01
  1.7011845E+00 -3.8207213E+00 -3.9786994E+00  9.2863619E-02
  1.7231557E+00 -3.7885395E+00 -3.9126458E+00  7.2022703E-02
  1.7454106E+00 -3.7541164E+00 -3.8452184E+00  5.2195170E-02
  1.7679528E+00 -3.7174337E+00 -3.7765079E+00  3.3413892E-02
  1.7907862E+00 -3.6784787E+00 -3.7066212E+00  1.5715206E-02
  1.8139144E+00 -3.6372455E+00 -3.6356862E+00 -8.5958598E-04
  1.8373413E+00 -3.5937359E+00 -3.5638556E+00 -1.6262754E-02
  1.8610707E+00 -3.5479603E+00 -3.4913113E+00 -3.0438929E-02
  1.8851065E+00 -3.4999391E+00 -3.4182680E+00 -4.3324378E-02
  1.9094527E+00 -3.4497035E+00 -3.3449759E+00 -5.4846923E-02
  1.9341133E+00 -3.3972975E+00 -3.2717223E+00 -6.4926491E-02
  1.9590923E+00 -3.3427791E+00 -3.1988331E+00 -7.3475852E-02
  1.9843939E+00 -3.2862222E+00 -3.1266761E+00 -8.0400396E-02
  2.0100222E+00 -3.2277185E+00 -3.0556711E+00 -8.5594777E-02
  2.0359815E+00 -3.1673799E+00 -2.9863127E+00 -8.8933602E-02
  2.0622760E+00 -3.1053405E+00 -2.9192234E+00 -9.0248426E-02
  2.0889100E+00 -3.0417600E+00 -2.8553997E+00 -8.9214095E-02
  2.1158879E+00 -2.9768257E+00 -2.7956212E+00 -8.5639938E-02
  2.1432142E+00 -2.9107567E+00 -2.7391104E+00 -8.0088242E-02
  2.1708934E+00 -2.8438071E+00 -2.6844380E+00 -7.3411722E-02
  2.1989300E+00 -2.7762700E+00 -2.6311691E+00 -6.5987050E-02
  2.2273287E+00 -2.7084823E+00 -2.5793704E+00 -5.7967160E-02
  2.2560940E+00 -2.6408292E+00 -2.5290030E+00 -4.9566284E-02
  2.2852308E+00 -2.5737495E+00 -2.4800190E+00 -4.1015751E-02
  2.3147439E+00 -2.5077419E+00 -2.4323698E+00 -3.2561781E-02
  2.3446381E+00 -2.4433714E+00 -2.3860041E+00 -2.4467440E-02
  2.3749183E+00 -2.3812756E+00 -2.3408683E+00 -1.7014205E-02
  2.4055895E+00 -2.3221734E+00 -2.2969062E+00 -1.0503541E-02
  2.4366567E+00 -2.2668725E+00 -2.2540591E+00 -5.2585848E-03
  2.4681252E+00 -2.2162786E+00 -2.2122621E+00 -1.6273574E-03
  2.5000000E+00 -2.1714636E+00 -2.1714627E+00 -3.5664646E-07
  2.5322864E+00 -2.1316493E+00 -2.1316529E+00  1.4162116E-06
  2.5649897E+00 -2.0928375E+00 -2.0928380E+00  2.1842967E-07
  2.5981154E+00 -2.0549942E+00 -2.0549947E+00  1.9292845E-07
  2.6316688E+00 -2.0180863E+00 -2.0180868E+00  2.0108787E-07
  2.6656554E+00 -1.9820815E+00 -1.9820820E+00  1.9835779E-07
  2.7000810E+00 -1.9469482E+00 -1.9469488E+00  1.9566305E-07
  2.7349511E+00 -1.9126559E+00 -1.9126564E+00  1.9300331E-07
  2.7702714E+00 -1.8791747E+00 -1.8791752E+00  1.9037835E-07
  2.8060479E+00 -1.8464757E+00 -1.8464762E+00  1.8778771E-07
  2.8422863E+00 -1.8145310E+00 -1.8145315E+00  1.8523107E-07
  2.8789928E+00 -1.7833137E+00 -1.7833142E+00  1.8270815E-07
  2.9161732E+00 -1.7527976E+00 -1.7527981E+00  1.8021855E-07
  2.9538337E+00 -1.7229579E+00 -1.7229585E+00  1.7776207E-07
  2.9919805E+00 -1.6937707E+00 -1.6937712E+00  1.7533834E-07
  3.0306199E+00 -1.6652131E+00 -1.6652137E+00  1.7294708E-07
  3.0697583E+00 -1.6372635E+00 -1.6372641E+00  1.7058798E-07
  3.1094021E+00 -1.6099014E+00 -1.6099020E+00  1.6826083E-07
  3.1495578E+00 -1.5831075E+00 -1.5831080E+00  1.6596527E-07
  3.1902321E+00 -1.5568637E+00 -1.5568642E+00  1.6370102E-07
  3.2314316E+00 -1.5311532E+00 -1.5311538E+00  1.6146783E-07
  3.2731631E+00 -1.5059607E+00 -1.5059612E+00  1.5926534E-07
  3.3154334E+00 -1.4812719E+00 -1.4812724E+00  1.5709324E-07
  3.3582497E+00 -1.4570741E+00 -1.4570746E+00  1.5495115E-07
  3.4016188E+00 -1.4333558E+00 -1.4333564E+00  1.5283871E-07
  3.4455479E+00 -1.4101071E+00 -1.4101076E+00  1.5075559E-07
  3.4900444E+00 -1.3873192E+00 -1.3873197E+00  1.4870129E-07
  3.5351154E+00 -1.3649848E+00 -1.3649853E+00  1.4667542E-07
  3.5807684E+00 -1.3430977E+00 -1.3430982E+00  1.4467751E-07
  3.6270109E+00 -1.3216531E+00 -1.3216536E+00  1.4270702E-07
  3.6738506E+00 -1.3006473E+00 -1.3006478E+00  1.4076348E-07
  3.7212951E+00 -1.2800776E+00 -1.2800781E+00  1.3884634E-07
  3.7693523E+00 -1.2599425E+00 -1.2599430E+00  1.3695519E-07
  3.8180301E+00 -1.2402409E+00 -1.2402414E+00  1.3508915E-07
  3.8673364E+00 -1.2209728E+00 -1.2209733E+00  1.3324767E-07
  3.9172794E+00 -1.2021385E+00 -1.2021390E+00  1.3143095E-07
  3.9678674E+00 -1.1837386E+00 -1.1837391E+00  1.2960337E-07
  4.0191086E+00 -1.1657739E+00 -1.1657744E+00  1.2834862E-07
  4.0710115E+00 -1.1482452E+00 -1.1482457E+00  1.2492226E-07
  4.1235846E+00 -1.1311529E+00 -1.1311534E+00  1.2085680E-07
  4.1768366E+00 -1.1144971E+00 -1.1144976E+00  1.2110949E-07
  4.2307763E+00 -1.0982770E+00 -1.0982775E+00  1.2095930E-07
  4.2854125E+00 -1.0824910E+00 -1.0824916E+00  1.1875468E-07
  4.3407542E+00 -1.0671364E+00 -1.0671369E+00  1.1708993E-07
  4.3968105E+00 -1.0522090E+00 -1.0522095E+00  1.1541689E-07
  4.4535907E+00 -1.0377033E+00 -1.0377038E+00  1.1376649E-07
  4.5111042E+00 -1.0236119E+00 -1.0236124E+00  1.1213880E-07
  4.5693603E+00 -1.0099257E+00 -1.0099262E+00  1.1053338E-07
  4.6283687E+00 -9.9663364E-01 -9.9663415E-01  1.0894988E-07
  4.6881390E+00 -9.8372256E-01 -9.8372306E-01  1.0738793E-07
  4.7486812E+00 -9.7117714E-01 -9.7117764E-01  1.0584719E-07
  4.8100052E+00 -9.5897990E-01 -9.5898040E-01  1.0432722E-07
  4.8721210E+00 -9.4711119E-01 -9.4711169E-01  1.0282767E-07
  4.9350390E+00 -9.3554920E-01 -9.3554970E-01  1.0134815E-07
  4.9987695E+00 -9.2427006E-01 -9.2427056E-01  9.9888259E-08
  5.0633229E+00 -9.1324794E-01 -9.1324844E-01  9.8447607E-08
  5.1287099E+00 -9.0245519E-01 -9.0245569E-01  9.7025826E-08
  5.1949412E+00 -8.9186255E-01 -8.9186305E-01  9.5622514E-08
  5.2620278E+00 -8.8143939E-01 -8.8143989E-01  9.4237333E-08
  5.3299807E+00 -8.7115396E-01 -8.7115445E-01  9.2869935E-08
  5.3988111E+00 -8.6097369E-01 -8.6097418E-01  9.1519941E-08
  5.4685303E+00 -8.5086555E-01 -8.5086604E-01  9.0187063E-08
  5.5391498E+00 -8.4079639E-01 -8.4079688E-01  8.8870997E-08
  5.6106812E+00 -8.3073331E-01 -8.3073380E-01  8.7571413E-08
  5.6831363E+00 -8.2064407E-01 -8.2064456E-01  8.6288079E-08
  5.7565271E+00 -8.1049746E-01 -8.1049795E-01  8.5020731E-08
  5.8308655E+00 -8.0026370E-01 -8.0026418E-01  8.3769119E-08
  5.9061639E+00 -7.8991479E-01 -7.8991528E-01  8.2533047E-08
  5.9824346E+00 -7.7942492E-01 -7.7942541E-01  8.1312263E-08
  6.0596903E+00 -7.6877071E-01 -7.6877120E-01  8.0106610E-08
  6.1379435E+00 -7.5793155E-01 -7.5793204E-01  7.8915927E-08
  6.2172072E+00 -7.4688982E-01 -7.4689030E-01  7.7740005E-08
  6.2974945E+00 -7.3563107E-01 -7.3563155E-01  7.6578717E-08
  6.3788186E+00 -7.2414416E-01 -7.2414464E-01  7.5431933E-08
  6.4611927E+00 -7.1242133E-01 -7.1242181E-01  7.4299487E-08
  6.5446306E+00 -7.0045824E-01 -7.0045872E-01  7.3181275E-08
  6.6291460E+00 -6.8825390E-01 -6.8825438E-01  7.2077180E-08
  6.7147527E+00 -6.7581061E-01 -6.7581109E-01  7.0987069E-08
  6.8014649E+00 -6.6313382E-01 -6.6313429E-01  6.9910835E-08
  6.8892967E+00 -6.5023191E-01 -6.5023238E-01  6.8848380E-08
  6.9782628E+00 -6.3711603E-01 -6.3711651E-01  6.7799564E-08
  7.0683777E+00 -6.2379983E-01 -6.2380030E-01  6.6764308E-08
  7.1596563E+00 -6.1029915E-01 -6.1029962E-01  6.5742462E-08
  7.2521136E+00 -5.9663181E-01 -5.9663228E-01  6.4733924E-08
  7.3457648E+00 -5.8281724E-01 -5.8281771E-01  6.3738581E-08
  7.4406253E+00 -5.6887625E-01 -5.6887672E-01  6.2756279E-08
  7.5367107E+00 -5.5483067E-01 -5.5483114E-01  6.1786905E-08
  7.6340370E+00 -5.4070314E-01 -5.4070360E-01  6.0830326E-08
  7.7326200E+00 -5.2651677E-01 -5.2651723E-01  5.9886382E-08
  7.8324760E+00 -5.1229492E-01 -5.1229538E-01  5.8954950E-08
  7.9336215E+00 -4.9806099E-01 -4.9806145E-01  5.8035879E-08
  8.0360731E+00 -4.8383816E-01 -4.8383862E-01  5.7129012E-08
  8.1398477E+00 -4.6964922E-01 -4.6964968E-01  5.6234201E-08
  8.2449623E+00 -4.5551642E-01 -4.5551688E-01  5.5351296E-08
  8.3514343E+00 -4.4146129E-01 -4.4146174E-01  5.4480132E-08
  8.4592812E+00 -4.2750455E-01 -4.2750500E-01  5.3620566E-08
  8.5685207E+00 -4.1366598E-01 -4.1366644E-01  5.2772420E-08
  8.6791709E+00 -3.9996439E-01 -3.9996484E-01  5.1935554E-08
  8.7912499E+00 -3.8641747E-01 -3.8641792E-01  5.1109805E-08
  8.9047762E+00 -3.7304184E-01 -3.7304229E-01  5.0295002E-08
  9.0197684E+00 -3.5985296E-01 -3.5985340E-01  4.9491005E-08
  9.1362456E+00 -3.4686511E-01 -3.4686556E-01  4.8697662E-08
  9.2542269E+00 -3.3409144E-01 -3.3409188E-01  4.7914805E-08
  9.3737317E+00 -3.2154391E-01 -3.2154435E-01  4.7142285E-08
  9.4947796E+00 -3.0923334E-01 -3.0923378E-01  4.6379965E-08
  9.6173907E+00 -2.9716944E-01 -2.9716988E-01  4.5627685E-08
  9.7415851E+00 -2.8536080E-01 -2.8536124E-01  4.4885301E-08
  9.8673832E+00 -2.7381497E-01 -2.7381541E-01  4.4152682E-08
  9.9948058E+00 -2.6253845E-01 -2.6253889E-01  4.3429661E-08
  1.0123874E+01 -2.5153678E-01 -2.5153721E-01  4.2716112E-08
  1.0254608E+01 -2.4081454E-01 -2.4081497E-01  4.2011901E-08
  1.0387031E+01 -2.3037540E-01 -2.3037583E-01  4.1316874E-08
  1.0521164E+01 -2.2022221E-01 -2.2022264E-01  4.0630915E-08
  1.0657029E+01 -2.1035697E-01 -2.1035740E-01  3.9953878E-08
  1.0794648E+01 -2.0078095E-01 -2.0078138E-01  3.9285634E-08
  1.0934045E+01 -1.9149469E-01 -1.9149511E-01  3.8626073E-08
  1.1075241E+01 -1.8249803E-01 -1.8249845E-01  3.7975053E-08
  1.1218261E+01 -1.7379022E-01 -1.7379064E-01  3.7332452E-08
  1.1363128E+01 -1.6536989E-01 -1.6537031E-01  3.6698161E-08
  1.1509865E+01 -1.5723514E-01 -1.5723556E-01  3.6072046E-08
  1.1658497E+01 -1.4938355E-01 -1.4938396E-01  3.5453999E-08
  1.1809049E+01 -1.4181222E-01 -1.4181263E-01  3.4843910E-08
  1.1961545E+01 -1.3451784E-01 -1.3451825E-01  3.4241661E-08
  1.2116009E+01 -1.2749669E-01 -1.2749710E-01  3.3647141E-08
  1.2272469E+01 -1.2074469E-01 -1.2074509E-01  3.3060248E-08
  1.2430949E+01 -1.1425741E-01 -1.1425782E-01  3.2480869E-08
  1.2591475E+01 -1.0803015E-01 -1.0803055E-01  3.1908912E-08
  1.2754074E+01 -1.0205791E-01 -1.0205831E-01  3.1344254E-08
  1.2918773E+01 -9.6335474E-02 -9.6335872E-02  3.0786810E-08
  1.3085599E+01 -9.0857389E-02 -9.0857785E-02  3.0236486E-08
  1.3254578E+01 -8.5618024E-02 -8.5618418E-02  2.9693170E-08
  1.3425740E+01 -8.0611582E-02 -8.0611973E-02  2.9156778E-08
  1.3599113E+01 -7.5832123E-02 -7.5832512E-02  2.8627216E-08
  1.3774723E+01 -7.1273590E-02 -7.1273977E-02  2.8104385E-08
  1.3952602E+01 -6.6929829E-02 -6.6930214E-02  2.7588203E-08
  1.4132778E+01 -6.2794607E-02 -6.2794990E-02  2.7078583E-08
  1.4315280E+01 -5.8861635E-02 -5.8862015E-02  2.6575426E-08
  1.4500139E+01 -5.5124583E-02 -5.5124961E-02  2.6078659E-08
  1.4687385E+01 -5.1577099E-02 -5.1577475E-02  2.5588193E-08
  1.4877049E+01 -4.8212825E-02 -4.8213198E-02  2.5103944E-08
  1.5069162E+01 -4.5025411E-02 -4.5025782E-02  2.4625838E-08
  1.5263756E+01 -4.2008533E-02 -4.2008902E-02  2.4153784E-08
  1.5460863E+01 -3.9155902E-02 -3.9156269E-02  2.3687709E-08
  1.5660515E+01 -3.6461282E-02 -3.6461645E-02  2.3227542E-08
  1.5862745E+01 -3.3918495E-02 -3.3918856E-02  2.2773197E-08
  1.6067587E+01 -3.1521440E-02 -3.1521799E-02  2.2324603E-08
  1.6275073E+01 -2.9264099E-02 -2.9264455E-02  2.1881689E-08
  1.6485239E+01 -2.7140547E-02 -2.7140901E-02  2.1444375E-08
  1.6698119E+01 -2.5144961E-02 -2.5145312E-02  2.1012596E-08
  1.6913748E+01 -2.3271629E-02 -2.3271977E-02  2.0586286E-08
  1.7132162E+01 -2.1514956E-02 -2.1515301E-02  2.0165363E-08
  1.7353395E+01 -1.9869472E-02 -1.9869814E-02  1.9749765E-08
  1.7577486E+01 -1.8329837E-02 -1.8330177E-02  1.9339431E-08
  1.7804470E+01 -1.6890848E-02 -1.6891185E-02  1.8934283E-08
  1.8034386E+01 -1.5547440E-02 -1.5547775E-02  1.8534261E-08
  1.8267270E+01 -1.4294696E-02 -1.4295027E-02  1.8139308E-08
  1.8503162E+01 -1.3127843E-02 -1.3128171E-02  1.7749349E-08
  1.8742099E+01 -1.2042260E-02 -1.2042586E-02  1.7364328E-08
  1.8984122E+01 -1.1033480E-02 -1.1033803E-02  1.6984179E-08
  1.9229271E+01 -1.0097189E-02 -1.0097508E-02  1.6608843E-08
  1.9477585E+01 -9.2292282E-03 -9.2295445E-03  1.6238263E-08
  1.9729106E+01 -8.4255957E-03 -8.4259088E-03  1.5872373E-08
  1.9983874E+01 -7.6824452E-03 -7.6827551E-03  1.5511118E-08
  2.0241932E+01 -6.9960861E-03 -6.9963929E-03  1.5154446E-08
  2.0503323E+01 -6.3629828E-03 -6.3632863E-03  1.4802287E-08
  2.0768089E+01 -5.7797531E-03 -5.7800533E-03  1.4454593E-08
  2.1036274E+01 -5.2431666E-03 -5.2434634E-03  1.4111313E-08
  2.1307922E+01 -4.7501429E-03 -4.7504363E-03  1.3772385E-08
  2.1583078E+01 -4.2977489E-03 -4.2980389E-03  1.3437753E-08
  2.1861788E+01 -3.8831965E-03 -3.8834830E-03  1.3107371E-08
  2.2144096E+01 -3.5038391E-03 -3.5041221E-03  1.2781178E-08
  2.2430049E+01 -3.1571688E-03 -3.1574482E-03  1.2459128E-08
  2.2719696E+01 -2.8408128E-03 -2.8410886E-03  1.2141163E-08
  2.3013082E+01 -2.5525296E-03 -2.5528018E-03  1.1827235E-08
  2.3310257E+01 -2.2902052E-03 -2.2904737E-03  1.1517299E-08
  2.3611270E+01 -2.0518492E-03 -2.0521139E-03  1.1211295E-08
  2.3916169E+01 -1.8355904E-03 -1.8358514E-03  1.0909181E-08
  2.4225006E+01 -1.6396728E-03 -1.6399299E-03  1.0610908E-08
  2.4537830E+01 -1.4624510E-03 -1.4627042E-03  1.0316424E-08
  2.4854695E+01 -1.3023861E-03 -1.3026353E-03  1.0025685E-08
  2.5175651E+01 -1.1580408E-03 -1.1582859E-03  9.7386462E-09
  2.5500751E+01 -1.0280754E-03 -1.0283165E-03  9.4552559E-09
  2.5830050E+01 -9.1124326E-04 -9.1148026E-04  9.1754714E-09
  2.6163601E+01 -8.0638603E-04 -8.0661887E-04  8.8992492E-09
  2.6501459E+01 -7.1242959E-04 -7.1265820E-04  8.6265394E-09
  2.6843680E+01 -6.2838089E-04 -6.2860523E-04  8.3572991E-09
  2.7190320E+01 -5.5330701E-04 -5.5352702E-04  8.0914906E-09
  2.7541436E+01 -4.8639321E-04 -4.8660884E-04  7.8290620E-09
  2.7897087E+01 -4.5829969E-04 -4.5851087E-04  7.5699877E-09
  2.8257330E+01 -4.0160006E-04 -4.0180674E-04  7.3143433E-09
  2.8622224E+01 -3.5129768E-04 -3.5149980E-04  7.0617949E-09
  2.8991831E+01 -3.0674044E-04 -3.0693794E-04  6.8124675E-09
  2.9366211E+01 -2.6734543E-04 -2.6753826E-04  6.5663132E-09
  2.9745425E+01 -2.3257911E-04 -2.3276715E-04  6.3216542E-09
  3.0129535E+01 -2.0195507E-04 -2.0213836E-04  6.0833829E-09
  3.0518606E+01 -1.7503103E-04 -1.7520943E-04  5.8455343E-09
  3.0912701E+01 -1.5140537E-04 -1.5157887E-04  5.6126823E-09
  3.1311885E+01 -1.3071418E-04 -1.3088270E-04  5.3818257E-09
  3.1716224E+01 -1.1262877E-04 -1.1279223E-04  5.1539101E-09
  3.2125784E+01 -9.6852348E-05 -9.7010692E-05  4.9289003E-09
  3.2540633E+01 -8.3117848E-05 -8.3271009E-05  4.7067604E-09
  3.2960838E+01 -7.1185472E-05 -7.1333382E-05  4.4874506E-09
  3.3386470E+01 -6.0840030E-05 -6.0982621E-05  4.2709404E-09
  3.3817598E+01 -5.1889270E-05 -5.2026475E-05  4.0571862E-09
  3.4254294E+01 -4.4161597E-05 -4.4293344E-05  3.8461594E-09
  3.4696628E+01 -3.7504072E-05 -3.7630292E-05  3.6378254E-09
  3.5144675E+01 -3.1781025E-05 -3.1901646E-05  3.4321448E-09
  3.5598507E+01 -2.6872113E-05 -2.6987063E-05  3.2290872E-09
  3.6058199E+01 -2.2670398E-05 -2.2779604E-05  3.0286216E-09
  3.6523828E+01 -1.9082698E-05 -1.9186086E-05  2.8307090E-09
  3.6995469E+01 -1.6026616E-05 -1.6124111E-05  2.6353205E-09
  3.7473201E+01 -1.3428554E-05 -1.3520079E-05  2.4424254E-09
  3.7957102E+01 -1.1224688E-05 -1.1310167E-05  2.2519896E-09
  3.8447251E+01 -9.3610363E-06 -9.4403906E-06  2.0639807E-09
  3.8943730E+01 -7.7867199E-06 -7.8598707E-06  1.8783713E-09
  3.9446620E+01 -6.4633498E-06 -6.5302169E-06  1.6951275E-09
  3.9956004E+01 -5.3499517E-06 -5.4104540E-06  1.5142224E-09
  4.0471965E+01 -4.4188009E-06 -4.4728561E-06  1.3356224E-09
  4.0994589E+01 -3.6396839E-06 -3.6872089E-06  1.1593003E-09
  4.1523962E+01 -2.9909376E-06 -3.0318482E-06  9.8522820E-10
  4.2060171E+01 -2.4484478E-06 -2.4826585E-06  8.1337381E-10
  4.2603304E+01 -1.9985484E-06 -2.0259726E-06  6.4371106E-10
  4.3153451E+01 -1.6299054E-06 -1.6504556E-06  4.7621422E-10
  4.3710702E+01 -1.3271628E-06 -1.3407503E-06  3.1085072E-10
  4.4275148E+01 -1.0694661E-06 -1.0760009E-06  1.4759642E-10
  4.4846883E+01 -8.7412964E-07 -8.7352090E-07 -1.3573630E-11
  4.5426002E+01 -6.9540432E-07 -6.8755966E-07 -1.7269108E-10
  4.6012598E+01 -5.6668576E-07 -5.5151178E-07 -3.2977874E-10
  4.6606769E+01 -4.3144342E-07 -4.0884556E-07 -4.8486224E-10
  4.7208613E+01 -3.8827424E-07 -3.5815663E-07 -6.3796859E-10
  4.7818229E+01  5.9654326E-10  3.8331059E-08 -7.8912408E-10
  4.8435717E+01  5.9286265E-10  4.6042480E-08 -9.3834923E-10
  4.9061178E+01  5.8903993E-10  5.3853483E-08 -1.0856740E-09
  4.9694716E+01  5.8533089E-10  6.1765348E-08 -1.2311172E-09
  5.0336435E+01  5.8149396E-10  6.9779375E-08 -1.3747076E-09
  5.0986441E+01  5.7764282E-10  7.7896885E-08 -1.5164668E-09
  5.1644840E+01  5.7389116E-10  8.6119215E-08 -1.6564157E-09
  5.2311741E+01  5.7002580E-10  9.4447721E-08 -1.7945817E-09
  5.2987254E+01  5.6611782E-10  1.0288378E-07 -1.9309863E-09
  5.3671491E+01  5.6230931E-10  1.1142878E-07 -2.0656492E-09
  5.4364562E+01  5.5837290E-10  1.2008412E-07 -2.1985968E-09
  5.5066584E+01  5.5445071E-10  1.2885123E-07 -2.3298482E-09
  5.5777671E+01  5.5059957E-10  1.3773154E-07 -2.4594240E-09
  5.6497940E+01  5.4663474E-10  1.4672653E-07 -2.5873491E-09
  5.7227510E+01  5.4265570E-10  1.5583768E-07 -2.7136428E-09
  5.7966501E+01  5.3871929E-10  1.6506647E-07 -2.8383248E-09
  5.8715035E+01  5.3472604E-10  1.7441445E-07 -2.9614173E-09
  5.9473235E+01  5.3077542E-10  1.8388312E-07 -3.0829389E-09
  6.0241225E+01  5.2672533E-10  1.9347409E-07 -3.2029123E-09
  6.1019133E+01  5.2261839E-10  2.0318888E-07 -3.3213560E-09
  6.1807086E+01  5.1862514E-10  2.1302914E-07 -3.4382872E-09
  6.2605214E+01  5.1454663E-10  2.2299646E-07 -3.5537282E-09
  6.3413648E+01  5.1042548E-10  2.3309249E-07 -3.6676973E-09
  6.4232522E+01  5.0637539E-10  2.4331889E-07 -3.7802115E-09
  6.5061970E+01  5.0219739E-10  2.5367735E-07 -3.8912924E-09
  6.5902129E+01  4.9803361E-10  2.6416956E-07 -4.0009562E-09
  6.6753137E+01  4.9394089E-10  2.7479727E-07 -4.1092201E-09
  6.7615134E+01  4.8973448E-10  2.8556221E-07 -4.2161046E-09
  6.8488262E+01  4.8548543E-10  2.9646617E-07 -4.3216264E-09
  6.9372665E+01  4.8133586E-10  3.0751092E-07 -4.4258006E-09
  7.0268488E+01  4.7702997E-10  3.1869831E-07 -4.5286484E-09
  7.1175880E+01  4.7279514E-10  3.3003014E-07 -4.6301830E-09
  7.2094988E+01  4.6846083E-10  3.4150832E-07 -4.7304239E-09
  7.3025965E+01  4.6405546E-10  3.5313471E-07 -4.8293871E-09
  7.3968964E+01  4.5976378E-10  3.6491124E-07 -4.9270863E-09
  7.4924141E+01  4.5534421E-10  3.7683984E-07 -5.0235410E-09
  7.5891651E+01  4.5089621E-10  3.8892246E-07 -5.1187655E-09
  7.6871655E+01  4.4653348E-10  4.0116112E-07 -5.2127742E-09
  7.7864314E+01  4.4204285E-10  4.1355781E-07 -5.3055854E-09
  7.8869792E+01  4.3750958E-10  4.2611459E-07 -5.3972132E-09
  7.9888253E+01  4.3309001E-10  4.3883352E-07 -5.4876707E-09
  8.0919866E+01  4.2851411E-10  4.5171667E-07 -5.5769761E-09
  8.1964800E+01  4.2392401E-10  4.6476620E-07 -5.6651426E-09
  8.3023228E+01  4.1939074E-10  4.7798425E-07 -5.7521838E-09
  8.4095323E+01  4.1471537E-10  4.9137298E-07 -5.8381162E-09
  8.5181262E+01  4.1004000E-10  5.0493459E-07 -5.9229523E-09
  8.6281224E+01  4.0542147E-10  5.1867133E-07 -6.0067055E-09
  8.7395391E+01  4.0066084E-10  5.3258546E-07 -6.0893921E-09
  8.8523944E+01  3.9599968E-10  5.4667926E-07 -6.1710226E-09
  8.9667071E+01  3.9123904E-10  5.6095507E-07 -6.2516130E-09
  9.0824959E+01  3.8644998E-10  5.7541521E-07 -6.3311756E-09
  9.1997800E+01  3.8168935E-10  5.9006208E-07 -6.4097228E-09
  9.3185785E+01  3.7682923E-10  6.0489809E-07 -6.4872691E-09
  9.4389111E+01  3.7194070E-10  6.1992567E-07 -6.5638263E-09
  9.5607975E+01  3.6708059E-10  6.3514730E-07 -6.6394066E-09
  9.6842579E+01  3.6210679E-10  6.5056550E-07 -6.7140239E-09
  9.8093126E+01  3.5711878E-10  6.6618280E-07 -6.7876895E-09
  9.9359821E+01  3.5217340E-10  6.8200175E-07 -6.8604147E-09
  1.0064287E+02  3.4711434E-10  6.9802499E-07 -6.9322134E-09
  1.0194249E+02  3.4198422E-10  7.1425514E-07 -7.0030969E-09
  1.0325890E+02  3.3689673E-10  7.3069486E-07 -7.0730755E-09
  1.0459230E+02  3.3175240E-10  7.4734689E-07 -7.1421620E-09
  1.0594292E+02  3.2662228E-10  7.6421393E-07 -7.2103669E-09
  1.0731098E+02  3.2137848E-10  7.8129878E-07 -7.2777027E-09
  1.0869671E+02  3.1607783E-10  7.9860427E-07 -7.3441802E-09
  1.1010033E+02  3.1081981E-10  8.1613320E-07 -7.4098089E-09
  1.1152207E+02  3.0543390E-10  8.3388850E-07 -7.4746016E-09
  1.1296218E+02  3.0004799E-10  8.5187308E-07 -7.5385677E-09
  1.1442088E+02  2.9469049E-10  8.7008989E-07 -7.6017175E-09
  1.1589842E+02  2.8924774E-10  8.8854193E-07 -7.6640623E-09
  1.1739503E+02  2.8370550E-10  9.0723226E-07 -7.7256125E-09
  1.1891098E+02  2.7827696E-10  9.2616392E-07 -7.7863765E-09
  1.2044650E+02  2.7269209E-10  9.4534006E-07 -7.8463665E-09
  1.2200185E+02  2.6705038E-10  9.6476383E-07 -7.9055917E-09
  1.2357728E+02  2.6143709E-10  9.8443842E-07 -7.9640610E-09
  1.2517305E+02  2.5568170E-10  1.0043671E-06 -8.0217855E-09
  1.2678944E+02  2.4998315E-10  1.0245531E-06 -8.0787731E-09
  1.2842669E+02  2.4415669E-10  1.0449997E-06 -8.1350344E-09
  1.3008509E+02  2.3827340E-10  1.0657104E-06 -8.1905785E-09
  1.3176490E+02  2.3243274E-10  1.0866885E-06 -8.2454135E-09
  1.3346640E+02  2.2649260E-10  1.1079375E-06 -8.2995496E-09
  1.3518988E+02  2.2045299E-10  1.1294609E-06 -8.3529957E-09
  1.3693561E+02  2.1447022E-10  1.1512623E-06 -8.4057595E-09
  1.3870389E+02  2.0835955E-10  1.1733452E-06 -8.4578510E-09
  1.4049499E+02  2.0217783E-10  1.1957132E-06 -8.5092784E-09
  1.4230923E+02  1.9602453E-10  1.2183701E-06 -8.5600494E-09
  1.4414690E+02  1.8975754E-10  1.2413195E-06 -8.6101733E-09
  1.4600829E+02  1.8347635E-10  1.2645653E-06 -8.6596578E-09
  1.4789372E+02  1.7719515E-10  1.2881113E-06 -8.7085108E-09
  1.4980350E+02  1.7080026E-10  1.3119613E-06 -8.7567413E-09
  1.5173794E+02  1.6430590E-10  1.3361193E-06 -8.8043571E-09
  1.5369736E+02  1.5786839E-10  1.3605892E-06 -8.8513648E-09
  1.5568208E+02  1.5127455E-10  1.3853752E-06 -8.8977737E-09
  1.5769243E+02  1.4470913E-10  1.4104812E-06 -8.9435903E-09
  1.5972874E+02  1.3798740E-10  1.4359114E-06 -8.9888232E-09
  1.6179134E+02  1.3123724E-10  1.4616700E-06 -9.0334792E-09
  1.6388058E+02  1.2448709E-10  1.4877612E-06 -9.0775652E-09
  1.6599680E+02  1.1759482E-10  1.5141893E-06 -9.1210896E-09
  1.6814035E+02  1.1065993E-10  1.5409587E-06 -9.1640588E-09
  1.7031157E+02  1.0373924E-10  1.5680738E-06 -9.2064797E-09
  1.7251084E+02  9.6690655E-11  1.5955390E-06 -9.2483599E-09
  1.7473850E+02  8.9571017E-11  1.6233589E-06 -9.2897062E-09
  1.7699493E+02  8.2465590E-11  1.6515380E-06 -9.3305247E-09
  1.7928049E+02  7.5232265E-11  1.6800810E-06 -9.3708230E-09
  1.8159557E+02  6.7913675E-11  1.7089926E-06 -9.4106076E-09
  1.8394055E+02  6.0666139E-11  1.7382775E-06 -9.4498841E-09
  1.8631581E+02  5.3233862E-11  1.7679406E-06 -9.4886602E-09
  1.8872173E+02  4.5872639E-11  1.7979867E-06 -9.5269412E-09
  1.9115873E+02  3.8340886E-11  1.8284209E-06 -9.5647346E-09
  1.9362720E+02  3.0766500E-11  1.8592480E-06 -9.6020459E-09
  1.9612754E+02  2.3220537E-11  1.8904732E-06 -9.6388808E-09
  1.9866017E+02  1.5518253E-11  1.9221016E-06 -9.6752465E-09
  2.0122550E+02  7.7591267E-12  1.9541384E-06 -9.7111483E-09
