 # l=           1 basis function with energy     3.0000000000000000     
  0.0000E+00 -0.0000E+00  0.0000E+00  0.0000E+00
  3.5252E-06 -1.5641E-07  3.0500E-11  2.3007E-10
  7.0958E-06 -5.1314E-07  1.2358E-10  9.3219E-10
  1.0713E-05 -1.0330E-06  2.8167E-10  2.1247E-09
  1.4376E-05 -1.7028E-06  5.0726E-10  3.8263E-09
  1.8087E-05 -2.5156E-06  8.0293E-10  6.0565E-09
  2.1846E-05 -3.4677E-06  1.1713E-09  8.8354E-09
  2.5653E-05 -4.5569E-06  1.6152E-09  1.2183E-08
  2.9509E-05 -5.7823E-06  2.1373E-09  1.6122E-08
  3.3415E-05 -7.1439E-06  2.7406E-09  2.0672E-08
  3.7372E-05 -8.6422E-06  3.4280E-09  2.5858E-08
  4.1380E-05 -1.0278E-05  4.2027E-09  3.1701E-08
  4.5439E-05 -1.2053E-05  5.0677E-09  3.8226E-08
  4.9551E-05 -1.3969E-05  6.0264E-09  4.5458E-08
  5.3716E-05 -1.6027E-05  7.0821E-09  5.3421E-08
  5.7935E-05 -1.8230E-05  8.2382E-09  6.2141E-08
  6.2208E-05 -2.0580E-05  9.4983E-09  7.1646E-08
  6.6537E-05 -2.3080E-05  1.0866E-08  8.1964E-08
  7.0921E-05 -2.5732E-05  1.2345E-08  9.3121E-08
  7.5362E-05 -2.8540E-05  1.3940E-08  1.0515E-07
  7.9860E-05 -3.1506E-05  1.5654E-08  1.1808E-07
  8.4417E-05 -3.4635E-05  1.7491E-08  1.3193E-07
  8.9032E-05 -3.7928E-05  1.9456E-08  1.4675E-07
  9.3707E-05 -4.1390E-05  2.1552E-08  1.6257E-07
  9.8442E-05 -4.5024E-05  2.3785E-08  1.7942E-07
  1.0324E-04 -4.8835E-05  2.6160E-08  1.9732E-07
  1.0810E-04 -5.2826E-05  2.8680E-08  2.1633E-07
  1.1302E-04 -5.7001E-05  3.1350E-08  2.3648E-07
  1.1800E-04 -6.1365E-05  3.4177E-08  2.5780E-07
  1.2305E-04 -6.5921E-05  3.7164E-08  2.8033E-07
  1.2817E-04 -7.0675E-05  4.0317E-08  3.0412E-07
  1.3335E-04 -7.5632E-05  4.3642E-08  3.2920E-07
  1.3859E-04 -8.0794E-05  4.7144E-08  3.5561E-07
  1.4391E-04 -8.6169E-05  5.0830E-08  3.8341E-07
  1.4929E-04 -9.1761E-05  5.4704E-08  4.1263E-07
  1.5474E-04 -9.7575E-05  5.8773E-08  4.4333E-07
  1.6027E-04 -1.0362E-04  6.3043E-08  4.7554E-07
  1.6586E-04 -1.0989E-04  6.7522E-08  5.0932E-07
  1.7153E-04 -1.1640E-04  7.2215E-08  5.4472E-07
  1.7727E-04 -1.2316E-04  7.7129E-08  5.8179E-07
  1.8308E-04 -1.3017E-04  8.2271E-08  6.2058E-07
  1.8897E-04 -1.3743E-04  8.7649E-08  6.6114E-07
  1.9494E-04 -1.4496E-04  9.3270E-08  7.0354E-07
  2.0098E-04 -1.5276E-04  9.9142E-08  7.4783E-07
  2.0710E-04 -1.6083E-04  1.0527E-07  7.9407E-07
  2.1330E-04 -1.6918E-04  1.1167E-07  8.4233E-07
  2.1958E-04 -1.7783E-04  1.1834E-07  8.9265E-07
  2.2594E-04 -1.8677E-04  1.2530E-07  9.4512E-07
  2.3238E-04 -1.9602E-04  1.3254E-07  9.9979E-07
  2.3891E-04 -2.0558E-04  1.4009E-07  1.0567E-06
  2.4552E-04 -2.1546E-04  1.4795E-07  1.1160E-06
  2.5221E-04 -2.2566E-04  1.5613E-07  1.1777E-06
  2.5900E-04 -2.3621E-04  1.6464E-07  1.2419E-06
  2.6587E-04 -2.4709E-04  1.7349E-07  1.3087E-06
  2.7282E-04 -2.5833E-04  1.8269E-07  1.3781E-06
  2.7987E-04 -2.6993E-04  1.9225E-07  1.4502E-06
  2.8701E-04 -2.8190E-04  2.0219E-07  1.5251E-06
  2.9424E-04 -2.9425E-04  2.1250E-07  1.6029E-06
  3.0157E-04 -3.0699E-04  2.2321E-07  1.6837E-06
  3.0899E-04 -3.2013E-04  2.3433E-07  1.7676E-06
  3.1650E-04 -3.3368E-04  2.4587E-07  1.8546E-06
  3.2412E-04 -3.4765E-04  2.5784E-07  1.9449E-06
  3.3183E-04 -3.6204E-04  2.7025E-07  2.0385E-06
  3.3964E-04 -3.7688E-04  2.8312E-07  2.1356E-06
  3.4755E-04 -3.9217E-04  2.9647E-07  2.2363E-06
  3.5556E-04 -4.0792E-04  3.1030E-07  2.3406E-06
  3.6368E-04 -4.2414E-04  3.2462E-07  2.4487E-06
  3.7190E-04 -4.4085E-04  3.3947E-07  2.5606E-06
  3.8023E-04 -4.5806E-04  3.5484E-07  2.6766E-06
  3.8866E-04 -4.7578E-04  3.7076E-07  2.7966E-06
  3.9720E-04 -4.9402E-04  3.8724E-07  2.9210E-06
  4.0586E-04 -5.1280E-04  4.0430E-07  3.0496E-06
  4.1462E-04 -5.3213E-04  4.2195E-07  3.1828E-06
  4.2350E-04 -5.5202E-04  4.4021E-07  3.3206E-06
  4.3250E-04 -5.7248E-04  4.5911E-07  3.4631E-06
  4.4161E-04 -5.9354E-04  4.7866E-07  3.6105E-06
  4.5084E-04 -6.1521E-04  4.9887E-07  3.7630E-06
  4.6018E-04 -6.3749E-04  5.1977E-07  3.9206E-06
  4.6965E-04 -6.6041E-04  5.4138E-07  4.0836E-06
  4.7924E-04 -6.8399E-04  5.6371E-07  4.2521E-06
  4.8895E-04 -7.0823E-04  5.8679E-07  4.4262E-06
  4.9879E-04 -7.3316E-04  6.1065E-07  4.6061E-06
  5.0876E-04 -7.5879E-04  6.3529E-07  4.7920E-06
  5.1885E-04 -7.8514E-04  6.6075E-07  4.9841E-06
  5.2908E-04 -8.1223E-04  6.8705E-07  5.1825E-06
  5.3944E-04 -8.4007E-04  7.1422E-07  5.3874E-06
  5.4993E-04 -8.6869E-04  7.4227E-07  5.5990E-06
  5.6055E-04 -8.9810E-04  7.7123E-07  5.8174E-06
  5.7132E-04 -9.2833E-04  8.0113E-07  6.0430E-06
  5.8222E-04 -9.5939E-04  8.3200E-07  6.2758E-06
  5.9326E-04 -9.9130E-04  8.6386E-07  6.5162E-06
  6.0445E-04 -1.0241E-03  8.9675E-07  6.7642E-06
  6.1578E-04 -1.0578E-03  9.3068E-07  7.0202E-06
  6.2726E-04 -1.0924E-03  9.6570E-07  7.2843E-06
  6.3888E-04 -1.1279E-03  1.0018E-06  7.5568E-06
  6.5066E-04 -1.1644E-03  1.0391E-06  7.8379E-06
  6.6258E-04 -1.2019E-03  1.0775E-06  8.1279E-06
  6.7466E-04 -1.2404E-03  1.1172E-06  8.4270E-06
  6.8690E-04 -1.2800E-03  1.1581E-06  8.7355E-06
  6.9930E-04 -1.3206E-03  1.2003E-06  9.0536E-06
  7.1185E-04 -1.3623E-03  1.2437E-06  9.3816E-06
  7.2457E-04 -1.4051E-03  1.2886E-06  9.7198E-06
  7.3745E-04 -1.4491E-03  1.3348E-06  1.0068E-05
  7.5050E-04 -1.4942E-03  1.3825E-06  1.0428E-05
  7.6372E-04 -1.5406E-03  1.4316E-06  1.0798E-05
  7.7710E-04 -1.5881E-03  1.4822E-06  1.1180E-05
  7.9066E-04 -1.6370E-03  1.5344E-06  1.1574E-05
  8.0440E-04 -1.6871E-03  1.5882E-06  1.1980E-05
  8.1831E-04 -1.7385E-03  1.6436E-06  1.2398E-05
  8.3240E-04 -1.7913E-03  1.7007E-06  1.2828E-05
  8.4668E-04 -1.8455E-03  1.7595E-06  1.3272E-05
  8.6114E-04 -1.9011E-03  1.8201E-06  1.3729E-05
  8.7578E-04 -1.9582E-03  1.8825E-06  1.4200E-05
  8.9061E-04 -2.0168E-03  1.9468E-06  1.4685E-05
  9.0564E-04 -2.0769E-03  2.0131E-06  1.5185E-05
  9.2086E-04 -2.1385E-03  2.0813E-06  1.5699E-05
  9.3628E-04 -2.2018E-03  2.1516E-06  1.6230E-05
  9.5189E-04 -2.2667E-03  2.2240E-06  1.6775E-05
  9.6771E-04 -2.3333E-03  2.2985E-06  1.7338E-05
  9.8373E-04 -2.4016E-03  2.3752E-06  1.7916E-05
  9.9996E-04 -2.4717E-03  2.4542E-06  1.8512E-05
  1.0164E-03 -2.5436E-03  2.5356E-06  1.9126E-05
  1.0330E-03 -2.6174E-03  2.6193E-06  1.9758E-05
  1.0499E-03 -2.6931E-03  2.7056E-06  2.0408E-05
  1.0670E-03 -2.7707E-03  2.7943E-06  2.1078E-05
  1.0843E-03 -2.8503E-03  2.8857E-06  2.1767E-05
  1.1018E-03 -2.9319E-03  2.9797E-06  2.2476E-05
  1.1196E-03 -3.0157E-03  3.0765E-06  2.3206E-05
  1.1376E-03 -3.1016E-03  3.1761E-06  2.3958E-05
  1.1558E-03 -3.1897E-03  3.2787E-06  2.4731E-05
  1.1742E-03 -3.2800E-03  3.3842E-06  2.5527E-05
  1.1929E-03 -3.3726E-03  3.4928E-06  2.6346E-05
  1.2118E-03 -3.4676E-03  3.6045E-06  2.7189E-05
  1.2310E-03 -3.5651E-03  3.7194E-06  2.8056E-05
  1.2504E-03 -3.6649E-03  3.8377E-06  2.8948E-05
  1.2701E-03 -3.7674E-03  3.9594E-06  2.9866E-05
  1.2900E-03 -3.8724E-03  4.0846E-06  3.0811E-05
  1.3102E-03 -3.9801E-03  4.2135E-06  3.1782E-05
  1.3307E-03 -4.0905E-03  4.3460E-06  3.2782E-05
  1.3514E-03 -4.2037E-03  4.4823E-06  3.3810E-05
  1.3723E-03 -4.3198E-03  4.6225E-06  3.4868E-05
  1.3936E-03 -4.4387E-03  4.7668E-06  3.5956E-05
  1.4151E-03 -4.5607E-03  4.9151E-06  3.7075E-05
  1.4369E-03 -4.6858E-03  5.0677E-06  3.8226E-05
  1.4590E-03 -4.8140E-03  5.2247E-06  3.9410E-05
  1.4814E-03 -4.9454E-03  5.3861E-06  4.0627E-05
  1.5040E-03 -5.0801E-03  5.5521E-06  4.1879E-05
  1.5270E-03 -5.2181E-03  5.7228E-06  4.3167E-05
  1.5502E-03 -5.3597E-03  5.8983E-06  4.4491E-05
  1.5737E-03 -5.5048E-03  6.0788E-06  4.5853E-05
  1.5976E-03 -5.6534E-03  6.2644E-06  4.7253E-05
  1.6217E-03 -5.8059E-03  6.4553E-06  4.8693E-05
  1.6462E-03 -5.9621E-03  6.6516E-06  5.0173E-05
  1.6710E-03 -6.1222E-03  6.8533E-06  5.1695E-05
  1.6961E-03 -6.2862E-03  7.0608E-06  5.3260E-05
  1.7215E-03 -6.4544E-03  7.2741E-06  5.4869E-05
  1.7473E-03 -6.6267E-03  7.4934E-06  5.6523E-05
  1.7734E-03 -6.8033E-03  7.7188E-06  5.8223E-05
  1.7998E-03 -6.9843E-03  7.9506E-06  5.9971E-05
  1.8266E-03 -7.1698E-03  8.1888E-06  6.1768E-05
  1.8537E-03 -7.3599E-03  8.4337E-06  6.3616E-05
  1.8811E-03 -7.5546E-03  8.6854E-06  6.5515E-05
  1.9090E-03 -7.7542E-03  8.9442E-06  6.7467E-05
  1.9371E-03 -7.9586E-03  9.2102E-06  6.9473E-05
  1.9657E-03 -8.1682E-03  9.4836E-06  7.1535E-05
  1.9946E-03 -8.3829E-03  9.7645E-06  7.3654E-05
  2.0239E-03 -8.6028E-03  1.0053E-05  7.5833E-05
  2.0535E-03 -8.8282E-03  1.0350E-05  7.8072E-05
  2.0836E-03 -9.0591E-03  1.0655E-05  8.0373E-05
  2.1140E-03 -9.2957E-03  1.0969E-05  8.2738E-05
  2.1448E-03 -9.5380E-03  1.1291E-05  8.5168E-05
  2.1760E-03 -9.7863E-03  1.1622E-05  8.7666E-05
  2.2077E-03 -1.0041E-02  1.1962E-05  9.0232E-05
  2.2397E-03 -1.0301E-02  1.2312E-05  9.2870E-05
  2.2721E-03 -1.0568E-02  1.2671E-05  9.5580E-05
  2.3050E-03 -1.0842E-02  1.3041E-05  9.8365E-05
  2.3383E-03 -1.1122E-02  1.3420E-05  1.0123E-04
  2.3720E-03 -1.1409E-02  1.3810E-05  1.0417E-04
  2.4062E-03 -1.1703E-02  1.4210E-05  1.0719E-04
  2.4408E-03 -1.2004E-02  1.4622E-05  1.1029E-04
  2.4758E-03 -1.2312E-02  1.5045E-05  1.1348E-04
  2.5113E-03 -1.2628E-02  1.5479E-05  1.1676E-04
  2.5473E-03 -1.2952E-02  1.5926E-05  1.2013E-04
  2.5837E-03 -1.3283E-02  1.6384E-05  1.2359E-04
  2.6206E-03 -1.3622E-02  1.6855E-05  1.2714E-04
  2.6579E-03 -1.3970E-02  1.7340E-05  1.3079E-04
  2.6958E-03 -1.4326E-02  1.7837E-05  1.3454E-04
  2.7341E-03 -1.4691E-02  1.8348E-05  1.3840E-04
  2.7729E-03 -1.5064E-02  1.8873E-05  1.4236E-04
  2.8123E-03 -1.5446E-02  1.9412E-05  1.4642E-04
  2.8521E-03 -1.5838E-02  1.9966E-05  1.5060E-04
  2.8925E-03 -1.6239E-02  2.0535E-05  1.5489E-04
  2.9334E-03 -1.6649E-02  2.1119E-05  1.5930E-04
  2.9748E-03 -1.7070E-02  2.1720E-05  1.6383E-04
  3.0167E-03 -1.7500E-02  2.2336E-05  1.6848E-04
  3.0592E-03 -1.7941E-02  2.2970E-05  1.7326E-04
  3.1022E-03 -1.8392E-02  2.3621E-05  1.7817E-04
  3.1458E-03 -1.8855E-02  2.4289E-05  1.8321E-04
  3.1899E-03 -1.9328E-02  2.4975E-05  1.8839E-04
  3.2347E-03 -1.9812E-02  2.5681E-05  1.9371E-04
  3.2799E-03 -2.0308E-02  2.6405E-05  1.9917E-04
  3.3258E-03 -2.0816E-02  2.7149E-05  2.0478E-04
  3.3723E-03 -2.1336E-02  2.7913E-05  2.1055E-04
  3.4194E-03 -2.1868E-02  2.8697E-05  2.1647E-04
  3.4671E-03 -2.2413E-02  2.9503E-05  2.2254E-04
  3.5153E-03 -2.2970E-02  3.0331E-05  2.2879E-04
  3.5643E-03 -2.3541E-02  3.1181E-05  2.3520E-04
  3.6138E-03 -2.4126E-02  3.2054E-05  2.4178E-04
  3.6640E-03 -2.4724E-02  3.2951E-05  2.4855E-04
  3.7148E-03 -2.5336E-02  3.3871E-05  2.5549E-04
  3.7663E-03 -2.5963E-02  3.4817E-05  2.6262E-04
  3.8185E-03 -2.6604E-02  3.5788E-05  2.6995E-04
  3.8713E-03 -2.7261E-02  3.6785E-05  2.7747E-04
  3.9249E-03 -2.7933E-02  3.7809E-05  2.8520E-04
  3.9791E-03 -2.8621E-02  3.8861E-05  2.9313E-04
  4.0340E-03 -2.9324E-02  3.9941E-05  3.0127E-04
  4.0896E-03 -3.0045E-02  4.1050E-05  3.0964E-04
  4.1459E-03 -3.0782E-02  4.2188E-05  3.1823E-04
  4.2030E-03 -3.1536E-02  4.3358E-05  3.2705E-04
  4.2608E-03 -3.2308E-02  4.4558E-05  3.3610E-04
  4.3193E-03 -3.3098E-02  4.5791E-05  3.4540E-04
  4.3786E-03 -3.3906E-02  4.7057E-05  3.5495E-04
  4.4387E-03 -3.4733E-02  4.8357E-05  3.6476E-04
  4.4995E-03 -3.5579E-02  4.9692E-05  3.7483E-04
  4.5612E-03 -3.6445E-02  5.1062E-05  3.8516E-04
  4.6236E-03 -3.7330E-02  5.2470E-05  3.9578E-04
  4.6868E-03 -3.8237E-02  5.3915E-05  4.0668E-04
  4.7509E-03 -3.9164E-02  5.5398E-05  4.1787E-04
  4.8157E-03 -4.0112E-02  5.6921E-05  4.2936E-04
  4.8815E-03 -4.1082E-02  5.8485E-05  4.4116E-04
  4.9480E-03 -4.2074E-02  6.0091E-05  4.5327E-04
  5.0154E-03 -4.3090E-02  6.1740E-05  4.6570E-04
  5.0837E-03 -4.4128E-02  6.3433E-05  4.7847E-04
  5.1529E-03 -4.5190E-02  6.5171E-05  4.9158E-04
  5.2230E-03 -4.6276E-02  6.6955E-05  5.0504E-04
  5.2939E-03 -4.7387E-02  6.8787E-05  5.1886E-04
  5.3658E-03 -4.8524E-02  7.0668E-05  5.3305E-04
  5.4386E-03 -4.9686E-02  7.2599E-05  5.4761E-04
  5.5124E-03 -5.0874E-02  7.4581E-05  5.6256E-04
  5.5871E-03 -5.2090E-02  7.6616E-05  5.7792E-04
  5.6628E-03 -5.3333E-02  7.8706E-05  5.9368E-04
  5.7394E-03 -5.4603E-02  8.0851E-05  6.0986E-04
  5.8171E-03 -5.5903E-02  8.3053E-05  6.2647E-04
  5.8957E-03 -5.7232E-02  8.5314E-05  6.4352E-04
  5.9754E-03 -5.8590E-02  8.7635E-05  6.6103E-04
  6.0560E-03 -5.9979E-02  9.0018E-05  6.7900E-04
  6.1378E-03 -6.1399E-02  9.2464E-05  6.9745E-04
  6.2206E-03 -6.2850E-02  9.4975E-05  7.1639E-04
  6.3044E-03 -6.4334E-02  9.7552E-05  7.3583E-04
  6.3893E-03 -6.5851E-02  1.0020E-04  7.5579E-04
  6.4754E-03 -6.7402E-02  1.0291E-04  7.7628E-04
  6.5625E-03 -6.8987E-02  1.0570E-04  7.9732E-04
  6.6508E-03 -7.0607E-02  1.0857E-04  8.1891E-04
  6.7402E-03 -7.2262E-02  1.1150E-04  8.4108E-04
  6.8307E-03 -7.3954E-02  1.1452E-04  8.6383E-04
  6.9225E-03 -7.5683E-02  1.1762E-04  8.8718E-04
  7.0154E-03 -7.7450E-02  1.2080E-04  9.1116E-04
  7.1095E-03 -7.9256E-02  1.2406E-04  9.3577E-04
  7.2048E-03 -8.1101E-02  1.2741E-04  9.6104E-04
  7.3014E-03 -8.2986E-02  1.3085E-04  9.8697E-04
  7.3992E-03 -8.4913E-02  1.3438E-04  1.0136E-03
  7.4983E-03 -8.6881E-02  1.3800E-04  1.0409E-03
  7.5986E-03 -8.8891E-02  1.4172E-04  1.0690E-03
  7.7003E-03 -9.0945E-02  1.4553E-04  1.0977E-03
  7.8032E-03 -9.3043E-02  1.4945E-04  1.1273E-03
  7.9075E-03 -9.5186E-02  1.5347E-04  1.1576E-03
  8.0132E-03 -9.7375E-02  1.5760E-04  1.1888E-03
  8.1202E-03 -9.9610E-02  1.6184E-04  1.2207E-03
  8.2286E-03 -1.0189E-01  1.6619E-04  1.2535E-03
  8.3383E-03 -1.0422E-01  1.7065E-04  1.2872E-03
  8.4495E-03 -1.0661E-01  1.7523E-04  1.3218E-03
  8.5622E-03 -1.0904E-01  1.7994E-04  1.3572E-03
  8.6763E-03 -1.1152E-01  1.8476E-04  1.3936E-03
  8.7918E-03 -1.1405E-01  1.8972E-04  1.4310E-03
  8.9089E-03 -1.1664E-01  1.9480E-04  1.4694E-03
  9.0274E-03 -1.1928E-01  2.0002E-04  1.5087E-03
  9.1475E-03 -1.2198E-01  2.0538E-04  1.5492E-03
  9.2692E-03 -1.2473E-01  2.1088E-04  1.5906E-03
  9.3924E-03 -1.2754E-01  2.1652E-04  1.6332E-03
  9.5172E-03 -1.3041E-01  2.2232E-04  1.6769E-03
  9.6436E-03 -1.3334E-01  2.2826E-04  1.7217E-03
  9.7717E-03 -1.3632E-01  2.3436E-04  1.7678E-03
  9.9014E-03 -1.3937E-01  2.4063E-04  1.8150E-03
  1.0033E-02 -1.4248E-01  2.4705E-04  1.8635E-03
  1.0166E-02 -1.4565E-01  2.5365E-04  1.9133E-03
  1.0301E-02 -1.4889E-01  2.6042E-04  1.9643E-03
  1.0437E-02 -1.5219E-01  2.6737E-04  2.0167E-03
  1.0576E-02 -1.5556E-01  2.7451E-04  2.0705E-03
  1.0716E-02 -1.5900E-01  2.8183E-04  2.1258E-03
  1.0858E-02 -1.6250E-01  2.8934E-04  2.1824E-03
  1.1001E-02 -1.6607E-01  2.9705E-04  2.2406E-03
  1.1147E-02 -1.6972E-01  3.0497E-04  2.3003E-03
  1.1294E-02 -1.7344E-01  3.1309E-04  2.3615E-03
  1.1444E-02 -1.7722E-01  3.2142E-04  2.4244E-03
  1.1595E-02 -1.8109E-01  3.2998E-04  2.4889E-03
  1.1748E-02 -1.8503E-01  3.3876E-04  2.5552E-03
  1.1903E-02 -1.8904E-01  3.4777E-04  2.6231E-03
  1.2061E-02 -1.9313E-01  3.5702E-04  2.6929E-03
  1.2220E-02 -1.9730E-01  3.6651E-04  2.7645E-03
  1.2381E-02 -2.0155E-01  3.7625E-04  2.8380E-03
  1.2545E-02 -2.0588E-01  3.8625E-04  2.9134E-03
  1.2710E-02 -2.1029E-01  3.9651E-04  2.9907E-03
  1.2878E-02 -2.1479E-01  4.0704E-04  3.0701E-03
  1.3048E-02 -2.1937E-01  4.1784E-04  3.1516E-03
  1.3220E-02 -2.2403E-01  4.2893E-04  3.2353E-03
  1.3394E-02 -2.2879E-01  4.4031E-04  3.3211E-03
  1.3570E-02 -2.3363E-01  4.5199E-04  3.4092E-03
  1.3749E-02 -2.3855E-01  4.6398E-04  3.4996E-03
  1.3930E-02 -2.4357E-01  4.7628E-04  3.5924E-03
  1.4114E-02 -2.4868E-01  4.8891E-04  3.6876E-03
  1.4299E-02 -2.5388E-01  5.0186E-04  3.7853E-03
  1.4488E-02 -2.5918E-01  5.1516E-04  3.8856E-03
  1.4678E-02 -2.6457E-01  5.2880E-04  3.9885E-03
  1.4871E-02 -2.7005E-01  5.4280E-04  4.0941E-03
  1.5067E-02 -2.7563E-01  5.5717E-04  4.2025E-03
  1.5265E-02 -2.8131E-01  5.7192E-04  4.3137E-03
  1.5466E-02 -2.8709E-01  5.8705E-04  4.4278E-03
  1.5669E-02 -2.9296E-01  6.0258E-04  4.5450E-03
  1.5875E-02 -2.9894E-01  6.1852E-04  4.6652E-03
  1.6083E-02 -3.0502E-01  6.3488E-04  4.7885E-03
  1.6294E-02 -3.1120E-01  6.5166E-04  4.9151E-03
  1.6508E-02 -3.1749E-01  6.6889E-04  5.0450E-03
  1.6725E-02 -3.2388E-01  6.8656E-04  5.1783E-03
  1.6944E-02 -3.3037E-01  7.0470E-04  5.3151E-03
  1.7167E-02 -3.3698E-01  7.2331E-04  5.4555E-03
  1.7392E-02 -3.4368E-01  7.4242E-04  5.5996E-03
  1.7620E-02 -3.5050E-01  7.6202E-04  5.7474E-03
  1.7851E-02 -3.5743E-01  7.8213E-04  5.8991E-03
  1.8085E-02 -3.6446E-01  8.0278E-04  6.0548E-03
  1.8322E-02 -3.7161E-01  8.2396E-04  6.2145E-03
  1.8562E-02 -3.7887E-01  8.4570E-04  6.3785E-03
  1.8806E-02 -3.8623E-01  8.6801E-04  6.5467E-03
  1.9052E-02 -3.9372E-01  8.9090E-04  6.7193E-03
  1.9302E-02 -4.0131E-01  9.1439E-04  6.8965E-03
  1.9554E-02 -4.0902E-01  9.3850E-04  7.0783E-03
  1.9810E-02 -4.1684E-01  9.6323E-04  7.2648E-03
  2.0070E-02 -4.2477E-01  9.8862E-04  7.4563E-03
  2.0332E-02 -4.3282E-01  1.0147E-03  7.6527E-03
  2.0598E-02 -4.4098E-01  1.0414E-03  7.8543E-03
  2.0868E-02 -4.4926E-01  1.0688E-03  8.0611E-03
  2.1141E-02 -4.5765E-01  1.0970E-03  8.2734E-03
  2.1418E-02 -4.6616E-01  1.1259E-03  8.4912E-03
  2.1698E-02 -4.7478E-01  1.1555E-03  8.7147E-03
  2.1981E-02 -4.8352E-01  1.1859E-03  8.9440E-03
  2.2269E-02 -4.9238E-01  1.2171E-03  9.1794E-03
  2.2560E-02 -5.0134E-01  1.2491E-03  9.4209E-03
  2.2855E-02 -5.1043E-01  1.2820E-03  9.6687E-03
  2.3153E-02 -5.1962E-01  1.3157E-03  9.9230E-03
  2.3456E-02 -5.2893E-01  1.3503E-03  1.0184E-02
  2.3762E-02 -5.3836E-01  1.3859E-03  1.0452E-02
  2.4073E-02 -5.4789E-01  1.4223E-03  1.0726E-02
  2.4387E-02 -5.5754E-01  1.4597E-03  1.1008E-02
  2.4705E-02 -5.6729E-01  1.4981E-03  1.1298E-02
  2.5028E-02 -5.7716E-01  1.5374E-03  1.1595E-02
  2.5355E-02 -5.8713E-01  1.5778E-03  1.1899E-02
  2.5686E-02 -5.9721E-01  1.6193E-03  1.2212E-02
  2.6021E-02 -6.0740E-01  1.6618E-03  1.2533E-02
  2.6360E-02 -6.1769E-01  1.7055E-03  1.2862E-02
  2.6704E-02 -6.2809E-01  1.7503E-03  1.3199E-02
  2.7053E-02 -6.3858E-01  1.7962E-03  1.3546E-02
  2.7405E-02 -6.4917E-01  1.8434E-03  1.3902E-02
  2.7763E-02 -6.5987E-01  1.8918E-03  1.4266E-02
  2.8125E-02 -6.7065E-01  1.9414E-03  1.4641E-02
  2.8492E-02 -6.8153E-01  1.9924E-03  1.5025E-02
  2.8863E-02 -6.9250E-01  2.0447E-03  1.5419E-02
  2.9239E-02 -7.0355E-01  2.0983E-03  1.5824E-02
  2.9620E-02 -7.1469E-01  2.1534E-03  1.6239E-02
  3.0006E-02 -7.2591E-01  2.2099E-03  1.6665E-02
  3.0397E-02 -7.3721E-01  2.2678E-03  1.7102E-02
  3.0793E-02 -7.4858E-01  2.3273E-03  1.7550E-02
  3.1195E-02 -7.6003E-01  2.3884E-03  1.8010E-02
  3.1601E-02 -7.7154E-01  2.4510E-03  1.8482E-02
  3.2013E-02 -7.8312E-01  2.5152E-03  1.8967E-02
  3.2429E-02 -7.9476E-01  2.5812E-03  1.9464E-02
  3.2852E-02 -8.0645E-01  2.6488E-03  1.9974E-02
  3.3279E-02 -8.1819E-01  2.7183E-03  2.0497E-02
  3.3713E-02 -8.2998E-01  2.7895E-03  2.1034E-02
  3.4152E-02 -8.4181E-01  2.8626E-03  2.1585E-02
  3.4596E-02 -8.5368E-01  2.9376E-03  2.2150E-02
  3.5046E-02 -8.6557E-01  3.0146E-03  2.2730E-02
  3.5502E-02 -8.7749E-01  3.0935E-03  2.3326E-02
  3.5964E-02 -8.8943E-01  3.1746E-03  2.3936E-02
  3.6432E-02 -9.0139E-01  3.2577E-03  2.4563E-02
  3.6906E-02 -9.1335E-01  3.3430E-03  2.5206E-02
  3.7386E-02 -9.2530E-01  3.4306E-03  2.5866E-02
  3.7873E-02 -9.3726E-01  3.5204E-03  2.6543E-02
  3.8365E-02 -9.4920E-01  3.6126E-03  2.7237E-02
  3.8864E-02 -9.6111E-01  3.7071E-03  2.7950E-02
  3.9370E-02 -9.7300E-01  3.8042E-03  2.8681E-02
  3.9882E-02 -9.8485E-01  3.9037E-03  2.9431E-02
  4.0400E-02 -9.9666E-01  4.0059E-03  3.0201E-02
  4.0925E-02 -1.0084E+00  4.1107E-03  3.0991E-02
  4.1457E-02 -1.0201E+00  4.2183E-03  3.1802E-02
  4.1996E-02 -1.0317E+00  4.3287E-03  3.2633E-02
  4.2542E-02 -1.0433E+00  4.4419E-03  3.3487E-02
  4.3095E-02 -1.0547E+00  4.5581E-03  3.4362E-02
  4.3655E-02 -1.0661E+00  4.6774E-03  3.5260E-02
  4.4222E-02 -1.0773E+00  4.7997E-03  3.6182E-02
  4.4797E-02 -1.0884E+00  4.9252E-03  3.7128E-02
  4.5379E-02 -1.0994E+00  5.0540E-03  3.8098E-02
  4.5968E-02 -1.1103E+00  5.1862E-03  3.9094E-02
  4.6565E-02 -1.1210E+00  5.3218E-03  4.0115E-02
  4.7170E-02 -1.1315E+00  5.4609E-03  4.1163E-02
  4.7783E-02 -1.1418E+00  5.6037E-03  4.2239E-02
  4.8403E-02 -1.1520E+00  5.7502E-03  4.3342E-02
  4.9032E-02 -1.1620E+00  5.9005E-03  4.4474E-02
  4.9669E-02 -1.1717E+00  6.0547E-03  4.5636E-02
  5.0314E-02 -1.1812E+00  6.2129E-03  4.6827E-02
  5.0967E-02 -1.1905E+00  6.3753E-03  4.8050E-02
  5.1628E-02 -1.1995E+00  6.5419E-03  4.9305E-02
  5.2299E-02 -1.2083E+00  6.7129E-03  5.0592E-02
  5.2978E-02 -1.2168E+00  6.8882E-03  5.1913E-02
  5.3665E-02 -1.2250E+00  7.0682E-03  5.3268E-02
  5.4362E-02 -1.2328E+00  7.2529E-03  5.4658E-02
  5.5067E-02 -1.2404E+00  7.4423E-03  5.6085E-02
  5.5782E-02 -1.2476E+00  7.6367E-03  5.7548E-02
  5.6506E-02 -1.2544E+00  7.8362E-03  5.9050E-02
  5.7239E-02 -1.2609E+00  8.0409E-03  6.0590E-02
  5.7982E-02 -1.2670E+00  8.2509E-03  6.2171E-02
  5.8734E-02 -1.2727E+00  8.4663E-03  6.3793E-02
  5.9496E-02 -1.2780E+00  8.6874E-03  6.5457E-02
  6.0268E-02 -1.2828E+00  8.9142E-03  6.7164E-02
  6.1049E-02 -1.2872E+00  9.1470E-03  6.8916E-02
  6.1841E-02 -1.2911E+00  9.3858E-03  7.0713E-02
  6.2643E-02 -1.2945E+00  9.6308E-03  7.2556E-02
  6.3456E-02 -1.2974E+00  9.8822E-03  7.4448E-02
  6.4279E-02 -1.2998E+00  1.0140E-02  7.6389E-02
  6.5112E-02 -1.3017E+00  1.0405E-02  7.8380E-02
  6.5957E-02 -1.3030E+00  1.0676E-02  8.0423E-02
  6.6812E-02 -1.3038E+00  1.0955E-02  8.2519E-02
  6.7678E-02 -1.3039E+00  1.1241E-02  8.4670E-02
  6.8556E-02 -1.3034E+00  1.1534E-02  8.6876E-02
  6.9444E-02 -1.3024E+00  1.1835E-02  8.9139E-02
  7.0345E-02 -1.3006E+00  1.2144E-02  9.1462E-02
  7.1256E-02 -1.2982E+00  1.2461E-02  9.3844E-02
  7.2180E-02 -1.2952E+00  1.2786E-02  9.6289E-02
  7.3116E-02 -1.2914E+00  1.3120E-02  9.8797E-02
  7.4063E-02 -1.2870E+00  1.3462E-02  1.0137E-01
  7.5023E-02 -1.2818E+00  1.3813E-02  1.0401E-01
  7.5996E-02 -1.2758E+00  1.4173E-02  1.0672E-01
  7.6981E-02 -1.2691E+00  1.4543E-02  1.0950E-01
  7.7978E-02 -1.2617E+00  1.4922E-02  1.1235E-01
  7.8989E-02 -1.2534E+00  1.5312E-02  1.1527E-01
  8.0012E-02 -1.2443E+00  1.5711E-02  1.1827E-01
  8.1049E-02 -1.2344E+00  1.6121E-02  1.2135E-01
  8.2099E-02 -1.2237E+00  1.6541E-02  1.2451E-01
  8.3163E-02 -1.2121E+00  1.6972E-02  1.2775E-01
  8.4240E-02 -1.1996E+00  1.7415E-02  1.3107E-01
  8.5331E-02 -1.1863E+00  1.7869E-02  1.3448E-01
  8.6437E-02 -1.1720E+00  1.8335E-02  1.3798E-01
  8.7556E-02 -1.1569E+00  1.8813E-02  1.4157E-01
  8.8691E-02 -1.1408E+00  1.9303E-02  1.4525E-01
  8.9839E-02 -1.1238E+00  1.9807E-02  1.4902E-01
  9.1003E-02 -1.1059E+00  2.0323E-02  1.5290E-01
  9.2182E-02 -1.0870E+00  2.0853E-02  1.5687E-01
  9.3376E-02 -1.0671E+00  2.1396E-02  1.6095E-01
  9.4585E-02 -1.0463E+00  2.1954E-02  1.6514E-01
  9.5810E-02 -1.0245E+00  2.2526E-02  1.6943E-01
  9.7051E-02 -1.0018E+00  2.3113E-02  1.7383E-01
  9.8307E-02 -9.7800E-01  2.3716E-02  1.7835E-01
  9.9580E-02 -9.5325E-01  2.4334E-02  1.8298E-01
  1.0087E-01 -9.2749E-01  2.4968E-02  1.8773E-01
  1.0218E-01 -9.0074E-01  2.5618E-02  1.9261E-01
  1.0350E-01 -8.7299E-01  2.6286E-02  1.9761E-01
  1.0484E-01 -8.4424E-01  2.6971E-02  2.0274E-01
  1.0620E-01 -8.1449E-01  2.7673E-02  2.0800E-01
  1.0757E-01 -7.8374E-01  2.8394E-02  2.1340E-01
  1.0896E-01 -7.5200E-01  2.9134E-02  2.1894E-01
  1.1037E-01 -7.1926E-01  2.9893E-02  2.2462E-01
  1.1180E-01 -6.8555E-01  3.0672E-02  2.3045E-01
  1.1325E-01 -6.5086E-01  3.1471E-02  2.3643E-01
  1.1472E-01 -6.1520E-01  3.2291E-02  2.4257E-01
  1.1620E-01 -5.7859E-01  3.3132E-02  2.4886E-01
  1.1771E-01 -5.4104E-01  3.3995E-02  2.5531E-01
  1.1923E-01 -5.0255E-01  3.4880E-02  2.6193E-01
  1.2077E-01 -4.6316E-01  3.5789E-02  2.6872E-01
  1.2233E-01 -4.2286E-01  3.6721E-02  2.7569E-01
  1.2392E-01 -3.8169E-01  3.7677E-02  2.8283E-01
  1.2552E-01 -3.3966E-01  3.8658E-02  2.9016E-01
  1.2715E-01 -2.9679E-01  3.9665E-02  2.9768E-01
  1.2879E-01 -2.5312E-01  4.0698E-02  3.0539E-01
  1.3046E-01 -2.0865E-01  4.1757E-02  3.1330E-01
  1.3215E-01 -1.6343E-01  4.2845E-02  3.2141E-01
  1.3386E-01 -1.1749E-01  4.3960E-02  3.2973E-01
  1.3559E-01 -7.0840E-02  4.5105E-02  3.3827E-01
  1.3734E-01 -2.3532E-02  4.6279E-02  3.4702E-01
  1.3912E-01  2.4405E-02  4.7484E-02  3.5600E-01
  1.4092E-01  7.2933E-02  4.8720E-02  3.6521E-01
  1.4274E-01  1.2201E-01  4.9988E-02  3.7466E-01
  1.4459E-01  1.7160E-01  5.1290E-02  3.8435E-01
  1.4646E-01  2.2166E-01  5.2625E-02  3.9428E-01
  1.4836E-01  2.7215E-01  5.3994E-02  4.0447E-01
  1.5027E-01  3.2300E-01  5.5400E-02  4.1493E-01
  1.5222E-01  3.7419E-01  5.6842E-02  4.2565E-01
  1.5419E-01  4.2566E-01  5.8321E-02  4.3664E-01
  1.5618E-01  4.7734E-01  5.9839E-02  4.4792E-01
  1.5820E-01  5.2920E-01  6.1396E-02  4.5948E-01
  1.6025E-01  5.8118E-01  6.2994E-02  4.7134E-01
  1.6232E-01  6.3321E-01  6.4633E-02  4.8351E-01
  1.6442E-01  6.8524E-01  6.6315E-02  4.9598E-01
  1.6655E-01  7.3721E-01  6.8040E-02  5.0877E-01
  1.6870E-01  7.8905E-01  6.9811E-02  5.2189E-01
  1.7088E-01  8.4069E-01  7.1627E-02  5.3534E-01
  1.7309E-01  8.9208E-01  7.3491E-02  5.4914E-01
  1.7533E-01  9.4315E-01  7.5402E-02  5.6329E-01
  1.7760E-01  9.9382E-01  7.7364E-02  5.7780E-01
  1.7990E-01  1.0440E+00  7.9377E-02  5.9267E-01
  1.8222E-01  1.0937E+00  8.1441E-02  6.0793E-01
  1.8458E-01  1.1428E+00  8.3560E-02  6.2357E-01
  1.8697E-01  1.1912E+00  8.5733E-02  6.3961E-01
  1.8939E-01  1.2388E+00  8.7963E-02  6.5606E-01
  1.9183E-01  1.2856E+00  9.0251E-02  6.7292E-01
  1.9432E-01  1.3315E+00  9.2598E-02  6.9021E-01
  1.9683E-01  1.3764E+00  9.5006E-02  7.0794E-01
  1.9937E-01  1.4202E+00  9.7477E-02  7.2612E-01
  2.0195E-01  1.4629E+00  1.0001E-01  7.4476E-01
  2.0456E-01  1.5043E+00  1.0261E-01  7.6387E-01
  2.0721E-01  1.5445E+00  1.0528E-01  7.8346E-01
  2.0989E-01  1.5833E+00  1.0802E-01  8.0355E-01
  2.1260E-01  1.6206E+00  1.1083E-01  8.2414E-01
  2.1535E-01  1.6564E+00  1.1371E-01  8.4525E-01
  2.1813E-01  1.6905E+00  1.1666E-01  8.6689E-01
  2.2095E-01  1.7230E+00  1.1969E-01  8.8908E-01
  2.2381E-01  1.7537E+00  1.2281E-01  9.1182E-01
  2.2671E-01  1.7825E+00  1.2600E-01  9.3513E-01
  2.2964E-01  1.8094E+00  1.2927E-01  9.5903E-01
  2.3260E-01  1.8343E+00  1.3263E-01  9.8353E-01
  2.3561E-01  1.8571E+00  1.3608E-01  1.0086E+00
  2.3866E-01  1.8778E+00  1.3962E-01  1.0344E+00
  2.4174E-01  1.8962E+00  1.4324E-01  1.0608E+00
  2.4487E-01  1.9124E+00  1.4696E-01  1.0878E+00
  2.4803E-01  1.9262E+00  1.5078E-01  1.1155E+00
  2.5124E-01  1.9376E+00  1.5470E-01  1.1439E+00
  2.5449E-01  1.9464E+00  1.5872E-01  1.1730E+00
  2.5778E-01  1.9528E+00  1.6284E-01  1.2028E+00
  2.6111E-01  1.9565E+00  1.6707E-01  1.2334E+00
  2.6449E-01  1.9576E+00  1.7141E-01  1.2647E+00
  2.6790E-01  1.9560E+00  1.7586E-01  1.2968E+00
  2.7137E-01  1.9516E+00  1.8043E-01  1.3297E+00
  2.7488E-01  1.9445E+00  1.8511E-01  1.3634E+00
  2.7843E-01  1.9345E+00  1.8992E-01  1.3979E+00
  2.8203E-01  1.9216E+00  1.9485E-01  1.4333E+00
  2.8567E-01  1.9058E+00  1.9991E-01  1.4695E+00
  2.8937E-01  1.8870E+00  2.0510E-01  1.5067E+00
  2.9311E-01  1.8653E+00  2.1042E-01  1.5447E+00
  2.9689E-01  1.8407E+00  2.1588E-01  1.5837E+00
  3.0073E-01  1.8130E+00  2.2149E-01  1.6236E+00
  3.0462E-01  1.7823E+00  2.2723E-01  1.6644E+00
  3.0856E-01  1.7485E+00  2.3313E-01  1.7063E+00
  3.1254E-01  1.7118E+00  2.3918E-01  1.7492E+00
  3.1658E-01  1.6720E+00  2.4538E-01  1.7931E+00
  3.2067E-01  1.6293E+00  2.5174E-01  1.8381E+00
  3.2482E-01  1.5835E+00  2.5827E-01  1.8842E+00
  3.2902E-01  1.5348E+00  2.6497E-01  1.9313E+00
  3.3327E-01  1.4831E+00  2.7184E-01  1.9796E+00
  3.3758E-01  1.4285E+00  2.7889E-01  2.0291E+00
  3.4194E-01  1.3710E+00  2.8612E-01  2.0797E+00
  3.4636E-01  1.3106E+00  2.9353E-01  2.1315E+00
  3.5083E-01  1.2475E+00  3.0114E-01  2.1846E+00
  3.5537E-01  1.1816E+00  3.0894E-01  2.2389E+00
  3.5996E-01  1.1131E+00  3.1695E-01  2.2944E+00
  3.6461E-01  1.0419E+00  3.2515E-01  2.3513E+00
  3.6932E-01  9.6815E-01  3.3358E-01  2.4095E+00
  3.7410E-01  8.9195E-01  3.4221E-01  2.4691E+00
  3.7893E-01  8.1335E-01  3.5107E-01  2.5301E+00
  3.8383E-01  7.3246E-01  3.6016E-01  2.5925E+00
  3.8879E-01  6.4936E-01  3.6948E-01  2.6563E+00
  3.9381E-01  5.6415E-01  3.7904E-01  2.7216E+00
  3.9890E-01  4.7694E-01  3.8885E-01  2.7883E+00
  4.0405E-01  3.8784E-01  3.9890E-01  2.8566E+00
  4.0928E-01  2.9696E-01  4.0922E-01  2.9265E+00
  4.1456E-01  2.0443E-01  4.1980E-01  2.9979E+00
  4.1992E-01  1.1038E-01  4.3065E-01  3.0710E+00
  4.2535E-01  1.4934E-02  4.4178E-01  3.1457E+00
  4.3084E-01 -8.1767E-02  4.5319E-01  3.2220E+00
  4.3641E-01 -1.7958E-01  4.6490E-01  3.3001E+00
  4.4205E-01 -2.7836E-01  4.7690E-01  3.3799E+00
  4.4776E-01 -3.7795E-01  4.8921E-01  3.4614E+00
  4.5355E-01 -4.7820E-01  5.0183E-01  3.5447E+00
  4.5941E-01 -5.7895E-01  5.1478E-01  3.6298E+00
  4.6534E-01 -6.8004E-01  5.2805E-01  3.7168E+00
  4.7136E-01 -7.8129E-01  5.4167E-01  3.8056E+00
  4.7745E-01 -8.8254E-01  5.5563E-01  3.8963E+00
  4.8361E-01 -9.8361E-01  5.6994E-01  3.9890E+00
  4.8986E-01 -1.0843E+00  5.8462E-01  4.0836E+00
  4.9619E-01 -1.1845E+00  5.9967E-01  4.1802E+00
  5.0260E-01 -1.2840E+00  6.1510E-01  4.2788E+00
  5.0910E-01 -1.3826E+00  6.3092E-01  4.3794E+00
  5.1567E-01 -1.4801E+00  6.4713E-01  4.4820E+00
  5.2234E-01 -1.5763E+00  6.6376E-01  4.5868E+00
  5.2909E-01 -1.6711E+00  6.8081E-01  4.6936E+00
  5.3592E-01 -1.7643E+00  6.9829E-01  4.8026E+00
  5.4285E-01 -1.8557E+00  7.1620E-01  4.9137E+00
  5.4986E-01 -1.9450E+00  7.3457E-01  5.0269E+00
  5.5696E-01 -2.0322E+00  7.5339E-01  5.1424E+00
  5.6416E-01 -2.1170E+00  7.7269E-01  5.2600E+00
  5.7145E-01 -2.1992E+00  7.9246E-01  5.3798E+00
  5.7883E-01 -2.2787E+00  8.1273E-01  5.5019E+00
  5.8631E-01 -2.3553E+00  8.3351E-01  5.6262E+00
  5.9388E-01 -2.4288E+00  8.5479E-01  5.7527E+00
  6.0155E-01 -2.4990E+00  8.7661E-01  5.8815E+00
  6.0933E-01 -2.5659E+00  8.9896E-01  6.0125E+00
  6.1720E-01 -2.6291E+00  9.2187E-01  6.1458E+00
  6.2517E-01 -2.6886E+00  9.4534E-01  6.2814E+00
  6.3325E-01 -2.7441E+00  9.6938E-01  6.4192E+00
  6.4143E-01 -2.7955E+00  9.9401E-01  6.5592E+00
  6.4971E-01 -2.8428E+00  1.0192E+00  6.7015E+00
  6.5811E-01 -2.8856E+00  1.0451E+00  6.8460E+00
  6.6661E-01 -2.9239E+00  1.0716E+00  6.9926E+00
  6.7522E-01 -2.9575E+00  1.0987E+00  7.1415E+00
  6.8394E-01 -2.9863E+00  1.1264E+00  7.2925E+00
  6.9278E-01 -3.0102E+00  1.1549E+00  7.4455E+00
  7.0173E-01 -3.0290E+00  1.1840E+00  7.6007E+00
  7.1079E-01 -3.0427E+00  1.2138E+00  7.7579E+00
  7.1998E-01 -3.0511E+00  1.2443E+00  7.9170E+00
  7.2928E-01 -3.0541E+00  1.2755E+00  8.0781E+00
  7.3870E-01 -3.0517E+00  1.3075E+00  8.2410E+00
  7.4824E-01 -3.0438E+00  1.3402E+00  8.4058E+00
  7.5791E-01 -3.0304E+00  1.3736E+00  8.5722E+00
  7.6770E-01 -3.0113E+00  1.4078E+00  8.7402E+00
  7.7761E-01 -2.9865E+00  1.4429E+00  8.9097E+00
  7.8766E-01 -2.9561E+00  1.4787E+00  9.0807E+00
  7.9783E-01 -2.9199E+00  1.5153E+00  9.2530E+00
  8.0814E-01 -2.8779E+00  1.5527E+00  9.4264E+00
  8.1858E-01 -2.8303E+00  1.5910E+00  9.6009E+00
  8.2915E-01 -2.7768E+00  1.6301E+00  9.7764E+00
  8.3986E-01 -2.7177E+00  1.6701E+00  9.9525E+00
  8.5071E-01 -2.6529E+00  1.7110E+00  1.0129E+01
  8.6170E-01 -2.5824E+00  1.7527E+00  1.0306E+01
  8.7283E-01 -2.5064E+00  1.7953E+00  1.0484E+01
  8.8411E-01 -2.4248E+00  1.8388E+00  1.0661E+01
  8.9553E-01 -2.3378E+00  1.8832E+00  1.0838E+01
  9.0709E-01 -2.2454E+00  1.9286E+00  1.1015E+01
  9.1881E-01 -2.1477E+00  1.9748E+00  1.1190E+01
  9.3068E-01 -2.0449E+00  2.0220E+00  1.1365E+01
  9.4270E-01 -1.9370E+00  2.0701E+00  1.1539E+01
  9.5488E-01 -1.8243E+00  2.1191E+00  1.1711E+01
  9.6721E-01 -1.7067E+00  2.1690E+00  1.1881E+01
  9.7970E-01 -1.5845E+00  2.2199E+00  1.2049E+01
  9.9236E-01 -1.4579E+00  2.2717E+00  1.2214E+01
  1.0052E+00 -1.3270E+00  2.3245E+00  1.2376E+01
  1.0182E+00 -1.1920E+00  2.3781E+00  1.2535E+01
  1.0313E+00 -1.0530E+00  2.4326E+00  1.2690E+01
  1.0446E+00 -9.1036E-01  2.4881E+00  1.2840E+01
  1.0581E+00 -7.6421E-01  2.5444E+00  1.2986E+01
  1.0718E+00 -6.1477E-01  2.6016E+00  1.3126E+01
  1.0856E+00 -4.6228E-01  2.6596E+00  1.3261E+01
  1.0997E+00 -3.0697E-01  2.7185E+00  1.3390E+01
  1.1139E+00 -1.4910E-01  2.7781E+00  1.3511E+01
  1.1282E+00  1.1082E-02  2.8385E+00  1.3625E+01
  1.1428E+00  1.7331E-01  2.8996E+00  1.3731E+01
  1.1576E+00  3.3732E-01  2.9614E+00  1.3828E+01
  1.1725E+00  5.0282E-01  3.0239E+00  1.3916E+01
  1.1877E+00  6.6953E-01  3.0869E+00  1.3994E+01
  1.2030E+00  8.3715E-01  3.1505E+00  1.4061E+01
  1.2186E+00  1.0054E+00  3.2145E+00  1.4116E+01
  1.2343E+00  1.1739E+00  3.2789E+00  1.4160E+01
  1.2502E+00  1.3424E+00  3.3436E+00  1.4190E+01
  1.2664E+00  1.5106E+00  3.4086E+00  1.4207E+01
  1.2827E+00  1.6781E+00  3.4737E+00  1.4209E+01
  1.2993E+00  1.8446E+00  3.5389E+00  1.4196E+01
  1.3161E+00  2.0097E+00  3.6040E+00  1.4167E+01
  1.3331E+00  2.1731E+00  3.6689E+00  1.4121E+01
  1.3503E+00  2.3345E+00  3.7335E+00  1.4057E+01
  1.3678E+00  2.4935E+00  3.7976E+00  1.3975E+01
  1.3854E+00  2.6497E+00  3.8612E+00  1.3874E+01
  1.4033E+00  2.8027E+00  3.9239E+00  1.3753E+01
  1.4214E+00  2.9523E+00  3.9857E+00  1.3611E+01
  1.4398E+00  3.0979E+00  4.0464E+00  1.3448E+01
  1.4584E+00  3.2393E+00  4.1057E+00  1.3263E+01
  1.4772E+00  3.3760E+00  4.1635E+00  1.3055E+01
  1.4963E+00  3.5077E+00  4.2195E+00  1.2825E+01
  1.5156E+00  3.6340E+00  4.2735E+00  1.2571E+01
  1.5352E+00  3.7544E+00  4.3252E+00  1.2293E+01
  1.5550E+00  3.8687E+00  4.3743E+00  1.1991E+01
  1.5751E+00  3.9763E+00  4.4205E+00  1.1666E+01
  1.5955E+00  4.0770E+00  4.4636E+00  1.1316E+01
  1.6161E+00  4.1704E+00  4.5031E+00  1.0942E+01
  1.6369E+00  4.2559E+00  4.5389E+00  1.0545E+01
  1.6581E+00  4.3334E+00  4.5704E+00  1.0125E+01
  1.6795E+00  4.4024E+00  4.5973E+00  9.6826E+00
  1.7012E+00  4.4625E+00  4.6193E+00  9.2190E+00
  1.7232E+00  4.5134E+00  4.6358E+00  8.7354E+00
  1.7454E+00  4.5547E+00  4.6466E+00  8.2334E+00
  1.7680E+00  4.5861E+00  4.6511E+00  7.7147E+00
  1.7908E+00  4.6072E+00  4.6489E+00  7.1814E+00
  1.8139E+00  4.6177E+00  4.6395E+00  6.6360E+00
  1.8373E+00  4.6173E+00  4.6226E+00  6.0813E+00
  1.8611E+00  4.6058E+00  4.5975E+00  5.5204E+00
  1.8851E+00  4.5828E+00  4.5638E+00  4.9568E+00
  1.9095E+00  4.5481E+00  4.5211E+00  4.3944E+00
  1.9341E+00  4.5015E+00  4.4689E+00  3.8375E+00
  1.9591E+00  4.4427E+00  4.4067E+00  3.2905E+00
  1.9844E+00  4.3715E+00  4.3340E+00  2.7585E+00
  2.0100E+00  4.2879E+00  4.2505E+00  2.2466E+00
  2.0360E+00  4.1917E+00  4.1557E+00  1.7602E+00
  2.0623E+00  4.0828E+00  4.0492E+00  1.3049E+00
  2.0889E+00  3.9611E+00  3.9308E+00  8.8619E-01
  2.1159E+00  3.8267E+00  3.8001E+00  5.0969E-01
  2.1432E+00  3.6795E+00  3.6570E+00  1.8060E-01
  2.1709E+00  3.5197E+00  3.5013E+00 -9.6319E-02
  2.1989E+00  3.3473E+00  3.3328E+00 -3.1703E-01
  2.2273E+00  3.1625E+00  3.1516E+00 -4.7860E-01
  2.2561E+00  2.9656E+00  2.9579E+00 -5.7953E-01
  2.2852E+00  2.7569E+00  2.7517E+00 -6.2029E-01
  2.3147E+00  2.5366E+00  2.5334E+00 -6.0390E-01
  2.3446E+00  2.3052E+00  2.3035E+00 -5.3657E-01
  2.3749E+00  2.0631E+00  2.0623E+00 -4.2862E-01
  2.4056E+00  1.8109E+00  1.8106E+00 -2.9541E-01
  2.4367E+00  1.5492E+00  1.5491E+00 -1.5854E-01
  2.4681E+00  1.2787E+00  1.2786E+00 -4.7269E-02
  2.5000E+00  1.0000E+00  1.0000E+00  0.0000E+00
  2.5323E+00  7.1408E-01  7.1408E-01  0.0000E+00
  2.5650E+00  4.2179E-01  4.2179E-01  0.0000E+00
  2.5981E+00  1.2411E-01  1.2411E-01  0.0000E+00
  2.6317E+00 -1.7788E-01 -1.7788E-01  0.0000E+00
  2.6657E+00 -4.8307E-01 -4.8307E-01  0.0000E+00
  2.7001E+00 -7.9022E-01 -7.9022E-01  0.0000E+00
  2.7350E+00 -1.0980E+00 -1.0980E+00  0.0000E+00
  2.7703E+00 -1.4052E+00 -1.4052E+00  0.0000E+00
  2.8060E+00 -1.7101E+00 -1.7101E+00  0.0000E+00
  2.8423E+00 -2.0115E+00 -2.0115E+00  0.0000E+00
  2.8790E+00 -2.3075E+00 -2.3075E+00  0.0000E+00
  2.9162E+00 -2.5967E+00 -2.5967E+00  0.0000E+00
  2.9538E+00 -2.8773E+00 -2.8773E+00  0.0000E+00
  2.9920E+00 -3.1476E+00 -3.1476E+00  0.0000E+00
  3.0306E+00 -3.4058E+00 -3.4058E+00  0.0000E+00
  3.0698E+00 -3.6500E+00 -3.6500E+00  0.0000E+00
  3.1094E+00 -3.8785E+00 -3.8785E+00  0.0000E+00
  3.1496E+00 -4.0893E+00 -4.0893E+00  0.0000E+00
  3.1902E+00 -4.2806E+00 -4.2806E+00  0.0000E+00
  3.2314E+00 -4.4507E+00 -4.4507E+00  0.0000E+00
  3.2732E+00 -4.5977E+00 -4.5977E+00  0.0000E+00
  3.3154E+00 -4.7199E+00 -4.7199E+00  0.0000E+00
  3.3582E+00 -4.8156E+00 -4.8156E+00  0.0000E+00
  3.4016E+00 -4.8833E+00 -4.8833E+00  0.0000E+00
  3.4455E+00 -4.9214E+00 -4.9214E+00  0.0000E+00
  3.4900E+00 -4.9286E+00 -4.9286E+00  0.0000E+00
  3.5351E+00 -4.9038E+00 -4.9038E+00  0.0000E+00
  3.5808E+00 -4.8460E+00 -4.8460E+00  0.0000E+00
  3.6270E+00 -4.7542E+00 -4.7542E+00  0.0000E+00
  3.6739E+00 -4.6280E+00 -4.6280E+00  0.0000E+00
  3.7213E+00 -4.4670E+00 -4.4670E+00  0.0000E+00
  3.7694E+00 -4.2712E+00 -4.2712E+00  0.0000E+00
  3.8180E+00 -4.0407E+00 -4.0407E+00  0.0000E+00
  3.8673E+00 -3.7762E+00 -3.7762E+00  0.0000E+00
  3.9173E+00 -3.4785E+00 -3.4785E+00  0.0000E+00
  3.9679E+00 -3.1488E+00 -3.1488E+00  0.0000E+00
  4.0191E+00 -2.7890E+00 -2.7890E+00  0.0000E+00
  4.0710E+00 -2.4008E+00 -2.4008E+00  0.0000E+00
  4.1236E+00 -1.9868E+00 -1.9868E+00  0.0000E+00
  4.1768E+00 -1.5499E+00 -1.5499E+00  0.0000E+00
  4.2308E+00 -1.0931E+00 -1.0931E+00  0.0000E+00
  4.2854E+00 -6.2036E-01 -6.2036E-01  0.0000E+00
  4.3408E+00 -1.3555E-01 -1.3555E-01  0.0000E+00
  4.3968E+00  3.5682E-01  3.5682E-01  0.0000E+00
  4.4536E+00  8.5195E-01  8.5195E-01  0.0000E+00
  4.5111E+00  1.3447E+00  1.3447E+00  0.0000E+00
  4.5694E+00  1.8296E+00  1.8296E+00  0.0000E+00
  4.6284E+00  2.3010E+00  2.3010E+00  0.0000E+00
  4.6881E+00  2.7529E+00  2.7529E+00  0.0000E+00
  4.7487E+00  3.1795E+00  3.1795E+00  0.0000E+00
