 # l=           0 basis function with energy   -0.32376009981324361     
  0.0000E+00  0.0000E+00  0.0000E+00  0.0000E+00
  3.5252E-06  6.1794E-05  9.7934E-07  4.7511E-06
  7.0958E-06  1.1920E-04  1.9713E-06  9.5636E-06
  1.0713E-05  1.7548E-04  2.9761E-06  1.4438E-05
  1.4376E-05  2.3129E-04  3.9939E-06  1.9376E-05
  1.8087E-05  2.8690E-04  5.0248E-06  2.4377E-05
  2.1846E-05  3.4251E-04  6.0691E-06  2.9443E-05
  2.5653E-05  3.9823E-04  7.1268E-06  3.4574E-05
  2.9509E-05  4.5413E-04  8.1982E-06  3.9772E-05
  3.3415E-05  5.1029E-04  9.2834E-06  4.5036E-05
  3.7372E-05  5.6674E-04  1.0383E-05  5.0369E-05
  4.1380E-05  6.2352E-04  1.1496E-05  5.5771E-05
  4.5439E-05  6.8068E-04  1.2624E-05  6.1242E-05
  4.9551E-05  7.3824E-04  1.3766E-05  6.6784E-05
  5.3716E-05  7.9622E-04  1.4923E-05  7.2397E-05
  5.7935E-05  8.5465E-04  1.6095E-05  7.8083E-05
  6.2208E-05  9.1354E-04  1.7282E-05  8.3843E-05
  6.6537E-05  9.7292E-04  1.8485E-05  8.9677E-05
  7.0921E-05  1.0328E-03  1.9703E-05  9.5586E-05
  7.5362E-05  1.0932E-03  2.0937E-05  1.0157E-04
  7.9860E-05  1.1541E-03  2.2187E-05  1.0763E-04
  8.4417E-05  1.2156E-03  2.3452E-05  1.1377E-04
  8.9032E-05  1.2776E-03  2.4735E-05  1.2000E-04
  9.3707E-05  1.3402E-03  2.6033E-05  1.2630E-04
  9.8442E-05  1.4034E-03  2.7349E-05  1.3268E-04
  1.0324E-04  1.4672E-03  2.8681E-05  1.3914E-04
  1.0810E-04  1.5316E-03  3.0031E-05  1.4569E-04
  1.1302E-04  1.5966E-03  3.1398E-05  1.5232E-04
  1.1800E-04  1.6623E-03  3.2783E-05  1.5904E-04
  1.2305E-04  1.7286E-03  3.4186E-05  1.6585E-04
  1.2817E-04  1.7955E-03  3.5606E-05  1.7274E-04
  1.3335E-04  1.8631E-03  3.7046E-05  1.7972E-04
  1.3859E-04  1.9314E-03  3.8503E-05  1.8679E-04
  1.4391E-04  2.0003E-03  3.9980E-05  1.9395E-04
  1.4929E-04  2.0700E-03  4.1475E-05  2.0121E-04
  1.5474E-04  2.1404E-03  4.2990E-05  2.0856E-04
  1.6027E-04  2.2114E-03  4.4525E-05  2.1600E-04
  1.6586E-04  2.2832E-03  4.6079E-05  2.2354E-04
  1.7153E-04  2.3558E-03  4.7654E-05  2.3118E-04
  1.7727E-04  2.4291E-03  4.9248E-05  2.3892E-04
  1.8308E-04  2.5031E-03  5.0864E-05  2.4675E-04
  1.8897E-04  2.5779E-03  5.2500E-05  2.5469E-04
  1.9494E-04  2.6535E-03  5.4157E-05  2.6273E-04
  2.0098E-04  2.7299E-03  5.5836E-05  2.7088E-04
  2.0710E-04  2.8070E-03  5.7536E-05  2.7913E-04
  2.1330E-04  2.8850E-03  5.9258E-05  2.8748E-04
  2.1958E-04  2.9638E-03  6.1003E-05  2.9594E-04
  2.2594E-04  3.0434E-03  6.2770E-05  3.0452E-04
  2.3238E-04  3.1238E-03  6.4560E-05  3.1320E-04
  2.3891E-04  3.2051E-03  6.6373E-05  3.2200E-04
  2.4552E-04  3.2873E-03  6.8209E-05  3.3090E-04
  2.5221E-04  3.3703E-03  7.0069E-05  3.3993E-04
  2.5900E-04  3.4542E-03  7.1954E-05  3.4907E-04
  2.6587E-04  3.5390E-03  7.3862E-05  3.5833E-04
  2.7282E-04  3.6246E-03  7.5795E-05  3.6771E-04
  2.7987E-04  3.7112E-03  7.7753E-05  3.7721E-04
  2.8701E-04  3.7987E-03  7.9737E-05  3.8683E-04
  2.9424E-04  3.8872E-03  8.1746E-05  3.9657E-04
  3.0157E-04  3.9765E-03  8.3781E-05  4.0645E-04
  3.0899E-04  4.0669E-03  8.5842E-05  4.1645E-04
  3.1650E-04  4.1581E-03  8.7930E-05  4.2657E-04
  3.2412E-04  4.2504E-03  9.0045E-05  4.3683E-04
  3.3183E-04  4.3437E-03  9.2187E-05  4.4723E-04
  3.3964E-04  4.4379E-03  9.4356E-05  4.5775E-04
  3.4755E-04  4.5331E-03  9.6554E-05  4.6841E-04
  3.5556E-04  4.6294E-03  9.8780E-05  4.7921E-04
  3.6368E-04  4.7267E-03  1.0104E-04  4.9015E-04
  3.7190E-04  4.8250E-03  1.0332E-04  5.0123E-04
  3.8023E-04  4.9244E-03  1.0563E-04  5.1246E-04
  3.8866E-04  5.0248E-03  1.0798E-04  5.2383E-04
  3.9720E-04  5.1263E-03  1.1035E-04  5.3534E-04
  4.0586E-04  5.2289E-03  1.1275E-04  5.4701E-04
  4.1462E-04  5.3326E-03  1.1519E-04  5.5882E-04
  4.2350E-04  5.4374E-03  1.1766E-04  5.7079E-04
  4.3250E-04  5.5434E-03  1.2015E-04  5.8291E-04
  4.4161E-04  5.6504E-03  1.2269E-04  5.9519E-04
  4.5084E-04  5.7586E-03  1.2525E-04  6.0762E-04
  4.6018E-04  5.8679E-03  1.2785E-04  6.2022E-04
  4.6965E-04  5.9785E-03  1.3048E-04  6.3298E-04
  4.7924E-04  6.0901E-03  1.3314E-04  6.4591E-04
  4.8895E-04  6.2030E-03  1.3584E-04  6.5900E-04
  4.9879E-04  6.3171E-03  1.3857E-04  6.7226E-04
  5.0876E-04  6.4324E-03  1.4134E-04  6.8569E-04
  5.1885E-04  6.5490E-03  1.4415E-04  6.9930E-04
  5.2908E-04  6.6667E-03  1.4699E-04  7.1308E-04
  5.3944E-04  6.7857E-03  1.4986E-04  7.2704E-04
  5.4993E-04  6.9060E-03  1.5278E-04  7.4118E-04
  5.6055E-04  7.0276E-03  1.5573E-04  7.5550E-04
  5.7132E-04  7.1504E-03  1.5872E-04  7.7001E-04
  5.8222E-04  7.2746E-03  1.6175E-04  7.8470E-04
  5.9326E-04  7.4001E-03  1.6482E-04  7.9958E-04
  6.0445E-04  7.5269E-03  1.6793E-04  8.1466E-04
  6.1578E-04  7.6550E-03  1.7107E-04  8.2993E-04
  6.2726E-04  7.7845E-03  1.7426E-04  8.4540E-04
  6.3888E-04  7.9154E-03  1.7749E-04  8.6107E-04
  6.5066E-04  8.0476E-03  1.8076E-04  8.7694E-04
  6.6258E-04  8.1813E-03  1.8408E-04  8.9301E-04
  6.7466E-04  8.3163E-03  1.8743E-04  9.0930E-04
  6.8690E-04  8.4528E-03  1.9083E-04  9.2579E-04
  6.9930E-04  8.5907E-03  1.9428E-04  9.4250E-04
  7.1185E-04  8.7300E-03  1.9776E-04  9.5942E-04
  7.2457E-04  8.8708E-03  2.0130E-04  9.7656E-04
  7.3745E-04  9.0131E-03  2.0488E-04  9.9392E-04
  7.5050E-04  9.1569E-03  2.0850E-04  1.0115E-03
  7.6372E-04  9.3022E-03  2.1217E-04  1.0293E-03
  7.7710E-04  9.4490E-03  2.1589E-04  1.0474E-03
  7.9066E-04  9.5973E-03  2.1966E-04  1.0656E-03
  8.0440E-04  9.7471E-03  2.2348E-04  1.0841E-03
  8.1831E-04  9.8985E-03  2.2734E-04  1.1029E-03
  8.3240E-04  1.0052E-02  2.3126E-04  1.1219E-03
  8.4668E-04  1.0206E-02  2.3522E-04  1.1411E-03
  8.6114E-04  1.0362E-02  2.3924E-04  1.1606E-03
  8.7578E-04  1.0520E-02  2.4331E-04  1.1804E-03
  8.9061E-04  1.0679E-02  2.4743E-04  1.2003E-03
  9.0564E-04  1.0840E-02  2.5160E-04  1.2206E-03
  9.2086E-04  1.1003E-02  2.5583E-04  1.2411E-03
  9.3628E-04  1.1168E-02  2.6011E-04  1.2619E-03
  9.5189E-04  1.1334E-02  2.6445E-04  1.2829E-03
  9.6771E-04  1.1501E-02  2.6885E-04  1.3043E-03
  9.8373E-04  1.1671E-02  2.7330E-04  1.3258E-03
  9.9996E-04  1.1842E-02  2.7781E-04  1.3477E-03
  1.0164E-03  1.2015E-02  2.8237E-04  1.3699E-03
  1.0330E-03  1.2189E-02  2.8700E-04  1.3923E-03
  1.0499E-03  1.2366E-02  2.9168E-04  1.4150E-03
  1.0670E-03  1.2544E-02  2.9643E-04  1.4381E-03
  1.0843E-03  1.2724E-02  3.0124E-04  1.4614E-03
  1.1018E-03  1.2906E-02  3.0611E-04  1.4850E-03
  1.1196E-03  1.3090E-02  3.1104E-04  1.5089E-03
  1.1376E-03  1.3275E-02  3.1603E-04  1.5332E-03
  1.1558E-03  1.3462E-02  3.2109E-04  1.5577E-03
  1.1742E-03  1.3651E-02  3.2622E-04  1.5826E-03
  1.1929E-03  1.3843E-02  3.3141E-04  1.6078E-03
  1.2118E-03  1.4035E-02  3.3667E-04  1.6333E-03
  1.2310E-03  1.4230E-02  3.4200E-04  1.6591E-03
  1.2504E-03  1.4427E-02  3.4739E-04  1.6853E-03
  1.2701E-03  1.4626E-02  3.5286E-04  1.7118E-03
  1.2900E-03  1.4826E-02  3.5839E-04  1.7387E-03
  1.3102E-03  1.5029E-02  3.6400E-04  1.7659E-03
  1.3307E-03  1.5234E-02  3.6968E-04  1.7934E-03
  1.3514E-03  1.5440E-02  3.7543E-04  1.8213E-03
  1.3723E-03  1.5649E-02  3.8126E-04  1.8496E-03
  1.3936E-03  1.5859E-02  3.8716E-04  1.8783E-03
  1.4151E-03  1.6072E-02  3.9314E-04  1.9073E-03
  1.4369E-03  1.6287E-02  3.9920E-04  1.9366E-03
  1.4590E-03  1.6503E-02  4.0533E-04  1.9664E-03
  1.4814E-03  1.6722E-02  4.1155E-04  1.9965E-03
  1.5040E-03  1.6943E-02  4.1784E-04  2.0271E-03
  1.5270E-03  1.7166E-02  4.2421E-04  2.0580E-03
  1.5502E-03  1.7391E-02  4.3067E-04  2.0893E-03
  1.5737E-03  1.7618E-02  4.3721E-04  2.1211E-03
  1.5976E-03  1.7847E-02  4.4384E-04  2.1532E-03
  1.6217E-03  1.8079E-02  4.5055E-04  2.1858E-03
  1.6462E-03  1.8312E-02  4.5735E-04  2.2187E-03
  1.6710E-03  1.8548E-02  4.6423E-04  2.2521E-03
  1.6961E-03  1.8786E-02  4.7121E-04  2.2860E-03
  1.7215E-03  1.9026E-02  4.7827E-04  2.3202E-03
  1.7473E-03  1.9268E-02  4.8542E-04  2.3549E-03
  1.7734E-03  1.9513E-02  4.9267E-04  2.3901E-03
  1.7998E-03  1.9759E-02  5.0001E-04  2.4257E-03
  1.8266E-03  2.0008E-02  5.0745E-04  2.4618E-03
  1.8537E-03  2.0259E-02  5.1498E-04  2.4983E-03
  1.8811E-03  2.0513E-02  5.2261E-04  2.5353E-03
  1.9090E-03  2.0768E-02  5.3034E-04  2.5728E-03
  1.9371E-03  2.1026E-02  5.3817E-04  2.6108E-03
  1.9657E-03  2.1286E-02  5.4610E-04  2.6493E-03
  1.9946E-03  2.1549E-02  5.5413E-04  2.6882E-03
  2.0239E-03  2.1814E-02  5.6226E-04  2.7277E-03
  2.0535E-03  2.2081E-02  5.7050E-04  2.7677E-03
  2.0836E-03  2.2350E-02  5.7885E-04  2.8082E-03
  2.1140E-03  2.2622E-02  5.8730E-04  2.8492E-03
  2.1448E-03  2.2896E-02  5.9587E-04  2.8907E-03
  2.1760E-03  2.3172E-02  6.0454E-04  2.9328E-03
  2.2077E-03  2.3450E-02  6.1332E-04  2.9754E-03
  2.2397E-03  2.3731E-02  6.2222E-04  3.0186E-03
  2.2721E-03  2.4015E-02  6.3124E-04  3.0623E-03
  2.3050E-03  2.4300E-02  6.4037E-04  3.1066E-03
  2.3383E-03  2.4588E-02  6.4962E-04  3.1515E-03
  2.3720E-03  2.4878E-02  6.5899E-04  3.1969E-03
  2.4062E-03  2.5171E-02  6.6847E-04  3.2430E-03
  2.4408E-03  2.5466E-02  6.7809E-04  3.2896E-03
  2.4758E-03  2.5764E-02  6.8782E-04  3.3368E-03
  2.5113E-03  2.6063E-02  6.9768E-04  3.3847E-03
  2.5473E-03  2.6365E-02  7.0767E-04  3.4331E-03
  2.5837E-03  2.6670E-02  7.1779E-04  3.4822E-03
  2.6206E-03  2.6976E-02  7.2804E-04  3.5319E-03
  2.6579E-03  2.7286E-02  7.3842E-04  3.5823E-03
  2.6958E-03  2.7597E-02  7.4893E-04  3.6333E-03
  2.7341E-03  2.7911E-02  7.5958E-04  3.6850E-03
  2.7729E-03  2.8227E-02  7.7037E-04  3.7373E-03
  2.8123E-03  2.8546E-02  7.8130E-04  3.7903E-03
  2.8521E-03  2.8867E-02  7.9237E-04  3.8440E-03
  2.8925E-03  2.9190E-02  8.0358E-04  3.8984E-03
  2.9334E-03  2.9515E-02  8.1493E-04  3.9535E-03
  2.9748E-03  2.9843E-02  8.2644E-04  4.0093E-03
  3.0167E-03  3.0173E-02  8.3809E-04  4.0658E-03
  3.0592E-03  3.0506E-02  8.4989E-04  4.1231E-03
  3.1022E-03  3.0840E-02  8.6184E-04  4.1811E-03
  3.1458E-03  3.1177E-02  8.7395E-04  4.2398E-03
  3.1899E-03  3.1517E-02  8.8622E-04  4.2993E-03
  3.2347E-03  3.1858E-02  8.9864E-04  4.3596E-03
  3.2799E-03  3.2202E-02  9.1122E-04  4.4206E-03
  3.3258E-03  3.2548E-02  9.2397E-04  4.4825E-03
  3.3723E-03  3.2896E-02  9.3688E-04  4.5451E-03
  3.4194E-03  3.3246E-02  9.4996E-04  4.6085E-03
  3.4671E-03  3.3599E-02  9.6320E-04  4.6728E-03
  3.5153E-03  3.3954E-02  9.7662E-04  4.7379E-03
  3.5643E-03  3.4310E-02  9.9021E-04  4.8038E-03
  3.6138E-03  3.4669E-02  1.0040E-03  4.8706E-03
  3.6640E-03  3.5030E-02  1.0179E-03  4.9382E-03
  3.7148E-03  3.5393E-02  1.0320E-03  5.0068E-03
  3.7663E-03  3.5759E-02  1.0464E-03  5.0762E-03
  3.8185E-03  3.6126E-02  1.0608E-03  5.1465E-03
  3.8713E-03  3.6495E-02  1.0755E-03  5.2177E-03
  3.9249E-03  3.6866E-02  1.0904E-03  5.2898E-03
  3.9791E-03  3.7239E-02  1.1055E-03  5.3629E-03
  4.0340E-03  3.7614E-02  1.1207E-03  5.4369E-03
  4.0896E-03  3.7990E-02  1.1362E-03  5.5118E-03
  4.1459E-03  3.8369E-02  1.1518E-03  5.5877E-03
  4.2030E-03  3.8749E-02  1.1677E-03  5.6646E-03
  4.2608E-03  3.9131E-02  1.1837E-03  5.7425E-03
  4.3193E-03  3.9515E-02  1.2000E-03  5.8215E-03
  4.3786E-03  3.9900E-02  1.2165E-03  5.9014E-03
  4.4387E-03  4.0287E-02  1.2331E-03  5.9823E-03
  4.4995E-03  4.0676E-02  1.2500E-03  6.0643E-03
  4.5612E-03  4.1066E-02  1.2672E-03  6.1474E-03
  4.6236E-03  4.1458E-02  1.2845E-03  6.2315E-03
  4.6868E-03  4.1851E-02  1.3021E-03  6.3167E-03
  4.7509E-03  4.2245E-02  1.3199E-03  6.4031E-03
  4.8157E-03  4.2641E-02  1.3379E-03  6.4905E-03
  4.8815E-03  4.3038E-02  1.3562E-03  6.5791E-03
  4.9480E-03  4.3436E-02  1.3746E-03  6.6688E-03
  5.0154E-03  4.3835E-02  1.3934E-03  6.7596E-03
  5.0837E-03  4.4235E-02  1.4123E-03  6.8517E-03
  5.1529E-03  4.4636E-02  1.4316E-03  6.9449E-03
  5.2230E-03  4.5039E-02  1.4510E-03  7.0393E-03
  5.2939E-03  4.5442E-02  1.4707E-03  7.1350E-03
  5.3658E-03  4.5846E-02  1.4907E-03  7.2319E-03
  5.4386E-03  4.6250E-02  1.5109E-03  7.3300E-03
  5.5124E-03  4.6655E-02  1.5314E-03  7.4294E-03
  5.5871E-03  4.7061E-02  1.5522E-03  7.5301E-03
  5.6628E-03  4.7467E-02  1.5732E-03  7.6321E-03
  5.7394E-03  4.7874E-02  1.5945E-03  7.7354E-03
  5.8171E-03  4.8281E-02  1.6161E-03  7.8400E-03
  5.8957E-03  4.8688E-02  1.6379E-03  7.9460E-03
  5.9754E-03  4.9095E-02  1.6601E-03  8.0534E-03
  6.0560E-03  4.9502E-02  1.6825E-03  8.1621E-03
  6.1378E-03  4.9909E-02  1.7052E-03  8.2722E-03
  6.2206E-03  5.0316E-02  1.7282E-03  8.3838E-03
  6.3044E-03  5.0723E-02  1.7515E-03  8.4968E-03
  6.3893E-03  5.1129E-02  1.7751E-03  8.6113E-03
  6.4754E-03  5.1535E-02  1.7990E-03  8.7272E-03
  6.5625E-03  5.1940E-02  1.8232E-03  8.8447E-03
  6.6508E-03  5.2344E-02  1.8477E-03  8.9637E-03
  6.7402E-03  5.2747E-02  1.8725E-03  9.0841E-03
  6.8307E-03  5.3150E-02  1.8977E-03  9.2062E-03
  6.9225E-03  5.3551E-02  1.9232E-03  9.3298E-03
  7.0154E-03  5.3951E-02  1.9490E-03  9.4551E-03
  7.1095E-03  5.4350E-02  1.9751E-03  9.5819E-03
  7.2048E-03  5.4747E-02  2.0016E-03  9.7104E-03
  7.3014E-03  5.5142E-02  2.0285E-03  9.8405E-03
  7.3992E-03  5.5536E-02  2.0556E-03  9.9723E-03
  7.4983E-03  5.5928E-02  2.0832E-03  1.0106E-02
  7.5986E-03  5.6317E-02  2.1110E-03  1.0241E-02
  7.7003E-03  5.6705E-02  2.1393E-03  1.0378E-02
  7.8032E-03  5.7090E-02  2.1679E-03  1.0517E-02
  7.9075E-03  5.7472E-02  2.1969E-03  1.0657E-02
  8.0132E-03  5.7851E-02  2.2262E-03  1.0800E-02
  8.1202E-03  5.8228E-02  2.2559E-03  1.0944E-02
  8.2286E-03  5.8602E-02  2.2860E-03  1.1090E-02
  8.3383E-03  5.8972E-02  2.3165E-03  1.1238E-02
  8.4495E-03  5.9339E-02  2.3474E-03  1.1388E-02
  8.5622E-03  5.9702E-02  2.3787E-03  1.1540E-02
  8.6763E-03  6.0061E-02  2.4104E-03  1.1693E-02
  8.7918E-03  6.0416E-02  2.4425E-03  1.1849E-02
  8.9089E-03  6.0767E-02  2.4750E-03  1.2007E-02
  9.0274E-03  6.1114E-02  2.5080E-03  1.2167E-02
  9.1475E-03  6.1456E-02  2.5414E-03  1.2329E-02
  9.2692E-03  6.1793E-02  2.5752E-03  1.2493E-02
  9.3924E-03  6.2125E-02  2.6094E-03  1.2659E-02
  9.5172E-03  6.2451E-02  2.6441E-03  1.2827E-02
  9.6436E-03  6.2772E-02  2.6792E-03  1.2997E-02
  9.7717E-03  6.3088E-02  2.7148E-03  1.3170E-02
  9.9014E-03  6.3397E-02  2.7508E-03  1.3345E-02
  1.0033E-02  6.3700E-02  2.7873E-03  1.3522E-02
  1.0166E-02  6.3997E-02  2.8243E-03  1.3701E-02
  1.0301E-02  6.4287E-02  2.8617E-03  1.3883E-02
  1.0437E-02  6.4570E-02  2.8997E-03  1.4067E-02
  1.0576E-02  6.4846E-02  2.9381E-03  1.4253E-02
  1.0716E-02  6.5114E-02  2.9770E-03  1.4442E-02
  1.0858E-02  6.5375E-02  3.0164E-03  1.4633E-02
  1.1001E-02  6.5627E-02  3.0563E-03  1.4827E-02
  1.1147E-02  6.5871E-02  3.0968E-03  1.5023E-02
  1.1294E-02  6.6107E-02  3.1378E-03  1.5222E-02
  1.1444E-02  6.6334E-02  3.1793E-03  1.5423E-02
  1.1595E-02  6.6552E-02  3.2213E-03  1.5627E-02
  1.1748E-02  6.6760E-02  3.2639E-03  1.5833E-02
  1.1903E-02  6.6958E-02  3.3070E-03  1.6043E-02
  1.2061E-02  6.7147E-02  3.3507E-03  1.6254E-02
  1.2220E-02  6.7325E-02  3.3949E-03  1.6469E-02
  1.2381E-02  6.7492E-02  3.4398E-03  1.6687E-02
  1.2545E-02  6.7649E-02  3.4852E-03  1.6907E-02
  1.2710E-02  6.7794E-02  3.5311E-03  1.7130E-02
  1.2878E-02  6.7928E-02  3.5777E-03  1.7356E-02
  1.3048E-02  6.8049E-02  3.6249E-03  1.7585E-02
  1.3220E-02  6.8159E-02  3.6727E-03  1.7816E-02
  1.3394E-02  6.8255E-02  3.7211E-03  1.8051E-02
  1.3570E-02  6.8339E-02  3.7701E-03  1.8289E-02
  1.3749E-02  6.8410E-02  3.8198E-03  1.8530E-02
  1.3930E-02  6.8467E-02  3.8701E-03  1.8774E-02
  1.4114E-02  6.8510E-02  3.9211E-03  1.9021E-02
  1.4299E-02  6.8539E-02  3.9727E-03  1.9271E-02
  1.4488E-02  6.8553E-02  4.0249E-03  1.9525E-02
  1.4678E-02  6.8552E-02  4.0779E-03  1.9782E-02
  1.4871E-02  6.8535E-02  4.1315E-03  2.0042E-02
  1.5067E-02  6.8503E-02  4.1859E-03  2.0305E-02
  1.5265E-02  6.8455E-02  4.2409E-03  2.0572E-02
  1.5466E-02  6.8390E-02  4.2967E-03  2.0843E-02
  1.5669E-02  6.8308E-02  4.3531E-03  2.1117E-02
  1.5875E-02  6.8209E-02  4.4103E-03  2.1394E-02
  1.6083E-02  6.8093E-02  4.4682E-03  2.1675E-02
  1.6294E-02  6.7958E-02  4.5269E-03  2.1960E-02
  1.6508E-02  6.7805E-02  4.5864E-03  2.2248E-02
  1.6725E-02  6.7633E-02  4.6466E-03  2.2540E-02
  1.6944E-02  6.7442E-02  4.7076E-03  2.2836E-02
  1.7167E-02  6.7232E-02  4.7693E-03  2.3135E-02
  1.7392E-02  6.7001E-02  4.8319E-03  2.3439E-02
  1.7620E-02  6.6751E-02  4.8953E-03  2.3746E-02
  1.7851E-02  6.6479E-02  4.9595E-03  2.4057E-02
  1.8085E-02  6.6187E-02  5.0245E-03  2.4373E-02
  1.8322E-02  6.5873E-02  5.0904E-03  2.4692E-02
  1.8562E-02  6.5537E-02  5.1571E-03  2.5016E-02
  1.8806E-02  6.5178E-02  5.2246E-03  2.5344E-02
  1.9052E-02  6.4798E-02  5.2931E-03  2.5675E-02
  1.9302E-02  6.4394E-02  5.3624E-03  2.6012E-02
  1.9554E-02  6.3967E-02  5.4327E-03  2.6352E-02
  1.9810E-02  6.3516E-02  5.5038E-03  2.6697E-02
  2.0070E-02  6.3040E-02  5.5759E-03  2.7047E-02
  2.0332E-02  6.2541E-02  5.6488E-03  2.7401E-02
  2.0598E-02  6.2016E-02  5.7228E-03  2.7759E-02
  2.0868E-02  6.1466E-02  5.7976E-03  2.8122E-02
  2.1141E-02  6.0891E-02  5.8735E-03  2.8490E-02
  2.1418E-02  6.0289E-02  5.9503E-03  2.8863E-02
  2.1698E-02  5.9662E-02  6.0281E-03  2.9240E-02
  2.1981E-02  5.9007E-02  6.1070E-03  2.9622E-02
  2.2269E-02  5.8326E-02  6.1868E-03  3.0009E-02
  2.2560E-02  5.7617E-02  6.2677E-03  3.0402E-02
  2.2855E-02  5.6880E-02  6.3496E-03  3.0799E-02
  2.3153E-02  5.6116E-02  6.4326E-03  3.1201E-02
  2.3456E-02  5.5323E-02  6.5166E-03  3.1609E-02
  2.3762E-02  5.4502E-02  6.6018E-03  3.2021E-02
  2.4073E-02  5.3652E-02  6.6880E-03  3.2440E-02
  2.4387E-02  5.2773E-02  6.7754E-03  3.2863E-02
  2.4705E-02  5.1864E-02  6.8639E-03  3.3292E-02
  2.5028E-02  5.0926E-02  6.9535E-03  3.3727E-02
  2.5355E-02  4.9957E-02  7.0443E-03  3.4167E-02
  2.5686E-02  4.8959E-02  7.1362E-03  3.4613E-02
  2.6021E-02  4.7930E-02  7.2293E-03  3.5064E-02
  2.6360E-02  4.6871E-02  7.3237E-03  3.5521E-02
  2.6704E-02  4.5781E-02  7.4192E-03  3.5985E-02
  2.7053E-02  4.4661E-02  7.5160E-03  3.6454E-02
  2.7405E-02  4.3509E-02  7.6141E-03  3.6929E-02
  2.7763E-02  4.2326E-02  7.7134E-03  3.7411E-02
  2.8125E-02  4.1111E-02  7.8140E-03  3.7898E-02
  2.8492E-02  3.9866E-02  7.9159E-03  3.8392E-02
  2.8863E-02  3.8589E-02  8.0191E-03  3.8893E-02
  2.9239E-02  3.7280E-02  8.1236E-03  3.9399E-02
  2.9620E-02  3.5940E-02  8.2295E-03  3.9913E-02
  3.0006E-02  3.4568E-02  8.3368E-03  4.0433E-02
  3.0397E-02  3.3165E-02  8.4454E-03  4.0959E-02
  3.0793E-02  3.1730E-02  8.5555E-03  4.1493E-02
  3.1195E-02  3.0264E-02  8.6670E-03  4.2033E-02
  3.1601E-02  2.8766E-02  8.7799E-03  4.2580E-02
  3.2013E-02  2.7237E-02  8.8943E-03  4.3135E-02
  3.2429E-02  2.5677E-02  9.0101E-03  4.3696E-02
  3.2852E-02  2.4087E-02  9.1275E-03  4.4265E-02
  3.3279E-02  2.2465E-02  9.2463E-03  4.4841E-02
  3.3713E-02  2.0813E-02  9.3667E-03  4.5424E-02
  3.4152E-02  1.9131E-02  9.4887E-03  4.6015E-02
  3.4596E-02  1.7419E-02  9.6122E-03  4.6614E-02
  3.5046E-02  1.5677E-02  9.7373E-03  4.7220E-02
  3.5502E-02  1.3906E-02  9.8641E-03  4.7834E-02
  3.5964E-02  1.2107E-02  9.9924E-03  4.8456E-02
  3.6432E-02  1.0278E-02  1.0122E-02  4.9086E-02
  3.6906E-02  8.4224E-03  1.0254E-02  4.9724E-02
  3.7386E-02  6.5390E-03  1.0388E-02  5.0371E-02
  3.7873E-02  4.6288E-03  1.0523E-02  5.1025E-02
  3.8365E-02  2.6923E-03  1.0660E-02  5.1689E-02
  3.8864E-02  7.3022E-04  1.0798E-02  5.2360E-02
  3.9370E-02 -1.2568E-03  1.0939E-02  5.3041E-02
  3.9882E-02 -3.2680E-03  1.1081E-02  5.3730E-02
  4.0400E-02 -5.3027E-03  1.1225E-02  5.4428E-02
  4.0925E-02 -7.3600E-03  1.1371E-02  5.5135E-02
  4.1457E-02 -9.4391E-03  1.1519E-02  5.5851E-02
  4.1996E-02 -1.1539E-02  1.1669E-02  5.6576E-02
  4.2542E-02 -1.3659E-02  1.1820E-02  5.7311E-02
  4.3095E-02 -1.5798E-02  1.1974E-02  5.8055E-02
  4.3655E-02 -1.7955E-02  1.2130E-02  5.8809E-02
  4.4222E-02 -2.0129E-02  1.2287E-02  5.9572E-02
  4.4797E-02 -2.2318E-02  1.2447E-02  6.0345E-02
  4.5379E-02 -2.4522E-02  1.2609E-02  6.1129E-02
  4.5968E-02 -2.6739E-02  1.2773E-02  6.1922E-02
  4.6565E-02 -2.8968E-02  1.2939E-02  6.2725E-02
  4.7170E-02 -3.1208E-02  1.3107E-02  6.3539E-02
  4.7783E-02 -3.3457E-02  1.3277E-02  6.4363E-02
  4.8403E-02 -3.5714E-02  1.3450E-02  6.5198E-02
  4.9032E-02 -3.7977E-02  1.3624E-02  6.6044E-02
  4.9669E-02 -4.0245E-02  1.3801E-02  6.6900E-02
  5.0314E-02 -4.2516E-02  1.3980E-02  6.7768E-02
  5.0967E-02 -4.4788E-02  1.4162E-02  6.8647E-02
  5.1628E-02 -4.7061E-02  1.4346E-02  6.9537E-02
  5.2299E-02 -4.9331E-02  1.4532E-02  7.0438E-02
  5.2978E-02 -5.1597E-02  1.4721E-02  7.1351E-02
  5.3665E-02 -5.3858E-02  1.4912E-02  7.2276E-02
  5.4362E-02 -5.6112E-02  1.5106E-02  7.3213E-02
  5.5067E-02 -5.8355E-02  1.5302E-02  7.4161E-02
  5.5782E-02 -6.0587E-02  1.5501E-02  7.5122E-02
  5.6506E-02 -6.2806E-02  1.5702E-02  7.6095E-02
  5.7239E-02 -6.5009E-02  1.5906E-02  7.7081E-02
  5.7982E-02 -6.7193E-02  1.6112E-02  7.8080E-02
  5.8734E-02 -6.9358E-02  1.6321E-02  7.9091E-02
  5.9496E-02 -7.1500E-02  1.6533E-02  8.0115E-02
  6.0268E-02 -7.3618E-02  1.6748E-02  8.1152E-02
  6.1049E-02 -7.5708E-02  1.6965E-02  8.2203E-02
  6.1841E-02 -7.7768E-02  1.7185E-02  8.3267E-02
  6.2643E-02 -7.9797E-02  1.7408E-02  8.4345E-02
  6.3456E-02 -8.1791E-02  1.7634E-02  8.5437E-02
  6.4279E-02 -8.3749E-02  1.7863E-02  8.6543E-02
  6.5112E-02 -8.5666E-02  1.8095E-02  8.7663E-02
  6.5957E-02 -8.7542E-02  1.8329E-02  8.8797E-02
  6.6812E-02 -8.9373E-02  1.8567E-02  8.9946E-02
  6.7678E-02 -9.1156E-02  1.8808E-02  9.1109E-02
  6.8556E-02 -9.2889E-02  1.9052E-02  9.2288E-02
  6.9444E-02 -9.4569E-02  1.9299E-02  9.3481E-02
  7.0345E-02 -9.6194E-02  1.9550E-02  9.4690E-02
  7.1256E-02 -9.7760E-02  1.9803E-02  9.5914E-02
  7.2180E-02 -9.9266E-02  2.0060E-02  9.7154E-02
  7.3116E-02 -1.0071E-01  2.0320E-02  9.8410E-02
  7.4063E-02 -1.0208E-01  2.0584E-02  9.9682E-02
  7.5023E-02 -1.0339E-01  2.0851E-02  1.0097E-01
  7.5996E-02 -1.0462E-01  2.1121E-02  1.0228E-01
  7.6981E-02 -1.0578E-01  2.1395E-02  1.0360E-01
  7.7978E-02 -1.0686E-01  2.1673E-02  1.0494E-01
  7.8989E-02 -1.0786E-01  2.1954E-02  1.0629E-01
  8.0012E-02 -1.0877E-01  2.2239E-02  1.0766E-01
  8.1049E-02 -1.0960E-01  2.2527E-02  1.0905E-01
  8.2099E-02 -1.1034E-01  2.2819E-02  1.1046E-01
  8.3163E-02 -1.1099E-01  2.3115E-02  1.1189E-01
  8.4240E-02 -1.1155E-01  2.3415E-02  1.1333E-01
  8.5331E-02 -1.1200E-01  2.3719E-02  1.1480E-01
  8.6437E-02 -1.1236E-01  2.4026E-02  1.1628E-01
  8.7556E-02 -1.1262E-01  2.4338E-02  1.1778E-01
  8.8691E-02 -1.1277E-01  2.4653E-02  1.1930E-01
  8.9839E-02 -1.1282E-01  2.4973E-02  1.2084E-01
  9.1003E-02 -1.1275E-01  2.5297E-02  1.2239E-01
  9.2182E-02 -1.1258E-01  2.5625E-02  1.2397E-01
  9.3376E-02 -1.1229E-01  2.5957E-02  1.2557E-01
  9.4585E-02 -1.1188E-01  2.6294E-02  1.2719E-01
  9.5810E-02 -1.1136E-01  2.6635E-02  1.2883E-01
  9.7051E-02 -1.1072E-01  2.6980E-02  1.3049E-01
  9.8307E-02 -1.0995E-01  2.7330E-02  1.3217E-01
  9.9580E-02 -1.0906E-01  2.7684E-02  1.3388E-01
  1.0087E-01 -1.0805E-01  2.8043E-02  1.3560E-01
  1.0218E-01 -1.0691E-01  2.8407E-02  1.3735E-01
  1.0350E-01 -1.0565E-01  2.8775E-02  1.3912E-01
  1.0484E-01 -1.0425E-01  2.9149E-02  1.4091E-01
  1.0620E-01 -1.0272E-01  2.9527E-02  1.4272E-01
  1.0757E-01 -1.0107E-01  2.9909E-02  1.4456E-01
  1.0896E-01 -9.9280E-02  3.0297E-02  1.4642E-01
  1.1037E-01 -9.7360E-02  3.0690E-02  1.4830E-01
  1.1180E-01 -9.5307E-02  3.1088E-02  1.5021E-01
  1.1325E-01 -9.3121E-02  3.1491E-02  1.5214E-01
  1.1472E-01 -9.0802E-02  3.1900E-02  1.5410E-01
  1.1620E-01 -8.8350E-02  3.2313E-02  1.5608E-01
  1.1771E-01 -8.5765E-02  3.2732E-02  1.5808E-01
  1.1923E-01 -8.3048E-02  3.3157E-02  1.6012E-01
  1.2077E-01 -8.0200E-02  3.3587E-02  1.6217E-01
  1.2233E-01 -7.7222E-02  3.4023E-02  1.6426E-01
  1.2392E-01 -7.4114E-02  3.4464E-02  1.6637E-01
  1.2552E-01 -7.0878E-02  3.4911E-02  1.6850E-01
  1.2715E-01 -6.7516E-02  3.5364E-02  1.7066E-01
  1.2879E-01 -6.4029E-02  3.5822E-02  1.7285E-01
  1.3046E-01 -6.0419E-02  3.6287E-02  1.7507E-01
  1.3215E-01 -5.6689E-02  3.6758E-02  1.7732E-01
  1.3386E-01 -5.2842E-02  3.7235E-02  1.7959E-01
  1.3559E-01 -4.8879E-02  3.7718E-02  1.8189E-01
  1.3734E-01 -4.4805E-02  3.8207E-02  1.8422E-01
  1.3912E-01 -4.0621E-02  3.8703E-02  1.8658E-01
  1.4092E-01 -3.6333E-02  3.9205E-02  1.8897E-01
  1.4274E-01 -3.1943E-02  3.9713E-02  1.9139E-01
  1.4459E-01 -2.7456E-02  4.0229E-02  1.9384E-01
  1.4646E-01 -2.2875E-02  4.0751E-02  1.9633E-01
  1.4836E-01 -1.8206E-02  4.1280E-02  1.9884E-01
  1.5027E-01 -1.3453E-02  4.1815E-02  2.0138E-01
  1.5222E-01 -8.6213E-03  4.2358E-02  2.0395E-01
  1.5419E-01 -3.7162E-03  4.2908E-02  2.0656E-01
  1.5618E-01  1.2568E-03  4.3465E-02  2.0920E-01
  1.5820E-01  6.2919E-03  4.4029E-02  2.1187E-01
  1.6025E-01  1.1383E-02  4.4600E-02  2.1458E-01
  1.6232E-01  1.6524E-02  4.5179E-02  2.1732E-01
  1.6442E-01  2.1708E-02  4.5766E-02  2.2009E-01
  1.6655E-01  2.6929E-02  4.6360E-02  2.2290E-01
  1.6870E-01  3.2179E-02  4.6962E-02  2.2574E-01
  1.7088E-01  3.7451E-02  4.7572E-02  2.2861E-01
  1.7309E-01  4.2738E-02  4.8190E-02  2.3153E-01
  1.7533E-01  4.8032E-02  4.8816E-02  2.3447E-01
  1.7760E-01  5.3326E-02  4.9450E-02  2.3746E-01
  1.7990E-01  5.8611E-02  5.0092E-02  2.4048E-01
  1.8222E-01  6.3880E-02  5.0743E-02  2.4354E-01
  1.8458E-01  6.9123E-02  5.1403E-02  2.4663E-01
  1.8697E-01  7.4332E-02  5.2071E-02  2.4976E-01
  1.8939E-01  7.9500E-02  5.2747E-02  2.5294E-01
  1.9183E-01  8.4616E-02  5.3433E-02  2.5614E-01
  1.9432E-01  8.9671E-02  5.4127E-02  2.5939E-01
  1.9683E-01  9.4658E-02  5.4831E-02  2.6268E-01
  1.9937E-01  9.9567E-02  5.5544E-02  2.6601E-01
  2.0195E-01  1.0439E-01  5.6266E-02  2.6938E-01
  2.0456E-01  1.0911E-01  5.6998E-02  2.7279E-01
  2.0721E-01  1.1373E-01  5.7739E-02  2.7624E-01
  2.0989E-01  1.1823E-01  5.8490E-02  2.7973E-01
  2.1260E-01  1.2261E-01  5.9251E-02  2.8326E-01
  2.1535E-01  1.2685E-01  6.0022E-02  2.8684E-01
  2.1813E-01  1.3095E-01  6.0803E-02  2.9046E-01
  2.2095E-01  1.3490E-01  6.1595E-02  2.9412E-01
  2.2381E-01  1.3869E-01  6.2397E-02  2.9783E-01
  2.2671E-01  1.4230E-01  6.3209E-02  3.0158E-01
  2.2964E-01  1.4573E-01  6.4032E-02  3.0537E-01
  2.3260E-01  1.4898E-01  6.4866E-02  3.0921E-01
  2.3561E-01  1.5202E-01  6.5711E-02  3.1310E-01
  2.3866E-01  1.5486E-01  6.6567E-02  3.1703E-01
  2.4174E-01  1.5749E-01  6.7435E-02  3.2100E-01
  2.4487E-01  1.5989E-01  6.8314E-02  3.2502E-01
  2.4803E-01  1.6206E-01  6.9204E-02  3.2909E-01
  2.5124E-01  1.6399E-01  7.0106E-02  3.3321E-01
  2.5449E-01  1.6567E-01  7.1021E-02  3.3738E-01
  2.5778E-01  1.6710E-01  7.1947E-02  3.4159E-01
  2.6111E-01  1.6827E-01  7.2886E-02  3.4585E-01
  2.6449E-01  1.6917E-01  7.3837E-02  3.5016E-01
  2.6790E-01  1.6980E-01  7.4800E-02  3.5452E-01
  2.7137E-01  1.7015E-01  7.5777E-02  3.5893E-01
  2.7488E-01  1.7022E-01  7.6766E-02  3.6339E-01
  2.7843E-01  1.7000E-01  7.7769E-02  3.6790E-01
  2.8203E-01  1.6948E-01  7.8785E-02  3.7246E-01
  2.8567E-01  1.6867E-01  7.9814E-02  3.7708E-01
  2.8937E-01  1.6755E-01  8.0858E-02  3.8174E-01
  2.9311E-01  1.6613E-01  8.1915E-02  3.8646E-01
  2.9689E-01  1.6441E-01  8.2986E-02  3.9123E-01
  3.0073E-01  1.6237E-01  8.4072E-02  3.9605E-01
  3.0462E-01  1.6003E-01  8.5172E-02  4.0092E-01
  3.0856E-01  1.5738E-01  8.6286E-02  4.0585E-01
  3.1254E-01  1.5441E-01  8.7416E-02  4.1083E-01
  3.1658E-01  1.5114E-01  8.8561E-02  4.1587E-01
  3.2067E-01  1.4755E-01  8.9721E-02  4.2096E-01
  3.2482E-01  1.4366E-01  9.0897E-02  4.2610E-01
  3.2902E-01  1.3946E-01  9.2088E-02  4.3130E-01
  3.3327E-01  1.3496E-01  9.3296E-02  4.3656E-01
  3.3758E-01  1.3015E-01  9.4520E-02  4.4186E-01
  3.4194E-01  1.2506E-01  9.5760E-02  4.4723E-01
  3.4636E-01  1.1967E-01  9.7017E-02  4.5265E-01
  3.5083E-01  1.1399E-01  9.8291E-02  4.5813E-01
  3.5537E-01  1.0804E-01  9.9582E-02  4.6366E-01
  3.5996E-01  1.0181E-01  1.0089E-01  4.6925E-01
  3.6461E-01  9.5322E-02  1.0222E-01  4.7489E-01
  3.6932E-01  8.8572E-02  1.0356E-01  4.8059E-01
  3.7410E-01  8.1574E-02  1.0492E-01  4.8635E-01
  3.7893E-01  7.4336E-02  1.0631E-01  4.9217E-01
  3.8383E-01  6.6868E-02  1.0770E-01  4.9804E-01
  3.8879E-01  5.9181E-02  1.0912E-01  5.0397E-01
  3.9381E-01  5.1285E-02  1.1056E-01  5.0995E-01
  3.9890E-01  4.3193E-02  1.1202E-01  5.1599E-01
  4.0405E-01  3.4917E-02  1.1350E-01  5.2209E-01
  4.0928E-01  2.6469E-02  1.1499E-01  5.2824E-01
  4.1456E-01  1.7863E-02  1.1651E-01  5.3445E-01
  4.1992E-01  9.1133E-03  1.1805E-01  5.4072E-01
  4.2535E-01  2.3347E-04  1.1961E-01  5.4704E-01
  4.3084E-01 -8.7613E-03  1.2119E-01  5.5342E-01
  4.3641E-01 -1.7856E-02  1.2280E-01  5.5985E-01
  4.4205E-01 -2.7034E-02  1.2442E-01  5.6634E-01
  4.4776E-01 -3.6280E-02  1.2607E-01  5.7288E-01
  4.5355E-01 -4.5577E-02  1.2774E-01  5.7947E-01
  4.5941E-01 -5.4908E-02  1.2943E-01  5.8612E-01
  4.6534E-01 -6.4256E-02  1.3115E-01  5.9283E-01
  4.7136E-01 -7.3604E-02  1.3289E-01  5.9958E-01
  4.7745E-01 -8.2934E-02  1.3466E-01  6.0639E-01
  4.8361E-01 -9.2228E-02  1.3645E-01  6.1324E-01
  4.8986E-01 -1.0147E-01  1.3826E-01  6.2015E-01
  4.9619E-01 -1.1064E-01  1.4010E-01  6.2711E-01
  5.0260E-01 -1.1971E-01  1.4197E-01  6.3411E-01
  5.0910E-01 -1.2868E-01  1.4386E-01  6.4117E-01
  5.1567E-01 -1.3752E-01  1.4577E-01  6.4827E-01
  5.2234E-01 -1.4622E-01  1.4772E-01  6.5541E-01
  5.2909E-01 -1.5475E-01  1.4969E-01  6.6260E-01
  5.3592E-01 -1.6310E-01  1.5169E-01  6.6983E-01
  5.4285E-01 -1.7125E-01  1.5372E-01  6.7710E-01
  5.4986E-01 -1.7918E-01  1.5577E-01  6.8442E-01
  5.5696E-01 -1.8688E-01  1.5786E-01  6.9177E-01
  5.6416E-01 -1.9432E-01  1.5997E-01  6.9916E-01
  5.7145E-01 -2.0150E-01  1.6212E-01  7.0658E-01
  5.7883E-01 -2.0839E-01  1.6429E-01  7.1403E-01
  5.8631E-01 -2.1498E-01  1.6650E-01  7.2152E-01
  5.9388E-01 -2.2126E-01  1.6873E-01  7.2903E-01
  6.0155E-01 -2.2720E-01  1.7100E-01  7.3657E-01
  6.0933E-01 -2.3279E-01  1.7330E-01  7.4414E-01
  6.1720E-01 -2.3802E-01  1.7563E-01  7.5173E-01
  6.2517E-01 -2.4287E-01  1.7800E-01  7.5933E-01
  6.3325E-01 -2.4734E-01  1.8040E-01  7.6695E-01
  6.4143E-01 -2.5140E-01  1.8283E-01  7.7459E-01
  6.4971E-01 -2.5505E-01  1.8530E-01  7.8223E-01
  6.5811E-01 -2.5827E-01  1.8780E-01  7.8988E-01
  6.6661E-01 -2.6105E-01  1.9034E-01  7.9754E-01
  6.7522E-01 -2.6339E-01  1.9292E-01  8.0519E-01
  6.8394E-01 -2.6527E-01  1.9553E-01  8.1284E-01
  6.9278E-01 -2.6668E-01  1.9818E-01  8.2048E-01
  7.0173E-01 -2.6762E-01  2.0087E-01  8.2811E-01
  7.1079E-01 -2.6807E-01  2.0360E-01  8.3572E-01
  7.1998E-01 -2.6804E-01  2.0637E-01  8.4331E-01
  7.2928E-01 -2.6752E-01  2.0917E-01  8.5088E-01
  7.3870E-01 -2.6650E-01  2.1202E-01  8.5841E-01
  7.4824E-01 -2.6498E-01  2.1491E-01  8.6591E-01
  7.5791E-01 -2.6295E-01  2.1783E-01  8.7336E-01
  7.6770E-01 -2.6043E-01  2.2080E-01  8.8077E-01
  7.7761E-01 -2.5740E-01  2.2382E-01  8.8812E-01
  7.8766E-01 -2.5387E-01  2.2687E-01  8.9541E-01
  7.9783E-01 -2.4984E-01  2.2998E-01  9.0263E-01
  8.0814E-01 -2.4531E-01  2.3312E-01  9.0978E-01
  8.1858E-01 -2.4028E-01  2.3631E-01  9.1685E-01
  8.2915E-01 -2.3476E-01  2.3955E-01  9.2383E-01
  8.3986E-01 -2.2876E-01  2.4283E-01  9.3072E-01
  8.5071E-01 -2.2228E-01  2.4616E-01  9.3750E-01
  8.6170E-01 -2.1533E-01  2.4954E-01  9.4417E-01
  8.7283E-01 -2.0792E-01  2.5296E-01  9.5071E-01
  8.8411E-01 -2.0005E-01  2.5644E-01  9.5712E-01
  8.9553E-01 -1.9173E-01  2.5996E-01  9.6340E-01
  9.0709E-01 -1.8298E-01  2.6353E-01  9.6952E-01
  9.1881E-01 -1.7381E-01  2.6716E-01  9.7548E-01
  9.3068E-01 -1.6423E-01  2.7083E-01  9.8127E-01
  9.4270E-01 -1.5425E-01  2.7456E-01  9.8688E-01
  9.5488E-01 -1.4389E-01  2.7834E-01  9.9229E-01
  9.6721E-01 -1.3315E-01  2.8217E-01  9.9750E-01
  9.7970E-01 -1.2206E-01  2.8606E-01  1.0025E+00
  9.9236E-01 -1.1063E-01  2.8999E-01  1.0072E+00
  1.0052E+00 -9.8868E-02  2.9399E-01  1.0117E+00
  1.0182E+00 -8.6801E-02  2.9804E-01  1.0160E+00
  1.0313E+00 -7.4440E-02  3.0214E-01  1.0200E+00
  1.0446E+00 -6.1802E-02  3.0630E-01  1.0237E+00
  1.0581E+00 -4.8906E-02  3.1051E-01  1.0271E+00
  1.0718E+00 -3.5767E-02  3.1478E-01  1.0301E+00
  1.0856E+00 -2.2405E-02  3.1911E-01  1.0329E+00
  1.0997E+00 -8.8357E-03  3.2349E-01  1.0353E+00
  1.1139E+00  4.9218E-03  3.2793E-01  1.0373E+00
  1.1282E+00  1.8850E-02  3.3243E-01  1.0389E+00
  1.1428E+00  3.2930E-02  3.3698E-01  1.0401E+00
  1.1576E+00  4.7144E-02  3.4159E-01  1.0409E+00
  1.1725E+00  6.1473E-02  3.4626E-01  1.0413E+00
  1.1877E+00  7.5901E-02  3.5099E-01  1.0412E+00
  1.2030E+00  9.0407E-02  3.5577E-01  1.0406E+00
  1.2186E+00  1.0498E-01  3.6060E-01  1.0395E+00
  1.2343E+00  1.1959E-01  3.6550E-01  1.0379E+00
  1.2502E+00  1.3423E-01  3.7045E-01  1.0358E+00
  1.2664E+00  1.4887E-01  3.7545E-01  1.0331E+00
  1.2827E+00  1.6351E-01  3.8051E-01  1.0298E+00
  1.2993E+00  1.7812E-01  3.8562E-01  1.0259E+00
  1.3161E+00  1.9269E-01  3.9078E-01  1.0214E+00
  1.3331E+00  2.0720E-01  3.9599E-01  1.0162E+00
  1.3503E+00  2.2163E-01  4.0126E-01  1.0103E+00
  1.3678E+00  2.3598E-01  4.0657E-01  1.0038E+00
  1.3854E+00  2.5021E-01  4.1192E-01  9.9649E-01
  1.4033E+00  2.6433E-01  4.1733E-01  9.8847E-01
  1.4214E+00  2.7830E-01  4.2277E-01  9.7968E-01
  1.4398E+00  2.9213E-01  4.2825E-01  9.7011E-01
  1.4584E+00  3.0579E-01  4.3378E-01  9.5972E-01
  1.4772E+00  3.1928E-01  4.3933E-01  9.4851E-01
  1.4963E+00  3.3257E-01  4.4492E-01  9.3644E-01
  1.5156E+00  3.4566E-01  4.5054E-01  9.2351E-01
  1.5352E+00  3.5854E-01  4.5619E-01  9.0968E-01
  1.5550E+00  3.7118E-01  4.6185E-01  8.9496E-01
  1.5751E+00  3.8359E-01  4.6753E-01  8.7931E-01
  1.5955E+00  3.9575E-01  4.7323E-01  8.6272E-01
  1.6161E+00  4.0764E-01  4.7893E-01  8.4519E-01
  1.6369E+00  4.1927E-01  4.8464E-01  8.2670E-01
  1.6581E+00  4.3062E-01  4.9034E-01  8.0725E-01
  1.6795E+00  4.4169E-01  4.9604E-01  7.8683E-01
  1.7012E+00  4.5245E-01  5.0172E-01  7.6544E-01
  1.7232E+00  4.6291E-01  5.0737E-01  7.4308E-01
  1.7454E+00  4.7306E-01  5.1300E-01  7.1977E-01
  1.7680E+00  4.8290E-01  5.1859E-01  6.9551E-01
  1.7908E+00  4.9240E-01  5.2414E-01  6.7032E-01
  1.8139E+00  5.0158E-01  5.2963E-01  6.4423E-01
  1.8373E+00  5.1042E-01  5.3506E-01  6.1726E-01
  1.8611E+00  5.1892E-01  5.4041E-01  5.8945E-01
  1.8851E+00  5.2707E-01  5.4568E-01  5.6085E-01
  1.9095E+00  5.3488E-01  5.5086E-01  5.3151E-01
  1.9341E+00  5.4232E-01  5.5593E-01  5.0150E-01
  1.9591E+00  5.4941E-01  5.6088E-01  4.7089E-01
  1.9844E+00  5.5614E-01  5.6571E-01  4.3976E-01
  2.0100E+00  5.6251E-01  5.7039E-01  4.0823E-01
  2.0360E+00  5.6851E-01  5.7491E-01  3.7639E-01
  2.0623E+00  5.7415E-01  5.7927E-01  3.4439E-01
  2.0889E+00  5.7942E-01  5.8344E-01  3.1237E-01
  2.1159E+00  5.8432E-01  5.8742E-01  2.8049E-01
  2.1432E+00  5.8885E-01  5.9118E-01  2.4895E-01
  2.1709E+00  5.9301E-01  5.9471E-01  2.1794E-01
  2.1989E+00  5.9680E-01  5.9801E-01  1.8770E-01
  2.2273E+00  6.0022E-01  6.0104E-01  1.5849E-01
  2.2561E+00  6.0327E-01  6.0380E-01  1.3060E-01
  2.2852E+00  6.0596E-01  6.0628E-01  1.0433E-01
  2.3147E+00  6.0828E-01  6.0846E-01  8.0036E-02
  2.3446E+00  6.1024E-01  6.1033E-01  5.8101E-02
  2.3749E+00  6.1184E-01  6.1188E-01  3.8944E-02
  2.4056E+00  6.1308E-01  6.1309E-01  2.3026E-02
  2.4367E+00  6.1397E-01  6.1397E-01  1.0852E-02
  2.4681E+00  6.1450E-01  6.1450E-01  2.9709E-03
  2.5000E+00  6.1469E-01  6.1469E-01  0.0000E+00
  2.5323E+00  6.1453E-01  6.1453E-01  0.0000E+00
  2.5650E+00  6.1403E-01  6.1403E-01  0.0000E+00
  2.5981E+00  6.1319E-01  6.1319E-01  0.0000E+00
  2.6317E+00  6.1203E-01  6.1203E-01  0.0000E+00
  2.6657E+00  6.1053E-01  6.1053E-01  0.0000E+00
  2.7001E+00  6.0872E-01  6.0872E-01  0.0000E+00
  2.7350E+00  6.0659E-01  6.0659E-01  0.0000E+00
  2.7703E+00  6.0415E-01  6.0415E-01  0.0000E+00
  2.8060E+00  6.0141E-01  6.0141E-01  0.0000E+00
  2.8423E+00  5.9837E-01  5.9837E-01  0.0000E+00
  2.8790E+00  5.9503E-01  5.9503E-01  0.0000E+00
  2.9162E+00  5.9142E-01  5.9142E-01  0.0000E+00
  2.9538E+00  5.8752E-01  5.8752E-01  0.0000E+00
  2.9920E+00  5.8336E-01  5.8336E-01  0.0000E+00
  3.0306E+00  5.7893E-01  5.7893E-01  0.0000E+00
  3.0698E+00  5.7424E-01  5.7424E-01  0.0000E+00
  3.1094E+00  5.6931E-01  5.6931E-01  0.0000E+00
  3.1496E+00  5.6414E-01  5.6414E-01  0.0000E+00
  3.1902E+00  5.5873E-01  5.5873E-01  0.0000E+00
  3.2314E+00  5.5310E-01  5.5310E-01  0.0000E+00
  3.2732E+00  5.4725E-01  5.4725E-01  0.0000E+00
  3.3154E+00  5.4119E-01  5.4119E-01  0.0000E+00
  3.3582E+00  5.3494E-01  5.3494E-01  0.0000E+00
  3.4016E+00  5.2849E-01  5.2849E-01  0.0000E+00
  3.4455E+00  5.2186E-01  5.2186E-01  0.0000E+00
  3.4900E+00  5.1506E-01  5.1506E-01  0.0000E+00
  3.5351E+00  5.0810E-01  5.0810E-01  0.0000E+00
  3.5808E+00  5.0097E-01  5.0097E-01  0.0000E+00
  3.6270E+00  4.9371E-01  4.9371E-01  0.0000E+00
  3.6739E+00  4.8630E-01  4.8630E-01  0.0000E+00
  3.7213E+00  4.7877E-01  4.7877E-01  0.0000E+00
  3.7694E+00  4.7111E-01  4.7111E-01  0.0000E+00
  3.8180E+00  4.6335E-01  4.6335E-01  0.0000E+00
  3.8673E+00  4.5548E-01  4.5548E-01  0.0000E+00
  3.9173E+00  4.4752E-01  4.4752E-01  0.0000E+00
  3.9679E+00  4.3948E-01  4.3948E-01  0.0000E+00
  4.0191E+00  4.3136E-01  4.3136E-01  0.0000E+00
  4.0710E+00  4.2318E-01  4.2318E-01  0.0000E+00
  4.1236E+00  4.1494E-01  4.1494E-01  0.0000E+00
  4.1768E+00  4.0665E-01  4.0665E-01  0.0000E+00
  4.2308E+00  3.9832E-01  3.9832E-01  0.0000E+00
  4.2854E+00  3.8996E-01  3.8996E-01  0.0000E+00
  4.3408E+00  3.8158E-01  3.8158E-01  0.0000E+00
  4.3968E+00  3.7318E-01  3.7318E-01  0.0000E+00
  4.4536E+00  3.6477E-01  3.6477E-01  0.0000E+00
  4.5111E+00  3.5636E-01  3.5636E-01  0.0000E+00
  4.5694E+00  3.4796E-01  3.4796E-01  0.0000E+00
  4.6284E+00  3.3958E-01  3.3958E-01  0.0000E+00
  4.6881E+00  3.3122E-01  3.3122E-01  0.0000E+00
  4.7487E+00  3.2289E-01  3.2289E-01  0.0000E+00
