 # l=           2 basis function with energy   -0.54708985689616452     
  0.0000E+00  0.0000E+00  0.0000E+00  0.0000E+00
  3.5252E-06 -4.4899E-13  3.6455E-17 -1.8291E-16
  7.0958E-06 -2.8157E-12  2.9733E-16 -1.4918E-15
  1.0713E-05 -8.3024E-12  1.0231E-15 -5.1333E-15
  1.4376E-05 -1.7974E-11  2.4726E-15 -1.2406E-14
  1.8087E-05 -3.2851E-11  4.9240E-15 -2.4706E-14
  2.1846E-05 -5.3948E-11  8.6759E-15 -4.3532E-14
  2.5653E-05 -8.2287E-11  1.4049E-14 -7.0489E-14
  2.9509E-05 -1.1891E-10  2.1384E-14 -1.0730E-13
  3.3415E-05 -1.6488E-10  3.1050E-14 -1.5580E-13
  3.7372E-05 -2.2130E-10  4.3438E-14 -2.1795E-13
  4.1380E-05 -2.8932E-10  5.8965E-14 -2.9586E-13
  4.5439E-05 -3.7011E-10  7.8077E-14 -3.9175E-13
  4.9551E-05 -4.6491E-10  1.0125E-13 -5.0802E-13
  5.3716E-05 -5.7499E-10  1.2899E-13 -6.4719E-13
  5.7935E-05 -7.0169E-10  1.6183E-13 -8.1197E-13
  6.2208E-05 -8.4640E-10  2.0034E-13 -1.0052E-12
  6.6537E-05 -1.0106E-09  2.4514E-13 -1.2300E-12
  7.0921E-05 -1.1957E-09  2.9686E-13 -1.4895E-12
  7.5362E-05 -1.4034E-09  3.5619E-13 -1.7872E-12
  7.9860E-05 -1.6353E-09  4.2386E-13 -2.1267E-12
  8.4417E-05 -1.8931E-09  5.0062E-13 -2.5119E-12
  8.9032E-05 -2.1786E-09  5.8731E-13 -2.9468E-12
  9.3707E-05 -2.4938E-09  6.8476E-13 -3.4358E-12
  9.8442E-05 -2.8406E-09  7.9390E-13 -3.9834E-12
  1.0324E-04 -3.2209E-09  9.1569E-13 -4.5945E-12
  1.0810E-04 -3.6371E-09  1.0511E-12 -5.2741E-12
  1.1302E-04 -4.0913E-09  1.2013E-12 -6.0277E-12
  1.1800E-04 -4.5860E-09  1.3674E-12 -6.8610E-12
  1.2305E-04 -5.1234E-09  1.5505E-12 -7.7799E-12
  1.2817E-04 -5.7062E-09  1.7520E-12 -8.7907E-12
  1.3335E-04 -6.3372E-09  1.9732E-12 -9.9003E-12
  1.3859E-04 -7.0189E-09  2.2154E-12 -1.1116E-11
  1.4391E-04 -7.7545E-09  2.4801E-12 -1.2444E-11
  1.4929E-04 -8.5470E-09  2.7690E-12 -1.3894E-11
  1.5474E-04 -9.3994E-09  3.0836E-12 -1.5472E-11
  1.6027E-04 -1.0315E-08  3.4258E-12 -1.7189E-11
  1.6586E-04 -1.1298E-08  3.7972E-12 -1.9053E-11
  1.7153E-04 -1.2351E-08  4.1999E-12 -2.1073E-11
  1.7727E-04 -1.3478E-08  4.6358E-12 -2.3260E-11
  1.8308E-04 -1.4684E-08  5.1071E-12 -2.5625E-11
  1.8897E-04 -1.5972E-08  5.6159E-12 -2.8178E-11
  1.9494E-04 -1.7346E-08  6.1647E-12 -3.0932E-11
  2.0098E-04 -1.8812E-08  6.7559E-12 -3.3898E-11
  2.0710E-04 -2.0373E-08  7.3921E-12 -3.7090E-11
  2.1330E-04 -2.2036E-08  8.0761E-12 -4.0522E-11
  2.1958E-04 -2.3803E-08  8.8105E-12 -4.4207E-11
  2.2594E-04 -2.5682E-08  9.5986E-12 -4.8161E-11
  2.3238E-04 -2.7678E-08  1.0443E-11 -5.2400E-11
  2.3891E-04 -2.9796E-08  1.1348E-11 -5.6939E-11
  2.4552E-04 -3.2043E-08  1.2316E-11 -6.1798E-11
  2.5221E-04 -3.4425E-08  1.3352E-11 -6.6993E-11
  2.5900E-04 -3.6947E-08  1.4458E-11 -7.2543E-11
  2.6587E-04 -3.9618E-08  1.5639E-11 -7.8470E-11
  2.7282E-04 -4.2445E-08  1.6900E-11 -8.4794E-11
  2.7987E-04 -4.5434E-08  1.8244E-11 -9.1537E-11
  2.8701E-04 -4.8593E-08  1.9676E-11 -9.8722E-11
  2.9424E-04 -5.1932E-08  2.1201E-11 -1.0637E-10
  3.0157E-04 -5.5457E-08  2.2824E-11 -1.1452E-10
  3.0899E-04 -5.9178E-08  2.4550E-11 -1.2318E-10
  3.1650E-04 -6.3104E-08  2.6385E-11 -1.3239E-10
  3.2412E-04 -6.7244E-08  2.8335E-11 -1.4217E-10
  3.3183E-04 -7.1609E-08  3.0406E-11 -1.5256E-10
  3.3964E-04 -7.6209E-08  3.2604E-11 -1.6359E-10
  3.4755E-04 -8.1054E-08  3.4935E-11 -1.7529E-10
  3.5556E-04 -8.6155E-08  3.7408E-11 -1.8769E-10
  3.6368E-04 -9.1525E-08  4.0029E-11 -2.0084E-10
  3.7190E-04 -9.7176E-08  4.2805E-11 -2.1478E-10
  3.8023E-04 -1.0312E-07  4.5745E-11 -2.2953E-10
  3.8866E-04 -1.0937E-07  4.8858E-11 -2.4515E-10
  3.9720E-04 -1.1594E-07  5.2151E-11 -2.6167E-10
  4.0586E-04 -1.2285E-07  5.5635E-11 -2.7915E-10
  4.1462E-04 -1.3010E-07  5.9318E-11 -2.9763E-10
  4.2350E-04 -1.3772E-07  6.3212E-11 -3.1717E-10
  4.3250E-04 -1.4572E-07  6.7325E-11 -3.3780E-10
  4.4161E-04 -1.5412E-07  7.1670E-11 -3.5960E-10
  4.5084E-04 -1.6293E-07  7.6257E-11 -3.8262E-10
  4.6018E-04 -1.7218E-07  8.1099E-11 -4.0691E-10
  4.6965E-04 -1.8188E-07  8.6208E-11 -4.3255E-10
  4.7924E-04 -1.9205E-07  9.1597E-11 -4.5959E-10
  4.8895E-04 -2.0271E-07  9.7281E-11 -4.8811E-10
  4.9879E-04 -2.1389E-07  1.0327E-10 -5.1817E-10
  5.0876E-04 -2.2561E-07  1.0959E-10 -5.4986E-10
  5.1885E-04 -2.3788E-07  1.1624E-10 -5.8324E-10
  5.2908E-04 -2.5074E-07  1.2325E-10 -6.1841E-10
  5.3944E-04 -2.6421E-07  1.3063E-10 -6.5544E-10
  5.4993E-04 -2.7831E-07  1.3840E-10 -6.9443E-10
  5.6055E-04 -2.9308E-07  1.4658E-10 -7.3547E-10
  5.7132E-04 -3.0853E-07  1.5519E-10 -7.7865E-10
  5.8222E-04 -3.2470E-07  1.6424E-10 -8.2409E-10
  5.9326E-04 -3.4163E-07  1.7377E-10 -8.7188E-10
  6.0445E-04 -3.5933E-07  1.8378E-10 -9.2213E-10
  6.1578E-04 -3.7785E-07  1.9431E-10 -9.7497E-10
  6.2726E-04 -3.9722E-07  2.0538E-10 -1.0305E-09
  6.3888E-04 -4.1748E-07  2.1701E-10 -1.0889E-09
  6.5066E-04 -4.3866E-07  2.2923E-10 -1.1502E-09
  6.6258E-04 -4.6079E-07  2.4207E-10 -1.2146E-09
  6.7466E-04 -4.8393E-07  2.5556E-10 -1.2823E-09
  6.8690E-04 -5.0812E-07  2.6972E-10 -1.3533E-09
  6.9930E-04 -5.3338E-07  2.8458E-10 -1.4279E-09
  7.1185E-04 -5.5978E-07  3.0019E-10 -1.5062E-09
  7.2457E-04 -5.8736E-07  3.1657E-10 -1.5884E-09
  7.3745E-04 -6.1617E-07  3.3375E-10 -1.6746E-09
  7.5050E-04 -6.4625E-07  3.5178E-10 -1.7651E-09
  7.6372E-04 -6.7767E-07  3.7070E-10 -1.8600E-09
  7.7710E-04 -7.1047E-07  3.9054E-10 -1.9595E-09
  7.9066E-04 -7.4472E-07  4.1134E-10 -2.0639E-09
  8.0440E-04 -7.8047E-07  4.3315E-10 -2.1733E-09
  8.1831E-04 -8.1779E-07  4.5602E-10 -2.2881E-09
  8.3240E-04 -8.5673E-07  4.7998E-10 -2.4083E-09
  8.4668E-04 -8.9737E-07  5.0510E-10 -2.5344E-09
  8.6114E-04 -9.3977E-07  5.3142E-10 -2.6664E-09
  8.7578E-04 -9.8402E-07  5.5900E-10 -2.8048E-09
  8.9061E-04 -1.0302E-06  5.8789E-10 -2.9497E-09
  9.0564E-04 -1.0783E-06  6.1815E-10 -3.1016E-09
  9.2086E-04 -1.1285E-06  6.4984E-10 -3.2606E-09
  9.3628E-04 -1.1809E-06  6.8303E-10 -3.4271E-09
  9.5189E-04 -1.2355E-06  7.1777E-10 -3.6014E-09
  9.6771E-04 -1.2925E-06  7.5415E-10 -3.7840E-09
  9.8373E-04 -1.3518E-06  7.9223E-10 -3.9750E-09
  9.9996E-04 -1.4138E-06  8.3209E-10 -4.1750E-09
  1.0164E-03 -1.4783E-06  8.7380E-10 -4.3843E-09
  1.0330E-03 -1.5456E-06  9.1745E-10 -4.6033E-09
  1.0499E-03 -1.6157E-06  9.6313E-10 -4.8325E-09
  1.0670E-03 -1.6888E-06  1.0109E-09 -5.0722E-09
  1.0843E-03 -1.7649E-06  1.0609E-09 -5.3230E-09
  1.1018E-03 -1.8443E-06  1.1132E-09 -5.5854E-09
  1.1196E-03 -1.9270E-06  1.1679E-09 -5.8597E-09
  1.1376E-03 -2.0131E-06  1.2250E-09 -6.1466E-09
  1.1558E-03 -2.1029E-06  1.2848E-09 -6.4466E-09
  1.1742E-03 -2.1964E-06  1.3473E-09 -6.7603E-09
  1.1929E-03 -2.2938E-06  1.4127E-09 -7.0883E-09
  1.2118E-03 -2.3953E-06  1.4810E-09 -7.4311E-09
  1.2310E-03 -2.5010E-06  1.5524E-09 -7.7894E-09
  1.2504E-03 -2.6110E-06  1.6271E-09 -8.1639E-09
  1.2701E-03 -2.7257E-06  1.7051E-09 -8.5553E-09
  1.2900E-03 -2.8450E-06  1.7866E-09 -8.9644E-09
  1.3102E-03 -2.9693E-06  1.8718E-09 -9.3917E-09
  1.3307E-03 -3.0987E-06  1.9608E-09 -9.8383E-09
  1.3514E-03 -3.2335E-06  2.0538E-09 -1.0305E-08
  1.3723E-03 -3.3738E-06  2.1509E-09 -1.0792E-08
  1.3936E-03 -3.5198E-06  2.2523E-09 -1.1301E-08
  1.4151E-03 -3.6719E-06  2.3583E-09 -1.1833E-08
  1.4369E-03 -3.8301E-06  2.4690E-09 -1.2388E-08
  1.4590E-03 -3.9949E-06  2.5845E-09 -1.2968E-08
  1.4814E-03 -4.1663E-06  2.7052E-09 -1.3574E-08
  1.5040E-03 -4.3448E-06  2.8313E-09 -1.4206E-08
  1.5270E-03 -4.5305E-06  2.9628E-09 -1.4866E-08
  1.5502E-03 -4.7238E-06  3.1002E-09 -1.5555E-08
  1.5737E-03 -4.9249E-06  3.2436E-09 -1.6275E-08
  1.5976E-03 -5.1342E-06  3.3933E-09 -1.7026E-08
  1.6217E-03 -5.3520E-06  3.5496E-09 -1.7810E-08
  1.6462E-03 -5.5786E-06  3.7127E-09 -1.8628E-08
  1.6710E-03 -5.8143E-06  3.8829E-09 -1.9482E-08
  1.6961E-03 -6.0596E-06  4.0605E-09 -2.0374E-08
  1.7215E-03 -6.3148E-06  4.2459E-09 -2.1304E-08
  1.7473E-03 -6.5802E-06  4.4393E-09 -2.2274E-08
  1.7734E-03 -6.8563E-06  4.6411E-09 -2.3287E-08
  1.7998E-03 -7.1435E-06  4.8517E-09 -2.4344E-08
  1.8266E-03 -7.4423E-06  5.0714E-09 -2.5446E-08
  1.8537E-03 -7.7531E-06  5.3006E-09 -2.6596E-08
  1.8811E-03 -8.0763E-06  5.5397E-09 -2.7796E-08
  1.9090E-03 -8.4124E-06  5.7891E-09 -2.9047E-08
  1.9371E-03 -8.7620E-06  6.0492E-09 -3.0352E-08
  1.9657E-03 -9.1255E-06  6.3206E-09 -3.1714E-08
  1.9946E-03 -9.5036E-06  6.6035E-09 -3.3133E-08
  2.0239E-03 -9.8968E-06  6.8987E-09 -3.4614E-08
  2.0535E-03 -1.0306E-05  7.2064E-09 -3.6158E-08
  2.0836E-03 -1.0731E-05  7.5274E-09 -3.7769E-08
  2.1140E-03 -1.1173E-05  7.8620E-09 -3.9448E-08
  2.1448E-03 -1.1632E-05  8.2109E-09 -4.1199E-08
  2.1760E-03 -1.2110E-05  8.5748E-09 -4.3024E-08
  2.2077E-03 -1.2607E-05  8.9541E-09 -4.4927E-08
  2.2397E-03 -1.3123E-05  9.3495E-09 -4.6911E-08
  2.2721E-03 -1.3660E-05  9.7618E-09 -4.8980E-08
  2.3050E-03 -1.4218E-05  1.0192E-08 -5.1136E-08
  2.3383E-03 -1.4798E-05  1.0640E-08 -5.3384E-08
  2.3720E-03 -1.5401E-05  1.1106E-08 -5.5727E-08
  2.4062E-03 -1.6028E-05  1.1593E-08 -5.8169E-08
  2.4408E-03 -1.6680E-05  1.2100E-08 -6.0714E-08
  2.4758E-03 -1.7357E-05  1.2629E-08 -6.3367E-08
  2.5113E-03 -1.8061E-05  1.3180E-08 -6.6132E-08
  2.5473E-03 -1.8792E-05  1.3754E-08 -6.9013E-08
  2.5837E-03 -1.9552E-05  1.4353E-08 -7.2016E-08
  2.6206E-03 -2.0342E-05  1.4976E-08 -7.5145E-08
  2.6579E-03 -2.1163E-05  1.5626E-08 -7.8405E-08
  2.6958E-03 -2.2017E-05  1.6303E-08 -8.1802E-08
  2.7341E-03 -2.2903E-05  1.7009E-08 -8.5342E-08
  2.7729E-03 -2.3825E-05  1.7744E-08 -8.9030E-08
  2.8123E-03 -2.4782E-05  1.8510E-08 -9.2873E-08
  2.8521E-03 -2.5777E-05  1.9308E-08 -9.6876E-08
  2.8925E-03 -2.6811E-05  2.0139E-08 -1.0105E-07
  2.9334E-03 -2.7885E-05  2.1005E-08 -1.0539E-07
  2.9748E-03 -2.9001E-05  2.1907E-08 -1.0992E-07
  3.0167E-03 -3.0160E-05  2.2846E-08 -1.1463E-07
  3.0592E-03 -3.1364E-05  2.3825E-08 -1.1954E-07
  3.1022E-03 -3.2616E-05  2.4845E-08 -1.2466E-07
  3.1458E-03 -3.3916E-05  2.5907E-08 -1.2999E-07
  3.1899E-03 -3.5266E-05  2.7013E-08 -1.3554E-07
  3.2347E-03 -3.6669E-05  2.8165E-08 -1.4132E-07
  3.2799E-03 -3.8127E-05  2.9365E-08 -1.4734E-07
  3.3258E-03 -3.9640E-05  3.0614E-08 -1.5361E-07
  3.3723E-03 -4.1213E-05  3.1915E-08 -1.6014E-07
  3.4194E-03 -4.2846E-05  3.3271E-08 -1.6694E-07
  3.4671E-03 -4.4543E-05  3.4682E-08 -1.7402E-07
  3.5153E-03 -4.6305E-05  3.6151E-08 -1.8139E-07
  3.5643E-03 -4.8135E-05  3.7682E-08 -1.8907E-07
  3.6138E-03 -5.0036E-05  3.9275E-08 -1.9706E-07
  3.6640E-03 -5.2010E-05  4.0935E-08 -2.0539E-07
  3.7148E-03 -5.4060E-05  4.2662E-08 -2.1406E-07
  3.7663E-03 -5.6189E-05  4.4461E-08 -2.2308E-07
  3.8185E-03 -5.8400E-05  4.6334E-08 -2.3248E-07
  3.8713E-03 -6.0696E-05  4.8284E-08 -2.4227E-07
  3.9249E-03 -6.3081E-05  5.0314E-08 -2.5245E-07
  3.9791E-03 -6.5557E-05  5.2428E-08 -2.6306E-07
  4.0340E-03 -6.8128E-05  5.4628E-08 -2.7410E-07
  4.0896E-03 -7.0797E-05  5.6919E-08 -2.8559E-07
  4.1459E-03 -7.3569E-05  5.9304E-08 -2.9756E-07
  4.2030E-03 -7.6448E-05  6.1786E-08 -3.1001E-07
  4.2608E-03 -7.9436E-05  6.4371E-08 -3.2298E-07
  4.3193E-03 -8.2539E-05  6.7061E-08 -3.3648E-07
  4.3786E-03 -8.5760E-05  6.9861E-08 -3.5053E-07
  4.4387E-03 -8.9105E-05  7.2775E-08 -3.6515E-07
  4.4995E-03 -9.2577E-05  7.5809E-08 -3.8037E-07
  4.5612E-03 -9.6181E-05  7.8967E-08 -3.9622E-07
  4.6236E-03 -9.9923E-05  8.2254E-08 -4.1271E-07
  4.6868E-03 -1.0381E-04  8.5675E-08 -4.2987E-07
  4.7509E-03 -1.0784E-04  8.9235E-08 -4.4774E-07
  4.8157E-03 -1.1203E-04  9.2941E-08 -4.6633E-07
  4.8815E-03 -1.1637E-04  9.6798E-08 -4.8568E-07
  4.9480E-03 -1.2088E-04  1.0081E-07 -5.0582E-07
  5.0154E-03 -1.2556E-04  1.0499E-07 -5.2678E-07
  5.0837E-03 -1.3042E-04  1.0934E-07 -5.4859E-07
  5.1529E-03 -1.3546E-04  1.1386E-07 -5.7129E-07
  5.2230E-03 -1.4070E-04  1.1857E-07 -5.9492E-07
  5.2939E-03 -1.4613E-04  1.2347E-07 -6.1950E-07
  5.3658E-03 -1.5177E-04  1.2857E-07 -6.4508E-07
  5.4386E-03 -1.5762E-04  1.3387E-07 -6.7170E-07
  5.5124E-03 -1.6369E-04  1.3939E-07 -6.9940E-07
  5.5871E-03 -1.6999E-04  1.4514E-07 -7.2822E-07
  5.6628E-03 -1.7653E-04  1.5111E-07 -7.5821E-07
  5.7394E-03 -1.8332E-04  1.5733E-07 -7.8942E-07
  5.8171E-03 -1.9036E-04  1.6380E-07 -8.2189E-07
  5.8957E-03 -1.9766E-04  1.7054E-07 -8.5567E-07
  5.9754E-03 -2.0525E-04  1.7754E-07 -8.9083E-07
  6.0560E-03 -2.1311E-04  1.8483E-07 -9.2740E-07
  6.1378E-03 -2.2127E-04  1.9242E-07 -9.6546E-07
  6.2206E-03 -2.2974E-04  2.0031E-07 -1.0051E-06
  6.3044E-03 -2.3853E-04  2.0852E-07 -1.0462E-06
  6.3893E-03 -2.4764E-04  2.1706E-07 -1.0891E-06
  6.4754E-03 -2.5709E-04  2.2595E-07 -1.1337E-06
  6.5625E-03 -2.6690E-04  2.3519E-07 -1.1801E-06
  6.6508E-03 -2.7708E-04  2.4481E-07 -1.2283E-06
  6.7402E-03 -2.8764E-04  2.5482E-07 -1.2785E-06
  6.8307E-03 -2.9858E-04  2.6523E-07 -1.3308E-06
  6.9225E-03 -3.0994E-04  2.7606E-07 -1.3851E-06
  7.0154E-03 -3.2172E-04  2.8732E-07 -1.4416E-06
  7.1095E-03 -3.3394E-04  2.9904E-07 -1.5004E-06
  7.2048E-03 -3.4662E-04  3.1123E-07 -1.5616E-06
  7.3014E-03 -3.5976E-04  3.2391E-07 -1.6252E-06
  7.3992E-03 -3.7340E-04  3.3711E-07 -1.6914E-06
  7.4983E-03 -3.8754E-04  3.5083E-07 -1.7603E-06
  7.5986E-03 -4.0220E-04  3.6510E-07 -1.8319E-06
  7.7003E-03 -4.1741E-04  3.7995E-07 -1.9064E-06
  7.8032E-03 -4.3318E-04  3.9540E-07 -1.9839E-06
  7.9075E-03 -4.4953E-04  4.1146E-07 -2.0645E-06
  8.0132E-03 -4.6649E-04  4.2817E-07 -2.1484E-06
  8.1202E-03 -4.8407E-04  4.4556E-07 -2.2356E-06
  8.2286E-03 -5.0231E-04  4.6364E-07 -2.3263E-06
  8.3383E-03 -5.2121E-04  4.8244E-07 -2.4206E-06
  8.4495E-03 -5.4081E-04  5.0200E-07 -2.5188E-06
  8.5622E-03 -5.6113E-04  5.2234E-07 -2.6209E-06
  8.6763E-03 -5.8220E-04  5.4350E-07 -2.7270E-06
  8.7918E-03 -6.0404E-04  5.6551E-07 -2.8374E-06
  8.9089E-03 -6.2668E-04  5.8840E-07 -2.9523E-06
  9.0274E-03 -6.5015E-04  6.1220E-07 -3.0717E-06
  9.1475E-03 -6.7448E-04  6.3696E-07 -3.1960E-06
  9.2692E-03 -6.9970E-04  6.6271E-07 -3.3252E-06
  9.3924E-03 -7.2584E-04  6.8950E-07 -3.4595E-06
  9.5172E-03 -7.5293E-04  7.1735E-07 -3.5993E-06
  9.6436E-03 -7.8101E-04  7.4632E-07 -3.7446E-06
  9.7717E-03 -8.1012E-04  7.7644E-07 -3.8958E-06
  9.9014E-03 -8.4028E-04  8.0777E-07 -4.0530E-06
  1.0033E-02 -8.7154E-04  8.4035E-07 -4.2165E-06
  1.0166E-02 -9.0394E-04  8.7424E-07 -4.3865E-06
  1.0301E-02 -9.3751E-04  9.0948E-07 -4.5633E-06
  1.0437E-02 -9.7230E-04  9.4612E-07 -4.7472E-06
  1.0576E-02 -1.0083E-03  9.8423E-07 -4.9384E-06
  1.0716E-02 -1.0457E-03  1.0239E-06 -5.1372E-06
  1.0858E-02 -1.0844E-03  1.0651E-06 -5.3440E-06
  1.1001E-02 -1.1245E-03  1.1079E-06 -5.5590E-06
  1.1147E-02 -1.1660E-03  1.1525E-06 -5.7827E-06
  1.1294E-02 -1.2090E-03  1.1988E-06 -6.0152E-06
  1.1444E-02 -1.2536E-03  1.2470E-06 -6.2570E-06
  1.1595E-02 -1.2998E-03  1.2972E-06 -6.5085E-06
  1.1748E-02 -1.3476E-03  1.3493E-06 -6.7700E-06
  1.1903E-02 -1.3972E-03  1.4035E-06 -7.0419E-06
  1.2061E-02 -1.4485E-03  1.4598E-06 -7.3246E-06
  1.2220E-02 -1.5016E-03  1.5184E-06 -7.6186E-06
  1.2381E-02 -1.5567E-03  1.5793E-06 -7.9243E-06
  1.2545E-02 -1.6137E-03  1.6427E-06 -8.2422E-06
  1.2710E-02 -1.6727E-03  1.7086E-06 -8.5727E-06
  1.2878E-02 -1.7339E-03  1.7771E-06 -8.9164E-06
  1.3048E-02 -1.7972E-03  1.8483E-06 -9.2738E-06
  1.3220E-02 -1.8627E-03  1.9224E-06 -9.6454E-06
  1.3394E-02 -1.9306E-03  1.9994E-06 -1.0032E-05
  1.3570E-02 -2.0008E-03  2.0794E-06 -1.0434E-05
  1.3749E-02 -2.0736E-03  2.1627E-06 -1.0851E-05
  1.3930E-02 -2.1489E-03  2.2493E-06 -1.1286E-05
  1.4114E-02 -2.2268E-03  2.3393E-06 -1.1737E-05
  1.4299E-02 -2.3075E-03  2.4329E-06 -1.2207E-05
  1.4488E-02 -2.3911E-03  2.5302E-06 -1.2695E-05
  1.4678E-02 -2.4775E-03  2.6314E-06 -1.3203E-05
  1.4871E-02 -2.5670E-03  2.7366E-06 -1.3731E-05
  1.5067E-02 -2.6596E-03  2.8459E-06 -1.4279E-05
  1.5265E-02 -2.7554E-03  2.9596E-06 -1.4850E-05
  1.5466E-02 -2.8546E-03  3.0779E-06 -1.5443E-05
  1.5669E-02 -2.9572E-03  3.2008E-06 -1.6060E-05
  1.5875E-02 -3.0634E-03  3.3286E-06 -1.6701E-05
  1.6083E-02 -3.1732E-03  3.4615E-06 -1.7368E-05
  1.6294E-02 -3.2869E-03  3.5997E-06 -1.8061E-05
  1.6508E-02 -3.4045E-03  3.7433E-06 -1.8782E-05
  1.6725E-02 -3.5261E-03  3.8926E-06 -1.9531E-05
  1.6944E-02 -3.6519E-03  4.0479E-06 -2.0310E-05
  1.7167E-02 -3.7821E-03  4.2093E-06 -2.1120E-05
  1.7392E-02 -3.9167E-03  4.3771E-06 -2.1962E-05
  1.7620E-02 -4.0559E-03  4.5516E-06 -2.2837E-05
  1.7851E-02 -4.1999E-03  4.7330E-06 -2.3747E-05
  1.8085E-02 -4.3488E-03  4.9216E-06 -2.4694E-05
  1.8322E-02 -4.5027E-03  5.1176E-06 -2.5677E-05
  1.8562E-02 -4.6619E-03  5.3214E-06 -2.6700E-05
  1.8806E-02 -4.8265E-03  5.5333E-06 -2.7763E-05
  1.9052E-02 -4.9967E-03  5.7536E-06 -2.8869E-05
  1.9302E-02 -5.1726E-03  5.9827E-06 -3.0018E-05
  1.9554E-02 -5.3544E-03  6.2208E-06 -3.1212E-05
  1.9810E-02 -5.5423E-03  6.4683E-06 -3.2454E-05
  2.0070E-02 -5.7366E-03  6.7256E-06 -3.3745E-05
  2.0332E-02 -5.9374E-03  6.9931E-06 -3.5087E-05
  2.0598E-02 -6.1449E-03  7.2712E-06 -3.6483E-05
  2.0868E-02 -6.3593E-03  7.5603E-06 -3.7933E-05
  2.1141E-02 -6.5808E-03  7.8609E-06 -3.9441E-05
  2.1418E-02 -6.8097E-03  8.1733E-06 -4.1009E-05
  2.1698E-02 -7.0462E-03  8.4982E-06 -4.2639E-05
  2.1981E-02 -7.2905E-03  8.8358E-06 -4.4333E-05
  2.2269E-02 -7.5429E-03  9.1868E-06 -4.6094E-05
  2.2560E-02 -7.8035E-03  9.5517E-06 -4.7925E-05
  2.2855E-02 -8.0728E-03  9.9311E-06 -4.9828E-05
  2.3153E-02 -8.3508E-03  1.0325E-05 -5.1807E-05
  2.3456E-02 -8.6379E-03  1.0735E-05 -5.3863E-05
  2.3762E-02 -8.9344E-03  1.1161E-05 -5.6001E-05
  2.4073E-02 -9.2406E-03  1.1604E-05 -5.8224E-05
  2.4387E-02 -9.5566E-03  1.2065E-05 -6.0534E-05
  2.4705E-02 -9.8829E-03  1.2544E-05 -6.2936E-05
  2.5028E-02 -1.0220E-02  1.3041E-05 -6.5433E-05
  2.5355E-02 -1.0567E-02  1.3559E-05 -6.8028E-05
  2.5686E-02 -1.0926E-02  1.4096E-05 -7.0726E-05
  2.6021E-02 -1.1296E-02  1.4655E-05 -7.3530E-05
  2.6360E-02 -1.1678E-02  1.5236E-05 -7.6445E-05
  2.6704E-02 -1.2073E-02  1.5840E-05 -7.9476E-05
  2.7053E-02 -1.2479E-02  1.6468E-05 -8.2626E-05
  2.7405E-02 -1.2899E-02  1.7121E-05 -8.5900E-05
  2.7763E-02 -1.3332E-02  1.7799E-05 -8.9304E-05
  2.8125E-02 -1.3778E-02  1.8504E-05 -9.2842E-05
  2.8492E-02 -1.4239E-02  1.9237E-05 -9.6519E-05
  2.8863E-02 -1.4714E-02  1.9999E-05 -1.0034E-04
  2.9239E-02 -1.5203E-02  2.0791E-05 -1.0432E-04
  2.9620E-02 -1.5708E-02  2.1614E-05 -1.0845E-04
  3.0006E-02 -1.6228E-02  2.2470E-05 -1.1274E-04
  3.0397E-02 -1.6765E-02  2.3360E-05 -1.1720E-04
  3.0793E-02 -1.7318E-02  2.4284E-05 -1.2184E-04
  3.1195E-02 -1.7888E-02  2.5246E-05 -1.2666E-04
  3.1601E-02 -1.8475E-02  2.6245E-05 -1.3168E-04
  3.2013E-02 -1.9080E-02  2.7283E-05 -1.3689E-04
  3.2429E-02 -1.9704E-02  2.8362E-05 -1.4230E-04
  3.2852E-02 -2.0346E-02  2.9484E-05 -1.4793E-04
  3.3279E-02 -2.1008E-02  3.0651E-05 -1.5378E-04
  3.3713E-02 -2.1689E-02  3.1863E-05 -1.5986E-04
  3.4152E-02 -2.2391E-02  3.3123E-05 -1.6618E-04
  3.4596E-02 -2.3114E-02  3.4432E-05 -1.7275E-04
  3.5046E-02 -2.3858E-02  3.5793E-05 -1.7958E-04
  3.5502E-02 -2.4624E-02  3.7208E-05 -1.8668E-04
  3.5964E-02 -2.5412E-02  3.8679E-05 -1.9406E-04
  3.6432E-02 -2.6224E-02  4.0208E-05 -2.0173E-04
  3.6906E-02 -2.7059E-02  4.1797E-05 -2.0970E-04
  3.7386E-02 -2.7919E-02  4.3448E-05 -2.1799E-04
  3.7873E-02 -2.8803E-02  4.5164E-05 -2.2660E-04
  3.8365E-02 -2.9713E-02  4.6949E-05 -2.3555E-04
  3.8864E-02 -3.0649E-02  4.8803E-05 -2.4485E-04
  3.9370E-02 -3.1611E-02  5.0730E-05 -2.5452E-04
  3.9882E-02 -3.2601E-02  5.2734E-05 -2.6457E-04
  4.0400E-02 -3.3618E-02  5.4816E-05 -2.7502E-04
  4.0925E-02 -3.4664E-02  5.6980E-05 -2.8588E-04
  4.1457E-02 -3.5740E-02  5.9230E-05 -2.9716E-04
  4.1996E-02 -3.6845E-02  6.1567E-05 -3.0889E-04
  4.2542E-02 -3.7981E-02  6.3997E-05 -3.2108E-04
  4.3095E-02 -3.9148E-02  6.6523E-05 -3.3375E-04
  4.3655E-02 -4.0347E-02  6.9148E-05 -3.4692E-04
  4.4222E-02 -4.1579E-02  7.1876E-05 -3.6061E-04
  4.4797E-02 -4.2844E-02  7.4712E-05 -3.7483E-04
  4.5379E-02 -4.4143E-02  7.7659E-05 -3.8962E-04
  4.5968E-02 -4.5477E-02  8.0723E-05 -4.0499E-04
  4.6565E-02 -4.6846E-02  8.3906E-05 -4.2096E-04
  4.7170E-02 -4.8251E-02  8.7215E-05 -4.3756E-04
  4.7783E-02 -4.9694E-02  9.0654E-05 -4.5481E-04
  4.8403E-02 -5.1174E-02  9.4229E-05 -4.7274E-04
  4.9032E-02 -5.2692E-02  9.7944E-05 -4.9138E-04
  4.9669E-02 -5.4249E-02  1.0180E-04 -5.1075E-04
  5.0314E-02 -5.5847E-02  1.0582E-04 -5.3088E-04
  5.0967E-02 -5.7485E-02  1.0999E-04 -5.5180E-04
  5.1628E-02 -5.9164E-02  1.1432E-04 -5.7354E-04
  5.2299E-02 -6.0886E-02  1.1883E-04 -5.9614E-04
  5.2978E-02 -6.2650E-02  1.2351E-04 -6.1963E-04
  5.3665E-02 -6.4458E-02  1.2837E-04 -6.4403E-04
  5.4362E-02 -6.6310E-02  1.3343E-04 -6.6940E-04
  5.5067E-02 -6.8207E-02  1.3869E-04 -6.9577E-04
  5.5782E-02 -7.0150E-02  1.4415E-04 -7.2317E-04
  5.6506E-02 -7.2139E-02  1.4983E-04 -7.5164E-04
  5.7239E-02 -7.4176E-02  1.5573E-04 -7.8124E-04
  5.7982E-02 -7.6261E-02  1.6186E-04 -8.1199E-04
  5.8734E-02 -7.8394E-02  1.6823E-04 -8.4396E-04
  5.9496E-02 -8.0576E-02  1.7485E-04 -8.7717E-04
  6.0268E-02 -8.2809E-02  1.8173E-04 -9.1170E-04
  6.1049E-02 -8.5092E-02  1.8889E-04 -9.4757E-04
  6.1841E-02 -8.7427E-02  1.9632E-04 -9.8486E-04
  6.2643E-02 -8.9813E-02  2.0404E-04 -1.0236E-03
  6.3456E-02 -9.2252E-02  2.1207E-04 -1.0639E-03
  6.4279E-02 -9.4744E-02  2.2042E-04 -1.1057E-03
  6.5112E-02 -9.7290E-02  2.2909E-04 -1.1492E-03
  6.5957E-02 -9.9891E-02  2.3810E-04 -1.1944E-03
  6.6812E-02 -1.0255E-01  2.4746E-04 -1.2414E-03
  6.7678E-02 -1.0526E-01  2.5719E-04 -1.2902E-03
  6.8556E-02 -1.0802E-01  2.6731E-04 -1.3409E-03
  6.9444E-02 -1.1085E-01  2.7781E-04 -1.3936E-03
  7.0345E-02 -1.1372E-01  2.8874E-04 -1.4484E-03
  7.1256E-02 -1.1666E-01  3.0009E-04 -1.5053E-03
  7.2180E-02 -1.1966E-01  3.1188E-04 -1.5645E-03
  7.3116E-02 -1.2271E-01  3.2414E-04 -1.6259E-03
  7.4063E-02 -1.2582E-01  3.3687E-04 -1.6898E-03
  7.5023E-02 -1.2899E-01  3.5011E-04 -1.7562E-03
  7.5996E-02 -1.3221E-01  3.6386E-04 -1.8252E-03
  7.6981E-02 -1.3550E-01  3.7816E-04 -1.8969E-03
  7.7978E-02 -1.3884E-01  3.9301E-04 -1.9714E-03
  7.8989E-02 -1.4224E-01  4.0844E-04 -2.0488E-03
  8.0012E-02 -1.4571E-01  4.2448E-04 -2.1292E-03
  8.1049E-02 -1.4923E-01  4.4115E-04 -2.2128E-03
  8.2099E-02 -1.5281E-01  4.5847E-04 -2.2996E-03
  8.3163E-02 -1.5645E-01  4.7647E-04 -2.3899E-03
  8.4240E-02 -1.6014E-01  4.9517E-04 -2.4837E-03
  8.5331E-02 -1.6390E-01  5.1460E-04 -2.5811E-03
  8.6437E-02 -1.6771E-01  5.3479E-04 -2.6824E-03
  8.7556E-02 -1.7158E-01  5.5577E-04 -2.7876E-03
  8.8691E-02 -1.7551E-01  5.7757E-04 -2.8969E-03
  8.9839E-02 -1.7949E-01  6.0023E-04 -3.0105E-03
  9.1003E-02 -1.8353E-01  6.2377E-04 -3.1285E-03
  9.2182E-02 -1.8762E-01  6.4823E-04 -3.2512E-03
  9.3376E-02 -1.9177E-01  6.7365E-04 -3.3786E-03
  9.4585E-02 -1.9597E-01  7.0005E-04 -3.5110E-03
  9.5810E-02 -2.0022E-01  7.2749E-04 -3.6486E-03
  9.7051E-02 -2.0453E-01  7.5601E-04 -3.7916E-03
  9.8307E-02 -2.0888E-01  7.8563E-04 -3.9401E-03
  9.9580E-02 -2.1328E-01  8.1641E-04 -4.0944E-03
  1.0087E-01 -2.1773E-01  8.4839E-04 -4.2547E-03
  1.0218E-01 -2.2223E-01  8.8162E-04 -4.4213E-03
  1.0350E-01 -2.2677E-01  9.1615E-04 -4.5944E-03
  1.0484E-01 -2.3135E-01  9.5202E-04 -4.7743E-03
  1.0620E-01 -2.3598E-01  9.8929E-04 -4.9611E-03
  1.0757E-01 -2.4064E-01  1.0280E-03 -5.1552E-03
  1.0896E-01 -2.4534E-01  1.0682E-03 -5.3569E-03
  1.1037E-01 -2.5007E-01  1.1100E-03 -5.5664E-03
  1.1180E-01 -2.5484E-01  1.1535E-03 -5.7841E-03
  1.1325E-01 -2.5964E-01  1.1986E-03 -6.0102E-03
  1.1472E-01 -2.6446E-01  1.2455E-03 -6.2452E-03
  1.1620E-01 -2.6932E-01  1.2942E-03 -6.4893E-03
  1.1771E-01 -2.7419E-01  1.3448E-03 -6.7429E-03
  1.1923E-01 -2.7908E-01  1.3973E-03 -7.0063E-03
  1.2077E-01 -2.8399E-01  1.4519E-03 -7.2800E-03
  1.2233E-01 -2.8891E-01  1.5087E-03 -7.5643E-03
  1.2392E-01 -2.9385E-01  1.5676E-03 -7.8596E-03
  1.2552E-01 -2.9879E-01  1.6288E-03 -8.1664E-03
  1.2715E-01 -3.0373E-01  1.6924E-03 -8.4851E-03
  1.2879E-01 -3.0867E-01  1.7585E-03 -8.8162E-03
  1.3046E-01 -3.1361E-01  1.8271E-03 -9.1601E-03
  1.3215E-01 -3.1855E-01  1.8984E-03 -9.5173E-03
  1.3386E-01 -3.2346E-01  1.9725E-03 -9.8883E-03
  1.3559E-01 -3.2837E-01  2.0494E-03 -1.0274E-02
  1.3734E-01 -3.3325E-01  2.1293E-03 -1.0674E-02
  1.3912E-01 -3.3811E-01  2.2123E-03 -1.1090E-02
  1.4092E-01 -3.4293E-01  2.2986E-03 -1.1522E-02
  1.4274E-01 -3.4773E-01  2.3881E-03 -1.1971E-02
  1.4459E-01 -3.5248E-01  2.4812E-03 -1.2437E-02
  1.4646E-01 -3.5719E-01  2.5778E-03 -1.2920E-02
  1.4836E-01 -3.6185E-01  2.6782E-03 -1.3423E-02
  1.5027E-01 -3.6645E-01  2.7824E-03 -1.3945E-02
  1.5222E-01 -3.7100E-01  2.8907E-03 -1.4487E-02
  1.5419E-01 -3.7548E-01  3.0031E-03 -1.5050E-02
  1.5618E-01 -3.7989E-01  3.1199E-03 -1.5635E-02
  1.5820E-01 -3.8422E-01  3.2412E-03 -1.6243E-02
  1.6025E-01 -3.8847E-01  3.3672E-03 -1.6873E-02
  1.6232E-01 -3.9262E-01  3.4980E-03 -1.7528E-02
  1.6442E-01 -3.9669E-01  3.6338E-03 -1.8208E-02
  1.6655E-01 -4.0065E-01  3.7749E-03 -1.8915E-02
  1.6870E-01 -4.0451E-01  3.9214E-03 -1.9648E-02
  1.7088E-01 -4.0825E-01  4.0736E-03 -2.0410E-02
  1.7309E-01 -4.1187E-01  4.2316E-03 -2.1200E-02
  1.7533E-01 -4.1537E-01  4.3956E-03 -2.2021E-02
  1.7760E-01 -4.1873E-01  4.5660E-03 -2.2874E-02
  1.7990E-01 -4.2195E-01  4.7429E-03 -2.3759E-02
  1.8222E-01 -4.2502E-01  4.9265E-03 -2.4678E-02
  1.8458E-01 -4.2794E-01  5.1172E-03 -2.5632E-02
  1.8697E-01 -4.3070E-01  5.3152E-03 -2.6622E-02
  1.8939E-01 -4.3329E-01  5.5208E-03 -2.7651E-02
  1.9183E-01 -4.3571E-01  5.7343E-03 -2.8718E-02
  1.9432E-01 -4.3794E-01  5.9558E-03 -2.9827E-02
  1.9683E-01 -4.3999E-01  6.1859E-03 -3.0977E-02
  1.9937E-01 -4.4184E-01  6.4247E-03 -3.2171E-02
  2.0195E-01 -4.4348E-01  6.6726E-03 -3.3411E-02
  2.0456E-01 -4.4492E-01  6.9300E-03 -3.4697E-02
  2.0721E-01 -4.4614E-01  7.1971E-03 -3.6033E-02
  2.0989E-01 -4.4713E-01  7.4744E-03 -3.7419E-02
  2.1260E-01 -4.4789E-01  7.7622E-03 -3.8857E-02
  2.1535E-01 -4.4841E-01  8.0610E-03 -4.0350E-02
  2.1813E-01 -4.4869E-01  8.3710E-03 -4.1899E-02
  2.2095E-01 -4.4871E-01  8.6929E-03 -4.3507E-02
  2.2381E-01 -4.4847E-01  9.0268E-03 -4.5175E-02
  2.2671E-01 -4.4797E-01  9.3734E-03 -4.6906E-02
  2.2964E-01 -4.4719E-01  9.7331E-03 -4.8703E-02
  2.3260E-01 -4.4613E-01  1.0106E-02 -5.0566E-02
  2.3561E-01 -4.4479E-01  1.0494E-02 -5.2500E-02
  2.3866E-01 -4.4315E-01  1.0896E-02 -5.4506E-02
  2.4174E-01 -4.4121E-01  1.1313E-02 -5.6587E-02
  2.4487E-01 -4.3897E-01  1.1745E-02 -5.8746E-02
  2.4803E-01 -4.3642E-01  1.2194E-02 -6.0986E-02
  2.5124E-01 -4.3355E-01  1.2660E-02 -6.3309E-02
  2.5449E-01 -4.3037E-01  1.3143E-02 -6.5718E-02
  2.5778E-01 -4.2685E-01  1.3644E-02 -6.8217E-02
  2.6111E-01 -4.2300E-01  1.4164E-02 -7.0809E-02
  2.6449E-01 -4.1882E-01  1.4703E-02 -7.3497E-02
  2.6790E-01 -4.1430E-01  1.5262E-02 -7.6284E-02
  2.7137E-01 -4.0943E-01  1.5842E-02 -7.9174E-02
  2.7488E-01 -4.0421E-01  1.6444E-02 -8.2171E-02
  2.7843E-01 -3.9864E-01  1.7068E-02 -8.5278E-02
  2.8203E-01 -3.9272E-01  1.7714E-02 -8.8499E-02
  2.8567E-01 -3.8644E-01  1.8385E-02 -9.1838E-02
  2.8937E-01 -3.7980E-01  1.9080E-02 -9.5299E-02
  2.9311E-01 -3.7279E-01  1.9801E-02 -9.8886E-02
  2.9689E-01 -3.6542E-01  2.0549E-02 -1.0260E-01
  3.0073E-01 -3.5769E-01  2.1324E-02 -1.0646E-01
  3.0462E-01 -3.4959E-01  2.2127E-02 -1.1045E-01
  3.0856E-01 -3.4112E-01  2.2959E-02 -1.1459E-01
  3.1254E-01 -3.3228E-01  2.3822E-02 -1.1888E-01
  3.1658E-01 -3.2307E-01  2.4716E-02 -1.2332E-01
  3.2067E-01 -3.1350E-01  2.5643E-02 -1.2792E-01
  3.2482E-01 -3.0356E-01  2.6603E-02 -1.3268E-01
  3.2902E-01 -2.9325E-01  2.7598E-02 -1.3762E-01
  3.3327E-01 -2.8259E-01  2.8628E-02 -1.4273E-01
  3.3758E-01 -2.7156E-01  2.9696E-02 -1.4803E-01
  3.4194E-01 -2.6017E-01  3.0802E-02 -1.5351E-01
  3.4636E-01 -2.4842E-01  3.1947E-02 -1.5918E-01
  3.5083E-01 -2.3633E-01  3.3133E-02 -1.6506E-01
  3.5537E-01 -2.2389E-01  3.4362E-02 -1.7114E-01
  3.5996E-01 -2.1110E-01  3.5634E-02 -1.7744E-01
  3.6461E-01 -1.9798E-01  3.6951E-02 -1.8395E-01
  3.6932E-01 -1.8452E-01  3.8314E-02 -1.9069E-01
  3.7410E-01 -1.7074E-01  3.9726E-02 -1.9766E-01
  3.7893E-01 -1.5664E-01  4.1187E-02 -2.0488E-01
  3.8383E-01 -1.4223E-01  4.2699E-02 -2.1234E-01
  3.8879E-01 -1.2751E-01  4.4263E-02 -2.2006E-01
  3.9381E-01 -1.1250E-01  4.5882E-02 -2.2804E-01
  3.9890E-01 -9.7190E-02  4.7557E-02 -2.3629E-01
  4.0405E-01 -8.1606E-02  4.9289E-02 -2.4482E-01
  4.0928E-01 -6.5751E-02  5.1081E-02 -2.5364E-01
  4.1456E-01 -4.9635E-02  5.2934E-02 -2.6275E-01
  4.1992E-01 -3.3268E-02  5.4850E-02 -2.7217E-01
  4.2535E-01 -1.6662E-02  5.6831E-02 -2.8190E-01
  4.3084E-01  1.7266E-04  5.8879E-02 -2.9195E-01
  4.3641E-01  1.7224E-02  6.0996E-02 -3.0232E-01
  4.4205E-01  3.4481E-02  6.3184E-02 -3.1304E-01
  4.4776E-01  5.1929E-02  6.5444E-02 -3.2410E-01
  4.5355E-01  6.9558E-02  6.7779E-02 -3.3552E-01
  4.5941E-01  8.7353E-02  7.0192E-02 -3.4731E-01
  4.6534E-01  1.0530E-01  7.2683E-02 -3.5946E-01
  4.7136E-01  1.2339E-01  7.5256E-02 -3.7201E-01
  4.7745E-01  1.4160E-01  7.7912E-02 -3.8494E-01
  4.8361E-01  1.5992E-01  8.0654E-02 -3.9828E-01
  4.8986E-01  1.7834E-01  8.3484E-02 -4.1203E-01
  4.9619E-01  1.9683E-01  8.6403E-02 -4.2620E-01
  5.0260E-01  2.1539E-01  8.9416E-02 -4.4080E-01
  5.0910E-01  2.3400E-01  9.2523E-02 -4.5584E-01
  5.1567E-01  2.5265E-01  9.5727E-02 -4.7132E-01
  5.2234E-01  2.7131E-01  9.9030E-02 -4.8727E-01
  5.2909E-01  2.8997E-01  1.0244E-01 -5.0368E-01
  5.3592E-01  3.0862E-01  1.0594E-01 -5.2056E-01
  5.4285E-01  3.2724E-01  1.0956E-01 -5.3792E-01
  5.4986E-01  3.4581E-01  1.1328E-01 -5.5578E-01
  5.5696E-01  3.6431E-01  1.1712E-01 -5.7414E-01
  5.6416E-01  3.8274E-01  1.2107E-01 -5.9300E-01
  5.7145E-01  4.0107E-01  1.2513E-01 -6.1237E-01
  5.7883E-01  4.1929E-01  1.2931E-01 -6.3227E-01
  5.8631E-01  4.3738E-01  1.3362E-01 -6.5269E-01
  5.9388E-01  4.5533E-01  1.3804E-01 -6.7364E-01
  6.0155E-01  4.7312E-01  1.4259E-01 -6.9513E-01
  6.0933E-01  4.9073E-01  1.4726E-01 -7.1716E-01
  6.1720E-01  5.0814E-01  1.5207E-01 -7.3973E-01
  6.2517E-01  5.2535E-01  1.5700E-01 -7.6285E-01
  6.3325E-01  5.4233E-01  1.6206E-01 -7.8652E-01
  6.4143E-01  5.5907E-01  1.6726E-01 -8.1075E-01
  6.4971E-01  5.7555E-01  1.7260E-01 -8.3552E-01
  6.5811E-01  5.9176E-01  1.7807E-01 -8.6084E-01
  6.6661E-01  6.0767E-01  1.8368E-01 -8.8671E-01
  6.7522E-01  6.2328E-01  1.8943E-01 -9.1312E-01
  6.8394E-01  6.3857E-01  1.9532E-01 -9.4007E-01
  6.9278E-01  6.5352E-01  2.0135E-01 -9.6755E-01
  7.0173E-01  6.6811E-01  2.0753E-01 -9.9556E-01
  7.1079E-01  6.8234E-01  2.1384E-01 -1.0241E+00
  7.1998E-01  6.9619E-01  2.2030E-01 -1.0531E+00
  7.2928E-01  7.0965E-01  2.2691E-01 -1.0826E+00
  7.3870E-01  7.2270E-01  2.3365E-01 -1.1126E+00
  7.4824E-01  7.3533E-01  2.4054E-01 -1.1430E+00
  7.5791E-01  7.4753E-01  2.4757E-01 -1.1739E+00
  7.6770E-01  7.5930E-01  2.5474E-01 -1.2052E+00
  7.7761E-01  7.7061E-01  2.6206E-01 -1.2369E+00
  7.8766E-01  7.8147E-01  2.6951E-01 -1.2690E+00
  7.9783E-01  7.9186E-01  2.7709E-01 -1.3013E+00
  8.0814E-01  8.0177E-01  2.8481E-01 -1.3340E+00
  8.1858E-01  8.1121E-01  2.9266E-01 -1.3670E+00
  8.2915E-01  8.2015E-01  3.0063E-01 -1.4001E+00
  8.3986E-01  8.2860E-01  3.0873E-01 -1.4335E+00
  8.5071E-01  8.3656E-01  3.1695E-01 -1.4670E+00
  8.6170E-01  8.4401E-01  3.2529E-01 -1.5005E+00
  8.7283E-01  8.5095E-01  3.3373E-01 -1.5342E+00
  8.8411E-01  8.5739E-01  3.4228E-01 -1.5678E+00
  8.9553E-01  8.6332E-01  3.5093E-01 -1.6013E+00
  9.0709E-01  8.6873E-01  3.5966E-01 -1.6346E+00
  9.1881E-01  8.7364E-01  3.6849E-01 -1.6678E+00
  9.3068E-01  8.7803E-01  3.7738E-01 -1.7007E+00
  9.4270E-01  8.8192E-01  3.8635E-01 -1.7332E+00
  9.5488E-01  8.8530E-01  3.9537E-01 -1.7653E+00
  9.6721E-01  8.8817E-01  4.0445E-01 -1.7969E+00
  9.7970E-01  8.9055E-01  4.1356E-01 -1.8278E+00
  9.9236E-01  8.9243E-01  4.2270E-01 -1.8581E+00
  1.0052E+00  8.9381E-01  4.3185E-01 -1.8876E+00
  1.0182E+00  8.9472E-01  4.4101E-01 -1.9162E+00
  1.0313E+00  8.9514E-01  4.5016E-01 -1.9439E+00
  1.0446E+00  8.9509E-01  4.5929E-01 -1.9704E+00
  1.0581E+00  8.9457E-01  4.6837E-01 -1.9958E+00
  1.0718E+00  8.9360E-01  4.7741E-01 -2.0198E+00
  1.0856E+00  8.9217E-01  4.8637E-01 -2.0425E+00
  1.0997E+00  8.9030E-01  4.9526E-01 -2.0637E+00
  1.1139E+00  8.8801E-01  5.0403E-01 -2.0832E+00
  1.1282E+00  8.8529E-01  5.1270E-01 -2.1010E+00
  1.1428E+00  8.8216E-01  5.2122E-01 -2.1169E+00
  1.1576E+00  8.7862E-01  5.2959E-01 -2.1309E+00
  1.1725E+00  8.7470E-01  5.3778E-01 -2.1428E+00
  1.1877E+00  8.7039E-01  5.4578E-01 -2.1525E+00
  1.2030E+00  8.6571E-01  5.5356E-01 -2.1600E+00
  1.2186E+00  8.6068E-01  5.6111E-01 -2.1650E+00
  1.2343E+00  8.5530E-01  5.6841E-01 -2.1676E+00
  1.2502E+00  8.4958E-01  5.7543E-01 -2.1676E+00
  1.2664E+00  8.4354E-01  5.8215E-01 -2.1649E+00
  1.2827E+00  8.3719E-01  5.8856E-01 -2.1595E+00
  1.2993E+00  8.3054E-01  5.9462E-01 -2.1513E+00
  1.3161E+00  8.2361E-01  6.0033E-01 -2.1401E+00
  1.3331E+00  8.1640E-01  6.0566E-01 -2.1261E+00
  1.3503E+00  8.0892E-01  6.1059E-01 -2.1090E+00
  1.3678E+00  8.0120E-01  6.1510E-01 -2.0890E+00
  1.3854E+00  7.9324E-01  6.1916E-01 -2.0659E+00
  1.4033E+00  7.8505E-01  6.2277E-01 -2.0397E+00
  1.4214E+00  7.7664E-01  6.2591E-01 -2.0105E+00
  1.4398E+00  7.6804E-01  6.2855E-01 -1.9781E+00
  1.4584E+00  7.5924E-01  6.3068E-01 -1.9428E+00
  1.4772E+00  7.5026E-01  6.3228E-01 -1.9043E+00
  1.4963E+00  7.4112E-01  6.3335E-01 -1.8629E+00
  1.5156E+00  7.3182E-01  6.3387E-01 -1.8185E+00
  1.5352E+00  7.2237E-01  6.3382E-01 -1.7712E+00
  1.5550E+00  7.1279E-01  6.3320E-01 -1.7209E+00
  1.5751E+00  7.0309E-01  6.3200E-01 -1.6678E+00
  1.5955E+00  6.9327E-01  6.3022E-01 -1.6119E+00
  1.6161E+00  6.8335E-01  6.2785E-01 -1.5531E+00
  1.6369E+00  6.7334E-01  6.2488E-01 -1.4916E+00
  1.6581E+00  6.6325E-01  6.2133E-01 -1.4273E+00
  1.6795E+00  6.5309E-01  6.1719E-01 -1.3601E+00
  1.7012E+00  6.4286E-01  6.1248E-01 -1.2902E+00
  1.7232E+00  6.3258E-01  6.0719E-01 -1.2175E+00
  1.7454E+00  6.2226E-01  6.0135E-01 -1.1419E+00
  1.7680E+00  6.1190E-01  5.9497E-01 -1.0634E+00
  1.7908E+00  6.0151E-01  5.8806E-01 -9.8191E-01
  1.8139E+00  5.9110E-01  5.8066E-01 -8.9756E-01
  1.8373E+00  5.8068E-01  5.7279E-01 -8.1036E-01
  1.8611E+00  5.7027E-01  5.6448E-01 -7.2049E-01
  1.8851E+00  5.5985E-01  5.5578E-01 -6.2827E-01
  1.9095E+00  5.4945E-01  5.4671E-01 -5.3424E-01
  1.9341E+00  5.3906E-01  5.3734E-01 -4.3926E-01
  1.9591E+00  5.2870E-01  5.2770E-01 -3.4460E-01
  1.9844E+00  5.1838E-01  5.1785E-01 -2.5216E-01
  2.0100E+00  5.0809E-01  5.0786E-01 -1.6460E-01
  2.0360E+00  4.9784E-01  4.9776E-01 -8.5627E-02
  2.0623E+00  4.8765E-01  4.8763E-01 -2.0317E-02
  2.0889E+00  4.7751E-01  4.7751E-01  2.4505E-02
  2.1159E+00  4.6743E-01  4.6743E-01  3.9596E-02
  2.1432E+00  4.5742E-01  4.5742E-01  3.6429E-02
  2.1709E+00  4.4748E-01  4.4748E-01  3.2541E-02
  2.1989E+00  4.3761E-01  4.3761E-01  2.8579E-02
  2.2273E+00  4.2783E-01  4.2783E-01  2.4523E-02
  2.2561E+00  4.1812E-01  4.1812E-01  2.0478E-02
  2.2852E+00  4.0851E-01  4.0851E-01  1.6545E-02
  2.3147E+00  3.9899E-01  3.9899E-01  1.2822E-02
  2.3446E+00  3.8956E-01  3.8956E-01  9.4034E-03
  2.3749E+00  3.8023E-01  3.8023E-01  6.3817E-03
  2.4056E+00  3.7100E-01  3.7100E-01  3.8456E-03
  2.4367E+00  3.6188E-01  3.6188E-01  1.8810E-03
  2.4681E+00  3.5286E-01  3.5286E-01  5.7115E-04
  2.5000E+00  3.4396E-01  3.4396E-01  0.0000E+00
  2.5323E+00  3.3517E-01  3.3517E-01  0.0000E+00
  2.5650E+00  3.2649E-01  3.2649E-01  0.0000E+00
  2.5981E+00  3.1793E-01  3.1793E-01  0.0000E+00
  2.6317E+00  3.0948E-01  3.0948E-01  0.0000E+00
  2.6657E+00  3.0116E-01  3.0116E-01  0.0000E+00
  2.7001E+00  2.9296E-01  2.9296E-01  0.0000E+00
  2.7350E+00  2.8488E-01  2.8488E-01  0.0000E+00
  2.7703E+00  2.7693E-01  2.7693E-01  0.0000E+00
  2.8060E+00  2.6911E-01  2.6911E-01  0.0000E+00
  2.8423E+00  2.6141E-01  2.6141E-01  0.0000E+00
  2.8790E+00  2.5384E-01  2.5384E-01  0.0000E+00
  2.9162E+00  2.4641E-01  2.4641E-01  0.0000E+00
  2.9538E+00  2.3910E-01  2.3910E-01  0.0000E+00
  2.9920E+00  2.3192E-01  2.3192E-01  0.0000E+00
  3.0306E+00  2.2487E-01  2.2487E-01  0.0000E+00
  3.0698E+00  2.1796E-01  2.1796E-01  0.0000E+00
  3.1094E+00  2.1118E-01  2.1118E-01  0.0000E+00
  3.1496E+00  2.0453E-01  2.0453E-01  0.0000E+00
  3.1902E+00  1.9801E-01  1.9801E-01  0.0000E+00
  3.2314E+00  1.9162E-01  1.9162E-01  0.0000E+00
  3.2732E+00  1.8537E-01  1.8537E-01  0.0000E+00
  3.3154E+00  1.7925E-01  1.7925E-01  0.0000E+00
  3.3582E+00  1.7326E-01  1.7326E-01  0.0000E+00
  3.4016E+00  1.6740E-01  1.6740E-01  0.0000E+00
  3.4455E+00  1.6168E-01  1.6168E-01  0.0000E+00
  3.4900E+00  1.5608E-01  1.5608E-01  0.0000E+00
  3.5351E+00  1.5062E-01  1.5062E-01  0.0000E+00
  3.5808E+00  1.4528E-01  1.4528E-01  0.0000E+00
  3.6270E+00  1.4007E-01  1.4007E-01  0.0000E+00
  3.6739E+00  1.3499E-01  1.3499E-01  0.0000E+00
  3.7213E+00  1.3004E-01  1.3004E-01  0.0000E+00
  3.7694E+00  1.2521E-01  1.2521E-01  0.0000E+00
  3.8180E+00  1.2051E-01  1.2051E-01  0.0000E+00
  3.8673E+00  1.1593E-01  1.1593E-01  0.0000E+00
  3.9173E+00  1.1148E-01  1.1148E-01  0.0000E+00
  3.9679E+00  1.0714E-01  1.0714E-01  0.0000E+00
  4.0191E+00  1.0293E-01  1.0293E-01  0.0000E+00
  4.0710E+00  9.8834E-02  9.8834E-02  0.0000E+00
  4.1236E+00  9.4856E-02  9.4856E-02  0.0000E+00
  4.1768E+00  9.0994E-02  9.0994E-02  0.0000E+00
  4.2308E+00  8.7246E-02  8.7246E-02  0.0000E+00
  4.2854E+00  8.3611E-02  8.3611E-02  0.0000E+00
  4.3408E+00  8.0087E-02  8.0087E-02  0.0000E+00
  4.3968E+00  7.6672E-02  7.6672E-02  0.0000E+00
  4.4536E+00  7.3365E-02  7.3365E-02  0.0000E+00
  4.5111E+00  7.0165E-02  7.0165E-02  0.0000E+00
  4.5694E+00  6.7068E-02  6.7068E-02  0.0000E+00
  4.6284E+00  6.4074E-02  6.4074E-02  0.0000E+00
  4.6881E+00  6.1180E-02  6.1180E-02  0.0000E+00
  4.7487E+00  5.8385E-02  5.8385E-02  0.0000E+00
