 # l=           0 basis function with energy     3.5000000000000000     
  0.0000E+00 -0.0000E+00 -0.0000E+00  0.0000E+00
  3.5252E-06 -2.6797E-04 -7.0580E-06 -6.6856E-06
  7.0958E-06 -5.1690E-04 -1.4207E-05 -1.3458E-05
  1.0713E-05 -7.6098E-04 -2.1448E-05 -2.0317E-05
  1.4376E-05 -1.0030E-03 -2.8783E-05 -2.7265E-05
  1.8087E-05 -1.2442E-03 -3.6213E-05 -3.4303E-05
  2.1846E-05 -1.4853E-03 -4.3739E-05 -4.1431E-05
  2.5653E-05 -1.7269E-03 -5.1361E-05 -4.8652E-05
  2.9509E-05 -1.9694E-03 -5.9083E-05 -5.5966E-05
  3.3415E-05 -2.2129E-03 -6.6903E-05 -6.3374E-05
  3.7372E-05 -2.4577E-03 -7.4825E-05 -7.0878E-05
  4.1380E-05 -2.7040E-03 -8.2850E-05 -7.8479E-05
  4.5439E-05 -2.9518E-03 -9.0977E-05 -8.6178E-05
  4.9551E-05 -3.2014E-03 -9.9210E-05 -9.3977E-05
  5.3716E-05 -3.4529E-03 -1.0755E-04 -1.0188E-04
  5.7935E-05 -3.7062E-03 -1.1600E-04 -1.0988E-04
  6.2208E-05 -3.9616E-03 -1.2455E-04 -1.1798E-04
  6.6537E-05 -4.2191E-03 -1.3322E-04 -1.2619E-04
  7.0921E-05 -4.4788E-03 -1.4200E-04 -1.3451E-04
  7.5362E-05 -4.7407E-03 -1.5089E-04 -1.4293E-04
  7.9860E-05 -5.0049E-03 -1.5989E-04 -1.5146E-04
  8.4417E-05 -5.2715E-03 -1.6902E-04 -1.6010E-04
  8.9032E-05 -5.5405E-03 -1.7826E-04 -1.6885E-04
  9.3707E-05 -5.8120E-03 -1.8762E-04 -1.7772E-04
  9.8442E-05 -6.0860E-03 -1.9710E-04 -1.8670E-04
  1.0324E-04 -6.3626E-03 -2.0670E-04 -1.9580E-04
  1.0810E-04 -6.6419E-03 -2.1643E-04 -2.0501E-04
  1.1302E-04 -6.9238E-03 -2.2628E-04 -2.1434E-04
  1.1800E-04 -7.2085E-03 -2.3626E-04 -2.2380E-04
  1.2305E-04 -7.4960E-03 -2.4637E-04 -2.3337E-04
  1.2817E-04 -7.7863E-03 -2.5661E-04 -2.4307E-04
  1.3335E-04 -8.0795E-03 -2.6698E-04 -2.5290E-04
  1.3859E-04 -8.3756E-03 -2.7749E-04 -2.6285E-04
  1.4391E-04 -8.6746E-03 -2.8813E-04 -2.7293E-04
  1.4929E-04 -8.9767E-03 -2.9891E-04 -2.8314E-04
  1.5474E-04 -9.2818E-03 -3.0982E-04 -2.9348E-04
  1.6027E-04 -9.5901E-03 -3.2088E-04 -3.0396E-04
  1.6586E-04 -9.9014E-03 -3.3208E-04 -3.1457E-04
  1.7153E-04 -1.0216E-02 -3.4343E-04 -3.2531E-04
  1.7727E-04 -1.0534E-02 -3.5492E-04 -3.3620E-04
  1.8308E-04 -1.0855E-02 -3.6656E-04 -3.4723E-04
  1.8897E-04 -1.1179E-02 -3.7836E-04 -3.5840E-04
  1.9494E-04 -1.1507E-02 -3.9030E-04 -3.6971E-04
  2.0098E-04 -1.1838E-02 -4.0240E-04 -3.8117E-04
  2.0710E-04 -1.2173E-02 -4.1465E-04 -3.9278E-04
  2.1330E-04 -1.2511E-02 -4.2706E-04 -4.0454E-04
  2.1958E-04 -1.2853E-02 -4.3964E-04 -4.1644E-04
  2.2594E-04 -1.3198E-02 -4.5237E-04 -4.2851E-04
  2.3238E-04 -1.3547E-02 -4.6527E-04 -4.4073E-04
  2.3891E-04 -1.3899E-02 -4.7834E-04 -4.5310E-04
  2.4552E-04 -1.4255E-02 -4.9157E-04 -4.6564E-04
  2.5221E-04 -1.4615E-02 -5.0498E-04 -4.7834E-04
  2.5900E-04 -1.4979E-02 -5.1856E-04 -4.9120E-04
  2.6587E-04 -1.5347E-02 -5.3231E-04 -5.0423E-04
  2.7282E-04 -1.5718E-02 -5.4624E-04 -5.1743E-04
  2.7987E-04 -1.6094E-02 -5.6035E-04 -5.3079E-04
  2.8701E-04 -1.6473E-02 -5.7465E-04 -5.4433E-04
  2.9424E-04 -1.6857E-02 -5.8913E-04 -5.5805E-04
  3.0157E-04 -1.7244E-02 -6.0379E-04 -5.7194E-04
  3.0899E-04 -1.7636E-02 -6.1865E-04 -5.8601E-04
  3.1650E-04 -1.8032E-02 -6.3369E-04 -6.0026E-04
  3.2412E-04 -1.8432E-02 -6.4893E-04 -6.1470E-04
  3.3183E-04 -1.8836E-02 -6.6437E-04 -6.2932E-04
  3.3964E-04 -1.9245E-02 -6.8001E-04 -6.4414E-04
  3.4755E-04 -1.9658E-02 -6.9585E-04 -6.5914E-04
  3.5556E-04 -2.0076E-02 -7.1189E-04 -6.7434E-04
  3.6368E-04 -2.0498E-02 -7.2814E-04 -6.8973E-04
  3.7190E-04 -2.0924E-02 -7.4460E-04 -7.0532E-04
  3.8023E-04 -2.1355E-02 -7.6128E-04 -7.2112E-04
  3.8866E-04 -2.1790E-02 -7.7816E-04 -7.3711E-04
  3.9720E-04 -2.2231E-02 -7.9527E-04 -7.5332E-04
  4.0586E-04 -2.2676E-02 -8.1260E-04 -7.6973E-04
  4.1462E-04 -2.3125E-02 -8.3015E-04 -7.8636E-04
  4.2350E-04 -2.3580E-02 -8.4793E-04 -8.0320E-04
  4.3250E-04 -2.4039E-02 -8.6594E-04 -8.2025E-04
  4.4161E-04 -2.4503E-02 -8.8418E-04 -8.3753E-04
  4.5084E-04 -2.4972E-02 -9.0265E-04 -8.5503E-04
  4.6018E-04 -2.5447E-02 -9.2136E-04 -8.7276E-04
  4.6965E-04 -2.5926E-02 -9.4032E-04 -8.9072E-04
  4.7924E-04 -2.6410E-02 -9.5952E-04 -9.0890E-04
  4.8895E-04 -2.6900E-02 -9.7897E-04 -9.2733E-04
  4.9879E-04 -2.7395E-02 -9.9867E-04 -9.4599E-04
  5.0876E-04 -2.7895E-02 -1.0186E-03 -9.6489E-04
  5.1885E-04 -2.8400E-02 -1.0388E-03 -9.8403E-04
  5.2908E-04 -2.8911E-02 -1.0593E-03 -1.0034E-03
  5.3944E-04 -2.9427E-02 -1.0800E-03 -1.0231E-03
  5.4993E-04 -2.9948E-02 -1.1010E-03 -1.0430E-03
  5.6055E-04 -3.0476E-02 -1.1223E-03 -1.0631E-03
  5.7132E-04 -3.1008E-02 -1.1439E-03 -1.0835E-03
  5.8222E-04 -3.1547E-02 -1.1657E-03 -1.1042E-03
  5.9326E-04 -3.2091E-02 -1.1878E-03 -1.1252E-03
  6.0445E-04 -3.2641E-02 -1.2102E-03 -1.1464E-03
  6.1578E-04 -3.3196E-02 -1.2329E-03 -1.1679E-03
  6.2726E-04 -3.3758E-02 -1.2559E-03 -1.1896E-03
  6.3888E-04 -3.4325E-02 -1.2792E-03 -1.2117E-03
  6.5066E-04 -3.4899E-02 -1.3027E-03 -1.2340E-03
  6.6258E-04 -3.5478E-02 -1.3266E-03 -1.2566E-03
  6.7466E-04 -3.6064E-02 -1.3508E-03 -1.2795E-03
  6.8690E-04 -3.6656E-02 -1.3753E-03 -1.3027E-03
  6.9930E-04 -3.7254E-02 -1.4001E-03 -1.3263E-03
  7.1185E-04 -3.7858E-02 -1.4253E-03 -1.3501E-03
  7.2457E-04 -3.8469E-02 -1.4507E-03 -1.3742E-03
  7.3745E-04 -3.9086E-02 -1.4765E-03 -1.3986E-03
  7.5050E-04 -3.9709E-02 -1.5026E-03 -1.4234E-03
  7.6372E-04 -4.0339E-02 -1.5291E-03 -1.4484E-03
  7.7710E-04 -4.0976E-02 -1.5559E-03 -1.4738E-03
  7.9066E-04 -4.1619E-02 -1.5830E-03 -1.4995E-03
  8.0440E-04 -4.2269E-02 -1.6105E-03 -1.5256E-03
  8.1831E-04 -4.2925E-02 -1.6384E-03 -1.5520E-03
  8.3240E-04 -4.3589E-02 -1.6666E-03 -1.5787E-03
  8.4668E-04 -4.4259E-02 -1.6952E-03 -1.6058E-03
  8.6114E-04 -4.4936E-02 -1.7241E-03 -1.6332E-03
  8.7578E-04 -4.5621E-02 -1.7535E-03 -1.6610E-03
  8.9061E-04 -4.6312E-02 -1.7832E-03 -1.6891E-03
  9.0564E-04 -4.7010E-02 -1.8132E-03 -1.7176E-03
  9.2086E-04 -4.7716E-02 -1.8437E-03 -1.7465E-03
  9.3628E-04 -4.8428E-02 -1.8746E-03 -1.7757E-03
  9.5189E-04 -4.9148E-02 -1.9059E-03 -1.8053E-03
  9.6771E-04 -4.9876E-02 -1.9375E-03 -1.8353E-03
  9.8373E-04 -5.0611E-02 -1.9696E-03 -1.8657E-03
  9.9996E-04 -5.1353E-02 -2.0021E-03 -1.8965E-03
  1.0164E-03 -5.2103E-02 -2.0350E-03 -1.9276E-03
  1.0330E-03 -5.2860E-02 -2.0683E-03 -1.9592E-03
  1.0499E-03 -5.3625E-02 -2.1021E-03 -1.9912E-03
  1.0670E-03 -5.4398E-02 -2.1363E-03 -2.0236E-03
  1.0843E-03 -5.5179E-02 -2.1710E-03 -2.0564E-03
  1.1018E-03 -5.5967E-02 -2.2060E-03 -2.0897E-03
  1.1196E-03 -5.6763E-02 -2.2416E-03 -2.1233E-03
  1.1376E-03 -5.7567E-02 -2.2776E-03 -2.1574E-03
  1.1558E-03 -5.8380E-02 -2.3141E-03 -2.1920E-03
  1.1742E-03 -5.9200E-02 -2.3510E-03 -2.2270E-03
  1.1929E-03 -6.0029E-02 -2.3884E-03 -2.2624E-03
  1.2118E-03 -6.0865E-02 -2.4263E-03 -2.2983E-03
  1.2310E-03 -6.1710E-02 -2.4647E-03 -2.3347E-03
  1.2504E-03 -6.2564E-02 -2.5036E-03 -2.3715E-03
  1.2701E-03 -6.3425E-02 -2.5430E-03 -2.4088E-03
  1.2900E-03 -6.4295E-02 -2.5829E-03 -2.4466E-03
  1.3102E-03 -6.5174E-02 -2.6233E-03 -2.4849E-03
  1.3307E-03 -6.6061E-02 -2.6642E-03 -2.5237E-03
  1.3514E-03 -6.6957E-02 -2.7057E-03 -2.5629E-03
  1.3723E-03 -6.7861E-02 -2.7477E-03 -2.6027E-03
  1.3936E-03 -6.8774E-02 -2.7902E-03 -2.6430E-03
  1.4151E-03 -6.9696E-02 -2.8333E-03 -2.6838E-03
  1.4369E-03 -7.0627E-02 -2.8769E-03 -2.7252E-03
  1.4590E-03 -7.1567E-02 -2.9212E-03 -2.7671E-03
  1.4814E-03 -7.2516E-02 -2.9659E-03 -2.8095E-03
  1.5040E-03 -7.3473E-02 -3.0113E-03 -2.8524E-03
  1.5270E-03 -7.4440E-02 -3.0572E-03 -2.8960E-03
  1.5502E-03 -7.5416E-02 -3.1038E-03 -2.9400E-03
  1.5737E-03 -7.6401E-02 -3.1509E-03 -2.9847E-03
  1.5976E-03 -7.7395E-02 -3.1987E-03 -3.0299E-03
  1.6217E-03 -7.8398E-02 -3.2470E-03 -3.0757E-03
  1.6462E-03 -7.9411E-02 -3.2960E-03 -3.1221E-03
  1.6710E-03 -8.0433E-02 -3.3456E-03 -3.1691E-03
  1.6961E-03 -8.1465E-02 -3.3959E-03 -3.2167E-03
  1.7215E-03 -8.2506E-02 -3.4468E-03 -3.2650E-03
  1.7473E-03 -8.3557E-02 -3.4984E-03 -3.3138E-03
  1.7734E-03 -8.4617E-02 -3.5506E-03 -3.3633E-03
  1.7998E-03 -8.5686E-02 -3.6035E-03 -3.4134E-03
  1.8266E-03 -8.6766E-02 -3.6571E-03 -3.4642E-03
  1.8537E-03 -8.7855E-02 -3.7114E-03 -3.5156E-03
  1.8811E-03 -8.8954E-02 -3.7664E-03 -3.5677E-03
  1.9090E-03 -9.0062E-02 -3.8221E-03 -3.6204E-03
  1.9371E-03 -9.1181E-02 -3.8785E-03 -3.6739E-03
  1.9657E-03 -9.2309E-02 -3.9356E-03 -3.7280E-03
  1.9946E-03 -9.3447E-02 -3.9935E-03 -3.7828E-03
  2.0239E-03 -9.4595E-02 -4.0521E-03 -3.8383E-03
  2.0535E-03 -9.5753E-02 -4.1115E-03 -3.8946E-03
  2.0836E-03 -9.6921E-02 -4.1716E-03 -3.9516E-03
  2.1140E-03 -9.8099E-02 -4.2326E-03 -4.0093E-03
  2.1448E-03 -9.9287E-02 -4.2943E-03 -4.0677E-03
  2.1760E-03 -1.0048E-01 -4.3568E-03 -4.1270E-03
  2.2077E-03 -1.0169E-01 -4.4201E-03 -4.1869E-03
  2.2397E-03 -1.0291E-01 -4.4843E-03 -4.2477E-03
  2.2721E-03 -1.0414E-01 -4.5492E-03 -4.3092E-03
  2.3050E-03 -1.0538E-01 -4.6150E-03 -4.3716E-03
  2.3383E-03 -1.0663E-01 -4.6817E-03 -4.4347E-03
  2.3720E-03 -1.0789E-01 -4.7492E-03 -4.4986E-03
  2.4062E-03 -1.0915E-01 -4.8176E-03 -4.5634E-03
  2.4408E-03 -1.1043E-01 -4.8868E-03 -4.6290E-03
  2.4758E-03 -1.1172E-01 -4.9570E-03 -4.6955E-03
  2.5113E-03 -1.1302E-01 -5.0281E-03 -4.7628E-03
  2.5473E-03 -1.1433E-01 -5.1001E-03 -4.8310E-03
  2.5837E-03 -1.1565E-01 -5.1730E-03 -4.9001E-03
  2.6206E-03 -1.1698E-01 -5.2468E-03 -4.9700E-03
  2.6579E-03 -1.1832E-01 -5.3216E-03 -5.0409E-03
  2.6958E-03 -1.1967E-01 -5.3974E-03 -5.1127E-03
  2.7341E-03 -1.2104E-01 -5.4742E-03 -5.1854E-03
  2.7729E-03 -1.2241E-01 -5.5519E-03 -5.2590E-03
  2.8123E-03 -1.2379E-01 -5.6307E-03 -5.3336E-03
  2.8521E-03 -1.2518E-01 -5.7104E-03 -5.4092E-03
  2.8925E-03 -1.2658E-01 -5.7912E-03 -5.4857E-03
  2.9334E-03 -1.2799E-01 -5.8731E-03 -5.5632E-03
  2.9748E-03 -1.2941E-01 -5.9560E-03 -5.6418E-03
  3.0167E-03 -1.3085E-01 -6.0399E-03 -5.7213E-03
  3.0592E-03 -1.3229E-01 -6.1250E-03 -5.8019E-03
  3.1022E-03 -1.3374E-01 -6.2111E-03 -5.8835E-03
  3.1458E-03 -1.3520E-01 -6.2984E-03 -5.9661E-03
  3.1899E-03 -1.3667E-01 -6.3868E-03 -6.0498E-03
  3.2347E-03 -1.3815E-01 -6.4763E-03 -6.1347E-03
  3.2799E-03 -1.3964E-01 -6.5670E-03 -6.2206E-03
  3.3258E-03 -1.4114E-01 -6.6589E-03 -6.3076E-03
  3.3723E-03 -1.4265E-01 -6.7519E-03 -6.3957E-03
  3.4194E-03 -1.4417E-01 -6.8462E-03 -6.4850E-03
  3.4671E-03 -1.4570E-01 -6.9416E-03 -6.5754E-03
  3.5153E-03 -1.4724E-01 -7.0383E-03 -6.6670E-03
  3.5643E-03 -1.4879E-01 -7.1363E-03 -6.7598E-03
  3.6138E-03 -1.5034E-01 -7.2355E-03 -6.8537E-03
  3.6640E-03 -1.5191E-01 -7.3360E-03 -6.9489E-03
  3.7148E-03 -1.5348E-01 -7.4378E-03 -7.0454E-03
  3.7663E-03 -1.5507E-01 -7.5409E-03 -7.1430E-03
  3.8185E-03 -1.5666E-01 -7.6453E-03 -7.2419E-03
  3.8713E-03 -1.5826E-01 -7.7511E-03 -7.3421E-03
  3.9249E-03 -1.5987E-01 -7.8582E-03 -7.4436E-03
  3.9791E-03 -1.6148E-01 -7.9668E-03 -7.5464E-03
  4.0340E-03 -1.6311E-01 -8.0767E-03 -7.6506E-03
  4.0896E-03 -1.6474E-01 -8.1880E-03 -7.7560E-03
  4.1459E-03 -1.6638E-01 -8.3008E-03 -7.8629E-03
  4.2030E-03 -1.6803E-01 -8.4151E-03 -7.9711E-03
  4.2608E-03 -1.6969E-01 -8.5308E-03 -8.0807E-03
  4.3193E-03 -1.7135E-01 -8.6480E-03 -8.1917E-03
  4.3786E-03 -1.7303E-01 -8.7668E-03 -8.3042E-03
  4.4387E-03 -1.7470E-01 -8.8870E-03 -8.4181E-03
  4.4995E-03 -1.7639E-01 -9.0088E-03 -8.5335E-03
  4.5612E-03 -1.7808E-01 -9.1322E-03 -8.6504E-03
  4.6236E-03 -1.7978E-01 -9.2572E-03 -8.7688E-03
  4.6868E-03 -1.8148E-01 -9.3838E-03 -8.8887E-03
  4.7509E-03 -1.8319E-01 -9.5120E-03 -9.0102E-03
  4.8157E-03 -1.8491E-01 -9.6419E-03 -9.1332E-03
  4.8815E-03 -1.8663E-01 -9.7735E-03 -9.2578E-03
  4.9480E-03 -1.8835E-01 -9.9068E-03 -9.3840E-03
  5.0154E-03 -1.9009E-01 -1.0042E-02 -9.5119E-03
  5.0837E-03 -1.9182E-01 -1.0178E-02 -9.6414E-03
  5.1529E-03 -1.9356E-01 -1.0317E-02 -9.7726E-03
  5.2230E-03 -1.9530E-01 -1.0457E-02 -9.9055E-03
  5.2939E-03 -1.9705E-01 -1.0599E-02 -1.0040E-02
  5.3658E-03 -1.9880E-01 -1.0743E-02 -1.0176E-02
  5.4386E-03 -2.0056E-01 -1.0889E-02 -1.0314E-02
  5.5124E-03 -2.0231E-01 -1.1037E-02 -1.0454E-02
  5.5871E-03 -2.0407E-01 -1.1186E-02 -1.0596E-02
  5.6628E-03 -2.0583E-01 -1.1338E-02 -1.0740E-02
  5.7394E-03 -2.0760E-01 -1.1491E-02 -1.0885E-02
  5.8171E-03 -2.0936E-01 -1.1647E-02 -1.1032E-02
  5.8957E-03 -2.1113E-01 -1.1804E-02 -1.1181E-02
  5.9754E-03 -2.1289E-01 -1.1964E-02 -1.1332E-02
  6.0560E-03 -2.1466E-01 -1.2125E-02 -1.1485E-02
  6.1378E-03 -2.1642E-01 -1.2289E-02 -1.1640E-02
  6.2206E-03 -2.1819E-01 -1.2455E-02 -1.1797E-02
  6.3044E-03 -2.1995E-01 -1.2622E-02 -1.1956E-02
  6.3893E-03 -2.2171E-01 -1.2793E-02 -1.2117E-02
  6.4754E-03 -2.2347E-01 -1.2965E-02 -1.2281E-02
  6.5625E-03 -2.2523E-01 -1.3139E-02 -1.2446E-02
  6.6508E-03 -2.2698E-01 -1.3316E-02 -1.2613E-02
  6.7402E-03 -2.2873E-01 -1.3495E-02 -1.2783E-02
  6.8307E-03 -2.3047E-01 -1.3676E-02 -1.2955E-02
  6.9225E-03 -2.3221E-01 -1.3860E-02 -1.3129E-02
  7.0154E-03 -2.3395E-01 -1.4046E-02 -1.3305E-02
  7.1095E-03 -2.3567E-01 -1.4234E-02 -1.3483E-02
  7.2048E-03 -2.3740E-01 -1.4425E-02 -1.3664E-02
  7.3014E-03 -2.3911E-01 -1.4619E-02 -1.3847E-02
  7.3992E-03 -2.4082E-01 -1.4814E-02 -1.4033E-02
  7.4983E-03 -2.4252E-01 -1.5013E-02 -1.4220E-02
  7.5986E-03 -2.4420E-01 -1.5214E-02 -1.4411E-02
  7.7003E-03 -2.4588E-01 -1.5417E-02 -1.4604E-02
  7.8032E-03 -2.4755E-01 -1.5623E-02 -1.4799E-02
  7.9075E-03 -2.4921E-01 -1.5832E-02 -1.4997E-02
  8.0132E-03 -2.5085E-01 -1.6044E-02 -1.5197E-02
  8.1202E-03 -2.5249E-01 -1.6258E-02 -1.5400E-02
  8.2286E-03 -2.5411E-01 -1.6475E-02 -1.5605E-02
  8.3383E-03 -2.5571E-01 -1.6695E-02 -1.5814E-02
  8.4495E-03 -2.5730E-01 -1.6917E-02 -1.6024E-02
  8.5622E-03 -2.5887E-01 -1.7143E-02 -1.6238E-02
  8.6763E-03 -2.6043E-01 -1.7371E-02 -1.6454E-02
  8.7918E-03 -2.6197E-01 -1.7603E-02 -1.6673E-02
  8.9089E-03 -2.6349E-01 -1.7837E-02 -1.6895E-02
  9.0274E-03 -2.6499E-01 -1.8074E-02 -1.7120E-02
  9.1475E-03 -2.6648E-01 -1.8315E-02 -1.7348E-02
  9.2692E-03 -2.6794E-01 -1.8558E-02 -1.7579E-02
  9.3924E-03 -2.6938E-01 -1.8805E-02 -1.7812E-02
  9.5172E-03 -2.7079E-01 -1.9055E-02 -1.8049E-02
  9.6436E-03 -2.7218E-01 -1.9308E-02 -1.8289E-02
  9.7717E-03 -2.7355E-01 -1.9564E-02 -1.8532E-02
  9.9014E-03 -2.7489E-01 -1.9824E-02 -1.8778E-02
  1.0033E-02 -2.7620E-01 -2.0087E-02 -1.9027E-02
  1.0166E-02 -2.7749E-01 -2.0354E-02 -1.9279E-02
  1.0301E-02 -2.7875E-01 -2.0624E-02 -1.9535E-02
  1.0437E-02 -2.7997E-01 -2.0897E-02 -1.9794E-02
  1.0576E-02 -2.8117E-01 -2.1174E-02 -2.0056E-02
  1.0716E-02 -2.8233E-01 -2.1454E-02 -2.0321E-02
  1.0858E-02 -2.8346E-01 -2.1738E-02 -2.0591E-02
  1.1001E-02 -2.8455E-01 -2.2026E-02 -2.0863E-02
  1.1147E-02 -2.8561E-01 -2.2318E-02 -2.1139E-02
  1.1294E-02 -2.8663E-01 -2.2613E-02 -2.1419E-02
  1.1444E-02 -2.8761E-01 -2.2912E-02 -2.1702E-02
  1.1595E-02 -2.8856E-01 -2.3215E-02 -2.1989E-02
  1.1748E-02 -2.8946E-01 -2.3522E-02 -2.2279E-02
  1.1903E-02 -2.9032E-01 -2.3832E-02 -2.2574E-02
  1.2061E-02 -2.9113E-01 -2.4147E-02 -2.2872E-02
  1.2220E-02 -2.9190E-01 -2.4466E-02 -2.3174E-02
  1.2381E-02 -2.9263E-01 -2.4789E-02 -2.3480E-02
  1.2545E-02 -2.9330E-01 -2.5116E-02 -2.3790E-02
  1.2710E-02 -2.9393E-01 -2.5448E-02 -2.4103E-02
  1.2878E-02 -2.9451E-01 -2.5783E-02 -2.4421E-02
  1.3048E-02 -2.9504E-01 -2.6123E-02 -2.4743E-02
  1.3220E-02 -2.9551E-01 -2.6468E-02 -2.5069E-02
  1.3394E-02 -2.9593E-01 -2.6817E-02 -2.5400E-02
  1.3570E-02 -2.9629E-01 -2.7170E-02 -2.5734E-02
  1.3749E-02 -2.9659E-01 -2.7528E-02 -2.6073E-02
  1.3930E-02 -2.9684E-01 -2.7890E-02 -2.6417E-02
  1.4114E-02 -2.9702E-01 -2.8257E-02 -2.6764E-02
  1.4299E-02 -2.9714E-01 -2.8629E-02 -2.7117E-02
  1.4488E-02 -2.9720E-01 -2.9006E-02 -2.7473E-02
  1.4678E-02 -2.9720E-01 -2.9388E-02 -2.7835E-02
  1.4871E-02 -2.9712E-01 -2.9774E-02 -2.8201E-02
  1.5067E-02 -2.9698E-01 -3.0166E-02 -2.8572E-02
  1.5265E-02 -2.9677E-01 -3.0562E-02 -2.8947E-02
  1.5466E-02 -2.9649E-01 -3.0964E-02 -2.9328E-02
  1.5669E-02 -2.9613E-01 -3.1371E-02 -2.9713E-02
  1.5875E-02 -2.9570E-01 -3.1783E-02 -3.0103E-02
  1.6083E-02 -2.9519E-01 -3.2201E-02 -3.0498E-02
  1.6294E-02 -2.9460E-01 -3.2623E-02 -3.0899E-02
  1.6508E-02 -2.9394E-01 -3.3052E-02 -3.1304E-02
  1.6725E-02 -2.9319E-01 -3.3486E-02 -3.1715E-02
  1.6944E-02 -2.9236E-01 -3.3925E-02 -3.2131E-02
  1.7167E-02 -2.9144E-01 -3.4370E-02 -3.2553E-02
  1.7392E-02 -2.9044E-01 -3.4821E-02 -3.2980E-02
  1.7620E-02 -2.8935E-01 -3.5278E-02 -3.3412E-02
  1.7851E-02 -2.8817E-01 -3.5740E-02 -3.3850E-02
  1.8085E-02 -2.8690E-01 -3.6209E-02 -3.4294E-02
  1.8322E-02 -2.8553E-01 -3.6683E-02 -3.4743E-02
  1.8562E-02 -2.8407E-01 -3.7164E-02 -3.5198E-02
  1.8806E-02 -2.8251E-01 -3.7651E-02 -3.5659E-02
  1.9052E-02 -2.8086E-01 -3.8144E-02 -3.6126E-02
  1.9302E-02 -2.7910E-01 -3.8644E-02 -3.6599E-02
  1.9554E-02 -2.7725E-01 -3.9150E-02 -3.7078E-02
  1.9810E-02 -2.7529E-01 -3.9662E-02 -3.7564E-02
  2.0070E-02 -2.7322E-01 -4.0182E-02 -3.8055E-02
  2.0332E-02 -2.7105E-01 -4.0708E-02 -3.8553E-02
  2.0598E-02 -2.6877E-01 -4.1240E-02 -3.9057E-02
  2.0868E-02 -2.6638E-01 -4.1780E-02 -3.9568E-02
  2.1141E-02 -2.6388E-01 -4.2326E-02 -4.0086E-02
  2.1418E-02 -2.6127E-01 -4.2880E-02 -4.0610E-02
  2.1698E-02 -2.5854E-01 -4.3441E-02 -4.1140E-02
  2.1981E-02 -2.5570E-01 -4.4009E-02 -4.1678E-02
  2.2269E-02 -2.5274E-01 -4.4584E-02 -4.2223E-02
  2.2560E-02 -2.4966E-01 -4.5167E-02 -4.2774E-02
  2.2855E-02 -2.4647E-01 -4.5757E-02 -4.3333E-02
  2.3153E-02 -2.4315E-01 -4.6355E-02 -4.3899E-02
  2.3456E-02 -2.3970E-01 -4.6960E-02 -4.4472E-02
  2.3762E-02 -2.3614E-01 -4.7574E-02 -4.5053E-02
  2.4073E-02 -2.3245E-01 -4.8195E-02 -4.5641E-02
  2.4387E-02 -2.2863E-01 -4.8824E-02 -4.6237E-02
  2.4705E-02 -2.2468E-01 -4.9462E-02 -4.6840E-02
  2.5028E-02 -2.2061E-01 -5.0108E-02 -4.7451E-02
  2.5355E-02 -2.1640E-01 -5.0762E-02 -4.8070E-02
  2.5686E-02 -2.1207E-01 -5.1424E-02 -4.8697E-02
  2.6021E-02 -2.0760E-01 -5.2095E-02 -4.9332E-02
  2.6360E-02 -2.0300E-01 -5.2775E-02 -4.9975E-02
  2.6704E-02 -1.9827E-01 -5.3463E-02 -5.0627E-02
  2.7053E-02 -1.9340E-01 -5.4161E-02 -5.1287E-02
  2.7405E-02 -1.8840E-01 -5.4867E-02 -5.1955E-02
  2.7763E-02 -1.8327E-01 -5.5583E-02 -5.2632E-02
  2.8125E-02 -1.7800E-01 -5.6307E-02 -5.3318E-02
  2.8492E-02 -1.7259E-01 -5.7041E-02 -5.4013E-02
  2.8863E-02 -1.6704E-01 -5.7785E-02 -5.4716E-02
  2.9239E-02 -1.6136E-01 -5.8538E-02 -5.5429E-02
  2.9620E-02 -1.5554E-01 -5.9301E-02 -5.6151E-02
  3.0006E-02 -1.4959E-01 -6.0074E-02 -5.6882E-02
  3.0397E-02 -1.4350E-01 -6.0856E-02 -5.7622E-02
  3.0793E-02 -1.3727E-01 -6.1649E-02 -5.8372E-02
  3.1195E-02 -1.3090E-01 -6.2452E-02 -5.9132E-02
  3.1601E-02 -1.2440E-01 -6.3265E-02 -5.9901E-02
  3.2013E-02 -1.1777E-01 -6.4089E-02 -6.0681E-02
  3.2429E-02 -1.1100E-01 -6.4924E-02 -6.1470E-02
  3.2852E-02 -1.0409E-01 -6.5769E-02 -6.2270E-02
  3.3279E-02 -9.7054E-02 -6.6625E-02 -6.3080E-02
  3.3713E-02 -8.9884E-02 -6.7492E-02 -6.3900E-02
  3.4152E-02 -8.2583E-02 -6.8371E-02 -6.4731E-02
  3.4596E-02 -7.5152E-02 -6.9261E-02 -6.5572E-02
  3.5046E-02 -6.7592E-02 -7.0162E-02 -6.6425E-02
  3.5502E-02 -5.9907E-02 -7.1075E-02 -6.7288E-02
  3.5964E-02 -5.2096E-02 -7.1999E-02 -6.8162E-02
  3.6432E-02 -4.4162E-02 -7.2936E-02 -6.9048E-02
  3.6906E-02 -3.6108E-02 -7.3885E-02 -6.9945E-02
  3.7386E-02 -2.7934E-02 -7.4846E-02 -7.0854E-02
  3.7873E-02 -1.9645E-02 -7.5819E-02 -7.1774E-02
  3.8365E-02 -1.1241E-02 -7.6805E-02 -7.2706E-02
  3.8864E-02 -2.7273E-03 -7.7803E-02 -7.3650E-02
  3.9370E-02  5.8948E-03 -7.8815E-02 -7.4606E-02
  3.9882E-02  1.4622E-02 -7.9839E-02 -7.5575E-02
  4.0400E-02  2.3450E-02 -8.0877E-02 -7.6555E-02
  4.0925E-02  3.2377E-02 -8.1928E-02 -7.7549E-02
  4.1457E-02  4.1397E-02 -8.2993E-02 -7.8555E-02
  4.1996E-02  5.0508E-02 -8.4072E-02 -7.9574E-02
  4.2542E-02  5.9706E-02 -8.5164E-02 -8.0607E-02
  4.3095E-02  6.8985E-02 -8.6270E-02 -8.1652E-02
  4.3655E-02  7.8342E-02 -8.7391E-02 -8.2711E-02
  4.4222E-02  8.7771E-02 -8.8526E-02 -8.3784E-02
  4.4797E-02  9.7268E-02 -8.9676E-02 -8.4870E-02
  4.5379E-02  1.0683E-01 -9.0841E-02 -8.5970E-02
  4.5968E-02  1.1644E-01 -9.2020E-02 -8.7085E-02
  4.6565E-02  1.2611E-01 -9.3215E-02 -8.8213E-02
  4.7170E-02  1.3583E-01 -9.4426E-02 -8.9356E-02
  4.7783E-02  1.4558E-01 -9.5652E-02 -9.0514E-02
  4.8403E-02  1.5537E-01 -9.6893E-02 -9.1687E-02
  4.9032E-02  1.6518E-01 -9.8151E-02 -9.2875E-02
  4.9669E-02  1.7501E-01 -9.9425E-02 -9.4077E-02
  5.0314E-02  1.8486E-01 -1.0072E-01 -9.5296E-02
  5.0967E-02  1.9471E-01 -1.0202E-01 -9.6530E-02
  5.1628E-02  2.0456E-01 -1.0335E-01 -9.7779E-02
  5.2299E-02  2.1441E-01 -1.0469E-01 -9.9045E-02
  5.2978E-02  2.2423E-01 -1.0605E-01 -1.0033E-01
  5.3665E-02  2.3403E-01 -1.0742E-01 -1.0163E-01
  5.4362E-02  2.4379E-01 -1.0882E-01 -1.0294E-01
  5.5067E-02  2.5352E-01 -1.1023E-01 -1.0427E-01
  5.5782E-02  2.6319E-01 -1.1166E-01 -1.0562E-01
  5.6506E-02  2.7280E-01 -1.1310E-01 -1.0699E-01
  5.7239E-02  2.8234E-01 -1.1457E-01 -1.0837E-01
  5.7982E-02  2.9181E-01 -1.1606E-01 -1.0977E-01
  5.8734E-02  3.0118E-01 -1.1756E-01 -1.1119E-01
  5.9496E-02  3.1046E-01 -1.1909E-01 -1.1263E-01
  6.0268E-02  3.1963E-01 -1.2063E-01 -1.1408E-01
  6.1049E-02  3.2868E-01 -1.2219E-01 -1.1556E-01
  6.1841E-02  3.3760E-01 -1.2378E-01 -1.1705E-01
  6.2643E-02  3.4637E-01 -1.2538E-01 -1.1856E-01
  6.3456E-02  3.5500E-01 -1.2701E-01 -1.2009E-01
  6.4279E-02  3.6347E-01 -1.2865E-01 -1.2164E-01
  6.5112E-02  3.7176E-01 -1.3032E-01 -1.2321E-01
  6.5957E-02  3.7987E-01 -1.3201E-01 -1.2480E-01
  6.6812E-02  3.8779E-01 -1.3372E-01 -1.2642E-01
  6.7678E-02  3.9549E-01 -1.3545E-01 -1.2805E-01
  6.8556E-02  4.0298E-01 -1.3721E-01 -1.2970E-01
  6.9444E-02  4.1024E-01 -1.3898E-01 -1.3137E-01
  7.0345E-02  4.1725E-01 -1.4078E-01 -1.3307E-01
  7.1256E-02  4.2401E-01 -1.4261E-01 -1.3478E-01
  7.2180E-02  4.3050E-01 -1.4446E-01 -1.3652E-01
  7.3116E-02  4.3671E-01 -1.4633E-01 -1.3828E-01
  7.4063E-02  4.4263E-01 -1.4822E-01 -1.4006E-01
  7.5023E-02  4.4825E-01 -1.5014E-01 -1.4187E-01
  7.5996E-02  4.5355E-01 -1.5208E-01 -1.4369E-01
  7.6981E-02  4.5853E-01 -1.5405E-01 -1.4554E-01
  7.7978E-02  4.6316E-01 -1.5605E-01 -1.4742E-01
  7.8989E-02  4.6744E-01 -1.5807E-01 -1.4932E-01
  8.0012E-02  4.7136E-01 -1.6011E-01 -1.5124E-01
  8.1049E-02  4.7490E-01 -1.6219E-01 -1.5318E-01
  8.2099E-02  4.7806E-01 -1.6429E-01 -1.5515E-01
  8.3163E-02  4.8081E-01 -1.6641E-01 -1.5715E-01
  8.4240E-02  4.8316E-01 -1.6856E-01 -1.5917E-01
  8.5331E-02  4.8508E-01 -1.7075E-01 -1.6122E-01
  8.6437E-02  4.8656E-01 -1.7296E-01 -1.6329E-01
  8.7556E-02  4.8760E-01 -1.7519E-01 -1.6539E-01
  8.8691E-02  4.8819E-01 -1.7746E-01 -1.6751E-01
  8.9839E-02  4.8831E-01 -1.7975E-01 -1.6966E-01
  9.1003E-02  4.8795E-01 -1.8208E-01 -1.7184E-01
  9.2182E-02  4.8711E-01 -1.8443E-01 -1.7405E-01
  9.3376E-02  4.8577E-01 -1.8682E-01 -1.7628E-01
  9.4585E-02  4.8393E-01 -1.8924E-01 -1.7854E-01
  9.5810E-02  4.8157E-01 -1.9168E-01 -1.8083E-01
  9.7051E-02  4.7869E-01 -1.9416E-01 -1.8315E-01
  9.8307E-02  4.7529E-01 -1.9667E-01 -1.8550E-01
  9.9580E-02  4.7134E-01 -1.9921E-01 -1.8788E-01
  1.0087E-01  4.6685E-01 -2.0179E-01 -1.9028E-01
  1.0218E-01  4.6181E-01 -2.0440E-01 -1.9272E-01
  1.0350E-01  4.5621E-01 -2.0704E-01 -1.9519E-01
  1.0484E-01  4.5005E-01 -2.0972E-01 -1.9769E-01
  1.0620E-01  4.4333E-01 -2.1243E-01 -2.0022E-01
  1.0757E-01  4.3603E-01 -2.1517E-01 -2.0278E-01
  1.0896E-01  4.2817E-01 -2.1795E-01 -2.0537E-01
  1.1037E-01  4.1972E-01 -2.2077E-01 -2.0799E-01
  1.1180E-01  4.1070E-01 -2.2362E-01 -2.1065E-01
  1.1325E-01  4.0110E-01 -2.2651E-01 -2.1334E-01
  1.1472E-01  3.9093E-01 -2.2943E-01 -2.1606E-01
  1.1620E-01  3.8017E-01 -2.3240E-01 -2.1882E-01
  1.1771E-01  3.6884E-01 -2.3540E-01 -2.2161E-01
  1.1923E-01  3.5693E-01 -2.3844E-01 -2.2444E-01
  1.2077E-01  3.4445E-01 -2.4151E-01 -2.2730E-01
  1.2233E-01  3.3141E-01 -2.4463E-01 -2.3019E-01
  1.2392E-01  3.1780E-01 -2.4779E-01 -2.3313E-01
  1.2552E-01  3.0364E-01 -2.5099E-01 -2.3609E-01
  1.2715E-01  2.8893E-01 -2.5423E-01 -2.3910E-01
  1.2879E-01  2.7368E-01 -2.5751E-01 -2.4214E-01
  1.3046E-01  2.5790E-01 -2.6083E-01 -2.4521E-01
  1.3215E-01  2.4160E-01 -2.6420E-01 -2.4833E-01
  1.3386E-01  2.2478E-01 -2.6761E-01 -2.5148E-01
  1.3559E-01  2.0747E-01 -2.7106E-01 -2.5467E-01
  1.3734E-01  1.8968E-01 -2.7455E-01 -2.5790E-01
  1.3912E-01  1.7141E-01 -2.7810E-01 -2.6117E-01
  1.4092E-01  1.5270E-01 -2.8168E-01 -2.6448E-01
  1.4274E-01  1.3354E-01 -2.8531E-01 -2.6783E-01
  1.4459E-01  1.1397E-01 -2.8899E-01 -2.7122E-01
  1.4646E-01  9.3991E-02 -2.9272E-01 -2.7465E-01
  1.4836E-01  7.3636E-02 -2.9649E-01 -2.7812E-01
  1.5027E-01  5.2922E-02 -3.0031E-01 -2.8163E-01
  1.5222E-01  3.1872E-02 -3.0418E-01 -2.8518E-01
  1.5419E-01  1.0509E-02 -3.0810E-01 -2.8878E-01
  1.5618E-01 -1.1142E-02 -3.1207E-01 -2.9242E-01
  1.5820E-01 -3.3056E-02 -3.1609E-01 -2.9610E-01
  1.6025E-01 -5.5205E-02 -3.2016E-01 -2.9983E-01
  1.6232E-01 -7.7562E-02 -3.2428E-01 -3.0360E-01
  1.6442E-01 -1.0010E-01 -3.2846E-01 -3.0741E-01
  1.6655E-01 -1.2278E-01 -3.3269E-01 -3.1127E-01
  1.6870E-01 -1.4559E-01 -3.3697E-01 -3.1518E-01
  1.7088E-01 -1.6847E-01 -3.4131E-01 -3.1913E-01
  1.7309E-01 -1.9142E-01 -3.4570E-01 -3.2313E-01
  1.7533E-01 -2.1438E-01 -3.5015E-01 -3.2717E-01
  1.7760E-01 -2.3732E-01 -3.5465E-01 -3.3126E-01
  1.7990E-01 -2.6022E-01 -3.5921E-01 -3.3540E-01
  1.8222E-01 -2.8302E-01 -3.6383E-01 -3.3958E-01
  1.8458E-01 -3.0571E-01 -3.6851E-01 -3.4381E-01
  1.8697E-01 -3.2823E-01 -3.7325E-01 -3.4810E-01
  1.8939E-01 -3.5055E-01 -3.7805E-01 -3.5243E-01
  1.9183E-01 -3.7263E-01 -3.8291E-01 -3.5681E-01
  1.9432E-01 -3.9443E-01 -3.8783E-01 -3.6123E-01
  1.9683E-01 -4.1591E-01 -3.9281E-01 -3.6571E-01
  1.9937E-01 -4.3703E-01 -3.9785E-01 -3.7024E-01
  2.0195E-01 -4.5775E-01 -4.0296E-01 -3.7482E-01
  2.0456E-01 -4.7803E-01 -4.0813E-01 -3.7945E-01
  2.0721E-01 -4.9783E-01 -4.1337E-01 -3.8414E-01
  2.0989E-01 -5.1710E-01 -4.1868E-01 -3.8887E-01
  2.1260E-01 -5.3581E-01 -4.2405E-01 -3.9365E-01
  2.1535E-01 -5.5391E-01 -4.2949E-01 -3.9849E-01
  2.1813E-01 -5.7136E-01 -4.3500E-01 -4.0338E-01
  2.2095E-01 -5.8812E-01 -4.4057E-01 -4.0833E-01
  2.2381E-01 -6.0414E-01 -4.4622E-01 -4.1332E-01
  2.2671E-01 -6.1940E-01 -4.5194E-01 -4.1837E-01
  2.2964E-01 -6.3385E-01 -4.5773E-01 -4.2348E-01
  2.3260E-01 -6.4744E-01 -4.6359E-01 -4.2863E-01
  2.3561E-01 -6.6015E-01 -4.6952E-01 -4.3384E-01
  2.3866E-01 -6.7193E-01 -4.7553E-01 -4.3911E-01
  2.4174E-01 -6.8274E-01 -4.8162E-01 -4.4443E-01
  2.4487E-01 -6.9255E-01 -4.8778E-01 -4.4981E-01
  2.4803E-01 -7.0133E-01 -4.9402E-01 -4.5524E-01
  2.5124E-01 -7.0903E-01 -5.0033E-01 -4.6072E-01
  2.5449E-01 -7.1563E-01 -5.0673E-01 -4.6626E-01
  2.5778E-01 -7.2110E-01 -5.1320E-01 -4.7186E-01
  2.6111E-01 -7.2541E-01 -5.1976E-01 -4.7751E-01
  2.6449E-01 -7.2852E-01 -5.2639E-01 -4.8321E-01
  2.6790E-01 -7.3042E-01 -5.3311E-01 -4.8897E-01
  2.7137E-01 -7.3107E-01 -5.3991E-01 -4.9479E-01
  2.7488E-01 -7.3045E-01 -5.4680E-01 -5.0066E-01
  2.7843E-01 -7.2855E-01 -5.5377E-01 -5.0659E-01
  2.8203E-01 -7.2534E-01 -5.6082E-01 -5.1257E-01
  2.8567E-01 -7.2081E-01 -5.6797E-01 -5.1861E-01
  2.8937E-01 -7.1494E-01 -5.7520E-01 -5.2470E-01
  2.9311E-01 -7.0773E-01 -5.8252E-01 -5.3084E-01
  2.9689E-01 -6.9915E-01 -5.8993E-01 -5.3705E-01
  3.0073E-01 -6.8921E-01 -5.9743E-01 -5.4330E-01
  3.0462E-01 -6.7789E-01 -6.0502E-01 -5.4961E-01
  3.0856E-01 -6.6520E-01 -6.1270E-01 -5.5597E-01
  3.1254E-01 -6.5114E-01 -6.2048E-01 -5.6239E-01
  3.1658E-01 -6.3570E-01 -6.2836E-01 -5.6886E-01
  3.2067E-01 -6.1891E-01 -6.3632E-01 -5.7538E-01
  3.2482E-01 -6.0075E-01 -6.4439E-01 -5.8195E-01
  3.2902E-01 -5.8126E-01 -6.5255E-01 -5.8857E-01
  3.3327E-01 -5.6043E-01 -6.6081E-01 -5.9524E-01
  3.3758E-01 -5.3829E-01 -6.6917E-01 -6.0197E-01
  3.4194E-01 -5.1486E-01 -6.7763E-01 -6.0874E-01
  3.4636E-01 -4.9017E-01 -6.8619E-01 -6.1555E-01
  3.5083E-01 -4.6423E-01 -6.9486E-01 -6.2242E-01
  3.5537E-01 -4.3708E-01 -7.0362E-01 -6.2933E-01
  3.5996E-01 -4.0876E-01 -7.1249E-01 -6.3629E-01
  3.6461E-01 -3.7929E-01 -7.2147E-01 -6.4329E-01
  3.6932E-01 -3.4871E-01 -7.3055E-01 -6.5033E-01
  3.7410E-01 -3.1708E-01 -7.3974E-01 -6.5742E-01
  3.7893E-01 -2.8443E-01 -7.4904E-01 -6.6454E-01
  3.8383E-01 -2.5081E-01 -7.5844E-01 -6.7170E-01
  3.8879E-01 -2.1627E-01 -7.6796E-01 -6.7890E-01
  3.9381E-01 -1.8087E-01 -7.7758E-01 -6.8613E-01
  3.9890E-01 -1.4466E-01 -7.8732E-01 -6.9340E-01
  4.0405E-01 -1.0769E-01 -7.9717E-01 -7.0069E-01
  4.0928E-01 -7.0046E-02 -8.0713E-01 -7.0802E-01
  4.1456E-01 -3.1775E-02 -8.1721E-01 -7.1537E-01
  4.1992E-01  7.0528E-03 -8.2740E-01 -7.2275E-01
  4.2535E-01  4.6367E-02 -8.3771E-01 -7.3015E-01
  4.3084E-01  8.6096E-02 -8.4813E-01 -7.3757E-01
  4.3641E-01  1.2617E-01 -8.5867E-01 -7.4501E-01
  4.4205E-01  1.6650E-01 -8.6933E-01 -7.5246E-01
  4.4776E-01  2.0702E-01 -8.8011E-01 -7.5992E-01
  4.5355E-01  2.4765E-01 -8.9100E-01 -7.6739E-01
  4.5941E-01  2.8831E-01 -9.0202E-01 -7.7486E-01
  4.6534E-01  3.2891E-01 -9.1315E-01 -7.8234E-01
  4.7136E-01  3.6937E-01 -9.2441E-01 -7.8981E-01
  4.7745E-01  4.0960E-01 -9.3579E-01 -7.9728E-01
  4.8361E-01  4.4952E-01 -9.4729E-01 -8.0473E-01
  4.8986E-01  4.8904E-01 -9.5891E-01 -8.1217E-01
  4.9619E-01  5.2808E-01 -9.7065E-01 -8.1960E-01
  5.0260E-01  5.6653E-01 -9.8252E-01 -8.2699E-01
  5.0910E-01  6.0433E-01 -9.9451E-01 -8.3436E-01
  5.1567E-01  6.4137E-01 -1.0066E+00 -8.4170E-01
  5.2234E-01  6.7757E-01 -1.0189E+00 -8.4899E-01
  5.2909E-01  7.1284E-01 -1.0312E+00 -8.5624E-01
  5.3592E-01  7.4709E-01 -1.0437E+00 -8.6344E-01
  5.4285E-01  7.8025E-01 -1.0563E+00 -8.7059E-01
  5.4986E-01  8.1221E-01 -1.0690E+00 -8.7766E-01
  5.5696E-01  8.4290E-01 -1.0819E+00 -8.8467E-01
  5.6416E-01  8.7224E-01 -1.0948E+00 -8.9160E-01
  5.7145E-01  9.0014E-01 -1.1079E+00 -8.9845E-01
  5.7883E-01  9.2653E-01 -1.1211E+00 -9.0520E-01
  5.8631E-01  9.5132E-01 -1.1345E+00 -9.1186E-01
  5.9388E-01  9.7445E-01 -1.1479E+00 -9.1840E-01
  6.0155E-01  9.9584E-01 -1.1615E+00 -9.2483E-01
  6.0933E-01  1.0154E+00 -1.1752E+00 -9.3113E-01
  6.1720E-01  1.0331E+00 -1.1890E+00 -9.3729E-01
  6.2517E-01  1.0488E+00 -1.2029E+00 -9.4331E-01
  6.3325E-01  1.0626E+00 -1.2169E+00 -9.4917E-01
  6.4143E-01  1.0743E+00 -1.2310E+00 -9.5486E-01
  6.4971E-01  1.0838E+00 -1.2453E+00 -9.6038E-01
  6.5811E-01  1.0912E+00 -1.2596E+00 -9.6570E-01
  6.6661E-01  1.0963E+00 -1.2741E+00 -9.7083E-01
  6.7522E-01  1.0991E+00 -1.2886E+00 -9.7574E-01
  6.8394E-01  1.0997E+00 -1.3033E+00 -9.8042E-01
  6.9278E-01  1.0979E+00 -1.3180E+00 -9.8486E-01
  7.0173E-01  1.0937E+00 -1.3329E+00 -9.8905E-01
  7.1079E-01  1.0871E+00 -1.3478E+00 -9.9297E-01
  7.1998E-01  1.0780E+00 -1.3628E+00 -9.9660E-01
  7.2928E-01  1.0665E+00 -1.3779E+00 -9.9993E-01
  7.3870E-01  1.0526E+00 -1.3930E+00 -1.0029E+00
  7.4824E-01  1.0362E+00 -1.4082E+00 -1.0056E+00
  7.5791E-01  1.0173E+00 -1.4235E+00 -1.0080E+00
  7.6770E-01  9.9592E-01 -1.4388E+00 -1.0099E+00
  7.7761E-01  9.7213E-01 -1.4542E+00 -1.0115E+00
  7.8766E-01  9.4590E-01 -1.4696E+00 -1.0127E+00
  7.9783E-01  9.1727E-01 -1.4851E+00 -1.0134E+00
  8.0814E-01  8.8626E-01 -1.5006E+00 -1.0138E+00
  8.1858E-01  8.5290E-01 -1.5161E+00 -1.0136E+00
  8.2915E-01  8.1724E-01 -1.5316E+00 -1.0130E+00
  8.3986E-01  7.7932E-01 -1.5471E+00 -1.0118E+00
  8.5071E-01  7.3920E-01 -1.5626E+00 -1.0101E+00
  8.6170E-01  6.9693E-01 -1.5781E+00 -1.0079E+00
  8.7283E-01  6.5258E-01 -1.5935E+00 -1.0051E+00
  8.8411E-01  6.0622E-01 -1.6089E+00 -1.0016E+00
  8.9553E-01  5.5791E-01 -1.6242E+00 -9.9759E-01
  9.0709E-01  5.0775E-01 -1.6395E+00 -9.9290E-01
  9.1881E-01  4.5582E-01 -1.6547E+00 -9.8752E-01
  9.3068E-01  4.0221E-01 -1.6697E+00 -9.8144E-01
  9.4270E-01  3.4701E-01 -1.6847E+00 -9.7463E-01
  9.5488E-01  2.9032E-01 -1.6995E+00 -9.6706E-01
  9.6721E-01  2.3226E-01 -1.7141E+00 -9.5871E-01
  9.7970E-01  1.7294E-01 -1.7286E+00 -9.4954E-01
  9.9236E-01  1.1246E-01 -1.7428E+00 -9.3953E-01
  1.0052E+00  5.0946E-02 -1.7569E+00 -9.2866E-01
  1.0182E+00 -1.1473E-02 -1.7707E+00 -9.1688E-01
  1.0313E+00 -7.4671E-02 -1.7842E+00 -9.0419E-01
  1.0446E+00 -1.3852E-01 -1.7974E+00 -8.9054E-01
  1.0581E+00 -2.0288E-01 -1.8103E+00 -8.7591E-01
  1.0718E+00 -2.6761E-01 -1.8228E+00 -8.6028E-01
  1.0856E+00 -3.3258E-01 -1.8350E+00 -8.4361E-01
  1.0997E+00 -3.9763E-01 -1.8467E+00 -8.2588E-01
  1.1139E+00 -4.6263E-01 -1.8580E+00 -8.0707E-01
  1.1282E+00 -5.2741E-01 -1.8687E+00 -7.8716E-01
  1.1428E+00 -5.9183E-01 -1.8790E+00 -7.6611E-01
  1.1576E+00 -6.5573E-01 -1.8887E+00 -7.4391E-01
  1.1725E+00 -7.1896E-01 -1.8977E+00 -7.2054E-01
  1.1877E+00 -7.8135E-01 -1.9061E+00 -6.9598E-01
  1.2030E+00 -8.4275E-01 -1.9138E+00 -6.7022E-01
  1.2186E+00 -9.0300E-01 -1.9208E+00 -6.4325E-01
  1.2343E+00 -9.6193E-01 -1.9269E+00 -6.1505E-01
  1.2502E+00 -1.0194E+00 -1.9322E+00 -5.8563E-01
  1.2664E+00 -1.0752E+00 -1.9365E+00 -5.5497E-01
  1.2827E+00 -1.1292E+00 -1.9399E+00 -5.2308E-01
  1.2993E+00 -1.1813E+00 -1.9423E+00 -4.8998E-01
  1.3161E+00 -1.2312E+00 -1.9435E+00 -4.5566E-01
  1.3331E+00 -1.2788E+00 -1.9436E+00 -4.2016E-01
  1.3503E+00 -1.3240E+00 -1.9424E+00 -3.8348E-01
  1.3678E+00 -1.3666E+00 -1.9400E+00 -3.4568E-01
  1.3854E+00 -1.4064E+00 -1.9362E+00 -3.0678E-01
  1.4033E+00 -1.4433E+00 -1.9309E+00 -2.6683E-01
  1.4214E+00 -1.4772E+00 -1.9240E+00 -2.2589E-01
  1.4398E+00 -1.5078E+00 -1.9156E+00 -1.8403E-01
  1.4584E+00 -1.5351E+00 -1.9054E+00 -1.4132E-01
  1.4772E+00 -1.5588E+00 -1.8934E+00 -9.7854E-02
  1.4963E+00 -1.5790E+00 -1.8796E+00 -5.3726E-02
  1.5156E+00 -1.5954E+00 -1.8638E+00 -9.0515E-03
  1.5352E+00 -1.6079E+00 -1.8459E+00  3.6042E-02
  1.5550E+00 -1.6164E+00 -1.8258E+00  8.1415E-02
  1.5751E+00 -1.6207E+00 -1.8035E+00  1.2691E-01
  1.5955E+00 -1.6209E+00 -1.7788E+00  1.7235E-01
  1.6161E+00 -1.6167E+00 -1.7517E+00  2.1756E-01
  1.6369E+00 -1.6081E+00 -1.7220E+00  2.6231E-01
  1.6581E+00 -1.5951E+00 -1.6897E+00  3.0640E-01
  1.6795E+00 -1.5774E+00 -1.6546E+00  3.4957E-01
  1.7012E+00 -1.5552E+00 -1.6167E+00  3.9158E-01
  1.7232E+00 -1.5283E+00 -1.5758E+00  4.3212E-01
  1.7454E+00 -1.4967E+00 -1.5319E+00  4.7092E-01
  1.7680E+00 -1.4604E+00 -1.4848E+00  5.0766E-01
  1.7908E+00 -1.4194E+00 -1.4346E+00  5.4200E-01
  1.8139E+00 -1.3736E+00 -1.3811E+00  5.7359E-01
  1.8373E+00 -1.3231E+00 -1.3242E+00  6.0209E-01
  1.8611E+00 -1.2680E+00 -1.2640E+00  6.2713E-01
  1.8851E+00 -1.2083E+00 -1.2003E+00  6.4831E-01
  1.9095E+00 -1.1440E+00 -1.1331E+00  6.6528E-01
  1.9341E+00 -1.0753E+00 -1.0625E+00  6.7766E-01
  1.9591E+00 -1.0023E+00 -9.8830E-01  6.8507E-01
  1.9844E+00 -9.2501E-01 -9.1065E-01  6.8718E-01
  2.0100E+00 -8.4370E-01 -8.2954E-01  6.8366E-01
  2.0360E+00 -7.5852E-01 -7.4503E-01  6.7425E-01
  2.0623E+00 -6.6965E-01 -6.5721E-01  6.5870E-01
  2.0889E+00 -5.7732E-01 -5.6619E-01  6.3687E-01
  2.1159E+00 -4.8177E-01 -4.7211E-01  6.0870E-01
  2.1432E+00 -3.8326E-01 -3.7515E-01  5.7423E-01
  2.1709E+00 -2.8208E-01 -2.7550E-01  5.3365E-01
  2.1989E+00 -1.7856E-01 -1.7342E-01  4.8731E-01
  2.2273E+00 -7.3024E-02 -6.9195E-02  4.3578E-01
  2.2561E+00  3.4150E-02  3.6855E-02  3.7988E-01
  2.2852E+00  1.4257E-01  1.4436E-01  3.2070E-01
  2.3147E+00  2.5183E-01  2.5291E-01  2.5971E-01
  2.3446E+00  3.6148E-01  3.6206E-01  1.9878E-01
  2.3749E+00  4.7105E-01  4.7132E-01  1.4028E-01
  2.4056E+00  5.8006E-01  5.8016E-01  8.7127E-02
  2.4367E+00  6.8801E-01  6.8803E-01  4.2942E-02
  2.4681E+00  7.9435E-01  7.9435E-01  1.2104E-02
  2.5000E+00  8.9853E-01  8.9853E-01  0.0000E+00
  2.5323E+00  1.0000E+00  1.0000E+00  0.0000E+00
  2.5650E+00  1.0982E+00  1.0982E+00  0.0000E+00
  2.5981E+00  1.1924E+00  1.1924E+00  0.0000E+00
  2.6317E+00  1.2822E+00  1.2822E+00  0.0000E+00
  2.6657E+00  1.3668E+00  1.3668E+00  0.0000E+00
  2.7001E+00  1.4457E+00  1.4457E+00  0.0000E+00
  2.7350E+00  1.5183E+00  1.5183E+00  0.0000E+00
  2.7703E+00  1.5839E+00  1.5839E+00  0.0000E+00
  2.8060E+00  1.6419E+00  1.6419E+00  0.0000E+00
  2.8423E+00  1.6917E+00  1.6917E+00  0.0000E+00
  2.8790E+00  1.7329E+00  1.7329E+00  0.0000E+00
  2.9162E+00  1.7647E+00  1.7647E+00  0.0000E+00
  2.9538E+00  1.7868E+00  1.7868E+00  0.0000E+00
  2.9920E+00  1.7986E+00  1.7986E+00  0.0000E+00
  3.0306E+00  1.7998E+00  1.7998E+00  0.0000E+00
  3.0698E+00  1.7898E+00  1.7898E+00  0.0000E+00
  3.1094E+00  1.7685E+00  1.7685E+00  0.0000E+00
  3.1496E+00  1.7355E+00  1.7355E+00  0.0000E+00
  3.1902E+00  1.6906E+00  1.6906E+00  0.0000E+00
  3.2314E+00  1.6339E+00  1.6339E+00  0.0000E+00
  3.2732E+00  1.5651E+00  1.5651E+00  0.0000E+00
  3.3154E+00  1.4845E+00  1.4845E+00  0.0000E+00
  3.3582E+00  1.3922E+00  1.3922E+00  0.0000E+00
  3.4016E+00  1.2884E+00  1.2884E+00  0.0000E+00
  3.4455E+00  1.1737E+00  1.1737E+00  0.0000E+00
  3.4900E+00  1.0484E+00  1.0484E+00  0.0000E+00
  3.5351E+00  9.1328E-01  9.1328E-01  0.0000E+00
  3.5808E+00  7.6907E-01  7.6907E-01  0.0000E+00
  3.6270E+00  6.1668E-01  6.1668E-01  0.0000E+00
  3.6739E+00  4.5713E-01  4.5713E-01  0.0000E+00
  3.7213E+00  2.9159E-01  2.9159E-01  0.0000E+00
  3.7694E+00  1.2135E-01  1.2135E-01  0.0000E+00
  3.8180E+00 -5.2176E-02 -5.2176E-02  0.0000E+00
  3.8673E+00 -2.2746E-01 -2.2746E-01  0.0000E+00
  3.9173E+00 -4.0285E-01 -4.0285E-01  0.0000E+00
  3.9679E+00 -5.7660E-01 -5.7660E-01  0.0000E+00
  4.0191E+00 -7.4688E-01 -7.4688E-01  0.0000E+00
  4.0710E+00 -9.1178E-01 -9.1178E-01  0.0000E+00
  4.1236E+00 -1.0693E+00 -1.0693E+00  0.0000E+00
  4.1768E+00 -1.2176E+00 -1.2176E+00  0.0000E+00
  4.2308E+00 -1.3544E+00 -1.3544E+00  0.0000E+00
  4.2854E+00 -1.4780E+00 -1.4780E+00  0.0000E+00
  4.3408E+00 -1.5863E+00 -1.5863E+00  0.0000E+00
  4.3968E+00 -1.6774E+00 -1.6774E+00  0.0000E+00
  4.4536E+00 -1.7497E+00 -1.7497E+00  0.0000E+00
  4.5111E+00 -1.8014E+00 -1.8014E+00  0.0000E+00
  4.5694E+00 -1.8312E+00 -1.8312E+00  0.0000E+00
  4.6284E+00 -1.8378E+00 -1.8378E+00  0.0000E+00
  4.6881E+00 -1.8202E+00 -1.8202E+00  0.0000E+00
  4.7487E+00 -1.7779E+00 -1.7779E+00  0.0000E+00
