 # l=           1 basis function with energy    -5.4127499301653434E-002
  0.0000E+00  0.0000E+00  0.0000E+00  0.0000E+00
  3.5252E-06 -7.0393E-09  7.8870E-13 -2.9417E-10
  7.0958E-06 -2.3095E-08  3.1957E-12 -1.1919E-09
  1.0713E-05 -4.6493E-08  7.2836E-12 -2.7167E-09
  1.4376E-05 -7.6636E-08  1.3117E-11 -4.8925E-09
  1.8087E-05 -1.1322E-07  2.0763E-11 -7.7442E-09
  2.1846E-05 -1.5607E-07  3.0289E-11 -1.1297E-08
  2.5653E-05 -2.0509E-07  4.1766E-11 -1.5578E-08
  2.9509E-05 -2.6024E-07  5.5268E-11 -2.0614E-08
  3.3415E-05 -3.2152E-07  7.0868E-11 -2.6433E-08
  3.7372E-05 -3.8896E-07  8.8644E-11 -3.3063E-08
  4.1380E-05 -4.6259E-07  1.0868E-10 -4.0534E-08
  4.5439E-05 -5.4247E-07  1.3104E-10 -4.8878E-08
  4.9551E-05 -6.2868E-07  1.5583E-10 -5.8124E-08
  5.3716E-05 -7.2132E-07  1.8313E-10 -6.8306E-08
  5.7935E-05 -8.2046E-07  2.1303E-10 -7.9457E-08
  6.2208E-05 -9.2623E-07  2.4561E-10 -9.1610E-08
  6.6537E-05 -1.0387E-06  2.8098E-10 -1.0480E-07
  7.0921E-05 -1.1581E-06  3.1923E-10 -1.1907E-07
  7.5362E-05 -1.2845E-06  3.6046E-10 -1.3445E-07
  7.9860E-05 -1.4180E-06  4.0478E-10 -1.5098E-07
  8.4417E-05 -1.5588E-06  4.5229E-10 -1.6870E-07
  8.9032E-05 -1.7070E-06  5.0309E-10 -1.8765E-07
  9.3707E-05 -1.8628E-06  5.5731E-10 -2.0787E-07
  9.8442E-05 -2.0264E-06  6.1506E-10 -2.2941E-07
  1.0324E-04 -2.1979E-06  6.7645E-10 -2.5231E-07
  1.0810E-04 -2.3775E-06  7.4162E-10 -2.7661E-07
  1.1302E-04 -2.5654E-06  8.1068E-10 -3.0237E-07
  1.1800E-04 -2.7618E-06  8.8376E-10 -3.2963E-07
  1.2305E-04 -2.9669E-06  9.6101E-10 -3.5844E-07
  1.2817E-04 -3.1809E-06  1.0426E-09 -3.8886E-07
  1.3335E-04 -3.4039E-06  1.1285E-09 -4.2092E-07
  1.3859E-04 -3.6363E-06  1.2191E-09 -4.5470E-07
  1.4391E-04 -3.8782E-06  1.3144E-09 -4.9024E-07
  1.4929E-04 -4.1298E-06  1.4146E-09 -5.2761E-07
  1.5474E-04 -4.3915E-06  1.5198E-09 -5.6686E-07
  1.6027E-04 -4.6634E-06  1.6302E-09 -6.0805E-07
  1.6586E-04 -4.9458E-06  1.7460E-09 -6.5124E-07
  1.7153E-04 -5.2389E-06  1.8674E-09 -6.9650E-07
  1.7727E-04 -5.5430E-06  1.9944E-09 -7.4390E-07
  1.8308E-04 -5.8584E-06  2.1274E-09 -7.9349E-07
  1.8897E-04 -6.1853E-06  2.2665E-09 -8.4537E-07
  1.9494E-04 -6.5241E-06  2.4118E-09 -8.9958E-07
  2.0098E-04 -6.8750E-06  2.5637E-09 -9.5621E-07
  2.0710E-04 -7.2384E-06  2.7222E-09 -1.0153E-06
  2.1330E-04 -7.6144E-06  2.8876E-09 -1.0770E-06
  2.1958E-04 -8.0035E-06  3.0601E-09 -1.1414E-06
  2.2594E-04 -8.4060E-06  3.2400E-09 -1.2085E-06
  2.3238E-04 -8.8222E-06  3.4274E-09 -1.2784E-06
  2.3891E-04 -9.2524E-06  3.6226E-09 -1.3512E-06
  2.4552E-04 -9.6970E-06  3.8258E-09 -1.4270E-06
  2.5221E-04 -1.0156E-05  4.0374E-09 -1.5059E-06
  2.5900E-04 -1.0631E-05  4.2574E-09 -1.5879E-06
  2.6587E-04 -1.1121E-05  4.4862E-09 -1.6733E-06
  2.7282E-04 -1.1627E-05  4.7242E-09 -1.7620E-06
  2.7987E-04 -1.2149E-05  4.9714E-09 -1.8543E-06
  2.8701E-04 -1.2687E-05  5.2283E-09 -1.9501E-06
  2.9424E-04 -1.3243E-05  5.4950E-09 -2.0496E-06
  3.0157E-04 -1.3817E-05  5.7720E-09 -2.1529E-06
  3.0899E-04 -1.4408E-05  6.0595E-09 -2.2601E-06
  3.1650E-04 -1.5018E-05  6.3579E-09 -2.3714E-06
  3.2412E-04 -1.5646E-05  6.6674E-09 -2.4868E-06
  3.3183E-04 -1.6294E-05  6.9884E-09 -2.6066E-06
  3.3964E-04 -1.6962E-05  7.3212E-09 -2.7307E-06
  3.4755E-04 -1.7650E-05  7.6662E-09 -2.8594E-06
  3.5556E-04 -1.8359E-05  8.0238E-09 -2.9928E-06
  3.6368E-04 -1.9089E-05  8.3943E-09 -3.1310E-06
  3.7190E-04 -1.9841E-05  8.7781E-09 -3.2741E-06
  3.8023E-04 -2.0616E-05  9.1757E-09 -3.4224E-06
  3.8866E-04 -2.1413E-05  9.5873E-09 -3.5759E-06
  3.9720E-04 -2.2234E-05  1.0013E-08 -3.7349E-06
  4.0586E-04 -2.3079E-05  1.0455E-08 -3.8994E-06
  4.1462E-04 -2.3949E-05  1.0911E-08 -4.0696E-06
  4.2350E-04 -2.4844E-05  1.1383E-08 -4.2458E-06
  4.3250E-04 -2.5765E-05  1.1872E-08 -4.4281E-06
  4.4161E-04 -2.6713E-05  1.2377E-08 -4.6166E-06
  4.5084E-04 -2.7688E-05  1.2900E-08 -4.8115E-06
  4.6018E-04 -2.8691E-05  1.3441E-08 -5.0131E-06
  4.6965E-04 -2.9723E-05  1.3999E-08 -5.2215E-06
  4.7924E-04 -3.0784E-05  1.4577E-08 -5.4369E-06
  4.8895E-04 -3.1875E-05  1.5174E-08 -5.6595E-06
  4.9879E-04 -3.2997E-05  1.5790E-08 -5.8896E-06
  5.0876E-04 -3.4151E-05  1.6428E-08 -6.1273E-06
  5.1885E-04 -3.5336E-05  1.7086E-08 -6.3729E-06
  5.2908E-04 -3.6556E-05  1.7766E-08 -6.6265E-06
  5.3944E-04 -3.7809E-05  1.8469E-08 -6.8885E-06
  5.4993E-04 -3.9097E-05  1.9194E-08 -7.1591E-06
  5.6055E-04 -4.0420E-05  1.9943E-08 -7.4384E-06
  5.7132E-04 -4.1781E-05  2.0716E-08 -7.7268E-06
  5.8222E-04 -4.3179E-05  2.1514E-08 -8.0245E-06
  5.9326E-04 -4.4615E-05  2.2338E-08 -8.3318E-06
  6.0445E-04 -4.6091E-05  2.3189E-08 -8.6490E-06
  6.1578E-04 -4.7607E-05  2.4066E-08 -8.9763E-06
  6.2726E-04 -4.9164E-05  2.4972E-08 -9.3140E-06
  6.3888E-04 -5.0764E-05  2.5906E-08 -9.6624E-06
  6.5066E-04 -5.2407E-05  2.6869E-08 -1.0022E-05
  6.6258E-04 -5.4095E-05  2.7864E-08 -1.0393E-05
  6.7466E-04 -5.5828E-05  2.8889E-08 -1.0775E-05
  6.8690E-04 -5.7608E-05  2.9946E-08 -1.1170E-05
  6.9930E-04 -5.9436E-05  3.1037E-08 -1.1576E-05
  7.1185E-04 -6.1313E-05  3.2161E-08 -1.1996E-05
  7.2457E-04 -6.3240E-05  3.3321E-08 -1.2428E-05
  7.3745E-04 -6.5219E-05  3.4516E-08 -1.2874E-05
  7.5050E-04 -6.7250E-05  3.5748E-08 -1.3334E-05
  7.6372E-04 -6.9335E-05  3.7019E-08 -1.3807E-05
  7.7710E-04 -7.1476E-05  3.8328E-08 -1.4296E-05
  7.9066E-04 -7.3674E-05  3.9677E-08 -1.4799E-05
  8.0440E-04 -7.5930E-05  4.1067E-08 -1.5318E-05
  8.1831E-04 -7.8245E-05  4.2500E-08 -1.5852E-05
  8.3240E-04 -8.0621E-05  4.3977E-08 -1.6403E-05
  8.4668E-04 -8.3060E-05  4.5498E-08 -1.6970E-05
  8.6114E-04 -8.5563E-05  4.7065E-08 -1.7555E-05
  8.7578E-04 -8.8132E-05  4.8680E-08 -1.8157E-05
  8.9061E-04 -9.0768E-05  5.0343E-08 -1.8777E-05
  9.0564E-04 -9.3472E-05  5.2056E-08 -1.9416E-05
  9.2086E-04 -9.6248E-05  5.3820E-08 -2.0074E-05
  9.3628E-04 -9.9095E-05  5.5637E-08 -2.0752E-05
  9.5189E-04 -1.0202E-04  5.7508E-08 -2.1450E-05
  9.6771E-04 -1.0501E-04  5.9435E-08 -2.2169E-05
  9.8373E-04 -1.0809E-04  6.1420E-08 -2.2909E-05
  9.9996E-04 -1.1124E-04  6.3463E-08 -2.3671E-05
  1.0164E-03 -1.1448E-04  6.5567E-08 -2.4455E-05
  1.0330E-03 -1.1780E-04  6.7732E-08 -2.5263E-05
  1.0499E-03 -1.2121E-04  6.9962E-08 -2.6095E-05
  1.0670E-03 -1.2470E-04  7.2257E-08 -2.6951E-05
  1.0843E-03 -1.2828E-04  7.4620E-08 -2.7832E-05
  1.1018E-03 -1.3196E-04  7.7051E-08 -2.8739E-05
  1.1196E-03 -1.3573E-04  7.9554E-08 -2.9673E-05
  1.1376E-03 -1.3959E-04  8.2131E-08 -3.0633E-05
  1.1558E-03 -1.4356E-04  8.4782E-08 -3.1622E-05
  1.1742E-03 -1.4762E-04  8.7510E-08 -3.2640E-05
  1.1929E-03 -1.5179E-04  9.0318E-08 -3.3687E-05
  1.2118E-03 -1.5607E-04  9.3207E-08 -3.4765E-05
  1.2310E-03 -1.6045E-04  9.6180E-08 -3.5874E-05
  1.2504E-03 -1.6495E-04  9.9238E-08 -3.7014E-05
  1.2701E-03 -1.6956E-04  1.0239E-07 -3.8188E-05
  1.2900E-03 -1.7428E-04  1.0562E-07 -3.9396E-05
  1.3102E-03 -1.7913E-04  1.0895E-07 -4.0638E-05
  1.3307E-03 -1.8410E-04  1.1238E-07 -4.1916E-05
  1.3514E-03 -1.8919E-04  1.1591E-07 -4.3231E-05
  1.3723E-03 -1.9442E-04  1.1953E-07 -4.4584E-05
  1.3936E-03 -1.9977E-04  1.2326E-07 -4.5975E-05
  1.4151E-03 -2.0526E-04  1.2710E-07 -4.7406E-05
  1.4369E-03 -2.1089E-04  1.3104E-07 -4.8877E-05
  1.4590E-03 -2.1666E-04  1.3510E-07 -5.0391E-05
  1.4814E-03 -2.2257E-04  1.3928E-07 -5.1948E-05
  1.5040E-03 -2.2864E-04  1.4357E-07 -5.3549E-05
  1.5270E-03 -2.3485E-04  1.4798E-07 -5.5195E-05
  1.5502E-03 -2.4122E-04  1.5252E-07 -5.6888E-05
  1.5737E-03 -2.4775E-04  1.5719E-07 -5.8629E-05
  1.5976E-03 -2.5444E-04  1.6199E-07 -6.0420E-05
  1.6217E-03 -2.6130E-04  1.6693E-07 -6.2261E-05
  1.6462E-03 -2.6833E-04  1.7200E-07 -6.4153E-05
  1.6710E-03 -2.7554E-04  1.7722E-07 -6.6100E-05
  1.6961E-03 -2.8292E-04  1.8258E-07 -6.8100E-05
  1.7215E-03 -2.9049E-04  1.8810E-07 -7.0158E-05
  1.7473E-03 -2.9825E-04  1.9377E-07 -7.2273E-05
  1.7734E-03 -3.0620E-04  1.9960E-07 -7.4447E-05
  1.7998E-03 -3.1434E-04  2.0559E-07 -7.6682E-05
  1.8266E-03 -3.2269E-04  2.1175E-07 -7.8980E-05
  1.8537E-03 -3.3124E-04  2.1808E-07 -8.1342E-05
  1.8811E-03 -3.4001E-04  2.2459E-07 -8.3770E-05
  1.9090E-03 -3.4899E-04  2.3128E-07 -8.6265E-05
  1.9371E-03 -3.5819E-04  2.3816E-07 -8.8831E-05
  1.9657E-03 -3.6762E-04  2.4523E-07 -9.1468E-05
  1.9946E-03 -3.7728E-04  2.5250E-07 -9.4178E-05
  2.0239E-03 -3.8718E-04  2.5997E-07 -9.6963E-05
  2.0535E-03 -3.9733E-04  2.6764E-07 -9.9826E-05
  2.0836E-03 -4.0772E-04  2.7553E-07 -1.0277E-04
  2.1140E-03 -4.1837E-04  2.8364E-07 -1.0579E-04
  2.1448E-03 -4.2927E-04  2.9197E-07 -1.0890E-04
  2.1760E-03 -4.4045E-04  3.0053E-07 -1.1209E-04
  2.2077E-03 -4.5190E-04  3.0933E-07 -1.1537E-04
  2.2397E-03 -4.6363E-04  3.1837E-07 -1.1875E-04
  2.2721E-03 -4.7564E-04  3.2766E-07 -1.2221E-04
  2.3050E-03 -4.8795E-04  3.3721E-07 -1.2577E-04
  2.3383E-03 -5.0056E-04  3.4702E-07 -1.2943E-04
  2.3720E-03 -5.1347E-04  3.5710E-07 -1.3319E-04
  2.4062E-03 -5.2670E-04  3.6746E-07 -1.3706E-04
  2.4408E-03 -5.4025E-04  3.7810E-07 -1.4103E-04
  2.4758E-03 -5.5413E-04  3.8904E-07 -1.4510E-04
  2.5113E-03 -5.6835E-04  4.0027E-07 -1.4929E-04
  2.5473E-03 -5.8291E-04  4.1182E-07 -1.5360E-04
  2.5837E-03 -5.9782E-04  4.2368E-07 -1.5802E-04
  2.6206E-03 -6.1310E-04  4.3586E-07 -1.6257E-04
  2.6579E-03 -6.2874E-04  4.4838E-07 -1.6724E-04
  2.6958E-03 -6.4477E-04  4.6124E-07 -1.7203E-04
  2.7341E-03 -6.6117E-04  4.7445E-07 -1.7696E-04
  2.7729E-03 -6.7798E-04  4.8802E-07 -1.8202E-04
  2.8123E-03 -6.9519E-04  5.0196E-07 -1.8722E-04
  2.8521E-03 -7.1281E-04  5.1629E-07 -1.9257E-04
  2.8925E-03 -7.3085E-04  5.3100E-07 -1.9805E-04
  2.9334E-03 -7.4933E-04  5.4612E-07 -2.0369E-04
  2.9748E-03 -7.6826E-04  5.6164E-07 -2.0948E-04
  3.0167E-03 -7.8763E-04  5.7759E-07 -2.1543E-04
  3.0592E-03 -8.0747E-04  5.9397E-07 -2.2154E-04
  3.1022E-03 -8.2778E-04  6.1080E-07 -2.2782E-04
  3.1458E-03 -8.4858E-04  6.2808E-07 -2.3426E-04
  3.1899E-03 -8.6988E-04  6.4583E-07 -2.4088E-04
  3.2347E-03 -8.9168E-04  6.6407E-07 -2.4769E-04
  3.2799E-03 -9.1401E-04  6.8279E-07 -2.5467E-04
  3.3258E-03 -9.3686E-04  7.0203E-07 -2.6184E-04
  3.3723E-03 -9.6026E-04  7.2179E-07 -2.6921E-04
  3.4194E-03 -9.8421E-04  7.4208E-07 -2.7678E-04
  3.4671E-03 -1.0087E-03  7.6292E-07 -2.8455E-04
  3.5153E-03 -1.0338E-03  7.8432E-07 -2.9254E-04
  3.5643E-03 -1.0595E-03  8.0630E-07 -3.0074E-04
  3.6138E-03 -1.0858E-03  8.2887E-07 -3.0916E-04
  3.6640E-03 -1.1127E-03  8.5206E-07 -3.1780E-04
  3.7148E-03 -1.1403E-03  8.7587E-07 -3.2668E-04
  3.7663E-03 -1.1685E-03  9.0032E-07 -3.3580E-04
  3.8185E-03 -1.1974E-03  9.2543E-07 -3.4517E-04
  3.8713E-03 -1.2269E-03  9.5121E-07 -3.5479E-04
  3.9249E-03 -1.2572E-03  9.7769E-07 -3.6466E-04
  3.9791E-03 -1.2881E-03  1.0049E-06 -3.7480E-04
  4.0340E-03 -1.3198E-03  1.0328E-06 -3.8522E-04
  4.0896E-03 -1.3522E-03  1.0615E-06 -3.9592E-04
  4.1459E-03 -1.3854E-03  1.0909E-06 -4.0690E-04
  4.2030E-03 -1.4193E-03  1.1212E-06 -4.1818E-04
  4.2608E-03 -1.4541E-03  1.1522E-06 -4.2976E-04
  4.3193E-03 -1.4896E-03  1.1841E-06 -4.4165E-04
  4.3786E-03 -1.5260E-03  1.2168E-06 -4.5386E-04
  4.4387E-03 -1.5632E-03  1.2505E-06 -4.6639E-04
  4.4995E-03 -1.6013E-03  1.2850E-06 -4.7927E-04
  4.5612E-03 -1.6403E-03  1.3204E-06 -4.9249E-04
  4.6236E-03 -1.6801E-03  1.3568E-06 -5.0606E-04
  4.6868E-03 -1.7209E-03  1.3942E-06 -5.1999E-04
  4.7509E-03 -1.7626E-03  1.4325E-06 -5.3430E-04
  4.8157E-03 -1.8053E-03  1.4719E-06 -5.4899E-04
  4.8815E-03 -1.8490E-03  1.5124E-06 -5.6408E-04
  4.9480E-03 -1.8936E-03  1.5539E-06 -5.7957E-04
  5.0154E-03 -1.9393E-03  1.5965E-06 -5.9547E-04
  5.0837E-03 -1.9861E-03  1.6403E-06 -6.1179E-04
  5.1529E-03 -2.0339E-03  1.6852E-06 -6.2856E-04
  5.2230E-03 -2.0828E-03  1.7314E-06 -6.4577E-04
  5.2939E-03 -2.1328E-03  1.7787E-06 -6.6343E-04
  5.3658E-03 -2.1839E-03  1.8274E-06 -6.8157E-04
  5.4386E-03 -2.2362E-03  1.8773E-06 -7.0020E-04
  5.5124E-03 -2.2897E-03  1.9286E-06 -7.1932E-04
  5.5871E-03 -2.3444E-03  1.9812E-06 -7.3895E-04
  5.6628E-03 -2.4004E-03  2.0352E-06 -7.5910E-04
  5.7394E-03 -2.4575E-03  2.0907E-06 -7.7979E-04
  5.8171E-03 -2.5160E-03  2.1476E-06 -8.0103E-04
  5.8957E-03 -2.5758E-03  2.2061E-06 -8.2283E-04
  5.9754E-03 -2.6370E-03  2.2661E-06 -8.4521E-04
  6.0560E-03 -2.6995E-03  2.3277E-06 -8.6819E-04
  6.1378E-03 -2.7634E-03  2.3910E-06 -8.9178E-04
  6.2206E-03 -2.8287E-03  2.4559E-06 -9.1600E-04
  6.3044E-03 -2.8955E-03  2.5226E-06 -9.4086E-04
  6.3893E-03 -2.9638E-03  2.5910E-06 -9.6638E-04
  6.4754E-03 -3.0336E-03  2.6613E-06 -9.9258E-04
  6.5625E-03 -3.1049E-03  2.7334E-06 -1.0195E-03
  6.6508E-03 -3.1778E-03  2.8074E-06 -1.0471E-03
  6.7402E-03 -3.2523E-03  2.8834E-06 -1.0754E-03
  6.8307E-03 -3.3285E-03  2.9614E-06 -1.1045E-03
  6.9225E-03 -3.4063E-03  3.0415E-06 -1.1344E-03
  7.0154E-03 -3.4859E-03  3.1236E-06 -1.1650E-03
  7.1095E-03 -3.5671E-03  3.2080E-06 -1.1965E-03
  7.2048E-03 -3.6502E-03  3.2946E-06 -1.2288E-03
  7.3014E-03 -3.7350E-03  3.3835E-06 -1.2620E-03
  7.3992E-03 -3.8217E-03  3.4748E-06 -1.2960E-03
  7.4983E-03 -3.9103E-03  3.5685E-06 -1.3309E-03
  7.5986E-03 -4.0008E-03  3.6646E-06 -1.3668E-03
  7.7003E-03 -4.0932E-03  3.7633E-06 -1.4036E-03
  7.8032E-03 -4.1877E-03  3.8646E-06 -1.4414E-03
  7.9075E-03 -4.2841E-03  3.9686E-06 -1.4802E-03
  8.0132E-03 -4.3826E-03  4.0754E-06 -1.5200E-03
  8.1202E-03 -4.4832E-03  4.1849E-06 -1.5609E-03
  8.2286E-03 -4.5860E-03  4.2974E-06 -1.6028E-03
  8.3383E-03 -4.6910E-03  4.4128E-06 -1.6459E-03
  8.4495E-03 -4.7981E-03  4.5313E-06 -1.6900E-03
  8.5622E-03 -4.9076E-03  4.6529E-06 -1.7354E-03
  8.6763E-03 -5.0193E-03  4.7778E-06 -1.7820E-03
  8.7918E-03 -5.1334E-03  4.9059E-06 -1.8297E-03
  8.9089E-03 -5.2499E-03  5.0374E-06 -1.8788E-03
  9.0274E-03 -5.3688E-03  5.1724E-06 -1.9291E-03
  9.1475E-03 -5.4901E-03  5.3109E-06 -1.9808E-03
  9.2692E-03 -5.6140E-03  5.4531E-06 -2.0338E-03
  9.3924E-03 -5.7405E-03  5.5990E-06 -2.0883E-03
  9.5172E-03 -5.8696E-03  5.7488E-06 -2.1441E-03
  9.6436E-03 -6.0013E-03  5.9026E-06 -2.2015E-03
  9.7717E-03 -6.1357E-03  6.0604E-06 -2.2603E-03
  9.9014E-03 -6.2729E-03  6.2223E-06 -2.3207E-03
  1.0033E-02 -6.4129E-03  6.3886E-06 -2.3827E-03
  1.0166E-02 -6.5557E-03  6.5592E-06 -2.4463E-03
  1.0301E-02 -6.7014E-03  6.7343E-06 -2.5116E-03
  1.0437E-02 -6.8500E-03  6.9140E-06 -2.5787E-03
  1.0576E-02 -7.0016E-03  7.0984E-06 -2.6474E-03
  1.0716E-02 -7.1563E-03  7.2877E-06 -2.7180E-03
  1.0858E-02 -7.3140E-03  7.4820E-06 -2.7905E-03
  1.1001E-02 -7.4749E-03  7.6814E-06 -2.8649E-03
  1.1147E-02 -7.6389E-03  7.8861E-06 -2.9412E-03
  1.1294E-02 -7.8062E-03  8.0961E-06 -3.0195E-03
  1.1444E-02 -7.9767E-03  8.3117E-06 -3.0999E-03
  1.1595E-02 -8.1506E-03  8.5329E-06 -3.1824E-03
  1.1748E-02 -8.3279E-03  8.7600E-06 -3.2671E-03
  1.1903E-02 -8.5085E-03  8.9930E-06 -3.3540E-03
  1.2061E-02 -8.6927E-03  9.2322E-06 -3.4432E-03
  1.2220E-02 -8.8804E-03  9.4776E-06 -3.5347E-03
  1.2381E-02 -9.0717E-03  9.7295E-06 -3.6287E-03
  1.2545E-02 -9.2667E-03  9.9880E-06 -3.7251E-03
  1.2710E-02 -9.4653E-03  1.0253E-05 -3.8240E-03
  1.2878E-02 -9.6676E-03  1.0526E-05 -3.9255E-03
  1.3048E-02 -9.8738E-03  1.0805E-05 -4.0297E-03
  1.3220E-02 -1.0084E-02  1.1092E-05 -4.1367E-03
  1.3394E-02 -1.0298E-02  1.1386E-05 -4.2464E-03
  1.3570E-02 -1.0516E-02  1.1688E-05 -4.3591E-03
  1.3749E-02 -1.0737E-02  1.1998E-05 -4.4747E-03
  1.3930E-02 -1.0963E-02  1.2316E-05 -4.5933E-03
  1.4114E-02 -1.1193E-02  1.2643E-05 -4.7150E-03
  1.4299E-02 -1.1427E-02  1.2978E-05 -4.8400E-03
  1.4488E-02 -1.1666E-02  1.3322E-05 -4.9682E-03
  1.4678E-02 -1.1908E-02  1.3674E-05 -5.0997E-03
  1.4871E-02 -1.2155E-02  1.4036E-05 -5.2348E-03
  1.5067E-02 -1.2406E-02  1.4408E-05 -5.3733E-03
  1.5265E-02 -1.2662E-02  1.4789E-05 -5.5155E-03
  1.5466E-02 -1.2922E-02  1.5181E-05 -5.6615E-03
  1.5669E-02 -1.3187E-02  1.5582E-05 -5.8112E-03
  1.5875E-02 -1.3456E-02  1.5995E-05 -5.9649E-03
  1.6083E-02 -1.3729E-02  1.6418E-05 -6.1226E-03
  1.6294E-02 -1.4008E-02  1.6852E-05 -6.2845E-03
  1.6508E-02 -1.4291E-02  1.7297E-05 -6.4505E-03
  1.6725E-02 -1.4578E-02  1.7754E-05 -6.6210E-03
  1.6944E-02 -1.4871E-02  1.8223E-05 -6.7959E-03
  1.7167E-02 -1.5168E-02  1.8705E-05 -6.9754E-03
  1.7392E-02 -1.5470E-02  1.9198E-05 -7.1596E-03
  1.7620E-02 -1.5777E-02  1.9705E-05 -7.3486E-03
  1.7851E-02 -1.6089E-02  2.0226E-05 -7.5425E-03
  1.8085E-02 -1.6406E-02  2.0759E-05 -7.7416E-03
  1.8322E-02 -1.6727E-02  2.1307E-05 -7.9458E-03
  1.8562E-02 -1.7054E-02  2.1869E-05 -8.1554E-03
  1.8806E-02 -1.7386E-02  2.2446E-05 -8.3705E-03
  1.9052E-02 -1.7723E-02  2.3038E-05 -8.5912E-03
  1.9302E-02 -1.8064E-02  2.3646E-05 -8.8177E-03
  1.9554E-02 -1.8411E-02  2.4269E-05 -9.0501E-03
  1.9810E-02 -1.8763E-02  2.4909E-05 -9.2886E-03
  2.0070E-02 -1.9121E-02  2.5565E-05 -9.5334E-03
  2.0332E-02 -1.9483E-02  2.6239E-05 -9.7845E-03
  2.0598E-02 -1.9851E-02  2.6930E-05 -1.0042E-02
  2.0868E-02 -2.0223E-02  2.7640E-05 -1.0307E-02
  2.1141E-02 -2.0601E-02  2.8368E-05 -1.0578E-02
  2.1418E-02 -2.0984E-02  2.9115E-05 -1.0857E-02
  2.1698E-02 -2.1373E-02  2.9881E-05 -1.1142E-02
  2.1981E-02 -2.1766E-02  3.0668E-05 -1.1436E-02
  2.2269E-02 -2.2165E-02  3.1475E-05 -1.1736E-02
  2.2560E-02 -2.2569E-02  3.2303E-05 -1.2045E-02
  2.2855E-02 -2.2978E-02  3.3153E-05 -1.2362E-02
  2.3153E-02 -2.3392E-02  3.4025E-05 -1.2687E-02
  2.3456E-02 -2.3811E-02  3.4920E-05 -1.3021E-02
  2.3762E-02 -2.4235E-02  3.5838E-05 -1.3363E-02
  2.4073E-02 -2.4665E-02  3.6781E-05 -1.3714E-02
  2.4387E-02 -2.5099E-02  3.7748E-05 -1.4075E-02
  2.4705E-02 -2.5539E-02  3.8740E-05 -1.4445E-02
  2.5028E-02 -2.5983E-02  3.9758E-05 -1.4824E-02
  2.5355E-02 -2.6432E-02  4.0803E-05 -1.5214E-02
  2.5686E-02 -2.6886E-02  4.1875E-05 -1.5613E-02
  2.6021E-02 -2.7345E-02  4.2975E-05 -1.6023E-02
  2.6360E-02 -2.7808E-02  4.4104E-05 -1.6444E-02
  2.6704E-02 -2.8277E-02  4.5263E-05 -1.6876E-02
  2.7053E-02 -2.8749E-02  4.6451E-05 -1.7319E-02
  2.7405E-02 -2.9227E-02  4.7671E-05 -1.7773E-02
  2.7763E-02 -2.9708E-02  4.8923E-05 -1.8240E-02
  2.8125E-02 -3.0194E-02  5.0207E-05 -1.8718E-02
  2.8492E-02 -3.0684E-02  5.1525E-05 -1.9210E-02
  2.8863E-02 -3.1178E-02  5.2877E-05 -1.9713E-02
  2.9239E-02 -3.1676E-02  5.4265E-05 -2.0231E-02
  2.9620E-02 -3.2178E-02  5.5689E-05 -2.0761E-02
  3.0006E-02 -3.2683E-02  5.7150E-05 -2.1306E-02
  3.0397E-02 -3.3193E-02  5.8649E-05 -2.1864E-02
  3.0793E-02 -3.3705E-02  6.0188E-05 -2.2437E-02
  3.1195E-02 -3.4221E-02  6.1766E-05 -2.3026E-02
  3.1601E-02 -3.4740E-02  6.3386E-05 -2.3629E-02
  3.2013E-02 -3.5261E-02  6.5048E-05 -2.4248E-02
  3.2429E-02 -3.5786E-02  6.6753E-05 -2.4884E-02
  3.2852E-02 -3.6313E-02  6.8503E-05 -2.5536E-02
  3.3279E-02 -3.6842E-02  7.0299E-05 -2.6205E-02
  3.3713E-02 -3.7373E-02  7.2142E-05 -2.6891E-02
  3.4152E-02 -3.7906E-02  7.4032E-05 -2.7595E-02
  3.4596E-02 -3.8441E-02  7.5972E-05 -2.8318E-02
  3.5046E-02 -3.8977E-02  7.7963E-05 -2.9059E-02
  3.5502E-02 -3.9515E-02  8.0005E-05 -2.9820E-02
  3.5964E-02 -4.0053E-02  8.2101E-05 -3.0601E-02
  3.6432E-02 -4.0592E-02  8.4252E-05 -3.1402E-02
  3.6906E-02 -4.1131E-02  8.6459E-05 -3.2224E-02
  3.7386E-02 -4.1671E-02  8.8723E-05 -3.3067E-02
  3.7873E-02 -4.2210E-02  9.1046E-05 -3.3932E-02
  3.8365E-02 -4.2748E-02  9.3431E-05 -3.4820E-02
  3.8864E-02 -4.3286E-02  9.5877E-05 -3.5731E-02
  3.9370E-02 -4.3822E-02  9.8387E-05 -3.6666E-02
  3.9882E-02 -4.4356E-02  1.0096E-04 -3.7625E-02
  4.0400E-02 -4.4889E-02  1.0361E-04 -3.8609E-02
  4.0925E-02 -4.5419E-02  1.0632E-04 -3.9618E-02
  4.1457E-02 -4.5947E-02  1.0910E-04 -4.0654E-02
  4.1996E-02 -4.6471E-02  1.1195E-04 -4.1717E-02
  4.2542E-02 -4.6992E-02  1.1488E-04 -4.2808E-02
  4.3095E-02 -4.7509E-02  1.1789E-04 -4.3926E-02
  4.3655E-02 -4.8021E-02  1.2097E-04 -4.5075E-02
  4.4222E-02 -4.8529E-02  1.2414E-04 -4.6252E-02
  4.4797E-02 -4.9031E-02  1.2739E-04 -4.7461E-02
  4.5379E-02 -4.9528E-02  1.3072E-04 -4.8701E-02
  4.5968E-02 -5.0018E-02  1.3414E-04 -4.9973E-02
  4.6565E-02 -5.0501E-02  1.3765E-04 -5.1279E-02
  4.7170E-02 -5.0977E-02  1.4125E-04 -5.2618E-02
  4.7783E-02 -5.1445E-02  1.4494E-04 -5.3992E-02
  4.8403E-02 -5.1904E-02  1.4873E-04 -5.5402E-02
  4.9032E-02 -5.2355E-02  1.5262E-04 -5.6849E-02
  4.9669E-02 -5.2796E-02  1.5661E-04 -5.8333E-02
  5.0314E-02 -5.3227E-02  1.6070E-04 -5.9856E-02
  5.0967E-02 -5.3647E-02  1.6490E-04 -6.1419E-02
  5.1628E-02 -5.4056E-02  1.6921E-04 -6.3022E-02
  5.2299E-02 -5.4453E-02  1.7364E-04 -6.4666E-02
  5.2978E-02 -5.4837E-02  1.7817E-04 -6.6354E-02
  5.3665E-02 -5.5208E-02  1.8283E-04 -6.8085E-02
  5.4362E-02 -5.5565E-02  1.8761E-04 -6.9862E-02
  5.5067E-02 -5.5908E-02  1.9251E-04 -7.1684E-02
  5.5782E-02 -5.6235E-02  1.9754E-04 -7.3554E-02
  5.6506E-02 -5.6547E-02  2.0270E-04 -7.5473E-02
  5.7239E-02 -5.6842E-02  2.0800E-04 -7.7441E-02
  5.7982E-02 -5.7119E-02  2.1343E-04 -7.9460E-02
  5.8734E-02 -5.7379E-02  2.1901E-04 -8.1532E-02
  5.9496E-02 -5.7620E-02  2.2473E-04 -8.3658E-02
  6.0268E-02 -5.7841E-02  2.3060E-04 -8.5839E-02
  6.1049E-02 -5.8042E-02  2.3662E-04 -8.8076E-02
  6.1841E-02 -5.8222E-02  2.4280E-04 -9.0372E-02
  6.2643E-02 -5.8380E-02  2.4914E-04 -9.2727E-02
  6.3456E-02 -5.8516E-02  2.5565E-04 -9.5144E-02
  6.4279E-02 -5.8629E-02  2.6233E-04 -9.7623E-02
  6.5112E-02 -5.8717E-02  2.6918E-04 -1.0017E-01
  6.5957E-02 -5.8780E-02  2.7620E-04 -1.0278E-01
  6.6812E-02 -5.8818E-02  2.8342E-04 -1.0545E-01
  6.7678E-02 -5.8830E-02  2.9082E-04 -1.0820E-01
  6.8556E-02 -5.8814E-02  2.9841E-04 -1.1102E-01
  6.9444E-02 -5.8771E-02  3.0620E-04 -1.1391E-01
  7.0345E-02 -5.8698E-02  3.1419E-04 -1.1687E-01
  7.1256E-02 -5.8596E-02  3.2240E-04 -1.1992E-01
  7.2180E-02 -5.8464E-02  3.3081E-04 -1.2304E-01
  7.3116E-02 -5.8301E-02  3.3945E-04 -1.2624E-01
  7.4063E-02 -5.8106E-02  3.4831E-04 -1.2952E-01
  7.5023E-02 -5.7878E-02  3.5740E-04 -1.3289E-01
  7.5996E-02 -5.7617E-02  3.6673E-04 -1.3635E-01
  7.6981E-02 -5.7322E-02  3.7630E-04 -1.3990E-01
  7.7978E-02 -5.6992E-02  3.8612E-04 -1.4354E-01
  7.8989E-02 -5.6626E-02  3.9620E-04 -1.4727E-01
  8.0012E-02 -5.6224E-02  4.0654E-04 -1.5110E-01
  8.1049E-02 -5.5785E-02  4.1715E-04 -1.5503E-01
  8.2099E-02 -5.5309E-02  4.2803E-04 -1.5906E-01
  8.3163E-02 -5.4794E-02  4.3920E-04 -1.6320E-01
  8.4240E-02 -5.4241E-02  4.5066E-04 -1.6744E-01
  8.5331E-02 -5.3647E-02  4.6242E-04 -1.7179E-01
  8.6437E-02 -5.3014E-02  4.7449E-04 -1.7626E-01
  8.7556E-02 -5.2340E-02  4.8687E-04 -1.8083E-01
  8.8691E-02 -5.1625E-02  4.9957E-04 -1.8553E-01
  8.9839E-02 -5.0868E-02  5.1261E-04 -1.9035E-01
  9.1003E-02 -5.0069E-02  5.2598E-04 -1.9530E-01
  9.2182E-02 -4.9227E-02  5.3971E-04 -2.0037E-01
  9.3376E-02 -4.8342E-02  5.5379E-04 -2.0557E-01
  9.4585E-02 -4.7414E-02  5.6824E-04 -2.1091E-01
  9.5810E-02 -4.6441E-02  5.8306E-04 -2.1638E-01
  9.7051E-02 -4.5425E-02  5.9827E-04 -2.2200E-01
  9.8307E-02 -4.4364E-02  6.1388E-04 -2.2776E-01
  9.9580E-02 -4.3259E-02  6.2989E-04 -2.3367E-01
  1.0087E-01 -4.2109E-02  6.4633E-04 -2.3973E-01
  1.0218E-01 -4.0914E-02  6.6319E-04 -2.4595E-01
  1.0350E-01 -3.9674E-02  6.8049E-04 -2.5233E-01
  1.0484E-01 -3.8389E-02  6.9824E-04 -2.5887E-01
  1.0620E-01 -3.7059E-02  7.1645E-04 -2.6558E-01
  1.0757E-01 -3.5685E-02  7.3514E-04 -2.7246E-01
  1.0896E-01 -3.4265E-02  7.5432E-04 -2.7952E-01
  1.1037E-01 -3.2801E-02  7.7399E-04 -2.8677E-01
  1.1180E-01 -3.1293E-02  7.9418E-04 -2.9420E-01
  1.1325E-01 -2.9741E-02  8.1490E-04 -3.0182E-01
  1.1472E-01 -2.8145E-02  8.3616E-04 -3.0963E-01
  1.1620E-01 -2.6507E-02  8.5797E-04 -3.1765E-01
  1.1771E-01 -2.4826E-02  8.8035E-04 -3.2587E-01
  1.1923E-01 -2.3102E-02  9.0331E-04 -3.3431E-01
  1.2077E-01 -2.1338E-02  9.2687E-04 -3.4296E-01
  1.2233E-01 -1.9533E-02  9.5105E-04 -3.5183E-01
  1.2392E-01 -1.7688E-02  9.7586E-04 -3.6093E-01
  1.2552E-01 -1.5805E-02  1.0013E-03 -3.7026E-01
  1.2715E-01 -1.3884E-02  1.0274E-03 -3.7984E-01
  1.2879E-01 -1.1926E-02  1.0542E-03 -3.8965E-01
  1.3046E-01 -9.9323E-03  1.0817E-03 -3.9972E-01
  1.3215E-01 -7.9043E-03  1.1100E-03 -4.1005E-01
  1.3386E-01 -5.8432E-03  1.1389E-03 -4.2064E-01
  1.3559E-01 -3.7504E-03  1.1686E-03 -4.3150E-01
  1.3734E-01 -1.6273E-03  1.1991E-03 -4.4264E-01
  1.3912E-01  5.2453E-04  1.2304E-03 -4.5407E-01
  1.4092E-01  2.7034E-03  1.2625E-03 -4.6578E-01
  1.4274E-01  4.9077E-03  1.2954E-03 -4.7780E-01
  1.4459E-01  7.1355E-03  1.3292E-03 -4.9012E-01
  1.4646E-01  9.3850E-03  1.3639E-03 -5.0276E-01
  1.4836E-01  1.1654E-02  1.3995E-03 -5.1572E-01
  1.5027E-01  1.3941E-02  1.4360E-03 -5.2900E-01
  1.5222E-01  1.6243E-02  1.4735E-03 -5.4263E-01
  1.5419E-01  1.8559E-02  1.5119E-03 -5.5660E-01
  1.5618E-01  2.0885E-02  1.5514E-03 -5.7093E-01
  1.5820E-01  2.3220E-02  1.5918E-03 -5.8562E-01
  1.6025E-01  2.5562E-02  1.6334E-03 -6.0069E-01
  1.6232E-01  2.7906E-02  1.6760E-03 -6.1614E-01
  1.6442E-01  3.0252E-02  1.7197E-03 -6.3198E-01
  1.6655E-01  3.2596E-02  1.7646E-03 -6.4822E-01
  1.6870E-01  3.4935E-02  1.8107E-03 -6.6487E-01
  1.7088E-01  3.7267E-02  1.8579E-03 -6.8194E-01
  1.7309E-01  3.9589E-02  1.9064E-03 -6.9945E-01
  1.7533E-01  4.1897E-02  1.9562E-03 -7.1739E-01
  1.7760E-01  4.4189E-02  2.0072E-03 -7.3579E-01
  1.7990E-01  4.6462E-02  2.0596E-03 -7.5466E-01
  1.8222E-01  4.8712E-02  2.1134E-03 -7.7399E-01
  1.8458E-01  5.0937E-02  2.1686E-03 -7.9382E-01
  1.8697E-01  5.3132E-02  2.2252E-03 -8.1415E-01
  1.8939E-01  5.5295E-02  2.2833E-03 -8.3498E-01
  1.9183E-01  5.7422E-02  2.3429E-03 -8.5634E-01
  1.9432E-01  5.9510E-02  2.4041E-03 -8.7823E-01
  1.9683E-01  6.1556E-02  2.4669E-03 -9.0068E-01
  1.9937E-01  6.3556E-02  2.5313E-03 -9.2368E-01
  2.0195E-01  6.5506E-02  2.5974E-03 -9.4726E-01
  2.0456E-01  6.7404E-02  2.6652E-03 -9.7143E-01
  2.0721E-01  6.9245E-02  2.7348E-03 -9.9620E-01
  2.0989E-01  7.1026E-02  2.8063E-03 -1.0216E+00
  2.1260E-01  7.2743E-02  2.8796E-03 -1.0476E+00
  2.1535E-01  7.4394E-02  2.9548E-03 -1.0743E+00
  2.1813E-01  7.5975E-02  3.0320E-03 -1.1016E+00
  2.2095E-01  7.7481E-02  3.1113E-03 -1.1296E+00
  2.2381E-01  7.8910E-02  3.1926E-03 -1.1583E+00
  2.2671E-01  8.0258E-02  3.2760E-03 -1.1877E+00
  2.2964E-01  8.1523E-02  3.3616E-03 -1.2179E+00
  2.3260E-01  8.2699E-02  3.4495E-03 -1.2487E+00
  2.3561E-01  8.3785E-02  3.5397E-03 -1.2804E+00
  2.3866E-01  8.4777E-02  3.6322E-03 -1.3128E+00
  2.4174E-01  8.5672E-02  3.7272E-03 -1.3460E+00
  2.4487E-01  8.6467E-02  3.8247E-03 -1.3800E+00
  2.4803E-01  8.7159E-02  3.9247E-03 -1.4149E+00
  2.5124E-01  8.7745E-02  4.0274E-03 -1.4506E+00
  2.5449E-01  8.8222E-02  4.1327E-03 -1.4872E+00
  2.5778E-01  8.8587E-02  4.2408E-03 -1.5246E+00
  2.6111E-01  8.8839E-02  4.3518E-03 -1.5630E+00
  2.6449E-01  8.8974E-02  4.4657E-03 -1.6023E+00
  2.6790E-01  8.8990E-02  4.5825E-03 -1.6426E+00
  2.7137E-01  8.8885E-02  4.7025E-03 -1.6838E+00
  2.7488E-01  8.8658E-02  4.8256E-03 -1.7260E+00
  2.7843E-01  8.8306E-02  4.9520E-03 -1.7693E+00
  2.8203E-01  8.7827E-02  5.0816E-03 -1.8135E+00
  2.8567E-01  8.7220E-02  5.2147E-03 -1.8589E+00
  2.8937E-01  8.6484E-02  5.3513E-03 -1.9053E+00
  2.9311E-01  8.5617E-02  5.4915E-03 -1.9528E+00
  2.9689E-01  8.4618E-02  5.6354E-03 -2.0014E+00
  3.0073E-01  8.3487E-02  5.7831E-03 -2.0512E+00
  3.0462E-01  8.2223E-02  5.9347E-03 -2.1022E+00
  3.0856E-01  8.0826E-02  6.0902E-03 -2.1544E+00
  3.1254E-01  7.9295E-02  6.2499E-03 -2.2077E+00
  3.1658E-01  7.7630E-02  6.4138E-03 -2.2624E+00
  3.2067E-01  7.5832E-02  6.5821E-03 -2.3183E+00
  3.2482E-01  7.3901E-02  6.7547E-03 -2.3755E+00
  3.2902E-01  7.1837E-02  6.9320E-03 -2.4340E+00
  3.3327E-01  6.9643E-02  7.1139E-03 -2.4939E+00
  3.3758E-01  6.7318E-02  7.3006E-03 -2.5552E+00
  3.4194E-01  6.4864E-02  7.4923E-03 -2.6178E+00
  3.4636E-01  6.2283E-02  7.6891E-03 -2.6819E+00
  3.5083E-01  5.9576E-02  7.8910E-03 -2.7474E+00
  3.5537E-01  5.6746E-02  8.0984E-03 -2.8144E+00
  3.5996E-01  5.3795E-02  8.3112E-03 -2.8830E+00
  3.6461E-01  5.0726E-02  8.5296E-03 -2.9530E+00
  3.6932E-01  4.7542E-02  8.7539E-03 -3.0246E+00
  3.7410E-01  4.4244E-02  8.9841E-03 -3.0978E+00
  3.7893E-01  4.0838E-02  9.2204E-03 -3.1727E+00
  3.8383E-01  3.7326E-02  9.4630E-03 -3.2491E+00
  3.8879E-01  3.3712E-02  9.7120E-03 -3.3273E+00
  3.9381E-01  3.0001E-02  9.9677E-03 -3.4071E+00
  3.9890E-01  2.6195E-02  1.0230E-02 -3.4886E+00
  4.0405E-01  2.2301E-02  1.0500E-02 -3.5719E+00
  4.0928E-01  1.8323E-02  1.0776E-02 -3.6570E+00
  4.1456E-01  1.4265E-02  1.1060E-02 -3.7439E+00
  4.1992E-01  1.0132E-02  1.1352E-02 -3.8325E+00
  4.2535E-01  5.9314E-03  1.1651E-02 -3.9231E+00
  4.3084E-01  1.6670E-03  1.1958E-02 -4.0155E+00
  4.3641E-01 -2.6549E-03  1.2274E-02 -4.1098E+00
  4.4205E-01 -7.0285E-03  1.2598E-02 -4.2060E+00
  4.4776E-01 -1.1448E-02  1.2930E-02 -4.3041E+00
  4.5355E-01 -1.5906E-02  1.3272E-02 -4.4042E+00
  4.5941E-01 -2.0397E-02  1.3623E-02 -4.5063E+00
  4.6534E-01 -2.4914E-02  1.3983E-02 -4.6104E+00
  4.7136E-01 -2.9450E-02  1.4352E-02 -4.7165E+00
  4.7745E-01 -3.3999E-02  1.4732E-02 -4.8246E+00
  4.8361E-01 -3.8554E-02  1.5122E-02 -4.9348E+00
  4.8986E-01 -4.3107E-02  1.5522E-02 -5.0470E+00
  4.9619E-01 -4.7651E-02  1.5933E-02 -5.1613E+00
  5.0260E-01 -5.2179E-02  1.6355E-02 -5.2777E+00
  5.0910E-01 -5.6684E-02  1.6788E-02 -5.3961E+00
  5.1567E-01 -6.1158E-02  1.7233E-02 -5.5167E+00
  5.2234E-01 -6.5594E-02  1.7690E-02 -5.6393E+00
  5.2909E-01 -6.9984E-02  1.8160E-02 -5.7641E+00
  5.3592E-01 -7.4321E-02  1.8642E-02 -5.8909E+00
  5.4285E-01 -7.8598E-02  1.9136E-02 -6.0198E+00
  5.4986E-01 -8.2807E-02  1.9645E-02 -6.1507E+00
  5.5696E-01 -8.6941E-02  2.0167E-02 -6.2838E+00
  5.6416E-01 -9.0992E-02  2.0703E-02 -6.4188E+00
  5.7145E-01 -9.4953E-02  2.1254E-02 -6.5559E+00
  5.7883E-01 -9.8818E-02  2.1819E-02 -6.6950E+00
  5.8631E-01 -1.0258E-01  2.2400E-02 -6.8361E+00
  5.9388E-01 -1.0623E-01  2.2997E-02 -6.9791E+00
  6.0155E-01 -1.0976E-01  2.3609E-02 -7.1240E+00
  6.0933E-01 -1.1317E-01  2.4239E-02 -7.2707E+00
  6.1720E-01 -1.1644E-01  2.4885E-02 -7.4193E+00
  6.2517E-01 -1.1958E-01  2.5549E-02 -7.5695E+00
  6.3325E-01 -1.2257E-01  2.6231E-02 -7.7215E+00
  6.4143E-01 -1.2541E-01  2.6932E-02 -7.8750E+00
  6.4971E-01 -1.2810E-01  2.7652E-02 -8.0301E+00
  6.5811E-01 -1.3062E-01  2.8391E-02 -8.1866E+00
  6.6661E-01 -1.3297E-01  2.9150E-02 -8.3445E+00
  6.7522E-01 -1.3515E-01  2.9930E-02 -8.5036E+00
  6.8394E-01 -1.3715E-01  3.0732E-02 -8.6638E+00
  6.9278E-01 -1.3896E-01  3.1555E-02 -8.8250E+00
  7.0173E-01 -1.4058E-01  3.2401E-02 -8.9871E+00
  7.1079E-01 -1.4201E-01  3.3270E-02 -9.1499E+00
  7.1998E-01 -1.4324E-01  3.4162E-02 -9.3133E+00
  7.2928E-01 -1.4426E-01  3.5079E-02 -9.4770E+00
  7.3870E-01 -1.4508E-01  3.6021E-02 -9.6410E+00
  7.4824E-01 -1.4569E-01  3.6989E-02 -9.8049E+00
  7.5791E-01 -1.4609E-01  3.7983E-02 -9.9687E+00
  7.6770E-01 -1.4627E-01  3.9005E-02 -1.0132E+01
  7.7761E-01 -1.4623E-01  4.0055E-02 -1.0295E+01
  7.8766E-01 -1.4598E-01  4.1133E-02 -1.0456E+01
  7.9783E-01 -1.4550E-01  4.2241E-02 -1.0617E+01
  8.0814E-01 -1.4480E-01  4.3379E-02 -1.0776E+01
  8.1858E-01 -1.4388E-01  4.4549E-02 -1.0933E+01
  8.2915E-01 -1.4274E-01  4.5750E-02 -1.1088E+01
  8.3986E-01 -1.4137E-01  4.6984E-02 -1.1241E+01
  8.5071E-01 -1.3978E-01  4.8253E-02 -1.1390E+01
  8.6170E-01 -1.3796E-01  4.9556E-02 -1.1537E+01
  8.7283E-01 -1.3593E-01  5.0895E-02 -1.1680E+01
  8.8411E-01 -1.3367E-01  5.2270E-02 -1.1818E+01
  8.9553E-01 -1.3120E-01  5.3683E-02 -1.1952E+01
  9.0709E-01 -1.2851E-01  5.5135E-02 -1.2081E+01
  9.1881E-01 -1.2560E-01  5.6627E-02 -1.2204E+01
  9.3068E-01 -1.2248E-01  5.8159E-02 -1.2321E+01
  9.4270E-01 -1.1916E-01  5.9733E-02 -1.2431E+01
  9.5488E-01 -1.1562E-01  6.1350E-02 -1.2534E+01
  9.6721E-01 -1.1189E-01  6.3012E-02 -1.2629E+01
  9.7970E-01 -1.0795E-01  6.4718E-02 -1.2715E+01
  9.9236E-01 -1.0383E-01  6.6471E-02 -1.2791E+01
  1.0052E+00 -9.9507E-02  6.8272E-02 -1.2858E+01
  1.0182E+00 -9.5002E-02  7.0122E-02 -1.2914E+01
  1.0313E+00 -9.0315E-02  7.2022E-02 -1.2958E+01
  1.0446E+00 -8.5452E-02  7.3973E-02 -1.2989E+01
  1.0581E+00 -8.0418E-02  7.5976E-02 -1.3007E+01
  1.0718E+00 -7.5217E-02  7.8034E-02 -1.3011E+01
  1.0856E+00 -6.9856E-02  8.0147E-02 -1.3000E+01
  1.0997E+00 -6.4339E-02  8.2317E-02 -1.2973E+01
  1.1139E+00 -5.8673E-02  8.4545E-02 -1.2929E+01
  1.1282E+00 -5.2862E-02  8.6832E-02 -1.2867E+01
  1.1428E+00 -4.6913E-02  8.9180E-02 -1.2786E+01
  1.1576E+00 -4.0833E-02  9.1590E-02 -1.2685E+01
  1.1725E+00 -3.4626E-02  9.4063E-02 -1.2563E+01
  1.1877E+00 -2.8299E-02  9.6602E-02 -1.2418E+01
  1.2030E+00 -2.1858E-02  9.9207E-02 -1.2251E+01
  1.2186E+00 -1.5309E-02  1.0188E-01 -1.2059E+01
  1.2343E+00 -8.6591E-03  1.0462E-01 -1.1843E+01
  1.2502E+00 -1.9135E-03  1.0743E-01 -1.1599E+01
  1.2664E+00  4.9212E-03  1.1032E-01 -1.1329E+01
  1.2827E+00  1.1839E-02  1.1327E-01 -1.1030E+01
  1.2993E+00  1.8834E-02  1.1631E-01 -1.0702E+01
  1.3161E+00  2.5899E-02  1.1941E-01 -1.0343E+01
  1.3331E+00  3.3029E-02  1.2260E-01 -9.9540E+00
  1.3503E+00  4.0217E-02  1.2586E-01 -9.5328E+00
  1.3678E+00  4.7458E-02  1.2921E-01 -9.0790E+00
  1.3854E+00  5.4745E-02  1.3263E-01 -8.5921E+00
  1.4033E+00  6.2073E-02  1.3614E-01 -8.0717E+00
  1.4214E+00  6.9436E-02  1.3973E-01 -7.5174E+00
  1.4398E+00  7.6828E-02  1.4340E-01 -6.9291E+00
  1.4584E+00  8.4244E-02  1.4715E-01 -6.3068E+00
  1.4772E+00  9.1678E-02  1.5100E-01 -5.6508E+00
  1.4963E+00  9.9124E-02  1.5492E-01 -4.9616E+00
  1.5156E+00  1.0658E-01  1.5894E-01 -4.2399E+00
  1.5352E+00  1.1403E-01  1.6304E-01 -3.4868E+00
  1.5550E+00  1.2149E-01  1.6723E-01 -2.7038E+00
  1.5751E+00  1.2893E-01  1.7150E-01 -1.8926E+00
  1.5955E+00  1.3636E-01  1.7586E-01 -1.0554E+00
  1.6161E+00  1.4377E-01  1.8031E-01 -1.9481E-01
  1.6369E+00  1.5116E-01  1.8484E-01  6.8606E-01
  1.6581E+00  1.5853E-01  1.8946E-01  1.5836E+00
  1.6795E+00  1.6586E-01  1.9416E-01  2.4936E+00
  1.7012E+00  1.7315E-01  1.9894E-01  3.4113E+00
  1.7232E+00  1.8041E-01  2.0381E-01  4.3312E+00
  1.7454E+00  1.8762E-01  2.0875E-01  5.2474E+00
  1.7680E+00  1.9478E-01  2.1377E-01  6.1530E+00
  1.7908E+00  2.0189E-01  2.1886E-01  7.0407E+00
  1.8139E+00  2.0894E-01  2.2402E-01  7.9022E+00
  1.8373E+00  2.1594E-01  2.2925E-01  8.7287E+00
  1.8611E+00  2.2287E-01  2.3454E-01  9.5105E+00
  1.8851E+00  2.2973E-01  2.3990E-01  1.0238E+01
  1.9095E+00  2.3652E-01  2.4530E-01  1.0899E+01
  1.9341E+00  2.4324E-01  2.5075E-01  1.1483E+01
  1.9591E+00  2.4988E-01  2.5625E-01  1.1978E+01
  1.9844E+00  2.5645E-01  2.6178E-01  1.2372E+01
  2.0100E+00  2.6293E-01  2.6734E-01  1.2654E+01
  2.0360E+00  2.6932E-01  2.7293E-01  1.2810E+01
  2.0623E+00  2.7563E-01  2.7853E-01  1.2831E+01
  2.0889E+00  2.8184E-01  2.8413E-01  1.2706E+01
  2.1159E+00  2.8796E-01  2.8973E-01  1.2425E+01
  2.1432E+00  2.9398E-01  2.9533E-01  1.1984E+01
  2.1709E+00  2.9991E-01  3.0090E-01  1.1378E+01
  2.1989E+00  3.0573E-01  3.0644E-01  1.0608E+01
  2.2273E+00  3.1145E-01  3.1193E-01  9.6802E+00
  2.2561E+00  3.1707E-01  3.1738E-01  8.6060E+00
  2.2852E+00  3.2258E-01  3.2277E-01  7.4060E+00
  2.3147E+00  3.2797E-01  3.2808E-01  6.1108E+00
  2.3446E+00  3.3326E-01  3.3331E-01  4.7631E+00
  2.3749E+00  3.3843E-01  3.3845E-01  3.4210E+00
  2.4056E+00  3.4348E-01  3.4349E-01  2.1611E+00
  2.4367E+00  3.4842E-01  3.4842E-01  1.0819E+00
  2.4681E+00  3.5324E-01  3.5324E-01  3.0883E-01
  2.5000E+00  3.5794E-01  3.5794E-01  0.0000E+00
  2.5323E+00  3.6251E-01  3.6251E-01  0.0000E+00
  2.5650E+00  3.6696E-01  3.6696E-01  0.0000E+00
  2.5981E+00  3.7129E-01  3.7129E-01  0.0000E+00
  2.6317E+00  3.7548E-01  3.7548E-01  0.0000E+00
  2.6657E+00  3.7955E-01  3.7955E-01  0.0000E+00
  2.7001E+00  3.8349E-01  3.8349E-01  0.0000E+00
  2.7350E+00  3.8730E-01  3.8730E-01  0.0000E+00
  2.7703E+00  3.9098E-01  3.9098E-01  0.0000E+00
  2.8060E+00  3.9452E-01  3.9452E-01  0.0000E+00
  2.8423E+00  3.9793E-01  3.9793E-01  0.0000E+00
  2.8790E+00  4.0120E-01  4.0120E-01  0.0000E+00
  2.9162E+00  4.0434E-01  4.0434E-01  0.0000E+00
  2.9538E+00  4.0734E-01  4.0734E-01  0.0000E+00
  2.9920E+00  4.1020E-01  4.1020E-01  0.0000E+00
  3.0306E+00  4.1292E-01  4.1292E-01  0.0000E+00
  3.0698E+00  4.1551E-01  4.1551E-01  0.0000E+00
  3.1094E+00  4.1795E-01  4.1795E-01  0.0000E+00
  3.1496E+00  4.2025E-01  4.2025E-01  0.0000E+00
  3.1902E+00  4.2242E-01  4.2242E-01  0.0000E+00
  3.2314E+00  4.2444E-01  4.2444E-01  0.0000E+00
  3.2732E+00  4.2632E-01  4.2632E-01  0.0000E+00
  3.3154E+00  4.2806E-01  4.2806E-01  0.0000E+00
  3.3582E+00  4.2965E-01  4.2965E-01  0.0000E+00
  3.4016E+00  4.3111E-01  4.3111E-01  0.0000E+00
  3.4455E+00  4.3242E-01  4.3242E-01  0.0000E+00
  3.4900E+00  4.3359E-01  4.3359E-01  0.0000E+00
  3.5351E+00  4.3462E-01  4.3462E-01  0.0000E+00
  3.5808E+00  4.3551E-01  4.3551E-01  0.0000E+00
  3.6270E+00  4.3626E-01  4.3626E-01  0.0000E+00
  3.6739E+00  4.3686E-01  4.3686E-01  0.0000E+00
  3.7213E+00  4.3733E-01  4.3733E-01  0.0000E+00
  3.7694E+00  4.3765E-01  4.3765E-01  0.0000E+00
  3.8180E+00  4.3784E-01  4.3784E-01  0.0000E+00
  3.8673E+00  4.3789E-01  4.3789E-01  0.0000E+00
  3.9173E+00  4.3779E-01  4.3779E-01  0.0000E+00
  3.9679E+00  4.3757E-01  4.3757E-01  0.0000E+00
  4.0191E+00  4.3720E-01  4.3720E-01  0.0000E+00
  4.0710E+00  4.3670E-01  4.3670E-01  0.0000E+00
  4.1236E+00  4.3606E-01  4.3606E-01  0.0000E+00
  4.1768E+00  4.3529E-01  4.3529E-01  0.0000E+00
  4.2308E+00  4.3439E-01  4.3439E-01  0.0000E+00
  4.2854E+00  4.3335E-01  4.3335E-01  0.0000E+00
  4.3408E+00  4.3219E-01  4.3219E-01  0.0000E+00
  4.3968E+00  4.3089E-01  4.3089E-01  0.0000E+00
  4.4536E+00  4.2946E-01  4.2946E-01  0.0000E+00
  4.5111E+00  4.2790E-01  4.2790E-01  0.0000E+00
  4.5694E+00  4.2622E-01  4.2622E-01  0.0000E+00
  4.6284E+00  4.2441E-01  4.2441E-01  0.0000E+00
  4.6881E+00  4.2247E-01  4.2247E-01  0.0000E+00
  4.7487E+00  4.2041E-01  4.2041E-01  0.0000E+00
