 # l=           2 basis function with energy     0.0000000000000000     
  0.0000E+00  0.0000E+00 -0.0000E+00  0.0000E+00
  3.5252E-06  1.3927E-12 -1.0674E-16 -2.6483E-16
  7.0958E-06  8.7339E-12 -8.7053E-16 -2.1600E-15
  1.0713E-05  2.5752E-11 -2.9954E-15 -7.4323E-15
  1.4376E-05  5.5751E-11 -7.2393E-15 -1.7962E-14
  1.8087E-05  1.0190E-10 -1.4417E-14 -3.5771E-14
  2.1846E-05  1.6734E-10 -2.5402E-14 -6.3028E-14
  2.5653E-05  2.5524E-10 -4.1132E-14 -1.0206E-13
  2.9509E-05  3.6883E-10 -6.2611E-14 -1.5535E-13
  3.3415E-05  5.1142E-10 -9.0911E-14 -2.2557E-13
  3.7372E-05  6.8644E-10 -1.2718E-13 -3.1556E-13
  4.1380E-05  8.9742E-10 -1.7264E-13 -4.2836E-13
  4.5439E-05  1.1480E-09 -2.2860E-13 -5.6720E-13
  4.9551E-05  1.4421E-09 -2.9644E-13 -7.3553E-13
  5.3716E-05  1.7835E-09 -3.7765E-13 -9.3704E-13
  5.7935E-05  2.1765E-09 -4.7380E-13 -1.1756E-12
  6.2208E-05  2.6253E-09 -5.8657E-13 -1.4554E-12
  6.6537E-05  3.1345E-09 -7.1773E-13 -1.7808E-12
  7.0921E-05  3.7088E-09 -8.6916E-13 -2.1566E-12
  7.5362E-05  4.3530E-09 -1.0429E-12 -2.5876E-12
  7.9860E-05  5.0723E-09 -1.2410E-12 -3.0792E-12
  8.4417E-05  5.8720E-09 -1.4658E-12 -3.6369E-12
  8.9032E-05  6.7577E-09 -1.7195E-12 -4.2666E-12
  9.3707E-05  7.7353E-09 -2.0049E-12 -4.9746E-12
  9.8442E-05  8.8108E-09 -2.3244E-12 -5.7674E-12
  1.0324E-04  9.9907E-09 -2.6810E-12 -6.6522E-12
  1.0810E-04  1.1282E-08 -3.0776E-12 -7.6362E-12
  1.1302E-04  1.2691E-08 -3.5173E-12 -8.7273E-12
  1.1800E-04  1.4225E-08 -4.0036E-12 -9.9337E-12
  1.2305E-04  1.5892E-08 -4.5398E-12 -1.1264E-11
  1.2817E-04  1.7700E-08 -5.1296E-12 -1.2728E-11
  1.3335E-04  1.9657E-08 -5.7771E-12 -1.4334E-11
  1.3859E-04  2.1771E-08 -6.4863E-12 -1.6094E-11
  1.4391E-04  2.4053E-08 -7.2615E-12 -1.8017E-11
  1.4929E-04  2.6511E-08 -8.1073E-12 -2.0116E-11
  1.5474E-04  2.9155E-08 -9.0285E-12 -2.2402E-11
  1.6027E-04  3.1996E-08 -1.0030E-11 -2.4887E-11
  1.6586E-04  3.5044E-08 -1.1118E-11 -2.7585E-11
  1.7153E-04  3.8310E-08 -1.2297E-11 -3.0511E-11
  1.7727E-04  4.1807E-08 -1.3573E-11 -3.3677E-11
  1.8308E-04  4.5547E-08 -1.4953E-11 -3.7101E-11
  1.8897E-04  4.9541E-08 -1.6443E-11 -4.0798E-11
  1.9494E-04  5.3805E-08 -1.8049E-11 -4.4785E-11
  2.0098E-04  5.8351E-08 -1.9780E-11 -4.9080E-11
  2.0710E-04  6.3194E-08 -2.1643E-11 -5.3701E-11
  2.1330E-04  6.8350E-08 -2.3646E-11 -5.8670E-11
  2.1958E-04  7.3833E-08 -2.5796E-11 -6.4005E-11
  2.2594E-04  7.9662E-08 -2.8103E-11 -6.9730E-11
  2.3238E-04  8.5852E-08 -3.0577E-11 -7.5867E-11
  2.3891E-04  9.2422E-08 -3.3226E-11 -8.2440E-11
  2.4552E-04  9.9391E-08 -3.6061E-11 -8.9474E-11
  2.5221E-04  1.0678E-07 -3.9092E-11 -9.6996E-11
  2.5900E-04  1.1460E-07 -4.2331E-11 -1.0503E-10
  2.6587E-04  1.2289E-07 -4.5790E-11 -1.1361E-10
  2.7282E-04  1.3165E-07 -4.9480E-11 -1.2277E-10
  2.7987E-04  1.4093E-07 -5.3414E-11 -1.3253E-10
  2.8701E-04  1.5073E-07 -5.7607E-11 -1.4294E-10
  2.9424E-04  1.6108E-07 -6.2072E-11 -1.5401E-10
  3.0157E-04  1.7202E-07 -6.6824E-11 -1.6580E-10
  3.0899E-04  1.8356E-07 -7.1878E-11 -1.7835E-10
  3.1650E-04  1.9574E-07 -7.7252E-11 -1.9168E-10
  3.2412E-04  2.0858E-07 -8.2961E-11 -2.0584E-10
  3.3183E-04  2.2212E-07 -8.9023E-11 -2.2089E-10
  3.3964E-04  2.3638E-07 -9.5459E-11 -2.3685E-10
  3.4755E-04  2.5141E-07 -1.0229E-10 -2.5379E-10
  3.5556E-04  2.6724E-07 -1.0952E-10 -2.7175E-10
  3.6368E-04  2.8389E-07 -1.1720E-10 -2.9079E-10
  3.7190E-04  3.0142E-07 -1.2533E-10 -3.1096E-10
  3.8023E-04  3.1986E-07 -1.3394E-10 -3.3232E-10
  3.8866E-04  3.3924E-07 -1.4305E-10 -3.5494E-10
  3.9720E-04  3.5962E-07 -1.5269E-10 -3.7886E-10
  4.0586E-04  3.8104E-07 -1.6289E-10 -4.0417E-10
  4.1462E-04  4.0354E-07 -1.7368E-10 -4.3093E-10
  4.2350E-04  4.2718E-07 -1.8507E-10 -4.5921E-10
  4.3250E-04  4.5199E-07 -1.9712E-10 -4.8909E-10
  4.4161E-04  4.7804E-07 -2.0984E-10 -5.2065E-10
  4.5084E-04  5.0538E-07 -2.2327E-10 -5.5398E-10
  4.6018E-04  5.3406E-07 -2.3745E-10 -5.8915E-10
  4.6965E-04  5.6415E-07 -2.5240E-10 -6.2627E-10
  4.7924E-04  5.9570E-07 -2.6818E-10 -6.6542E-10
  4.8895E-04  6.2878E-07 -2.8482E-10 -7.0671E-10
  4.9879E-04  6.6345E-07 -3.0237E-10 -7.5024E-10
  5.0876E-04  6.9979E-07 -3.2086E-10 -7.9611E-10
  5.1885E-04  7.3787E-07 -3.4034E-10 -8.4445E-10
  5.2908E-04  7.7775E-07 -3.6086E-10 -8.9536E-10
  5.3944E-04  8.1953E-07 -3.8247E-10 -9.4898E-10
  5.4993E-04  8.6327E-07 -4.0522E-10 -1.0054E-09
  5.6055E-04  9.0906E-07 -4.2917E-10 -1.0649E-09
  5.7132E-04  9.5700E-07 -4.5437E-10 -1.1274E-09
  5.8222E-04  1.0072E-06 -4.8088E-10 -1.1932E-09
  5.9326E-04  1.0597E-06 -5.0876E-10 -1.2624E-09
  6.0445E-04  1.1146E-06 -5.3809E-10 -1.3351E-09
  6.1578E-04  1.1720E-06 -5.6892E-10 -1.4116E-09
  6.2726E-04  1.2321E-06 -6.0133E-10 -1.4920E-09
  6.3888E-04  1.2949E-06 -6.3538E-10 -1.5765E-09
  6.5066E-04  1.3606E-06 -6.7117E-10 -1.6653E-09
  6.6258E-04  1.4293E-06 -7.0876E-10 -1.7586E-09
  6.7466E-04  1.5011E-06 -7.4824E-10 -1.8565E-09
  6.8690E-04  1.5761E-06 -7.8969E-10 -1.9594E-09
  6.9930E-04  1.6544E-06 -8.3322E-10 -2.0674E-09
  7.1185E-04  1.7363E-06 -8.7891E-10 -2.1808E-09
  7.2457E-04  1.8219E-06 -9.2686E-10 -2.2997E-09
  7.3745E-04  1.9112E-06 -9.7718E-10 -2.4246E-09
  7.5050E-04  2.0046E-06 -1.0300E-09 -2.5556E-09
  7.6372E-04  2.1020E-06 -1.0854E-09 -2.6930E-09
  7.7710E-04  2.2037E-06 -1.1434E-09 -2.8371E-09
  7.9066E-04  2.3100E-06 -1.2043E-09 -2.9882E-09
  8.0440E-04  2.4209E-06 -1.2682E-09 -3.1467E-09
  8.1831E-04  2.5366E-06 -1.3351E-09 -3.3128E-09
  8.3240E-04  2.6574E-06 -1.4053E-09 -3.4869E-09
  8.4668E-04  2.7835E-06 -1.4789E-09 -3.6694E-09
  8.6114E-04  2.9150E-06 -1.5559E-09 -3.8606E-09
  8.7578E-04  3.0522E-06 -1.6367E-09 -4.0609E-09
  8.9061E-04  3.1954E-06 -1.7213E-09 -4.2708E-09
  9.0564E-04  3.3447E-06 -1.8098E-09 -4.4906E-09
  9.2086E-04  3.5005E-06 -1.9026E-09 -4.7209E-09
  9.3628E-04  3.6629E-06 -1.9998E-09 -4.9619E-09
  9.5189E-04  3.8323E-06 -2.1015E-09 -5.2144E-09
  9.6771E-04  4.0090E-06 -2.2081E-09 -5.4787E-09
  9.8373E-04  4.1932E-06 -2.3195E-09 -5.7553E-09
  9.9996E-04  4.3852E-06 -2.4362E-09 -6.0448E-09
  1.0164E-03  4.5854E-06 -2.5584E-09 -6.3479E-09
  1.0330E-03  4.7940E-06 -2.6862E-09 -6.6650E-09
  1.0499E-03  5.0115E-06 -2.8199E-09 -6.9968E-09
  1.0670E-03  5.2382E-06 -2.9598E-09 -7.3439E-09
  1.0843E-03  5.4744E-06 -3.1061E-09 -7.7070E-09
  1.1018E-03  5.7206E-06 -3.2592E-09 -8.0868E-09
  1.1196E-03  5.9771E-06 -3.4193E-09 -8.4840E-09
  1.1376E-03  6.2443E-06 -3.5867E-09 -8.8994E-09
  1.1558E-03  6.5227E-06 -3.7618E-09 -9.3338E-09
  1.1742E-03  6.8128E-06 -3.9448E-09 -9.7880E-09
  1.1929E-03  7.1149E-06 -4.1362E-09 -1.0263E-08
  1.2118E-03  7.4297E-06 -4.3362E-09 -1.0759E-08
  1.2310E-03  7.7575E-06 -4.5453E-09 -1.1278E-08
  1.2504E-03  8.0989E-06 -4.7639E-09 -1.1820E-08
  1.2701E-03  8.4544E-06 -4.9923E-09 -1.2387E-08
  1.2900E-03  8.8247E-06 -5.2309E-09 -1.2979E-08
  1.3102E-03  9.2102E-06 -5.4803E-09 -1.3598E-08
  1.3307E-03  9.6117E-06 -5.7409E-09 -1.4244E-08
  1.3514E-03  1.0030E-05 -6.0131E-09 -1.4920E-08
  1.3723E-03  1.0465E-05 -6.2975E-09 -1.5625E-08
  1.3936E-03  1.0918E-05 -6.5945E-09 -1.6362E-08
  1.4151E-03  1.1389E-05 -6.9048E-09 -1.7132E-08
  1.4369E-03  1.1880E-05 -7.2288E-09 -1.7936E-08
  1.4590E-03  1.2391E-05 -7.5672E-09 -1.8776E-08
  1.4814E-03  1.2923E-05 -7.9206E-09 -1.9653E-08
  1.5040E-03  1.3477E-05 -8.2895E-09 -2.0568E-08
  1.5270E-03  1.4053E-05 -8.6748E-09 -2.1524E-08
  1.5502E-03  1.4652E-05 -9.0770E-09 -2.2522E-08
  1.5737E-03  1.5276E-05 -9.4968E-09 -2.3564E-08
  1.5976E-03  1.5925E-05 -9.9351E-09 -2.4651E-08
  1.6217E-03  1.6601E-05 -1.0393E-08 -2.5786E-08
  1.6462E-03  1.7304E-05 -1.0870E-08 -2.6971E-08
  1.6710E-03  1.8035E-05 -1.1368E-08 -2.8208E-08
  1.6961E-03  1.8796E-05 -1.1889E-08 -2.9498E-08
  1.7215E-03  1.9587E-05 -1.2431E-08 -3.0845E-08
  1.7473E-03  2.0410E-05 -1.2998E-08 -3.2250E-08
  1.7734E-03  2.1267E-05 -1.3589E-08 -3.3716E-08
  1.7998E-03  2.2158E-05 -1.4205E-08 -3.5246E-08
  1.8266E-03  2.3085E-05 -1.4848E-08 -3.6842E-08
  1.8537E-03  2.4048E-05 -1.5519E-08 -3.8507E-08
  1.8811E-03  2.5051E-05 -1.6219E-08 -4.0244E-08
  1.9090E-03  2.6094E-05 -1.6950E-08 -4.2056E-08
  1.9371E-03  2.7178E-05 -1.7711E-08 -4.3945E-08
  1.9657E-03  2.8306E-05 -1.8506E-08 -4.5917E-08
  1.9946E-03  2.9478E-05 -1.9334E-08 -4.7972E-08
  2.0239E-03  3.0698E-05 -2.0198E-08 -5.0116E-08
  2.0535E-03  3.1966E-05 -2.1099E-08 -5.2352E-08
  2.0836E-03  3.3284E-05 -2.2039E-08 -5.4684E-08
  2.1140E-03  3.4655E-05 -2.3019E-08 -5.7115E-08
  2.1448E-03  3.6081E-05 -2.4040E-08 -5.9650E-08
  2.1760E-03  3.7563E-05 -2.5106E-08 -6.2293E-08
  2.2077E-03  3.9103E-05 -2.6216E-08 -6.5048E-08
  2.2397E-03  4.0705E-05 -2.7374E-08 -6.7921E-08
  2.2721E-03  4.2370E-05 -2.8581E-08 -7.0916E-08
  2.3050E-03  4.4101E-05 -2.9839E-08 -7.4038E-08
  2.3383E-03  4.5901E-05 -3.1151E-08 -7.7292E-08
  2.3720E-03  4.7771E-05 -3.2518E-08 -8.0685E-08
  2.4062E-03  4.9715E-05 -3.3943E-08 -8.4220E-08
  2.4408E-03  5.1736E-05 -3.5428E-08 -8.7906E-08
  2.4758E-03  5.3837E-05 -3.6976E-08 -9.1747E-08
  2.5113E-03  5.6020E-05 -3.8590E-08 -9.5749E-08
  2.5473E-03  5.8289E-05 -4.0271E-08 -9.9921E-08
  2.5837E-03  6.0647E-05 -4.2023E-08 -1.0427E-07
  2.6206E-03  6.3098E-05 -4.3849E-08 -1.0880E-07
  2.6579E-03  6.5645E-05 -4.5751E-08 -1.1352E-07
  2.6958E-03  6.8292E-05 -4.7734E-08 -1.1844E-07
  2.7341E-03  7.1042E-05 -4.9799E-08 -1.2356E-07
  2.7729E-03  7.3900E-05 -5.1951E-08 -1.2890E-07
  2.8123E-03  7.6870E-05 -5.4194E-08 -1.3447E-07
  2.8521E-03  7.9955E-05 -5.6530E-08 -1.4026E-07
  2.8925E-03  8.3162E-05 -5.8963E-08 -1.4630E-07
  2.9334E-03  8.6493E-05 -6.1499E-08 -1.5259E-07
  2.9748E-03  8.9954E-05 -6.4140E-08 -1.5914E-07
  3.0167E-03  9.3550E-05 -6.6891E-08 -1.6597E-07
  3.0592E-03  9.7286E-05 -6.9757E-08 -1.7308E-07
  3.1022E-03  1.0117E-04 -7.2742E-08 -1.8049E-07
  3.1458E-03  1.0520E-04 -7.5851E-08 -1.8820E-07
  3.1899E-03  1.0939E-04 -7.9089E-08 -1.9624E-07
  3.2347E-03  1.1374E-04 -8.2462E-08 -2.0461E-07
  3.2799E-03  1.1826E-04 -8.5975E-08 -2.1332E-07
  3.3258E-03  1.2296E-04 -8.9634E-08 -2.2240E-07
  3.3723E-03  1.2783E-04 -9.3444E-08 -2.3185E-07
  3.4194E-03  1.3290E-04 -9.7411E-08 -2.4170E-07
  3.4671E-03  1.3816E-04 -1.0154E-07 -2.5195E-07
  3.5153E-03  1.4363E-04 -1.0585E-07 -2.6263E-07
  3.5643E-03  1.4930E-04 -1.1033E-07 -2.7374E-07
  3.6138E-03  1.5520E-04 -1.1499E-07 -2.8532E-07
  3.6640E-03  1.6132E-04 -1.1985E-07 -2.9737E-07
  3.7148E-03  1.6768E-04 -1.2491E-07 -3.0992E-07
  3.7663E-03  1.7429E-04 -1.3018E-07 -3.2299E-07
  3.8185E-03  1.8114E-04 -1.3566E-07 -3.3660E-07
  3.8713E-03  1.8827E-04 -1.4137E-07 -3.5076E-07
  3.9249E-03  1.9566E-04 -1.4731E-07 -3.6551E-07
  3.9791E-03  2.0334E-04 -1.5350E-07 -3.8087E-07
  4.0340E-03  2.1132E-04 -1.5994E-07 -3.9685E-07
  4.0896E-03  2.1960E-04 -1.6665E-07 -4.1349E-07
  4.1459E-03  2.2820E-04 -1.7363E-07 -4.3082E-07
  4.2030E-03  2.3712E-04 -1.8090E-07 -4.4885E-07
  4.2608E-03  2.4639E-04 -1.8847E-07 -4.6763E-07
  4.3193E-03  2.5602E-04 -1.9634E-07 -4.8717E-07
  4.3786E-03  2.6601E-04 -2.0454E-07 -5.0751E-07
  4.4387E-03  2.7638E-04 -2.1308E-07 -5.2868E-07
  4.4995E-03  2.8715E-04 -2.2196E-07 -5.5072E-07
  4.5612E-03  2.9833E-04 -2.3120E-07 -5.7366E-07
  4.6236E-03  3.0994E-04 -2.4083E-07 -5.9754E-07
  4.6868E-03  3.2199E-04 -2.5084E-07 -6.2239E-07
  4.7509E-03  3.3450E-04 -2.6127E-07 -6.4826E-07
  4.8157E-03  3.4748E-04 -2.7212E-07 -6.7518E-07
  4.8815E-03  3.6096E-04 -2.8341E-07 -7.0320E-07
  4.9480E-03  3.7495E-04 -2.9516E-07 -7.3235E-07
  5.0154E-03  3.8947E-04 -3.0739E-07 -7.6270E-07
  5.0837E-03  4.0454E-04 -3.2012E-07 -7.9428E-07
  5.1529E-03  4.2018E-04 -3.3337E-07 -8.2714E-07
  5.2230E-03  4.3642E-04 -3.4715E-07 -8.6134E-07
  5.2939E-03  4.5327E-04 -3.6149E-07 -8.9694E-07
  5.3658E-03  4.7076E-04 -3.7642E-07 -9.3397E-07
  5.4386E-03  4.8890E-04 -3.9195E-07 -9.7251E-07
  5.5124E-03  5.0774E-04 -4.0812E-07 -1.0126E-06
  5.5871E-03  5.2728E-04 -4.2494E-07 -1.0543E-06
  5.6628E-03  5.4757E-04 -4.4244E-07 -1.0978E-06
  5.7394E-03  5.6861E-04 -4.6065E-07 -1.1430E-06
  5.8171E-03  5.9045E-04 -4.7959E-07 -1.1900E-06
  5.8957E-03  6.1312E-04 -4.9931E-07 -1.2389E-06
  5.9754E-03  6.3663E-04 -5.1982E-07 -1.2898E-06
  6.0560E-03  6.6103E-04 -5.4116E-07 -1.3427E-06
  6.1378E-03  6.8634E-04 -5.6337E-07 -1.3978E-06
  6.2206E-03  7.1261E-04 -5.8647E-07 -1.4552E-06
  6.3044E-03  7.3986E-04 -6.1051E-07 -1.5148E-06
  6.3893E-03  7.6813E-04 -6.3552E-07 -1.5768E-06
  6.4754E-03  7.9745E-04 -6.6154E-07 -1.6414E-06
  6.5625E-03  8.2788E-04 -6.8861E-07 -1.7086E-06
  6.6508E-03  8.5944E-04 -7.1677E-07 -1.7784E-06
  6.7402E-03  8.9218E-04 -7.4606E-07 -1.8511E-06
  6.8307E-03  9.2615E-04 -7.7654E-07 -1.9267E-06
  6.9225E-03  9.6138E-04 -8.0825E-07 -2.0054E-06
  7.0154E-03  9.9792E-04 -8.4123E-07 -2.0872E-06
  7.1095E-03  1.0358E-03 -8.7555E-07 -2.1724E-06
  7.2048E-03  1.0751E-03 -9.1124E-07 -2.2609E-06
  7.3014E-03  1.1159E-03 -9.4837E-07 -2.3531E-06
  7.3992E-03  1.1582E-03 -9.8699E-07 -2.4489E-06
  7.4983E-03  1.2021E-03 -1.0272E-06 -2.5486E-06
  7.5986E-03  1.2475E-03 -1.0690E-06 -2.6523E-06
  7.7003E-03  1.2947E-03 -1.1124E-06 -2.7602E-06
  7.8032E-03  1.3436E-03 -1.1577E-06 -2.8724E-06
  7.9075E-03  1.3944E-03 -1.2047E-06 -2.9891E-06
  8.0132E-03  1.4470E-03 -1.2536E-06 -3.1105E-06
  8.1202E-03  1.5015E-03 -1.3045E-06 -3.2367E-06
  8.2286E-03  1.5580E-03 -1.3575E-06 -3.3681E-06
  8.3383E-03  1.6167E-03 -1.4125E-06 -3.5047E-06
  8.4495E-03  1.6775E-03 -1.4698E-06 -3.6467E-06
  8.5622E-03  1.7405E-03 -1.5293E-06 -3.7945E-06
  8.6763E-03  1.8058E-03 -1.5913E-06 -3.9482E-06
  8.7918E-03  1.8736E-03 -1.6557E-06 -4.1081E-06
  8.9089E-03  1.9438E-03 -1.7227E-06 -4.2744E-06
  9.0274E-03  2.0166E-03 -1.7924E-06 -4.4473E-06
  9.1475E-03  2.0921E-03 -1.8649E-06 -4.6272E-06
  9.2692E-03  2.1703E-03 -1.9403E-06 -4.8142E-06
  9.3924E-03  2.2514E-03 -2.0187E-06 -5.0088E-06
  9.5172E-03  2.3354E-03 -2.1003E-06 -5.2111E-06
  9.6436E-03  2.4225E-03 -2.1851E-06 -5.4215E-06
  9.7717E-03  2.5128E-03 -2.2733E-06 -5.6404E-06
  9.9014E-03  2.6064E-03 -2.3650E-06 -5.8679E-06
  1.0033E-02  2.7033E-03 -2.4604E-06 -6.1046E-06
  1.0166E-02  2.8038E-03 -2.5596E-06 -6.3508E-06
  1.0301E-02  2.9079E-03 -2.6628E-06 -6.6068E-06
  1.0437E-02  3.0158E-03 -2.7701E-06 -6.8730E-06
  1.0576E-02  3.1276E-03 -2.8817E-06 -7.1498E-06
  1.0716E-02  3.2435E-03 -2.9977E-06 -7.4377E-06
  1.0858E-02  3.3635E-03 -3.1184E-06 -7.7371E-06
  1.1001E-02  3.4879E-03 -3.2439E-06 -8.0484E-06
  1.1147E-02  3.6167E-03 -3.3743E-06 -8.3721E-06
  1.1294E-02  3.7502E-03 -3.5100E-06 -8.7088E-06
  1.1444E-02  3.8884E-03 -3.6511E-06 -9.0589E-06
  1.1595E-02  4.0317E-03 -3.7979E-06 -9.4229E-06
  1.1748E-02  4.1800E-03 -3.9505E-06 -9.8015E-06
  1.1903E-02  4.3337E-03 -4.1091E-06 -1.0195E-05
  1.2061E-02  4.4929E-03 -4.2741E-06 -1.0604E-05
  1.2220E-02  4.6577E-03 -4.4457E-06 -1.1030E-05
  1.2381E-02  4.8285E-03 -4.6240E-06 -1.1473E-05
  1.2545E-02  5.0053E-03 -4.8095E-06 -1.1933E-05
  1.2710E-02  5.1884E-03 -5.0024E-06 -1.2411E-05
  1.2878E-02  5.3780E-03 -5.2030E-06 -1.2909E-05
  1.3048E-02  5.5744E-03 -5.4115E-06 -1.3426E-05
  1.3220E-02  5.7777E-03 -5.6284E-06 -1.3964E-05
  1.3394E-02  5.9882E-03 -5.8538E-06 -1.4524E-05
  1.3570E-02  6.2061E-03 -6.0883E-06 -1.5105E-05
  1.3749E-02  6.4317E-03 -6.3320E-06 -1.5710E-05
  1.3930E-02  6.6653E-03 -6.5855E-06 -1.6339E-05
  1.4114E-02  6.9071E-03 -6.8490E-06 -1.6993E-05
  1.4299E-02  7.1574E-03 -7.1230E-06 -1.7673E-05
  1.4488E-02  7.4165E-03 -7.4079E-06 -1.8379E-05
  1.4678E-02  7.6847E-03 -7.7042E-06 -1.9114E-05
  1.4871E-02  7.9622E-03 -8.0121E-06 -1.9878E-05
  1.5067E-02  8.2494E-03 -8.3324E-06 -2.0673E-05
  1.5265E-02  8.5467E-03 -8.6653E-06 -2.1499E-05
  1.5466E-02  8.8543E-03 -9.0115E-06 -2.2358E-05
  1.5669E-02  9.1725E-03 -9.3714E-06 -2.3251E-05
  1.5875E-02  9.5019E-03 -9.7456E-06 -2.4179E-05
  1.6083E-02  9.8426E-03 -1.0135E-05 -2.5144E-05
  1.6294E-02  1.0195E-02 -1.0539E-05 -2.6148E-05
  1.6508E-02  1.0560E-02 -1.0960E-05 -2.7191E-05
  1.6725E-02  1.0937E-02 -1.1397E-05 -2.8275E-05
  1.6944E-02  1.1327E-02 -1.1851E-05 -2.9403E-05
  1.7167E-02  1.1731E-02 -1.2324E-05 -3.0576E-05
  1.7392E-02  1.2149E-02 -1.2815E-05 -3.1795E-05
  1.7620E-02  1.2580E-02 -1.3326E-05 -3.3062E-05
  1.7851E-02  1.3027E-02 -1.3857E-05 -3.4379E-05
  1.8085E-02  1.3489E-02 -1.4409E-05 -3.5749E-05
  1.8322E-02  1.3966E-02 -1.4983E-05 -3.7173E-05
  1.8562E-02  1.4460E-02 -1.5580E-05 -3.8653E-05
  1.8806E-02  1.4971E-02 -1.6201E-05 -4.0192E-05
  1.9052E-02  1.5498E-02 -1.6846E-05 -4.1792E-05
  1.9302E-02  1.6044E-02 -1.7516E-05 -4.3456E-05
  1.9554E-02  1.6608E-02 -1.8213E-05 -4.5185E-05
  1.9810E-02  1.7191E-02 -1.8938E-05 -4.6983E-05
  2.0070E-02  1.7793E-02 -1.9691E-05 -4.8852E-05
  2.0332E-02  1.8416E-02 -2.0474E-05 -5.0794E-05
  2.0598E-02  1.9060E-02 -2.1289E-05 -5.2814E-05
  2.0868E-02  1.9725E-02 -2.2135E-05 -5.4914E-05
  2.1141E-02  2.0412E-02 -2.3015E-05 -5.7097E-05
  2.1418E-02  2.1122E-02 -2.3930E-05 -5.9366E-05
  2.1698E-02  2.1855E-02 -2.4881E-05 -6.1725E-05
  2.1981E-02  2.2613E-02 -2.5869E-05 -6.4177E-05
  2.2269E-02  2.3396E-02 -2.6897E-05 -6.6726E-05
  2.2560E-02  2.4204E-02 -2.7965E-05 -6.9376E-05
  2.2855E-02  2.5039E-02 -2.9076E-05 -7.2131E-05
  2.3153E-02  2.5902E-02 -3.0231E-05 -7.4995E-05
  2.3456E-02  2.6792E-02 -3.1431E-05 -7.7972E-05
  2.3762E-02  2.7712E-02 -3.2678E-05 -8.1066E-05
  2.4073E-02  2.8662E-02 -3.3975E-05 -8.4283E-05
  2.4387E-02  2.9642E-02 -3.5323E-05 -8.7627E-05
  2.4705E-02  3.0654E-02 -3.6725E-05 -9.1104E-05
  2.5028E-02  3.1698E-02 -3.8182E-05 -9.4717E-05
  2.5355E-02  3.2777E-02 -3.9696E-05 -9.8473E-05
  2.5686E-02  3.3890E-02 -4.1270E-05 -1.0238E-04
  2.6021E-02  3.5038E-02 -4.2907E-05 -1.0644E-04
  2.6360E-02  3.6223E-02 -4.4608E-05 -1.1066E-04
  2.6704E-02  3.7446E-02 -4.6376E-05 -1.1504E-04
  2.7053E-02  3.8707E-02 -4.8214E-05 -1.1960E-04
  2.7405E-02  4.0009E-02 -5.0125E-05 -1.2434E-04
  2.7763E-02  4.1351E-02 -5.2111E-05 -1.2927E-04
  2.8125E-02  4.2736E-02 -5.4176E-05 -1.3439E-04
  2.8492E-02  4.4164E-02 -5.6322E-05 -1.3971E-04
  2.8863E-02  4.5637E-02 -5.8552E-05 -1.4524E-04
  2.9239E-02  4.7155E-02 -6.0871E-05 -1.5099E-04
  2.9620E-02  4.8721E-02 -6.3281E-05 -1.5697E-04
  3.0006E-02  5.0335E-02 -6.5787E-05 -1.6318E-04
  3.0397E-02  5.1999E-02 -6.8391E-05 -1.6964E-04
  3.0793E-02  5.3714E-02 -7.1098E-05 -1.7635E-04
  3.1195E-02  5.5482E-02 -7.3912E-05 -1.8333E-04
  3.1601E-02  5.7303E-02 -7.6837E-05 -1.9058E-04
  3.2013E-02  5.9180E-02 -7.9877E-05 -1.9812E-04
  3.2429E-02  6.1114E-02 -8.3037E-05 -2.0596E-04
  3.2852E-02  6.3106E-02 -8.6321E-05 -2.1410E-04
  3.3279E-02  6.5158E-02 -8.9736E-05 -2.2257E-04
  3.3713E-02  6.7272E-02 -9.3284E-05 -2.3137E-04
  3.4152E-02  6.9448E-02 -9.6973E-05 -2.4052E-04
  3.4596E-02  7.1690E-02 -1.0081E-04 -2.5002E-04
  3.5046E-02  7.3998E-02 -1.0479E-04 -2.5990E-04
  3.5502E-02  7.6373E-02 -1.0893E-04 -2.7017E-04
  3.5964E-02  7.8819E-02 -1.1324E-04 -2.8085E-04
  3.6432E-02  8.1336E-02 -1.1771E-04 -2.9194E-04
  3.6906E-02  8.3927E-02 -1.2237E-04 -3.0348E-04
  3.7386E-02  8.6592E-02 -1.2720E-04 -3.1546E-04
  3.7873E-02  8.9335E-02 -1.3223E-04 -3.2792E-04
  3.8365E-02  9.2156E-02 -1.3745E-04 -3.4087E-04
  3.8864E-02  9.5059E-02 -1.4288E-04 -3.5433E-04
  3.9370E-02  9.8043E-02 -1.4852E-04 -3.6832E-04
  3.9882E-02  1.0111E-01 -1.5439E-04 -3.8286E-04
  4.0400E-02  1.0427E-01 -1.6048E-04 -3.9797E-04
  4.0925E-02  1.0751E-01 -1.6682E-04 -4.1367E-04
  4.1457E-02  1.1085E-01 -1.7340E-04 -4.3000E-04
  4.1996E-02  1.1428E-01 -1.8025E-04 -4.4696E-04
  4.2542E-02  1.1780E-01 -1.8736E-04 -4.6459E-04
  4.3095E-02  1.2142E-01 -1.9475E-04 -4.8292E-04
  4.3655E-02  1.2514E-01 -2.0244E-04 -5.0197E-04
  4.4222E-02  1.2896E-01 -2.1042E-04 -5.2176E-04
  4.4797E-02  1.3288E-01 -2.1873E-04 -5.4234E-04
  4.5379E-02  1.3691E-01 -2.2735E-04 -5.6372E-04
  4.5968E-02  1.4104E-01 -2.3632E-04 -5.8594E-04
  4.6565E-02  1.4529E-01 -2.4564E-04 -6.0904E-04
  4.7170E-02  1.4965E-01 -2.5533E-04 -6.3304E-04
  4.7783E-02  1.5412E-01 -2.6539E-04 -6.5799E-04
  4.8403E-02  1.5871E-01 -2.7586E-04 -6.8392E-04
  4.9032E-02  1.6342E-01 -2.8673E-04 -7.1086E-04
  4.9669E-02  1.6825E-01 -2.9803E-04 -7.3887E-04
  5.0314E-02  1.7320E-01 -3.0978E-04 -7.6797E-04
  5.0967E-02  1.7828E-01 -3.2199E-04 -7.9822E-04
  5.1628E-02  1.8349E-01 -3.3468E-04 -8.2966E-04
  5.2299E-02  1.8883E-01 -3.4786E-04 -8.6232E-04
  5.2978E-02  1.9430E-01 -3.6157E-04 -8.9628E-04
  5.3665E-02  1.9991E-01 -3.7581E-04 -9.3156E-04
  5.4362E-02  2.0565E-01 -3.9061E-04 -9.6823E-04
  5.5067E-02  2.1153E-01 -4.0600E-04 -1.0063E-03
  5.5782E-02  2.1756E-01 -4.2199E-04 -1.0459E-03
  5.6506E-02  2.2373E-01 -4.3860E-04 -1.0871E-03
  5.7239E-02  2.3004E-01 -4.5587E-04 -1.1299E-03
  5.7982E-02  2.3651E-01 -4.7382E-04 -1.1743E-03
  5.8734E-02  2.4312E-01 -4.9247E-04 -1.2205E-03
  5.9496E-02  2.4989E-01 -5.1185E-04 -1.2685E-03
  6.0268E-02  2.5681E-01 -5.3200E-04 -1.3184E-03
  6.1049E-02  2.6389E-01 -5.5293E-04 -1.3702E-03
  6.1841E-02  2.7113E-01 -5.7469E-04 -1.4241E-03
  6.2643E-02  2.7853E-01 -5.9730E-04 -1.4801E-03
  6.3456E-02  2.8609E-01 -6.2080E-04 -1.5382E-03
  6.4279E-02  2.9382E-01 -6.4522E-04 -1.5987E-03
  6.5112E-02  3.0171E-01 -6.7060E-04 -1.6615E-03
  6.5957E-02  3.0977E-01 -6.9697E-04 -1.7268E-03
  6.6812E-02  3.1801E-01 -7.2438E-04 -1.7946E-03
  6.7678E-02  3.2641E-01 -7.5286E-04 -1.8651E-03
  6.8556E-02  3.3499E-01 -7.8246E-04 -1.9384E-03
  6.9444E-02  3.4374E-01 -8.1321E-04 -2.0145E-03
  7.0345E-02  3.5266E-01 -8.4518E-04 -2.0936E-03
  7.1256E-02  3.6177E-01 -8.7839E-04 -2.1757E-03
  7.2180E-02  3.7105E-01 -9.1291E-04 -2.2611E-03
  7.3116E-02  3.8051E-01 -9.4878E-04 -2.3499E-03
  7.4063E-02  3.9015E-01 -9.8606E-04 -2.4421E-03
  7.5023E-02  3.9997E-01 -1.0248E-03 -2.5379E-03
  7.5996E-02  4.0997E-01 -1.0650E-03 -2.6374E-03
  7.6981E-02  4.2016E-01 -1.1069E-03 -2.7409E-03
  7.7978E-02  4.3052E-01 -1.1503E-03 -2.8484E-03
  7.8989E-02  4.4107E-01 -1.1955E-03 -2.9601E-03
  8.0012E-02  4.5180E-01 -1.2424E-03 -3.0761E-03
  8.1049E-02  4.6272E-01 -1.2912E-03 -3.1967E-03
  8.2099E-02  4.7381E-01 -1.3419E-03 -3.3219E-03
  8.3163E-02  4.8509E-01 -1.3946E-03 -3.4521E-03
  8.4240E-02  4.9655E-01 -1.4493E-03 -3.5873E-03
  8.5331E-02  5.0818E-01 -1.5061E-03 -3.7279E-03
  8.6437E-02  5.2000E-01 -1.5652E-03 -3.8739E-03
  8.7556E-02  5.3199E-01 -1.6266E-03 -4.0255E-03
  8.8691E-02  5.4416E-01 -1.6904E-03 -4.1831E-03
  8.9839E-02  5.5650E-01 -1.7567E-03 -4.3469E-03
  9.1003E-02  5.6902E-01 -1.8256E-03 -4.5170E-03
  9.2182E-02  5.8170E-01 -1.8972E-03 -4.6937E-03
  9.3376E-02  5.9455E-01 -1.9715E-03 -4.8773E-03
  9.4585E-02  6.0757E-01 -2.0488E-03 -5.0681E-03
  9.5810E-02  6.2074E-01 -2.1291E-03 -5.2663E-03
  9.7051E-02  6.3408E-01 -2.2125E-03 -5.4721E-03
  9.8307E-02  6.4757E-01 -2.2991E-03 -5.6860E-03
  9.9580E-02  6.6121E-01 -2.3892E-03 -5.9082E-03
  1.0087E-01  6.7499E-01 -2.4828E-03 -6.1391E-03
  1.0218E-01  6.8892E-01 -2.5800E-03 -6.3789E-03
  1.0350E-01  7.0298E-01 -2.6810E-03 -6.6280E-03
  1.0484E-01  7.1718E-01 -2.7859E-03 -6.8867E-03
  1.0620E-01  7.3150E-01 -2.8949E-03 -7.1556E-03
  1.0757E-01  7.4594E-01 -3.0082E-03 -7.4348E-03
  1.0896E-01  7.6050E-01 -3.1259E-03 -7.7249E-03
  1.1037E-01  7.7516E-01 -3.2482E-03 -8.0262E-03
  1.1180E-01  7.8992E-01 -3.3752E-03 -8.3392E-03
  1.1325E-01  8.0478E-01 -3.5072E-03 -8.6643E-03
  1.1472E-01  8.1972E-01 -3.6443E-03 -9.0019E-03
  1.1620E-01  8.3473E-01 -3.7867E-03 -9.3527E-03
  1.1771E-01  8.4982E-01 -3.9347E-03 -9.7170E-03
  1.1923E-01  8.6496E-01 -4.0884E-03 -1.0095E-02
  1.2077E-01  8.8016E-01 -4.2481E-03 -1.0488E-02
  1.2233E-01  8.9539E-01 -4.4140E-03 -1.0897E-02
  1.2392E-01  9.1066E-01 -4.5863E-03 -1.1321E-02
  1.2552E-01  9.2594E-01 -4.7654E-03 -1.1761E-02
  1.2715E-01  9.4124E-01 -4.9513E-03 -1.2218E-02
  1.2879E-01  9.5653E-01 -5.1445E-03 -1.2693E-02
  1.3046E-01  9.7181E-01 -5.3452E-03 -1.3186E-02
  1.3215E-01  9.8706E-01 -5.5537E-03 -1.3698E-02
  1.3386E-01  1.0023E+00 -5.7702E-03 -1.4230E-02
  1.3559E-01  1.0174E+00 -5.9951E-03 -1.4783E-02
  1.3734E-01  1.0325E+00 -6.2287E-03 -1.5356E-02
  1.3912E-01  1.0475E+00 -6.4714E-03 -1.5952E-02
  1.4092E-01  1.0624E+00 -6.7235E-03 -1.6570E-02
  1.4274E-01  1.0773E+00 -6.9853E-03 -1.7213E-02
  1.4459E-01  1.0919E+00 -7.2572E-03 -1.7879E-02
  1.4646E-01  1.1065E+00 -7.5396E-03 -1.8572E-02
  1.4836E-01  1.1209E+00 -7.8330E-03 -1.9291E-02
  1.5027E-01  1.1351E+00 -8.1376E-03 -2.0037E-02
  1.5222E-01  1.1491E+00 -8.4540E-03 -2.0812E-02
  1.5419E-01  1.1629E+00 -8.7826E-03 -2.1616E-02
  1.5618E-01  1.1765E+00 -9.1239E-03 -2.2452E-02
  1.5820E-01  1.1899E+00 -9.4783E-03 -2.3319E-02
  1.6025E-01  1.2030E+00 -9.8464E-03 -2.4219E-02
  1.6232E-01  1.2158E+00 -1.0229E-02 -2.5153E-02
  1.6442E-01  1.2283E+00 -1.0625E-02 -2.6123E-02
  1.6655E-01  1.2405E+00 -1.1038E-02 -2.7130E-02
  1.6870E-01  1.2524E+00 -1.1466E-02 -2.8175E-02
  1.7088E-01  1.2639E+00 -1.1910E-02 -2.9259E-02
  1.7309E-01  1.2750E+00 -1.2372E-02 -3.0385E-02
  1.7533E-01  1.2858E+00 -1.2851E-02 -3.1554E-02
  1.7760E-01  1.2961E+00 -1.3348E-02 -3.2766E-02
  1.7990E-01  1.3059E+00 -1.3865E-02 -3.4025E-02
  1.8222E-01  1.3154E+00 -1.4401E-02 -3.5331E-02
  1.8458E-01  1.3243E+00 -1.4958E-02 -3.6686E-02
  1.8697E-01  1.3327E+00 -1.5536E-02 -3.8092E-02
  1.8939E-01  1.3406E+00 -1.6136E-02 -3.9552E-02
  1.9183E-01  1.3480E+00 -1.6759E-02 -4.1066E-02
  1.9432E-01  1.3548E+00 -1.7406E-02 -4.2636E-02
  1.9683E-01  1.3610E+00 -1.8077E-02 -4.4266E-02
  1.9937E-01  1.3666E+00 -1.8774E-02 -4.5957E-02
  2.0195E-01  1.3715E+00 -1.9498E-02 -4.7711E-02
  2.0456E-01  1.3758E+00 -2.0249E-02 -4.9531E-02
  2.0721E-01  1.3794E+00 -2.1028E-02 -5.1418E-02
  2.0989E-01  1.3823E+00 -2.1837E-02 -5.3376E-02
  2.1260E-01  1.3845E+00 -2.2677E-02 -5.5406E-02
  2.1535E-01  1.3860E+00 -2.3548E-02 -5.7512E-02
  2.1813E-01  1.3866E+00 -2.4453E-02 -5.9696E-02
  2.2095E-01  1.3865E+00 -2.5391E-02 -6.1960E-02
  2.2381E-01  1.3856E+00 -2.6365E-02 -6.4309E-02
  2.2671E-01  1.3838E+00 -2.7376E-02 -6.6744E-02
  2.2964E-01  1.3812E+00 -2.8424E-02 -6.9268E-02
  2.3260E-01  1.3777E+00 -2.9512E-02 -7.1886E-02
  2.3561E-01  1.3733E+00 -3.0641E-02 -7.4600E-02
  2.3866E-01  1.3680E+00 -3.1812E-02 -7.7412E-02
  2.4174E-01  1.3618E+00 -3.3028E-02 -8.0328E-02
  2.4487E-01  1.3546E+00 -3.4288E-02 -8.3350E-02
  2.4803E-01  1.3464E+00 -3.5596E-02 -8.6482E-02
  2.5124E-01  1.3373E+00 -3.6952E-02 -8.9728E-02
  2.5449E-01  1.3271E+00 -3.8359E-02 -9.3091E-02
  2.5778E-01  1.3160E+00 -3.9818E-02 -9.6577E-02
  2.6111E-01  1.3038E+00 -4.1332E-02 -1.0019E-01
  2.6449E-01  1.2905E+00 -4.2901E-02 -1.0393E-01
  2.6790E-01  1.2762E+00 -4.4529E-02 -1.0780E-01
  2.7137E-01  1.2608E+00 -4.6217E-02 -1.1182E-01
  2.7488E-01  1.2443E+00 -4.7967E-02 -1.1597E-01
  2.7843E-01  1.2268E+00 -4.9782E-02 -1.2028E-01
  2.8203E-01  1.2081E+00 -5.1663E-02 -1.2474E-01
  2.8567E-01  1.1883E+00 -5.3614E-02 -1.2935E-01
  2.8937E-01  1.1674E+00 -5.5636E-02 -1.3413E-01
  2.9311E-01  1.1454E+00 -5.7732E-02 -1.3908E-01
  2.9689E-01  1.1222E+00 -5.9904E-02 -1.4420E-01
  3.0073E-01  1.0979E+00 -6.2156E-02 -1.4950E-01
  3.0462E-01  1.0724E+00 -6.4489E-02 -1.5499E-01
  3.0856E-01  1.0458E+00 -6.6907E-02 -1.6066E-01
  3.1254E-01  1.0180E+00 -6.9412E-02 -1.6653E-01
  3.1658E-01  9.8913E-01 -7.2008E-02 -1.7261E-01
  3.2067E-01  9.5909E-01 -7.4698E-02 -1.7889E-01
  3.2482E-01  9.2790E-01 -7.7484E-02 -1.8539E-01
  3.2902E-01  8.9558E-01 -8.0370E-02 -1.9211E-01
  3.3327E-01  8.6214E-01 -8.3360E-02 -1.9906E-01
  3.3758E-01  8.2757E-01 -8.6455E-02 -2.0624E-01
  3.4194E-01  7.9189E-01 -8.9661E-02 -2.1367E-01
  3.4636E-01  7.5510E-01 -9.2981E-02 -2.2134E-01
  3.5083E-01  7.1722E-01 -9.6418E-02 -2.2927E-01
  3.5537E-01  6.7827E-01 -9.9976E-02 -2.3746E-01
  3.5996E-01  6.3826E-01 -1.0366E-01 -2.4592E-01
  3.6461E-01  5.9719E-01 -1.0747E-01 -2.5466E-01
  3.6932E-01  5.5510E-01 -1.1142E-01 -2.6369E-01
  3.7410E-01  5.1200E-01 -1.1550E-01 -2.7301E-01
  3.7893E-01  4.6792E-01 -1.1972E-01 -2.8263E-01
  3.8383E-01  4.2286E-01 -1.2410E-01 -2.9255E-01
  3.8879E-01  3.7687E-01 -1.2862E-01 -3.0280E-01
  3.9381E-01  3.2996E-01 -1.3329E-01 -3.1337E-01
  3.9890E-01  2.8216E-01 -1.3813E-01 -3.2427E-01
  4.0405E-01  2.3350E-01 -1.4313E-01 -3.3551E-01
  4.0928E-01  1.8401E-01 -1.4830E-01 -3.4710E-01
  4.1456E-01  1.3372E-01 -1.5364E-01 -3.5904E-01
  4.1992E-01  8.2672E-02 -1.5917E-01 -3.7135E-01
  4.2535E-01  3.0888E-02 -1.6487E-01 -3.8403E-01
  4.3084E-01 -2.1591E-02 -1.7077E-01 -3.9710E-01
  4.3641E-01 -7.4727E-02 -1.7687E-01 -4.1055E-01
  4.4205E-01 -1.2848E-01 -1.8316E-01 -4.2439E-01
  4.4776E-01 -1.8282E-01 -1.8966E-01 -4.3864E-01
  4.5355E-01 -2.3769E-01 -1.9637E-01 -4.5330E-01
  4.5941E-01 -2.9305E-01 -2.0330E-01 -4.6838E-01
  4.6534E-01 -3.4887E-01 -2.1046E-01 -4.8389E-01
  4.7136E-01 -4.0509E-01 -2.1784E-01 -4.9983E-01
  4.7745E-01 -4.6168E-01 -2.2545E-01 -5.1621E-01
  4.8361E-01 -5.1857E-01 -2.3331E-01 -5.3303E-01
  4.8986E-01 -5.7574E-01 -2.4141E-01 -5.5031E-01
  4.9619E-01 -6.3311E-01 -2.4977E-01 -5.6804E-01
  5.0260E-01 -6.9066E-01 -2.5839E-01 -5.8624E-01
  5.0910E-01 -7.4832E-01 -2.6726E-01 -6.0490E-01
  5.1567E-01 -8.0605E-01 -2.7641E-01 -6.2404E-01
  5.2234E-01 -8.6379E-01 -2.8584E-01 -6.4365E-01
  5.2909E-01 -9.2149E-01 -2.9555E-01 -6.6374E-01
  5.3592E-01 -9.7911E-01 -3.0555E-01 -6.8432E-01
  5.4285E-01 -1.0366E+00 -3.1584E-01 -7.0537E-01
  5.4986E-01 -1.0938E+00 -3.2643E-01 -7.2691E-01
  5.5696E-01 -1.1509E+00 -3.3732E-01 -7.4893E-01
  5.6416E-01 -1.2076E+00 -3.4853E-01 -7.7143E-01
  5.7145E-01 -1.2640E+00 -3.6006E-01 -7.9442E-01
  5.7883E-01 -1.3199E+00 -3.7190E-01 -8.1788E-01
  5.8631E-01 -1.3754E+00 -3.8407E-01 -8.4181E-01
  5.9388E-01 -1.4304E+00 -3.9658E-01 -8.6621E-01
  6.0155E-01 -1.4848E+00 -4.0942E-01 -8.9107E-01
  6.0933E-01 -1.5386E+00 -4.2260E-01 -9.1639E-01
  6.1720E-01 -1.5917E+00 -4.3613E-01 -9.4214E-01
  6.2517E-01 -1.6441E+00 -4.5000E-01 -9.6832E-01
  6.3325E-01 -1.6957E+00 -4.6423E-01 -9.9492E-01
  6.4143E-01 -1.7465E+00 -4.7881E-01 -1.0219E+00
  6.4971E-01 -1.7963E+00 -4.9375E-01 -1.0493E+00
  6.5811E-01 -1.8452E+00 -5.0905E-01 -1.0771E+00
  6.6661E-01 -1.8932E+00 -5.2471E-01 -1.1052E+00
  6.7522E-01 -1.9400E+00 -5.4074E-01 -1.1336E+00
  6.8394E-01 -1.9858E+00 -5.5712E-01 -1.1623E+00
  6.9278E-01 -2.0304E+00 -5.7387E-01 -1.1912E+00
  7.0173E-01 -2.0738E+00 -5.9099E-01 -1.2204E+00
  7.1079E-01 -2.1160E+00 -6.0846E-01 -1.2498E+00
  7.1998E-01 -2.1568E+00 -6.2629E-01 -1.2794E+00
  7.2928E-01 -2.1963E+00 -6.4448E-01 -1.3091E+00
  7.3870E-01 -2.2344E+00 -6.6302E-01 -1.3388E+00
  7.4824E-01 -2.2711E+00 -6.8190E-01 -1.3686E+00
  7.5791E-01 -2.3063E+00 -7.0112E-01 -1.3983E+00
  7.6770E-01 -2.3400E+00 -7.2068E-01 -1.4280E+00
  7.7761E-01 -2.3721E+00 -7.4056E-01 -1.4576E+00
  7.8766E-01 -2.4027E+00 -7.6076E-01 -1.4869E+00
  7.9783E-01 -2.4317E+00 -7.8126E-01 -1.5160E+00
  8.0814E-01 -2.4590E+00 -8.0205E-01 -1.5447E+00
  8.1858E-01 -2.4847E+00 -8.2313E-01 -1.5731E+00
  8.2915E-01 -2.5087E+00 -8.4446E-01 -1.6010E+00
  8.3986E-01 -2.5310E+00 -8.6605E-01 -1.6283E+00
  8.5071E-01 -2.5515E+00 -8.8786E-01 -1.6549E+00
  8.6170E-01 -2.5703E+00 -9.0988E-01 -1.6808E+00
  8.7283E-01 -2.5874E+00 -9.3209E-01 -1.7058E+00
  8.8411E-01 -2.6026E+00 -9.5446E-01 -1.7300E+00
  8.9553E-01 -2.6161E+00 -9.7698E-01 -1.7530E+00
  9.0709E-01 -2.6278E+00 -9.9961E-01 -1.7749E+00
  9.1881E-01 -2.6376E+00 -1.0223E+00 -1.7956E+00
  9.3068E-01 -2.6457E+00 -1.0451E+00 -1.8148E+00
  9.4270E-01 -2.6520E+00 -1.0679E+00 -1.8325E+00
  9.5488E-01 -2.6564E+00 -1.0906E+00 -1.8486E+00
  9.6721E-01 -2.6591E+00 -1.1133E+00 -1.8629E+00
  9.7970E-01 -2.6599E+00 -1.1359E+00 -1.8753E+00
  9.9236E-01 -2.6590E+00 -1.1584E+00 -1.8857E+00
  1.0052E+00 -2.6562E+00 -1.1807E+00 -1.8938E+00
  1.0182E+00 -2.6517E+00 -1.2028E+00 -1.8996E+00
  1.0313E+00 -2.6454E+00 -1.2246E+00 -1.9029E+00
  1.0446E+00 -2.6374E+00 -1.2460E+00 -1.9035E+00
  1.0581E+00 -2.6277E+00 -1.2671E+00 -1.9014E+00
  1.0718E+00 -2.6162E+00 -1.2878E+00 -1.8963E+00
  1.0856E+00 -2.6030E+00 -1.3079E+00 -1.8880E+00
  1.0997E+00 -2.5881E+00 -1.3275E+00 -1.8765E+00
  1.1139E+00 -2.5716E+00 -1.3465E+00 -1.8615E+00
  1.1282E+00 -2.5534E+00 -1.3648E+00 -1.8430E+00
  1.1428E+00 -2.5337E+00 -1.3823E+00 -1.8206E+00
  1.1576E+00 -2.5123E+00 -1.3990E+00 -1.7943E+00
  1.1725E+00 -2.4894E+00 -1.4149E+00 -1.7640E+00
  1.1877E+00 -2.4649E+00 -1.4297E+00 -1.7294E+00
  1.2030E+00 -2.4389E+00 -1.4436E+00 -1.6905E+00
  1.2186E+00 -2.4113E+00 -1.4563E+00 -1.6471E+00
  1.2343E+00 -2.3824E+00 -1.4678E+00 -1.5990E+00
  1.2502E+00 -2.3520E+00 -1.4781E+00 -1.5462E+00
  1.2664E+00 -2.3201E+00 -1.4870E+00 -1.4885E+00
  1.2827E+00 -2.2869E+00 -1.4945E+00 -1.4258E+00
  1.2993E+00 -2.2523E+00 -1.5006E+00 -1.3581E+00
  1.3161E+00 -2.2164E+00 -1.5050E+00 -1.2852E+00
  1.3331E+00 -2.1792E+00 -1.5078E+00 -1.2072E+00
  1.3503E+00 -2.1406E+00 -1.5088E+00 -1.1241E+00
  1.3678E+00 -2.1009E+00 -1.5081E+00 -1.0357E+00
  1.3854E+00 -2.0599E+00 -1.5055E+00 -9.4218E-01
  1.4033E+00 -2.0176E+00 -1.5009E+00 -8.4356E-01
  1.4214E+00 -1.9742E+00 -1.4942E+00 -7.3994E-01
  1.4398E+00 -1.9297E+00 -1.4855E+00 -6.3144E-01
  1.4584E+00 -1.8839E+00 -1.4747E+00 -5.1826E-01
  1.4772E+00 -1.8371E+00 -1.4616E+00 -4.0060E-01
  1.4963E+00 -1.7892E+00 -1.4462E+00 -2.7875E-01
  1.5156E+00 -1.7402E+00 -1.4285E+00 -1.5304E-01
  1.5352E+00 -1.6902E+00 -1.4084E+00 -2.3873E-02
  1.5550E+00 -1.6391E+00 -1.3858E+00  1.0828E-01
  1.5751E+00 -1.5870E+00 -1.3608E+00  2.4286E-01
  1.5955E+00 -1.5339E+00 -1.3333E+00  3.7923E-01
  1.6161E+00 -1.4798E+00 -1.3032E+00  5.1668E-01
  1.6369E+00 -1.4247E+00 -1.2706E+00  6.5438E-01
  1.6581E+00 -1.3687E+00 -1.2354E+00  7.9139E-01
  1.6795E+00 -1.3118E+00 -1.1976E+00  9.2669E-01
  1.7012E+00 -1.2539E+00 -1.1573E+00  1.0591E+00
  1.7232E+00 -1.1951E+00 -1.1143E+00  1.1874E+00
  1.7454E+00 -1.1353E+00 -1.0689E+00  1.3102E+00
  1.7680E+00 -1.0747E+00 -1.0209E+00  1.4259E+00
  1.7908E+00 -1.0131E+00 -9.7041E-01  1.5331E+00
  1.8139E+00 -9.5072E-01 -9.1753E-01  1.6301E+00
  1.8373E+00 -8.8739E-01 -8.6230E-01  1.7151E+00
  1.8611E+00 -8.2318E-01 -8.0481E-01  1.7866E+00
  1.8851E+00 -7.5808E-01 -7.4515E-01  1.8429E+00
  1.9095E+00 -6.9210E-01 -6.8342E-01  1.8826E+00
  1.9341E+00 -6.2523E-01 -6.1975E-01  1.9046E+00
  1.9591E+00 -5.5746E-01 -5.5427E-01  1.9083E+00
  1.9844E+00 -4.8880E-01 -4.8714E-01  1.8938E+00
  2.0100E+00 -4.1925E-01 -4.1851E-01  1.8622E+00
  2.0360E+00 -3.4878E-01 -3.4853E-01  1.8158E+00
  2.0623E+00 -2.7741E-01 -2.7735E-01  1.7590E+00
  2.0889E+00 -2.0511E-01 -2.0510E-01  1.6987E+00
  2.1159E+00 -1.3188E-01 -1.3188E-01  1.6452E+00
  2.1432E+00 -5.7702E-02 -5.7702E-02  1.5855E+00
  2.1709E+00  1.7429E-02  1.7429E-02  1.5003E+00
  2.1989E+00  9.3531E-02  9.3531E-02  1.3911E+00
  2.2273E+00  1.7062E-01  1.7062E-01  1.2603E+00
  2.2561E+00  2.4871E-01  2.4871E-01  1.1113E+00
  2.2852E+00  3.2782E-01  3.2782E-01  9.4829E-01
  2.3147E+00  4.0797E-01  4.0797E-01  7.7622E-01
  2.3446E+00  4.8918E-01  4.8918E-01  6.0134E-01
  2.3749E+00  5.7148E-01  5.7148E-01  4.3108E-01
  2.4056E+00  6.5487E-01  6.5487E-01  2.7432E-01
  2.4367E+00  7.3940E-01  7.3940E-01  1.4152E-01
  2.4681E+00  8.2507E-01  8.2507E-01  4.4962E-02
  2.5000E+00  9.1193E-01  9.1193E-01  0.0000E+00
  2.5323E+00  1.0000E+00  1.0000E+00  0.0000E+00
  2.5650E+00  1.0893E+00  1.0893E+00  0.0000E+00
  2.5981E+00  1.1799E+00  1.1799E+00  0.0000E+00
  2.6317E+00  1.2717E+00  1.2717E+00  0.0000E+00
  2.6657E+00  1.3649E+00  1.3649E+00  0.0000E+00
  2.7001E+00  1.4595E+00  1.4595E+00  0.0000E+00
  2.7350E+00  1.5555E+00  1.5555E+00  0.0000E+00
  2.7703E+00  1.6529E+00  1.6529E+00  0.0000E+00
  2.8060E+00  1.7518E+00  1.7518E+00  0.0000E+00
  2.8423E+00  1.8522E+00  1.8522E+00  0.0000E+00
  2.8790E+00  1.9541E+00  1.9541E+00  0.0000E+00
  2.9162E+00  2.0577E+00  2.0577E+00  0.0000E+00
  2.9538E+00  2.1628E+00  2.1628E+00  0.0000E+00
  2.9920E+00  2.2697E+00  2.2697E+00  0.0000E+00
  3.0306E+00  2.3783E+00  2.3783E+00  0.0000E+00
  3.0698E+00  2.4887E+00  2.4887E+00  0.0000E+00
  3.1094E+00  2.6009E+00  2.6009E+00  0.0000E+00
  3.1496E+00  2.7150E+00  2.7150E+00  0.0000E+00
  3.1902E+00  2.8310E+00  2.8310E+00  0.0000E+00
  3.2314E+00  2.9490E+00  2.9490E+00  0.0000E+00
  3.2732E+00  3.0690E+00  3.0690E+00  0.0000E+00
  3.3154E+00  3.1912E+00  3.1912E+00  0.0000E+00
  3.3582E+00  3.3155E+00  3.3155E+00  0.0000E+00
  3.4016E+00  3.4419E+00  3.4419E+00  0.0000E+00
  3.4455E+00  3.5707E+00  3.5707E+00  0.0000E+00
  3.4900E+00  3.7018E+00  3.7018E+00  0.0000E+00
  3.5351E+00  3.8353E+00  3.8353E+00  0.0000E+00
  3.5808E+00  3.9713E+00  3.9713E+00  0.0000E+00
  3.6270E+00  4.1098E+00  4.1098E+00  0.0000E+00
  3.6739E+00  4.2510E+00  4.2510E+00  0.0000E+00
  3.7213E+00  4.3948E+00  4.3948E+00  0.0000E+00
  3.7694E+00  4.5414E+00  4.5414E+00  0.0000E+00
  3.8180E+00  4.6908E+00  4.6908E+00  0.0000E+00
  3.8673E+00  4.8431E+00  4.8431E+00  0.0000E+00
  3.9173E+00  4.9984E+00  4.9984E+00  0.0000E+00
  3.9679E+00  5.1568E+00  5.1568E+00  0.0000E+00
  4.0191E+00  5.3183E+00  5.3183E+00  0.0000E+00
  4.0710E+00  5.4831E+00  5.4831E+00  0.0000E+00
  4.1236E+00  5.6513E+00  5.6513E+00  0.0000E+00
  4.1768E+00  5.8228E+00  5.8228E+00  0.0000E+00
  4.2308E+00  5.9979E+00  5.9979E+00  0.0000E+00
  4.2854E+00  6.1765E+00  6.1765E+00  0.0000E+00
  4.3408E+00  6.3589E+00  6.3589E+00  0.0000E+00
  4.3968E+00  6.5450E+00  6.5450E+00  0.0000E+00
  4.4536E+00  6.7351E+00  6.7351E+00  0.0000E+00
  4.5111E+00  6.9291E+00  6.9291E+00  0.0000E+00
  4.5694E+00  7.1273E+00  7.1273E+00  0.0000E+00
  4.6284E+00  7.3296E+00  7.3296E+00  0.0000E+00
  4.6881E+00  7.5362E+00  7.5362E+00  0.0000E+00
  4.7487E+00  7.7473E+00  7.7473E+00  0.0000E+00
