 # l=           0 energy=  -5.0000000000000000     
  0.0000E+00  0.0000E+00  0.0000E+00  0.0000E+00
  3.5252E-06  2.7018E-07  2.4743E-05  4.7151E-05
  7.0958E-06  5.4385E-07  4.7741E-05  9.0952E-05
  1.0713E-05  8.2105E-07  7.0295E-05  1.3390E-04
  1.4376E-05  1.1018E-06  9.2661E-05  1.7648E-04
  1.8087E-05  1.3862E-06  1.1495E-04  2.1892E-04
  2.1846E-05  1.6743E-06  1.3724E-04  2.6135E-04
  2.5653E-05  1.9661E-06  1.5958E-04  3.0387E-04
  2.9509E-05  2.2617E-06  1.8200E-04  3.4652E-04
  3.3415E-05  2.5611E-06  2.0451E-04  3.8937E-04
  3.7372E-05  2.8643E-06  2.2715E-04  4.3245E-04
  4.1380E-05  3.1715E-06  2.4992E-04  4.7578E-04
  4.5439E-05  3.4826E-06  2.7284E-04  5.1939E-04
  4.9551E-05  3.7978E-06  2.9592E-04  5.6331E-04
  5.3716E-05  4.1170E-06  3.1917E-04  6.0755E-04
  5.7935E-05  4.4404E-06  3.4260E-04  6.5213E-04
  6.2208E-05  4.7679E-06  3.6623E-04  6.9707E-04
  6.6537E-05  5.0996E-06  3.9004E-04  7.4238E-04
  7.0921E-05  5.4357E-06  4.1406E-04  7.8807E-04
  7.5362E-05  5.7760E-06  4.3828E-04  8.3415E-04
  7.9860E-05  6.1208E-06  4.6272E-04  8.8064E-04
  8.4417E-05  6.4700E-06  4.8738E-04  9.2755E-04
  8.9032E-05  6.8237E-06  5.1227E-04  9.7489E-04
  9.3707E-05  7.1820E-06  5.3738E-04  1.0227E-03
  9.8442E-05  7.5450E-06  5.6274E-04  1.0709E-03
  1.0324E-04  7.9126E-06  5.8833E-04  1.1195E-03
  1.0810E-04  8.2849E-06  6.1416E-04  1.1687E-03
  1.1302E-04  8.6621E-06  6.4025E-04  1.2183E-03
  1.1800E-04  9.0441E-06  6.6659E-04  1.2684E-03
  1.2305E-04  9.4311E-06  6.9318E-04  1.3190E-03
  1.2817E-04  9.8231E-06  7.2004E-04  1.3700E-03
  1.3335E-04  1.0220E-05  7.4717E-04  1.4216E-03
  1.3859E-04  1.0622E-05  7.7457E-04  1.4737E-03
  1.4391E-04  1.1030E-05  8.0224E-04  1.5264E-03
  1.4929E-04  1.1442E-05  8.3019E-04  1.5795E-03
  1.5474E-04  1.1860E-05  8.5843E-04  1.6332E-03
  1.6027E-04  1.2283E-05  8.8695E-04  1.6874E-03
  1.6586E-04  1.2712E-05  9.1577E-04  1.7422E-03
  1.7153E-04  1.3147E-05  9.4488E-04  1.7976E-03
  1.7727E-04  1.3587E-05  9.7429E-04  1.8535E-03
  1.8308E-04  1.4032E-05  1.0040E-03  1.9100E-03
  1.8897E-04  1.4484E-05  1.0340E-03  1.9671E-03
  1.9494E-04  1.4941E-05  1.0644E-03  2.0247E-03
  2.0098E-04  1.5404E-05  1.0950E-03  2.0830E-03
  2.0710E-04  1.5873E-05  1.1260E-03  2.1419E-03
  2.1330E-04  1.6348E-05  1.1573E-03  2.2014E-03
  2.1958E-04  1.6829E-05  1.1889E-03  2.2615E-03
  2.2594E-04  1.7317E-05  1.2208E-03  2.3222E-03
  2.3238E-04  1.7811E-05  1.2531E-03  2.3836E-03
  2.3891E-04  1.8311E-05  1.2858E-03  2.4456E-03
  2.4552E-04  1.8818E-05  1.3187E-03  2.5083E-03
  2.5221E-04  1.9331E-05  1.3521E-03  2.5717E-03
  2.5900E-04  1.9850E-05  1.3857E-03  2.6357E-03
  2.6587E-04  2.0377E-05  1.4198E-03  2.7004E-03
  2.7282E-04  2.0910E-05  1.4542E-03  2.7658E-03
  2.7987E-04  2.1451E-05  1.4889E-03  2.8318E-03
  2.8701E-04  2.1998E-05  1.5241E-03  2.8986E-03
  2.9424E-04  2.2552E-05  1.5596E-03  2.9661E-03
  3.0157E-04  2.3113E-05  1.5955E-03  3.0343E-03
  3.0899E-04  2.3682E-05  1.6317E-03  3.1032E-03
  3.1650E-04  2.4258E-05  1.6684E-03  3.1729E-03
  3.2412E-04  2.4841E-05  1.7054E-03  3.2433E-03
  3.3183E-04  2.5432E-05  1.7428E-03  3.3144E-03
  3.3964E-04  2.6031E-05  1.7807E-03  3.3863E-03
  3.4755E-04  2.6637E-05  1.8189E-03  3.4590E-03
  3.5556E-04  2.7251E-05  1.8576E-03  3.5324E-03
  3.6368E-04  2.7873E-05  1.8966E-03  3.6067E-03
  3.7190E-04  2.8504E-05  1.9361E-03  3.6817E-03
  3.8023E-04  2.9142E-05  1.9760E-03  3.7575E-03
  3.8866E-04  2.9788E-05  2.0164E-03  3.8342E-03
  3.9720E-04  3.0443E-05  2.0571E-03  3.9116E-03
  4.0586E-04  3.1106E-05  2.0983E-03  3.9899E-03
  4.1462E-04  3.1778E-05  2.1400E-03  4.0690E-03
  4.2350E-04  3.2459E-05  2.1821E-03  4.1490E-03
  4.3250E-04  3.3148E-05  2.2246E-03  4.2298E-03
  4.4161E-04  3.3846E-05  2.2676E-03  4.3115E-03
  4.5084E-04  3.4554E-05  2.3110E-03  4.3941E-03
  4.6018E-04  3.5270E-05  2.3550E-03  4.4775E-03
  4.6965E-04  3.5996E-05  2.3994E-03  4.5618E-03
  4.7924E-04  3.6731E-05  2.4442E-03  4.6471E-03
  4.8895E-04  3.7475E-05  2.4896E-03  4.7332E-03
  4.9879E-04  3.8229E-05  2.5354E-03  4.8203E-03
  5.0876E-04  3.8993E-05  2.5817E-03  4.9082E-03
  5.1885E-04  3.9767E-05  2.6285E-03  4.9972E-03
  5.2908E-04  4.0551E-05  2.6758E-03  5.0870E-03
  5.3944E-04  4.1344E-05  2.7236E-03  5.1778E-03
  5.4993E-04  4.2148E-05  2.7719E-03  5.2696E-03
  5.6055E-04  4.2963E-05  2.8208E-03  5.3624E-03
  5.7132E-04  4.3788E-05  2.8701E-03  5.4561E-03
  5.8222E-04  4.4623E-05  2.9200E-03  5.5509E-03
  5.9326E-04  4.5470E-05  2.9704E-03  5.6466E-03
  6.0445E-04  4.6327E-05  3.0213E-03  5.7434E-03
  6.1578E-04  4.7196E-05  3.0728E-03  5.8411E-03
  6.2726E-04  4.8075E-05  3.1249E-03  5.9400E-03
  6.3888E-04  4.8966E-05  3.1774E-03  6.0398E-03
  6.5066E-04  4.9869E-05  3.2306E-03  6.1407E-03
  6.6258E-04  5.0783E-05  3.2843E-03  6.2427E-03
  6.7466E-04  5.1709E-05  3.3385E-03  6.3457E-03
  6.8690E-04  5.2647E-05  3.3934E-03  6.4499E-03
  6.9930E-04  5.3597E-05  3.4488E-03  6.5551E-03
  7.1185E-04  5.4559E-05  3.5048E-03  6.6614E-03
  7.2457E-04  5.5534E-05  3.5613E-03  6.7689E-03
  7.3745E-04  5.6521E-05  3.6185E-03  6.8774E-03
  7.5050E-04  5.7521E-05  3.6763E-03  6.9871E-03
  7.6372E-04  5.8534E-05  3.7347E-03  7.0980E-03
  7.7710E-04  5.9560E-05  3.7937E-03  7.2100E-03
  7.9066E-04  6.0599E-05  3.8533E-03  7.3232E-03
  8.0440E-04  6.1652E-05  3.9135E-03  7.4375E-03
  8.1831E-04  6.2718E-05  3.9744E-03  7.5531E-03
  8.3240E-04  6.3798E-05  4.0358E-03  7.6698E-03
  8.4668E-04  6.4892E-05  4.0980E-03  7.7877E-03
  8.6114E-04  6.6001E-05  4.1607E-03  7.9069E-03
  8.7578E-04  6.7123E-05  4.2241E-03  8.0273E-03
  8.9061E-04  6.8260E-05  4.2882E-03  8.1489E-03
  9.0564E-04  6.9412E-05  4.3529E-03  8.2718E-03
  9.2086E-04  7.0578E-05  4.4183E-03  8.3959E-03
  9.3628E-04  7.1760E-05  4.4844E-03  8.5214E-03
  9.5189E-04  7.2957E-05  4.5512E-03  8.6481E-03
  9.6771E-04  7.4169E-05  4.6186E-03  8.7760E-03
  9.8373E-04  7.5397E-05  4.6867E-03  8.9053E-03
  9.9996E-04  7.6641E-05  4.7555E-03  9.0360E-03
  1.0164E-03  7.7900E-05  4.8250E-03  9.1679E-03
  1.0330E-03  7.9176E-05  4.8953E-03  9.3012E-03
  1.0499E-03  8.0469E-05  4.9662E-03  9.4358E-03
  1.0670E-03  8.1778E-05  5.0379E-03  9.5718E-03
  1.0843E-03  8.3105E-05  5.1102E-03  9.7091E-03
  1.1018E-03  8.4448E-05  5.1833E-03  9.8478E-03
  1.1196E-03  8.5809E-05  5.2572E-03  9.9880E-03
  1.1376E-03  8.7187E-05  5.3317E-03  1.0129E-02
  1.1558E-03  8.8583E-05  5.4071E-03  1.0272E-02
  1.1742E-03  8.9997E-05  5.4831E-03  1.0417E-02
  1.1929E-03  9.1429E-05  5.5600E-03  1.0563E-02
  1.2118E-03  9.2880E-05  5.6376E-03  1.0710E-02
  1.2310E-03  9.4350E-05  5.7159E-03  1.0858E-02
  1.2504E-03  9.5838E-05  5.7951E-03  1.1009E-02
  1.2701E-03  9.7346E-05  5.8750E-03  1.1160E-02
  1.2900E-03  9.8873E-05  5.9557E-03  1.1313E-02
  1.3102E-03  1.0042E-04  6.0372E-03  1.1468E-02
  1.3307E-03  1.0199E-04  6.1195E-03  1.1624E-02
  1.3514E-03  1.0357E-04  6.2026E-03  1.1782E-02
  1.3723E-03  1.0518E-04  6.2865E-03  1.1941E-02
  1.3936E-03  1.0681E-04  6.3712E-03  1.2101E-02
  1.4151E-03  1.0846E-04  6.4567E-03  1.2264E-02
  1.4369E-03  1.1013E-04  6.5431E-03  1.2427E-02
  1.4590E-03  1.1182E-04  6.6303E-03  1.2593E-02
  1.4814E-03  1.1354E-04  6.7183E-03  1.2760E-02
  1.5040E-03  1.1527E-04  6.8071E-03  1.2928E-02
  1.5270E-03  1.1703E-04  6.8968E-03  1.3098E-02
  1.5502E-03  1.1881E-04  6.9874E-03  1.3270E-02
  1.5737E-03  1.2062E-04  7.0788E-03  1.3443E-02
  1.5976E-03  1.2245E-04  7.1711E-03  1.3618E-02
  1.6217E-03  1.2430E-04  7.2642E-03  1.3795E-02
  1.6462E-03  1.2617E-04  7.3582E-03  1.3973E-02
  1.6710E-03  1.2807E-04  7.4531E-03  1.4153E-02
  1.6961E-03  1.3000E-04  7.5488E-03  1.4335E-02
  1.7215E-03  1.3194E-04  7.6454E-03  1.4518E-02
  1.7473E-03  1.3392E-04  7.7429E-03  1.4703E-02
  1.7734E-03  1.3592E-04  7.8414E-03  1.4889E-02
  1.7998E-03  1.3794E-04  7.9407E-03  1.5077E-02
  1.8266E-03  1.3999E-04  8.0409E-03  1.5267E-02
  1.8537E-03  1.4207E-04  8.1420E-03  1.5459E-02
  1.8811E-03  1.4418E-04  8.2440E-03  1.5652E-02
  1.9090E-03  1.4631E-04  8.3469E-03  1.5847E-02
  1.9371E-03  1.4847E-04  8.4508E-03  1.6044E-02
  1.9657E-03  1.5066E-04  8.5555E-03  1.6243E-02
  1.9946E-03  1.5287E-04  8.6612E-03  1.6443E-02
  2.0239E-03  1.5512E-04  8.7678E-03  1.6645E-02
  2.0535E-03  1.5739E-04  8.8754E-03  1.6849E-02
  2.0836E-03  1.5969E-04  8.9838E-03  1.7054E-02
  2.1140E-03  1.6202E-04  9.0932E-03  1.7262E-02
  2.1448E-03  1.6439E-04  9.2036E-03  1.7471E-02
  2.1760E-03  1.6678E-04  9.3149E-03  1.7681E-02
  2.2077E-03  1.6920E-04  9.4271E-03  1.7894E-02
  2.2397E-03  1.7166E-04  9.5403E-03  1.8108E-02
  2.2721E-03  1.7415E-04  9.6544E-03  1.8325E-02
  2.3050E-03  1.7666E-04  9.7695E-03  1.8542E-02
  2.3383E-03  1.7922E-04  9.8855E-03  1.8762E-02
  2.3720E-03  1.8180E-04  1.0002E-02  1.8984E-02
  2.4062E-03  1.8442E-04  1.0120E-02  1.9207E-02
  2.4408E-03  1.8707E-04  1.0239E-02  1.9432E-02
  2.4758E-03  1.8976E-04  1.0359E-02  1.9659E-02
  2.5113E-03  1.9248E-04  1.0480E-02  1.9888E-02
  2.5473E-03  1.9523E-04  1.0602E-02  2.0118E-02
  2.5837E-03  1.9802E-04  1.0724E-02  2.0351E-02
  2.6206E-03  2.0085E-04  1.0848E-02  2.0585E-02
  2.6579E-03  2.0371E-04  1.0973E-02  2.0821E-02
  2.6958E-03  2.0661E-04  1.1098E-02  2.1058E-02
  2.7341E-03  2.0955E-04  1.1225E-02  2.1298E-02
  2.7729E-03  2.1253E-04  1.1352E-02  2.1539E-02
  2.8123E-03  2.1554E-04  1.1481E-02  2.1782E-02
  2.8521E-03  2.1860E-04  1.1610E-02  2.2027E-02
  2.8925E-03  2.2169E-04  1.1741E-02  2.2274E-02
  2.9334E-03  2.2482E-04  1.1872E-02  2.2522E-02
  2.9748E-03  2.2800E-04  1.2004E-02  2.2772E-02
  3.0167E-03  2.3121E-04  1.2137E-02  2.3024E-02
  3.0592E-03  2.3447E-04  1.2271E-02  2.3278E-02
  3.1022E-03  2.3776E-04  1.2406E-02  2.3533E-02
  3.1458E-03  2.4110E-04  1.2542E-02  2.3790E-02
  3.1899E-03  2.4449E-04  1.2679E-02  2.4049E-02
  3.2347E-03  2.4792E-04  1.2817E-02  2.4310E-02
  3.2799E-03  2.5139E-04  1.2956E-02  2.4572E-02
  3.3258E-03  2.5490E-04  1.3096E-02  2.4836E-02
  3.3723E-03  2.5847E-04  1.3236E-02  2.5102E-02
  3.4194E-03  2.6207E-04  1.3378E-02  2.5369E-02
  3.4671E-03  2.6573E-04  1.3520E-02  2.5638E-02
  3.5153E-03  2.6943E-04  1.3663E-02  2.5909E-02
  3.5643E-03  2.7318E-04  1.3807E-02  2.6181E-02
  3.6138E-03  2.7698E-04  1.3952E-02  2.6455E-02
  3.6640E-03  2.8082E-04  1.4098E-02  2.6731E-02
  3.7148E-03  2.8472E-04  1.4245E-02  2.7008E-02
  3.7663E-03  2.8867E-04  1.4392E-02  2.7286E-02
  3.8185E-03  2.9266E-04  1.4541E-02  2.7566E-02
  3.8713E-03  2.9671E-04  1.4690E-02  2.7848E-02
  3.9249E-03  3.0081E-04  1.4840E-02  2.8131E-02
  3.9791E-03  3.0497E-04  1.4991E-02  2.8416E-02
  4.0340E-03  3.0918E-04  1.5142E-02  2.8702E-02
  4.0896E-03  3.1344E-04  1.5294E-02  2.8989E-02
  4.1459E-03  3.1776E-04  1.5447E-02  2.9278E-02
  4.2030E-03  3.2213E-04  1.5601E-02  2.9569E-02
  4.2608E-03  3.2656E-04  1.5756E-02  2.9860E-02
  4.3193E-03  3.3105E-04  1.5911E-02  3.0153E-02
  4.3786E-03  3.3559E-04  1.6067E-02  3.0447E-02
  4.4387E-03  3.4020E-04  1.6224E-02  3.0742E-02
  4.4995E-03  3.4486E-04  1.6381E-02  3.1039E-02
  4.5612E-03  3.4958E-04  1.6539E-02  3.1337E-02
  4.6236E-03  3.5437E-04  1.6697E-02  3.1635E-02
  4.6868E-03  3.5921E-04  1.6856E-02  3.1935E-02
  4.7509E-03  3.6412E-04  1.7016E-02  3.2236E-02
  4.8157E-03  3.6910E-04  1.7176E-02  3.2538E-02
  4.8815E-03  3.7413E-04  1.7337E-02  3.2841E-02
  4.9480E-03  3.7923E-04  1.7498E-02  3.3145E-02
  5.0154E-03  3.8440E-04  1.7660E-02  3.3450E-02
  5.0837E-03  3.8963E-04  1.7822E-02  3.3755E-02
  5.1529E-03  3.9494E-04  1.7985E-02  3.4061E-02
  5.2230E-03  4.0031E-04  1.8148E-02  3.4368E-02
  5.2939E-03  4.0575E-04  1.8312E-02  3.4676E-02
  5.3658E-03  4.1125E-04  1.8475E-02  3.4984E-02
  5.4386E-03  4.1684E-04  1.8640E-02  3.5293E-02
  5.5124E-03  4.2249E-04  1.8804E-02  3.5602E-02
  5.5871E-03  4.2821E-04  1.8969E-02  3.5912E-02
  5.6628E-03  4.3401E-04  1.9134E-02  3.6222E-02
  5.7394E-03  4.3989E-04  1.9299E-02  3.6532E-02
  5.8171E-03  4.4584E-04  1.9464E-02  3.6843E-02
  5.8957E-03  4.5187E-04  1.9629E-02  3.7153E-02
  5.9754E-03  4.5797E-04  1.9795E-02  3.7464E-02
  6.0560E-03  4.6416E-04  1.9960E-02  3.7775E-02
  6.1378E-03  4.7042E-04  2.0126E-02  3.8086E-02
  6.2206E-03  4.7676E-04  2.0291E-02  3.8396E-02
  6.3044E-03  4.8319E-04  2.0457E-02  3.8706E-02
  6.3893E-03  4.8970E-04  2.0622E-02  3.9016E-02
  6.4754E-03  4.9629E-04  2.0787E-02  3.9326E-02
  6.5625E-03  5.0297E-04  2.0952E-02  3.9635E-02
  6.6508E-03  5.0974E-04  2.1117E-02  3.9944E-02
  6.7402E-03  5.1659E-04  2.1281E-02  4.0252E-02
  6.8307E-03  5.2353E-04  2.1445E-02  4.0559E-02
  6.9225E-03  5.3056E-04  2.1609E-02  4.0865E-02
  7.0154E-03  5.3768E-04  2.1772E-02  4.1171E-02
  7.1095E-03  5.4490E-04  2.1935E-02  4.1475E-02
  7.2048E-03  5.5220E-04  2.2097E-02  4.1778E-02
  7.3014E-03  5.5960E-04  2.2259E-02  4.2080E-02
  7.3992E-03  5.6710E-04  2.2420E-02  4.2380E-02
  7.4983E-03  5.7469E-04  2.2580E-02  4.2679E-02
  7.5986E-03  5.8238E-04  2.2739E-02  4.2977E-02
  7.7003E-03  5.9017E-04  2.2898E-02  4.3273E-02
  7.8032E-03  5.9807E-04  2.3055E-02  4.3566E-02
  7.9075E-03  6.0606E-04  2.3212E-02  4.3858E-02
  8.0132E-03  6.1416E-04  2.3368E-02  4.4148E-02
  8.1202E-03  6.2236E-04  2.3522E-02  4.4435E-02
  8.2286E-03  6.3066E-04  2.3675E-02  4.4721E-02
  8.3383E-03  6.3908E-04  2.3828E-02  4.5003E-02
  8.4495E-03  6.4760E-04  2.3978E-02  4.5283E-02
  8.5622E-03  6.5623E-04  2.4128E-02  4.5561E-02
  8.6763E-03  6.6498E-04  2.4276E-02  4.5835E-02
  8.7918E-03  6.7383E-04  2.4422E-02  4.6106E-02
  8.9089E-03  6.8280E-04  2.4567E-02  4.6374E-02
  9.0274E-03  6.9189E-04  2.4710E-02  4.6639E-02
  9.1475E-03  7.0110E-04  2.4851E-02  4.6900E-02
  9.2692E-03  7.1042E-04  2.4990E-02  4.7157E-02
  9.3924E-03  7.1986E-04  2.5128E-02  4.7411E-02
  9.5172E-03  7.2943E-04  2.5263E-02  4.7660E-02
  9.6436E-03  7.3912E-04  2.5397E-02  4.7905E-02
  9.7717E-03  7.4893E-04  2.5528E-02  4.8146E-02
  9.9014E-03  7.5887E-04  2.5656E-02  4.8382E-02
  1.0033E-02  7.6894E-04  2.5783E-02  4.8614E-02
  1.0166E-02  7.7914E-04  2.5907E-02  4.8841E-02
  1.0301E-02  7.8947E-04  2.6028E-02  4.9062E-02
  1.0437E-02  7.9994E-04  2.6146E-02  4.9278E-02
  1.0576E-02  8.1054E-04  2.6262E-02  4.9489E-02
  1.0716E-02  8.2127E-04  2.6375E-02  4.9694E-02
  1.0858E-02  8.3215E-04  2.6485E-02  4.9893E-02
  1.1001E-02  8.4316E-04  2.6592E-02  5.0086E-02
  1.1147E-02  8.5432E-04  2.6695E-02  5.0273E-02
  1.1294E-02  8.6562E-04  2.6795E-02  5.0453E-02
  1.1444E-02  8.7707E-04  2.6892E-02  5.0626E-02
  1.1595E-02  8.8867E-04  2.6985E-02  5.0792E-02
  1.1748E-02  9.0041E-04  2.7075E-02  5.0952E-02
  1.1903E-02  9.1231E-04  2.7161E-02  5.1103E-02
  1.2061E-02  9.2436E-04  2.7243E-02  5.1248E-02
  1.2220E-02  9.3657E-04  2.7320E-02  5.1384E-02
  1.2381E-02  9.4893E-04  2.7394E-02  5.1512E-02
  1.2545E-02  9.6145E-04  2.7463E-02  5.1632E-02
  1.2710E-02  9.7414E-04  2.7528E-02  5.1743E-02
  1.2878E-02  9.8699E-04  2.7589E-02  5.1845E-02
  1.3048E-02  1.0000E-03  2.7645E-02  5.1938E-02
  1.3220E-02  1.0132E-03  2.7696E-02  5.2022E-02
  1.3394E-02  1.0265E-03  2.7742E-02  5.2097E-02
  1.3570E-02  1.0401E-03  2.7783E-02  5.2161E-02
  1.3749E-02  1.0538E-03  2.7819E-02  5.2215E-02
  1.3930E-02  1.0676E-03  2.7850E-02  5.2259E-02
  1.4114E-02  1.0817E-03  2.7875E-02  5.2293E-02
  1.4299E-02  1.0959E-03  2.7894E-02  5.2315E-02
  1.4488E-02  1.1104E-03  2.7908E-02  5.2326E-02
  1.4678E-02  1.1250E-03  2.7916E-02  5.2326E-02
  1.4871E-02  1.1398E-03  2.7918E-02  5.2314E-02
  1.5067E-02  1.1547E-03  2.7914E-02  5.2290E-02
  1.5265E-02  1.1699E-03  2.7903E-02  5.2253E-02
  1.5466E-02  1.1853E-03  2.7886E-02  5.2204E-02
  1.5669E-02  1.2009E-03  2.7862E-02  5.2143E-02
  1.5875E-02  1.2167E-03  2.7832E-02  5.2068E-02
  1.6083E-02  1.2326E-03  2.7795E-02  5.1979E-02
  1.6294E-02  1.2488E-03  2.7751E-02  5.1877E-02
  1.6508E-02  1.2652E-03  2.7699E-02  5.1761E-02
  1.6725E-02  1.2818E-03  2.7640E-02  5.1631E-02
  1.6944E-02  1.2987E-03  2.7574E-02  5.1485E-02
  1.7167E-02  1.3157E-03  2.7500E-02  5.1325E-02
  1.7392E-02  1.3329E-03  2.7418E-02  5.1150E-02
  1.7620E-02  1.3504E-03  2.7328E-02  5.0960E-02
  1.7851E-02  1.3681E-03  2.7230E-02  5.0753E-02
  1.8085E-02  1.3861E-03  2.7124E-02  5.0531E-02
  1.8322E-02  1.4042E-03  2.7010E-02  5.0292E-02
  1.8562E-02  1.4226E-03  2.6886E-02  5.0036E-02
  1.8806E-02  1.4413E-03  2.6755E-02  4.9764E-02
  1.9052E-02  1.4602E-03  2.6614E-02  4.9474E-02
  1.9302E-02  1.4793E-03  2.6464E-02  4.9166E-02
  1.9554E-02  1.4987E-03  2.6305E-02  4.8841E-02
  1.9810E-02  1.5183E-03  2.6137E-02  4.8498E-02
  2.0070E-02  1.5382E-03  2.5959E-02  4.8136E-02
  2.0332E-02  1.5583E-03  2.5772E-02  4.7756E-02
  2.0598E-02  1.5787E-03  2.5575E-02  4.7356E-02
  2.0868E-02  1.5993E-03  2.5368E-02  4.6938E-02
  2.1141E-02  1.6203E-03  2.5151E-02  4.6500E-02
  2.1418E-02  1.6414E-03  2.4924E-02  4.6042E-02
  2.1698E-02  1.6629E-03  2.4686E-02  4.5563E-02
  2.1981E-02  1.6846E-03  2.4438E-02  4.5065E-02
  2.2269E-02  1.7067E-03  2.4180E-02  4.4546E-02
  2.2560E-02  1.7290E-03  2.3911E-02  4.4006E-02
  2.2855E-02  1.7516E-03  2.3630E-02  4.3445E-02
  2.3153E-02  1.7745E-03  2.3339E-02  4.2863E-02
  2.3456E-02  1.7976E-03  2.3037E-02  4.2259E-02
  2.3762E-02  1.8211E-03  2.2724E-02  4.1634E-02
  2.4073E-02  1.8449E-03  2.2399E-02  4.0986E-02
  2.4387E-02  1.8690E-03  2.2063E-02  4.0316E-02
  2.4705E-02  1.8934E-03  2.1716E-02  3.9624E-02
  2.5028E-02  1.9181E-03  2.1357E-02  3.8909E-02
  2.5355E-02  1.9431E-03  2.0986E-02  3.8172E-02
  2.5686E-02  1.9685E-03  2.0603E-02  3.7411E-02
  2.6021E-02  1.9942E-03  2.0208E-02  3.6627E-02
  2.6360E-02  2.0202E-03  1.9802E-02  3.5820E-02
  2.6704E-02  2.0466E-03  1.9383E-02  3.4990E-02
  2.7053E-02  2.0733E-03  1.8952E-02  3.4136E-02
  2.7405E-02  2.1003E-03  1.8510E-02  3.3258E-02
  2.7763E-02  2.1277E-03  1.8055E-02  3.2357E-02
  2.8125E-02  2.1554E-03  1.7587E-02  3.1431E-02
  2.8492E-02  2.1835E-03  1.7108E-02  3.0482E-02
  2.8863E-02  2.2120E-03  1.6616E-02  2.9509E-02
  2.9239E-02  2.2408E-03  1.6112E-02  2.8512E-02
  2.9620E-02  2.2700E-03  1.5595E-02  2.7491E-02
  3.0006E-02  2.2996E-03  1.5066E-02  2.6445E-02
  3.0397E-02  2.3296E-03  1.4525E-02  2.5376E-02
  3.0793E-02  2.3599E-03  1.3971E-02  2.4282E-02
  3.1195E-02  2.3906E-03  1.3405E-02  2.3165E-02
  3.1601E-02  2.4218E-03  1.2827E-02  2.2024E-02
  3.2013E-02  2.4533E-03  1.2237E-02  2.0858E-02
  3.2429E-02  2.4853E-03  1.1634E-02  1.9669E-02
  3.2852E-02  2.5176E-03  1.1020E-02  1.8457E-02
  3.3279E-02  2.5504E-03  1.0393E-02  1.7221E-02
  3.3713E-02  2.5836E-03  9.7549E-03  1.5962E-02
  3.4152E-02  2.6172E-03  9.1047E-03  1.4680E-02
  3.4596E-02  2.6513E-03  8.4428E-03  1.3375E-02
  3.5046E-02  2.6858E-03  7.7693E-03  1.2047E-02
  3.5502E-02  2.7207E-03  7.0845E-03  1.0697E-02
  3.5964E-02  2.7561E-03  6.3884E-03  9.3250E-03
  3.6432E-02  2.7919E-03  5.6813E-03  7.9314E-03
  3.6906E-02  2.8283E-03  4.9634E-03  6.5164E-03
  3.7386E-02  2.8650E-03  4.2348E-03  5.0806E-03
  3.7873E-02  2.9023E-03  3.4957E-03  3.6242E-03
  3.8365E-02  2.9400E-03  2.7465E-03  2.1478E-03
  3.8864E-02  2.9783E-03  1.9873E-03  6.5183E-04
  3.9370E-02  3.0170E-03  1.2185E-03 -8.6320E-04
  3.9882E-02  3.0562E-03  4.4029E-04 -2.3968E-03
  4.0400E-02  3.0959E-03 -3.4700E-04 -3.9482E-03
  4.0925E-02  3.1362E-03 -1.1430E-03 -5.5170E-03
  4.1457E-02  3.1769E-03 -1.9475E-03 -7.1025E-03
  4.1996E-02  3.2182E-03 -2.7600E-03 -8.7040E-03
  4.2542E-02  3.2600E-03 -3.5802E-03 -1.0321E-02
  4.3095E-02  3.3024E-03 -4.4076E-03 -1.1952E-02
  4.3655E-02  3.3453E-03 -5.2419E-03 -1.3597E-02
  4.4222E-02  3.3887E-03 -6.0827E-03 -1.5255E-02
  4.4797E-02  3.4327E-03 -6.9294E-03 -1.6925E-02
  4.5379E-02  3.4773E-03 -7.7816E-03 -1.8606E-02
  4.5968E-02  3.5224E-03 -8.6388E-03 -2.0298E-02
  4.6565E-02  3.5682E-03 -9.5005E-03 -2.1998E-02
  4.7170E-02  3.6145E-03 -1.0366E-02 -2.3707E-02
  4.7783E-02  3.6614E-03 -1.1235E-02 -2.5423E-02
  4.8403E-02  3.7090E-03 -1.2107E-02 -2.7145E-02
  4.9032E-02  3.7571E-03 -1.2981E-02 -2.8872E-02
  4.9669E-02  3.8059E-03 -1.3857E-02 -3.0603E-02
  5.0314E-02  3.8553E-03 -1.4734E-02 -3.2336E-02
  5.0967E-02  3.9053E-03 -1.5611E-02 -3.4070E-02
  5.1628E-02  3.9560E-03 -1.6487E-02 -3.5805E-02
  5.2299E-02  4.0073E-03 -1.7363E-02 -3.7538E-02
  5.2978E-02  4.0593E-03 -1.8237E-02 -3.9269E-02
  5.3665E-02  4.1119E-03 -1.9108E-02 -4.0995E-02
  5.4362E-02  4.1653E-03 -1.9976E-02 -4.2715E-02
  5.5067E-02  4.2193E-03 -2.0840E-02 -4.4429E-02
  5.5782E-02  4.2740E-03 -2.1698E-02 -4.6134E-02
  5.6506E-02  4.3294E-03 -2.2552E-02 -4.7829E-02
  5.7239E-02  4.3856E-03 -2.3398E-02 -4.9512E-02
  5.7982E-02  4.4425E-03 -2.4237E-02 -5.1181E-02
  5.8734E-02  4.5000E-03 -2.5068E-02 -5.2835E-02
  5.9496E-02  4.5584E-03 -2.5890E-02 -5.4473E-02
  6.0268E-02  4.6175E-03 -2.6701E-02 -5.6091E-02
  6.1049E-02  4.6773E-03 -2.7502E-02 -5.7690E-02
  6.1841E-02  4.7380E-03 -2.8290E-02 -5.9266E-02
  6.2643E-02  4.7994E-03 -2.9065E-02 -6.0817E-02
  6.3456E-02  4.8616E-03 -2.9827E-02 -6.2343E-02
  6.4279E-02  4.9246E-03 -3.0573E-02 -6.3841E-02
  6.5112E-02  4.9884E-03 -3.1303E-02 -6.5309E-02
  6.5957E-02  5.0530E-03 -3.2016E-02 -6.6746E-02
  6.6812E-02  5.1185E-03 -3.2711E-02 -6.8148E-02
  6.7678E-02  5.1848E-03 -3.3387E-02 -6.9515E-02
  6.8556E-02  5.2519E-03 -3.4043E-02 -7.0843E-02
  6.9444E-02  5.3200E-03 -3.4677E-02 -7.2132E-02
  7.0345E-02  5.3889E-03 -3.5289E-02 -7.3379E-02
  7.1256E-02  5.4586E-03 -3.5877E-02 -7.4581E-02
  7.2180E-02  5.5293E-03 -3.6441E-02 -7.5737E-02
  7.3116E-02  5.6009E-03 -3.6979E-02 -7.6845E-02
  7.4063E-02  5.6734E-03 -3.7490E-02 -7.7903E-02
  7.5023E-02  5.7469E-03 -3.7973E-02 -7.8908E-02
  7.5996E-02  5.8213E-03 -3.8427E-02 -7.9858E-02
  7.6981E-02  5.8967E-03 -3.8851E-02 -8.0751E-02
  7.7978E-02  5.9730E-03 -3.9244E-02 -8.1586E-02
  7.8989E-02  6.0503E-03 -3.9604E-02 -8.2359E-02
  8.0012E-02  6.1286E-03 -3.9931E-02 -8.3069E-02
  8.1049E-02  6.2079E-03 -4.0223E-02 -8.3714E-02
  8.2099E-02  6.2882E-03 -4.0479E-02 -8.4292E-02
  8.3163E-02  6.3696E-03 -4.0699E-02 -8.4800E-02
  8.4240E-02  6.4520E-03 -4.0881E-02 -8.5237E-02
  8.5331E-02  6.5355E-03 -4.1023E-02 -8.5600E-02
  8.6437E-02  6.6200E-03 -4.1126E-02 -8.5888E-02
  8.7556E-02  6.7056E-03 -4.1188E-02 -8.6099E-02
  8.8691E-02  6.7924E-03 -4.1209E-02 -8.6231E-02
  8.9839E-02  6.8802E-03 -4.1186E-02 -8.6281E-02
  9.1003E-02  6.9692E-03 -4.1119E-02 -8.6249E-02
  9.2182E-02  7.0593E-03 -4.1008E-02 -8.6132E-02
  9.3376E-02  7.1506E-03 -4.0851E-02 -8.5930E-02
  9.4585E-02  7.2430E-03 -4.0648E-02 -8.5639E-02
  9.5810E-02  7.3367E-03 -4.0397E-02 -8.5259E-02
  9.7051E-02  7.4315E-03 -4.0099E-02 -8.4788E-02
  9.8307E-02  7.5276E-03 -3.9751E-02 -8.4225E-02
  9.9580E-02  7.6248E-03 -3.9355E-02 -8.3569E-02
  1.0087E-01  7.7234E-03 -3.8908E-02 -8.2817E-02
  1.0218E-01  7.8232E-03 -3.8410E-02 -8.1970E-02
  1.0350E-01  7.9243E-03 -3.7861E-02 -8.1026E-02
  1.0484E-01  8.0267E-03 -3.7261E-02 -7.9984E-02
  1.0620E-01  8.1303E-03 -3.6608E-02 -7.8844E-02
  1.0757E-01  8.2354E-03 -3.5903E-02 -7.7604E-02
  1.0896E-01  8.3417E-03 -3.5144E-02 -7.6264E-02
  1.1037E-01  8.4495E-03 -3.4333E-02 -7.4824E-02
  1.1180E-01  8.5586E-03 -3.3469E-02 -7.3283E-02
  1.1325E-01  8.6691E-03 -3.2550E-02 -7.1640E-02
  1.1472E-01  8.7811E-03 -3.1579E-02 -6.9897E-02
  1.1620E-01  8.8944E-03 -3.0554E-02 -6.8053E-02
  1.1771E-01  9.0093E-03 -2.9476E-02 -6.6108E-02
  1.1923E-01  9.1255E-03 -2.8344E-02 -6.4062E-02
  1.2077E-01  9.2433E-03 -2.7160E-02 -6.1916E-02
  1.2233E-01  9.3626E-03 -2.5923E-02 -5.9671E-02
  1.2392E-01  9.4834E-03 -2.4633E-02 -5.7328E-02
  1.2552E-01  9.6058E-03 -2.3292E-02 -5.4886E-02
  1.2715E-01  9.7297E-03 -2.1900E-02 -5.2349E-02
  1.2879E-01  9.8553E-03 -2.0458E-02 -4.9716E-02
  1.3046E-01  9.9824E-03 -1.8966E-02 -4.6990E-02
  1.3215E-01  1.0111E-02 -1.7426E-02 -4.4172E-02
  1.3386E-01  1.0242E-02 -1.5837E-02 -4.1264E-02
  1.3559E-01  1.0374E-02 -1.4202E-02 -3.8268E-02
  1.3734E-01  1.0507E-02 -1.2522E-02 -3.5186E-02
  1.3912E-01  1.0643E-02 -1.0797E-02 -3.2021E-02
  1.4092E-01  1.0780E-02 -9.0291E-03 -2.8775E-02
  1.4274E-01  1.0919E-02 -7.2198E-03 -2.5451E-02
  1.4459E-01  1.1060E-02 -5.3707E-03 -2.2052E-02
  1.4646E-01  1.1202E-02 -3.4833E-03 -1.8582E-02
  1.4836E-01  1.1347E-02 -1.5594E-03 -1.5043E-02
  1.5027E-01  1.1493E-02  3.9913E-04 -1.1439E-02
  1.5222E-01  1.1641E-02  2.3904E-03 -7.7735E-03
  1.5419E-01  1.1791E-02  4.4122E-03 -4.0511E-03
  1.5618E-01  1.1943E-02  6.4626E-03 -2.7558E-04
  1.5820E-01  1.2096E-02  8.5391E-03  3.5487E-03
  1.6025E-01  1.2252E-02  1.0640E-02  7.4173E-03
  1.6232E-01  1.2410E-02  1.2762E-02  1.1326E-02
  1.6442E-01  1.2569E-02  1.4902E-02  1.5269E-02
  1.6655E-01  1.2731E-02  1.7060E-02  1.9241E-02
  1.6870E-01  1.2895E-02  1.9230E-02  2.3239E-02
  1.7088E-01  1.3061E-02  2.1412E-02  2.7255E-02
  1.7309E-01  1.3229E-02  2.3601E-02  3.1286E-02
  1.7533E-01  1.3399E-02  2.5796E-02  3.5324E-02
  1.7760E-01  1.3571E-02  2.7992E-02  3.9365E-02
  1.7990E-01  1.3746E-02  3.0187E-02  4.3402E-02
  1.8222E-01  1.3923E-02  3.2378E-02  4.7429E-02
  1.8458E-01  1.4102E-02  3.4561E-02  5.1440E-02
  1.8697E-01  1.4283E-02  3.6733E-02  5.5430E-02
  1.8939E-01  1.4466E-02  3.8891E-02  5.9390E-02
  1.9183E-01  1.4652E-02  4.1031E-02  6.3315E-02
  1.9432E-01  1.4840E-02  4.3150E-02  6.7198E-02
  1.9683E-01  1.5031E-02  4.5245E-02  7.1032E-02
  1.9937E-01  1.5224E-02  4.7311E-02  7.4811E-02
  2.0195E-01  1.5419E-02  4.9345E-02  7.8528E-02
  2.0456E-01  1.5617E-02  5.1344E-02  8.2176E-02
  2.0721E-01  1.5818E-02  5.3303E-02  8.5748E-02
  2.0989E-01  1.6021E-02  5.5220E-02  8.9236E-02
  2.1260E-01  1.6226E-02  5.7091E-02  9.2635E-02
  2.1535E-01  1.6434E-02  5.8911E-02  9.5937E-02
  2.1813E-01  1.6645E-02  6.0678E-02  9.9134E-02
  2.2095E-01  1.6858E-02  6.2388E-02  1.0222E-01
  2.2381E-01  1.7074E-02  6.4036E-02  1.0519E-01
  2.2671E-01  1.7293E-02  6.5620E-02  1.0803E-01
  2.2964E-01  1.7515E-02  6.7136E-02  1.1075E-01
  2.3260E-01  1.7739E-02  6.8581E-02  1.1332E-01
  2.3561E-01  1.7966E-02  6.9950E-02  1.1575E-01
  2.3866E-01  1.8196E-02  7.1241E-02  1.1803E-01
  2.4174E-01  1.8429E-02  7.2451E-02  1.2016E-01
  2.4487E-01  1.8665E-02  7.3575E-02  1.2212E-01
  2.4803E-01  1.8904E-02  7.4612E-02  1.2391E-01
  2.5124E-01  1.9146E-02  7.5557E-02  1.2552E-01
  2.5449E-01  1.9391E-02  7.6409E-02  1.2695E-01
  2.5778E-01  1.9639E-02  7.7163E-02  1.2820E-01
  2.6111E-01  1.9890E-02  7.7818E-02  1.2926E-01
  2.6449E-01  2.0144E-02  7.8371E-02  1.3012E-01
  2.6790E-01  2.0401E-02  7.8819E-02  1.3078E-01
  2.7137E-01  2.0662E-02  7.9161E-02  1.3123E-01
  2.7488E-01  2.0926E-02  7.9393E-02  1.3148E-01
  2.7843E-01  2.1193E-02  7.9514E-02  1.3151E-01
  2.8203E-01  2.1463E-02  7.9522E-02  1.3132E-01
  2.8567E-01  2.1737E-02  7.9416E-02  1.3092E-01
  2.8937E-01  2.2014E-02  7.9194E-02  1.3029E-01
  2.9311E-01  2.2295E-02  7.8854E-02  1.2944E-01
  2.9689E-01  2.2579E-02  7.8396E-02  1.2836E-01
  3.0073E-01  2.2867E-02  7.7819E-02  1.2706E-01
  3.0462E-01  2.3158E-02  7.7121E-02  1.2552E-01
  3.0856E-01  2.3453E-02  7.6303E-02  1.2375E-01
  3.1254E-01  2.3752E-02  7.5365E-02  1.2176E-01
  3.1658E-01  2.4055E-02  7.4305E-02  1.1953E-01
  3.2067E-01  2.4361E-02  7.3125E-02  1.1707E-01
  3.2482E-01  2.4671E-02  7.1824E-02  1.1437E-01
  3.2902E-01  2.4984E-02  7.0403E-02  1.1145E-01
  3.3327E-01  2.5302E-02  6.8864E-02  1.0831E-01
  3.3758E-01  2.5624E-02  6.7207E-02  1.0494E-01
  3.4194E-01  2.5950E-02  6.5433E-02  1.0134E-01
  3.4636E-01  2.6279E-02  6.3544E-02  9.7526E-02
  3.5083E-01  2.6613E-02  6.1541E-02  9.3495E-02
  3.5537E-01  2.6951E-02  5.9428E-02  8.9252E-02
  3.5996E-01  2.7293E-02  5.7205E-02  8.4802E-02
  3.6461E-01  2.7640E-02  5.4876E-02  8.0148E-02
  3.6932E-01  2.7991E-02  5.2443E-02  7.5296E-02
  3.7410E-01  2.8346E-02  4.9909E-02  7.0252E-02
  3.7893E-01  2.8705E-02  4.7277E-02  6.5022E-02
  3.8383E-01  2.9069E-02  4.4551E-02  5.9612E-02
  3.8879E-01  2.9438E-02  4.1733E-02  5.4030E-02
  3.9381E-01  2.9811E-02  3.8829E-02  4.8282E-02
  3.9890E-01  3.0189E-02  3.5842E-02  4.2377E-02
  4.0405E-01  3.0571E-02  3.2775E-02  3.6323E-02
  4.0928E-01  3.0959E-02  2.9635E-02  3.0127E-02
  4.1456E-01  3.1351E-02  2.6424E-02  2.3800E-02
  4.1992E-01  3.1748E-02  2.3149E-02  1.7350E-02
  4.2535E-01  3.2150E-02  1.9813E-02  1.0787E-02
  4.3084E-01  3.2557E-02  1.6423E-02  4.1212E-03
  4.3641E-01  3.2969E-02  1.2982E-02 -2.6381E-03
  4.4205E-01  3.3386E-02  9.4978E-03 -9.4800E-03
  4.4776E-01  3.3809E-02  5.9745E-03 -1.6394E-02
  4.5355E-01  3.4237E-02  2.4182E-03 -2.3369E-02
  4.5941E-01  3.4670E-02 -1.1654E-03 -3.0393E-02
  4.6534E-01  3.5109E-02 -4.7704E-03 -3.7456E-02
  4.7136E-01  3.5554E-02 -8.3907E-03 -4.4546E-02
  4.7745E-01  3.6004E-02 -1.2020E-02 -5.1651E-02
  4.8361E-01  3.6460E-02 -1.5653E-02 -5.8759E-02
  4.8986E-01  3.6922E-02 -1.9283E-02 -6.5859E-02
  4.9619E-01  3.7389E-02 -2.2904E-02 -7.2939E-02
  5.0260E-01  3.7863E-02 -2.6509E-02 -7.9986E-02
  5.0910E-01  3.8343E-02 -3.0093E-02 -8.6989E-02
  5.1567E-01  3.8829E-02 -3.3648E-02 -9.3936E-02
  5.2234E-01  3.9321E-02 -3.7170E-02 -1.0081E-01
  5.2909E-01  3.9820E-02 -4.0651E-02 -1.0761E-01
  5.3592E-01  4.0326E-02 -4.4086E-02 -1.1432E-01
  5.4285E-01  4.0838E-02 -4.7469E-02 -1.2092E-01
  5.4986E-01  4.1358E-02 -5.0793E-02 -1.2741E-01
  5.5696E-01  4.1884E-02 -5.4053E-02 -1.3377E-01
  5.6416E-01  4.2417E-02 -5.7243E-02 -1.3999E-01
  5.7145E-01  4.2958E-02 -6.0357E-02 -1.4607E-01
  5.7883E-01  4.3506E-02 -6.3389E-02 -1.5199E-01
  5.8631E-01  4.4061E-02 -6.6335E-02 -1.5774E-01
  5.9388E-01  4.4625E-02 -6.9189E-02 -1.6331E-01
  6.0155E-01  4.5196E-02 -7.1946E-02 -1.6869E-01
  6.0933E-01  4.5776E-02 -7.4601E-02 -1.7387E-01
  6.1720E-01  4.6363E-02 -7.7148E-02 -1.7885E-01
  6.2517E-01  4.6960E-02 -7.9584E-02 -1.8361E-01
  6.3325E-01  4.7565E-02 -8.1904E-02 -1.8814E-01
  6.4143E-01  4.8179E-02 -8.4103E-02 -1.9244E-01
  6.4971E-01  4.8803E-02 -8.6177E-02 -1.9651E-01
  6.5811E-01  4.9436E-02 -8.8122E-02 -2.0032E-01
  6.6661E-01  5.0079E-02 -8.9934E-02 -2.0388E-01
  6.7522E-01  5.0731E-02 -9.1610E-02 -2.0717E-01
  6.8394E-01  5.1395E-02 -9.3145E-02 -2.1020E-01
  6.9278E-01  5.2069E-02 -9.4538E-02 -2.1296E-01
  7.0173E-01  5.2754E-02 -9.5785E-02 -2.1543E-01
  7.1079E-01  5.3450E-02 -9.6883E-02 -2.1763E-01
  7.1998E-01  5.4158E-02 -9.7830E-02 -2.1953E-01
  7.2928E-01  5.4878E-02 -9.8624E-02 -2.2115E-01
  7.3870E-01  5.5611E-02 -9.9263E-02 -2.2247E-01
  7.4824E-01  5.6357E-02 -9.9746E-02 -2.2350E-01
  7.5791E-01  5.7117E-02 -1.0007E-01 -2.2423E-01
  7.6770E-01  5.7891E-02 -1.0024E-01 -2.2467E-01
  7.7761E-01  5.8679E-02 -1.0024E-01 -2.2480E-01
  7.8766E-01  5.9483E-02 -1.0009E-01 -2.2464E-01
  7.9783E-01  6.0302E-02 -9.9778E-02 -2.2419E-01
  8.0814E-01  6.1138E-02 -9.9305E-02 -2.2343E-01
  8.1858E-01  6.1991E-02 -9.8671E-02 -2.2238E-01
  8.2915E-01  6.2862E-02 -9.7878E-02 -2.2104E-01
  8.3986E-01  6.3752E-02 -9.6925E-02 -2.1942E-01
  8.5071E-01  6.4661E-02 -9.5814E-02 -2.1750E-01
  8.6170E-01  6.5591E-02 -9.4546E-02 -2.1530E-01
  8.7283E-01  6.6542E-02 -9.3121E-02 -2.1283E-01
  8.8411E-01  6.7516E-02 -9.1542E-02 -2.1008E-01
  8.9553E-01  6.8513E-02 -8.9809E-02 -2.0706E-01
  9.0709E-01  6.9535E-02 -8.7924E-02 -2.0378E-01
  9.1881E-01  7.0583E-02 -8.5889E-02 -2.0025E-01
  9.3068E-01  7.1658E-02 -8.3705E-02 -1.9646E-01
  9.4270E-01  7.2762E-02 -8.1374E-02 -1.9242E-01
  9.5488E-01  7.3896E-02 -7.8899E-02 -1.8815E-01
  9.6721E-01  7.5061E-02 -7.6280E-02 -1.8364E-01
  9.7970E-01  7.6261E-02 -7.3520E-02 -1.7891E-01
  9.9236E-01  7.7495E-02 -7.0620E-02 -1.7397E-01
  1.0052E+00  7.8766E-02 -6.7583E-02 -1.6881E-01
  1.0182E+00  8.0077E-02 -6.4410E-02 -1.6344E-01
  1.0313E+00  8.1429E-02 -6.1103E-02 -1.5789E-01
  1.0446E+00  8.2825E-02 -5.7663E-02 -1.5214E-01
  1.0581E+00  8.4267E-02 -5.4092E-02 -1.4621E-01
  1.0718E+00  8.5759E-02 -5.0391E-02 -1.4010E-01
  1.0856E+00  8.7302E-02 -4.6560E-02 -1.3383E-01
  1.0997E+00  8.8900E-02 -4.2602E-02 -1.2739E-01
  1.1139E+00  9.0556E-02 -3.8517E-02 -1.2080E-01
  1.1282E+00  9.2273E-02 -3.4305E-02 -1.1407E-01
  1.1428E+00  9.4056E-02 -2.9966E-02 -1.0719E-01
  1.1576E+00  9.5908E-02 -2.5500E-02 -1.0017E-01
  1.1725E+00  9.7834E-02 -2.0907E-02 -9.3028E-02
  1.1877E+00  9.9838E-02 -1.6186E-02 -8.5757E-02
  1.2030E+00  1.0192E-01 -1.1336E-02 -7.8365E-02
  1.2186E+00  1.0410E-01 -6.3548E-03 -7.0857E-02
  1.2343E+00  1.0637E-01 -1.2416E-03 -6.3235E-02
  1.2502E+00  1.0873E-01  4.0063E-03 -5.5504E-02
  1.2664E+00  1.1121E-01  9.3917E-03 -4.7666E-02
  1.2827E+00  1.1379E-01  1.4918E-02 -3.9722E-02
  1.2993E+00  1.1650E-01  2.0588E-02 -3.1673E-02
  1.3161E+00  1.1933E-01  2.6407E-02 -2.3521E-02
  1.3331E+00  1.2230E-01  3.2379E-02 -1.5266E-02
  1.3503E+00  1.2541E-01  3.8510E-02 -6.9048E-03
  1.3678E+00  1.2867E-01  4.4806E-02  1.5630E-03
  1.3854E+00  1.3210E-01  5.1272E-02  1.0140E-02
  1.4033E+00  1.3570E-01  5.7917E-02  1.8831E-02
  1.4214E+00  1.3949E-01  6.4749E-02  2.7641E-02
  1.4398E+00  1.4347E-01  7.1775E-02  3.6574E-02
  1.4584E+00  1.4767E-01  7.9006E-02  4.5639E-02
  1.4772E+00  1.5209E-01  8.6451E-02  5.4843E-02
  1.4963E+00  1.5675E-01  9.4123E-02  6.4196E-02
  1.5156E+00  1.6167E-01  1.0203E-01  7.3709E-02
  1.5352E+00  1.6686E-01  1.1019E-01  8.3394E-02
  1.5550E+00  1.7234E-01  1.1862E-01  9.3265E-02
  1.5751E+00  1.7814E-01  1.2733E-01  1.0334E-01
  1.5955E+00  1.8427E-01  1.3634E-01  1.1363E-01
  1.6161E+00  1.9075E-01  1.4566E-01  1.2416E-01
  1.6369E+00  1.9761E-01  1.5532E-01  1.3494E-01
  1.6581E+00  2.0488E-01  1.6533E-01  1.4601E-01
  1.6795E+00  2.1258E-01  1.7573E-01  1.5739E-01
  1.7012E+00  2.2075E-01  1.8653E-01  1.6910E-01
  1.7232E+00  2.2941E-01  1.9776E-01  1.8117E-01
  1.7454E+00  2.3860E-01  2.0946E-01  1.9364E-01
  1.7680E+00  2.4837E-01  2.2164E-01  2.0655E-01
  1.7908E+00  2.5874E-01  2.3436E-01  2.1993E-01
  1.8139E+00  2.6977E-01  2.4765E-01  2.3383E-01
  1.8373E+00  2.8150E-01  2.6154E-01  2.4829E-01
  1.8611E+00  2.9398E-01  2.7609E-01  2.6337E-01
  1.8851E+00  3.0727E-01  2.9135E-01  2.7912E-01
  1.9095E+00  3.2142E-01  3.0736E-01  2.9560E-01
  1.9341E+00  3.3650E-01  3.2419E-01  3.1287E-01
  1.9591E+00  3.5259E-01  3.4191E-01  3.3102E-01
  1.9844E+00  3.6974E-01  3.6058E-01  3.5011E-01
  2.0100E+00  3.8806E-01  3.8028E-01  3.7023E-01
  2.0360E+00  4.0762E-01  4.0111E-01  3.9148E-01
  2.0623E+00  4.2852E-01  4.2316E-01  4.1396E-01
  2.0889E+00  4.5087E-01  4.4653E-01  4.3777E-01
  2.1159E+00  4.7479E-01  4.7134E-01  4.6304E-01
  2.1432E+00  5.0039E-01  4.9772E-01  4.8991E-01
  2.1709E+00  5.2783E-01  5.2580E-01  5.1850E-01
  2.1989E+00  5.5723E-01  5.5576E-01  5.4899E-01
  2.2273E+00  5.8879E-01  5.8775E-01  5.8155E-01
  2.2561E+00  6.2266E-01  6.2197E-01  6.1637E-01
  2.2852E+00  6.5906E-01  6.5863E-01  6.5365E-01
  2.3147E+00  6.9821E-01  6.9795E-01  6.9364E-01
  2.3446E+00  7.4034E-01  7.4021E-01  7.3657E-01
  2.3749E+00  7.8572E-01  7.8567E-01  7.8273E-01
  2.4056E+00  8.3466E-01  8.3464E-01  8.3242E-01
  2.4367E+00  8.8748E-01  8.8748E-01  8.8599E-01
  2.4681E+00  9.4455E-01  9.4455E-01  9.4380E-01
  2.5000E+00  1.0063E+00  1.0063E+00  1.0063E+00
  2.5323E+00  1.0731E+00  1.0731E+00  1.0739E+00
  2.5650E+00  1.1455E+00  1.1455E+00  1.1471E+00
  2.5981E+00  1.2241E+00  1.2241E+00  1.2265E+00
  2.6317E+00  1.3095E+00  1.3095E+00  1.3127E+00
  2.6657E+00  1.4024E+00  1.4024E+00  1.4063E+00
  2.7001E+00  1.5035E+00  1.5035E+00  1.5083E+00
  2.7350E+00  1.6136E+00  1.6136E+00  1.6194E+00
  2.7703E+00  1.7338E+00  1.7338E+00  1.7405E+00
  2.8060E+00  1.8651E+00  1.8651E+00  1.8728E+00
  2.8423E+00  2.0087E+00  2.0087E+00  2.0174E+00
