 # l=           1 energy=  -5.0000000000000000     
  0.0000E+00  0.0000E+00  0.0000E+00  0.0000E+00
  3.5252E-06  9.0665E-13 -7.3190E-09  1.9083E-08
  7.0958E-06  3.6736E-12 -2.4012E-08  6.2607E-08
  1.0713E-05  8.3728E-12 -4.8339E-08  1.2604E-07
  1.4376E-05  1.5079E-11 -7.9678E-08  2.0775E-07
  1.8087E-05  2.3868E-11 -1.1771E-07  3.0693E-07
  2.1846E-05  3.4818E-11 -1.6226E-07  4.2309E-07
  2.5653E-05  4.8012E-11 -2.1322E-07  5.5598E-07
  2.9509E-05  6.3533E-11 -2.7056E-07  7.0549E-07
  3.3415E-05  8.1466E-11 -3.3427E-07  8.7162E-07
  3.7372E-05  1.0190E-10 -4.0438E-07  1.0544E-06
  4.1380E-05  1.2493E-10 -4.8092E-07  1.2540E-06
  4.5439E-05  1.5064E-10 -5.6397E-07  1.4706E-06
  4.9551E-05  1.7914E-10 -6.5360E-07  1.7043E-06
  5.3716E-05  2.1052E-10 -7.4990E-07  1.9554E-06
  5.7935E-05  2.4489E-10 -8.5297E-07  2.2242E-06
  6.2208E-05  2.8234E-10 -9.6293E-07  2.5109E-06
  6.6537E-05  3.2300E-10 -1.0799E-06  2.8159E-06
  7.0921E-05  3.6697E-10 -1.2040E-06  3.1396E-06
  7.5362E-05  4.1437E-10 -1.3354E-06  3.4821E-06
  7.9860E-05  4.6531E-10 -1.4741E-06  3.8441E-06
  8.4417E-05  5.1992E-10 -1.6205E-06  4.2257E-06
  8.9032E-05  5.7833E-10 -1.7746E-06  4.6275E-06
  9.3707E-05  6.4066E-10 -1.9366E-06  5.0499E-06
  9.8442E-05  7.0704E-10 -2.1066E-06  5.4934E-06
  1.0324E-04  7.7762E-10 -2.2849E-06  5.9583E-06
  1.0810E-04  8.5253E-10 -2.4716E-06  6.4452E-06
  1.1302E-04  9.3191E-10 -2.6670E-06  6.9546E-06
  1.1800E-04  1.0159E-09 -2.8711E-06  7.4870E-06
  1.2305E-04  1.1047E-09 -3.0843E-06  8.0430E-06
  1.2817E-04  1.1985E-09 -3.3067E-06  8.6230E-06
  1.3335E-04  1.2973E-09 -3.5386E-06  9.2277E-06
  1.3859E-04  1.4014E-09 -3.7801E-06  9.8576E-06
  1.4391E-04  1.5109E-09 -4.0316E-06  1.0513E-05
  1.4929E-04  1.6261E-09 -4.2932E-06  1.1196E-05
  1.5474E-04  1.7471E-09 -4.5652E-06  1.1905E-05
  1.6027E-04  1.8740E-09 -4.8478E-06  1.2642E-05
  1.6586E-04  2.0071E-09 -5.1414E-06  1.3408E-05
  1.7153E-04  2.1466E-09 -5.4460E-06  1.4202E-05
  1.7727E-04  2.2927E-09 -5.7622E-06  1.5027E-05
  1.8308E-04  2.4456E-09 -6.0900E-06  1.5882E-05
  1.8897E-04  2.6054E-09 -6.4299E-06  1.6768E-05
  1.9494E-04  2.7725E-09 -6.7820E-06  1.7686E-05
  2.0098E-04  2.9471E-09 -7.1468E-06  1.8638E-05
  2.0710E-04  3.1293E-09 -7.5245E-06  1.9623E-05
  2.1330E-04  3.3194E-09 -7.9154E-06  2.0642E-05
  2.1958E-04  3.5178E-09 -8.3198E-06  2.1697E-05
  2.2594E-04  3.7245E-09 -8.7382E-06  2.2788E-05
  2.3238E-04  3.9400E-09 -9.1708E-06  2.3916E-05
  2.3891E-04  4.1644E-09 -9.6180E-06  2.5082E-05
  2.4552E-04  4.3980E-09 -1.0080E-05  2.6288E-05
  2.5221E-04  4.6411E-09 -1.0558E-05  2.7533E-05
  2.5900E-04  4.8941E-09 -1.1051E-05  2.8819E-05
  2.6587E-04  5.1572E-09 -1.1560E-05  3.0147E-05
  2.7282E-04  5.4306E-09 -1.2086E-05  3.1519E-05
  2.7987E-04  5.7148E-09 -1.2629E-05  3.2934E-05
  2.8701E-04  6.0101E-09 -1.3189E-05  3.4395E-05
  2.9424E-04  6.3168E-09 -1.3766E-05  3.5901E-05
  3.0157E-04  6.6352E-09 -1.4362E-05  3.7456E-05
  3.0899E-04  6.9657E-09 -1.4977E-05  3.9059E-05
  3.1650E-04  7.3087E-09 -1.5611E-05  4.0712E-05
  3.2412E-04  7.6644E-09 -1.6264E-05  4.2416E-05
  3.3183E-04  8.0335E-09 -1.6938E-05  4.4172E-05
  3.3964E-04  8.4161E-09 -1.7632E-05  4.5983E-05
  3.4755E-04  8.8127E-09 -1.8347E-05  4.7848E-05
  3.5556E-04  9.2237E-09 -1.9084E-05  4.9770E-05
  3.6368E-04  9.6497E-09 -1.9843E-05  5.1749E-05
  3.7190E-04  1.0091E-08 -2.0625E-05  5.3788E-05
  3.8023E-04  1.0548E-08 -2.1430E-05  5.5888E-05
  3.8866E-04  1.1021E-08 -2.2258E-05  5.8049E-05
  3.9720E-04  1.1511E-08 -2.3112E-05  6.0275E-05
  4.0586E-04  1.2018E-08 -2.3990E-05  6.2566E-05
  4.1462E-04  1.2543E-08 -2.4894E-05  6.4924E-05
  4.2350E-04  1.3086E-08 -2.5825E-05  6.7351E-05
  4.3250E-04  1.3647E-08 -2.6782E-05  6.9848E-05
  4.4161E-04  1.4228E-08 -2.7767E-05  7.2417E-05
  4.5084E-04  1.4829E-08 -2.8781E-05  7.5060E-05
  4.6018E-04  1.5450E-08 -2.9823E-05  7.7779E-05
  4.6965E-04  1.6093E-08 -3.0896E-05  8.0576E-05
  4.7924E-04  1.6757E-08 -3.1998E-05  8.3452E-05
  4.8895E-04  1.7443E-08 -3.3132E-05  8.6410E-05
  4.9879E-04  1.8152E-08 -3.4299E-05  8.9452E-05
  5.0876E-04  1.8885E-08 -3.5498E-05  9.2579E-05
  5.1885E-04  1.9641E-08 -3.6730E-05  9.5794E-05
  5.2908E-04  2.0423E-08 -3.7997E-05  9.9099E-05
  5.3944E-04  2.1231E-08 -3.9300E-05  1.0250E-04
  5.4993E-04  2.2064E-08 -4.0639E-05  1.0599E-04
  5.6055E-04  2.2925E-08 -4.2014E-05  1.0958E-04
  5.7132E-04  2.3814E-08 -4.3428E-05  1.1326E-04
  5.8222E-04  2.4732E-08 -4.4881E-05  1.1705E-04
  5.9326E-04  2.5679E-08 -4.6374E-05  1.2095E-04
  6.0445E-04  2.6656E-08 -4.7908E-05  1.2495E-04
  6.1578E-04  2.7665E-08 -4.9483E-05  1.2906E-04
  6.2726E-04  2.8706E-08 -5.1102E-05  1.3328E-04
  6.3888E-04  2.9780E-08 -5.2765E-05  1.3762E-04
  6.5066E-04  3.0888E-08 -5.4473E-05  1.4207E-04
  6.6258E-04  3.2030E-08 -5.6227E-05  1.4665E-04
  6.7466E-04  3.3209E-08 -5.8028E-05  1.5134E-04
  6.8690E-04  3.4425E-08 -5.9878E-05  1.5617E-04
  6.9930E-04  3.5678E-08 -6.1778E-05  1.6112E-04
  7.1185E-04  3.6971E-08 -6.3729E-05  1.6621E-04
  7.2457E-04  3.8304E-08 -6.5732E-05  1.7144E-04
  7.3745E-04  3.9678E-08 -6.7788E-05  1.7680E-04
  7.5050E-04  4.1094E-08 -6.9900E-05  1.8231E-04
  7.6372E-04  4.2555E-08 -7.2067E-05  1.8796E-04
  7.7710E-04  4.4059E-08 -7.4292E-05  1.9377E-04
  7.9066E-04  4.5611E-08 -7.6577E-05  1.9972E-04
  8.0440E-04  4.7209E-08 -7.8921E-05  2.0584E-04
  8.1831E-04  4.8856E-08 -8.1327E-05  2.1211E-04
  8.3240E-04  5.0553E-08 -8.3797E-05  2.1856E-04
  8.4668E-04  5.2302E-08 -8.6332E-05  2.2517E-04
  8.6114E-04  5.4103E-08 -8.8933E-05  2.3195E-04
  8.7578E-04  5.5959E-08 -9.1603E-05  2.3892E-04
  8.9061E-04  5.7871E-08 -9.4342E-05  2.4606E-04
  9.0564E-04  5.9840E-08 -9.7154E-05  2.5339E-04
  9.2086E-04  6.1869E-08 -1.0004E-04  2.6092E-04
  9.3628E-04  6.3957E-08 -1.0300E-04  2.6864E-04
  9.5189E-04  6.6109E-08 -1.0603E-04  2.7656E-04
  9.6771E-04  6.8324E-08 -1.0915E-04  2.8468E-04
  9.8373E-04  7.0605E-08 -1.1235E-04  2.9302E-04
  9.9996E-04  7.2954E-08 -1.1562E-04  3.0157E-04
  1.0164E-03  7.5372E-08 -1.1899E-04  3.1035E-04
  1.0330E-03  7.7861E-08 -1.2244E-04  3.1935E-04
  1.0499E-03  8.0424E-08 -1.2598E-04  3.2858E-04
  1.0670E-03  8.3063E-08 -1.2961E-04  3.3805E-04
  1.0843E-03  8.5779E-08 -1.3333E-04  3.4776E-04
  1.1018E-03  8.8574E-08 -1.3715E-04  3.5772E-04
  1.1196E-03  9.1451E-08 -1.4107E-04  3.6794E-04
  1.1376E-03  9.4413E-08 -1.4509E-04  3.7842E-04
  1.1558E-03  9.7460E-08 -1.4921E-04  3.8917E-04
  1.1742E-03  1.0060E-07 -1.5343E-04  4.0019E-04
  1.1929E-03  1.0382E-07 -1.5776E-04  4.1149E-04
  1.2118E-03  1.0715E-07 -1.6221E-04  4.2308E-04
  1.2310E-03  1.1056E-07 -1.6676E-04  4.3497E-04
  1.2504E-03  1.1408E-07 -1.7144E-04  4.4715E-04
  1.2701E-03  1.1770E-07 -1.7623E-04  4.5965E-04
  1.2900E-03  1.2142E-07 -1.8114E-04  4.7247E-04
  1.3102E-03  1.2525E-07 -1.8618E-04  4.8560E-04
  1.3307E-03  1.2919E-07 -1.9134E-04  4.9908E-04
  1.3514E-03  1.3324E-07 -1.9664E-04  5.1289E-04
  1.3723E-03  1.3741E-07 -2.0207E-04  5.2705E-04
  1.3936E-03  1.4170E-07 -2.0763E-04  5.4156E-04
  1.4151E-03  1.4611E-07 -2.1334E-04  5.5645E-04
  1.4369E-03  1.5064E-07 -2.1918E-04  5.7170E-04
  1.4590E-03  1.5531E-07 -2.2518E-04  5.8734E-04
  1.4814E-03  1.6010E-07 -2.3133E-04  6.0338E-04
  1.5040E-03  1.6504E-07 -2.3763E-04  6.1981E-04
  1.5270E-03  1.7011E-07 -2.4409E-04  6.3666E-04
  1.5502E-03  1.7533E-07 -2.5071E-04  6.5393E-04
  1.5737E-03  1.8070E-07 -2.5749E-04  6.7163E-04
  1.5976E-03  1.8621E-07 -2.6445E-04  6.8977E-04
  1.6217E-03  1.9189E-07 -2.7158E-04  7.0836E-04
  1.6462E-03  1.9772E-07 -2.7888E-04  7.2742E-04
  1.6710E-03  2.0372E-07 -2.8637E-04  7.4696E-04
  1.6961E-03  2.0989E-07 -2.9404E-04  7.6698E-04
  1.7215E-03  2.1623E-07 -3.0191E-04  7.8749E-04
  1.7473E-03  2.2275E-07 -3.0997E-04  8.0852E-04
  1.7734E-03  2.2945E-07 -3.1823E-04  8.3007E-04
  1.7998E-03  2.3634E-07 -3.2670E-04  8.5215E-04
  1.8266E-03  2.4342E-07 -3.3537E-04  8.7478E-04
  1.8537E-03  2.5070E-07 -3.4426E-04  8.9797E-04
  1.8811E-03  2.5818E-07 -3.5337E-04  9.2173E-04
  1.9090E-03  2.6587E-07 -3.6270E-04  9.4608E-04
  1.9371E-03  2.7378E-07 -3.7227E-04  9.7103E-04
  1.9657E-03  2.8190E-07 -3.8207E-04  9.9659E-04
  1.9946E-03  2.9026E-07 -3.9211E-04  1.0228E-03
  2.0239E-03  2.9884E-07 -4.0240E-04  1.0496E-03
  2.0535E-03  3.0767E-07 -4.1294E-04  1.0771E-03
  2.0836E-03  3.1673E-07 -4.2374E-04  1.1053E-03
  2.1140E-03  3.2605E-07 -4.3480E-04  1.1342E-03
  2.1448E-03  3.3563E-07 -4.4614E-04  1.1637E-03
  2.1760E-03  3.4547E-07 -4.5775E-04  1.1940E-03
  2.2077E-03  3.5559E-07 -4.6965E-04  1.2251E-03
  2.2397E-03  3.6598E-07 -4.8184E-04  1.2569E-03
  2.2721E-03  3.7666E-07 -4.9432E-04  1.2894E-03
  2.3050E-03  3.8764E-07 -5.0712E-04  1.3228E-03
  2.3383E-03  3.9892E-07 -5.2022E-04  1.3570E-03
  2.3720E-03  4.1050E-07 -5.3364E-04  1.3920E-03
  2.4062E-03  4.2241E-07 -5.4739E-04  1.4278E-03
  2.4408E-03  4.3464E-07 -5.6147E-04  1.4646E-03
  2.4758E-03  4.4722E-07 -5.7589E-04  1.5022E-03
  2.5113E-03  4.6013E-07 -5.9067E-04  1.5407E-03
  2.5473E-03  4.7340E-07 -6.0580E-04  1.5802E-03
  2.5837E-03  4.8703E-07 -6.2130E-04  1.6207E-03
  2.6206E-03  5.0104E-07 -6.3717E-04  1.6621E-03
  2.6579E-03  5.1543E-07 -6.5343E-04  1.7045E-03
  2.6958E-03  5.3021E-07 -6.7008E-04  1.7479E-03
  2.7341E-03  5.4540E-07 -6.8713E-04  1.7924E-03
  2.7729E-03  5.6100E-07 -7.0459E-04  1.8379E-03
  2.8123E-03  5.7703E-07 -7.2247E-04  1.8846E-03
  2.8521E-03  5.9349E-07 -7.4079E-04  1.9324E-03
  2.8925E-03  6.1041E-07 -7.5954E-04  1.9813E-03
  2.9334E-03  6.2778E-07 -7.7874E-04  2.0314E-03
  2.9748E-03  6.4563E-07 -7.9841E-04  2.0827E-03
  3.0167E-03  6.6396E-07 -8.1854E-04  2.1352E-03
  3.0592E-03  6.8279E-07 -8.3916E-04  2.1890E-03
  3.1022E-03  7.0214E-07 -8.6027E-04  2.2441E-03
  3.1458E-03  7.2200E-07 -8.8188E-04  2.3004E-03
  3.1899E-03  7.4241E-07 -9.0401E-04  2.3582E-03
  3.2347E-03  7.6337E-07 -9.2667E-04  2.4173E-03
  3.2799E-03  7.8490E-07 -9.4987E-04  2.4778E-03
  3.3258E-03  8.0701E-07 -9.7362E-04  2.5398E-03
  3.3723E-03  8.2972E-07 -9.9793E-04  2.6032E-03
  3.4194E-03  8.5305E-07 -1.0228E-03  2.6681E-03
  3.4671E-03  8.7700E-07 -1.0483E-03  2.7346E-03
  3.5153E-03  9.0161E-07 -1.0744E-03  2.8026E-03
  3.5643E-03  9.2687E-07 -1.1011E-03  2.8723E-03
  3.6138E-03  9.5282E-07 -1.1284E-03  2.9436E-03
  3.6640E-03  9.7947E-07 -1.1564E-03  3.0166E-03
  3.7148E-03  1.0068E-06 -1.1850E-03  3.0913E-03
  3.7663E-03  1.0350E-06 -1.2143E-03  3.1678E-03
  3.8185E-03  1.0638E-06 -1.2443E-03  3.2460E-03
  3.8713E-03  1.0935E-06 -1.2750E-03  3.3261E-03
  3.9249E-03  1.1239E-06 -1.3065E-03  3.4081E-03
  3.9791E-03  1.1552E-06 -1.3386E-03  3.4920E-03
  4.0340E-03  1.1873E-06 -1.3716E-03  3.5779E-03
  4.0896E-03  1.2202E-06 -1.4052E-03  3.6658E-03
  4.1459E-03  1.2541E-06 -1.4397E-03  3.7557E-03
  4.2030E-03  1.2888E-06 -1.4750E-03  3.8478E-03
  4.2608E-03  1.3245E-06 -1.5111E-03  3.9419E-03
  4.3193E-03  1.3612E-06 -1.5480E-03  4.0383E-03
  4.3786E-03  1.3988E-06 -1.5858E-03  4.1369E-03
  4.4387E-03  1.4374E-06 -1.6245E-03  4.2378E-03
  4.4995E-03  1.4771E-06 -1.6641E-03  4.3410E-03
  4.5612E-03  1.5179E-06 -1.7046E-03  4.4467E-03
  4.6236E-03  1.5597E-06 -1.7460E-03  4.5547E-03
  4.6868E-03  1.6026E-06 -1.7884E-03  4.6653E-03
  4.7509E-03  1.6467E-06 -1.8317E-03  4.7784E-03
  4.8157E-03  1.6920E-06 -1.8761E-03  4.8941E-03
  4.8815E-03  1.7385E-06 -1.9214E-03  5.0125E-03
  4.9480E-03  1.7862E-06 -1.9678E-03  5.1336E-03
  5.0154E-03  1.8352E-06 -2.0153E-03  5.2575E-03
  5.0837E-03  1.8856E-06 -2.0639E-03  5.3842E-03
  5.1529E-03  1.9372E-06 -2.1136E-03  5.5137E-03
  5.2230E-03  1.9903E-06 -2.1644E-03  5.6463E-03
  5.2939E-03  2.0447E-06 -2.2163E-03  5.7819E-03
  5.3658E-03  2.1006E-06 -2.2695E-03  5.9205E-03
  5.4386E-03  2.1580E-06 -2.3238E-03  6.0623E-03
  5.5124E-03  2.2170E-06 -2.3794E-03  6.2073E-03
  5.5871E-03  2.2775E-06 -2.4362E-03  6.3556E-03
  5.6628E-03  2.3396E-06 -2.4944E-03  6.5073E-03
  5.7394E-03  2.4033E-06 -2.5538E-03  6.6623E-03
  5.8171E-03  2.4688E-06 -2.6146E-03  6.8209E-03
  5.8957E-03  2.5360E-06 -2.6767E-03  6.9830E-03
  5.9754E-03  2.6050E-06 -2.7402E-03  7.1488E-03
  6.0560E-03  2.6758E-06 -2.8052E-03  7.3183E-03
  6.1378E-03  2.7485E-06 -2.8716E-03  7.4915E-03
  6.2206E-03  2.8231E-06 -2.9395E-03  7.6686E-03
  6.3044E-03  2.8998E-06 -3.0089E-03  7.8497E-03
  6.3893E-03  2.9784E-06 -3.0798E-03  8.0348E-03
  6.4754E-03  3.0592E-06 -3.1523E-03  8.2240E-03
  6.5625E-03  3.1421E-06 -3.2265E-03  8.4174E-03
  6.6508E-03  3.2272E-06 -3.3022E-03  8.6151E-03
  6.7402E-03  3.3145E-06 -3.3796E-03  8.8171E-03
  6.8307E-03  3.4042E-06 -3.4588E-03  9.0235E-03
  6.9225E-03  3.4962E-06 -3.5396E-03  9.2345E-03
  7.0154E-03  3.5907E-06 -3.6223E-03  9.4502E-03
  7.1095E-03  3.6877E-06 -3.7067E-03  9.6705E-03
  7.2048E-03  3.7872E-06 -3.7930E-03  9.8957E-03
  7.3014E-03  3.8894E-06 -3.8812E-03  1.0126E-02
  7.3992E-03  3.9943E-06 -3.9713E-03  1.0361E-02
  7.4983E-03  4.1020E-06 -4.0633E-03  1.0601E-02
  7.5986E-03  4.2125E-06 -4.1573E-03  1.0846E-02
  7.7003E-03  4.3260E-06 -4.2533E-03  1.1097E-02
  7.8032E-03  4.4425E-06 -4.3515E-03  1.1353E-02
  7.9075E-03  4.5620E-06 -4.4517E-03  1.1614E-02
  8.0132E-03  4.6847E-06 -4.5540E-03  1.1881E-02
  8.1202E-03  4.8106E-06 -4.6586E-03  1.2154E-02
  8.2286E-03  4.9399E-06 -4.7654E-03  1.2433E-02
  8.3383E-03  5.0726E-06 -4.8744E-03  1.2717E-02
  8.4495E-03  5.2088E-06 -4.9858E-03  1.3008E-02
  8.5622E-03  5.3486E-06 -5.0995E-03  1.3305E-02
  8.6763E-03  5.4921E-06 -5.2156E-03  1.3608E-02
  8.7918E-03  5.6393E-06 -5.3341E-03  1.3917E-02
  8.9089E-03  5.7905E-06 -5.4551E-03  1.4233E-02
  9.0274E-03  5.9456E-06 -5.5786E-03  1.4555E-02
  9.1475E-03  6.1049E-06 -5.7048E-03  1.4884E-02
  9.2692E-03  6.2683E-06 -5.8335E-03  1.5220E-02
  9.3924E-03  6.4361E-06 -5.9649E-03  1.5563E-02
  9.5172E-03  6.6083E-06 -6.0990E-03  1.5913E-02
  9.6436E-03  6.7850E-06 -6.2359E-03  1.6270E-02
  9.7717E-03  6.9664E-06 -6.3755E-03  1.6635E-02
  9.9014E-03  7.1525E-06 -6.5180E-03  1.7006E-02
  1.0033E-02  7.3436E-06 -6.6635E-03  1.7386E-02
  1.0166E-02  7.5397E-06 -6.8118E-03  1.7773E-02
  1.0301E-02  7.7410E-06 -6.9632E-03  1.8168E-02
  1.0437E-02  7.9475E-06 -7.1176E-03  1.8571E-02
  1.0576E-02  8.1596E-06 -7.2752E-03  1.8982E-02
  1.0716E-02  8.3771E-06 -7.4358E-03  1.9402E-02
  1.0858E-02  8.6005E-06 -7.5997E-03  1.9829E-02
  1.1001E-02  8.8297E-06 -7.7668E-03  2.0265E-02
  1.1147E-02  9.0649E-06 -7.9372E-03  2.0710E-02
  1.1294E-02  9.3063E-06 -8.1110E-03  2.1164E-02
  1.1444E-02  9.5541E-06 -8.2882E-03  2.1626E-02
  1.1595E-02  9.8084E-06 -8.4689E-03  2.2098E-02
  1.1748E-02  1.0069E-05 -8.6530E-03  2.2578E-02
  1.1903E-02  1.0337E-05 -8.8407E-03  2.3068E-02
  1.2061E-02  1.0612E-05 -9.0321E-03  2.3568E-02
  1.2220E-02  1.0894E-05 -9.2271E-03  2.4077E-02
  1.2381E-02  1.1184E-05 -9.4258E-03  2.4595E-02
  1.2545E-02  1.1481E-05 -9.6284E-03  2.5124E-02
  1.2710E-02  1.1786E-05 -9.8347E-03  2.5662E-02
  1.2878E-02  1.2099E-05 -1.0045E-02  2.6211E-02
  1.3048E-02  1.2420E-05 -1.0259E-02  2.6770E-02
  1.3220E-02  1.2750E-05 -1.0477E-02  2.7340E-02
  1.3394E-02  1.3088E-05 -1.0700E-02  2.7920E-02
  1.3570E-02  1.3435E-05 -1.0926E-02  2.8510E-02
  1.3749E-02  1.3791E-05 -1.1156E-02  2.9112E-02
  1.3930E-02  1.4157E-05 -1.1391E-02  2.9724E-02
  1.4114E-02  1.4532E-05 -1.1630E-02  3.0348E-02
  1.4299E-02  1.4917E-05 -1.1873E-02  3.0983E-02
  1.4488E-02  1.5312E-05 -1.2121E-02  3.1629E-02
  1.4678E-02  1.5718E-05 -1.2373E-02  3.2287E-02
  1.4871E-02  1.6134E-05 -1.2629E-02  3.2957E-02
  1.5067E-02  1.6561E-05 -1.2890E-02  3.3638E-02
  1.5265E-02  1.6999E-05 -1.3156E-02  3.4331E-02
  1.5466E-02  1.7449E-05 -1.3426E-02  3.5037E-02
  1.5669E-02  1.7911E-05 -1.3701E-02  3.5754E-02
  1.5875E-02  1.8384E-05 -1.3980E-02  3.6484E-02
  1.6083E-02  1.8870E-05 -1.4265E-02  3.7226E-02
  1.6294E-02  1.9369E-05 -1.4554E-02  3.7981E-02
  1.6508E-02  1.9881E-05 -1.4848E-02  3.8748E-02
  1.6725E-02  2.0406E-05 -1.5147E-02  3.9528E-02
  1.6944E-02  2.0945E-05 -1.5450E-02  4.0321E-02
  1.7167E-02  2.1499E-05 -1.5759E-02  4.1128E-02
  1.7392E-02  2.2066E-05 -1.6073E-02  4.1947E-02
  1.7620E-02  2.2649E-05 -1.6392E-02  4.2779E-02
  1.7851E-02  2.3247E-05 -1.6716E-02  4.3625E-02
  1.8085E-02  2.3860E-05 -1.7045E-02  4.4484E-02
  1.8322E-02  2.4490E-05 -1.7379E-02  4.5357E-02
  1.8562E-02  2.5136E-05 -1.7718E-02  4.6243E-02
  1.8806E-02  2.5799E-05 -1.8063E-02  4.7143E-02
  1.9052E-02  2.6479E-05 -1.8413E-02  4.8056E-02
  1.9302E-02  2.7177E-05 -1.8768E-02  4.8984E-02
  1.9554E-02  2.7893E-05 -1.9128E-02  4.9925E-02
  1.9810E-02  2.8629E-05 -1.9494E-02  5.0880E-02
  2.0070E-02  2.9383E-05 -1.9865E-02  5.1849E-02
  2.0332E-02  3.0157E-05 -2.0241E-02  5.2832E-02
  2.0598E-02  3.0951E-05 -2.0623E-02  5.3829E-02
  2.0868E-02  3.1766E-05 -2.1010E-02  5.4840E-02
  2.1141E-02  3.2603E-05 -2.1403E-02  5.5866E-02
  2.1418E-02  3.3461E-05 -2.1801E-02  5.6905E-02
  2.1698E-02  3.4342E-05 -2.2204E-02  5.7958E-02
  2.1981E-02  3.5246E-05 -2.2613E-02  5.9026E-02
  2.2269E-02  3.6173E-05 -2.3027E-02  6.0108E-02
  2.2560E-02  3.7125E-05 -2.3446E-02  6.1203E-02
  2.2855E-02  3.8101E-05 -2.3871E-02  6.2313E-02
  2.3153E-02  3.9103E-05 -2.4301E-02  6.3436E-02
  2.3456E-02  4.0132E-05 -2.4737E-02  6.4574E-02
  2.3762E-02  4.1187E-05 -2.5178E-02  6.5725E-02
  2.4073E-02  4.2270E-05 -2.5623E-02  6.6891E-02
  2.4387E-02  4.3381E-05 -2.6075E-02  6.8069E-02
  2.4705E-02  4.4521E-05 -2.6531E-02  6.9262E-02
  2.5028E-02  4.5690E-05 -2.6993E-02  7.0468E-02
  2.5355E-02  4.6891E-05 -2.7459E-02  7.1687E-02
  2.5686E-02  4.8122E-05 -2.7931E-02  7.2919E-02
  2.6021E-02  4.9386E-05 -2.8407E-02  7.4164E-02
  2.6360E-02  5.0683E-05 -2.8889E-02  7.5422E-02
  2.6704E-02  5.2014E-05 -2.9375E-02  7.6693E-02
  2.7053E-02  5.3380E-05 -2.9866E-02  7.7976E-02
  2.7405E-02  5.4781E-05 -3.0361E-02  7.9272E-02
  2.7763E-02  5.6219E-05 -3.0861E-02  8.0579E-02
  2.8125E-02  5.7694E-05 -3.1366E-02  8.1898E-02
  2.8492E-02  5.9208E-05 -3.1875E-02  8.3228E-02
  2.8863E-02  6.0761E-05 -3.2388E-02  8.4570E-02
  2.9239E-02  6.2355E-05 -3.2905E-02  8.5922E-02
  2.9620E-02  6.3990E-05 -3.3426E-02  8.7285E-02
  3.0006E-02  6.5668E-05 -3.3951E-02  8.8658E-02
  3.0397E-02  6.7390E-05 -3.4480E-02  9.0040E-02
  3.0793E-02  6.9157E-05 -3.5012E-02  9.1432E-02
  3.1195E-02  7.0970E-05 -3.5548E-02  9.2833E-02
  3.1601E-02  7.2830E-05 -3.6087E-02  9.4242E-02
  3.2013E-02  7.4739E-05 -3.6628E-02  9.5659E-02
  3.2429E-02  7.6698E-05 -3.7173E-02  9.7083E-02
  3.2852E-02  7.8707E-05 -3.7720E-02  9.8515E-02
  3.3279E-02  8.0770E-05 -3.8270E-02  9.9952E-02
  3.3713E-02  8.2885E-05 -3.8821E-02  1.0140E-01
  3.4152E-02  8.5056E-05 -3.9375E-02  1.0285E-01
  3.4596E-02  8.7284E-05 -3.9930E-02  1.0430E-01
  3.5046E-02  8.9570E-05 -4.0487E-02  1.0576E-01
  3.5502E-02  9.1915E-05 -4.1045E-02  1.0722E-01
  3.5964E-02  9.4321E-05 -4.1604E-02  1.0868E-01
  3.6432E-02  9.6791E-05 -4.2164E-02  1.1015E-01
  3.6906E-02  9.9324E-05 -4.2724E-02  1.1161E-01
  3.7386E-02  1.0192E-04 -4.3284E-02  1.1308E-01
  3.7873E-02  1.0459E-04 -4.3843E-02  1.1454E-01
  3.8365E-02  1.0733E-04 -4.4402E-02  1.1601E-01
  3.8864E-02  1.1014E-04 -4.4960E-02  1.1747E-01
  3.9370E-02  1.1302E-04 -4.5517E-02  1.1893E-01
  3.9882E-02  1.1597E-04 -4.6072E-02  1.2038E-01
  4.0400E-02  1.1901E-04 -4.6625E-02  1.2183E-01
  4.0925E-02  1.2212E-04 -4.7175E-02  1.2328E-01
  4.1457E-02  1.2531E-04 -4.7723E-02  1.2471E-01
  4.1996E-02  1.2859E-04 -4.8267E-02  1.2614E-01
  4.2542E-02  1.3195E-04 -4.8808E-02  1.2756E-01
  4.3095E-02  1.3540E-04 -4.9345E-02  1.2897E-01
  4.3655E-02  1.3894E-04 -4.9877E-02  1.3036E-01
  4.4222E-02  1.4257E-04 -5.0403E-02  1.3175E-01
  4.4797E-02  1.4630E-04 -5.0925E-02  1.3312E-01
  4.5379E-02  1.5012E-04 -5.1440E-02  1.3447E-01
  4.5968E-02  1.5404E-04 -5.1948E-02  1.3581E-01
  4.6565E-02  1.5807E-04 -5.2450E-02  1.3713E-01
  4.7170E-02  1.6220E-04 -5.2943E-02  1.3842E-01
  4.7783E-02  1.6643E-04 -5.3429E-02  1.3970E-01
  4.8403E-02  1.7078E-04 -5.3906E-02  1.4096E-01
  4.9032E-02  1.7524E-04 -5.4373E-02  1.4219E-01
  4.9669E-02  1.7982E-04 -5.4831E-02  1.4339E-01
  5.0314E-02  1.8451E-04 -5.5278E-02  1.4457E-01
  5.0967E-02  1.8933E-04 -5.5714E-02  1.4572E-01
  5.1628E-02  1.9427E-04 -5.6138E-02  1.4684E-01
  5.2299E-02  1.9934E-04 -5.6550E-02  1.4793E-01
  5.2978E-02  2.0455E-04 -5.6948E-02  1.4898E-01
  5.3665E-02  2.0988E-04 -5.7333E-02  1.5000E-01
  5.4362E-02  2.1536E-04 -5.7703E-02  1.5098E-01
  5.5067E-02  2.2098E-04 -5.8059E-02  1.5193E-01
  5.5782E-02  2.2675E-04 -5.8398E-02  1.5283E-01
  5.6506E-02  2.3266E-04 -5.8721E-02  1.5369E-01
  5.7239E-02  2.3873E-04 -5.9026E-02  1.5450E-01
  5.7982E-02  2.4496E-04 -5.9314E-02  1.5527E-01
  5.8734E-02  2.5135E-04 -5.9583E-02  1.5599E-01
  5.9496E-02  2.5790E-04 -5.9832E-02  1.5665E-01
  6.0268E-02  2.6463E-04 -6.0061E-02  1.5727E-01
  6.1049E-02  2.7153E-04 -6.0268E-02  1.5783E-01
  6.1841E-02  2.7861E-04 -6.0454E-02  1.5834E-01
  6.2643E-02  2.8587E-04 -6.0618E-02  1.5879E-01
  6.3456E-02  2.9332E-04 -6.0758E-02  1.5917E-01
  6.4279E-02  3.0096E-04 -6.0873E-02  1.5950E-01
  6.5112E-02  3.0881E-04 -6.0964E-02  1.5975E-01
  6.5957E-02  3.1686E-04 -6.1029E-02  1.5995E-01
  6.6812E-02  3.2511E-04 -6.1067E-02  1.6007E-01
  6.7678E-02  3.3358E-04 -6.1078E-02  1.6012E-01
  6.8556E-02  3.4227E-04 -6.1060E-02  1.6010E-01
  6.9444E-02  3.5119E-04 -6.1013E-02  1.6001E-01
  7.0345E-02  3.6033E-04 -6.0936E-02  1.5983E-01
  7.1256E-02  3.6972E-04 -6.0829E-02  1.5958E-01
  7.2180E-02  3.7935E-04 -6.0690E-02  1.5925E-01
  7.3116E-02  3.8922E-04 -6.0519E-02  1.5883E-01
  7.4063E-02  3.9936E-04 -6.0314E-02  1.5833E-01
  7.5023E-02  4.0975E-04 -6.0076E-02  1.5774E-01
  7.5996E-02  4.2042E-04 -5.9803E-02  1.5706E-01
  7.6981E-02  4.3136E-04 -5.9494E-02  1.5628E-01
  7.7978E-02  4.4259E-04 -5.9149E-02  1.5542E-01
  7.8989E-02  4.5410E-04 -5.8767E-02  1.5445E-01
  8.0012E-02  4.6592E-04 -5.8347E-02  1.5339E-01
  8.1049E-02  4.7804E-04 -5.7889E-02  1.5224E-01
  8.2099E-02  4.9047E-04 -5.7391E-02  1.5097E-01
  8.3163E-02  5.0323E-04 -5.6854E-02  1.4961E-01
  8.4240E-02  5.1632E-04 -5.6276E-02  1.4814E-01
  8.5331E-02  5.2975E-04 -5.5657E-02  1.4657E-01
  8.6437E-02  5.4352E-04 -5.4996E-02  1.4488E-01
  8.7556E-02  5.5765E-04 -5.4293E-02  1.4309E-01
  8.8691E-02  5.7215E-04 -5.3546E-02  1.4119E-01
  8.9839E-02  5.8702E-04 -5.2756E-02  1.3917E-01
  9.1003E-02  6.0227E-04 -5.1922E-02  1.3704E-01
  9.2182E-02  6.1792E-04 -5.1044E-02  1.3479E-01
  9.3376E-02  6.3398E-04 -5.0120E-02  1.3243E-01
  9.4585E-02  6.5045E-04 -4.9152E-02  1.2995E-01
  9.5810E-02  6.6734E-04 -4.8137E-02  1.2735E-01
  9.7051E-02  6.8468E-04 -4.7076E-02  1.2464E-01
  9.8307E-02  7.0246E-04 -4.5969E-02  1.2180E-01
  9.9580E-02  7.2069E-04 -4.4816E-02  1.1884E-01
  1.0087E-01  7.3941E-04 -4.3615E-02  1.1577E-01
  1.0218E-01  7.5860E-04 -4.2368E-02  1.1257E-01
  1.0350E-01  7.7829E-04 -4.1074E-02  1.0925E-01
  1.0484E-01  7.9848E-04 -3.9732E-02  1.0580E-01
  1.0620E-01  8.1920E-04 -3.8344E-02  1.0224E-01
  1.0757E-01  8.4046E-04 -3.6908E-02  9.8553E-02
  1.0896E-01  8.6226E-04 -3.5426E-02  9.4746E-02
  1.1037E-01  8.8462E-04 -3.3897E-02  9.0818E-02
  1.1180E-01  9.0756E-04 -3.2321E-02  8.6771E-02
  1.1325E-01  9.3109E-04 -3.0700E-02  8.2604E-02
  1.1472E-01  9.5522E-04 -2.9033E-02  7.8319E-02
  1.1620E-01  9.7998E-04 -2.7320E-02  7.3918E-02
  1.1771E-01  1.0054E-03 -2.5563E-02  6.9400E-02
  1.1923E-01  1.0314E-03 -2.3762E-02  6.4769E-02
  1.2077E-01  1.0581E-03 -2.1917E-02  6.0025E-02
  1.2233E-01  1.0856E-03 -2.0029E-02  5.5171E-02
  1.2392E-01  1.1137E-03 -1.8100E-02  5.0208E-02
  1.2552E-01  1.1425E-03 -1.6129E-02  4.5140E-02
  1.2715E-01  1.1721E-03 -1.4119E-02  3.9968E-02
  1.2879E-01  1.2024E-03 -1.2070E-02  3.4695E-02
  1.3046E-01  1.2335E-03 -9.9823E-03  2.9325E-02
  1.3215E-01  1.2654E-03 -7.8585E-03  2.3860E-02
  1.3386E-01  1.2982E-03 -5.6993E-03  1.8304E-02
  1.3559E-01  1.3317E-03 -3.5063E-03  1.2660E-02
  1.3734E-01  1.3662E-03 -1.2809E-03  6.9324E-03
  1.3912E-01  1.4015E-03  9.7544E-04  1.1252E-03
  1.4092E-01  1.4377E-03  3.2609E-03 -4.7575E-03
  1.4274E-01  1.4749E-03  5.5739E-03 -1.0711E-02
  1.4459E-01  1.5130E-03  7.9125E-03 -1.6731E-02
  1.4646E-01  1.5520E-03  1.0275E-02 -2.2812E-02
  1.4836E-01  1.5921E-03  1.2659E-02 -2.8949E-02
  1.5027E-01  1.6332E-03  1.5063E-02 -3.5138E-02
  1.5222E-01  1.6753E-03  1.7484E-02 -4.1371E-02
  1.5419E-01  1.7186E-03  1.9920E-02 -4.7643E-02
  1.5618E-01  1.7629E-03  2.2370E-02 -5.3949E-02
  1.5820E-01  1.8084E-03  2.4830E-02 -6.0282E-02
  1.6025E-01  1.8550E-03  2.7297E-02 -6.6635E-02
  1.6232E-01  1.9028E-03  2.9770E-02 -7.3003E-02
  1.6442E-01  1.9518E-03  3.2246E-02 -7.9377E-02
  1.6655E-01  2.0021E-03  3.4722E-02 -8.5751E-02
  1.6870E-01  2.0536E-03  3.7195E-02 -9.2118E-02
  1.7088E-01  2.1065E-03  3.9663E-02 -9.8470E-02
  1.7309E-01  2.1607E-03  4.2121E-02 -1.0480E-01
  1.7533E-01  2.2163E-03  4.4569E-02 -1.1110E-01
  1.7760E-01  2.2733E-03  4.7001E-02 -1.1736E-01
  1.7990E-01  2.3317E-03  4.9415E-02 -1.2358E-01
  1.8222E-01  2.3916E-03  5.1809E-02 -1.2974E-01
  1.8458E-01  2.4531E-03  5.4178E-02 -1.3583E-01
  1.8697E-01  2.5161E-03  5.6519E-02 -1.4186E-01
  1.8939E-01  2.5807E-03  5.8830E-02 -1.4781E-01
  1.9183E-01  2.6469E-03  6.1106E-02 -1.5366E-01
  1.9432E-01  2.7148E-03  6.3344E-02 -1.5942E-01
  1.9683E-01  2.7844E-03  6.5541E-02 -1.6508E-01
  1.9937E-01  2.8558E-03  6.7693E-02 -1.7061E-01
  2.0195E-01  2.9289E-03  6.9797E-02 -1.7603E-01
  2.0456E-01  3.0039E-03  7.1848E-02 -1.8130E-01
  2.0721E-01  3.0808E-03  7.3845E-02 -1.8644E-01
  2.0989E-01  3.1597E-03  7.5783E-02 -1.9142E-01
  2.1260E-01  3.2405E-03  7.7658E-02 -1.9624E-01
  2.1535E-01  3.3233E-03  7.9467E-02 -2.0089E-01
  2.1813E-01  3.4082E-03  8.1206E-02 -2.0536E-01
  2.2095E-01  3.4952E-03  8.2872E-02 -2.0964E-01
  2.2381E-01  3.5845E-03  8.4462E-02 -2.1373E-01
  2.2671E-01  3.6759E-03  8.5971E-02 -2.1760E-01
  2.2964E-01  3.7696E-03  8.7397E-02 -2.2126E-01
  2.3260E-01  3.8657E-03  8.8736E-02 -2.2470E-01
  2.3561E-01  3.9641E-03  8.9985E-02 -2.2790E-01
  2.3866E-01  4.0651E-03  9.1140E-02 -2.3086E-01
  2.4174E-01  4.1685E-03  9.2198E-02 -2.3356E-01
  2.4487E-01  4.2745E-03  9.3157E-02 -2.3602E-01
  2.4803E-01  4.3831E-03  9.4013E-02 -2.3820E-01
  2.5124E-01  4.4944E-03  9.4763E-02 -2.4011E-01
  2.5449E-01  4.6084E-03  9.5404E-02 -2.4174E-01
  2.5778E-01  4.7253E-03  9.5934E-02 -2.4308E-01
  2.6111E-01  4.8450E-03  9.6350E-02 -2.4413E-01
  2.6449E-01  4.9677E-03  9.6650E-02 -2.4487E-01
  2.6790E-01  5.0935E-03  9.6830E-02 -2.4531E-01
  2.7137E-01  5.2223E-03  9.6890E-02 -2.4543E-01
  2.7488E-01  5.3542E-03  9.6827E-02 -2.4524E-01
  2.7843E-01  5.4894E-03  9.6638E-02 -2.4471E-01
  2.8203E-01  5.6280E-03  9.6323E-02 -2.4386E-01
  2.8567E-01  5.7698E-03  9.5879E-02 -2.4268E-01
  2.8937E-01  5.9152E-03  9.5306E-02 -2.4116E-01
  2.9311E-01  6.0641E-03  9.4601E-02 -2.3930E-01
  2.9689E-01  6.2166E-03  9.3764E-02 -2.3709E-01
  3.0073E-01  6.3727E-03  9.2794E-02 -2.3454E-01
  3.0462E-01  6.5327E-03  9.1690E-02 -2.3164E-01
  3.0856E-01  6.6965E-03  9.0451E-02 -2.2839E-01
  3.1254E-01  6.8643E-03  8.9078E-02 -2.2479E-01
  3.1658E-01  7.0361E-03  8.7571E-02 -2.2084E-01
  3.2067E-01  7.2121E-03  8.5929E-02 -2.1654E-01
  3.2482E-01  7.3922E-03  8.4152E-02 -2.1189E-01
  3.2902E-01  7.5767E-03  8.2242E-02 -2.0688E-01
  3.3327E-01  7.7656E-03  8.0199E-02 -2.0153E-01
  3.3758E-01  7.9589E-03  7.8024E-02 -1.9584E-01
  3.4194E-01  8.1569E-03  7.5719E-02 -1.8980E-01
  3.4636E-01  8.3595E-03  7.3284E-02 -1.8342E-01
  3.5083E-01  8.5669E-03  7.0722E-02 -1.7671E-01
  3.5537E-01  8.7793E-03  6.8034E-02 -1.6966E-01
  3.5996E-01  8.9966E-03  6.5223E-02 -1.6229E-01
  3.6461E-01  9.2190E-03  6.2291E-02 -1.5460E-01
  3.6932E-01  9.4466E-03  5.9241E-02 -1.4660E-01
  3.7410E-01  9.6795E-03  5.6075E-02 -1.3829E-01
  3.7893E-01  9.9178E-03  5.2797E-02 -1.2968E-01
  3.8383E-01  1.0162E-02  4.9410E-02 -1.2077E-01
  3.8879E-01  1.0411E-02  4.5917E-02 -1.1159E-01
  3.9381E-01  1.0666E-02  4.2323E-02 -1.0213E-01
  3.9890E-01  1.0928E-02  3.8631E-02 -9.2404E-02
  4.0405E-01  1.1195E-02  3.4845E-02 -8.2425E-02
  4.0928E-01  1.1468E-02  3.0970E-02 -7.2203E-02
  4.1456E-01  1.1747E-02  2.7011E-02 -6.1748E-02
  4.1992E-01  1.2033E-02  2.2972E-02 -5.1072E-02
  4.2535E-01  1.2325E-02  1.8859E-02 -4.0187E-02
  4.3084E-01  1.2624E-02  1.4676E-02 -2.9106E-02
  4.3641E-01  1.2929E-02  1.0429E-02 -1.7841E-02
  4.4205E-01  1.3242E-02  6.1233E-03 -6.4060E-03
  4.4776E-01  1.3561E-02  1.7650E-03  5.1852E-03
  4.5355E-01  1.3887E-02 -2.6402E-03  1.6919E-02
  4.5941E-01  1.4221E-02 -7.0862E-03  2.8780E-02
  4.6534E-01  1.4562E-02 -1.1567E-02  4.0755E-02
  4.7136E-01  1.4910E-02 -1.6076E-02  5.2827E-02
  4.7745E-01  1.5266E-02 -2.0608E-02  6.4982E-02
  4.8361E-01  1.5630E-02 -2.5155E-02  7.7205E-02
  4.8986E-01  1.6001E-02 -2.9711E-02  8.9479E-02
  4.9619E-01  1.6381E-02 -3.4270E-02  1.0179E-01
  5.0260E-01  1.6768E-02 -3.8825E-02  1.1412E-01
  5.0910E-01  1.7164E-02 -4.3369E-02  1.2645E-01
  5.1567E-01  1.7569E-02 -4.7895E-02  1.3878E-01
  5.2234E-01  1.7982E-02 -5.2396E-02  1.5107E-01
  5.2909E-01  1.8403E-02 -5.6867E-02  1.6332E-01
  5.3592E-01  1.8833E-02 -6.1299E-02  1.7551E-01
  5.4285E-01  1.9273E-02 -6.5686E-02  1.8762E-01
  5.4986E-01  1.9721E-02 -7.0022E-02  1.9964E-01
  5.5696E-01  2.0179E-02 -7.4300E-02  2.1155E-01
  5.6416E-01  2.0646E-02 -7.8514E-02  2.2334E-01
  5.7145E-01  2.1122E-02 -8.2656E-02  2.3500E-01
  5.7883E-01  2.1608E-02 -8.6720E-02  2.4649E-01
  5.8631E-01  2.2104E-02 -9.0701E-02  2.5782E-01
  5.9388E-01  2.2610E-02 -9.4591E-02  2.6897E-01
  6.0155E-01  2.3126E-02 -9.8386E-02  2.7993E-01
  6.0933E-01  2.3652E-02 -1.0208E-01  2.9067E-01
  6.1720E-01  2.4188E-02 -1.0566E-01  3.0119E-01
  6.2517E-01  2.4735E-02 -1.0913E-01  3.1147E-01
  6.3325E-01  2.5293E-02 -1.1248E-01  3.2151E-01
  6.4143E-01  2.5861E-02 -1.1571E-01  3.3128E-01
  6.4971E-01  2.6440E-02 -1.1880E-01  3.4078E-01
  6.5811E-01  2.7030E-02 -1.2176E-01  3.4999E-01
  6.6661E-01  2.7632E-02 -1.2457E-01  3.5891E-01
  6.7522E-01  2.8245E-02 -1.2725E-01  3.6751E-01
  6.8394E-01  2.8869E-02 -1.2977E-01  3.7580E-01
  6.9278E-01  2.9506E-02 -1.3213E-01  3.8377E-01
  7.0173E-01  3.0154E-02 -1.3434E-01  3.9139E-01
  7.1079E-01  3.0814E-02 -1.3638E-01  3.9868E-01
  7.1998E-01  3.1486E-02 -1.3825E-01  4.0561E-01
  7.2928E-01  3.2171E-02 -1.3996E-01  4.1218E-01
  7.3870E-01  3.2868E-02 -1.4149E-01  4.1839E-01
  7.4824E-01  3.3578E-02 -1.4285E-01  4.2424E-01
  7.5791E-01  3.4300E-02 -1.4402E-01  4.2971E-01
  7.6770E-01  3.5037E-02 -1.4502E-01  4.3481E-01
  7.7761E-01  3.5786E-02 -1.4584E-01  4.3953E-01
  7.8766E-01  3.6549E-02 -1.4647E-01  4.4386E-01
  7.9783E-01  3.7326E-02 -1.4691E-01  4.4783E-01
  8.0814E-01  3.8117E-02 -1.4717E-01  4.5141E-01
  8.1858E-01  3.8922E-02 -1.4725E-01  4.5461E-01
  8.2915E-01  3.9742E-02 -1.4713E-01  4.5743E-01
  8.3986E-01  4.0578E-02 -1.4683E-01  4.5988E-01
  8.5071E-01  4.1428E-02 -1.4635E-01  4.6196E-01
  8.6170E-01  4.2295E-02 -1.4567E-01  4.6368E-01
  8.7283E-01  4.3177E-02 -1.4481E-01  4.6503E-01
  8.8411E-01  4.4076E-02 -1.4377E-01  4.6602E-01
  8.9553E-01  4.4993E-02 -1.4254E-01  4.6667E-01
  9.0709E-01  4.5927E-02 -1.4113E-01  4.6697E-01
  9.1881E-01  4.6879E-02 -1.3954E-01  4.6694E-01
  9.3068E-01  4.7850E-02 -1.3777E-01  4.6658E-01
  9.4270E-01  4.8841E-02 -1.3582E-01  4.6591E-01
  9.5488E-01  4.9853E-02 -1.3370E-01  4.6493E-01
  9.6721E-01  5.0885E-02 -1.3141E-01  4.6366E-01
  9.7970E-01  5.1940E-02 -1.2895E-01  4.6210E-01
  9.9236E-01  5.3018E-02 -1.2632E-01  4.6027E-01
  1.0052E+00  5.4120E-02 -1.2352E-01  4.5818E-01
  1.0182E+00  5.5248E-02 -1.2057E-01  4.5584E-01
  1.0313E+00  5.6403E-02 -1.1745E-01  4.5327E-01
  1.0446E+00  5.7586E-02 -1.1418E-01  4.5048E-01
  1.0581E+00  5.8799E-02 -1.1075E-01  4.4748E-01
  1.0718E+00  6.0044E-02 -1.0717E-01  4.4429E-01
  1.0856E+00  6.1323E-02 -1.0344E-01  4.4092E-01
  1.0997E+00  6.2638E-02 -9.9565E-02  4.3740E-01
  1.1139E+00  6.3992E-02 -9.5544E-02  4.3373E-01
  1.1282E+00  6.5386E-02 -9.1381E-02  4.2992E-01
  1.1428E+00  6.6825E-02 -8.7077E-02  4.2601E-01
  1.1576E+00  6.8310E-02 -8.2634E-02  4.2200E-01
  1.1725E+00  6.9846E-02 -7.8053E-02  4.1791E-01
  1.1877E+00  7.1437E-02 -7.3335E-02  4.1375E-01
  1.2030E+00  7.3085E-02 -6.8482E-02  4.0955E-01
  1.2186E+00  7.4797E-02 -6.3493E-02  4.0532E-01
  1.2343E+00  7.6576E-02 -5.8368E-02  4.0107E-01
  1.2502E+00  7.8429E-02 -5.3107E-02  3.9684E-01
  1.2664E+00  8.0361E-02 -4.7709E-02  3.9262E-01
  1.2827E+00  8.2378E-02 -4.2172E-02  3.8845E-01
  1.2993E+00  8.4488E-02 -3.6495E-02  3.8434E-01
  1.3161E+00  8.6698E-02 -3.0674E-02  3.8030E-01
  1.3331E+00  8.9016E-02 -2.4707E-02  3.7636E-01
  1.3503E+00  9.1452E-02 -1.8590E-02  3.7254E-01
  1.3678E+00  9.4015E-02 -1.2317E-02  3.6885E-01
  1.3854E+00  9.6716E-02 -5.8824E-03  3.6532E-01
  1.4033E+00  9.9567E-02  7.1913E-04  3.6195E-01
  1.4214E+00  1.0258E-01  7.4956E-03  3.5878E-01
  1.4398E+00  1.0577E-01  1.4455E-02  3.5582E-01
  1.4584E+00  1.0915E-01  2.1608E-02  3.5310E-01
  1.4772E+00  1.1273E-01  2.8964E-02  3.5063E-01
  1.4963E+00  1.1654E-01  3.6536E-02  3.4844E-01
  1.5156E+00  1.2059E-01  4.4335E-02  3.4654E-01
  1.5352E+00  1.2491E-01  5.2379E-02  3.4497E-01
  1.5550E+00  1.2951E-01  6.0681E-02  3.4374E-01
  1.5751E+00  1.3442E-01  6.9260E-02  3.4288E-01
  1.5955E+00  1.3966E-01  7.8136E-02  3.4242E-01
  1.6161E+00  1.4527E-01  8.7329E-02  3.4238E-01
  1.6369E+00  1.5126E-01  9.6864E-02  3.4279E-01
  1.6581E+00  1.5768E-01  1.0677E-01  3.4368E-01
  1.6795E+00  1.6456E-01  1.1706E-01  3.4508E-01
  1.7012E+00  1.7193E-01  1.2778E-01  3.4702E-01
  1.7232E+00  1.7984E-01  1.3896E-01  3.4955E-01
  1.7454E+00  1.8833E-01  1.5063E-01  3.5269E-01
  1.7680E+00  1.9744E-01  1.6284E-01  3.5648E-01
  1.7908E+00  2.0723E-01  1.7562E-01  3.6098E-01
  1.8139E+00  2.1774E-01  1.8902E-01  3.6621E-01
  1.8373E+00  2.2904E-01  2.0309E-01  3.7224E-01
  1.8611E+00  2.4118E-01  2.1788E-01  3.7911E-01
  1.8851E+00  2.5423E-01  2.3347E-01  3.8687E-01
  1.9095E+00  2.6827E-01  2.4989E-01  3.9560E-01
  1.9341E+00  2.8336E-01  2.6724E-01  4.0536E-01
  1.9591E+00  2.9959E-01  2.8558E-01  4.1621E-01
  1.9844E+00  3.1704E-01  3.0500E-01  4.2823E-01
  2.0100E+00  3.3581E-01  3.2557E-01  4.4151E-01
  2.0360E+00  3.5600E-01  3.4742E-01  4.5614E-01
  2.0623E+00  3.7772E-01  3.7062E-01  4.7222E-01
  2.0889E+00  4.0108E-01  3.9531E-01  4.8986E-01
  2.1159E+00  4.2620E-01  4.2161E-01  5.0918E-01
  2.1432E+00  4.5322E-01  4.4965E-01  5.3031E-01
  2.1709E+00  4.8229E-01  4.7959E-01  5.5339E-01
  2.1989E+00  5.1356E-01  5.1158E-01  5.7857E-01
  2.2273E+00  5.4720E-01  5.4581E-01  6.0604E-01
  2.2561E+00  5.8341E-01  5.8247E-01  6.3598E-01
  2.2852E+00  6.2237E-01  6.2178E-01  6.6859E-01
  2.3147E+00  6.6432E-01  6.6398E-01  7.0412E-01
  2.3446E+00  7.0950E-01  7.0932E-01  7.4281E-01
  2.3749E+00  7.5818E-01  7.5811E-01  7.8494E-01
  2.4056E+00  8.1067E-01  8.1065E-01  8.3082E-01
  2.4367E+00  8.6731E-01  8.6730E-01  8.8080E-01
  2.4681E+00  9.2847E-01  9.2847E-01  9.3524E-01
  2.5000E+00  9.9458E-01  9.9458E-01  9.9458E-01
  2.5323E+00  1.0661E+00  1.0661E+00  1.0593E+00
  2.5650E+00  1.1437E+00  1.1437E+00  1.1298E+00
  2.5981E+00  1.2278E+00  1.2278E+00  1.2068E+00
  2.6317E+00  1.3193E+00  1.3193E+00  1.2909E+00
  2.6657E+00  1.4187E+00  1.4187E+00  1.3828E+00
  2.7001E+00  1.5271E+00  1.5271E+00  1.4833E+00
  2.7350E+00  1.6452E+00  1.6452E+00  1.5932E+00
  2.7703E+00  1.7742E+00  1.7742E+00  1.7135E+00
  2.8060E+00  1.9152E+00  1.9152E+00  1.8455E+00
  2.8423E+00  2.0695E+00  2.0695E+00  1.9902E+00
