+---------------------------------------+-------+-------+--------------------+----------+-----------------+-------+
|                                       | bands |  eos  | phonon_frequencies | pressure | cohesive_energy |  max  |
+---------------------------------------+-------+-------+--------------------+----------+-----------------+-------+
|   Ag.us.pbe.z_19.uspp.gbrv.v1.4.upf   | 30.0  | 30.0  |        30.0        |  100.0   |      30.0       | 100.0 |
|    Al.us.pbe.z_3.uspp.gbrv.v1.upf     | 30.0  | 30.0  |        30.0        |   30.0   |      30.0       | 30.0  |
|    As.us.pbe.z_5.uspp.gbrv.v1.upf     | 30.0  | 30.0  |       120.0        |   30.0   |      30.0       | 120.0 |
|    Au.us.pbe.z_11.uspp.gbrv.v1.upf    | 30.0  | 30.0  |        30.0        |   30.0   |      30.0       | 30.0  |
|    B.us.pbe.z_3.uspp.gbrv.v1.4.upf    | 30.0  | 30.0  |        30.0        |   30.0   |      30.0       | 30.0  |
|    Ba.us.pbe.z_10.uspp.gbrv.v1.upf    | 30.0  |  nan  |        30.0        |   nan    |      30.0       | 200.0 |
|   Be.us.pbe.z_4.uspp.gbrv.v1.4.upf    | 30.0  | 30.0  |        30.0        |   40.0   |      30.0       | 40.0  |
|    Bi.us.pbe.z_15.uspp.gbrv.v1.upf    | 30.0  | 30.0  |        30.0        |   60.0   |      30.0       | 60.0  |
|   Br.us.pbe.z_7.uspp.gbrv.v1.4.upf    | 30.0  | 30.0  |        30.0        |   30.0   |      30.0       | 30.0  |
|    C.us.pbe.z_4.uspp.gbrv.v1.2.upf    | 30.0  | 30.0  |        30.0        |   30.0   |      30.0       | 30.0  |
|    Ca.us.pbe.z_10.uspp.gbrv.v1.upf    | 30.0  | 30.0  |       150.0        |   30.0   |      30.0       | 150.0 |
|    Cd.us.pbe.z_12.uspp.gbrv.v1.upf    | 30.0  | 30.0  |        30.0        |  120.0   |      30.0       | 120.0 |
|   Cl.us.pbe.z_7.uspp.gbrv.v1.4.upf    | 30.0  | 30.0  |        30.0        |   30.0   |      30.0       | 30.0  |
|   Co.us.pbe.z_17.uspp.gbrv.v1.2.upf   | 30.0  | 30.0  |        30.0        |   35.0   |      30.0       | 35.0  |
|   Cr.us.pbe.z_14.uspp.gbrv.v1.5.upf   | 30.0  | 30.0  |        45.0        |   35.0   |      30.0       | 45.0  |
|    Cs.us.pbe.z_9.uspp.gbrv.v1.upf     | 30.0  | 30.0  |        80.0        |   30.0   |      30.0       | 80.0  |
|   Cu.us.pbe.z_19.uspp.gbrv.v1.2.upf   | 30.0  | 35.0  |        30.0        |  150.0   |      30.0       | 150.0 |
|    F.us.pbe.z_7.uspp.gbrv.v1.4.upf    | 30.0  | 35.0  |        30.0        |   40.0   |      30.0       | 40.0  |
|   Fe.us.pbe.z_16.uspp.gbrv.v1.5.upf   | 30.0  | 30.0  |        30.0        |   35.0   |      30.0       | 35.0  |
|   Ga.us.pbe.z_19.uspp.gbrv.v1.4.upf   | 30.0  | 30.0  |        30.0        |  150.0   |      30.0       | 150.0 |
|   Ge.us.pbe.z_14.uspp.gbrv.v1.4.upf   | 30.0  | 30.0  |        30.0        |   35.0   |      30.0       | 35.0  |
|    H.us.pbe.z_1.uspp.gbrv.v1.4.upf    | 30.0  | 30.0  |        30.0        |   30.0   |      30.0       | 30.0  |
| Hf.us.pbe.z_12.uspp.gbrv.plus4_v1.upf | 30.0  | 40.0  |        30.0        |   45.0   |      30.0       | 45.0  |
|    Hf.us.pbe.z_12.uspp.gbrv.v1.upf    | 30.0  | 30.0  |       150.0        |   40.0   |      30.0       | 150.0 |
|    Hg.us.pbe.z_12.uspp.gbrv.v1.upf    | 30.0  | 150.0 |        30.0        |  150.0   |      30.0       | 150.0 |
|     I.us.pbe.z_7.uspp.gbrv.v1.upf     | 30.0  | 35.0  |       150.0        |   30.0   |      30.0       | 150.0 |
|   In.us.pbe.z_13.uspp.gbrv.v1.4.upf   | 30.0  | 30.0  |        30.0        |  100.0   |      30.0       | 100.0 |
|   Ir.us.pbe.z_15.uspp.gbrv.v1.2.upf   | 30.0  | 30.0  |        30.0        |   35.0   |      30.0       | 35.0  |
|    K.us.pbe.z_9.uspp.gbrv.v1.4.upf    | 30.0  | 40.0  |       150.0        |  150.0   |      30.0       | 150.0 |
|    La.us.pbe.z_11.uspp.gbrv.v1.upf    | 30.0  | 30.0  |        30.0        |   30.0   |      30.0       | 30.0  |
|   Li.us.pbe.z_3.uspp.gbrv.v1.4.upf    | 30.0  | 30.0  |        30.0        |   35.0   |      30.0       | 35.0  |
|   Mg.us.pbe.z_10.uspp.gbrv.v1.4.upf   | 30.0  | 30.0  |        30.0        |  100.0   |      30.0       | 100.0 |
|   Mn.us.pbe.z_15.uspp.gbrv.v1.5.upf   | 30.0  | 30.0  |        30.0        |   35.0   |      30.0       | 35.0  |
|    Mo.us.pbe.z_14.uspp.gbrv.v1.upf    | 30.0  | 30.0  |        30.0        |   30.0   |      30.0       | 30.0  |
|    N.us.pbe.z_5.uspp.gbrv.v1.2.upf    | 30.0  | 30.0  |        30.0        |   35.0   |      30.0       | 35.0  |
|   Na.us.pbe.z_9.uspp.gbrv.v1.5.upf    | 30.0  | 30.0  |        30.0        |  150.0   |      30.0       | 150.0 |
|    Nb.us.pbe.z_13.uspp.gbrv.v1.upf    | 30.0  | 30.0  |        45.0        |   30.0   |      30.0       | 45.0  |
|   Ni.us.pbe.z_18.uspp.gbrv.v1.4.upf   | 35.0  | 35.0  |        30.0        |   40.0   |      30.0       | 40.0  |
|    O.us.pbe.z_6.uspp.gbrv.v1.2.upf    | 30.0  | 30.0  |        30.0        |   35.0   |      30.0       | 35.0  |
|   Os.us.pbe.z_16.uspp.gbrv.v1.2.upf   | 30.0  | 30.0  |        30.0        |   35.0   |      30.0       | 35.0  |
|    P.us.pbe.z_5.uspp.gbrv.v1.5.upf    | 30.0  | 30.0  |        30.0        |   30.0   |      30.0       | 30.0  |
|    Pb.us.pbe.z_14.uspp.gbrv.v1.upf    | 30.0  | 30.0  |        80.0        |   30.0   |      30.0       | 80.0  |
|   Pd.us.pbe.z_16.uspp.gbrv.v1.4.upf   | 30.0  | 30.0  |        30.0        |   35.0   |      30.0       | 35.0  |
|   Pt.us.pbe.z_16.uspp.gbrv.v1.4.upf   | 30.0  | 30.0  |        30.0        |   30.0   |      30.0       | 30.0  |
|    Rb.us.pbe.z_9.uspp.gbrv.v1.upf     | 30.0  | 30.0  |        70.0        |   30.0   |      30.0       | 70.0  |
|   Re.us.pbe.z_15.uspp.gbrv.v1.2.upf   | 30.0  | 30.0  |        30.0        |   30.0   |      30.0       | 30.0  |
|   Rh.us.pbe.z_15.uspp.gbrv.v1.4.upf   | 30.0  | 35.0  |        30.0        |   40.0   |      30.0       | 40.0  |
|   Ru.us.pbe.z_16.uspp.gbrv.v1.2.upf   | 30.0  | 30.0  |        30.0        |   30.0   |      30.0       | 30.0  |
|    S.us.pbe.z_6.uspp.gbrv.v1.4.upf    | 30.0  | 30.0  |        30.0        |   30.0   |      30.0       | 30.0  |
|   Sb.us.pbe.z_15.uspp.gbrv.v1.4.upf   | 30.0  | 30.0  |        30.0        |   35.0   |      30.0       | 35.0  |
|    Sc.us.pbe.z_11.uspp.gbrv.v1.upf    | 30.0  | 30.0  |        30.0        |  150.0   |      30.0       | 150.0 |
|    Se.us.pbe.z_6.uspp.gbrv.v1.upf     | 30.0  | 30.0  |        30.0        |   30.0   |      30.0       | 30.0  |
|    Si.us.pbe.z_4.uspp.gbrv.v1.upf     | 30.0  | 30.0  |        30.0        |   30.0   |      30.0       | 30.0  |
|   Sn.us.pbe.z_14.uspp.gbrv.v1.4.upf   | 30.0  | 30.0  |        30.0        |  120.0   |      30.0       | 120.0 |
|    Sr.us.pbe.z_10.uspp.gbrv.v1.upf    | 30.0  | 30.0  |        45.0        |   35.0   |      30.0       | 45.0  |
|    Ta.us.pbe.z_13.uspp.gbrv.v1.upf    | 30.0  | 30.0  |        30.0        |   45.0   |      30.0       | 45.0  |
|    Tc.us.pbe.z_15.uspp.gbrv.v1.upf    | 30.0  | 30.0  |        30.0        |   30.0   |      30.0       | 30.0  |
|    Te.us.pbe.z_6.uspp.gbrv.v1.upf     | 30.0  | 30.0  |       120.0        |   30.0   |      30.0       | 120.0 |
|   Ti.us.pbe.z_12.uspp.gbrv.v1.4.upf   | 30.0  | 30.0  |        30.0        |   80.0   |      30.0       | 80.0  |
|   Tl.us.pbe.z_13.uspp.gbrv.v1.2.upf   | 30.0  | 35.0  |        30.0        |  150.0   |      30.0       | 150.0 |
|   V.us.pbe.z_13.uspp.gbrv.v1.4.upf    | 30.0  | 30.0  |        30.0        |   35.0   |      30.0       | 35.0  |
|   W.us.pbe.z_14.uspp.gbrv.v1.2.upf    | 30.0  | 30.0  |        30.0        |   45.0   |      30.0       | 45.0  |
|   Y.us.pbe.z_11.uspp.gbrv.v1.4.upf    | 30.0  | 45.0  |        30.0        |  100.0   |      30.0       | 100.0 |
|    Zn.us.pbe.z_20.uspp.gbrv.v1.upf    | 30.0  | 35.0  |        60.0        |  150.0   |      30.0       | 150.0 |
|    Zr.us.pbe.z_12.uspp.gbrv.v1.upf    | 30.0  | 30.0  |        40.0        |   30.0   |      30.0       | 40.0  |
+---------------------------------------+-------+-------+--------------------+----------+-----------------+-------+