 #  r       coreden        valeden         tcoreden        tvaleden      nhatden
  0.0000000E+00  0.00000000000000000E+00  0.00000000000000000E+00  0.00000000000000000E+00  0.00000000000000000E+00  0.00000000000000000E+00
  5.5354426E-06  2.53781965471039394E-04  2.43665247357214680E-07  2.05649845013611916E-12  1.75214153786054351E-10 -1.17366479859877764E-10
  1.1170513E-05  9.05104626818328361E-04  8.68988420755094920E-07  8.37471330628905688E-12  7.13527552209096110E-10 -4.77953494426462066E-10
  1.6907005E-05  1.91672531478314550E-03  1.84016672196767443E-06  1.91847908143812441E-11  1.63454870992524246E-09 -1.09489572634999174E-09
  2.2746744E-05  3.27904000252747258E-03  3.14793533850343492E-06  3.47265925516467534E-11  2.95871389022124907E-09 -1.98188232213430070E-09
  2.8691588E-05  4.99021796400433287E-03  4.79049163795252346E-06  5.52500727027563304E-11  4.70731924904767979E-09 -3.15317842365809547E-09
  3.4743428E-05  7.05366845941057287E-03  6.77106190022343684E-06  8.10156694781142287E-11  6.90255418397057067E-09 -4.62364750680278121E-09
  4.0904191E-05  9.47465983264359109E-03  9.09465467005690074E-06  1.12294711195885642E-10  9.56753593247872166E-09 -6.40877455695257195E-09
  4.7175837E-05  1.22603052956129274E-02  1.17680466999956380E-05  1.49369837568398812E-10  1.27263454657098400E-08 -8.52469011222179609E-09
  5.3560361E-05  1.54191787639531702E-02  1.47994137273865973E-05  1.92535436753337104E-10  1.64040647253433002E-08 -1.09881952063927213E-08
  6.0059795E-05  1.89609445087248092E-02  1.81979745725614174E-05  2.42098098750656322E-10  2.06268152531556227E-08 -1.38167872447181587E-08
  6.6676208E-05  2.28962382821430062E-02  2.19738766817953260E-05  2.98377085747393148E-10  2.54217982645436023E-08 -1.70286868469549663E-08
  7.3411704E-05  2.72365461197836486E-02  2.61380794434862737E-05  3.61704820034568672E-10  3.08173362191977389E-08 -2.06428656932520328E-08
  8.0268427E-05  3.19941288359129328E-02  3.07022813745762318E-05  4.32427390143207484E-10  3.68429159440526276E-08 -2.46790754098186567E-08
  8.7248560E-05  3.71819737679217124E-02  3.56788734590772420E-05  5.10905075870164876E-10  4.35292333656578868E-08 -2.91578775326501864E-08
  9.4354322E-05  4.28137609869315844E-02  4.10809063655958708E-05  5.97512892888951232E-10  5.09082399112000755E-08 -3.41006745889854823E-08
  1.0158798E-04  4.89038408286706500E-02  4.69220685204062499E-05  6.92641157666193753E-10  5.90131906395751709E-08 -3.95297423376239656E-08
  1.0895182E-04  5.54672196695367367E-02  5.32166720816507896E-05  7.96696073430667606E-10  6.78786941661503535E-08 -4.54682632107295765E-08
  1.1644820E-04  6.25195518268383404E-02  5.99796447766195841E-05  9.10100337969182008E-10  7.75407644471853107E-08 -5.19403610013107635E-08
  1.2407951E-04  7.00771361673314941E-02  6.72265262411332127E-05  1.03329377405185334E-09  8.80368744922895558E-08 -5.89711368421774462E-08
  1.3184816E-04  7.81569163999022293E-02  7.49734678762645484E-05  1.16673398331865431E-09  9.94060120757930912E-08 -6.65867065238508663E-08
  1.3975664E-04  8.67764843062047431E-02  8.32372355045584166E-05  1.31089702448950711E-09  1.11688737520497022E-07 -7.48142392006367248E-08
  1.4780745E-04  9.59540853578718655E-02  9.20352142949556367E-05  1.46627811679169224E-09  1.24927243629953966E-07 -8.36819975358691309E-08
  1.5600317E-04  1.05708626305841380E-01  1.01385415557091524E-04  1.63339236953099531E-09  1.39165417848210925E-07 -9.32193793391969717E-08
  1.6434639E-04  1.16059684426167820E-01  1.11306485100502297E-04  1.81277553876684287E-09  1.54448906728828453E-07 -1.03456960750714023E-07
  1.7283978E-04  1.27027518179117255E-01  1.21817712923779056E-04  2.00498481208676944E-09  1.70825182797980681E-07 -1.14426541028737894E-07
  1.8148603E-04  1.38633079092134792E-01  1.32939044050313821E-04  2.21059962251186189E-09  1.88343613899534440E-07 -1.26161189000113593E-07
  1.9028790E-04  1.50898024717737528E-01  1.44691090366084205E-04  2.43022249260255137E-09  2.07055535113217208E-07 -1.38695291234070999E-07
  1.9924819E-04  1.63844732548151767E-01  1.57095143344403079E-04  2.66447990987311804E-09  2.27014323340310314E-07 -1.52064602002891153E-07
  2.0836975E-04  1.77496314792120413E-01  1.70173187565165926E-04  2.91402323466378197E-09  2.48275474654751800E-07 -1.66306295094947277E-07
  2.1765548E-04  1.91876633937563934E-01  1.83947914953588729E-04  3.17952964166112108E-09  2.70896684521100822E-07 -1.81459017548076923E-07
  2.2710833E-04  2.07010319037976398E-01  1.98442739676992896E-04  3.46170309630113482E-09  2.94937930984531251E-07 -1.97562945373726176E-07
  2.3673132E-04  2.22922782671548636E-01  2.13681813648778171E-04  3.76127536733417423E-09  3.20461560941844197E-07 -2.14659841344874252E-07
  2.4652751E-04  2.39640238530707206E-01  2.29690042596999039E-04  4.07900707687777181E-09  3.47532379606481245E-07 -2.32793114923411419E-07
  2.5650001E-04  2.57189719606599421E-01  2.46493102661439164E-04  4.41568878933175042E-09  3.76217743284634657E-07 -2.52007884405408542E-07
  2.6665200E-04  2.75599096938414667E-01  2.64117457488136532E-04  4.77214214058003109E-09  4.06587655583822865E-07 -2.72351041365569141E-07
  2.7698671E-04  2.94897098901627908E-01  2.82590375794243153E-04  5.14922100895579726E-09  4.38714867179738024E-07 -2.93871317485135828E-07
  2.8750742E-04  3.15113331012515707E-01  3.01939949379141149E-04  5.54781272950020140E-09  4.72674979271745870E-07 -3.16619353850579495E-07
  2.9821749E-04  3.36278296228802065E-01  3.22195111560034920E-04  5.96883935310087475E-09  5.08546550862188765E-07 -3.40647772813598268E-07
  3.0912032E-04  3.58423415728190697E-01  3.43385656011962234E-04  6.41325895215431324E-09  5.46411209999565977E-07 -3.66011252506251444E-07
  3.2021938E-04  3.81581050147937639E-01  3.65542255993386487E-04  6.88206697445603307E-09  5.86353769130774601E-07 -3.92766604108473691E-07
  3.3151820E-04  4.05784521269604903E-01  3.88696483939366235E-04  7.37629764708474662E-09  6.28462344712889276E-07 -4.20972851968761226E-07
  3.4302039E-04  4.31068134133761438E-01  4.12880831404779133E-04  7.89702543211104814E-09  6.72828481240452979E-07 -4.50691316682502757E-07
  3.5472959E-04  4.57467199569753735E-01  4.38128729340282589E-04  8.44536653602794411E-09  7.19547279849924437E-07 -4.81985701236228925E-07
  3.6664954E-04  4.85018057125755520E-01  4.64474568683650015E-04  9.02248047486968121E-09  7.68717531668839669E-07 -5.14922180330008934E-07
  3.7878402E-04  5.13758098384173967E-01  4.91953721248860167E-04  9.62957169705711306E-09  8.20441856083341387E-07 -5.49569492994311622E-07
  3.9113691E-04  5.43725790647184071E-01  5.20602560894867336E-04  1.02678912660820411E-08  8.74826844104069160E-07 -5.85999038621888504E-07
  4.0371212E-04  5.74960700976660632E-01  5.50458484955368161E-04  1.09387386052200033E-08  9.31983207016948386E-07 -6.24284976539629789E-07
  4.1651367E-04  6.07503520572147182E-01  5.81559935910096757E-04  1.16434633065409514E-08  9.92025930512255486E-07 -6.64504329249906782E-07
  4.2954562E-04  6.41396089469691733E-01  6.13946423277269985E-04  1.23834670065696743E-08  1.05507443449232866E-06 -7.06737089475621298E-07
  4.4281212E-04  6.76681421543472994E-01  6.47658545705750077E-04  1.31602053310338638E-08  1.12125273876564795E-06 -7.51066331148086816E-07
  4.5631740E-04  7.13403729791079022E-01  6.82738013244306810E-04  1.39751899112263898E-08  1.19068963484255889E-06 -7.97578324481932029E-07
  4.7006575E-04  7.51608451882129547E-01  7.19227669764062045E-04  1.48299904746003255E-08  1.26351886405573443E-06 -8.46362655286462955E-07
  4.8406154E-04  7.91342275948638041E-01  7.57171515508772339E-04  1.57262370123110820E-08  1.33987930223666647E-06 -8.97512348668389452E-07
  4.9830924E-04  8.32653166594096827E-01  7.96614729746066052E-04  1.66656220265184480E-08  1.41991515118782613E-06 -9.51123997286434570E-07
  5.1281336E-04  8.75590391096756071E-01  8.37603693491083701E-04  1.76499028603640789E-08  1.50377613719892087E-06 -1.00729789432421484E-06
  5.2757854E-04  9.20204545780904826E-01  8.80186012272209431E-04  1.86809041136462777E-08  1.59161771686471839E-06 -1.06613817135384582E-06
  5.4260946E-04  9.66547582528234139E-01  9.24410538906682159E-04  1.97605201473236761E-08  1.68360129047125364E-06 -1.12775294126897986E-06
  5.5791092E-04  1.01467283539947650E+00  9.70327396251866384E-04  2.08907176800938879E-08  1.77989442322700768E-06 -1.19225444647253377E-06
  5.7348777E-04  1.06463504733452607E+00  1.01798799989585029E-03  2.20735384804112379E-08  1.88067107462568984E-06 -1.25975921251108067E-06
  5.8934497E-04  1.11649039689716911E+00  1.06744508074878199E-03  2.33111021574302571E-08  1.98611183623769405E-06 -1.33038820735488531E-06
  6.0548758E-04  1.17029652502829129E+00  1.11875270749400152E-03  2.46056090544885904E-08  2.09640417823814423E-06 -1.40426700652980874E-06
  6.2192073E-04  1.22611256176912398E+00  1.17196630885554984E-03  2.59593432488747321E-08  2.21174270499064129E-06 -1.48152596431482381E-06
  6.3864965E-04  1.28399915291359856E+00  1.22714269563600612E-03  2.73746756617621132E-08  2.33232942001744516E-06 -1.56230039122664537E-06
  6.5567965E-04  1.34401848654630940E+00  1.28434008247590211E-03  2.88540672823330316E-08  2.45837400069890315E-06 -1.64673073802108769E-06
  6.7301617E-04  1.40623431941983879E+00  1.34361810928307910E-03  3.04000725102615188E-08  2.59009408305735876E-06 -1.73496278644907211E-06
  6.9066471E-04  1.47071200312238171E+00  1.40503786227737931E-03  3.20153426208768732E-08  2.72771555699377531E-06 -1.82714784701390201E-06
  7.0863090E-04  1.53751850998360129E+00  1.46866189459293989E-03  3.37026293574867200E-08  2.87147287235868861E-06 -1.92344296398541248E-06
  7.2692044E-04  1.60672245866353847E+00  1.53455424637710669E-03  3.54647886555011149E-08  3.02160935625299229E-06 -2.02401112793586155E-06
  7.4553917E-04  1.67839413936615034E+00  1.60278046432159467E-03  3.73047845031691354E-08  3.17837754196847977E-06 -2.12902149607213324E-06
  7.6449299E-04  1.75260553861564650E+00  1.67340762055800778E-03  3.92256929439133773E-08  3.34203950999299112E-06 -2.23864962064876545E-06
  7.8378796E-04  1.82943036353026489E+00  1.74650433084615328E-03  4.12307062254303869E-08  3.51286724152043772E-06 -2.35307768575670601E-06
  8.0343020E-04  1.90894406552444740E+00  1.82214077197980656E-03  4.33231371009125581E-08  3.69114298492210185E-06 -2.47249475279342176E-06
  8.2342596E-04  1.99122386336653800E+00  1.90038869833061732E-03  4.55064232879421170E-08  3.87715963565210962E-06 -2.59709701493111754E-06
  8.4378161E-04  2.07634876551515424E+00  1.98132145744678214E-03  4.77841320908098351E-08  4.07122113007727341E-06 -2.72708806091132952E-06
  8.6450363E-04  2.16439959165325968E+00  2.06501400461887646E-03  5.01599651922210572E-08  4.27364285373935342E-06 -2.86267914850615882E-06
  8.8559861E-04  2.25545899333467004E+00  2.15154291632086055E-03  5.26377636205674773E-08  4.48475206457615731E-06 -3.00408948799871775E-06
  9.0707326E-04  2.34961147365329381E+00  2.24098640242977780E-03  5.52215128991690425E-08  4.70488833164724135E-06 -3.15154653604824790E-06
  9.2893442E-04  2.44694340584082193E+00  2.33342431712300642E-03  5.79153483841234375E-08  4.93440398992971660E-06 -3.30528630031867984E-06
  9.5118903E-04  2.54754305069384035E+00  2.42893816834711170E-03  6.07235607976411859E-08  5.17366461177025848E-06 -3.46555365526312150E-06
  9.7384420E-04  2.65150057272638673E+00  2.52761112574744276E-03  6.36506019639956379E-08  5.42304949560079716E-06 -3.63260266947109813E-06
  9.9690711E-04  2.75890805493898172E+00  2.62952802694250629E-03  6.67010907554766449E-08  5.68295217254747317E-06 -3.80669694500019158E-06
  1.0203851E-03  2.86985951208988643E+00  2.73477538202198745E-03  6.98798192560045575E-08  5.95378093158526761E-06 -3.98810996912896589E-06
  1.0442857E-03  2.98445090234897981E+00  2.84344137614189101E-03  7.31917591503411720E-08  6.23595936391459840E-06 -4.17712547898409694E-06
  1.0686164E-03  3.10278013720913703E+00  2.95561587008486741E-03  7.66420683471218715E-08  6.52992692726067428E-06 -4.37403783951099095E-06
  1.0933851E-03  3.22494708952426024E+00  3.07139039864813817E-03  8.02360978442330525E-08  6.83613953082193251E-06 -4.57915243527430195E-06
  1.1185995E-03  3.35105359953733473E+00  3.19085816671579089E-03  8.39793988453692570E-08  7.15507014162036641E-06 -4.79278607659246141E-06
  1.1442678E-03  3.48120347875584324E+00  3.31411404286632719E-03  8.78777301369252196E-08  7.48720941303385106E-06 -5.01526742052862061E-06
  1.1703980E-03  3.61550251152578150E+00  3.44125455036048454E-03  9.19370657347116491E-08  7.83306633631904796E-06 -5.24693740727949839E-06
  1.1969985E-03  3.75405845414924766E+00  3.57237785534830852E-03  9.61636028103287454E-08  8.19316891596285768E-06 -5.48814971252320033E-06
  1.2240778E-03  3.89698103138414709E+00  3.70758375212837171E-03  1.00563769907388580E-07  8.56806486973080447E-06 -5.73927121630759242E-06
  1.2516445E-03  4.04438193015807546E+00  3.84697364528584999E-03  1.05144235458149226E-07  8.95832235431252196E-06 -6.00068248908192619E-06
  1.2797073E-03  4.19637479032176586E+00  3.99065052852997162E-03  1.09911916611507401E-07  9.36453071749705610E-06 -6.27277829549632662E-06
  1.3082753E-03  4.35307519226070738E+00  4.13871896004505777E-03  1.14873988383693759E-07  9.78730127784476179E-06 -6.55596811661643708E-06
  1.3373573E-03  4.51460064117677451E+00  4.29128503416309481E-03  1.20037893143428474E-07  1.02272681328576314E-05 -6.85067669122415430E-06
  1.3669628E-03  4.68107054784460352E+00  4.44845634915950160E-03  1.25411350443723248E-07  1.06850889966865836E-05 -7.15734457689968534E-06
  1.3971012E-03  4.85260620564064737E+00  4.61034197096739286E-03  1.31002367212956635E-07  1.11614460684516382E-05 -7.47642873160547634E-06
  1.4277820E-03  5.02933076363549514E+00  4.77705239259950537E-03  1.36819248318311013E-07  1.16570469322904060E-05 -7.80840311651879364E-06
  1.4590150E-03  5.21136919553312516E+00  4.94869948906060449E-03  1.42870607515135752E-07  1.21726254902907026E-05 -8.15375932088682698E-06
  1.4908101E-03  5.39884826423350894E+00  5.12539646752720700E-03  1.49165378796291380E-07  1.27089429295051939E-05 -8.51300720970640161E-06
  1.5231775E-03  5.59189648178774501E+00  5.30725781256544127E-03  1.55712828156046125E-07  1.32667887242895827E-05 -8.88667559505950455E-06
  1.5561274E-03  5.79064406450786251E+00  5.49439922615192582E-03  1.62522565783618968E-07  1.38469816752508516E-05 -9.27531293196596437E-06
  1.5896704E-03  5.99522288298619976E+00  5.68693756225698704E-03  1.69604558702020245E-07  1.44503709861392346E-05 -9.67948803964619694E-06
  1.6238171E-03  6.20576640677221469E+00  5.88499075574405901E-03  1.76969143868402706E-07  1.50778373800655666E-05 -1.00997908491190475E-05
  1.6585784E-03  6.42240964344761789E+00  6.08867774533390464E-03  1.84627041752730777E-07  1.57302942564765292E-05 -1.05368331780936703E-05
  1.6939653E-03  6.64528907183375672E+00  6.29811839037740673E-03  1.92589370412184229E-07  1.64086888903718266E-05 -1.09912495341491051E-05
  1.7299891E-03  6.87454256905858063E+00  6.51343338117621462E-03  2.00867660079346321E-07  1.71140036753017646E-05 -1.14636979472313513E-05
  1.7666613E-03  7.11030933120377640E+00  6.73474414258633421E-03  2.09473868282883102E-07  1.78472574117393886E-05 -1.19548608325351858E-05
  1.8039935E-03  7.35272978724650894E+00  6.96217273063614184E-03  2.18420395520100831E-07  1.86095066424794016E-05 -1.24654458848767571E-05
  1.8419977E-03  7.60194550600399399E+00  7.19584172188713397E-03  2.27720101501472118E-07  1.94018470367761781E-05 -1.29961870057031648E-05
  1.8806858E-03  7.85809909578336097E+00  7.43587409526316225E-03  2.37386321987954989E-07  2.02254148249956126E-05 -1.35478452639270137E-05
  1.9200703E-03  8.12133409643393733E+00  7.68239310607203574E-03  2.47432886242681053E-07  2.10813882856196572E-05 -1.41212098918168354E-05
  1.9601636E-03  8.39179486349381776E+00  7.93552215194213983E-03  2.57874135119378796E-07  2.19709892865098093E-05 -1.47170993172193079E-05
  2.0009785E-03  8.66962644411829331E+00  8.19538463039642430E-03  2.68724939810707843E-07  2.28954848824047695E-05 -1.53363622334354028E-05
  2.0425280E-03  8.95497444447330615E+00  8.46210378778650650E-03  2.80000721280522371E-07  2.38561889706994535E-05 -1.59798787081205967E-05
  2.0848253E-03  9.24798488827379828E+00  8.73580255931129777E-03  2.91717470404958089E-07  2.48544640076270562E-05 -1.66485613326292507E-05
  2.1278840E-03  9.54880406614381805E+00  9.01660339984696434E-03  3.03891768848139766E-07  2.58917227870429212E-05 -1.73433564132747038E-05
  2.1717175E-03  9.85757837547311233E+00  9.30462810531886356E-03  3.16540810699240813E-07  2.69694302840887740E-05 -1.80652452060299809E-05
  2.2163401E-03  1.01744541504433350E+01  9.59999762435109587E-03  3.29682424898606590E-07  2.80891055660992157E-05 -1.88152451962498009E-05
  2.2617657E-03  1.04995774818966527E+01  9.90283185993574670E-03  3.43335098481655076E-07  2.92523237731979872E-05 -1.95944114250517819E-05
  2.3080089E-03  1.08330940267196141E+01  1.02132494608717338E-02  3.57518000670306973E-07  3.04607181711199953E-05 -2.04038378640538242E-05
  2.3550844E-03  1.11751488064166509E+01  1.05313676027328426E-02  3.72251007842792292E-07  3.17159822788885490E-05 -2.12446588402272529E-05
  2.4030072E-03  1.15258859945498493E+01  1.08573017581358351E-02  3.87554729413786766E-07  3.30198720740715427E-05 -2.21180505126882034E-05
  2.4517926E-03  1.18854486927254133E+01  1.11911654560926423E-02  4.03450534658006330E-07  3.43742082784403589E-05 -2.30252324033167083E-05
  2.5014559E-03  1.22539786948119769E+01  1.15330700302462043E-02  4.19960580511578832E-07  3.57808787269573277E-05 -2.39674689831610010E-05
  2.5520132E-03  1.26316162390822946E+01  1.18831243558067800E-02  4.37107840386770253E-07  3.72418408231242455E-05 -2.49460713166560359E-05
  2.6034803E-03  1.30184997479775770E+01  1.22414345750255955E-02  4.54916134036933288E-07  3.87591240838350032E-05 -2.59623987657589317E-05
  2.6558738E-03  1.34147655552031413E+01  1.26081038110650821E-02  4.73410158509874440E-07  4.03348327769886280E-05 -2.70178607561796223E-05
  2.7092103E-03  1.38205476198750663E+01  1.29832318701501182E-02  4.92615520229247483E-07  4.19711486552390127E-05 -2.81139186079657020E-05
  2.7635067E-03  1.42359772274506096E+01  1.33669149319127784E-02  5.12558768244993490E-07  4.36703337893789157E-05 -2.92520874327804545E-05
  2.8187804E-03  1.46611826771898901E+01  1.37592452278741343E-02  5.33267428695359149E-07  4.54347335049837679E-05 -3.04339381002998012E-05
  2.8750489E-03  1.50962889559134652E+01  1.41603107080413571E-02  5.54770040524562234E-07  4.72667794260730109E-05 -3.16610992762409287E-05
  2.9323301E-03  1.55414173978395258E+01  1.45701946956359810E-02  5.77096192501767392E-07  4.91689926296817327E-05 -3.29352595346266074E-05
  2.9906423E-03  1.59966853303060788E+01  1.49889755300111251E-02  6.00276561588714995E-07  5.11439869153791806E-05 -3.42581695469845347E-05
  3.0500040E-03  1.64622057052075768E+01  1.54167261978610717E-02  6.24342952705036191E-07  5.31944721939155594E-05 -3.56316443512777700E-05
  3.1104341E-03  1.69380867160021182E+01  1.58535139528760832E-02  6.49328339942104628E-07  5.53232579993315194E-05 -3.70575657034652876E-05
  3.1719519E-03  1.74244314001749174E+01  1.62993999240498740E-02  6.75266909278089223E-07  5.75332571290226565E-05 -3.85378845146956659E-05
  3.2345769E-03  1.79213372270761440E+01  1.67544387129057067E-02  7.02194102848802525E-07  5.98274894164132275E-05 -4.00746233772461541E-05
  3.2983290E-03  1.84288956710867424E+01  1.72186779799707729E-02  7.30146664830931677E-07  6.22090856410645662E-05 -4.16698791824334969E-05
  3.3632285E-03  1.89471917701049151E+01  1.76921580208973632E-02  7.59162688996262510E-07  6.46812915812172056E-05 -4.33258258338376574E-05
  3.4292961E-03  1.94763036693876117E+01  1.81749113327034952E-02  7.89281667997686965E-07  6.72474722139493276E-05 -4.50447170593037234E-05
  3.4965528E-03  2.00163021508278369E+01  1.86669621706853882E-02  8.20544544449926465E-07  6.99111160683202944E-05 -4.68288893253097980E-05
  3.5650200E-03  2.05672501477971892E+01  1.91683260966397512E-02  8.52993763870261934E-07  7.26758397370662101E-05 -4.86807648574220686E-05
  3.6347195E-03  2.11292022457372930E+01  1.96790095191259201E-02  8.86673329546875325E-07  7.55453925526143117E-05 -5.06028547706907254E-05
  3.7056734E-03  2.17022041687402627E+01  2.01990092265957183E-02  9.21628859404885314E-07  7.85236614333932251E-05 -5.25977623139811841E-05
  3.7779045E-03  2.22862922524204450E+01  2.07283119143238798E-02  9.57907644942722639E-07  8.16146759066358179E-05 -5.46681862323806714E-05
  3.8514355E-03  2.28814929034453023E+01  2.12668937061836240E-02  9.95558712314087852E-07  8.48226133140918368E-05 -5.68169242519684362E-05
  3.9262900E-03  2.34878220461631635E+01  2.18147196724304028E-02  1.03463288563351053E-06  8.81518042073073594E-05 -5.90468766913958878E-05
  4.0024917E-03  2.41052845568411591E+01  2.23717433447835831E-02  1.07518285258633520E-06  9.16067379393636038E-05 -6.13610502048819023E-05
  4.0800649E-03  2.47338736861053547E+01  2.29379062302287814E-02  1.11726323242689308E-06  9.51920684602228619E-05 -6.37625616613966085E-05
  4.1590343E-03  2.53735704702599811E+01  2.35131373251056784E-02  1.16093064645169257E-06  9.89126203230879177E-05 -6.62546421649806212E-05
  4.2394250E-03  2.60243431322514631E+01  2.40973526311949772E-02  1.20624379103756074E-06  1.02773394909449028E-04 -6.88406412213240560E-05
  4.3212626E-03  2.66861464731376010E+01  2.46904546756761614E-02  1.25326351333800535E-06  1.06779576880775681E-04 -7.15240310559183231E-05
  4.4045731E-03  2.73589212550209879E+01  2.52923320369929996E-02  1.30205288973436389E-06  1.10936540865093580E-04 -7.43084110892825497E-05
  4.4893830E-03  2.80425935765108854E+01  2.59028588788382946E-02  1.35267730714190294E-06  1.15249858386993369E-04 -7.71975125749698002E-05
  4.5757194E-03  2.87370742418863045E+01  2.65218944946515843E-02  1.40520454727461950E-06  1.19725305049925515E-04 -8.01952034062623472E-05
  4.6636097E-03  2.94422581252488769E+01  2.71492828652147612E-02  1.45970487397623742E-06  1.24368867979954728E-04 -8.33054930976792819E-05
  4.7530819E-03  3.01580235310732618E+01  2.77848522321300917E-02  1.51625112372888460E-06  1.29186753540489060E-04 -8.65325379476444693E-05
  4.8441644E-03  3.08842315526878224E+01  2.84284146901730081E-02  1.57491879945486501E-06  1.34185395327834423E-04 -8.98806463888882561E-05
  4.9368862E-03  3.16207254303487950E+01  2.90797658017285070E-02  1.63578616773124437E-06  1.39371462457793879E-04 -9.33542845333989183E-05
  5.0312769E-03  3.23673299107055854E+01  2.97386842367446252E-02  1.69893435954123708E-06  1.44751868153895544E-04 -9.69580819189844021E-05
  5.1273664E-03  3.31238506095950953E+01  3.04049314418686177E-02  1.76444747469088713E-06  1.50333778648218411E-04 -1.00696837464758754E-04
  5.2251854E-03  3.38900733802468039E+01  3.10782513426720551E-02  1.83241269002428115E-06  1.56124622406192149E-04 -1.04575525643138439E-04
  5.3247649E-03  3.46657636891295198E+01  3.17583700831185201E-02  1.90292037157522105E-06  1.62132099687147316E-04 -1.08599302876199660E-04
  5.4261367E-03  3.54506660018236204E+01  3.24449958066815036E-02  1.97606419079845892E-06  1.68364192452834813E-04 -1.12773514164541305E-04
  5.5293330E-03  3.62445031814586187E+01  3.31378184837815212E-02  2.05194124502865195E-06  1.74829174636567322E-04 -1.17103699957085098E-04
  5.6343867E-03  3.70469759024168468E+01  3.38365097904768999E-02  2.13065218232063814E-06  1.81535622786102260E-04 -1.21595603270553999E-04
  5.7413311E-03  3.78577620821667509E+01  3.45407230436146420E-02  2.21230133083021673E-06  1.88492427093859475E-04 -1.26255177067685225E-04
  5.8502003E-03  3.86765163342543445E+01  3.52500931979220847E-02  2.29699683290033052E-06  1.95708802828561528E-04 -1.31088591903560253E-04
  5.9610290E-03  3.95028694456501768E+01  3.59642369107987248E-02  2.38485078402363731E-06  2.03194302182902771E-04 -1.36102243849777182E-04
  6.0738524E-03  4.03364278818163058E+01  3.66827526808468155E-02  2.47597937685850795E-06  2.10958826552372765E-04 -1.41302762706536461E-04
  6.1887065E-03  4.11767733230284989E+01  3.74052210664598886E-02  2.57050305048209181E-06  2.19012639260924858E-04 -1.46697020513082249E-04
  6.3056277E-03  4.20234622356578527E+01  3.81312049910670220E-02  2.66854664507060873E-06  2.27366378749739584E-04 -1.52292140367313718E-04
  6.4246533E-03  4.28760254822829410E+01  3.88602501419072904E-02  2.77023956220396459E-06  2.36031072245928414E-04 -1.58095505565772132E-04
  6.5458211E-03  4.37339679746723391E+01  3.95918854694798095E-02  2.87571593099900572E-06  2.45018149928640308E-04 -1.64114769075618654E-04
  6.6691697E-03  4.45967683738373637E+01  4.03256237950805410E-02  2.98511478028301430E-06  2.54339459610659663E-04 -1.70357863350629915E-04
  6.7947384E-03  4.54638788415165962E+01  4.10609625340917495E-02  3.09858021702685305E-06  2.64007281954252828E-04 -1.76833010503681359E-04
  6.9225671E-03  4.63347248476057914E+01  4.17973845429350094E-02  3.21626161126501014E-06  2.74034346240695605E-04 -1.83548732848630615E-04
  7.0526965E-03  4.72087050381941680E+01  4.25343590978282116E-02  3.33831378773809775E-06  2.84433846713625000E-04 -1.90513863824984318E-04
  7.1851680E-03  4.80851911690068903E+01  4.32713430136991983E-02  3.46489722450192478E-06  2.95219459517090822E-04 -1.97737559319214609E-04
  7.3200238E-03  4.89635281091827608E+01  4.40077819118012484E-02  3.59617825875600283E-06  3.06405360249941089E-04 -2.05229309397086100E-04
  7.4573067E-03  4.98430339204338893E+01  4.47431116447421715E-02  3.73232930015366979E-06  3.18006242158968839E-04 -2.12998950461882778E-04
  7.5970605E-03  5.07230000167393698E+01  4.54767598877792237E-02  3.87352905186536601E-06  3.30037334994052664E-04 -2.21056677853948583E-04
  7.7393296E-03  5.16026914098146108E+01  4.62081479053384619E-02  4.01996273967656004E-06  3.42514424549384994E-04 -2.29413058907521365E-04
  7.8841592E-03  5.24813470456719102E+01  4.69366925017877940E-02  4.17182234941195626E-06  3.55453872915744231E-04 -2.38079046481410960E-04
  8.0315956E-03  5.33581802376423937E+01  4.76618081655218323E-02  4.32930687298817377E-06  3.68872639469684197E-04 -2.47065992980666151E-04
  8.1816856E-03  5.42323792012623969E+01  4.83829094153986131E-02  4.49262256340814175E-06  3.82788302626458081E-04 -2.56385664887001392E-04
  8.3344769E-03  5.51031076964394302E+01  4.90994133584980452E-02  4.66198319902164777E-06  3.97219082384462458E-04 -2.66050257816382869E-04
  8.4900181E-03  5.59695057822963449E+01  4.98107424680437130E-02  4.83761035738836317E-06  4.12183863690005847E-04 -2.76072412122843158E-04
  8.6483589E-03  5.68306906900508366E+01  5.05163275901371264E-02  5.01973369909180645E-06  4.27702220652257715E-04 -2.86465229068279931E-04
  8.8095495E-03  5.76857578192139471E+01  5.12156111876907322E-02  5.20859126186528137E-06  4.43794441639309121E-04 -2.97242287578698184E-04
  8.9736412E-03  5.85337818622847337E+01  5.19080508296042992E-02  5.40442976540401413E-06  4.60481555287421294E-04 -3.08417661608099806E-04
  9.1406863E-03  5.93738180629781667E+01  5.25931229328044231E-02  5.60750492725109855E-06  4.77785357456685718E-04 -3.20005938131976613E-04
  9.3107379E-03  6.02049036128422443E+01  5.32703267642489070E-02  5.81808179015914272E-06  4.95728439167557430E-04 -3.32022235793164250E-04
  9.4838502E-03  6.10260591909014778E+01  5.39391887093784786E-02  6.03643506134371448E-06  5.14334215553943698E-04 -3.44482224223614786E-04
  9.6600782E-03  6.18362906506981034E+01  5.45992668127731270E-02  6.26284946406013538E-06  5.33626955869871689E-04 -3.57402144066510123E-04
  9.8394779E-03  6.26345908587951428E+01  5.52501555959259982E-02  6.49762010195047284E-06  5.53631814588068398E-04 -3.70798827723998266E-04
  1.0022107E-02  6.34199416884428260E+01  5.58914911560788180E-02  6.74105283662391869E-06  5.74374863630215953E-04 -3.84689720856749905E-04
  1.0208022E-02  6.41913161717028373E+01  5.65229565489604735E-02  6.99346467895046925E-06  5.95883125770073243E-04 -3.99092904662472464E-04
  1.0397284E-02  6.49476808128585219E+01  5.71442874570224635E-02  7.25518419456517305E-06  6.18184609252170987E-04 -4.14027118961481967E-04
  1.0589952E-02  6.56879980654182276E+01  5.77552781433665688E-02  7.52655192409815815E-06  6.41308343670334534E-04 -4.29511786118451247E-04
  1.0786088E-02  6.64112289744396662E+01  5.83557876899983632E-02  7.80792081866448395E-06  6.65284417151913851E-04 -4.45567035830488165E-04
  1.0985754E-02  6.71163359852618981E+01  5.89457465173084255E-02  8.09965669116675649E-06  6.90144014895260221E-04 -4.62213730812769080E-04
  1.1189013E-02  6.78022859190280229E+01  5.95251631797699271E-02  8.40213868398398486E-06  7.15919459109735554E-04 -4.79473493414089326E-04
  1.1395931E-02  6.84680531146123883E+01  6.00941314307401400E-02  8.71575975364043278E-06  7.42644250409335831E-04 -4.97368733195823918E-04
  1.1606573E-02  6.91126227357319607E+01  6.06528375469534420E-02  9.04092717306987039E-06  7.70353110712869741E-04 -5.15922675509006843E-04
  1.1821007E-02  6.97349942411184713E+01  6.12015679007871932E-02  9.37806305211295805E-06  7.99082027705571240E-04 -5.35159391105463449E-04
  1.2039299E-02  7.03341850146583880E+01  6.17407167656617642E-02  9.72760487690821345E-06  8.28868300919023498E-04 -5.55103826820214550E-04
  1.2261521E-02  7.09092341513674853E+01  6.22707943369940967E-02  1.00900060688613778E-05  8.59750589488363017E-04 -5.75781837363708031E-04
  1.2487742E-02  7.14592063939600877E+01  6.27924349479553751E-02  1.04657365639020716E-05  8.91768961647851442E-04 -5.97220218263777038E-04
  1.2718035E-02  7.19831962135962868E+01  6.33064054558792888E-02  1.08552834127629866E-05  9.24964946028191998E-04 -6.19446739998684675E-04
  1.2952472E-02  7.24803320271483074E+01  6.38136137715277635E-02  1.12591514030425860E-05  9.59381584821212001E-04 -6.42490183364044227E-04
  1.3191129E-02  7.29497805420188570E+01  6.43151174995392622E-02  1.16778637038404801E-05  9.95063488879998140E-04 -6.66380376117952158E-04
  1.3434082E-02  7.33907512181729658E+01  6.48121326542613202E-02  1.21119625337826734E-05  1.03205689482501308E-03 -6.91148230950234784E-04
  1.3681407E-02  7.38025008356135288E+01  6.53060424108024007E-02  1.25620098532833751E-05  1.07040972422931782E-03 -7.16825784823324204E-04
  1.3933183E-02  7.41843381540447950E+01  6.57984058465341110E-02  1.30285880819209335E-05  1.11017164495870826E-03 -7.43446239733996472E-04
  1.4189491E-02  7.45356286499272898E+01  6.62909666234322292E-02  1.35123008418365757E-05  1.15139413474531931E-03 -7.71044004946895133E-04
  1.4450413E-02  7.48557993145451093E+01  6.67856615565771694E-02  1.40137737280979077E-05  1.19413054707615917E-03 -7.99654740752622989E-04
  1.4716030E-02  7.51443434950802924E+01  6.72846290088463389E-02  1.45336551070026836E-05  1.23843617948098594E-03 -8.29315403804997643E-04
  1.4986428E-02  7.54008257590339923E+01  6.77902170463377945E-02  1.50726169433336366E-05  1.28436834430704287E-03 -8.60064294094021824E-04
  1.5261692E-02  7.56248867606516910E+01  6.83049912833835898E-02  1.56313556576116141E-05  1.33198644207138477E-03 -8.91941103613105228E-04
  1.5541911E-02  7.58162480863167190E+01  6.88317423401598322E-02  1.62105930144317620E-05  1.38135203748481405E-03 -9.24986966781126329E-04
  1.5827174E-02  7.59747170541755139E+01  6.93734928299059445E-02  1.68110770430069149E-05  1.43252893824494134E-03 -9.59244512682071431E-04
  1.6117570E-02  7.61001914415671479E+01  6.99335037866569975E-02  1.74335829910821343E-05  1.48558327669940336E-03 -9.94757919187163643E-04
  1.6413193E-02  7.61926641121585391E+01  7.05152804381993792E-02  1.80789143134269634E-05  1.54058359448401962E-03 -1.03157296902669647E-03
  1.6714137E-02  7.62522275130485809E+01  7.11225772227281200E-02  1.87479036961549075E-05  1.59760093024450016E-03 -1.06973710788113769E-03
  1.7020498E-02  7.62790780105162156E+01  7.17594019414509871E-02  1.94414141181641470E-05  1.65670891055425267E-03 -1.10929950456346025E-03
  1.7332372E-02  7.62735200315642317E+01  7.24300189332061917E-02  2.01603399510411841E-05  1.71798384414507217E-03 -1.15031111336725222E-03
  1.7649859E-02  7.62359699769692298E+01  7.31389511510901896E-02  2.09056080988156399E-05  1.78150481957164595E-03 -1.19282473865765250E-03
  1.7973061E-02  7.61669598702056447E+01  7.38909810151959501E-02  2.16781791790060082E-05  1.84735380643540558E-03 -1.23689510178495330E-03
  1.8302080E-02  7.60671407053920348E+01  7.46911499099086468E-02  2.24790487464460338E-05  1.91561576029768295E-03 -1.28257891040337003E-03
  1.8637020E-02  7.59372854563232806E+01  7.55447561888742819E-02  2.33092485614363429E-05  1.98637873141709964E-03 -1.32993493028044345E-03
  1.8977989E-02  7.57782917077324356E+01  7.64573515458315534E-02  2.41698479038200813E-05  2.05973397745089258E-03 -1.37902405968541347E-03
  1.9325095E-02  7.55911838691839364E+01  7.74347356050720387E-02  2.50619549346397616E-05  2.13577608026520489E-03 -1.42990940644804974E-03
  1.9678448E-02  7.53771149314658686E+01  7.84829485814693417E-02  2.59867181070905269E-05  2.21460306700451554E-03 -1.48265636778246524E-03
  2.0038160E-02  7.51373677250386294E+01  7.96082618569028816E-02  2.69453276285471867E-05  2.29631653557603151E-03 -1.53733271297378437E-03
  2.0404347E-02  7.48733556400388096E+01  8.08171663176142502E-02  2.79390169755064308E-05  2.38102178471063077E-03 -1.59400866902889983E-03
  2.0777125E-02  7.45866227675514324E+01  8.21163582956982857E-02  2.89690644633499243E-05  2.46882794876775126E-03 -1.65275700939592580E-03
  2.1156612E-02  7.42788434223706417E+01  8.35127229576790586E-02  3.00367948729034752E-05  2.55984813745794735E-03 -1.71365314586066045E-03
  2.1542929E-02  7.39518210083003424E+01  8.50133149840951174E-02  3.11435811358370127E-05  2.65419958066311990E-03 -1.77677522373195871E-03
  2.1936199E-02  7.36074861882093643E+01  8.66253363863642156E-02  3.22908460810241682E-05  2.75200377854121830E-03 -1.84220422043182455E-03
  2.2336547E-02  7.32478943225889765E+01  8.83561113110692131E-02  3.34800642440539562E-05  2.85338665710889103E-03 -1.91002404760984507E-03
  2.2744101E-02  7.28752221422670772E+01  9.02130576873621248E-02  3.47127637421668222E-05  2.95847872950291127E-03 -1.98032165690574481E-03
  2.3158990E-02  7.24917636232434717E+01  9.22036555805903768E-02  3.59905282169679878E-05  3.06741526312856710E-03 -2.05318714948798855E-03
  2.3581346E-02  7.20999250343363798E+01  9.43354121246653410E-02  3.73149988473532330E-05  3.18033645291079109E-03 -2.12871388950059727E-03
  2.4011304E-02  7.17022191314834316E+01  9.66158229172966176E-02  3.86878764351707800E-05  3.29738760087198730E-03 -2.20699862155489561E-03
  2.4449000E-02  7.13012584761374200E+01  9.90523297761653071E-02  4.01109235662307429E-05  3.41871930226859662E-03 -2.28814159240736019E-03
  2.4894575E-02  7.08997478592459771E+01  1.01652274770574064E-01  4.15859668493683373E-05  3.54448763852727514E-03 -2.37224667696957778E-03
  2.5348168E-02  7.05004758168069543E+01  1.04422850462248390E-01  4.31148992363603224E-05  3.67485437723022966E-03 -2.45942150880102024E-03
  2.5809926E-02  7.01063052279554881E+01  1.07371046310926144E-01  4.46996824255951999E-05  3.80998717940867664E-03 -2.54977761524043459E-03
  2.6279994E-02  6.97201629919612316E+01  1.10503591225292921E-01  4.63423493525006613E-05  3.95005981441308700E-03 -2.64343055733682556E-03
  2.6758523E-02  6.93450287863877435E+01  1.13826892267839319E-01  4.80450067698353890E-05  4.09525238263855427E-03 -2.74050007474610198E-03
  2.7245665E-02  6.89839229149855555E+01  1.17346969553424996E-01  4.98098379210645280E-05  4.24575154639429166E-03 -2.84111023576510404E-03
  2.7741574E-02  6.86398932606392407E+01  1.21069387415839752E-01  5.16391053101513444E-05  4.40175076921690313E-03 -2.94538959268022399E-03
  2.8246409E-02  6.83160013658513350E+01  1.24999181954513594E-01  5.35351535712130192E-05  4.56345056393812377E-03 -3.05347134261353117E-03
  2.8760329E-02  6.80153076708000270E+01  1.29140785114799012E-01  5.55004124416124593E-05  4.73105874982952205E-03 -3.16549349405530677E-03
  2.9283500E-02  6.77408559469261320E+01  1.33497945499960274E-01  5.75373998421810338E-05  4.90479071915842033E-03 -3.28159903927785490E-03
  2.9816086E-02  6.74956569722612869E+01  1.38073646161160135E-01  5.96487250683999150E-05  5.08486971350211557E-03 -3.40193613283182967E-03
  3.0358259E-02  6.72826715032628186E+01  1.42870019663332598E-01  6.18370920964980822E-05  5.27152711018009229E-03 -3.52665827633248620E-03
  3.0910189E-02  6.71047926067403608E+01  1.47888260779849900E-01  6.41053030085659892E-05  5.46500271917753529E-03 -3.65592450974997017E-03
  3.1472053E-02  6.69648274244939188E+01  1.53128537227296191E-01  6.64562615409283074E-05  5.66554509094763323E-03 -3.78989960942450370E-03
  3.2044030E-02  6.68654784524873094E+01  1.58589898913407468E-01  6.88929767601630984E-05  5.87341183549421227E-03 -3.92875429303401417E-03
  3.2626301E-02  6.68093244256977243E+01  1.64270186236261467E-01  7.14185668713121112E-05  6.08886995315176694E-03 -4.07266543174899555E-03
  3.3219052E-02  6.67988009091476727E+01  1.70165938041008324E-01  7.40362631629816481E-05  6.31219617749530140E-03 -4.22181626981646494E-03
  3.3822472E-02  6.68361807049658836E+01  1.76272299911668512E-01  7.67494140942001933E-05  6.54367733082896266E-03 -4.37639665182240536E-03
  3.4436752E-02  6.69235541945603813E+01  1.82582933549579690E-01  7.95614895280632198E-05  6.78361069271892544E-03 -4.53660325788942439E-03
  3.5062088E-02  6.70628097440178692E+01  1.89089928066590585E-01  8.24760851173730034E-05  7.03230438205386128E-03 -4.70263984707418141E-03
  3.5698679E-02  6.72556143095721808E+01  1.95783714099602768E-01  8.54969268476617124E-05  7.29007775313458579E-03 -4.87471750923710624E-03
  3.6346728E-02  6.75033943882838088E+01  2.02652981732867526E-01  8.86278757431681449E-05  7.55726180631307188E-03 -5.05305492566466858E-03
  3.7006440E-02  6.78073174666479588E+01  2.09684603294676253E-01  9.18729327415330219E-05  7.83419961372100113E-03 -5.23787863873287265E-03
  3.7678026E-02  6.81682741276194406E+01  2.16863562174630570E-01  9.52362437431768406E-05  8.12124676064851676E-03 -5.42942333090896609E-03
  3.8361699E-02  6.85868609818447226E+01  2.24172888885246530E-01  9.87221048415240471E-05  8.41877180315470618E-03 -5.62793211339662845E-03
  3.9057677E-02  6.90633645942673695E+01  2.31593605665742192E-01  1.02334967740452579E-04  8.72715674251387831E-03 -5.83365682473872653E-03
  3.9766182E-02  6.95977465821934658E+01  2.39104680994879498E-01  1.06079445365561649E-04  9.04679751712431438E-03 -6.04685833970029698E-03
  4.0487438E-02  7.01896300631855041E+01  2.46682995441971337E-01  1.09960317676080548E-04  9.37810451253036359E-03 -6.26780688876353142E-03
  4.1221676E-02  7.08382876328749376E+01  2.54303320338894079E-01  1.13982537684463231E-04  9.72150309023308949E-03 -6.49678238857506318E-03
  4.1969128E-02  7.15426310528610401E+01  2.61938310799397389E-01  1.18151237690961356E-04  1.00774341359908884E-02 -6.73407478369538251E-03
  4.2730034E-02  7.23012028273437437E+01  2.69558514643413960E-01  1.22471735740710110E-04  1.04463546283382162E-02 -6.97998440000922264E-03
  4.3504634E-02  7.31121698439021230E+01  2.77132398801651914E-01  1.26949542311112447E-04  1.08287382280780938E-02 -7.23482231016474645E-03
  4.4293176E-02  7.39733192487740610E+01  2.84626394777696079E-01  1.31590367237573852E-04  1.12250758895336214E-02 -7.49891071141910344E-03
  4.5095910E-02  7.48820567200020122E+01  2.92004964729323802E-01  1.36400126885902266E-04  1.16358764943732262E-02 -7.77258331627680814E-03
  4.5913092E-02  7.58354072928007810E+01  2.99230689695965169E-01  1.41384951579972819E-04  1.20616675088564274E-02 -8.05618575631720200E-03
  4.6744982E-02  7.68300188804036424E+01  3.06264381443458522E-01  1.46551193293533577E-04  1.25029956653788417E-02 -8.35007599961616956E-03
  4.7591844E-02  7.78621686204216417E+01  3.13065219318869659E-01  1.51905433615326645E-04  1.29604276692292866E-02 -8.65462478217683684E-03
  4.8453949E-02  7.89277721614031407E+01  3.19590913405677468E-01  1.57454491997005731E-04  1.34345509315077129E-02 -8.97021605379343806E-03
  4.9331570E-02  8.00223959868433496E+01  3.25797895141761940E-01  1.63205434293628980E-04  1.39259743291882034E-02 -9.29724743878118480E-03
  5.0224986E-02  8.11412728544171102E+01  3.31641536408135540E-01  1.69165581606840472E-04  1.44353289933506664E-02 -9.63613071201462924E-03
  5.1134482E-02  8.22793204067563124E+01  3.37076397914024328E-01  1.75342519441171543E-04  1.49632691266437974E-02 -9.98729229072548193E-03
  5.2060348E-02  8.34311629867254396E+01  3.42056507492562334E-01  1.81744107184237763E-04  1.55104728510839195E-02 -1.03511737425199639E-02
  5.3002878E-02  8.45911566649200068E+01  3.46535668679797737E-01  1.88378487921948617E-04  1.60776430873365156E-02 -1.07282323100838049E-02
  5.3962371E-02  8.57534174600810957E+01  3.50467799676831337E-01  1.95254098600205675E-04  1.66655084666728279E-02 -1.11189414530514334E-02
  5.4939134E-02  8.69118527043485329E+01  3.53807302489818121E-01  2.02379680544936168E-04  1.72748242768404718E-02 -1.15237914075240425E-02
  5.5933476E-02  8.80601954748744902E+01  3.56509461704692554E-01  2.09764290352672033E-04  1.79063734431349902E-02 -1.19432897637279309E-02
  5.6945715E-02  8.91920419814182281E+01  3.58530871982763899E-01  2.17417311164278069E-04  1.85609675460103110E-02 -1.23779620623121304E-02
  5.7976173E-02  9.03008917663401434E+01  3.59829892960231046E-01  2.25348464334830918E-04  1.92394478766191382E-02 -1.28283524097907407E-02
  5.9025177E-02  9.13801905391385532E+01  3.60367129800293839E-01  2.33567821513039759E-04  1.99426865317278192E-02 -1.32950241136407504E-02
  6.0093061E-02  9.24233754326102428E+01  3.60105937182633951E-01  2.42085817144030294E-04  2.06715875495089157E-02 -1.37785603375718772E-02
  6.1180165E-02  9.34239224321790687E+01  3.59012944023976155E-01  2.50913261409722985E-04  2.14270880877725639E-02 -1.42795647774887589E-02
  6.2286835E-02  9.43753956942678656E+01  3.57058595708317272E-01  2.60061353621484216E-04  2.22101596462615722E-02 -1.47986623586701636E-02
  6.3413424E-02  9.52714984341615718E+01  3.54217710069974212E-01  2.69541696080153302E-04  2.30218093346973469E-02 -1.53364999546912063E-02
  6.4560288E-02  9.61061250290057529E+01  3.50470042821377836E-01  2.79366308419015663E-04  2.38630811883329824E-02 -1.58937471286169918E-02
  6.5727795E-02  9.68734139478246590E+01  3.45800857555821406E-01  2.89547642445750323E-04  2.47350575328390103E-02 -1.64710968969961208E-02
  6.6916314E-02  9.75678010881513700E+01  3.40201494889288414E-01  3.00098597499840998E-04  2.56388604004197905E-02 -1.70692665171806798E-02
  6.8126225E-02  9.81840730684979093E+01  3.33669934742010454E-01  3.11032536342433993E-04  2.65756529991355087E-02 -1.76889982984977066E-02
  6.9357912E-02  9.87174199979237414E+01  3.26211345207419623E-01  3.22363301596097207E-04  2.75466412374828565E-02 -1.83310604377917019E-02
  7.0611767E-02  9.91634872188776342E+01  3.17838610922392517E-01  3.34105232752451820E-04  2.85530753063711201E-02 -1.89962478798529760E-02
  7.1888189E-02  9.95184254977930323E+01  3.08572833347752762E-01  3.46273183766126959E-04  2.95962513207149447E-02 -1.96853832032368725E-02
  7.3187585E-02  9.97789391201189346E+01  2.98443794902335802E-01  3.58882541254017934E-04  3.06775130229556166E-02 -2.03993175319699127E-02
  7.4510367E-02  9.99423313330835867E+01  2.87490378478751807E-01  3.71949243319344436E-04  3.17982535509162209E-02 -2.11389314736257182E-02
  7.5856958E-02  1.00006546571022596E+02  2.75760933516189133E-01  3.85489799020517429E-04  3.29599172724918885E-02 -2.19051360842376711E-02
  7.7227784E-02  9.99702088950580219E+01  2.63313579527694408E-01  3.99521308505362490E-04  3.41640016897785948E-02 -2.26988738604974212E-02
  7.8623283E-02  9.98326560817678228E+01  2.50216437789301194E-01  4.14061483831792629E-04  3.54120594153505552E-02 -2.35211197596674436E-02
  8.0043898E-02  9.95939688046884442E+01  2.36547781809415103E-01  4.29128670496534300E-04  3.67057002235035013E-02 -2.43728822476094210E-02
  8.1490082E-02  9.92549943684635707E+01  2.22396097222384820E-01  4.44741869694078055E-04  3.80465931793984025E-02 -2.52552043753030420E-02
  8.2962295E-02  9.88173644785554330E+01  2.07860041903509096E-01  4.60920761328555020E-04  3.94364688491576840E-02 -2.61691648841960722E-02
  8.4461005E-02  9.82835065599871456E+01  1.93048297396786306E-01  4.77685727801795872E-04  4.08771215940924165E-02 -2.71158793406903395E-02
  8.5986689E-02  9.76566481768227561E+01  1.78079303193881794E-01  4.95057878601350664E-04  4.23704119523651904E-02 -2.80965013000246885E-02
  8.7539833E-02  9.69408141501864122E+01  1.63080866014498033E-01  5.13059075712807289E-04  4.39182691115316895E-02 -2.91122234997701762E-02
  8.9120930E-02  9.61408160266370544E+01  1.48189637024800119E-01  5.31711959881289611E-04  4.55226934755429968E-02 -3.01642790830994635E-02
  9.0730485E-02  9.52622336106197878E+01  1.33550450900402073E-01  5.51039977747513616E-04  4.71857593299354547E-02 -3.12539428519322537E-02
  9.2369008E-02  9.43113883443542704E+01  1.19315521800337693E-01  5.71067409884341826E-04  4.89096176090905513E-02 -3.23825325499943750E-02
  9.4037022E-02  9.32953083956132190E+01  1.05643492672808911E-01  5.91819399760254786E-04  5.06964987696013544E-02 -3.35514101757534780E-02
  9.5735058E-02  9.22216853979625029E+01  9.26983358640123961E-02  6.13321983656696249E-04  5.25487157739519262E-02 -3.47619833251158125E-02
  9.7463655E-02  9.10988228785998899E+01  8.06481047466478113E-02  6.35602121566685406E-04  5.44686671888823248E-02 -3.60157065636763224E-02
  9.9223364E-02  8.99355765052034997E+01  6.96635380200536919E-02  6.58687729102592568E-04  5.64588404029938359E-02 -3.73140828282185963E-02
  1.0101474E-01  8.87412863842732662E+01  5.99165204508133667E-02  6.82607710441414904E-04  5.85218149683338837E-02 -3.86586648570526117E-02
  1.0283837E-01  8.75257017482425823E+01  5.15784061085340778E-02  7.07391992336278827E-04  6.06602660708902008E-02 -4.00510566486582884E-02
  1.0469481E-01  8.62988984759139441E+01  4.48182125893386990E-02  7.33071559223312584E-04  6.28769681351269705E-02 -4.14929149479742465E-02
  1.0658467E-01  8.50711899991295581E+01  3.98006972876499762E-02  7.59678489453395741E-04  6.51747985679019953E-02 -4.29859507595295245E-02
  1.0850854E-01  8.38530322565028001E+01  3.66843294481980220E-02  7.87245992678560014E-04  6.75567416473181193E-02 -4.45319308864581889E-02
  1.1046703E-01  8.26549234608618661E+01  3.56191744724607476E-02  8.15808448423157228E-04  7.00258925622883749E-02 -4.61326794942703636E-02
  1.1246078E-01  8.14872995491197116E+01  3.67447097287392499E-02  8.45401445870067828E-04  7.25854616088224269E-02 -4.77900796980659098E-02
  1.1449041E-01  8.03604262798514810E+01  4.01875938785448625E-02  8.76061824892461764E-04  7.52387785492858313E-02 -4.95060751716787095E-02
  1.1655657E-01  7.92842890332851482E+01  4.60594144337489117E-02  9.07827718361663171E-04  7.79892971411268315E-02 -5.12826717770181600E-02
  1.1865992E-01  7.82684814492044012E+01  5.44544408434883692E-02  9.40738595761753506E-04  8.08405998418255112E-02 -5.31219392116394143E-02
  1.2080112E-01  7.73220941089742269E+01  6.54474128176208286E-02  9.74835308141517795E-04  8.37964026970847847E-02 -5.50260126723167986E-02
  1.2298087E-01  7.64536045275156084E+01  7.90913957634790388E-02  1.01016013443416862E-03  8.68605604195530623E-02 -5.69970945321139483E-02
  1.2519984E-01  7.56707697685541518E+01  9.54157370855425180E-02  1.04675682917512117E-03  9.00370716656529319E-02 -5.90374560281448010E-02
  1.2745875E-01  7.49805230311860100E+01  1.14424158620238650E-01  1.08467067164773768E-03  9.33300845183789585E-02 -6.11494389568916497E-02
  1.2975832E-01  7.43888755770777976E+01  1.36093021607508052E-01  1.12394851648655821E-03  9.67439021842257107E-02 -6.33354573735954024E-02
  1.3209927E-01  7.39008253748163924E+01  1.60369801307380933E-01  1.16463884576693648E-03  1.00282988912711105E-01 -6.55979992918502008E-02
  1.3448236E-01  7.35202738302968442E+01  1.87171808637644876E-01  1.20679182260932834E-03  1.03951976147273736E-01 -6.79396283791250111E-02
  1.3690834E-01  7.32499519486820390E+01  2.16385196032171989E-01  1.25045934632565521E-03  1.07755668916645550E-01 -7.03629856434941359E-02
  1.3937798E-01  7.30913572322273950E+01  2.47864284096424775E-01  1.29569510913408537E-03  1.11699052476119387E-01 -7.28707911063769948E-02
  1.4189208E-01  7.30447025649389303E+01  2.81431244557880766E-01  1.34255465446744349E-03  1.15787299208470681E-01 -7.54658454555796332E-02
  1.4445142E-01  7.31088782499170549E+01  3.16876173446157872E-01  1.39109543689903492E-03  1.20025775794621412E-01 -7.81510316723747489E-02
  1.4705682E-01  7.32814282665464418E+01  3.53957586329774754E-01  1.44137688370807554E-03  1.24420050664480447E-01 -8.09293166257682023E-02
  1.4970912E-01  7.35585416932187144E+01  3.92403364677385846E-01  1.49346045810504311E-03  1.28975901738728221E-01 -8.38037526264596849E-02
  1.5240916E-01  7.39350600772825715E+01  4.31912178842719152E-01  1.54740972413519020E-03  1.33699324472662029E-01 -8.67774789323250695E-02
  1.5515779E-01  7.44045013376034206E+01  4.72155408594485460E-01  1.60329041327608637E-03  1.38596540213559521E-01 -8.98537231965177291E-02
  1.5795589E-01  7.49591005503545205E+01  5.12779576325603559E-01  1.66117049274230595E-03  1.43674004883349193E-01 -9.30358028484982308E-02
  1.6080435E-01  7.55898676931882250E+01  5.53409300961034134E-01  1.72112023550742696E-03  1.48938417998718126E-01 -9.63271263974668362E-02
  1.6370408E-01  7.62866621305608987E+01  5.93650772190910780E-01  1.78321229205011277E-03  1.54396732041107709E-01 -9.97311946467767385E-02
  1.6665600E-01  7.70382833385811381E+01  6.33095735252145353E-01  1.84752176382722518E-03  1.60056162189358697E-01 -1.03251601806943691E-01
  1.6966105E-01  7.78325771034830467E+01  6.71325966504009775E-01  1.91412627847280942E-03  1.65924196428071324E-01 -1.06892036493849499E-01
  1.7272018E-01  7.86565562065602677E+01  7.07918209957821731E-01  1.98310606671706644E-03  1.72008606045019385E-01 -1.10656282597641153E-01
  1.7583437E-01  7.94965344244967298E+01  7.42449535062054800E-01  2.05454404101434963E-03  1.78317456531218471E-01 -1.14548220006668783E-01
  1.7900462E-01  8.03382725139028224E+01  7.74503066528246631E-01  2.12852587586349505E-03  1.84859118897471197E-01 -1.18571825169561496E-01
  1.8223192E-01  8.11671346938812945E+01  8.03674027743452646E-01  2.20514008979751271E-03  1.91642281421403271E-01 -1.22731171477224565E-01
  1.8551731E-01  8.19682539772198311E+01  8.29576030229234207E-01  2.28447812901290620E-03  1.98675961839163445E-01 -1.27030429445143173E-01
  1.8886183E-01  8.27267045263516820E+01  8.51847532630277460E-01  2.36663445260112872E-03  2.05969519996046790E-01 -1.31473866674882173E-01
  1.9226654E-01  8.34276790318786112E+01  8.70158383949988790E-01  2.45170661933656999E-03  2.13532670970356858E-01 -1.36065847572099829E-01
  1.9573253E-01  8.40566689425236007E+01  8.84216357439402301E-01  2.53979537596625733E-03  2.21375498684790062E-01 -1.40810832796714913E-01
  1.9926091E-01  8.45996452305321043E+01  8.93773574019012695E-01  2.63100474693664464E-03  2.29508470019529842E-01 -1.45713378419098011E-01
  2.0285279E-01  8.50432372681004978E+01  8.98632707720089963E-01  2.72544212548188032E-03  2.37942449441036430E-01 -1.50778134754281007E-01
  2.0650931E-01  8.53749073264684597E+01  8.98652860688991972E-01  2.82321836598619985E-03  2.46688714160226724E-01 -1.56009844844197665E-01
  2.1023165E-01  8.55831181936953556E+01  8.93754992058728770E-01  2.92444787752024586E-03  2.55758969833328909E-01 -1.61413342555887712E-01
  2.1402098E-01  8.56574914397613156E+01  8.83926783641592606E-01  3.02924871843691327E-03  2.65165366818130743E-01 -1.66993550261382240E-01
  2.1787852E-01  8.55889539359854297E+01  8.69226826061346602E-01  3.13774269189721075E-03  2.74920516997645692E-01 -1.72755476062682989E-01
  2.2180548E-01  8.53698703560299066E+01  8.49788011708549451E-01  3.25005544218004167E-03  2.85037511182344494E-01 -1.78704210522812018E-01
  2.2580312E-01  8.49941595439104987E+01  8.25820025828524540E-01  3.36631655161164682E-03  2.95529937101003282E-01 -1.84844922861347294E-01
  2.2987272E-01  8.44573928266864442E+01  7.97610834183410056E-01  3.48665963793115151E-03  3.06411897988938309E-01 -1.91182856570196541E-01
  2.3401555E-01  8.37568725725211607E+01  7.65527075099351473E-01  3.61122245188728614E-03  3.17698031780826506E-01 -1.97723324402553108E-01
  2.3823295E-01  8.28916895455366785E+01  7.30013275331446443E-01  3.74014697483866006E-03  3.29403530913488451E-01 -2.04471702685071283E-01
  2.4252626E-01  8.18627578843669284E+01  6.91589823041931284E-01  3.87357951610492945E-03  3.41544162741844015E-01 -2.11433424900244554E-01
  2.4689684E-01  8.06728268284456931E+01  6.50849647247947805E-01  4.01167080978956630E-03  3.54136290568743628E-01 -2.18613974482821799E-01
  2.5134608E-01  7.93264686314905276E+01  6.08453571270265114E-01  4.15457611076597809E-03  3.67196895286488523E-01 -2.26018876770820054E-01
  2.5587540E-01  7.78300424316866213E+01  5.65124327873080978E-01  4.30245528948724597E-03  3.80743597624475183E-01 -2.33653690048297807E-01
  2.6048624E-01  7.61916341887596502E+01  5.21639245744685454E-01  4.45547292524626874E-03  3.94794680993584612E-01 -2.41523995613572101E-01
  2.6518007E-01  7.44209731452145604E+01  4.78821640489935252E-01  4.61379839747642559E-03  4.09369114913530674E-01 -2.49635386802964598E-01
  2.6995838E-01  7.25293256180646040E+01  4.37530968088213401E-01  4.77760597464394008E-03  4.24486579004399456E-01 -2.57993456896499496E-01
  2.7482268E-01  7.05293672737946622E+01  3.98651824451799919E-01  4.94707490024054192E-03  4.40167487517920897E-01 -2.66603785828210871E-01
  2.7977454E-01  6.84350353783892018E+01  3.63081900871730701E-01  5.12238947533976124E-03  4.56433014377612967E-01 -2.75471925619925118E-01
  2.8481552E-01  6.62613628412074718E+01  3.31719031270215181E-01  5.30373913713130633E-03  4.73305118689704429E-01 -2.84603384453536556E-01
  2.8994724E-01  6.40242961813951013E+01  3.05447492740253290E-01  5.49131853279510949E-03  4.90806570678569420E-01 -2.94003609292922130E-01
  2.9517131E-01  6.17404998333170809E+01  2.85123745244263815E-01  5.68532758802039930E-03  5.08960977991291474E-01 -3.03677966962801860E-01
  3.0048940E-01  5.94271494679023817E+01  2.71561818930293963E-01  5.88597156941425385E-03  5.27792812305705850E-01 -3.13631723588025935E-01
  3.0590322E-01  5.71017172342265198E+01  2.65518577662120947E-01  6.09346113997917636E-03  5.47327436164838366E-01 -3.23870022293047399E-01
  3.1141447E-01  5.47817520141645602E+01  2.67679104424137559E-01  6.30801240676912098E-03  5.67591129947866202E-01 -3.34397859057700031E-01
  3.1702491E-01  5.24846579261169950E+01  2.78642467685924988E-01  6.52984695975863602E-03  5.88611118873521910E-01 -3.45220056621957705E-01
  3.2273634E-01  5.02274744047715487E+01  2.98908137119435424E-01  6.75919190087982680E-03  6.10415599916076079E-01 -3.56341236329116184E-01
  3.2855056E-01  4.80266612153387840E+01  3.28863321892437388E-01  6.99627986209547421E-03  6.33033768496497729E-01 -3.67765787793863153E-01
  3.3446942E-01  4.58978917251593614E+01  3.68771504858134924E-01  7.24134901128512323E-03  6.56495844792015837E-01 -3.79497836279105327E-01
  3.4049481E-01  4.38558576455278128E+01  4.18762441103151750E-01  7.49464304462281634E-03  6.80833099485915305E-01 -3.91541207663243518E-01
  3.4662865E-01  4.19140882650260167E+01  4.78823879174864298E-01  7.75641116401973394E-03  7.06077878755732358E-01 -4.03899390877901332E-01
  3.5287289E-01  4.00847869169914901E+01  5.48795247208339498E-01  8.02690803809341311E-03  7.32263628272068812E-01 -4.16575497695086783E-01
  3.5922951E-01  3.83786870553940460E+01  6.28363522804074481E-01  8.30639374500528362E-03  7.59424915951645185E-01 -4.29572219742424821E-01
  3.6570054E-01  3.68049298590587810E+01  7.17061472730767924E-01  8.59513369538104574E-03  7.87597453176930307E-01 -4.42891782625649322E-01
  3.7228804E-01  3.53709647587619216E+01  8.14268403539722296E-01  8.89339853339206517E-03  8.16818114160331565E-01 -4.56535897039031857E-01
  3.7899410E-01  3.40824736942361071E+01  9.19213504496204759E-01  9.20146401393176147E-03  8.47124953093528643E-01 -4.70505706747113228E-01
  3.8582086E-01  3.29433194680733124E+01  1.03098178976544896E+00  9.51961085366689191E-03  8.78557218681658481E-01 -4.84801733325068929E-01
  3.9277049E-01  3.19555180037675797E+01  1.14852256286559329E+00  9.84812455357975298E-03  9.11155365617585034E-01 -4.99423817550497751E-01
  3.9984520E-01  3.11192340344570617E+01  1.27066024663283006E+00  1.01872951904439513E-02  9.44961062503250182E-01 -5.14371057346615812E-01
  4.0704724E-01  3.04327999410060919E+01  1.39610736819043213E+00  1.05374171744916471E-02  9.80017195672746366E-01 -5.29641742185924747E-01
  4.1437891E-01  2.98927575416961808E+01  1.52347948656683441E+00  1.08987889703351278E-02  1.01636786831527171E+00 -5.45233283874724028E-01
  4.2184253E-01  2.94939232817430543E+01  1.65131192126500492E+00  1.12717127779979193E-02  1.05405839423503322E+00 -5.61142143652520242E-01
  4.2944048E-01  2.92294783574245365E+01  1.77807828154447378E+00  1.16564941706921148E-02  1.09313528551963279E+00 -5.77363755556869807E-01
  4.3717519E-01  2.90910855834313118E+01  1.90221096128747558E+00  1.20534416857472210E-02  1.13364623331803949E+00 -5.93892446023682852E-01
  4.4504910E-01  2.90690341584265823E+01  2.02212384324582306E+00  1.24628663648510413E-02  1.17564008085390204E+00 -6.10721349715884210E-01
  4.5306473E-01  2.91524108141255347E+01  2.13623731357434465E+00  1.28850812395059633E-02  1.21916678771964038E+00 -6.27842321599984765E-01
  4.6122463E-01  2.93292919889396266E+01  2.24300528451221926E+00  1.33204007573332842E-02  1.26427738441136839E+00 -6.45245845320896572E-01
  4.6953140E-01  2.95869485032672230E+01  2.34094342077529705E+00  1.37691401445724573E-02  1.31102391597415768E+00 -6.62920937960635226E-01
  4.7798767E-01  2.99120535849730302E+01  2.42865744401887884E+00  1.42316146998240339E-02  1.35945937353175750E+00 -6.80855051306920034E-01
  4.8659613E-01  3.02908873357401482E+01  2.50487042618245503E+00  1.47081390137712362E-02  1.40963761237453955E+00 -6.99033969803451449E-01
  4.9535954E-01  3.07095343234124414E+01  2.56844830797470447E+00  1.51990261092882044E-02  1.46161325517460705E+00 -7.17441705405420849E-01
  5.0428067E-01  3.11540737843870588E+01  2.61842324478959343E+00  1.57045864960003861E-02  1.51544157878785501E+00 -7.36060389621978062E-01
  5.1336236E-01  3.16107627371747846E+01  2.65401457486578440E+00  1.62251271330073853E-02  1.57117838299006340E+00 -7.54870163092592916E-01
  5.2260751E-01  3.20662115827812997E+01  2.67464720890177210E+00  1.67609502931090511E-02  1.62887983937828351E+00 -7.73849063116952562E-01
  5.3201906E-01  3.25075507329472089E+01  2.67996717797380679E+00  1.73123523214922213E-02  1.68860231855080634E+00 -7.92972909638777868E-01
  5.4160000E-01  3.29225862066689530E+01  2.66985403743053151E+00  1.78796222814409170E-02  1.75040219355994386E+00 -8.12215190273338328E-01
  5.5135337E-01  3.32999419629651499E+01  2.64442982073662414E+00  1.84630404792258222E-02  1.81433561751307204E+00 -8.31546945066945931E-01
  5.6128229E-01  3.36291867749439604E+01  2.60406425738695679E+00  1.90628768599123977E-02  1.88045827308035873E+00 -8.50936651784893860E-01
  5.7138992E-01  3.39009436066555239E+01  2.54937601059495478E+00  1.96793892654007936E-02  1.94882509155427441E+00 -8.70350112642596097E-01
  5.8167946E-01  3.41069797395710381E+01  2.48122975561389092E+00  2.03128215455795520E-02  2.01948993899880547E+00 -8.89750343523601273E-01
  5.9215420E-01  3.42402763174349829E+01  2.40072900608282769E+00  2.09634015130390552E-02  2.09250526692764005E+00 -9.09097466868004855E-01
  6.0281746E-01  3.42950765059231557E+01  2.30920469618384061E+00  2.16313387313528949E-02  2.16792172486370793E+00 -9.28348609565856520E-01
  6.1367264E-01  3.42669120396904816E+01  2.20819963101295391E+00  2.23168221265016946E-02  2.24578773206107618E+00 -9.47457807352685255E-01
  6.2472320E-01  3.41526084944653547E+01  2.09944901793845018E+00  2.30200174105863464E-02  2.32614900561819304E+00 -9.66375917378231142E-01
  6.3597265E-01  3.39502701316843769E+01  1.98485738228177988E+00  2.37410643065607760E-02  2.40904804218369994E+00 -9.85050540804731423E-01
  6.4742456E-01  3.36592455942875972E+01  1.86647224879016482E+00  2.44800735623181727E-02  2.49452355045798058E+00 -1.00342595748738783E+00
  6.5908260E-01  3.32800760780972098E+01  1.74645503550330083E+00  2.52371237420901950E-02  2.58260983173107350E+00 -1.02144307499623288E+00
  6.7095045E-01  3.28144278670022089E+01  1.62704965918310407E+00  2.60122577827804173E-02  2.67333610577767988E+00 -1.03903939445472382E+00
  6.8303191E-01  3.22650113094167779E+01  1.51054939217936490E+00  2.68054793025541728E-02  2.76672577955995092E+00 -1.05614899589463240E+00
  6.9533081E-01  3.16354884363558178E+01  1.39926254005592532E+00  2.76167486487646392E-02  2.86279565637741840E+00 -1.07270254605761162E+00
  7.0785107E-01  3.09303714855082497E+01  1.29547752791555304E+00  2.84459786721173585E-02  2.96155508335986406E+00 -1.08862733180894233E+00
  7.2059667E-01  3.01549146075224037E+01  1.20142799138697898E+00  2.92930302138776806E-02  3.06300503553310843E+00 -1.10384732256564488E+00
  7.3357167E-01  2.93150009963317402E+01  1.11925846583897393E+00  3.01577072929279620E-02  3.16713713511136508E+00 -1.11828326537607392E+00
  7.4678020E-01  2.84170276103973123E+01  1.05099125472060306E+00  3.10397519795985698E-02  3.27393260519414087E+00 -1.13185281651706315E+00
  7.6022646E-01  2.74677895417760674E+01  9.98495035206009574E-01  3.19388389434548184E-02  3.38336115768424195E+00 -1.14447071369275766E+00
  7.7391472E-01  2.64743659504738602E+01  9.63455726859405392E-01  3.28545696626421080E-02  3.49537981600923997E+00 -1.15604899312046205E+00
  7.8784935E-01  2.54440093180708686E+01  9.47350107282220355E-01  3.37864662830073478E-02  3.60993167413683391E+00 -1.16649725596627829E+00
  8.0203478E-01  2.43840395923737816E+01  9.51422608280127369E-01  3.47339651160557469E-02  3.72694459443934623E+00 -1.17572298873875480E+00
  8.1647552E-01  2.33017445987523537E+01  9.76665667813756744E-01  3.56964097659048171E-02  3.84632984819956469E+00 -1.18363194235284275E+00
  8.3117617E-01  2.22042878882423977E+01  1.02380394791975515E+00  3.66730438768090583E-02  3.96798070397515712E+00 -1.19012857462831700E+00
  8.4614141E-01  2.10986249812264930E+01  1.09328265819112813E+00  3.76630034945923328E-02  4.09177097066672957E+00 -1.19511656097407104E+00
  8.6137599E-01  1.99914287517135634E+01  1.18526014978885419E+00  3.86653090374988392E-02  4.21755350398060358E+00 -1.19849937791835770E+00
  8.7688477E-01  1.88890244836008634E+01  1.29960486797684638E+00  3.96788568746169260E-02  4.34515868705471497E+00 -1.20018096395937146E+00
  8.9267268E-01  1.77973349192247632E+01  1.43589667351968142E+00  4.07024105132161723E-02  4.47439289833717346E+00 -1.20006646191300681E+00
  9.0874475E-01  1.67218354148860371E+01  1.59343246649473702E+00  4.17345914001445231E-02  4.60503698238135950E+00 -1.19806304650576201E+00
  9.2510608E-01  1.56675191179701194E+01  1.77123597131530364E+00  4.27738693469470674E-02  4.73684474205464312E+00 -1.19408084037921691E+00
  9.4176189E-01  1.46388718964011559E+01  1.96807146962737223E+00  4.38185525936974768E-02  4.86954147375251889E+00 -1.18803392091519489E+00
  9.5871747E-01  1.36398565815431372E+01  2.18246119813828221E+00  4.48667775327871304E-02  5.00282257056111845E+00 -1.17984141933250530E+00
  9.7597822E-01  1.26739059365524511E+01  2.41270606078554772E+00  4.59164981212244264E-02  5.13635222190739427E+00 -1.16942871232053425E+00
  9.9354964E-01  1.17439236480347908E+01  2.65690923846789406E+00  4.69654750185081321E-02  5.26976224205772592E+00 -1.15672870503380132E+00
  1.0114373E+00  1.08522925598256688E+01  2.91300221551455829E+00  4.80112644970110344E-02  5.40265106383917093E+00 -1.14168320254585254E+00
  1.0296469E+00  1.00008893275755106E+01  3.17877268354674936E+00  4.90512071832318666E-02  5.53458293811857960E+00 -1.12424436482094325E+00
  1.0481843E+00  9.19110467895463046E+00  3.45189373784275899E+00  5.00824167014531987E-02  5.66508738382072341E+00 -1.10437623787816430E+00
  1.0670553E+00  8.42386850421467059E+00  3.72995376064493644E+00  5.11017683065069298E-02  5.79365893751549077E+00 -1.08205635106658193E+00
  1.0862659E+00  7.69967905492682902E+00  4.01048640450280658E+00  5.21058876097700990E-02  5.91975725575294209E+00 -1.05727736721464960E+00
  1.1058223E+00  7.01863557852276365E+00  4.29100015877213892E+00  5.30911395224766200E-02  6.04280762724096299E+00 -1.03004876883940311E+00
  1.1257307E+00  6.38047375349316681E+00  4.56900710540046973E+00  5.40536175632719759E-02  6.16220195548299543E+00 -1.00039855958216273E+00
  1.1459974E+00  5.78460325439708800E+00  4.84205063006769620E+00  5.49891337030273680E-02  6.27730027542605917E+00 -9.68374955565773909E-01
  1.1666289E+00  5.23014670793784120E+00  5.10773201590924142E+00  5.58932089496842477E-02  6.38743286977736879E+00 -9.34048036441227247E-01
  1.1876317E+00  4.71597921057387204E+00  5.36373596129079289E+00  5.67610649097899170E-02  6.49190305165438541E+00 -8.97511320517512812E-01
  1.2090125E+00  4.24076751116495210E+00  5.60785508877413719E+00  5.75876166019267249E-02  6.58999067981492015E+00 -8.58883222571876992E-01
  1.2307781E+00  3.80300796494912507E+00  5.83801343502048464E+00  5.83674668410327432E-02  6.68095647050223995E+00 -8.18308346759776706E-01
  1.2529354E+00  3.40106246313973015E+00  6.05228875555529022E+00  5.90949025623053875E-02  6.76404716551705931E+00 -7.75958560549612542E-01
  1.2754916E+00  3.03319172733649189E+00  6.24893330158132176E+00  5.97638935097203478E-02  6.83850160903241555E+00 -7.32033788887454739E-01
  1.2984537E+00  2.69758559083023508E+00  6.42639259431604071E+00  6.03680937780090993E-02  6.90355777539832172E+00 -6.86762460974368216E-01
  1.3218291E+00  2.39239011757072895E+00  6.58332167592715312E+00  6.09008467691453947E-02  6.95846077621332260E+00 -6.40401535273220746E-01
  1.3456252E+00  2.11573159109391540E+00  6.71859837170193419E+00  6.13551942060363703E-02  7.00247185673262607E+00 -5.93236021855007456E-01
  1.3698497E+00  1.86573752032564721E+00  6.83133322073304772E+00  6.17238899383499295E-02  7.03487836871673800E+00 -5.45577915197720142E-01
  1.3945101E+00  1.64055486092537750E+00  6.92087587699520235E+00  6.19994193795466858E-02  7.05500467863372549E+00 -4.97764445367769148E-01
  1.4196143E+00  1.43836565871132671E+00  6.98681792637666277E+00  6.21740255316664686E-02  7.06222393634474077E+00 -4.50155551509894669E-01
  1.4451704E+00  1.25740030771070010E+00  7.02899217697385836E+00  6.22397426868780759E-02  7.05597058982391001E+00 -4.03130479175699441E-01
  1.4711864E+00  1.09594859644829268E+00  7.04746856043445824E+00  6.21884390440522947E-02  7.03575348612542939E+00 -3.57083402731871835E-01
  1.4976707E+00  9.52368701506483006E-01  7.04254683681393967E+00  6.20118696466976718E-02  7.00116934808149871E+00 -3.12417976477613990E-01
  1.5246317E+00  8.25094279851345425E-01  7.01474633372803691E+00  6.17017412377771010E-02  6.95191636090015574E+00 -2.69540723809747862E-01
  1.5520779E+00  7.12639809741331565E-01  6.96479298072089481E+00  6.12497908397442656E-02  6.88780754429102249E+00 -2.28853183517839037E-01
  1.5800181E+00  6.13604331599750363E-01  6.89360392655578735E+00  6.06478801074399471E-02  6.80878352601163783E+00 -1.90742746849114936E-01
  1.6084611E+00  5.26673742512183685E-01  6.80227005248253747E+00  5.98881077704438644E-02  6.71492427461143748E+00 -1.55572139188613567E-01
  1.6374161E+00  4.50621799238024534E-01  6.69203671800944733E+00  5.89629427836315737E-02  6.60645929633920836E+00 -1.23667526926282578E-01
  1.6668923E+00  3.84309983862672566E-01  6.56428309568429125E+00  5.78653811439982096E-02  6.48377575826502284E+00 -9.53052642183601501E-02
  1.6968989E+00  3.26686383195788355E-01  6.42050046593329693E+00  5.65891297127063889E-02  6.34742397211441656E+00 -7.06973367676180936E-02
  1.7274456E+00  2.76783727874862939E-01  6.26226985049754248E+00  5.51288208087259285E-02  6.19811966731150754E+00 -4.99756112600641331E-02
  1.7585421E+00  2.33716730201774303E-01  6.09123936246468300E+00  5.34802618198870552E-02  6.03674250391041944E+00 -3.31750604078441189E-02
  1.7901983E+00  1.96678851420348966E-01  5.90910164206219957E+00  5.16407246148054347E-02  5.86433033306115359E+00 -2.02162051841674184E-02
  1.8224242E+00  1.64938619814690296E-01  5.71757173064173241E+00  4.96092801418462973E-02  5.68206881032721967E+00 -1.08870980629490795E-02
  1.8552302E+00  1.37835611003981839E-01  5.51836571150947286E+00  4.73871842767366463E-02  5.49127610993503712E+00 -4.82526380521654773E-03
  1.8886266E+00  1.14776191403275107E-01  5.31318041661439810E+00  4.49783217371800131E-02  5.29338267777697435E+00 -1.50011701091354245E-03
  1.9226241E+00  9.52291152445201988E-02  5.10367446389871660E+00  4.23897157304253883E-02  5.08990619610814754E+00 -1.96487128631627286E-04
  1.9572334E+00  7.87210549991808478E-02  4.89145085265279977E+00  3.96321119488542914E-02  4.88242220750071088E+00  0.00000000000000000E+00
  1.9924657E+00  6.48321346780557917E-02  4.67804130471777935E+00  3.67206465911874003E-02  4.67253114933361502E+00  0.00000000000000000E+00
  2.0283321E+00  5.31915254469037396E-02  4.46489249891114870E+00  3.36756092761175477E-02  4.46182286857365806E+00  0.00000000000000000E+00
  2.0648440E+00  4.34731534083664869E-02  4.25335430550475824E+00  3.05233130458878558E-02  4.25184000358382086E+00  0.00000000000000000E+00
  2.1020131E+00  3.53915603620305677E-02  4.04467008766820690E+00  2.72970851460423054E-02  4.04404192058696044E+00  0.00000000000000000E+00
  2.1398511E+00  2.86979499467600631E-02  3.83996909800829167E+00  2.40383939327142582E-02  3.83977116951714548E+00  0.00000000000000000E+00
  2.1783702E+00  2.31764438524247156E-02  3.64026096174631775E+00  2.07981291209155435E-02  3.64022468248872677E+00  0.00000000000000000E+00
  2.2175825E+00  1.86405658027934337E-02  3.44643220083006918E+00  1.76380546692769292E-02  3.44643220083007362E+00  0.00000000000000000E+00
  2.2575006E+00  1.49299647790406033E-02  3.25924472397301379E+00  1.46324559240809549E-02  3.25924472397300669E+00  0.00000000000000000E+00
  2.2981372E+00  1.19073834766796859E-02  3.07933617398519077E+00  1.18700052467354024E-02  3.07933617398519077E+00  0.00000000000000000E+00
  2.3395051E+00  9.45587325579678485E-03  2.90722199806028048E+00  9.45587325579666516E-03  2.90722199806028048E+00  0.00000000000000000E+00
  2.3816176E+00  7.47625282749430405E-03  2.74329908252188703E+00  7.47625282749430405E-03  2.74329908252188703E+00  0.00000000000000000E+00
  2.4244881E+00  5.88480458223321432E-03  2.58785077310213429E+00  5.88480458223321432E-03  2.58785077310213429E+00  0.00000000000000000E+00
  2.4681301E+00  4.61119976222007771E-03  2.44105309068781429E+00  4.61119976222007771E-03  2.44105309068781429E+00  0.00000000000000000E+00
  2.5125576E+00  3.59664155854255230E-03  2.30298192801432888E+00  3.59664155854255230E-03  2.30298192801432888E+00  0.00000000000000000E+00
  2.5577847E+00  2.79221362183241454E-03  2.17362102893448528E+00  2.79221362183241454E-03  2.17362102893448528E+00  0.00000000000000000E+00
  2.6038259E+00  2.15742035649680317E-03  2.05287053210779957E+00  2.15742035649680317E-03  2.05287053210779957E+00  0.00000000000000000E+00
  2.6506957E+00  1.65890466899148992E-03  1.94055587386428452E+00  1.65890466899148992E-03  1.94055587386428452E+00  0.00000000000000000E+00
  2.6984090E+00  1.26932850695732216E-03  1.83643685270180512E+00  1.26932850695732216E-03  1.83643685270180512E+00  0.00000000000000000E+00
  2.7469811E+00  9.66401506434189702E-04  1.74021667208527453E+00  9.66401506434189702E-04  1.74021667208527453E+00  0.00000000000000000E+00
  2.7964275E+00  7.32043309855971215E-04  1.65155079752847023E+00  7.32043309855971215E-04  1.65155079752847023E+00  0.00000000000000000E+00
  2.8467638E+00  5.51665581329940143E-04  1.57005548847809018E+00  5.51665581329940143E-04  1.57005548847809018E+00  0.00000000000000000E+00
  2.8980060E+00  4.13560383921101010E-04  1.49531589535594489E+00  4.13560383921101010E-04  1.49531589535594489E+00  0.00000000000000000E+00
  2.9501705E+00  3.08382355507141469E-04  1.42689364645350469E+00  3.08382355507141469E-04  1.42689364645350469E+00  0.00000000000000000E+00
  3.0032739E+00  2.28712987874433977E-04  1.36433388613355144E+00  2.28712987874433977E-04  1.36433388613355144E+00  0.00000000000000000E+00
  3.0573331E+00  1.68696244317220181E-04  1.30717176107881805E+00  1.68696244317220181E-04  1.30717176107881805E+00  0.00000000000000000E+00
  3.1123652E+00  1.23735713951839577E-04  1.25493837975025113E+00  1.23735713951839577E-04  1.25493837975025113E+00  0.00000000000000000E+00
  3.1683878E+00  9.02444698079047362E-05  1.20716628624220856E+00  9.02444698079047362E-05  1.20716628624220856E+00  0.00000000000000000E+00
  3.2254187E+00  6.54397493804232425E-05  1.16339448985205163E+00  6.54397493804232425E-05  1.16339448985205163E+00  0.00000000000000000E+00
  3.2834761E+00  4.71754911033327387E-05  1.12317307659378307E+00  4.71754911033327387E-05  1.12317307659378307E+00  0.00000000000000000E+00
  3.3425783E+00  3.38066238784875823E-05  1.08606740418702752E+00  3.38066238784875823E-05  1.08606740418702752E+00  0.00000000000000000E+00
  3.4027444E+00  2.40798069221919823E-05  1.05166185675366686E+00  2.40798069221919823E-05  1.05166185675366686E+00  0.00000000000000000E+00
  3.4639933E+00  1.70460492205222832E-05  1.01956311880314954E+00  1.70460492205222832E-05  1.01956311880314954E+00  0.00000000000000000E+00
  3.5263446E+00  1.19912987684406863E-05  9.89402925621117757E-01  1.19912987684406863E-05  9.89402925621117757E-01  0.00000000000000000E+00
  3.5898181E+00  8.38168296439962864E-06  9.60840259180745782E-01  8.38168296439962864E-06  9.60840259180745782E-01  0.00000000000000000E+00
  3.6544340E+00  5.82060566398985934E-06  9.33562980777272622E-01  5.82060566398985934E-06  9.33562980777272622E-01  0.00000000000000000E+00
  3.7202129E+00  4.01536664448736523E-06  9.07288914306540351E-01  4.01536664448736523E-06  9.07288914306540351E-01  0.00000000000000000E+00
  3.7871756E+00  2.75137151903803110E-06  8.81766418061561752E-01  2.75137151903803110E-06  8.81766418061561752E-01  0.00000000000000000E+00
  3.8553436E+00  1.87234557005844038E-06  8.56774496349220538E-01  1.87234557005844038E-06  8.56774496349220538E-01  0.00000000000000000E+00
  3.9247385E+00  1.26526092268139893E-06  8.32122507012839185E-01  1.26526092268139893E-06  8.32122507012839185E-01  0.00000000000000000E+00
  3.9953824E+00  8.48935936077711943E-07  8.07649523240025369E-01  8.48935936077711943E-07  8.07649523240025369E-01  0.00000000000000000E+00
  4.0672978E+00  5.65474103573112234E-07  7.83223403830984988E-01  5.65474103573112234E-07  7.83223403830984988E-01  0.00000000000000000E+00
  4.1405075E+00  3.73881996859600214E-07  7.58739620268579662E-01  3.73881996859600214E-07  7.58739620268579662E-01  0.00000000000000000E+00
  4.2150348E+00  2.45346713648514045E-07  7.34119881981824096E-01  2.45346713648514045E-07  7.34119881981824096E-01  0.00000000000000000E+00
  4.2909035E+00  1.59767477287178938E-07  7.09310594324604970E-01  1.59767477287178938E-07  7.09310594324604970E-01  0.00000000000000000E+00
  4.3681377E+00  1.03227703904804734E-07  6.84281177292090370E-01  1.03227703904804734E-07  6.84281177292090370E-01  0.00000000000000000E+00
  4.4467620E+00  6.61667730319395444E-08  6.59022267079078516E-01  6.61667730319395444E-08  6.59022267079078516E-01  0.00000000000000000E+00
  4.5268014E+00  4.20682267289824906E-08  6.33543817441245549E-01  4.20682267289824906E-08  6.33543817441245549E-01  0.00000000000000000E+00
  4.6082813E+00  2.65260468238460459E-08  6.07873113672361742E-01  2.65260468238460459E-08  6.07873113672361742E-01  0.00000000000000000E+00
  4.6912278E+00  1.65854505259182377E-08  5.82052709244513578E-01  1.65854505259182377E-08  5.82052709244513578E-01  0.00000000000000000E+00
  4.7756671E+00  1.02813352007614782E-08  5.56138294221389606E-01  1.02813352007614782E-08  5.56138294221389606E-01  0.00000000000000000E+00
  4.8616262E+00  6.31783965235238096E-09  5.30196505892781889E-01  6.31783965235238096E-09  5.30196505892781889E-01  0.00000000000000000E+00
  4.9491324E+00  3.84781575005606376E-09  5.04302695930977873E-01  3.84781575005606376E-09  5.04302695930977873E-01  0.00000000000000000E+00
  5.0382136E+00  2.32228071607976884E-09  4.78538674582237367E-01  2.32228071607976884E-09  4.78538674582237367E-01  0.00000000000000000E+00
  5.1288980E+00  1.38866451653608163E-09  4.52990460285974894E-01  1.38866451653608163E-09  4.52990460285974894E-01  0.00000000000000000E+00
  5.2212147E+00  8.22600215267766077E-10  4.27746071418812990E-01  8.22600215267766077E-10  4.27746071418812990E-01  0.00000000000000000E+00
  5.3151928E+00  4.82630974862539041E-10  4.02893403976281872E-01  4.82630974862539041E-10  4.02893403976281872E-01  0.00000000000000000E+00
  5.4108624E+00  2.80415410897231565E-10  3.78518243285552836E-01  2.80415410897231565E-10  3.78518243285552836E-01  0.00000000000000000E+00
  5.5082539E+00  1.61314607065634236E-10  3.54702458021279365E-01  1.61314607065634236E-10  3.54702458021279365E-01  0.00000000000000000E+00
  5.6073983E+00  9.18660039155221851E-11  3.31522420325672695E-01  9.18660039155221851E-11  3.31522420325672695E-01  0.00000000000000000E+00
  5.7083270E+00  5.17808006806215829E-11  3.09047687029866902E-01  5.17808006806215829E-11  3.09047687029866902E-01  0.00000000000000000E+00
  5.8110724E+00  2.88827283663190371E-11  2.87339964921298263E-01  2.88827283663190371E-11  2.87339964921298263E-01  0.00000000000000000E+00
  5.9156669E+00  1.59398786491208344E-11  2.66452369263437905E-01  1.59398786491208344E-11  2.66452369263437905E-01  0.00000000000000000E+00
  6.0221440E+00  8.70221782865913967E-12  2.46428971014249043E-01  8.70221782865913967E-12  2.46428971014249043E-01  0.00000000000000000E+00
  6.1305375E+00  4.69886186121495381E-12  2.27304617061625996E-01  4.69886186121495381E-12  2.27304617061625996E-01  0.00000000000000000E+00
  6.2408818E+00  2.50894724128217687E-12  2.09104990608388747E-01  2.50894724128217687E-12  2.09104990608388747E-01  0.00000000000000000E+00
  6.3532122E+00  1.32447382663905525E-12  1.91846890314745389E-01  1.32447382663905525E-12  1.91846890314745389E-01  0.00000000000000000E+00
  6.4675643E+00  6.91136022511507047E-13  1.75538677658101744E-01  6.91136022511507047E-13  1.75538677658101744E-01  0.00000000000000000E+00
  6.5839745E+00  3.56422750748275167E-13  1.60180860357815757E-01  3.56422750748275167E-13  1.60180860357815757E-01  0.00000000000000000E+00
  6.7024800E+00  1.81618319861140651E-13  1.45766772512893966E-01  1.81618319861140651E-13  1.45766772512893966E-01  0.00000000000000000E+00
  6.8231183E+00  9.14232818088412368E-14  1.32283316330418899E-01  9.14232818088412368E-14  1.32283316330418899E-01  0.00000000000000000E+00
  6.9459279E+00  4.54531914427638636E-14  1.19711734261477298E-01  4.54531914427638636E-14  1.19711734261477298E-01  0.00000000000000000E+00
  7.0709478E+00  2.23145261439802206E-14  1.08028384993975130E-01  2.23145261439802206E-14  1.08028384993975130E-01  0.00000000000000000E+00
  7.1982179E+00  1.08150781185696510E-14  9.72055016731343952E-02  1.08150781185696510E-14  9.72055016731343952E-02  0.00000000000000000E+00
  7.3277786E+00  5.17357785471791393E-15  8.72119156213685964E-02  5.17357785471791393E-15  8.72119156213685964E-02  0.00000000000000000E+00
  7.4596712E+00  2.44213616408818268E-15  7.80137334811855376E-02  2.44213616408818268E-15  7.80137334811855376E-02  0.00000000000000000E+00
  7.5939376E+00  1.13726611603634683E-15  6.95749599464782209E-02  1.13726611603634683E-15  6.95749599464782209E-02  0.00000000000000000E+00
  7.7306206E+00  5.22349271606761783E-16  6.18580619692653544E-02  5.22349271606761783E-16  6.18580619692653544E-02  0.00000000000000000E+00
  7.8697636E+00  2.36568784331445745E-16  5.48244734591213090E-02  2.36568784331445745E-16  5.48244734591213090E-02  0.00000000000000000E+00
  8.0114110E+00  1.05618474443610765E-16  4.84350419893463738E-02  1.05618474443610765E-16  4.84350419893463738E-02  0.00000000000000000E+00
  8.1556077E+00  4.64723262467433236E-17  4.26504208714282088E-02  4.64723262467433236E-17  4.26504208714282088E-02  0.00000000000000000E+00
  8.3023998E+00  2.01467370534388025E-17  3.74314111678822545E-02  2.01467370534388025E-17  3.74314111678822545E-02  0.00000000000000000E+00
  8.4518338E+00  8.60304599129869345E-18  3.27392588221087355E-02  8.60304599129869345E-18  3.27392588221087355E-02  0.00000000000000000E+00
  8.6039574E+00  3.61756258726632220E-18  2.85359121621033621E-02  3.61756258726632220E-18  2.85359121621033621E-02  0.00000000000000000E+00
  8.7588189E+00  1.49751698902288313E-18  2.47842446805884714E-02  1.49751698902288313E-18  2.47842446805884714E-02  0.00000000000000000E+00
  8.9164677E+00  6.10092031611177946E-19  2.14482473286544129E-02  6.10092031611177946E-19  2.14482473286544129E-02  0.00000000000000000E+00
  9.0769539E+00  2.44545393799662276E-19  1.84931937158378419E-02  2.44545393799662276E-19  1.84931937158378419E-02  0.00000000000000000E+00
  9.2403285E+00  9.64128024591626006E-20  1.58857807175967272E-02  9.64128024591626006E-20  1.58857807175967272E-02  0.00000000000000000E+00
  9.4066436E+00  3.73757111191107851E-20  1.35942461662499989E-02  3.73757111191107851E-20  1.35942461662499989E-02  0.00000000000000000E+00
  9.5759521E+00  1.42426274227351882E-20  1.15884646312009402E-02  1.42426274227351882E-20  1.15884646312009402E-02  0.00000000000000000E+00
  9.7483078E+00  5.33335990397917338E-21  9.84002183221386988E-03  5.33335990397917338E-21  9.84002183221386988E-03  0.00000000000000000E+00
  9.9237657E+00  1.96193171245600546E-21  8.32226799408457805E-03  1.96193171245600546E-21  8.32226799408457805E-03  0.00000000000000000E+00
  1.0102381E+01  7.08759668527365887E-22  7.01035042947589782E-03  7.08759668527365887E-22  7.01035042947589782E-03  0.00000000000000000E+00
  1.0284212E+01  2.51364456164330032E-22  5.88122579260729091E-03  2.51364456164330032E-22  5.88122579260729091E-03  0.00000000000000000E+00
  1.0469315E+01  8.74890769847574525E-23  4.91365272917491849E-03  8.74890769847574525E-23  4.91365272917491849E-03  0.00000000000000000E+00
  1.0657750E+01  2.98745846511786917E-23  4.08816600144775149E-03  2.98745846511786917E-23  4.08816600144775149E-03  0.00000000000000000E+00
  1.0849576E+01  1.00045676612466302E-23  3.38703353861481878E-03  1.00045676612466302E-23  3.38703353861481878E-03  0.00000000000000000E+00
  1.1044855E+01  3.28465197937160929E-24  2.79419820587301949E-03  3.28465197937160929E-24  2.79419820587301949E-03  0.00000000000000000E+00
  1.1243648E+01  1.05687061118306400E-24  2.29520636737439365E-03  1.05687061118306400E-24  2.29520636737439365E-03  0.00000000000000000E+00
  1.1446019E+01  3.33148774079334460E-25  1.87712551641910463E-03  3.33148774079334460E-25  1.87712551641910463E-03  0.00000000000000000E+00
  1.1652033E+01  1.02843828728351848E-25  1.52845335080376270E-03  1.02843828728351848E-25  1.52845335080376270E-03  0.00000000000000000E+00
  1.1861754E+01  3.10798292412821755E-26  1.23902068216402640E-03  3.10798292412821755E-26  1.23902068216402640E-03  0.00000000000000000E+00
  1.2075251E+01  9.19121882090815675E-27  9.99890492899247049E-04  9.19121882090815675E-27  9.99890492899247049E-04  0.00000000000000000E+00
  1.2292589E+01  2.65884044392279549E-27  8.03255305753742968E-04  2.65884044392279549E-27  8.03255305753742968E-04  0.00000000000000000E+00
  1.2513840E+01  7.52079064952952046E-28  6.42334825240037811E-04  7.52079064952952046E-28  6.42334825240037811E-04  0.00000000000000000E+00
  1.2739072E+01  2.07926961143763620E-28  5.11275563816316172E-04  2.07926961143763620E-28  5.11275563816316172E-04  0.00000000000000000E+00
  1.2968358E+01  5.61635806101882176E-29  4.05053895648377945E-04  5.61635806101882176E-29  4.05053895648377945E-04  0.00000000000000000E+00
  1.3201771E+01  1.48153695712336184E-29  3.19383701967839231E-04  1.48153695712336184E-29  3.19383701967839231E-04  0.00000000000000000E+00
  1.3439386E+01  3.81502425380432210E-30  2.50629497364406864E-04  3.81502425380432210E-30  2.50629497364406864E-04  0.00000000000000000E+00
  1.3681276E+01  9.58559013123607344E-31  1.95725666160103128E-04  9.58559013123607344E-31  1.95725666160103128E-04  0.00000000000000000E+00
  1.3927521E+01  2.34899932209452740E-31  1.52102200023075917E-04  2.34899932209452740E-31  1.52102200023075917E-04  0.00000000000000000E+00
  1.4178197E+01  5.61165757354177150E-32  1.17617117396260325E-04  5.61165757354177150E-32  1.17617117396260325E-04  0.00000000000000000E+00
  1.4433385E+01  1.30629510849041022E-32  9.04955650926397891E-05  1.30629510849041022E-32  9.04955650926397891E-05  0.00000000000000000E+00
  1.4693166E+01  2.96160202237392482E-33  6.92754535676798507E-05  2.96160202237392482E-33  6.92754535676798507E-05  0.00000000000000000E+00
  1.4957622E+01  6.53636620146762525E-34  5.27593593818734841E-05  6.53636620146762525E-34  5.27593593818734841E-05  0.00000000000000000E+00
  1.5226838E+01  1.40363714020471355E-34  3.99723394786530840E-05  1.40363714020471355E-34  3.99723394786530840E-05  0.00000000000000000E+00
  1.5500900E+01  2.93131168449796650E-35  3.01252395426632053E-05  2.93131168449796650E-35  3.01252395426632053E-05  0.00000000000000000E+00
  1.5779894E+01  5.95021841003796370E-36  2.25830397485042355E-05  5.95021841003796370E-36  2.25830397485042355E-05  0.00000000000000000E+00
  1.6063910E+01  1.17337741645526137E-36  1.68377622626311163E-05  1.17337741645526137E-36  1.68377622626311163E-05  0.00000000000000000E+00
  1.6353038E+01  2.24668148918278181E-37  1.24854624625524177E-05  2.24668148918278181E-37  1.24854624625524177E-05  0.00000000000000000E+00
  1.6647369E+01  4.17449597683633066E-38  9.20683663541430468E-06  4.17449597683633066E-38  9.20683663541430468E-06  0.00000000000000000E+00
  1.6946998E+01  7.52280329318978797E-39  6.75099978812367010E-06  7.52280329318978797E-39  6.75099978812367010E-06  0.00000000000000000E+00
  1.7252019E+01  1.31406616438124381E-39  4.92201532886043827E-06  1.31406616438124381E-39  4.92201532886043827E-06  0.00000000000000000E+00
  1.7562531E+01  2.22361488778932989E-40  3.56779130810400271E-06  2.22361488778932989E-40  3.56779130810400271E-06  0.00000000000000000E+00
  1.7878631E+01  3.64286998023550362E-41  2.57099355608892740E-06  3.64286998023550362E-41  2.57099355608892740E-06  0.00000000000000000E+00
  1.8200420E+01  5.77431218565310071E-42  1.84166271742893309E-06  5.77431218565310071E-42  1.84166271742893309E-06  0.00000000000000000E+00
  1.8528001E+01  8.85021141863304745E-43  1.31125851282740307E-06  8.85021141863304745E-43  1.31125851282740307E-06  0.00000000000000000E+00
  1.8861477E+01  1.31075484582489228E-43  9.27889528371474307E-07  1.31075484582489228E-43  9.27889528371474307E-07  0.00000000000000000E+00
  1.9200956E+01  1.87462533959626154E-44  6.52519709524830216E-07  1.87462533959626154E-44  6.52519709524830216E-07  0.00000000000000000E+00
  1.9546545E+01  2.58723732057571206E-45  4.55973032212603959E-07  2.58723732057571206E-45  4.55973032212603959E-07  0.00000000000000000E+00
  1.9898354E+01  3.44336444166613213E-46  3.16585256613727835E-07  3.44336444166613213E-46  3.16585256613727835E-07  0.00000000000000000E+00
  2.0256494E+01  4.41614288427418522E-47  2.18376126473348881E-07  4.41614288427418522E-47  2.18376126473348881E-07  0.00000000000000000E+00
  2.0621081E+01  5.45377371087954631E-48  1.49636873683475062E-07  5.45377371087954631E-48  1.49636873683475062E-07  0.00000000000000000E+00
  2.0992229E+01  6.48062881967530559E-49  1.01846536893600115E-07  6.48062881967530559E-49  1.01846536893600115E-07  0.00000000000000000E+00
  2.1370058E+01  7.40400589408588262E-50  6.88465841239972664E-08  7.40400589408588262E-50  6.88465841239972664E-08  0.00000000000000000E+00
  2.1754687E+01  8.12644335411538425E-51  4.62168664300544362E-08  8.12644335411538425E-51  4.62168664300544362E-08  0.00000000000000000E+00
  2.2146238E+01  8.56177232104963854E-52  3.08072701640984317E-08  8.56177232104963854E-52  3.08072701640984317E-08  0.00000000000000000E+00
  2.2544837E+01  8.65150799639877265E-53  2.03888349058323480E-08  8.65150799639877265E-53  2.03888349058323480E-08  0.00000000000000000E+00
  2.2950609E+01  8.37742270030429788E-54  1.33958149269606255E-08  8.37742270030429788E-54  1.33958149269606255E-08  0.00000000000000000E+00
  2.3363685E+01  7.76666459927730532E-55  8.73642412848643681E-09  7.76666459927730532E-55  8.73642412848643681E-09  0.00000000000000000E+00
  2.3784196E+01  6.88760637161114514E-56  5.65504006417377905E-09  6.88760637161114514E-56  5.65504006417377905E-09  0.00000000000000000E+00
  2.4212275E+01  5.83719975824299594E-57  3.63265302168847506E-09  5.83719975824299594E-57  3.63265302168847506E-09  0.00000000000000000E+00
  2.4648059E+01  4.72306926807786624E-58  2.31550946498862006E-09  4.72306926807786624E-58  2.31550946498862006E-09  0.00000000000000000E+00
  2.5091685E+01  3.64499067404762169E-59  1.46437093691891376E-09  3.64499067404762169E-59  1.46437093691891376E-09  0.00000000000000000E+00
  2.5543297E+01  2.68026043339167856E-60  9.18722643969157184E-10  2.68026043339167856E-60  9.18722643969157184E-10  0.00000000000000000E+00
  2.6003037E+01  1.87589688452520213E-61  5.71732262889398114E-10  1.87589688452520213E-61  5.71732262889398114E-10  0.00000000000000000E+00
  2.6471051E+01  1.24830742465222111E-62  3.52875047607427744E-10  1.24830742465222111E-62  3.52875047607427744E-10  0.00000000000000000E+00
  2.6947488E+01  7.88914242299772810E-64  2.15980648563292109E-10  7.88914242299772810E-64  2.15980648563292109E-10  0.00000000000000000E+00
  2.7432501E+01  4.72970435159843981E-65  1.31074719743521333E-10  4.72970435159843981E-65  1.31074719743521333E-10  0.00000000000000000E+00
  2.7926243E+01  2.68670017449817787E-66  7.88637234321268649E-11  2.68670017449817787E-66  7.88637234321268649E-11  0.00000000000000000E+00
  2.8428872E+01  1.44429100280299942E-67  4.70363092131494853E-11  1.44429100280299942E-67  4.70363092131494853E-11  0.00000000000000000E+00
  2.8940546E+01  7.33826652599411260E-69  2.78054615364244259E-11  7.33826652599411260E-69  2.78054615364244259E-11  0.00000000000000000E+00
  2.9461431E+01  3.51942475708990687E-70  1.62896064375151175E-11  3.51942475708990687E-70  1.62896064375151175E-11  0.00000000000000000E+00
  2.9991690E+01  1.59113903254778483E-71  9.45620735221056773E-12  1.59113903254778483E-71  9.45620735221056773E-12  0.00000000000000000E+00
  3.0531493E+01  6.77179472023336947E-73  5.43865128514271619E-12  6.77179472023336947E-73  5.43865128514271619E-12  0.00000000000000000E+00
  3.1081011E+01  2.70920136493638060E-74  3.09866646610092939E-12  2.70920136493638060E-74  3.09866646610092939E-12  0.00000000000000000E+00
  3.1640420E+01  1.01738299401741791E-75  1.74867481327130191E-12  1.01738299401741791E-75  1.74867481327130191E-12  0.00000000000000000E+00
  3.2209897E+01  3.58078262739269757E-77  9.77315430197612506E-13  3.58078262739269757E-77  9.77315430197612506E-13  0.00000000000000000E+00
  3.2789624E+01  1.17936086857480016E-78  5.40869476966649065E-13  1.17936086857480016E-78  5.40869476966649065E-13  0.00000000000000000E+00
  3.3379784E+01  0.00000000000000000E+00  2.96361924892890372E-13  0.00000000000000000E+00  2.96361924892890372E-13  0.00000000000000000E+00
  3.3980567E+01  0.00000000000000000E+00  1.60754966980167625E-13  0.00000000000000000E+00  1.60754966980167625E-13  0.00000000000000000E+00
  3.4592162E+01  0.00000000000000000E+00  8.63093683703341224E-14  0.00000000000000000E+00  8.63093683703341224E-14  0.00000000000000000E+00
  3.5214766E+01  0.00000000000000000E+00  4.58608428560781901E-14  0.00000000000000000E+00  4.58608428560781901E-14  0.00000000000000000E+00
  3.5848575E+01  0.00000000000000000E+00  2.41131928451407355E-14  0.00000000000000000E+00  2.41131928451407355E-14  0.00000000000000000E+00
  3.6493791E+01  0.00000000000000000E+00  1.25439590581526122E-14  0.00000000000000000E+00  1.25439590581526122E-14  0.00000000000000000E+00
  3.7150620E+01  0.00000000000000000E+00  6.45534185084409789E-15  0.00000000000000000E+00  6.45534185084409789E-15  0.00000000000000000E+00
  3.7819271E+01  0.00000000000000000E+00  3.28583222189428615E-15  0.00000000000000000E+00  3.28583222189428615E-15  0.00000000000000000E+00
  3.8499957E+01  0.00000000000000000E+00  1.65405143794667263E-15  0.00000000000000000E+00  1.65405143794667263E-15  0.00000000000000000E+00
  3.9192893E+01  0.00000000000000000E+00  8.23312614997941353E-16  0.00000000000000000E+00  8.23312614997941353E-16  0.00000000000000000E+00
  3.9898302E+01  0.00000000000000000E+00  4.05160411726578419E-16  0.00000000000000000E+00  4.05160411726578419E-16  0.00000000000000000E+00
  4.0616406E+01  0.00000000000000000E+00  1.97091745522867258E-16  0.00000000000000000E+00  1.97091745522867258E-16  0.00000000000000000E+00
  4.1347435E+01  0.00000000000000000E+00  9.47589727746395434E-17  0.00000000000000000E+00  9.47589727746395434E-17  0.00000000000000000E+00
  4.2091621E+01  0.00000000000000000E+00  4.50207113527596691E-17  0.00000000000000000E+00  4.50207113527596691E-17  0.00000000000000000E+00
  4.2849201E+01  0.00000000000000000E+00  2.11335377451864822E-17  0.00000000000000000E+00  2.11335377451864822E-17  0.00000000000000000E+00
  4.3620417E+01  0.00000000000000000E+00  9.79998732567708670E-18  0.00000000000000000E+00  9.79998732567708670E-18  0.00000000000000000E+00
  4.4405513E+01  0.00000000000000000E+00  4.48844097282685561E-18  0.00000000000000000E+00  4.48844097282685561E-18  0.00000000000000000E+00
  4.5204739E+01  0.00000000000000000E+00  2.03003162650865695E-18  0.00000000000000000E+00  2.03003162650865695E-18  0.00000000000000000E+00
  4.6018350E+01  0.00000000000000000E+00  9.06494240023408892E-19  0.00000000000000000E+00  9.06494240023408892E-19  0.00000000000000000E+00
  4.6846604E+01  0.00000000000000000E+00  3.99573511836275829E-19  0.00000000000000000E+00  3.99573511836275829E-19  0.00000000000000000E+00
  4.7689766E+01  0.00000000000000000E+00  1.73823414428257409E-19  0.00000000000000000E+00  1.73823414428257409E-19  0.00000000000000000E+00
  4.8548102E+01  0.00000000000000000E+00  7.46118105202083632E-20  0.00000000000000000E+00  7.46118105202083632E-20  0.00000000000000000E+00
  4.9421888E+01  0.00000000000000000E+00  3.15935140097571518E-20  0.00000000000000000E+00  3.15935140097571518E-20  0.00000000000000000E+00
  5.0311400E+01  0.00000000000000000E+00  1.31940615845519035E-20  0.00000000000000000E+00  1.31940615845519035E-20  0.00000000000000000E+00
  5.1216922E+01  0.00000000000000000E+00  5.43305365659174440E-21  0.00000000000000000E+00  5.43305365659174440E-21  0.00000000000000000E+00
  5.2138741E+01  0.00000000000000000E+00  2.20538091078343299E-21  0.00000000000000000E+00  2.20538091078343299E-21  0.00000000000000000E+00
  5.3077152E+01  0.00000000000000000E+00  8.82233822579158942E-22  0.00000000000000000E+00  8.82233822579158942E-22  0.00000000000000000E+00
  5.4032452E+01  0.00000000000000000E+00  3.47716236463281978E-22  0.00000000000000000E+00  3.47716236463281978E-22  0.00000000000000000E+00
  5.5004946E+01  0.00000000000000000E+00  1.34984299458212274E-22  0.00000000000000000E+00  1.34984299458212274E-22  0.00000000000000000E+00
  5.5994943E+01  0.00000000000000000E+00  5.15976035347681410E-23  0.00000000000000000E+00  5.15976035347681410E-23  0.00000000000000000E+00
  5.7002759E+01  0.00000000000000000E+00  1.94146648310308810E-23  0.00000000000000000E+00  1.94146648310308810E-23  0.00000000000000000E+00
  5.8028713E+01  0.00000000000000000E+00  7.18862204132797749E-24  0.00000000000000000E+00  7.18862204132797749E-24  0.00000000000000000E+00
  5.9073133E+01  0.00000000000000000E+00  2.61838391004214143E-24  0.00000000000000000E+00  2.61838391004214143E-24  0.00000000000000000E+00
  6.0136350E+01  0.00000000000000000E+00  9.37874263044605814E-25  0.00000000000000000E+00  9.37874263044605814E-25  0.00000000000000000E+00
  6.1218704E+01  0.00000000000000000E+00  3.30238148793563951E-25  0.00000000000000000E+00  3.30238148793563951E-25  0.00000000000000000E+00
  6.2320538E+01  0.00000000000000000E+00  1.14267916090140654E-25  0.00000000000000000E+00  1.14267916090140654E-25  0.00000000000000000E+00
  6.3442202E+01  0.00000000000000000E+00  3.88396032907876272E-26  0.00000000000000000E+00  3.88396032907876272E-26  0.00000000000000000E+00
  6.4584055E+01  0.00000000000000000E+00  1.29632386335911212E-26  0.00000000000000000E+00  1.29632386335911212E-26  0.00000000000000000E+00
  6.5746460E+01  0.00000000000000000E+00  4.24688143496631410E-27  0.00000000000000000E+00  4.24688143496631410E-27  0.00000000000000000E+00
  6.6929785E+01  0.00000000000000000E+00  1.36512907131710886E-27  0.00000000000000000E+00  1.36512907131710886E-27  0.00000000000000000E+00
  6.8134408E+01  0.00000000000000000E+00  4.30376455056565518E-28  0.00000000000000000E+00  4.30376455056565518E-28  0.00000000000000000E+00
  6.9360713E+01  0.00000000000000000E+00  1.33020531586236669E-28  0.00000000000000000E+00  1.33020531586236669E-28  0.00000000000000000E+00
  7.0609088E+01  0.00000000000000000E+00  4.02906923899903897E-29  0.00000000000000000E+00  4.02906923899903897E-29  0.00000000000000000E+00
  7.1879932E+01  0.00000000000000000E+00  1.19555300713513288E-29  0.00000000000000000E+00  1.19555300713513288E-29  0.00000000000000000E+00
  7.3173650E+01  0.00000000000000000E+00  3.47392046158022901E-30  0.00000000000000000E+00  3.47392046158022901E-30  0.00000000000000000E+00
  7.4490651E+01  0.00000000000000000E+00  9.89532322012906523E-31  0.00000000000000000E+00  9.89532322012906523E-31  0.00000000000000000E+00
  7.5831357E+01  0.00000000000000000E+00  2.76222013490440384E-31  0.00000000000000000E+00  2.76222013490440384E-31  0.00000000000000000E+00
  7.7196192E+01  0.00000000000000000E+00  7.53986244526002725E-32  0.00000000000000000E+00  7.53986244526002725E-32  0.00000000000000000E+00
  7.8585593E+01  0.00000000000000000E+00  2.01162914549578712E-32  0.00000000000000000E+00  2.01162914549578712E-32  0.00000000000000000E+00
  8.0000000E+01  0.00000000000000000E+00  5.24338875505797286E-33  0.00000000000000000E+00  5.24338875505797286E-33  0.00000000000000000E+00
