 #r   AErefrv      Krveff      Har    vxc    Unscreened  Ktvt
   0.0000000E+00  -1.1600000E+02   0.0000000E+00   0.0000000E+00  -0.0000000E+00   0.0000000E+00   0.0000000E+00   0.0000000E+00
   5.5354426E-06  -1.1599763E+02   0.0000000E+00   8.2112704E-05  -6.5722394E-06  -7.5540464E-05   0.0000000E+00   0.0000000E+00
   1.1170513E-05  -1.1599521E+02   0.0000000E+00   1.6570329E-04  -1.3262767E-05  -1.5244052E-04   0.0000000E+00   0.0000000E+00
   1.6907005E-05  -1.1599293E+02   0.0000000E+00   2.5079836E-04  -2.0073713E-05  -2.3072465E-04   0.0000000E+00   0.0000000E+00
   2.2746744E-05  -1.1599079E+02   0.0000000E+00   3.3742499E-04  -2.7007244E-05  -3.1041775E-04   0.0000000E+00   0.0000000E+00
   2.8691588E-05  -1.1598900E+02   0.0000000E+00   4.2561075E-04  -3.4065566E-05  -3.9154518E-04   0.0000000E+00   0.0000000E+00
   3.4743428E-05  -1.1598756E+02   0.0000000E+00   5.1538369E-04  -4.1250925E-05  -4.7413277E-04   0.0000000E+00   0.0000000E+00
   4.0904191E-05  -1.1598649E+02   0.0000000E+00   6.0677239E-04  -4.8565608E-05  -5.5820678E-04   0.0000000E+00   0.0000000E+00
   4.7175837E-05  -1.1598584E+02   0.0000000E+00   6.9980592E-04  -5.6011942E-05  -6.4379398E-04   0.0000000E+00   0.0000000E+00
   5.3560361E-05  -1.1598561E+02   0.0000000E+00   7.9451389E-04  -6.3592297E-05  -7.3092160E-04   0.0000000E+00   0.0000000E+00
   6.0059795E-05  -1.1598579E+02   0.0000000E+00   8.9092644E-04  -7.1309085E-05  -8.1961736E-04   0.0000000E+00   0.0000000E+00
   6.6676208E-05  -1.1598635E+02   0.0000000E+00   9.8907424E-04  -7.9164761E-05  -9.0990948E-04   0.0000000E+00   0.0000000E+00
   7.3411704E-05  -1.1598726E+02   0.0000000E+00   1.0889885E-03  -8.7161825E-05  -1.0018267E-03   0.0000000E+00   0.0000000E+00
   8.0268427E-05  -1.1598848E+02   0.0000000E+00   1.1907011E-03  -9.5302823E-05  -1.0953983E-03   0.0000000E+00   0.0000000E+00
   8.7248560E-05  -1.1598993E+02   0.0000000E+00   1.2942443E-03  -1.0359034E-04  -1.1906540E-03   0.0000000E+00   0.0000000E+00
   9.4354322E-05  -1.1599157E+02   0.0000000E+00   1.3996511E-03  -1.1202702E-04  -1.2876241E-03   0.0000000E+00   0.0000000E+00
   1.0158798E-04  -1.1599331E+02   0.0000000E+00   1.5069551E-03  -1.2061555E-04  -1.3863395E-03   0.0000000E+00   0.0000000E+00
   1.0895182E-04  -1.1599509E+02   0.0000000E+00   1.6161903E-03  -1.2935866E-04  -1.4868316E-03   0.0000000E+00   0.0000000E+00
   1.1644820E-04  -1.1599684E+02   0.0000000E+00   1.7273916E-03  -1.3825912E-04  -1.5891325E-03   0.0000000E+00   0.0000000E+00
   1.2407951E-04  -1.1599848E+02   0.0000000E+00   1.8405943E-03  -1.4731978E-04  -1.6932745E-03   0.0000000E+00   0.0000000E+00
   1.3184816E-04  -1.1599996E+02   0.0000000E+00   1.9558344E-03  -1.5654351E-04  -1.7992909E-03   0.0000000E+00   0.0000000E+00
   1.3975664E-04  -1.1600120E+02   0.0000000E+00   2.0731487E-03  -1.6593325E-04  -1.9072154E-03   0.0000000E+00   0.0000000E+00
   1.4780745E-04  -1.1600217E+02   0.0000000E+00   2.1925744E-03  -1.7549200E-04  -2.0170824E-03   0.0000000E+00   0.0000000E+00
   1.5600317E-04  -1.1600280E+02   0.0000000E+00   2.3141495E-03  -1.8522278E-04  -2.1289268E-03   0.0000000E+00   0.0000000E+00
   1.6434639E-04  -1.1600306E+02   0.0000000E+00   2.4379128E-03  -1.9512870E-04  -2.2427841E-03   0.0000000E+00   0.0000000E+00
   1.7283978E-04  -1.1600292E+02   0.0000000E+00   2.5639037E-03  -2.0521290E-04  -2.3586908E-03   0.0000000E+00   0.0000000E+00
   1.8148603E-04  -1.1600234E+02   0.0000000E+00   2.6921621E-03  -2.1547861E-04  -2.4766835E-03   0.0000000E+00   0.0000000E+00
   1.9028790E-04  -1.1600131E+02   0.0000000E+00   2.8227290E-03  -2.2592908E-04  -2.5967999E-03   0.0000000E+00   0.0000000E+00
   1.9924819E-04  -1.1599982E+02   0.0000000E+00   2.9556458E-03  -2.3656763E-04  -2.7190781E-03   0.0000000E+00   0.0000000E+00
   2.0836975E-04  -1.1599785E+02   0.0000000E+00   3.0909549E-03  -2.4739767E-04  -2.8435572E-03   0.0000000E+00   0.0000000E+00
   2.1765548E-04  -1.1599540E+02   0.0000000E+00   3.2286993E-03  -2.5842262E-04  -2.9702767E-03   0.0000000E+00   0.0000000E+00
   2.2710833E-04  -1.1599249E+02   0.0000000E+00   3.3689229E-03  -2.6964600E-04  -3.0992769E-03   0.0000000E+00   0.0000000E+00
   2.3673132E-04  -1.1598910E+02   0.0000000E+00   3.5116702E-03  -2.8107139E-04  -3.2305988E-03   0.0000000E+00   0.0000000E+00
   2.4652751E-04  -1.1598525E+02   0.0000000E+00   3.6569868E-03  -2.9270240E-04  -3.3642844E-03   0.0000000E+00   0.0000000E+00
   2.5650001E-04  -1.1598096E+02   0.0000000E+00   3.8049188E-03  -3.0454276E-04  -3.5003760E-03   0.0000000E+00   0.0000000E+00
   2.6665200E-04  -1.1597624E+02   0.0000000E+00   3.9555133E-03  -3.1659622E-04  -3.6389171E-03   0.0000000E+00   0.0000000E+00
   2.7698671E-04  -1.1597109E+02   0.0000000E+00   4.1088182E-03  -3.2886662E-04  -3.7799516E-03   0.0000000E+00   0.0000000E+00
   2.8750742E-04  -1.1596555E+02   0.0000000E+00   4.2648824E-03  -3.4135787E-04  -3.9235245E-03   0.0000000E+00   0.0000000E+00
   2.9821749E-04  -1.1595962E+02   0.0000000E+00   4.4237554E-03  -3.5407393E-04  -4.0696815E-03   0.0000000E+00   0.0000000E+00
   3.0912032E-04  -1.1595333E+02   0.0000000E+00   4.5854879E-03  -3.6701886E-04  -4.2184690E-03   0.0000000E+00   0.0000000E+00
   3.2021938E-04  -1.1594669E+02   0.0000000E+00   4.7501313E-03  -3.8019677E-04  -4.3699345E-03   0.0000000E+00   0.0000000E+00
   3.3151820E-04  -1.1593971E+02   0.0000000E+00   4.9177379E-03  -3.9361186E-04  -4.5241261E-03   0.0000000E+00   0.0000000E+00
   3.4302039E-04  -1.1593242E+02   0.0000000E+00   5.0883612E-03  -4.0726840E-04  -4.6810928E-03   0.0000000E+00   0.0000000E+00
   3.5472959E-04  -1.1592483E+02   0.0000000E+00   5.2620554E-03  -4.2117073E-04  -4.8408847E-03   0.0000000E+00   0.0000000E+00
   3.6664954E-04  -1.1591696E+02   0.0000000E+00   5.4388758E-03  -4.3532328E-04  -5.0035525E-03   0.0000000E+00   0.0000000E+00
   3.7878402E-04  -1.1590881E+02   0.0000000E+00   5.6188786E-03  -4.4973054E-04  -5.1691481E-03   0.0000000E+00   0.0000000E+00
   3.9113691E-04  -1.1590040E+02   0.0000000E+00   5.8021212E-03  -4.6439711E-04  -5.3377241E-03   0.0000000E+00   0.0000000E+00
   4.0371212E-04  -1.1589175E+02   0.0000000E+00   5.9886618E-03  -4.7932765E-04  -5.5093342E-03   0.0000000E+00   0.0000000E+00
   4.1651367E-04  -1.1588286E+02   0.0000000E+00   6.1785598E-03  -4.9452691E-04  -5.6840329E-03   0.0000000E+00   0.0000000E+00
   4.2954562E-04  -1.1587375E+02   0.0000000E+00   6.3718757E-03  -5.0999973E-04  -5.8618759E-03   0.0000000E+00   0.0000000E+00
   4.4281212E-04  -1.1586442E+02   0.0000000E+00   6.5686709E-03  -5.2575102E-04  -6.0429198E-03   0.0000000E+00   0.0000000E+00
   4.5631740E-04  -1.1585489E+02   0.0000000E+00   6.7690080E-03  -5.4178581E-04  -6.2272222E-03   0.0000000E+00   0.0000000E+00
   4.7006575E-04  -1.1584515E+02   0.0000000E+00   6.9729509E-03  -5.5810920E-04  -6.4148417E-03   0.0000000E+00   0.0000000E+00
   4.8406154E-04  -1.1583521E+02   0.0000000E+00   7.1805643E-03  -5.7472638E-04  -6.6058380E-03   0.0000000E+00   0.0000000E+00
   4.9830924E-04  -1.1582509E+02   0.0000000E+00   7.3919145E-03  -5.9164263E-04  -6.8002719E-03   0.0000000E+00   0.0000000E+00
   5.1281336E-04  -1.1581478E+02   0.0000000E+00   7.6070686E-03  -6.0886334E-04  -6.9982052E-03   0.0000000E+00   0.0000000E+00
   5.2757854E-04  -1.1580428E+02   0.0000000E+00   7.8260950E-03  -6.2639399E-04  -7.1997011E-03   0.0000000E+00   0.0000000E+00
   5.4260946E-04  -1.1579361E+02   0.0000000E+00   8.0490636E-03  -6.4424015E-04  -7.4048235E-03   0.0000000E+00   0.0000000E+00
   5.5791092E-04  -1.1578275E+02   0.0000000E+00   8.2760452E-03  -6.6240751E-04  -7.6136377E-03   0.0000000E+00   0.0000000E+00
   5.7348777E-04  -1.1577172E+02   0.0000000E+00   8.5071121E-03  -6.8090185E-04  -7.8262102E-03   0.0000000E+00   0.0000000E+00
   5.8934497E-04  -1.1576052E+02   0.0000000E+00   8.7423377E-03  -6.9972905E-04  -8.0426087E-03   0.0000000E+00   0.0000000E+00
   6.0548758E-04  -1.1574913E+02   0.0000000E+00   8.9817970E-03  -7.1889509E-04  -8.2629019E-03   0.0000000E+00   0.0000000E+00
   6.2192073E-04  -1.1573758E+02   0.0000000E+00   9.2255662E-03  -7.3840609E-04  -8.4871601E-03   0.0000000E+00   0.0000000E+00
   6.3864965E-04  -1.1572584E+02   0.0000000E+00   9.4737227E-03  -7.5826825E-04  -8.7154545E-03   0.0000000E+00   0.0000000E+00
   6.5567965E-04  -1.1571393E+02   0.0000000E+00   9.7263457E-03  -7.7848788E-04  -8.9478578E-03   0.0000000E+00   0.0000000E+00
   6.7301617E-04  -1.1570183E+02   0.0000000E+00   9.9835154E-03  -7.9907142E-04  -9.1844439E-03   0.0000000E+00   0.0000000E+00
   6.9066471E-04  -1.1568956E+02   0.0000000E+00   1.0245314E-02  -8.2002543E-04  -9.4252882E-03   0.0000000E+00   0.0000000E+00
   7.0863090E-04  -1.1567710E+02   0.0000000E+00   1.0511824E-02  -8.4135656E-04  -9.6704673E-03   0.0000000E+00   0.0000000E+00
   7.2692044E-04  -1.1566446E+02   0.0000000E+00   1.0783131E-02  -8.6307161E-04  -9.9200592E-03   0.0000000E+00   0.0000000E+00
   7.4553917E-04  -1.1565162E+02   0.0000000E+00   1.1059321E-02  -8.8517748E-04  -1.0174143E-02   0.0000000E+00   0.0000000E+00
   7.6449299E-04  -1.1563860E+02   0.0000000E+00   1.1340482E-02  -9.0768121E-04  -1.0432800E-02   0.0000000E+00   0.0000000E+00
   7.8378796E-04  -1.1562538E+02   0.0000000E+00   1.1626703E-02  -9.3058996E-04  -1.0696113E-02   0.0000000E+00   0.0000000E+00
   8.0343020E-04  -1.1561195E+02   0.0000000E+00   1.1918076E-02  -9.5391101E-04  -1.0964165E-02   0.0000000E+00   0.0000000E+00
   8.2342596E-04  -1.1559833E+02   0.0000000E+00   1.2214693E-02  -9.7765179E-04  -1.1237041E-02   0.0000000E+00   0.0000000E+00
   8.4378161E-04  -1.1558450E+02   0.0000000E+00   1.2516648E-02  -1.0018199E-03  -1.1514828E-02   0.0000000E+00   0.0000000E+00
   8.6450363E-04  -1.1557046E+02   0.0000000E+00   1.2824038E-02  -1.0264229E-03  -1.1797616E-02   0.0000000E+00   0.0000000E+00
   8.8559861E-04  -1.1555620E+02   0.0000000E+00   1.3136961E-02  -1.0514687E-03  -1.2085492E-02   0.0000000E+00   0.0000000E+00
   9.0707326E-04  -1.1554173E+02   0.0000000E+00   1.3455516E-02  -1.0769653E-03  -1.2378550E-02   0.0000000E+00   0.0000000E+00
   9.2893442E-04  -1.1552703E+02   0.0000000E+00   1.3779804E-02  -1.1029208E-03  -1.2676883E-02   0.0000000E+00   0.0000000E+00
   9.5118903E-04  -1.1551210E+02   0.0000000E+00   1.4109929E-02  -1.1293434E-03  -1.2980585E-02   0.0000000E+00   0.0000000E+00
   9.7384420E-04  -1.1549693E+02   0.0000000E+00   1.4445995E-02  -1.1562416E-03  -1.3289754E-02   0.0000000E+00   0.0000000E+00
   9.9690711E-04  -1.1548153E+02   0.0000000E+00   1.4788110E-02  -1.1836238E-03  -1.3604486E-02   0.0000000E+00   0.0000000E+00
   1.0203851E-03  -1.1546588E+02   0.0000000E+00   1.5136383E-02  -1.2114989E-03  -1.3924884E-02   0.0000000E+00   0.0000000E+00
   1.0442857E-03  -1.1544999E+02   0.0000000E+00   1.5490923E-02  -1.2398757E-03  -1.4251048E-02   0.0000000E+00   0.0000000E+00
   1.0686164E-03  -1.1543384E+02   0.0000000E+00   1.5851845E-02  -1.2687631E-03  -1.4583082E-02   0.0000000E+00   0.0000000E+00
   1.0933851E-03  -1.1541743E+02   0.0000000E+00   1.6219263E-02  -1.2981705E-03  -1.4921093E-02   0.0000000E+00   0.0000000E+00
   1.1185995E-03  -1.1540075E+02   0.0000000E+00   1.6593294E-02  -1.3281071E-03  -1.5265187E-02   0.0000000E+00   0.0000000E+00
   1.1442678E-03  -1.1538380E+02   0.0000000E+00   1.6974056E-02  -1.3585825E-03  -1.5615474E-02   0.0000000E+00   0.0000000E+00
   1.1703980E-03  -1.1536658E+02   0.0000000E+00   1.7361672E-02  -1.3896064E-03  -1.5972066E-02   0.0000000E+00   0.0000000E+00
   1.1969985E-03  -1.1534908E+02   0.0000000E+00   1.7756264E-02  -1.4211886E-03  -1.6335075E-02   0.0000000E+00   0.0000000E+00
   1.2240778E-03  -1.1533128E+02   0.0000000E+00   1.8157958E-02  -1.4533393E-03  -1.6704619E-02   0.0000000E+00   0.0000000E+00
   1.2516445E-03  -1.1531319E+02   0.0000000E+00   1.8566882E-02  -1.4860685E-03  -1.7080813E-02   0.0000000E+00   0.0000000E+00
   1.2797073E-03  -1.1529480E+02   0.0000000E+00   1.8983165E-02  -1.5193868E-03  -1.7463779E-02   0.0000000E+00   0.0000000E+00
   1.3082753E-03  -1.1527611E+02   0.0000000E+00   1.9406941E-02  -1.5533047E-03  -1.7853637E-02   0.0000000E+00   0.0000000E+00
   1.3373573E-03  -1.1525710E+02   0.0000000E+00   1.9838345E-02  -1.5878331E-03  -1.8250512E-02   0.0000000E+00   0.0000000E+00
   1.3669628E-03  -1.1523777E+02   0.0000000E+00   2.0277512E-02  -1.6229829E-03  -1.8654530E-02   0.0000000E+00   0.0000000E+00
   1.3971012E-03  -1.1521812E+02   0.0000000E+00   2.0724584E-02  -1.6587652E-03  -1.9065819E-02   0.0000000E+00   0.0000000E+00
   1.4277820E-03  -1.1519813E+02   0.0000000E+00   2.1179703E-02  -1.6951915E-03  -1.9484511E-02   0.0000000E+00   0.0000000E+00
   1.4590150E-03  -1.1517780E+02   0.0000000E+00   2.1643013E-02  -1.7322734E-03  -1.9910739E-02   0.0000000E+00   0.0000000E+00
   1.4908101E-03  -1.1515713E+02   0.0000000E+00   2.2114661E-02  -1.7700227E-03  -2.0344638E-02   0.0000000E+00   0.0000000E+00
   1.5231775E-03  -1.1513611E+02   0.0000000E+00   2.2594799E-02  -1.8084513E-03  -2.0786347E-02   0.0000000E+00   0.0000000E+00
   1.5561274E-03  -1.1511472E+02   0.0000000E+00   2.3083578E-02  -1.8475715E-03  -2.1236006E-02   0.0000000E+00   0.0000000E+00
   1.5896704E-03  -1.1509297E+02   0.0000000E+00   2.3581154E-02  -1.8873958E-03  -2.1693758E-02   0.0000000E+00   0.0000000E+00
   1.6238171E-03  -1.1507084E+02   0.0000000E+00   2.4087685E-02  -1.9279367E-03  -2.2159749E-02   0.0000000E+00   0.0000000E+00
   1.6585784E-03  -1.1504834E+02   0.0000000E+00   2.4603334E-02  -1.9692073E-03  -2.2634126E-02   0.0000000E+00   0.0000000E+00
   1.6939653E-03  -1.1502544E+02   0.0000000E+00   2.5128263E-02  -2.0112206E-03  -2.3117042E-02   0.0000000E+00   0.0000000E+00
   1.7299891E-03  -1.1500215E+02   0.0000000E+00   2.5662639E-02  -2.0539899E-03  -2.3608649E-02   0.0000000E+00   0.0000000E+00
   1.7666613E-03  -1.1497845E+02   0.0000000E+00   2.6206634E-02  -2.0975290E-03  -2.4109105E-02   0.0000000E+00   0.0000000E+00
   1.8039935E-03  -1.1495435E+02   0.0000000E+00   2.6760420E-02  -2.1418516E-03  -2.4618568E-02   0.0000000E+00   0.0000000E+00
   1.8419977E-03  -1.1492982E+02   0.0000000E+00   2.7324172E-02  -2.1869719E-03  -2.5137200E-02   0.0000000E+00   0.0000000E+00
   1.8806858E-03  -1.1490487E+02   0.0000000E+00   2.7898072E-02  -2.2329042E-03  -2.5665167E-02   0.0000000E+00   0.0000000E+00
   1.9200703E-03  -1.1487948E+02   0.0000000E+00   2.8482300E-02  -2.2796630E-03  -2.6202637E-02   0.0000000E+00   0.0000000E+00
   1.9601636E-03  -1.1485365E+02   0.0000000E+00   2.9077044E-02  -2.3272633E-03  -2.6749780E-02   0.0000000E+00   0.0000000E+00
   2.0009785E-03  -1.1482737E+02   0.0000000E+00   2.9682491E-02  -2.3757203E-03  -2.7306771E-02   0.0000000E+00   0.0000000E+00
   2.0425280E-03  -1.1480062E+02   0.0000000E+00   3.0298836E-02  -2.4250493E-03  -2.7873787E-02   0.0000000E+00   0.0000000E+00
   2.0848253E-03  -1.1477341E+02   0.0000000E+00   3.0926274E-02  -2.4752659E-03  -2.8451008E-02   0.0000000E+00   0.0000000E+00
   2.1278840E-03  -1.1474572E+02   0.0000000E+00   3.1565005E-02  -2.5263863E-03  -2.9038618E-02   0.0000000E+00   0.0000000E+00
   2.1717175E-03  -1.1471755E+02   0.0000000E+00   3.2215231E-02  -2.5784266E-03  -2.9636805E-02   0.0000000E+00   0.0000000E+00
   2.2163401E-03  -1.1468888E+02   0.0000000E+00   3.2877161E-02  -2.6314034E-03  -3.0245758E-02   0.0000000E+00   0.0000000E+00
   2.2617657E-03  -1.1465970E+02   0.0000000E+00   3.3551004E-02  -2.6853336E-03  -3.0865670E-02   0.0000000E+00   0.0000000E+00
   2.3080089E-03  -1.1463002E+02   0.0000000E+00   3.4236975E-02  -2.7402342E-03  -3.1496741E-02   0.0000000E+00   0.0000000E+00
   2.3550844E-03  -1.1459981E+02   0.0000000E+00   3.4935292E-02  -2.7961227E-03  -3.2139170E-02   0.0000000E+00   0.0000000E+00
   2.4030072E-03  -1.1456907E+02   0.0000000E+00   3.5646178E-02  -2.8530170E-03  -3.2793161E-02   0.0000000E+00   0.0000000E+00
   2.4517926E-03  -1.1453778E+02   0.0000000E+00   3.6369859E-02  -2.9109351E-03  -3.3458924E-02   0.0000000E+00   0.0000000E+00
   2.5014559E-03  -1.1450595E+02   0.0000000E+00   3.7106564E-02  -2.9698954E-03  -3.4136669E-02   0.0000000E+00   0.0000000E+00
   2.5520132E-03  -1.1447356E+02   0.0000000E+00   3.7856529E-02  -3.0299167E-03  -3.4826612E-02   0.0000000E+00   0.0000000E+00
   2.6034803E-03  -1.1444059E+02   0.0000000E+00   3.8619992E-02  -3.0910181E-03  -3.5528974E-02   0.0000000E+00   0.0000000E+00
   2.6558738E-03  -1.1440705E+02   0.0000000E+00   3.9397195E-02  -3.1532189E-03  -3.6243976E-02   0.0000000E+00   0.0000000E+00
   2.7092103E-03  -1.1437292E+02   0.0000000E+00   4.0188387E-02  -3.2165390E-03  -3.6971848E-02   0.0000000E+00   0.0000000E+00
   2.7635067E-03  -1.1433818E+02   0.0000000E+00   4.0993819E-02  -3.2809984E-03  -3.7712821E-02   0.0000000E+00   0.0000000E+00
   2.8187804E-03  -1.1430283E+02   0.0000000E+00   4.1813748E-02  -3.3466178E-03  -3.8467130E-02   0.0000000E+00   0.0000000E+00
   2.8750489E-03  -1.1426686E+02   0.0000000E+00   4.2648433E-02  -3.4134178E-03  -3.9235015E-02   0.0000000E+00   0.0000000E+00
   2.9323301E-03  -1.1423026E+02   0.0000000E+00   4.3498142E-02  -3.4814199E-03  -4.0016722E-02   0.0000000E+00   0.0000000E+00
   2.9906423E-03  -1.1419301E+02   0.0000000E+00   4.4363143E-02  -3.5506455E-03  -4.0812498E-02   0.0000000E+00   0.0000000E+00
   3.0500040E-03  -1.1415511E+02   0.0000000E+00   4.5243713E-02  -3.6211167E-03  -4.1622597E-02   0.0000000E+00   0.0000000E+00
   3.1104341E-03  -1.1411654E+02   0.0000000E+00   4.6140132E-02  -3.6928560E-03  -4.2447276E-02   0.0000000E+00   0.0000000E+00
   3.1719519E-03  -1.1407729E+02   0.0000000E+00   4.7052685E-02  -3.7658860E-03  -4.3286799E-02   0.0000000E+00   0.0000000E+00
   3.2345769E-03  -1.1403736E+02   0.0000000E+00   4.7981662E-02  -3.8402300E-03  -4.4141432E-02   0.0000000E+00   0.0000000E+00
   3.2983290E-03  -1.1399672E+02   0.0000000E+00   4.8927358E-02  -3.9159116E-03  -4.5011447E-02   0.0000000E+00   0.0000000E+00
   3.3632285E-03  -1.1395538E+02   0.0000000E+00   4.9890076E-02  -3.9929549E-03  -4.5897121E-02   0.0000000E+00   0.0000000E+00
   3.4292961E-03  -1.1391330E+02   0.0000000E+00   5.0870121E-02  -4.0713844E-03  -4.6798736E-02   0.0000000E+00   0.0000000E+00
   3.4965528E-03  -1.1387049E+02   0.0000000E+00   5.1867804E-02  -4.1512249E-03  -4.7716580E-02   0.0000000E+00   0.0000000E+00
   3.5650200E-03  -1.1382693E+02   0.0000000E+00   5.2883445E-02  -4.2325019E-03  -4.8650943E-02   0.0000000E+00   0.0000000E+00
   3.6347195E-03  -1.1378261E+02   0.0000000E+00   5.3917365E-02  -4.3152412E-03  -4.9602124E-02   0.0000000E+00   0.0000000E+00
   3.7056734E-03  -1.1373752E+02   0.0000000E+00   5.4969893E-02  -4.3994690E-03  -5.0570424E-02   0.0000000E+00   0.0000000E+00
   3.7779045E-03  -1.1369164E+02   0.0000000E+00   5.6041365E-02  -4.4852121E-03  -5.1556153E-02   0.0000000E+00   0.0000000E+00
   3.8514355E-03  -1.1364496E+02   0.0000000E+00   5.7132122E-02  -4.5724978E-03  -5.2559624E-02   0.0000000E+00   0.0000000E+00
   3.9262900E-03  -1.1359747E+02   0.0000000E+00   5.8242510E-02  -4.6613538E-03  -5.3581157E-02   0.0000000E+00   0.0000000E+00
   4.0024917E-03  -1.1354915E+02   0.0000000E+00   5.9372884E-02  -4.7518083E-03  -5.4621075E-02   0.0000000E+00   0.0000000E+00
   4.0800649E-03  -1.1350000E+02   0.0000000E+00   6.0523602E-02  -4.8438899E-03  -5.5679712E-02   0.0000000E+00   0.0000000E+00
   4.1590343E-03  -1.1344999E+02   0.0000000E+00   6.1695030E-02  -4.9376281E-03  -5.6757402E-02   0.0000000E+00   0.0000000E+00
   4.2394250E-03  -1.1339911E+02   0.0000000E+00   6.2887542E-02  -5.0330525E-03  -5.7854490E-02   0.0000000E+00   0.0000000E+00
   4.3212626E-03  -1.1334736E+02   0.0000000E+00   6.4101518E-02  -5.1301934E-03  -5.8971324E-02   0.0000000E+00   0.0000000E+00
   4.4045731E-03  -1.1329471E+02   0.0000000E+00   6.5337342E-02  -5.2290817E-03  -6.0108261E-02   0.0000000E+00   0.0000000E+00
   4.4893830E-03  -1.1324115E+02   0.0000000E+00   6.6595409E-02  -5.3297488E-03  -6.1265660E-02   0.0000000E+00   0.0000000E+00
   4.5757194E-03  -1.1318668E+02   0.0000000E+00   6.7876119E-02  -5.4322266E-03  -6.2443893E-02   0.0000000E+00   0.0000000E+00
   4.6636097E-03  -1.1313126E+02   0.0000000E+00   6.9179879E-02  -5.5365476E-03  -6.3643332E-02   0.0000000E+00   0.0000000E+00
   4.7530819E-03  -1.1307490E+02   0.0000000E+00   7.0507105E-02  -5.6427450E-03  -6.4864360E-02   0.0000000E+00   0.0000000E+00
   4.8441644E-03  -1.1301757E+02   0.0000000E+00   7.1858218E-02  -5.7508525E-03  -6.6107366E-02   0.0000000E+00   0.0000000E+00
   4.9368862E-03  -1.1295926E+02   0.0000000E+00   7.3233649E-02  -5.8609043E-03  -6.7372744E-02   0.0000000E+00   0.0000000E+00
   5.0312769E-03  -1.1289995E+02   0.0000000E+00   7.4633834E-02  -5.9729355E-03  -6.8660899E-02   0.0000000E+00   0.0000000E+00
   5.1273664E-03  -1.1283963E+02   0.0000000E+00   7.6059221E-02  -6.0869814E-03  -6.9972239E-02   0.0000000E+00   0.0000000E+00
   5.2251854E-03  -1.1277829E+02   0.0000000E+00   7.7510261E-02  -6.2030784E-03  -7.1307183E-02   0.0000000E+00   0.0000000E+00
   5.3247649E-03  -1.1271591E+02   0.0000000E+00   7.8987418E-02  -6.3212632E-03  -7.2666155E-02   0.0000000E+00   0.0000000E+00
   5.4261367E-03  -1.1265247E+02   0.0000000E+00   8.0491161E-02  -6.4415734E-03  -7.4049587E-02   0.0000000E+00   0.0000000E+00
   5.5293330E-03  -1.1258795E+02   0.0000000E+00   8.2021968E-02  -6.5640469E-03  -7.5457921E-02   0.0000000E+00   0.0000000E+00
   5.6343867E-03  -1.1252235E+02   0.0000000E+00   8.3580326E-02  -6.6887228E-03  -7.6891604E-02   0.0000000E+00   0.0000000E+00
   5.7413311E-03  -1.1245565E+02   0.0000000E+00   8.5166733E-02  -6.8156406E-03  -7.8351092E-02   0.0000000E+00   0.0000000E+00
   5.8502003E-03  -1.1238782E+02   0.0000000E+00   8.6781691E-02  -6.9448403E-03  -7.9836851E-02   0.0000000E+00   0.0000000E+00
   5.9610290E-03  -1.1231886E+02   0.0000000E+00   8.8425716E-02  -7.0763631E-03  -8.1349352E-02   0.0000000E+00   0.0000000E+00
   6.0738524E-03  -1.1224874E+02   0.0000000E+00   9.0099329E-02  -7.2102505E-03  -8.2889079E-02   0.0000000E+00   0.0000000E+00
   6.1887065E-03  -1.1217746E+02   0.0000000E+00   9.1803065E-02  -7.3465451E-03  -8.4456520E-02   0.0000000E+00   0.0000000E+00
   6.3056277E-03  -1.1210499E+02   0.0000000E+00   9.3537464E-02  -7.4852899E-03  -8.6052174E-02   0.0000000E+00   0.0000000E+00
   6.4246533E-03  -1.1203131E+02   0.0000000E+00   9.5303080E-02  -7.6265290E-03  -8.7676551E-02   0.0000000E+00   0.0000000E+00
   6.5458211E-03  -1.1195642E+02   0.0000000E+00   9.7100473E-02  -7.7703070E-03  -8.9330166E-02   0.0000000E+00   0.0000000E+00
   6.6691697E-03  -1.1188029E+02   0.0000000E+00   9.8930215E-02  -7.9166695E-03  -9.1013545E-02   0.0000000E+00   0.0000000E+00
   6.7947384E-03  -1.1180290E+02   0.0000000E+00   1.0079289E-01  -8.0656628E-03  -9.2727226E-02   0.0000000E+00   0.0000000E+00
   6.9225671E-03  -1.1172424E+02   0.0000000E+00   1.0268909E-01  -8.2173340E-03  -9.4471754E-02   0.0000000E+00   0.0000000E+00
   7.0526965E-03  -1.1164429E+02   0.0000000E+00   1.0461941E-01  -8.3717313E-03  -9.6247683E-02   0.0000000E+00   0.0000000E+00
   7.1851680E-03  -1.1156304E+02   0.0000000E+00   1.0658448E-01  -8.5289033E-03  -9.8055579E-02   0.0000000E+00   0.0000000E+00
   7.3200238E-03  -1.1148046E+02   0.0000000E+00   1.0858492E-01  -8.6888999E-03  -9.9896018E-02   0.0000000E+00   0.0000000E+00
   7.4573067E-03  -1.1139654E+02   0.0000000E+00   1.1062136E-01  -8.8517716E-03  -1.0176959E-01   0.0000000E+00   0.0000000E+00
   7.5970605E-03  -1.1131126E+02   0.0000000E+00   1.1269445E-01  -9.0175699E-03  -1.0367688E-01   0.0000000E+00   0.0000000E+00
   7.7393296E-03  -1.1122460E+02   0.0000000E+00   1.1480485E-01  -9.1863473E-03  -1.0561850E-01   0.0000000E+00   0.0000000E+00
   7.8841592E-03  -1.1113654E+02   0.0000000E+00   1.1695324E-01  -9.3581570E-03  -1.0759508E-01   0.0000000E+00   0.0000000E+00
   8.0315956E-03  -1.1104707E+02   0.0000000E+00   1.1914029E-01  -9.5330534E-03  -1.0960723E-01   0.0000000E+00   0.0000000E+00
   8.1816856E-03  -1.1095617E+02   0.0000000E+00   1.2136670E-01  -9.7110916E-03  -1.1165561E-01   0.0000000E+00   0.0000000E+00
   8.3344769E-03  -1.1086381E+02   0.0000000E+00   1.2363319E-01  -9.8923280E-03  -1.1374086E-01   0.0000000E+00   0.0000000E+00
   8.4900181E-03  -1.1076998E+02   0.0000000E+00   1.2594046E-01  -1.0076820E-02  -1.1586364E-01   0.0000000E+00   0.0000000E+00
   8.6483589E-03  -1.1067466E+02   0.0000000E+00   1.2828927E-01  -1.0264625E-02  -1.1802464E-01   0.0000000E+00   0.0000000E+00
   8.8095495E-03  -1.1057784E+02   0.0000000E+00   1.3068034E-01  -1.0455803E-02  -1.2022454E-01   0.0000000E+00   0.0000000E+00
   8.9736412E-03  -1.1047948E+02   0.0000000E+00   1.3311446E-01  -1.0650414E-02  -1.2246404E-01   0.0000000E+00   0.0000000E+00
   9.1406863E-03  -1.1037958E+02   0.0000000E+00   1.3559238E-01  -1.0848520E-02  -1.2474386E-01   0.0000000E+00   0.0000000E+00
   9.3107379E-03  -1.1027811E+02   0.0000000E+00   1.3811489E-01  -1.1050183E-02  -1.2706471E-01   0.0000000E+00   0.0000000E+00
   9.4838502E-03  -1.1017505E+02   0.0000000E+00   1.4068281E-01  -1.1255466E-02  -1.2942734E-01   0.0000000E+00   0.0000000E+00
   9.6600782E-03  -1.1007038E+02   0.0000000E+00   1.4329694E-01  -1.1464434E-02  -1.3183251E-01   0.0000000E+00   0.0000000E+00
   9.8394779E-03  -1.0996410E+02   0.0000000E+00   1.4595812E-01  -1.1677153E-02  -1.3428097E-01   0.0000000E+00   0.0000000E+00
   1.0022107E-02  -1.0985616E+02   0.0000000E+00   1.4866720E-01  -1.1893690E-02  -1.3677351E-01   0.0000000E+00   0.0000000E+00
   1.0208022E-02  -1.0974656E+02   0.0000000E+00   1.5142504E-01  -1.2114113E-02  -1.3931092E-01   0.0000000E+00   0.0000000E+00
   1.0397284E-02  -1.0963527E+02   0.0000000E+00   1.5423251E-01  -1.2338491E-02  -1.4189401E-01   0.0000000E+00   0.0000000E+00
   1.0589952E-02  -1.0952228E+02   0.0000000E+00   1.5709050E-01  -1.2566895E-02  -1.4452361E-01   0.0000000E+00   0.0000000E+00
   1.0786088E-02  -1.0940755E+02   0.0000000E+00   1.5999994E-01  -1.2799396E-02  -1.4720054E-01   0.0000000E+00   0.0000000E+00
   1.0985754E-02  -1.0929108E+02   0.0000000E+00   1.6296174E-01  -1.3036069E-02  -1.4992567E-01   0.0000000E+00   0.0000000E+00
   1.1189013E-02  -1.0917284E+02   0.0000000E+00   1.6597684E-01  -1.3276986E-02  -1.5269985E-01   0.0000000E+00   0.0000000E+00
   1.1395931E-02  -1.0905281E+02   0.0000000E+00   1.6904621E-01  -1.3522224E-02  -1.5552398E-01   0.0000000E+00   0.0000000E+00
   1.1606573E-02  -1.0893097E+02   0.0000000E+00   1.7217082E-01  -1.3771859E-02  -1.5839896E-01   0.0000000E+00   0.0000000E+00
   1.1821007E-02  -1.0880730E+02   0.0000000E+00   1.7535166E-01  -1.4025969E-02  -1.6132569E-01   0.0000000E+00   0.0000000E+00
   1.2039299E-02  -1.0868177E+02   0.0000000E+00   1.7858975E-01  -1.4284635E-02  -1.6430512E-01   0.0000000E+00   0.0000000E+00
   1.2261521E-02  -1.0855436E+02   0.0000000E+00   1.8188612E-01  -1.4547938E-02  -1.6733819E-01   0.0000000E+00   0.0000000E+00
   1.2487742E-02  -1.0842506E+02   0.0000000E+00   1.8524182E-01  -1.4815959E-02  -1.7042586E-01   0.0000000E+00   0.0000000E+00
   1.2718035E-02  -1.0829384E+02   0.0000000E+00   1.8865791E-01  -1.5088782E-02  -1.7356913E-01   0.0000000E+00   0.0000000E+00
   1.2952472E-02  -1.0816067E+02   0.0000000E+00   1.9213548E-01  -1.5366493E-02  -1.7676899E-01   0.0000000E+00   0.0000000E+00
   1.3191129E-02  -1.0802554E+02   0.0000000E+00   1.9567564E-01  -1.5649179E-02  -1.8002646E-01   0.0000000E+00   0.0000000E+00
   1.3434082E-02  -1.0788842E+02   0.0000000E+00   1.9927951E-01  -1.5936927E-02  -1.8334259E-01   0.0000000E+00   0.0000000E+00
   1.3681407E-02  -1.0774929E+02   0.0000000E+00   2.0294825E-01  -1.6229828E-02  -1.8671842E-01   0.0000000E+00   0.0000000E+00
   1.3933183E-02  -1.0760813E+02   0.0000000E+00   2.0668301E-01  -1.6527973E-02  -1.9015504E-01   0.0000000E+00   0.0000000E+00
   1.4189491E-02  -1.0746491E+02   0.0000000E+00   2.1048498E-01  -1.6831454E-02  -1.9365353E-01   0.0000000E+00   0.0000000E+00
   1.4450413E-02  -1.0731961E+02   0.0000000E+00   2.1435539E-01  -1.7140366E-02  -1.9721502E-01   0.0000000E+00   0.0000000E+00
   1.4716030E-02  -1.0717221E+02   0.0000000E+00   2.1829544E-01  -1.7454805E-02  -2.0084064E-01   0.0000000E+00   0.0000000E+00
   1.4986428E-02  -1.0702268E+02   0.0000000E+00   2.2230641E-01  -1.7774870E-02  -2.0453154E-01   0.0000000E+00   0.0000000E+00
   1.5261692E-02  -1.0687099E+02   0.0000000E+00   2.2638957E-01  -1.8100658E-02  -2.0828891E-01   0.0000000E+00   0.0000000E+00
   1.5541911E-02  -1.0671713E+02   0.0000000E+00   2.3054620E-01  -1.8432271E-02  -2.1211393E-01   0.0000000E+00   0.0000000E+00
   1.5827174E-02  -1.0656107E+02   0.0000000E+00   2.3477765E-01  -1.8769813E-02  -2.1600784E-01   0.0000000E+00   0.0000000E+00
   1.6117570E-02  -1.0640279E+02   0.0000000E+00   2.3908525E-01  -1.9113387E-02  -2.1997186E-01   0.0000000E+00   0.0000000E+00
   1.6413193E-02  -1.0624225E+02   0.0000000E+00   2.4347037E-01  -1.9463100E-02  -2.2400727E-01   0.0000000E+00   0.0000000E+00
   1.6714137E-02  -1.0607944E+02   0.0000000E+00   2.4793442E-01  -1.9819060E-02  -2.2811536E-01   0.0000000E+00   0.0000000E+00
   1.7020498E-02  -1.0591433E+02   0.0000000E+00   2.5247880E-01  -2.0181376E-02  -2.3229742E-01   0.0000000E+00   0.0000000E+00
   1.7332372E-02  -1.0574690E+02   0.0000000E+00   2.5710497E-01  -2.0550161E-02  -2.3655480E-01   0.0000000E+00   0.0000000E+00
   1.7649859E-02  -1.0557711E+02   0.0000000E+00   2.6181439E-01  -2.0925528E-02  -2.4088886E-01   0.0000000E+00   0.0000000E+00
   1.7973061E-02  -1.0540495E+02   0.0000000E+00   2.6660856E-01  -2.1307592E-02  -2.4530097E-01   0.0000000E+00   0.0000000E+00
   1.8302080E-02  -1.0523038E+02   0.0000000E+00   2.7148902E-01  -2.1696472E-02  -2.4979255E-01   0.0000000E+00   0.0000000E+00
   1.8637020E-02  -1.0505338E+02   0.0000000E+00   2.7645731E-01  -2.2092286E-02  -2.5436502E-01   0.0000000E+00   0.0000000E+00
   1.8977989E-02  -1.0487393E+02   0.0000000E+00   2.8151501E-01  -2.2495155E-02  -2.5901986E-01   0.0000000E+00   0.0000000E+00
   1.9325095E-02  -1.0469200E+02   0.0000000E+00   2.8666373E-01  -2.2905203E-02  -2.6375853E-01   0.0000000E+00   0.0000000E+00
   1.9678448E-02  -1.0450755E+02   0.0000000E+00   2.9190511E-01  -2.3322556E-02  -2.6858256E-01   0.0000000E+00   0.0000000E+00
   2.0038160E-02  -1.0432057E+02   0.0000000E+00   2.9724082E-01  -2.3747340E-02  -2.7349348E-01   0.0000000E+00   0.0000000E+00
   2.0404347E-02  -1.0413103E+02   0.0000000E+00   3.0267255E-01  -2.4179686E-02  -2.7849286E-01   0.0000000E+00   0.0000000E+00
   2.0777125E-02  -1.0393889E+02   0.0000000E+00   3.0820203E-01  -2.4619725E-02  -2.8358230E-01   0.0000000E+00   0.0000000E+00
   2.1156612E-02  -1.0374414E+02   0.0000000E+00   3.1383102E-01  -2.5067590E-02  -2.8876343E-01   0.0000000E+00   0.0000000E+00
   2.1542929E-02  -1.0354674E+02   0.0000000E+00   3.1956131E-01  -2.5523418E-02  -2.9403789E-01   0.0000000E+00   0.0000000E+00
   2.1936199E-02  -1.0334666E+02   0.0000000E+00   3.2539472E-01  -2.5987347E-02  -2.9940738E-01   0.0000000E+00   0.0000000E+00
   2.2336547E-02  -1.0314388E+02   0.0000000E+00   3.3133311E-01  -2.6459517E-02  -3.0487360E-01   0.0000000E+00   0.0000000E+00
   2.2744101E-02  -1.0293837E+02   0.0000000E+00   3.3737837E-01  -2.6940070E-02  -3.1043830E-01   0.0000000E+00   0.0000000E+00
   2.3158990E-02  -1.0273009E+02   0.0000000E+00   3.4353242E-01  -2.7429152E-02  -3.1610327E-01   0.0000000E+00   0.0000000E+00
   2.3581346E-02  -1.0251902E+02   0.0000000E+00   3.4979721E-01  -2.7926910E-02  -3.2187030E-01   0.0000000E+00   0.0000000E+00
   2.4011304E-02  -1.0230513E+02   0.0000000E+00   3.5617474E-01  -2.8433493E-02  -3.2774125E-01   0.0000000E+00   0.0000000E+00
   2.4449000E-02  -1.0208838E+02   0.0000000E+00   3.6266704E-01  -2.8949053E-02  -3.3371799E-01   0.0000000E+00   0.0000000E+00
   2.4894575E-02  -1.0186875E+02   0.0000000E+00   3.6927617E-01  -2.9473745E-02  -3.3980243E-01   0.0000000E+00   0.0000000E+00
   2.5348168E-02  -1.0164620E+02   0.0000000E+00   3.7600424E-01  -3.0007724E-02  -3.4599651E-01   0.0000000E+00   0.0000000E+00
   2.5809926E-02  -1.0142071E+02   0.0000000E+00   3.8285337E-01  -3.0551151E-02  -3.5230222E-01   0.0000000E+00   0.0000000E+00
   2.6279994E-02  -1.0119225E+02   0.0000000E+00   3.8982576E-01  -3.1104187E-02  -3.5872158E-01   0.0000000E+00   0.0000000E+00
   2.6758523E-02  -1.0096078E+02   0.0000000E+00   3.9692362E-01  -3.1666995E-02  -3.6525662E-01   0.0000000E+00   0.0000000E+00
   2.7245665E-02  -1.0072628E+02   0.0000000E+00   4.0414920E-01  -3.2239742E-02  -3.7190946E-01   0.0000000E+00   0.0000000E+00
   2.7741574E-02  -1.0048872E+02   0.0000000E+00   4.1150480E-01  -3.2822598E-02  -3.7868220E-01   0.0000000E+00   0.0000000E+00
   2.8246409E-02  -1.0024809E+02   0.0000000E+00   4.1899277E-01  -3.3415735E-02  -3.8557703E-01   0.0000000E+00   0.0000000E+00
   2.8760329E-02  -1.0000435E+02   0.0000000E+00   4.2661548E-01  -3.4019325E-02  -3.9259615E-01   0.0000000E+00   0.0000000E+00
   2.9283500E-02  -9.9757499E+01   0.0000000E+00   4.3437535E-01  -3.4633547E-02  -3.9974180E-01   0.0000000E+00   0.0000000E+00
   2.9816086E-02  -9.9507520E+01   0.0000000E+00   4.4227485E-01  -3.5258581E-02  -4.0701627E-01   0.0000000E+00   0.0000000E+00
   3.0358259E-02  -9.9254409E+01   0.0000000E+00   4.5031650E-01  -3.5894607E-02  -4.1442190E-01   0.0000000E+00   0.0000000E+00
   3.0910189E-02  -9.8998164E+01   0.0000000E+00   4.5850286E-01  -3.6541812E-02  -4.2196104E-01   0.0000000E+00   0.0000000E+00
   3.1472053E-02  -9.8738793E+01   0.0000000E+00   4.6683651E-01  -3.7200382E-02  -4.2963613E-01   0.0000000E+00   0.0000000E+00
   3.2044030E-02  -9.8476309E+01   0.0000000E+00   4.7532012E-01  -3.7870509E-02  -4.3744961E-01   0.0000000E+00   0.0000000E+00
   3.2626301E-02  -9.8210733E+01   0.0000000E+00   4.8395637E-01  -3.8552386E-02  -4.4540398E-01   0.0000000E+00   0.0000000E+00
   3.3219052E-02  -9.7942092E+01   0.0000000E+00   4.9274802E-01  -3.9246208E-02  -4.5350181E-01   0.0000000E+00   0.0000000E+00
   3.3822472E-02  -9.7670419E+01   0.0000000E+00   5.0169786E-01  -3.9952175E-02  -4.6174568E-01   0.0000000E+00   0.0000000E+00
   3.4436752E-02  -9.7395751E+01   0.0000000E+00   5.1080873E-01  -4.0670488E-02  -4.7013824E-01   0.0000000E+00   0.0000000E+00
   3.5062088E-02  -9.7118131E+01   0.0000000E+00   5.2008353E-01  -4.1401352E-02  -4.7868218E-01   0.0000000E+00   0.0000000E+00
   3.5698679E-02  -9.6837599E+01   0.0000000E+00   5.2952521E-01  -4.2144975E-02  -4.8738023E-01   0.0000000E+00   0.0000000E+00
   3.6346728E-02  -9.6554198E+01   0.0000000E+00   5.3913676E-01  -4.2901566E-02  -4.9623520E-01   0.0000000E+00   0.0000000E+00
   3.7006440E-02  -9.6267964E+01   0.0000000E+00   5.4892125E-01  -4.3671340E-02  -5.0524991E-01   0.0000000E+00   0.0000000E+00
   3.7678026E-02  -9.5978931E+01   0.0000000E+00   5.5888178E-01  -4.4454512E-02  -5.1442726E-01   0.0000000E+00   0.0000000E+00
   3.8361699E-02  -9.5687122E+01   0.0000000E+00   5.6902151E-01  -4.5251303E-02  -5.2377021E-01   0.0000000E+00   0.0000000E+00
   3.9057677E-02  -9.5392552E+01   0.0000000E+00   5.7934367E-01  -4.6061934E-02  -5.3328173E-01   0.0000000E+00   0.0000000E+00
   3.9766182E-02  -9.5095224E+01   0.0000000E+00   5.8985153E-01  -4.6886633E-02  -5.4296490E-01   0.0000000E+00   0.0000000E+00
   4.0487438E-02  -9.4795129E+01   0.0000000E+00   6.0054845E-01  -4.7725626E-02  -5.5282282E-01   0.0000000E+00   0.0000000E+00
   4.1221676E-02  -9.4492246E+01   0.0000000E+00   6.1143780E-01  -4.8579147E-02  -5.6285866E-01   0.0000000E+00   0.0000000E+00
   4.1969128E-02  -9.4186539E+01   0.0000000E+00   6.2252306E-01  -4.9447430E-02  -5.7307563E-01   0.0000000E+00   0.0000000E+00
   4.2730034E-02  -9.3877963E+01   0.0000000E+00   6.3380774E-01  -5.0330713E-02  -5.8347703E-01   0.0000000E+00   0.0000000E+00
   4.3504634E-02  -9.3566461E+01   0.0000000E+00   6.4529543E-01  -5.1229239E-02  -5.9406619E-01   0.0000000E+00   0.0000000E+00
   4.4293176E-02  -9.3251967E+01   0.0000000E+00   6.5698977E-01  -5.2143252E-02  -6.0484652E-01   0.0000000E+00   0.0000000E+00
   4.5095910E-02  -9.2934406E+01   0.0000000E+00   6.6889449E-01  -5.3073001E-02  -6.1582149E-01   0.0000000E+00   0.0000000E+00
   4.5913092E-02  -9.2613701E+01   0.0000000E+00   6.8101336E-01  -5.4018737E-02  -6.2699462E-01   0.0000000E+00   0.0000000E+00
   4.6744982E-02  -9.2289768E+01   0.0000000E+00   6.9335022E-01  -5.4980716E-02  -6.3836950E-01   0.0000000E+00   0.0000000E+00
   4.7591844E-02  -9.1962524E+01   0.0000000E+00   7.0590900E-01  -5.5959196E-02  -6.4994980E-01   0.0000000E+00   0.0000000E+00
   4.8453949E-02  -9.1631887E+01   0.0000000E+00   7.1869368E-01  -5.6954440E-02  -6.6173924E-01   0.0000000E+00   0.0000000E+00
   4.9331570E-02  -9.1297777E+01   0.0000000E+00   7.3170832E-01  -5.7966714E-02  -6.7374161E-01   0.0000000E+00   0.0000000E+00
   5.0224986E-02  -9.0960119E+01   0.0000000E+00   7.4495706E-01  -5.8996287E-02  -6.8596077E-01   0.0000000E+00   0.0000000E+00
   5.1134482E-02  -9.0618845E+01   0.0000000E+00   7.5844409E-01  -6.0043434E-02  -6.9840066E-01   0.0000000E+00   0.0000000E+00
   5.2060348E-02  -9.0273893E+01   0.0000000E+00   7.7217370E-01  -6.1108432E-02  -7.1106527E-01   0.0000000E+00   0.0000000E+00
   5.3002878E-02  -8.9925209E+01   0.0000000E+00   7.8615025E-01  -6.2191562E-02  -7.2395868E-01   0.0000000E+00   0.0000000E+00
   5.3962371E-02  -8.9572745E+01   0.0000000E+00   8.0037816E-01  -6.3293111E-02  -7.3708505E-01   0.0000000E+00   0.0000000E+00
   5.4939134E-02  -8.9216463E+01   0.0000000E+00   8.1486195E-01  -6.4413368E-02  -7.5044858E-01   0.0000000E+00   0.0000000E+00
   5.5933476E-02  -8.8856332E+01   0.0000000E+00   8.2960623E-01  -6.5552629E-02  -7.6405360E-01   0.0000000E+00   0.0000000E+00
   5.6945715E-02  -8.8492328E+01   0.0000000E+00   8.4461565E-01  -6.6711191E-02  -7.7790446E-01   0.0000000E+00   0.0000000E+00
   5.7976173E-02  -8.8124434E+01   0.0000000E+00   8.5989499E-01  -6.7889359E-02  -7.9200564E-01   0.0000000E+00   0.0000000E+00
   5.9025177E-02  -8.7752638E+01   0.0000000E+00   8.7544910E-01  -6.9087441E-02  -8.0636166E-01   0.0000000E+00   0.0000000E+00
   6.0093061E-02  -8.7376937E+01   0.0000000E+00   8.9128289E-01  -7.0305751E-02  -8.2097714E-01   0.0000000E+00   0.0000000E+00
   6.1180165E-02  -8.6997329E+01   0.0000000E+00   9.0740139E-01  -7.1544608E-02  -8.3585679E-01   0.0000000E+00   0.0000000E+00
   6.2286835E-02  -8.6613819E+01   0.0000000E+00   9.2380972E-01  -7.2804336E-02  -8.5100538E-01   0.0000000E+00   0.0000000E+00
   6.3413424E-02  -8.6226417E+01   0.0000000E+00   9.4051307E-01  -7.4085266E-02  -8.6642780E-01   0.0000000E+00   0.0000000E+00
   6.4560288E-02  -8.5835134E+01   0.0000000E+00   9.5751673E-01  -7.5387734E-02  -8.8212899E-01   0.0000000E+00   0.0000000E+00
   6.5727795E-02  -8.5439985E+01   0.0000000E+00   9.7482609E-01  -7.6712084E-02  -8.9811401E-01   0.0000000E+00   0.0000000E+00
   6.6916314E-02  -8.5040988E+01   0.0000000E+00   9.9244664E-01  -7.8058663E-02  -9.1438798E-01   0.0000000E+00   0.0000000E+00
   6.8126225E-02  -8.4638162E+01   0.0000000E+00   1.0103840E+00  -7.9427829E-02  -9.3095613E-01   0.0000000E+00   0.0000000E+00
   6.9357912E-02  -8.4231529E+01   0.0000000E+00   1.0286437E+00  -8.0819945E-02  -9.4782378E-01   0.0000000E+00   0.0000000E+00
   7.0611767E-02  -8.3821111E+01   0.0000000E+00   1.0472317E+00  -8.2235383E-02  -9.6499633E-01   0.0000000E+00   0.0000000E+00
   7.1888189E-02  -8.3406930E+01   0.0000000E+00   1.0661538E+00  -8.3674523E-02  -9.8247930E-01   0.0000000E+00   0.0000000E+00
   7.3187585E-02  -8.2989011E+01   0.0000000E+00   1.0854160E+00  -8.5137754E-02  -1.0002783E+00   0.0000000E+00   0.0000000E+00
   7.4510367E-02  -8.2567375E+01   0.0000000E+00   1.1050244E+00  -8.6625474E-02  -1.0183990E+00   0.0000000E+00   0.0000000E+00
   7.5856958E-02  -8.2142047E+01   0.0000000E+00   1.1249853E+00  -8.8138091E-02  -1.0368472E+00   0.0000000E+00   0.0000000E+00
   7.7227784E-02  -8.1713049E+01   0.0000000E+00   1.1453048E+00  -8.9676023E-02  -1.0556288E+00   0.0000000E+00   0.0000000E+00
   7.8623283E-02  -8.1280404E+01   0.0000000E+00   1.1659895E+00  -9.1239699E-02  -1.0747498E+00   0.0000000E+00   0.0000000E+00
   8.0043898E-02  -8.0844133E+01   0.0000000E+00   1.1870458E+00  -9.2829562E-02  -1.0942162E+00   0.0000000E+00   0.0000000E+00
   8.1490082E-02  -8.0404258E+01   0.0000000E+00   1.2084805E+00  -9.4446066E-02  -1.1140344E+00   0.0000000E+00   0.0000000E+00
   8.2962295E-02  -7.9960799E+01   0.0000000E+00   1.2303003E+00  -9.6089678E-02  -1.1342106E+00   0.0000000E+00   0.0000000E+00
   8.4461005E-02  -7.9513777E+01   0.0000000E+00   1.2525121E+00  -9.7760881E-02  -1.1547512E+00   0.0000000E+00   0.0000000E+00
   8.5986689E-02  -7.9063211E+01   0.0000000E+00   1.2751229E+00  -9.9460171E-02  -1.1756628E+00   0.0000000E+00   0.0000000E+00
   8.7539833E-02  -7.8609120E+01   0.0000000E+00   1.2981399E+00  -1.0118806E-01  -1.1969519E+00   0.0000000E+00   0.0000000E+00
   8.9120930E-02  -7.8151524E+01   0.0000000E+00   1.3215703E+00  -1.0294509E-01  -1.2186253E+00   0.0000000E+00   0.0000000E+00
   9.0730485E-02  -7.7690441E+01   0.0000000E+00   1.3454216E+00  -1.0473179E-01  -1.2406898E+00   0.0000000E+00   0.0000000E+00
   9.2369008E-02  -7.7225893E+01   0.0000000E+00   1.3697012E+00  -1.0654875E-01  -1.2631524E+00   0.0000000E+00   0.0000000E+00
   9.4037022E-02  -7.6757897E+01   0.0000000E+00   1.3944168E+00  -1.0839655E-01  -1.2860202E+00   0.0000000E+00   0.0000000E+00
   9.5735058E-02  -7.6286476E+01   0.0000000E+00   1.4195761E+00  -1.1027581E-01  -1.3093003E+00   0.0000000E+00   0.0000000E+00
   9.7463655E-02  -7.5811651E+01   0.0000000E+00   1.4451872E+00  -1.1218716E-01  -1.3330001E+00   0.0000000E+00   0.0000000E+00
   9.9223364E-02  -7.5333447E+01   0.0000000E+00   1.4712581E+00  -1.1413126E-01  -1.3571269E+00   0.0000000E+00   0.0000000E+00
   1.0101474E-01  -7.4851887E+01   0.0000000E+00   1.4977970E+00  -1.1610881E-01  -1.3816882E+00   0.0000000E+00   0.0000000E+00
   1.0283837E-01  -7.4367000E+01   0.0000000E+00   1.5248123E+00  -1.1812051E-01  -1.4066918E+00   0.0000000E+00   0.0000000E+00
   1.0469481E-01  -7.3878817E+01   0.0000000E+00   1.5523124E+00  -1.2016713E-01  -1.4321453E+00   0.0000000E+00   0.0000000E+00
   1.0658467E-01  -7.3387373E+01   0.0000000E+00   1.5803060E+00  -1.2224943E-01  -1.4580566E+00   0.0000000E+00   0.0000000E+00
   1.0850854E-01  -7.2892709E+01   0.0000000E+00   1.6088020E+00  -1.2436824E-01  -1.4844337E+00   0.0000000E+00   0.0000000E+00
   1.1046703E-01  -7.2394875E+01   0.0000000E+00   1.6378091E+00  -1.2652440E-01  -1.5112847E+00   0.0000000E+00   0.0000000E+00
   1.1246078E-01  -7.1893927E+01   0.0000000E+00   1.6673367E+00  -1.2871880E-01  -1.5386179E+00   0.0000000E+00   0.0000000E+00
   1.1449041E-01  -7.1389939E+01   0.0000000E+00   1.6973939E+00  -1.3095238E-01  -1.5664415E+00   0.0000000E+00   0.0000000E+00
   1.1655657E-01  -7.0882999E+01   0.0000000E+00   1.7279902E+00  -1.3322609E-01  -1.5947641E+00   0.0000000E+00   0.0000000E+00
   1.1865992E-01  -7.0373214E+01   0.0000000E+00   1.7591352E+00  -1.3554097E-01  -1.6235942E+00   0.0000000E+00   0.0000000E+00
   1.2080112E-01  -6.9860719E+01   0.0000000E+00   1.7908385E+00  -1.3789806E-01  -1.6529405E+00   0.0000000E+00   0.0000000E+00
   1.2298087E-01  -6.9345675E+01   0.0000000E+00   1.8231103E+00  -1.4029849E-01  -1.6828118E+00   0.0000000E+00   0.0000000E+00
   1.2519984E-01  -6.8828272E+01   0.0000000E+00   1.8559605E+00  -1.4274342E-01  -1.7132171E+00   0.0000000E+00   0.0000000E+00
   1.2745875E-01  -6.8308733E+01   0.0000000E+00   1.8893994E+00  -1.4523406E-01  -1.7441654E+00   0.0000000E+00   0.0000000E+00
   1.2975832E-01  -6.7787306E+01   0.0000000E+00   1.9234376E+00  -1.4777169E-01  -1.7756659E+00   0.0000000E+00   0.0000000E+00
   1.3209927E-01  -6.7264265E+01   0.0000000E+00   1.9580856E+00  -1.5035764E-01  -1.8077279E+00   0.0000000E+00   0.0000000E+00
   1.3448236E-01  -6.6739895E+01   0.0000000E+00   1.9933542E+00  -1.5299332E-01  -1.8403609E+00   0.0000000E+00   0.0000000E+00
   1.3690834E-01  -6.6214483E+01   0.0000000E+00   2.0292544E+00  -1.5568018E-01  -1.8735743E+00   0.0000000E+00   0.0000000E+00
   1.3937798E-01  -6.5688299E+01   0.0000000E+00   2.0657976E+00  -1.5841975E-01  -1.9073778E+00   0.0000000E+00   0.0000000E+00
   1.4189208E-01  -6.5161582E+01   0.0000000E+00   2.1029949E+00  -1.6121363E-01  -1.9417812E+00   0.0000000E+00   0.0000000E+00
   1.4445142E-01  -6.4634516E+01   0.0000000E+00   2.1408580E+00  -1.6406348E-01  -1.9767945E+00   0.0000000E+00   0.0000000E+00
   1.4705682E-01  -6.4107221E+01   0.0000000E+00   2.1793987E+00  -1.6697105E-01  -2.0124276E+00   0.0000000E+00   0.0000000E+00
   1.4970912E-01  -6.3579734E+01   0.0000000E+00   2.2186289E+00  -1.6993816E-01  -2.0486908E+00   0.0000000E+00   0.0000000E+00
   1.5240916E-01  -6.3052011E+01   0.0000000E+00   2.2585609E+00  -1.7296671E-01  -2.0855942E+00   0.0000000E+00   0.0000000E+00
   1.5515779E-01  -6.2523929E+01   0.0000000E+00   2.2992069E+00  -1.7605868E-01  -2.1231482E+00   0.0000000E+00   0.0000000E+00
   1.5795589E-01  -6.1995306E+01   0.0000000E+00   2.3405796E+00  -1.7921613E-01  -2.1613635E+00   0.0000000E+00   0.0000000E+00
   1.6080435E-01  -6.1465927E+01   0.0000000E+00   2.3826918E+00  -1.8244121E-01  -2.2002506E+00   0.0000000E+00   0.0000000E+00
   1.6370408E-01  -6.0935577E+01   0.0000000E+00   2.4255565E+00  -1.8573616E-01  -2.2398203E+00   0.0000000E+00   0.0000000E+00
   1.6665600E-01  -6.0404067E+01   0.0000000E+00   2.4691869E+00  -1.8910331E-01  -2.2800836E+00   0.0000000E+00   0.0000000E+00
   1.6966105E-01  -5.9871262E+01   0.0000000E+00   2.5135965E+00  -1.9254508E-01  -2.3210514E+00   0.0000000E+00   0.0000000E+00
   1.7272018E-01  -5.9337087E+01   0.0000000E+00   2.5587989E+00  -1.9606396E-01  -2.3627349E+00   0.0000000E+00   0.0000000E+00
   1.7583437E-01  -5.8801526E+01   0.0000000E+00   2.6048080E+00  -1.9966257E-01  -2.4051455E+00   0.0000000E+00   0.0000000E+00
   1.7900462E-01  -5.8264615E+01   0.0000000E+00   2.6516380E+00  -2.0334360E-01  -2.4482944E+00   0.0000000E+00   0.0000000E+00
   1.8223192E-01  -5.7726422E+01   0.0000000E+00   2.6993032E+00  -2.0710985E-01  -2.4921934E+00   0.0000000E+00   0.0000000E+00
   1.8551731E-01  -5.7187042E+01   0.0000000E+00   2.7478182E+00  -2.1096419E-01  -2.5368541E+00   0.0000000E+00   0.0000000E+00
   1.8886183E-01  -5.6646580E+01   0.0000000E+00   2.7971979E+00  -2.1490963E-01  -2.5822882E+00   0.0000000E+00   0.0000000E+00
   1.9226654E-01  -5.6105144E+01   0.0000000E+00   2.8474572E+00  -2.1894923E-01  -2.6285080E+00   0.0000000E+00   0.0000000E+00
   1.9573253E-01  -5.5562847E+01   0.0000000E+00   2.8986115E+00  -2.2308619E-01  -2.6755253E+00   0.0000000E+00   0.0000000E+00
   1.9926091E-01  -5.5019806E+01   0.0000000E+00   2.9506763E+00  -2.2732376E-01  -2.7233525E+00   0.0000000E+00   0.0000000E+00
   2.0285279E-01  -5.4476139E+01   0.0000000E+00   3.0036674E+00  -2.3166532E-01  -2.7720021E+00   0.0000000E+00   0.0000000E+00
   2.0650931E-01  -5.3931973E+01   0.0000000E+00   3.0576009E+00  -2.3611433E-01  -2.8214866E+00   0.0000000E+00   0.0000000E+00
   2.1023165E-01  -5.3387439E+01   0.0000000E+00   3.1124931E+00  -2.4067436E-01  -2.8718187E+00   0.0000000E+00   0.0000000E+00
   2.1402098E-01  -5.2842673E+01   0.0000000E+00   3.1683604E+00  -2.4534905E-01  -2.9230113E+00   0.0000000E+00   0.0000000E+00
   2.1787852E-01  -5.2297818E+01   0.0000000E+00   3.2252197E+00  -2.5014214E-01  -2.9750776E+00   0.0000000E+00   0.0000000E+00
   2.2180548E-01  -5.1753015E+01   0.0000000E+00   3.2830880E+00  -2.5505746E-01  -3.0280306E+00   0.0000000E+00   0.0000000E+00
   2.2580312E-01  -5.1208405E+01   0.0000000E+00   3.3419827E+00  -2.6009893E-01  -3.0818838E+00   0.0000000E+00   0.0000000E+00
   2.2987272E-01  -5.0664122E+01   0.0000000E+00   3.4019213E+00  -2.6527054E-01  -3.1366507E+00   0.0000000E+00   0.0000000E+00
   2.3401555E-01  -5.0120293E+01   0.0000000E+00   3.4629216E+00  -2.7057638E-01  -3.1923452E+00   0.0000000E+00   0.0000000E+00
   2.3823295E-01  -4.9577033E+01   0.0000000E+00   3.5250017E+00  -2.7602061E-01  -3.2489811E+00   0.0000000E+00   0.0000000E+00
   2.4252626E-01  -4.9034441E+01   0.0000000E+00   3.5881800E+00  -2.8160746E-01  -3.3065725E+00   0.0000000E+00   0.0000000E+00
   2.4689684E-01  -4.8492604E+01   0.0000000E+00   3.6524751E+00  -2.8734124E-01  -3.3651338E+00   0.0000000E+00   0.0000000E+00
   2.5134608E-01  -4.7951590E+01   0.0000000E+00   3.7179058E+00  -2.9322633E-01  -3.4246795E+00   0.0000000E+00   0.0000000E+00
   2.5587540E-01  -4.7411450E+01   0.0000000E+00   3.7844913E+00  -2.9926716E-01  -3.4852242E+00   0.0000000E+00   0.0000000E+00
   2.6048624E-01  -4.6872221E+01   0.0000000E+00   3.8522510E+00  -3.0546823E-01  -3.5467828E+00   0.0000000E+00   0.0000000E+00
   2.6518007E-01  -4.6333923E+01   0.0000000E+00   3.9212046E+00  -3.1183411E-01  -3.6093705E+00   0.0000000E+00   0.0000000E+00
   2.6995838E-01  -4.5796562E+01   0.0000000E+00   3.9913719E+00  -3.1836941E-01  -3.6730025E+00   0.0000000E+00   0.0000000E+00
   2.7482268E-01  -4.5260134E+01   0.0000000E+00   4.0627732E+00  -3.2507877E-01  -3.7376945E+00   0.0000000E+00   0.0000000E+00
   2.7977454E-01  -4.4724626E+01   0.0000000E+00   4.1354289E+00  -3.3196689E-01  -3.8034620E+00   0.0000000E+00   0.0000000E+00
   2.8481552E-01  -4.4190022E+01   0.0000000E+00   4.2093597E+00  -3.3903852E-01  -3.8703212E+00   0.0000000E+00   0.0000000E+00
   2.8994724E-01  -4.3656300E+01   0.0000000E+00   4.2845865E+00  -3.4629840E-01  -3.9382881E+00   0.0000000E+00   0.0000000E+00
   2.9517131E-01  -4.3123442E+01   0.0000000E+00   4.3611305E+00  -3.5375135E-01  -4.0073792E+00   0.0000000E+00   0.0000000E+00
   3.0048940E-01  -4.2591434E+01   0.0000000E+00   4.4390132E+00  -3.6140216E-01  -4.0776111E+00   0.0000000E+00   0.0000000E+00
   3.0590322E-01  -4.2060262E+01   0.0000000E+00   4.5182562E+00  -3.6925566E-01  -4.1490006E+00   0.0000000E+00   0.0000000E+00
   3.1141447E-01  -4.1529917E+01   0.0000000E+00   4.5988815E+00  -3.7731669E-01  -4.2215648E+00   0.0000000E+00   0.0000000E+00
   3.1702491E-01  -4.1000389E+01   0.0000000E+00   4.6809112E+00  -3.8559007E-01  -4.2953211E+00   0.0000000E+00   0.0000000E+00
   3.2273634E-01  -4.0471663E+01   0.0000000E+00   4.7643675E+00  -3.9408062E-01  -4.3702869E+00   0.0000000E+00   0.0000000E+00
   3.2855056E-01  -3.9943705E+01   0.0000000E+00   4.8492732E+00  -4.0279317E-01  -4.4464800E+00   0.0000000E+00   0.0000000E+00
   3.3446942E-01  -3.9416463E+01   0.0000000E+00   4.9356510E+00  -4.1173249E-01  -4.5239185E+00   0.0000000E+00   0.0000000E+00
   3.4049481E-01  -3.8889851E+01   0.0000000E+00   5.0235238E+00  -4.2090334E-01  -4.6026204E+00   0.0000000E+00   0.0000000E+00
   3.4662865E-01  -3.8363759E+01   0.0000000E+00   5.1129147E+00  -4.3031046E-01  -4.6826043E+00   0.0000000E+00   0.0000000E+00
   3.5287289E-01  -3.7838057E+01   0.0000000E+00   5.2038472E+00  -4.3995850E-01  -4.7638887E+00   0.0000000E+00   0.0000000E+00
   3.5922951E-01  -3.7312639E+01   0.0000000E+00   5.2963446E+00  -4.4985209E-01  -4.8464925E+00   0.0000000E+00   0.0000000E+00
   3.6570054E-01  -3.6787482E+01   0.0000000E+00   5.3904305E+00  -4.5999578E-01  -4.9304347E+00   0.0000000E+00   0.0000000E+00
   3.7228804E-01  -3.6262740E+01   0.0000000E+00   5.4861288E+00  -4.7039406E-01  -5.0157347E+00   0.0000000E+00   0.0000000E+00
   3.7899410E-01  -3.5738870E+01   0.0000000E+00   5.5834631E+00  -4.8105132E-01  -5.1024118E+00   0.0000000E+00   0.0000000E+00
   3.8582086E-01  -3.5216745E+01   0.0000000E+00   5.6824575E+00  -4.9197185E-01  -5.1904856E+00   0.0000000E+00   0.0000000E+00
   3.9277049E-01  -3.4697738E+01   0.0000000E+00   5.7831358E+00  -5.0315987E-01  -5.2799760E+00   0.0000000E+00   0.0000000E+00
   3.9984520E-01  -3.4183705E+01   0.0000000E+00   5.8855222E+00  -5.1461945E-01  -5.3709028E+00   0.0000000E+00   0.0000000E+00
   4.0704724E-01  -3.3676828E+01   0.0000000E+00   5.9896406E+00  -5.2635456E-01  -5.4632860E+00   0.0000000E+00   0.0000000E+00
   4.1437891E-01  -3.3179271E+01   0.0000000E+00   6.0955150E+00  -5.3836901E-01  -5.5571460E+00   0.0000000E+00   0.0000000E+00
   4.2184253E-01  -3.2692677E+01   0.0000000E+00   6.2031694E+00  -5.5066650E-01  -5.6525029E+00   0.0000000E+00   0.0000000E+00
   4.2944048E-01  -3.2217595E+01   0.0000000E+00   6.3126276E+00  -5.6325054E-01  -5.7493771E+00   0.0000000E+00   0.0000000E+00
   4.3717519E-01  -3.1753041E+01   0.0000000E+00   6.4239135E+00  -5.7612449E-01  -5.8477890E+00   0.0000000E+00   0.0000000E+00
   4.4504910E-01  -3.1296496E+01   0.0000000E+00   6.5370505E+00  -5.8929155E-01  -5.9477589E+00   0.0000000E+00   0.0000000E+00
   4.5306473E-01  -3.0844498E+01   0.0000000E+00   6.6520621E+00  -6.0275470E-01  -6.0493074E+00   0.0000000E+00   0.0000000E+00
   4.6122463E-01  -3.0393656E+01   0.0000000E+00   6.7689713E+00  -6.1651677E-01  -6.1524546E+00   0.0000000E+00   0.0000000E+00
   4.6953140E-01  -2.9941571E+01   0.0000000E+00   6.8878012E+00  -6.3058034E-01  -6.2572208E+00   0.0000000E+00   0.0000000E+00
   4.7798767E-01  -2.9487222E+01   0.0000000E+00   7.0085740E+00  -6.4494783E-01  -6.3636262E+00   0.0000000E+00   0.0000000E+00
   4.8659613E-01  -2.9030758E+01   0.0000000E+00   7.1313119E+00  -6.5962142E-01  -6.4716905E+00   0.0000000E+00   0.0000000E+00
   4.9535954E-01  -2.8573001E+01   0.0000000E+00   7.2560366E+00  -6.7460307E-01  -6.5814335E+00   0.0000000E+00   0.0000000E+00
   5.0428067E-01  -2.8114980E+01   0.0000000E+00   7.3827690E+00  -6.8989453E-01  -6.6928744E+00   0.0000000E+00   0.0000000E+00
   5.1336236E-01  -2.7657623E+01   0.0000000E+00   7.5115296E+00  -7.0549730E-01  -6.8060323E+00   0.0000000E+00   0.0000000E+00
   5.2260751E-01  -2.7201638E+01   0.0000000E+00   7.6423382E+00  -7.2141269E-01  -6.9209255E+00   0.0000000E+00   0.0000000E+00
   5.3201906E-01  -2.6747487E+01   0.0000000E+00   7.7752138E+00  -7.3764173E-01  -7.0375721E+00   0.0000000E+00   0.0000000E+00
   5.4160000E-01  -2.6295428E+01   0.0000000E+00   7.9101745E+00  -7.5418528E-01  -7.1559893E+00   0.0000000E+00   0.0000000E+00
   5.5135337E-01  -2.5845573E+01   0.0000000E+00   8.0472376E+00  -7.7104393E-01  -7.2761937E+00   0.0000000E+00   0.0000000E+00
   5.6128229E-01  -2.5397955E+01   0.0000000E+00   8.1864192E+00  -7.8821809E-01  -7.3982011E+00   0.0000000E+00   0.0000000E+00
   5.7138992E-01  -2.4952589E+01   0.0000000E+00   8.3277342E+00  -8.0570792E-01  -7.5220263E+00   0.0000000E+00   0.0000000E+00
   5.8167946E-01  -2.4509513E+01   0.0000000E+00   8.4711964E+00  -8.2351342E-01  -7.6476830E+00   0.0000000E+00   0.0000000E+00
   5.9215420E-01  -2.4068812E+01   0.0000000E+00   8.6168182E+00  -8.4163437E-01  -7.7751838E+00   0.0000000E+00   0.0000000E+00
   6.0281746E-01  -2.3630632E+01   0.0000000E+00   8.7646104E+00  -8.6007038E-01  -7.9045400E+00   0.0000000E+00   0.0000000E+00
   6.1367264E-01  -2.3195172E+01   0.0000000E+00   8.9145821E+00  -8.7882088E-01  -8.0357613E+00   0.0000000E+00   0.0000000E+00
   6.2472320E-01  -2.2762669E+01   0.0000000E+00   9.0667409E+00  -8.9788517E-01  -8.1688557E+00   0.0000000E+00   0.0000000E+00
   6.3597265E-01  -2.2333387E+01   0.0000000E+00   9.2210921E+00  -9.1726239E-01  -8.3038297E+00   0.0000000E+00   0.0000000E+00
   6.4742456E-01  -2.1907600E+01   0.0000000E+00   9.3776391E+00  -9.3695158E-01  -8.4406876E+00   0.0000000E+00   0.0000000E+00
   6.5908260E-01  -2.1485580E+01   0.0000000E+00   9.5363831E+00  -9.5695165E-01  -8.5794315E+00   0.0000000E+00   0.0000000E+00
   6.7095045E-01  -2.1067583E+01   0.0000000E+00   9.6973228E+00  -9.7726144E-01  -8.7200614E+00   0.0000000E+00   0.0000000E+00
   6.8303191E-01  -2.0653848E+01   0.0000000E+00   9.8604542E+00  -9.9787971E-01  -8.8625745E+00   0.0000000E+00   0.0000000E+00
   6.9533081E-01  -2.0244589E+01   0.0000000E+00   1.0025771E+01  -1.0188052E+00  -9.0069654E+00   0.0000000E+00   0.0000000E+00
   7.0785107E-01  -1.9839992E+01   0.0000000E+00   1.0193262E+01  -1.0400365E+00  -9.1532257E+00   0.0000000E+00   0.0000000E+00
   7.2059667E-01  -1.9440218E+01   0.0000000E+00   1.0362916E+01  -1.0615722E+00  -9.3013440E+00   0.0000000E+00   0.0000000E+00
   7.3357167E-01  -1.9045404E+01   0.0000000E+00   1.0534716E+01  -1.0834110E+00  -9.4513052E+00   0.0000000E+00   0.0000000E+00
   7.4678020E-01  -1.8655663E+01   0.0000000E+00   1.0708642E+01  -1.1055514E+00  -9.6030908E+00   0.0000000E+00   0.0000000E+00
   7.6022646E-01  -1.8271088E+01   0.0000000E+00   1.0884670E+01  -1.1279919E+00  -9.7566784E+00   0.0000000E+00   0.0000000E+00
   7.7391472E-01  -1.7891755E+01   0.0000000E+00   1.1062773E+01  -1.1507310E+00  -9.9120417E+00   0.0000000E+00   0.0000000E+00
   7.8784935E-01  -1.7517727E+01   0.0000000E+00   1.1242917E+01  -1.1737670E+00  -1.0069150E+01   0.0000000E+00   0.0000000E+00
   8.0203478E-01  -1.7149055E+01   0.0000000E+00   1.1425066E+01  -1.1970983E+00  -1.0227968E+01   0.0000000E+00   0.0000000E+00
   8.1647552E-01  -1.6785784E+01   0.0000000E+00   1.1609178E+01  -1.2207229E+00  -1.0388456E+01   0.0000000E+00   0.0000000E+00
   8.3117617E-01  -1.6427950E+01   0.0000000E+00   1.1795207E+01  -1.2446390E+00  -1.0550568E+01   0.0000000E+00   0.0000000E+00
   8.4614141E-01  -1.6075586E+01   0.0000000E+00   1.1983100E+01  -1.2688440E+00  -1.0714256E+01   0.0000000E+00   0.0000000E+00
   8.6137599E-01  -1.5728720E+01   0.0000000E+00   1.2172800E+01  -1.2933356E+00  -1.0879464E+01   0.0000000E+00   0.0000000E+00
   8.7688477E-01  -1.5387376E+01   0.0000000E+00   1.2364243E+01  -1.3181105E+00  -1.1046132E+01   0.0000000E+00   0.0000000E+00
   8.9267268E-01  -1.5051572E+01   0.0000000E+00   1.2557359E+01  -1.3431652E+00  -1.1214193E+01   0.0000000E+00   0.0000000E+00
   9.0874475E-01  -1.4721324E+01   0.0000000E+00   1.2752072E+01  -1.3684954E+00  -1.1383576E+01   0.0000000E+00   0.0000000E+00
   9.2510608E-01  -1.4396646E+01   0.0000000E+00   1.2948300E+01  -1.3940962E+00  -1.1554204E+01   0.0000000E+00   0.0000000E+00
   9.4176189E-01  -1.4077552E+01   0.0000000E+00   1.3145954E+01  -1.4199614E+00  -1.1725992E+01   0.0000000E+00   0.0000000E+00
   9.5871747E-01  -1.3764068E+01   0.0000000E+00   1.3344937E+01  -1.4460838E+00  -1.1898853E+01   0.0000000E+00   0.0000000E+00
   9.7597822E-01  -1.3456237E+01   0.0000000E+00   1.3545146E+01  -1.4724550E+00  -1.2072691E+01   0.0000000E+00   0.0000000E+00
   9.9354964E-01  -1.3154135E+01   0.0000000E+00   1.3746471E+01  -1.4990646E+00  -1.2247407E+01   0.0000000E+00   0.0000000E+00
   1.0114373E+00  -1.2857886E+01   0.0000000E+00   1.3948794E+01  -1.5259007E+00  -1.2422893E+01   0.0000000E+00   0.0000000E+00
   1.0296469E+00  -1.2567673E+01   0.0000000E+00   1.4151988E+01  -1.5529491E+00  -1.2599039E+01   0.0000000E+00   0.0000000E+00
   1.0481843E+00  -1.2283740E+01   0.0000000E+00   1.4355923E+01  -1.5801932E+00  -1.2775729E+01   0.0000000E+00   0.0000000E+00
   1.0670553E+00  -1.2006388E+01   0.0000000E+00   1.4560456E+01  -1.6076136E+00  -1.2952842E+01   0.0000000E+00   0.0000000E+00
   1.0862659E+00  -1.1735945E+01   0.0000000E+00   1.4765440E+01  -1.6351876E+00  -1.3130252E+01   0.0000000E+00   0.0000000E+00
   1.1058223E+00  -1.1472725E+01   0.0000000E+00   1.4970719E+01  -1.6628893E+00  -1.3307830E+01   0.0000000E+00   0.0000000E+00
   1.1257307E+00  -1.1216968E+01   0.0000000E+00   1.5176132E+01  -1.6906883E+00  -1.3485444E+01   0.0000000E+00   0.0000000E+00
   1.1459974E+00  -1.0968778E+01   0.0000000E+00   1.5381509E+01  -1.7185503E+00  -1.3662959E+01   0.0000000E+00   0.0000000E+00
   1.1666289E+00  -1.0728084E+01   0.0000000E+00   1.5586673E+01  -1.7464355E+00  -1.3840238E+01   0.0000000E+00   0.0000000E+00
   1.1876317E+00  -1.0494612E+01   0.0000000E+00   1.5791443E+01  -1.7742990E+00  -1.4017144E+01   0.0000000E+00   0.0000000E+00
   1.2090125E+00  -1.0267905E+01   0.0000000E+00   1.5995630E+01  -1.8020894E+00  -1.4193541E+01   0.0000000E+00   0.0000000E+00
   1.2307781E+00  -1.0047370E+01   0.0000000E+00   1.6199041E+01  -1.8297487E+00  -1.4369292E+01   0.0000000E+00   0.0000000E+00
   1.2529354E+00  -9.8323512E+00   0.0000000E+00   1.6401477E+01  -1.8572115E+00  -1.4544265E+01   0.0000000E+00   0.0000000E+00
   1.2754916E+00  -9.6221954E+00   0.0000000E+00   1.6602737E+01  -1.8844041E+00  -1.4718333E+01   0.0000000E+00   0.0000000E+00
   1.2984537E+00  -9.4163143E+00   0.0000000E+00   1.6802617E+01  -1.9112438E+00  -1.4891373E+01   0.0000000E+00   0.0000000E+00
   1.3218291E+00  -9.2142173E+00   0.0000000E+00   1.7000908E+01  -1.9376381E+00  -1.5063270E+01   0.0000000E+00   0.0000000E+00
   1.3456252E+00  -9.0155220E+00   0.0000000E+00   1.7197404E+01  -1.9634839E+00  -1.5233920E+01   0.0000000E+00   0.0000000E+00
   1.3698497E+00  -8.8199460E+00   0.0000000E+00   1.7391897E+01  -1.9886665E+00  -1.5403231E+01   0.0000000E+00   0.0000000E+00
   1.3945101E+00  -8.6272883E+00   0.0000000E+00   1.7584181E+01  -2.0130590E+00  -1.5571122E+01   0.0000000E+00   0.0000000E+00
   1.4196143E+00  -8.4374083E+00   0.0000000E+00   1.7774052E+01  -2.0365210E+00  -1.5737532E+01   0.0000000E+00   0.0000000E+00
   1.4451704E+00  -8.2502066E+00   0.0000000E+00   1.7961312E+01  -2.0588982E+00  -1.5902414E+01   0.0000000E+00   0.0000000E+00
   1.4711864E+00  -8.0656103E+00   0.0000000E+00   1.8145767E+01  -2.0800217E+00  -1.6065746E+01   0.0000000E+00   0.0000000E+00
   1.4976707E+00  -7.8835639E+00   0.0000000E+00   1.8327232E+01  -2.0997072E+00  -1.6227525E+01   0.0000000E+00   0.0000000E+00
   1.5246317E+00  -7.7040234E+00   0.0000000E+00   1.8505529E+01  -2.1177550E+00  -1.6387774E+01   0.0000000E+00   0.0000000E+00
   1.5520779E+00  -7.5269541E+00   0.0000000E+00   1.8680491E+01  -2.1339496E+00  -1.6546542E+01   0.0000000E+00   0.0000000E+00
   1.5800181E+00  -7.3523291E+00   0.0000000E+00   1.8851965E+01  -2.1480606E+00  -1.6703905E+01   0.0000000E+00   0.0000000E+00
   1.6084611E+00  -7.1801294E+00   0.0000000E+00   1.9019810E+01  -2.1598437E+00  -1.6859967E+01   0.0000000E+00   0.0000000E+00
   1.6374161E+00  -7.0103434E+00   0.0000000E+00   1.9183901E+01  -2.1690425E+00  -1.7014858E+01   0.0000000E+00   0.0000000E+00
   1.6668923E+00  -6.8429667E+00   0.0000000E+00   1.9344128E+01  -2.1753921E+00  -1.7168735E+01   0.0000000E+00   0.0000000E+00
   1.6968989E+00  -6.6780014E+00   0.0000000E+00   1.9500400E+01  -2.1786232E+00  -1.7321776E+01   0.0000000E+00   0.0000000E+00
   1.7274456E+00  -6.5154555E+00   0.0000000E+00   1.9652644E+01  -2.1784697E+00  -1.7474175E+01   0.0000000E+00   0.0000000E+00
   1.7585421E+00  -6.3553421E+00   0.0000000E+00   1.9800809E+01  -2.1746774E+00  -1.7626132E+01   0.0000000E+00   0.0000000E+00
   1.7901983E+00  -6.1976788E+00   0.0000000E+00   1.9944861E+01  -2.1670168E+00  -1.7777844E+01   0.0000000E+00   0.0000000E+00
   1.8224242E+00  -6.0424873E+00   0.0000000E+00   2.0084786E+01  -2.1552980E+00  -1.7929488E+01   0.0000000E+00   0.0000000E+00
   1.8552302E+00  -5.8897930E+00   0.0000000E+00   2.0220593E+01  -2.1393983E+00  -1.8081195E+01   0.0000000E+00   0.0000000E+00
   1.8886266E+00  -5.7396253E+00   0.0000000E+00   2.0352307E+01  -2.1191622E+00  -1.8233145E+01   0.0000000E+00   0.0000000E+00
   1.9226241E+00  -5.5920180E+00   0.0000000E+00   2.0479974E+01  -2.0944851E+00  -1.8385489E+01   0.0000000E+00   0.0000000E+00
   1.9572334E+00  -5.4470091E+00   0.0000000E+00   2.0603654E+01  -2.0679183E+00  -1.8535736E+01   0.0000000E+00   0.0000000E+00
   1.9924657E+00  -5.3046416E+00   0.0000000E+00   2.0723422E+01  -2.0428475E+00  -1.8680575E+01   0.0000000E+00   0.0000000E+00
   2.0283321E+00  -5.1649634E+00   0.0000000E+00   2.0839367E+01  -2.0180806E+00  -1.8821287E+01   0.0000000E+00   0.0000000E+00
   2.0648440E+00  -5.0280276E+00   0.0000000E+00   2.0951586E+01  -1.9917333E+00  -1.8959853E+01   0.0000000E+00   0.0000000E+00
   2.1020131E+00  -4.8938913E+00   0.0000000E+00   2.1060186E+01  -1.9642131E+00  -1.9095973E+01   0.0000000E+00   0.0000000E+00
   2.1398511E+00  -4.7626147E+00   0.0000000E+00   2.1165281E+01  -1.9359900E+00  -1.9229291E+01   0.0000000E+00   0.0000000E+00
   2.1783702E+00  -4.6342596E+00   0.0000000E+00   2.1266989E+01  -1.9073940E+00  -1.9359595E+01   0.0000000E+00   0.0000000E+00
   2.2175825E+00  -4.5088863E+00   0.0000000E+00   2.1365435E+01  -1.8787165E+00  -1.9486718E+01   0.0000000E+00   0.0000000E+00
   2.2575006E+00  -4.3865516E+00   0.0000000E+00   2.1460743E+01  -1.8501420E+00  -1.9610601E+01   0.0000000E+00   0.0000000E+00
   2.2981372E+00  -4.2673047E+00   0.0000000E+00   2.1553041E+01  -1.8216728E+00  -1.9731368E+01   0.0000000E+00   0.0000000E+00
   2.3395051E+00  -4.1511847E+00   0.0000000E+00   2.1642453E+01  -1.7937488E+00  -1.9848705E+01   0.0000000E+00   0.0000000E+00
   2.3816176E+00  -4.0382174E+00   0.0000000E+00   2.1729106E+01  -1.7670689E+00  -1.9962037E+01   0.0000000E+00   0.0000000E+00
   2.4244881E+00  -3.9284137E+00   0.0000000E+00   2.1813122E+01  -1.7413816E+00  -2.0071740E+01   0.0000000E+00   0.0000000E+00
   2.4681301E+00  -3.8217691E+00   0.0000000E+00   2.1894619E+01  -1.7162858E+00  -2.0178333E+01   0.0000000E+00   0.0000000E+00
   2.5125576E+00  -3.7182651E+00   0.0000000E+00   2.1973712E+01  -1.6918973E+00  -2.0281815E+01   0.0000000E+00   0.0000000E+00
   2.5577847E+00  -3.6178734E+00   0.0000000E+00   2.2050512E+01  -1.6683242E+00  -2.0382188E+01   0.0000000E+00   0.0000000E+00
   2.6038259E+00  -3.5205619E+00   0.0000000E+00   2.2125122E+01  -1.6456378E+00  -2.0479485E+01   0.0000000E+00   0.0000000E+00
   2.6506957E+00  -3.4263043E+00   0.0000000E+00   2.2197642E+01  -1.6239107E+00  -2.0573731E+01   0.0000000E+00   0.0000000E+00
   2.6984090E+00  -3.3350910E+00   0.0000000E+00   2.2268161E+01  -1.6032260E+00  -2.0664935E+01   0.0000000E+00   0.0000000E+00
   2.7469811E+00  -3.2469410E+00   0.0000000E+00   2.2336767E+01  -1.5836882E+00  -2.0753079E+01   0.0000000E+00   0.0000000E+00
   2.7964275E+00  -3.1619122E+00   0.0000000E+00   2.2403536E+01  -1.5654337E+00  -2.0838102E+01   0.0000000E+00   0.0000000E+00
   2.8467638E+00  -3.0801082E+00   0.0000000E+00   2.2468540E+01  -1.5486375E+00  -2.0919903E+01   0.0000000E+00   0.0000000E+00
   2.8980060E+00  -3.0016767E+00   0.0000000E+00   2.2531843E+01  -1.5335113E+00  -2.0998331E+01   0.0000000E+00   0.0000000E+00
   2.9501705E+00  -2.9267982E+00   0.0000000E+00   2.2593501E+01  -1.5202929E+00  -2.1073208E+01   0.0000000E+00   0.0000000E+00
   3.0032739E+00  -2.8556635E+00   0.0000000E+00   2.2653564E+01  -1.5092231E+00  -2.1144341E+01   0.0000000E+00   0.0000000E+00
   3.0573331E+00  -2.7884405E+00   0.0000000E+00   2.2712076E+01  -1.5005133E+00  -2.1211563E+01   0.0000000E+00   0.0000000E+00
   3.1123652E+00  -2.7252367E+00   0.0000000E+00   2.2769074E+01  -1.4943083E+00  -2.1274765E+01   0.0000000E+00   0.0000000E+00
   3.1683878E+00  -2.6660657E+00   0.0000000E+00   2.2824588E+01  -1.4906526E+00  -2.1333936E+01   0.0000000E+00   0.0000000E+00
   3.2254187E+00  -2.6108243E+00   0.0000000E+00   2.2878645E+01  -1.4894685E+00  -2.1389177E+01   0.0000000E+00   0.0000000E+00
   3.2834761E+00  -2.5592892E+00   0.0000000E+00   2.2931265E+01  -1.4905531E+00  -2.1440712E+01   0.0000000E+00   0.0000000E+00
   3.3425783E+00  -2.5111334E+00   0.0000000E+00   2.2982462E+01  -1.4935950E+00  -2.1488867E+01   0.0000000E+00   0.0000000E+00
   3.4027444E+00  -2.4659579E+00   0.0000000E+00   2.3032249E+01  -1.4982069E+00  -2.1534042E+01   0.0000000E+00   0.0000000E+00
   3.4639933E+00  -2.4233313E+00   0.0000000E+00   2.3080634E+01  -1.5039650E+00  -2.1576669E+01   0.0000000E+00   0.0000000E+00
   3.5263446E+00  -2.3828271E+00   0.0000000E+00   2.3127621E+01  -1.5104480E+00  -2.1617173E+01   0.0000000E+00   0.0000000E+00
   3.5898181E+00  -2.3440534E+00   0.0000000E+00   2.3173213E+01  -1.5172662E+00  -2.1655947E+01   0.0000000E+00   0.0000000E+00
   3.6544340E+00  -2.3066690E+00   0.0000000E+00   2.3217410E+01  -1.5240789E+00  -2.1693331E+01   0.0000000E+00   0.0000000E+00
   3.7202129E+00  -2.2703887E+00   0.0000000E+00   2.3260211E+01  -1.5306001E+00  -2.1729611E+01   0.0000000E+00   0.0000000E+00
   3.7871756E+00  -2.2349797E+00   0.0000000E+00   2.3301615E+01  -1.5365952E+00  -2.1765020E+01   0.0000000E+00   0.0000000E+00
   3.8553436E+00  -2.2002521E+00   0.0000000E+00   2.3341620E+01  -1.5418722E+00  -2.1799748E+01   0.0000000E+00   0.0000000E+00
   3.9247385E+00  -2.1660475E+00   0.0000000E+00   2.3380223E+01  -1.5462709E+00  -2.1833952E+01   0.0000000E+00   0.0000000E+00
   3.9953824E+00  -2.1322275E+00   0.0000000E+00   2.3417424E+01  -1.5496517E+00  -2.1867772E+01   0.0000000E+00   0.0000000E+00
   4.0672978E+00  -2.0986644E+00   0.0000000E+00   2.3453222E+01  -1.5518866E+00  -2.1901336E+01   0.0000000E+00   0.0000000E+00
   4.1405075E+00  -2.0652333E+00   0.0000000E+00   2.3487619E+01  -1.5528522E+00  -2.1934767E+01   0.0000000E+00   0.0000000E+00
   4.2150348E+00  -2.0318075E+00   0.0000000E+00   2.3520617E+01  -1.5524248E+00  -2.1968192E+01   0.0000000E+00   0.0000000E+00
   4.2909035E+00  -1.9982557E+00   0.0000000E+00   2.3552222E+01  -1.5504781E+00  -2.2001744E+01   0.0000000E+00   0.0000000E+00
   4.3681377E+00  -1.9644416E+00   0.0000000E+00   2.3582442E+01  -1.5468837E+00  -2.2035558E+01   0.0000000E+00   0.0000000E+00
   4.4467620E+00  -1.9302268E+00   0.0000000E+00   2.3611286E+01  -1.5415129E+00  -2.2069773E+01   0.0000000E+00   0.0000000E+00
   4.5268014E+00  -1.8954745E+00   0.0000000E+00   2.3638767E+01  -1.5342420E+00  -2.2104525E+01   0.0000000E+00   0.0000000E+00
   4.6082813E+00  -1.8600567E+00   0.0000000E+00   2.3664902E+01  -1.5249586E+00  -2.2139943E+01   0.0000000E+00   0.0000000E+00
   4.6912278E+00  -1.8238626E+00   0.0000000E+00   2.3689708E+01  -1.5135705E+00  -2.2176137E+01   0.0000000E+00   0.0000000E+00
   4.7756671E+00  -1.7868084E+00   0.0000000E+00   2.3713207E+01  -1.5000153E+00  -2.2213192E+01   0.0000000E+00   0.0000000E+00
   4.8616262E+00  -1.7488474E+00   0.0000000E+00   2.3735423E+01  -1.4842708E+00  -2.2251153E+01   0.0000000E+00   0.0000000E+00
   4.9491324E+00  -1.7099793E+00   0.0000000E+00   2.3756384E+01  -1.4663638E+00  -2.2290021E+01   0.0000000E+00   0.0000000E+00
   5.0382136E+00  -1.6702574E+00   0.0000000E+00   2.3776120E+01  -1.4463776E+00  -2.2329743E+01   0.0000000E+00   0.0000000E+00
   5.1288980E+00  -1.6297921E+00   0.0000000E+00   2.3794663E+01  -1.4244549E+00  -2.2370208E+01   0.0000000E+00   0.0000000E+00
   5.2212147E+00  -1.5887502E+00   0.0000000E+00   2.3812047E+01  -1.4007973E+00  -2.2411250E+01   0.0000000E+00   0.0000000E+00
   5.3151928E+00  -1.5473493E+00   0.0000000E+00   2.3828310E+01  -1.3756595E+00  -2.2452651E+01   0.0000000E+00   0.0000000E+00
   5.4108624E+00  -1.5058486E+00   0.0000000E+00   2.3843491E+01  -1.3493393E+00  -2.2494151E+01   0.0000000E+00   0.0000000E+00
   5.5082539E+00  -1.4645353E+00   0.0000000E+00   2.3857629E+01  -1.3221644E+00  -2.2535465E+01   0.0000000E+00   0.0000000E+00
   5.6073983E+00  -1.4237099E+00   0.0000000E+00   2.3870767E+01  -1.2944772E+00  -2.2576290E+01   0.0000000E+00   0.0000000E+00
   5.7083270E+00  -1.3836711E+00   0.0000000E+00   2.3882948E+01  -1.2666190E+00  -2.2616329E+01   0.0000000E+00   0.0000000E+00
   5.8110724E+00  -1.3447007E+00   0.0000000E+00   2.3894215E+01  -1.2389156E+00  -2.2655299E+01   0.0000000E+00   0.0000000E+00
   5.9156669E+00  -1.3070519E+00   0.0000000E+00   2.3904612E+01  -1.2116640E+00  -2.2692948E+01   0.0000000E+00   0.0000000E+00
   6.0221440E+00  -1.2709387E+00   0.0000000E+00   2.3914184E+01  -1.1851230E+00  -2.2729061E+01   0.0000000E+00   0.0000000E+00
   6.1305375E+00  -1.2365298E+00   0.0000000E+00   2.3922975E+01  -1.1595052E+00  -2.2763470E+01   0.0000000E+00   0.0000000E+00
   6.2408818E+00  -1.2039434E+00   0.0000000E+00   2.3931030E+01  -1.1349730E+00  -2.2796057E+01   0.0000000E+00   0.0000000E+00
   6.3532122E+00  -1.1732459E+00   0.0000000E+00   2.3938391E+01  -1.1116366E+00  -2.2826754E+01   0.0000000E+00   0.0000000E+00
   6.4675643E+00  -1.1444520E+00   0.0000000E+00   2.3945101E+01  -1.0895533E+00  -2.2855548E+01   0.0000000E+00   0.0000000E+00
   6.5839745E+00  -1.1175267E+00   0.0000000E+00   2.3951203E+01  -1.0687301E+00  -2.2882473E+01   0.0000000E+00   0.0000000E+00
   6.7024800E+00  -1.0923883E+00   0.0000000E+00   2.3956738E+01  -1.0491260E+00  -2.2907612E+01   0.0000000E+00   0.0000000E+00
   6.8231183E+00  -1.0689126E+00   0.0000000E+00   2.3961744E+01  -1.0306567E+00  -2.2931087E+01   0.0000000E+00   0.0000000E+00
   6.9459279E+00  -1.0469382E+00   0.0000000E+00   2.3966261E+01  -1.0131989E+00  -2.2953062E+01   0.0000000E+00   0.0000000E+00
   7.0709478E+00  -1.0262722E+00   0.0000000E+00   2.3970324E+01  -9.9659659E-01  -2.2973728E+01   0.0000000E+00   0.0000000E+00
   7.1982179E+00  -1.0066968E+00   0.0000000E+00   2.3973970E+01  -9.8066718E-01  -2.2993303E+01   0.0000000E+00   0.0000000E+00
   7.3277786E+00  -9.8797600E-01   0.0000000E+00   2.3977232E+01  -9.6520846E-01  -2.3012024E+01   0.0000000E+00   0.0000000E+00
   7.4596712E+00  -9.6986356E-01   0.0000000E+00   2.3980143E+01  -9.5000618E-01  -2.3030136E+01   0.0000000E+00   0.0000000E+00
   7.5939376E+00  -9.5211066E-01   0.0000000E+00   2.3982731E+01  -9.3484186E-01  -2.3047889E+01   0.0000000E+00   0.0000000E+00
   7.7306206E+00  -9.3447393E-01   0.0000000E+00   2.3985027E+01  -9.1950079E-01  -2.3065526E+01   0.0000000E+00   0.0000000E+00
   7.8697636E+00  -9.1672330E-01   0.0000000E+00   2.3987056E+01  -9.0377981E-01  -2.3083277E+01   0.0000000E+00   0.0000000E+00
   8.0114110E+00  -8.9864930E-01   0.0000000E+00   2.3988845E+01  -8.8749472E-01  -2.3101351E+01   0.0000000E+00   0.0000000E+00
   8.1556077E+00  -8.8006954E-01   0.0000000E+00   2.3990417E+01  -8.7048667E-01  -2.3119930E+01   0.0000000E+00   0.0000000E+00
   8.3023998E+00  -8.6083390E-01   0.0000000E+00   2.3991794E+01  -8.5262746E-01  -2.3139166E+01   0.0000000E+00   0.0000000E+00
   8.4518338E+00  -8.4082822E-01   0.0000000E+00   2.3992995E+01  -8.3382322E-01  -2.3159172E+01   0.0000000E+00   0.0000000E+00
   8.6039574E+00  -8.1997629E-01   0.0000000E+00   2.3994040E+01  -8.1401647E-01  -2.3180024E+01   0.0000000E+00   0.0000000E+00
   8.7588189E+00  -7.9824002E-01   0.0000000E+00   2.3994946E+01  -7.9318637E-01  -2.3201760E+01   0.0000000E+00   0.0000000E+00
   8.9164677E+00  -7.7561801E-01   0.0000000E+00   2.3995729E+01  -7.7134726E-01  -2.3224382E+01   0.0000000E+00   0.0000000E+00
   9.0769539E+00  -7.5214259E-01   0.0000000E+00   2.3996403E+01  -7.4854588E-01  -2.3247857E+01   0.0000000E+00   0.0000000E+00
   9.2403285E+00  -7.2787572E-01   0.0000000E+00   2.3996981E+01  -7.2485724E-01  -2.3272124E+01   0.0000000E+00   0.0000000E+00
   9.4066436E+00  -7.0290411E-01   0.0000000E+00   2.3997476E+01  -7.0037987E-01  -2.3297096E+01   0.0000000E+00   0.0000000E+00
   9.5759521E+00  -6.7733389E-01   0.0000000E+00   2.3997897E+01  -6.7523054E-01  -2.3322666E+01   0.0000000E+00   0.0000000E+00
   9.7483078E+00  -6.5128523E-01   0.0000000E+00   2.3998254E+01  -6.4953898E-01  -2.3348715E+01   0.0000000E+00   0.0000000E+00
   9.9237657E+00  -6.2488719E-01   0.0000000E+00   2.3998556E+01  -6.2344275E-01  -2.3375113E+01   0.0000000E+00   0.0000000E+00
   1.0102381E+01  -5.9827295E-01   0.0000000E+00   2.3998810E+01  -5.9708264E-01  -2.3401727E+01   0.0000000E+00   0.0000000E+00
   1.0284212E+01  -5.7157579E-01   0.0000000E+00   2.3999023E+01  -5.7059860E-01  -2.3428424E+01   0.0000000E+00   0.0000000E+00
   1.0469315E+01  -5.4492554E-01   0.0000000E+00   2.3999201E+01  -5.4412640E-01  -2.3455074E+01   0.0000000E+00   0.0000000E+00
   1.0657750E+01  -5.1844591E-01   0.0000000E+00   2.3999349E+01  -5.1779492E-01  -2.3481554E+01   0.0000000E+00   0.0000000E+00
   1.0849576E+01  -4.9225238E-01   0.0000000E+00   2.3999472E+01  -4.9172415E-01  -2.3507748E+01   0.0000000E+00   0.0000000E+00
   1.1044855E+01  -4.6645075E-01   0.0000000E+00   2.3999573E+01  -4.6602386E-01  -2.3533549E+01   0.0000000E+00   0.0000000E+00
   1.1243648E+01  -4.4113624E-01   0.0000000E+00   2.3999656E+01  -4.4079263E-01  -2.3558864E+01   0.0000000E+00   0.0000000E+00
   1.1446019E+01  -4.1639300E-01   0.0000000E+00   2.3999725E+01  -4.1611756E-01  -2.3583607E+01   0.0000000E+00   0.0000000E+00
   1.1652033E+01  -3.9229404E-01   0.0000000E+00   2.3999780E+01  -3.9207415E-01  -2.3607706E+01   0.0000000E+00   0.0000000E+00
   1.1861754E+01  -3.6890139E-01   0.0000000E+00   2.3999825E+01  -3.6872659E-01  -2.3631099E+01   0.0000000E+00   0.0000000E+00
   1.2075251E+01  -3.4626655E-01   0.0000000E+00   2.3999862E+01  -3.4612819E-01  -2.3653733E+01   0.0000000E+00   0.0000000E+00
   1.2292589E+01  -3.2443107E-01   0.0000000E+00   2.3999891E+01  -3.2432202E-01  -2.3675569E+01   0.0000000E+00   0.0000000E+00
   1.2513840E+01  -3.0342714E-01   0.0000000E+00   2.3999914E+01  -3.0334157E-01  -2.3696573E+01   0.0000000E+00   0.0000000E+00
   1.2739072E+01  -2.8327843E-01   0.0000000E+00   2.3999933E+01  -2.8321157E-01  -2.3716722E+01   0.0000000E+00   0.0000000E+00
   1.2968358E+01  -2.6400074E-01   0.0000000E+00   2.3999948E+01  -2.6394875E-01  -2.3735999E+01   0.0000000E+00   0.0000000E+00
   1.3201771E+01  -2.4560285E-01   0.0000000E+00   2.3999960E+01  -2.4556259E-01  -2.3754397E+01   0.0000000E+00   0.0000000E+00
   1.3439386E+01  -2.2808719E-01   0.0000000E+00   2.3999969E+01  -2.2805617E-01  -2.3771913E+01   0.0000000E+00   0.0000000E+00
   1.3681276E+01  -2.1145060E-01   0.0000000E+00   2.3999976E+01  -2.1142680E-01  -2.3788549E+01   0.0000000E+00   0.0000000E+00
   1.3927521E+01  -1.9568499E-01   0.0000000E+00   2.3999982E+01  -1.9566682E-01  -2.3804315E+01   0.0000000E+00   0.0000000E+00
   1.4178197E+01  -1.8077795E-01   0.0000000E+00   2.3999986E+01  -1.8076415E-01  -2.3819222E+01   0.0000000E+00   0.0000000E+00
   1.4433385E+01  -1.6671339E-01   0.0000000E+00   2.3999990E+01  -1.6670296E-01  -2.3833287E+01   0.0000000E+00   0.0000000E+00
   1.4693166E+01  -1.5347202E-01   0.0000000E+00   2.3999992E+01  -1.5346417E-01  -2.3846528E+01   0.0000000E+00   0.0000000E+00
   1.4957622E+01  -1.4103188E-01   0.0000000E+00   2.3999994E+01  -1.4102600E-01  -2.3858968E+01   0.0000000E+00   0.0000000E+00
   1.5226838E+01  -1.2936876E-01   0.0000000E+00   2.3999996E+01  -1.2936438E-01  -2.3870631E+01   0.0000000E+00   0.0000000E+00
   1.5500900E+01  -1.1845665E-01   0.0000000E+00   2.3999997E+01  -1.1845341E-01  -2.3881543E+01   0.0000000E+00   0.0000000E+00
   1.5779894E+01  -1.0826809E-01   0.0000000E+00   2.3999998E+01  -1.0826570E-01  -2.3891732E+01   0.0000000E+00   0.0000000E+00
   1.6063910E+01  -9.8774490E-02   0.0000000E+00   2.3999998E+01  -9.8772740E-02  -2.3901226E+01   0.0000000E+00   0.0000000E+00
   1.6353038E+01  -8.9946453E-02   0.0000000E+00   2.3999999E+01  -8.9945178E-02  -2.3910054E+01   0.0000000E+00   0.0000000E+00
   1.6647369E+01  -8.1754033E-02   0.0000000E+00   2.3999999E+01  -8.1753109E-02  -2.3918246E+01   0.0000000E+00   0.0000000E+00
   1.6946998E+01  -7.4166979E-02   0.0000000E+00   2.3999999E+01  -7.4166314E-02  -2.3925833E+01   0.0000000E+00   0.0000000E+00
   1.7252019E+01  -6.7154955E-02   0.0000000E+00   2.4000000E+01  -6.7154479E-02  -2.3932845E+01   0.0000000E+00   0.0000000E+00
   1.7562531E+01  -6.0687725E-02   0.0000000E+00   2.4000000E+01  -6.0687387E-02  -2.3939312E+01   0.0000000E+00   0.0000000E+00
   1.7878631E+01  -5.4735331E-02   0.0000000E+00   2.4000000E+01  -5.4735092E-02  -2.3945265E+01   0.0000000E+00   0.0000000E+00
   1.8200420E+01  -4.9268236E-02   0.0000000E+00   2.4000000E+01  -4.9268069E-02  -2.3950732E+01   0.0000000E+00   0.0000000E+00
   1.8528001E+01  -4.4257461E-02   0.0000000E+00   2.4000000E+01  -4.4257345E-02  -2.3955743E+01   0.0000000E+00   0.0000000E+00
   1.8861477E+01  -3.9674695E-02   0.0000000E+00   2.4000000E+01  -3.9674616E-02  -2.3960325E+01   0.0000000E+00   0.0000000E+00
   1.9200956E+01  -3.5492397E-02   0.0000000E+00   2.4000000E+01  -3.5492343E-02  -2.3964508E+01   0.0000000E+00   0.0000000E+00
   1.9546545E+01  -3.1683877E-02   0.0000000E+00   2.4000000E+01  -3.1683841E-02  -2.3968316E+01   0.0000000E+00   0.0000000E+00
   1.9898354E+01  -2.8223365E-02   0.0000000E+00   2.4000000E+01  -2.8223341E-02  -2.3971777E+01   0.0000000E+00   0.0000000E+00
   2.0256494E+01  -2.5086070E-02   0.0000000E+00   2.4000000E+01  -2.5086056E-02  -2.3974914E+01   0.0000000E+00   0.0000000E+00
   2.0621081E+01  -2.2248227E-02   0.0000000E+00   2.4000000E+01  -2.2248218E-02  -2.3977752E+01   0.0000000E+00   0.0000000E+00
   2.0992229E+01  -1.9687126E-02   0.0000000E+00   2.4000000E+01  -1.9687121E-02  -2.3980313E+01   0.0000000E+00   0.0000000E+00
   2.1370058E+01  -1.7381140E-02   0.0000000E+00   2.4000000E+01  -1.7381138E-02  -2.3982619E+01   0.0000000E+00   0.0000000E+00
   2.1754687E+01  -1.5309740E-02   0.0000000E+00   2.4000000E+01  -1.5309740E-02  -2.3984690E+01   0.0000000E+00   0.0000000E+00
   2.2146238E+01  -1.3453501E-02   0.0000000E+00   2.4000000E+01  -1.3453502E-02  -2.3986547E+01   0.0000000E+00   0.0000000E+00
   2.2544837E+01  -1.1794099E-02   0.0000000E+00   2.4000000E+01  -1.1794101E-02  -2.3988206E+01   0.0000000E+00   0.0000000E+00
   2.2950609E+01  -1.0314303E-02   0.0000000E+00   2.4000000E+01  -1.0314305E-02  -2.3989686E+01   0.0000000E+00   0.0000000E+00
   2.3363685E+01  -8.9979618E-03   0.0000000E+00   2.4000000E+01  -8.9979645E-03  -2.3991002E+01   0.0000000E+00   0.0000000E+00
   2.3784196E+01  -7.8299823E-03   0.0000000E+00   2.4000000E+01  -7.8299852E-03  -2.3992170E+01   0.0000000E+00   0.0000000E+00
   2.4212275E+01  -6.7963033E-03   0.0000000E+00   2.4000000E+01  -6.7963063E-03  -2.3993204E+01   0.0000000E+00   0.0000000E+00
   2.4648059E+01  -5.8838664E-03   0.0000000E+00   2.4000000E+01  -5.8838694E-03  -2.3994116E+01   0.0000000E+00   0.0000000E+00
   2.5091685E+01  -5.0805817E-03   0.0000000E+00   2.4000000E+01  -5.0805848E-03  -2.3994920E+01   0.0000000E+00   0.0000000E+00
   2.5543297E+01  -4.3752912E-03   0.0000000E+00   2.4000000E+01  -4.3752943E-03  -2.3995625E+01   0.0000000E+00   0.0000000E+00
   2.6003037E+01  -3.7577289E-03   0.0000000E+00   2.4000000E+01  -3.7577319E-03  -2.3996242E+01   0.0000000E+00   0.0000000E+00
   2.6471051E+01  -3.2184781E-03   0.0000000E+00   2.4000000E+01  -3.2184811E-03  -2.3996782E+01   0.0000000E+00   0.0000000E+00
   2.6947488E+01  -2.7489332E-03   0.0000000E+00   2.4000000E+01  -2.7489362E-03  -2.3997251E+01   0.0000000E+00   0.0000000E+00
   2.7432501E+01  -2.3412505E-03   0.0000000E+00   2.4000000E+01  -2.3412534E-03  -2.3997659E+01   0.0000000E+00   0.0000000E+00
   2.7926243E+01  -1.9883048E-03   0.0000000E+00   2.4000000E+01  -1.9883077E-03  -2.3998012E+01   0.0000000E+00   0.0000000E+00
   2.8428872E+01  -1.6836451E-03   0.0000000E+00   2.4000000E+01  -1.6836480E-03  -2.3998316E+01   0.0000000E+00   0.0000000E+00
   2.8940546E+01  -1.4214506E-03   0.0000000E+00   2.4000000E+01  -1.4214534E-03  -2.3998579E+01   0.0000000E+00   0.0000000E+00
   2.9461431E+01  -1.1964856E-03   0.0000000E+00   2.4000000E+01  -1.1964884E-03  -2.3998804E+01   0.0000000E+00   0.0000000E+00
   2.9991690E+01  -1.0040572E-03   0.0000000E+00   2.4000000E+01  -1.0040600E-03  -2.3998996E+01   0.0000000E+00   0.0000000E+00
   3.0531493E+01  -8.3997307E-04   0.0000000E+00   2.4000000E+01  -8.3997581E-04  -2.3999160E+01   0.0000000E+00   0.0000000E+00
   3.1081011E+01  -7.0050087E-04   0.0000000E+00   2.4000000E+01  -7.0050357E-04  -2.3999300E+01   0.0000000E+00   0.0000000E+00
   3.1640420E+01  -5.8232952E-04   0.0000000E+00   2.4000000E+01  -5.8233219E-04  -2.3999418E+01   0.0000000E+00   0.0000000E+00
   3.2209897E+01  -4.8253190E-04   0.0000000E+00   2.4000000E+01  -4.8253453E-04  -2.3999518E+01   0.0000000E+00   0.0000000E+00
   3.2789624E+01  -3.9852954E-04   0.0000000E+00   2.4000000E+01  -3.9853213E-04  -2.3999602E+01   0.0000000E+00   0.0000000E+00
   3.3379784E+01  -3.2805926E-04   0.0000000E+00   2.4000000E+01  -3.2806181E-04  -2.3999672E+01   0.0000000E+00   0.0000000E+00
   3.3980567E+01  -2.6914190E-04   0.0000000E+00   2.4000000E+01  -2.6914442E-04  -2.3999731E+01   0.0000000E+00   0.0000000E+00
   3.4592162E+01  -2.2005304E-04   0.0000000E+00   2.4000000E+01  -2.2005551E-04  -2.3999780E+01   0.0000000E+00   0.0000000E+00
   3.5214766E+01  -1.7929578E-04   0.0000000E+00   2.4000000E+01  -1.7929822E-04  -2.3999821E+01   0.0000000E+00   0.0000000E+00
   3.5848575E+01  -1.4557566E-04   0.0000000E+00   2.4000000E+01  -1.4557805E-04  -2.3999855E+01   0.0000000E+00   0.0000000E+00
   3.6493791E+01  -1.1777765E-04   0.0000000E+00   2.4000000E+01  -1.1778001E-04  -2.3999882E+01   0.0000000E+00   0.0000000E+00
   3.7150620E+01  -9.4944876E-05   0.0000000E+00   2.4000000E+01  -9.4947195E-05  -2.3999905E+01   0.0000000E+00   0.0000000E+00
   3.7819271E+01  -7.6259433E-05   0.0000000E+00   2.4000000E+01  -7.6261712E-05  -2.3999924E+01   0.0000000E+00   0.0000000E+00
   3.8499957E+01  -6.1024962E-05   0.0000000E+00   2.4000000E+01  -6.1027201E-05  -2.3999939E+01   0.0000000E+00   0.0000000E+00
   3.9192893E+01  -4.8650963E-05   0.0000000E+00   2.4000000E+01  -4.8653162E-05  -2.3999952E+01   0.0000000E+00   0.0000000E+00
   3.9898302E+01  -3.8638767E-05   0.0000000E+00   2.4000000E+01  -3.8640924E-05  -2.3999962E+01   0.0000000E+00   0.0000000E+00
   4.0616406E+01  -3.0568934E-05   0.0000000E+00   2.4000000E+01  -3.0571049E-05  -2.3999970E+01   0.0000000E+00   0.0000000E+00
   4.1347435E+01  -2.4090138E-05   0.0000000E+00   2.4000000E+01  -2.4092212E-05  -2.3999976E+01   0.0000000E+00   0.0000000E+00
   4.2091621E+01  -1.8909341E-05   0.0000000E+00   2.4000000E+01  -1.8911372E-05  -2.3999981E+01   0.0000000E+00   0.0000000E+00
   4.2849201E+01  -1.4783149E-05   0.0000000E+00   2.4000000E+01  -1.4785137E-05  -2.3999985E+01   0.0000000E+00   0.0000000E+00
   4.3620417E+01  -1.1510269E-05   0.0000000E+00   2.4000000E+01  -1.1512213E-05  -2.3999989E+01   0.0000000E+00   0.0000000E+00
   4.4405513E+01  -8.9249415E-06   0.0000000E+00   2.4000000E+01  -8.9268418E-06  -2.3999991E+01   0.0000000E+00   0.0000000E+00
   4.5204739E+01  -6.8912663E-06   0.0000000E+00   2.4000000E+01  -6.8931219E-06  -2.3999993E+01   0.0000000E+00   0.0000000E+00
   4.6018350E+01  -5.2983099E-06   0.0000000E+00   2.4000000E+01  -5.3001203E-06  -2.3999995E+01   0.0000000E+00   0.0000000E+00
   4.6846604E+01  -4.0559232E-06   0.0000000E+00   2.4000000E+01  -4.0576879E-06  -2.3999996E+01   0.0000000E+00   0.0000000E+00
   4.7689766E+01  -3.0911744E-06   0.0000000E+00   2.4000000E+01  -3.0928927E-06  -2.3999997E+01   0.0000000E+00   0.0000000E+00
   4.8548102E+01  -2.3453317E-06   0.0000000E+00   2.4000000E+01  -2.3470030E-06  -2.3999998E+01   0.0000000E+00   0.0000000E+00
   4.9421888E+01  -1.7713111E-06   0.0000000E+00   2.4000000E+01  -1.7729349E-06  -2.3999999E+01   0.0000000E+00   0.0000000E+00
   5.0311400E+01  -1.3315425E-06   0.0000000E+00   2.4000000E+01  -1.3331182E-06  -2.3999999E+01   0.0000000E+00   0.0000000E+00
   5.1216922E+01  -9.9618734E-07   0.0000000E+00   2.4000000E+01  -9.9771429E-07  -2.3999999E+01   0.0000000E+00   0.0000000E+00
   5.2138741E+01  -7.4165865E-07   0.0000000E+00   2.4000000E+01  -7.4313620E-07  -2.4000000E+01   0.0000000E+00   0.0000000E+00
   5.3077152E+01  -5.4940239E-07   0.0000000E+00   2.4000000E+01  -5.5082986E-07  -2.4000000E+01   0.0000000E+00   0.0000000E+00
   5.4032452E+01  -4.0489212E-07   0.0000000E+00   2.4000000E+01  -4.0626891E-07  -2.4000000E+01   0.0000000E+00   0.0000000E+00
   5.5004946E+01  -2.9681124E-07   0.0000000E+00   2.4000000E+01  -2.9813665E-07  -2.4000000E+01   0.0000000E+00   0.0000000E+00
   5.5994943E+01  -2.1638722E-07   0.0000000E+00   2.4000000E+01  -2.1766060E-07  -2.4000000E+01   0.0000000E+00   0.0000000E+00
   5.7002759E+01  -1.5685394E-07   0.0000000E+00   2.4000000E+01  -1.5807467E-07  -2.4000000E+01   0.0000000E+00   0.0000000E+00
   5.8028713E+01  -1.1301967E-07   0.0000000E+00   2.4000000E+01  -1.1418697E-07  -2.4000000E+01   0.0000000E+00   0.0000000E+00
   5.9073133E+01  -8.0921026E-08   0.0000000E+00   2.4000000E+01  -8.2034174E-08  -2.4000000E+01   0.0000000E+00   0.0000000E+00
   6.0136350E+01  -5.7548476E-08   0.0000000E+00   2.4000000E+01  -5.8606744E-08  -2.4000000E+01   0.0000000E+00   0.0000000E+00
   6.1218704E+01  -4.0629047E-08   0.0000000E+00   2.4000000E+01  -4.1631701E-08  -2.4000000E+01   0.0000000E+00   0.0000000E+00
   6.2320538E+01  -2.8455403E-08   0.0000000E+00   2.4000000E+01  -2.9401684E-08  -2.4000000E+01   0.0000000E+00   0.0000000E+00
   6.3442202E+01  -1.9752179E-08   0.0000000E+00   2.4000000E+01  -2.0641348E-08  -2.4000000E+01   0.0000000E+00   0.0000000E+00
   6.4584055E+01  -1.3572119E-08   0.0000000E+00   2.4000000E+01  -1.4403454E-08  -2.4000000E+01   0.0000000E+00   0.0000000E+00
   6.5746460E+01  -9.2159098E-09   0.0000000E+00   2.4000000E+01  -9.9885211E-09  -2.4000000E+01   0.0000000E+00   0.0000000E+00
   6.6929785E+01  -6.1700121E-09   0.0000000E+00   2.4000000E+01  -6.8831103E-09  -2.4000000E+01   0.0000000E+00   0.0000000E+00
   6.8134408E+01  -4.0598707E-09   0.0000000E+00   2.4000000E+01  -4.7125798E-09  -2.4000000E+01   0.0000000E+00   0.0000000E+00
   6.9360713E+01  -2.6137741E-09   0.0000000E+00   2.4000000E+01  -3.2052684E-09  -2.4000000E+01   0.0000000E+00   0.0000000E+00
   7.0609088E+01  -1.6359820E-09   0.0000000E+00   2.4000000E+01  -2.1654198E-09  -2.4000000E+01   0.0000000E+00   0.0000000E+00
   7.1879932E+01  -9.8634700E-10   0.0000000E+00   2.4000000E+01  -1.4529338E-09  -2.4000000E+01   0.0000000E+00   0.0000000E+00
   7.3173650E+01  -5.6533622E-10   0.0000000E+00   2.4000000E+01  -9.6808109E-10  -2.4000000E+01   0.0000000E+00   0.0000000E+00
   7.4490651E+01  -3.0274805E-10   0.0000000E+00   2.4000000E+01  -6.4076288E-10  -2.4000000E+01   0.0000000E+00   0.0000000E+00
   7.5831357E+01  -1.4891555E-10   0.0000000E+00   2.4000000E+01  -4.2126550E-10  -2.4000000E+01   0.0000000E+00   0.0000000E+00
   7.7196192E+01  -6.9135808E-11   0.0000000E+00   2.4000000E+01  -2.7489966E-10  -2.4000000E+01   0.0000000E+00   0.0000000E+00
   7.8585593E+01  -3.9833026E-11   0.0000000E+00   2.4000000E+01  -1.7802669E-10  -2.4000000E+01   0.0000000E+00   0.0000000E+00
   8.0000000E+01  -4.4735771E-11   0.0000000E+00   2.4000001E+01  -1.1439869E-10  -2.4000001E+01   0.0000000E+00   0.0000000E+00
