 -8.0000E+00  2.3629E+00  2.3631E+00  1.1705E+00  1.1705E+00
 -7.9679E+00  2.3555E+00  2.3557E+00  1.1693E+00  1.1693E+00
 -7.9359E+00  2.3481E+00  2.3482E+00  1.1682E+00  1.1682E+00
 -7.9038E+00  2.3406E+00  2.3407E+00  1.1670E+00  1.1670E+00
 -7.8717E+00  2.3331E+00  2.3332E+00  1.1659E+00  1.1659E+00
 -7.8397E+00  2.3255E+00  2.3257E+00  1.1647E+00  1.1647E+00
 -7.8076E+00  2.3180E+00  2.3181E+00  1.1635E+00  1.1635E+00
 -7.7756E+00  2.3103E+00  2.3105E+00  1.1623E+00  1.1623E+00
 -7.7435E+00  2.3027E+00  2.3028E+00  1.1611E+00  1.1611E+00
 -7.7114E+00  2.2950E+00  2.2951E+00  1.1599E+00  1.1599E+00
 -7.6794E+00  2.2873E+00  2.2874E+00  1.1586E+00  1.1587E+00
 -7.6473E+00  2.2796E+00  2.2797E+00  1.1574E+00  1.1574E+00
 -7.6152E+00  2.2718E+00  2.2719E+00  1.1561E+00  1.1562E+00
 -7.5832E+00  2.2640E+00  2.2641E+00  1.1549E+00  1.1549E+00
 -7.5511E+00  2.2561E+00  2.2562E+00  1.1536E+00  1.1536E+00
 -7.5190E+00  2.2482E+00  2.2483E+00  1.1523E+00  1.1523E+00
 -7.4870E+00  2.2403E+00  2.2404E+00  1.1510E+00  1.1510E+00
 -7.4549E+00  2.2324E+00  2.2324E+00  1.1496E+00  1.1497E+00
 -7.4228E+00  2.2244E+00  2.2244E+00  1.1483E+00  1.1483E+00
 -7.3908E+00  2.2163E+00  2.2164E+00  1.1469E+00  1.1470E+00
 -7.3587E+00  2.2082E+00  2.2083E+00  1.1456E+00  1.1456E+00
 -7.3267E+00  2.2001E+00  2.2002E+00  1.1442E+00  1.1442E+00
 -7.2946E+00  2.1920E+00  2.1920E+00  1.1428E+00  1.1428E+00
 -7.2625E+00  2.1838E+00  2.1838E+00  1.1414E+00  1.1414E+00
 -7.2305E+00  2.1755E+00  2.1756E+00  1.1399E+00  1.1400E+00
 -7.1984E+00  2.1673E+00  2.1673E+00  1.1385E+00  1.1385E+00
 -7.1663E+00  2.1589E+00  2.1590E+00  1.1370E+00  1.1370E+00
 -7.1343E+00  2.1506E+00  2.1506E+00  1.1355E+00  1.1356E+00
 -7.1022E+00  2.1421E+00  2.1422E+00  1.1340E+00  1.1341E+00
 -7.0701E+00  2.1337E+00  2.1337E+00  1.1325E+00  1.1325E+00
 -7.0381E+00  2.1252E+00  2.1252E+00  1.1310E+00  1.1310E+00
 -7.0060E+00  2.1166E+00  2.1167E+00  1.1294E+00  1.1294E+00
 -6.9739E+00  2.1080E+00  2.1081E+00  1.1279E+00  1.1279E+00
 -6.9419E+00  2.0994E+00  2.0994E+00  1.1263E+00  1.1263E+00
 -6.9098E+00  2.0907E+00  2.0907E+00  1.1246E+00  1.1247E+00
 -6.8778E+00  2.0819E+00  2.0820E+00  1.1230E+00  1.1230E+00
 -6.8457E+00  2.0731E+00  2.0732E+00  1.1214E+00  1.1214E+00
 -6.8136E+00  2.0643E+00  2.0643E+00  1.1197E+00  1.1197E+00
 -6.7816E+00  2.0554E+00  2.0554E+00  1.1180E+00  1.1180E+00
 -6.7495E+00  2.0464E+00  2.0465E+00  1.1163E+00  1.1163E+00
 -6.7174E+00  2.0374E+00  2.0374E+00  1.1145E+00  1.1145E+00
 -6.6854E+00  2.0283E+00  2.0284E+00  1.1128E+00  1.1128E+00
 -6.6533E+00  2.0192E+00  2.0192E+00  1.1110E+00  1.1110E+00
 -6.6212E+00  2.0100E+00  2.0101E+00  1.1091E+00  1.1092E+00
 -6.5892E+00  2.0008E+00  2.0008E+00  1.1073E+00  1.1073E+00
 -6.5571E+00  1.9915E+00  1.9915E+00  1.1054E+00  1.1054E+00
 -6.5251E+00  1.9821E+00  1.9821E+00  1.1035E+00  1.1036E+00
 -6.4930E+00  1.9727E+00  1.9727E+00  1.1016E+00  1.1016E+00
 -6.4609E+00  1.9632E+00  1.9632E+00  1.0997E+00  1.0997E+00
 -6.4289E+00  1.9537E+00  1.9537E+00  1.0977E+00  1.0977E+00
 -6.3968E+00  1.9440E+00  1.9440E+00  1.0957E+00  1.0957E+00
 -6.3647E+00  1.9344E+00  1.9343E+00  1.0937E+00  1.0937E+00
 -6.3327E+00  1.9246E+00  1.9246E+00  1.0916E+00  1.0916E+00
 -6.3006E+00  1.9148E+00  1.9148E+00  1.0895E+00  1.0895E+00
 -6.2685E+00  1.9049E+00  1.9049E+00  1.0874E+00  1.0874E+00
 -6.2365E+00  1.8949E+00  1.8949E+00  1.0852E+00  1.0852E+00
 -6.2044E+00  1.8848E+00  1.8848E+00  1.0830E+00  1.0830E+00
 -6.1723E+00  1.8747E+00  1.8747E+00  1.0808E+00  1.0808E+00
 -6.1403E+00  1.8645E+00  1.8645E+00  1.0785E+00  1.0785E+00
 -6.1082E+00  1.8542E+00  1.8542E+00  1.0762E+00  1.0762E+00
 -6.0762E+00  1.8439E+00  1.8438E+00  1.0739E+00  1.0738E+00
 -6.0441E+00  1.8334E+00  1.8334E+00  1.0715E+00  1.0715E+00
 -6.0120E+00  1.8229E+00  1.8228E+00  1.0690E+00  1.0690E+00
 -5.9800E+00  1.8122E+00  1.8122E+00  1.0666E+00  1.0666E+00
 -5.9479E+00  1.8015E+00  1.8015E+00  1.0641E+00  1.0640E+00
 -5.9158E+00  1.7907E+00  1.7907E+00  1.0615E+00  1.0615E+00
 -5.8838E+00  1.7798E+00  1.7798E+00  1.0589E+00  1.0589E+00
 -5.8517E+00  1.7688E+00  1.7688E+00  1.0562E+00  1.0562E+00
 -5.8196E+00  1.7577E+00  1.7577E+00  1.0535E+00  1.0535E+00
 -5.7876E+00  1.7465E+00  1.7465E+00  1.0508E+00  1.0508E+00
 -5.7555E+00  1.7352E+00  1.7352E+00  1.0480E+00  1.0480E+00
 -5.7234E+00  1.7238E+00  1.7237E+00  1.0451E+00  1.0451E+00
 -5.6914E+00  1.7123E+00  1.7122E+00  1.0422E+00  1.0422E+00
 -5.6593E+00  1.7006E+00  1.7006E+00  1.0392E+00  1.0392E+00
 -5.6273E+00  1.6889E+00  1.6888E+00  1.0362E+00  1.0362E+00
 -5.5952E+00  1.6770E+00  1.6770E+00  1.0331E+00  1.0331E+00
 -5.5631E+00  1.6650E+00  1.6650E+00  1.0299E+00  1.0299E+00
 -5.5311E+00  1.6529E+00  1.6528E+00  1.0267E+00  1.0267E+00
 -5.4990E+00  1.6406E+00  1.6406E+00  1.0234E+00  1.0234E+00
 -5.4669E+00  1.6283E+00  1.6282E+00  1.0200E+00  1.0200E+00
 -5.4349E+00  1.6157E+00  1.6157E+00  1.0166E+00  1.0166E+00
 -5.4028E+00  1.6031E+00  1.6030E+00  1.0131E+00  1.0130E+00
 -5.3707E+00  1.5903E+00  1.5902E+00  1.0095E+00  1.0094E+00
 -5.3387E+00  1.5773E+00  1.5773E+00  1.0058E+00  1.0057E+00
 -5.3066E+00  1.5642E+00  1.5642E+00  1.0020E+00  1.0020E+00
 -5.2745E+00  1.5510E+00  1.5509E+00  9.9812E-01  9.9810E-01
 -5.2425E+00  1.5376E+00  1.5375E+00  9.9415E-01  9.9413E-01
 -5.2104E+00  1.5240E+00  1.5239E+00  9.9009E-01  9.9006E-01
 -5.1784E+00  1.5102E+00  1.5101E+00  9.8592E-01  9.8589E-01
 -5.1463E+00  1.4963E+00  1.4962E+00  9.8164E-01  9.8162E-01
 -5.1142E+00  1.4821E+00  1.4820E+00  9.7725E-01  9.7722E-01
 -5.0822E+00  1.4678E+00  1.4677E+00  9.7274E-01  9.7271E-01
 -5.0501E+00  1.4533E+00  1.4532E+00  9.6810E-01  9.6808E-01
 -5.0180E+00  1.4386E+00  1.4385E+00  9.6334E-01  9.6332E-01
 -4.9860E+00  1.4236E+00  1.4236E+00  9.5844E-01  9.5842E-01
 -4.9539E+00  1.4085E+00  1.4084E+00  9.5340E-01  9.5337E-01
 -4.9218E+00  1.3931E+00  1.3930E+00  9.4821E-01  9.4818E-01
 -4.8898E+00  1.3775E+00  1.3774E+00  9.4286E-01  9.4283E-01
 -4.8577E+00  1.3616E+00  1.3616E+00  9.3734E-01  9.3732E-01
 -4.8257E+00  1.3455E+00  1.3454E+00  9.3166E-01  9.3163E-01
 -4.7936E+00  1.3292E+00  1.3291E+00  9.2579E-01  9.2576E-01
 -4.7615E+00  1.3125E+00  1.3124E+00  9.1972E-01  9.1969E-01
 -4.7295E+00  1.2956E+00  1.2955E+00  9.1346E-01  9.1343E-01
 -4.6974E+00  1.2784E+00  1.2783E+00  9.0697E-01  9.0694E-01
 -4.6653E+00  1.2608E+00  1.2608E+00  9.0026E-01  9.0023E-01
 -4.6333E+00  1.2430E+00  1.2429E+00  8.9331E-01  8.9328E-01
 -4.6012E+00  1.2248E+00  1.2247E+00  8.8611E-01  8.8608E-01
 -4.5691E+00  1.2063E+00  1.2062E+00  8.7864E-01  8.7860E-01
 -4.5371E+00  1.1874E+00  1.1874E+00  8.7088E-01  8.7084E-01
 -4.5050E+00  1.1682E+00  1.1681E+00  8.6281E-01  8.6278E-01
 -4.4729E+00  1.1485E+00  1.1485E+00  8.5442E-01  8.5439E-01
 -4.4409E+00  1.1285E+00  1.1284E+00  8.4569E-01  8.4565E-01
 -4.4088E+00  1.1080E+00  1.1079E+00  8.3658E-01  8.3655E-01
 -4.3768E+00  1.0871E+00  1.0870E+00  8.2709E-01  8.2705E-01
 -4.3447E+00  1.0657E+00  1.0656E+00  8.1717E-01  8.1714E-01
 -4.3126E+00  1.0438E+00  1.0437E+00  8.0681E-01  8.0677E-01
 -4.2806E+00  1.0213E+00  1.0213E+00  7.9596E-01  7.9592E-01
 -4.2485E+00  9.9839E-01  9.9831E-01  7.8459E-01  7.8455E-01
 -4.2164E+00  9.7486E-01  9.7479E-01  7.7267E-01  7.7263E-01
 -4.1844E+00  9.5073E-01  9.5066E-01  7.6015E-01  7.6011E-01
 -4.1523E+00  9.2597E-01  9.2590E-01  7.4698E-01  7.4694E-01
 -4.1202E+00  9.0054E-01  9.0047E-01  7.3311E-01  7.3307E-01
 -4.0882E+00  8.7441E-01  8.7434E-01  7.1849E-01  7.1845E-01
 -4.0561E+00  8.4753E-01  8.4746E-01  7.0306E-01  7.0302E-01
 -4.0240E+00  8.1986E-01  8.1979E-01  6.8674E-01  6.8669E-01
 -3.9920E+00  7.9136E-01  7.9130E-01  6.6945E-01  6.6941E-01
 -3.9599E+00  7.6198E-01  7.6192E-01  6.5113E-01  6.5108E-01
 -3.9279E+00  7.3166E-01  7.3160E-01  6.3166E-01  6.3162E-01
 -3.8958E+00  7.0034E-01  7.0028E-01  6.1096E-01  6.1091E-01
 -3.8637E+00  6.6796E-01  6.6790E-01  5.8890E-01  5.8886E-01
 -3.8317E+00  6.3445E-01  6.3439E-01  5.6537E-01  5.6533E-01
 -3.7996E+00  5.9974E-01  5.9968E-01  5.4022E-01  5.4018E-01
 -3.7675E+00  5.6373E-01  5.6367E-01  5.1332E-01  5.1328E-01
 -3.7355E+00  5.2633E-01  5.2628E-01  4.8449E-01  4.8445E-01
 -3.7034E+00  4.8746E-01  4.8741E-01  4.5357E-01  4.5353E-01
 -3.6713E+00  4.4699E-01  4.4694E-01  4.2035E-01  4.2031E-01
 -3.6393E+00  4.0481E-01  4.0476E-01  3.8465E-01  3.8461E-01
 -3.6072E+00  3.6078E-01  3.6073E-01  3.4624E-01  3.4620E-01
 -3.5752E+00  3.1474E-01  3.1470E-01  3.0493E-01  3.0489E-01
 -3.5431E+00  2.6654E-01  2.6651E-01  2.6049E-01  2.6045E-01
 -3.5110E+00  2.1599E-01  2.1596E-01  2.1273E-01  2.1269E-01
 -3.4790E+00  1.6289E-01  1.6285E-01  1.6147E-01  1.6144E-01
 -3.4469E+00  1.0699E-01  1.0696E-01  1.0658E-01  1.0655E-01
 -3.4148E+00  4.8032E-02  4.8007E-02  4.7995E-02  4.7970E-02
 -3.3828E+00 -1.4271E-02 -1.4293E-02 -1.4270E-02 -1.4292E-02
 -3.3507E+00 -8.0260E-02 -8.0279E-02 -8.0088E-02 -8.0107E-02
 -3.3186E+00 -1.5032E-01 -1.5033E-01 -1.4920E-01 -1.4922E-01
 -3.2866E+00 -2.2488E-01 -2.2489E-01 -2.2120E-01 -2.2121E-01
 -3.2545E+00 -3.0445E-01 -3.0446E-01 -2.9554E-01 -2.9555E-01
 -3.2224E+00 -3.8962E-01 -3.8963E-01 -3.7153E-01 -3.7153E-01
 -3.1904E+00 -4.8105E-01 -4.8106E-01 -4.4838E-01 -4.4838E-01
 -3.1583E+00 -5.7955E-01 -5.7955E-01 -5.2524E-01 -5.2524E-01
 -3.1263E+00 -6.8603E-01 -6.8603E-01 -6.0129E-01 -6.0129E-01
 -3.0942E+00 -8.0160E-01 -8.0159E-01 -6.7571E-01 -6.7571E-01
 -3.0621E+00 -9.2757E-01 -9.2756E-01 -7.4784E-01 -7.4784E-01
 -3.0301E+00 -1.0655E+00 -1.0655E+00 -8.1711E-01 -8.1711E-01
 -2.9980E+00 -1.2174E+00 -1.2174E+00 -8.8312E-01 -8.8312E-01
 -2.9659E+00 -1.3855E+00 -1.3855E+00 -9.4561E-01 -9.4561E-01
 -2.9339E+00 -1.5727E+00 -1.5727E+00 -1.0044E+00 -1.0044E+00
 -2.9018E+00 -1.7828E+00 -1.7828E+00 -1.0596E+00 -1.0596E+00
 -2.8697E+00 -2.0204E+00 -2.0204E+00 -1.1112E+00 -1.1112E+00
 -2.8377E+00 -2.2914E+00 -2.2914E+00 -1.1593E+00 -1.1593E+00
 -2.8056E+00 -2.6038E+00 -2.6039E+00 -1.2041E+00 -1.2041E+00
 -2.7735E+00 -2.9682E+00 -2.9683E+00 -1.2458E+00 -1.2458E+00
 -2.7415E+00 -3.3991E+00 -3.3992E+00 -1.2847E+00 -1.2847E+00
 -2.7094E+00 -3.9170E+00 -3.9173E+00 -1.3208E+00 -1.3209E+00
 -2.6774E+00 -4.5521E+00 -4.5524E+00 -1.3546E+00 -1.3546E+00
 -2.6453E+00 -5.3497E+00 -5.3502E+00 -1.3860E+00 -1.3860E+00
 -2.6132E+00 -6.3828E+00 -6.3836E+00 -1.4154E+00 -1.4154E+00
 -2.5812E+00 -7.7749E+00 -7.7762E+00 -1.4429E+00 -1.4429E+00
 -2.5491E+00 -9.7550E+00 -9.7572E+00 -1.4686E+00 -1.4687E+00
 -2.5170E+00 -1.2799E+01 -1.2803E+01 -1.4928E+00 -1.4928E+00
 -2.4850E+00 -1.8086E+01 -1.8095E+01 -1.5156E+00 -1.5156E+00
 -2.4529E+00 -2.9561E+01 -2.9584E+01 -1.5370E+00 -1.5370E+00
 -2.4208E+00 -7.3506E+01 -7.3653E+01 -1.5572E+00 -1.5572E+00
 -2.3888E+00  1.8169E+02  1.8077E+02 -1.5763E+00 -1.5763E+00
 -2.3567E+00  4.2367E+01  4.2314E+01 -1.5944E+00 -1.5944E+00
 -2.3246E+00  2.4516E+01  2.4498E+01 -1.6116E+00 -1.6116E+00
 -2.2926E+00  1.7499E+01  1.7490E+01 -1.6279E+00 -1.6279E+00
 -2.2605E+00  1.3747E+01  1.3741E+01 -1.6434E+00 -1.6434E+00
 -2.2285E+00  1.1409E+01  1.1404E+01 -1.6582E+00 -1.6583E+00
 -2.1964E+00  9.8104E+00  9.8073E+00 -1.6724E+00 -1.6724E+00
 -2.1643E+00  8.6481E+00  8.6456E+00 -1.6859E+00 -1.6860E+00
 -2.1323E+00  7.7638E+00  7.7618E+00 -1.6989E+00 -1.6989E+00
 -2.1002E+00  7.0679E+00  7.0661E+00 -1.7113E+00 -1.7114E+00
 -2.0681E+00  6.5054E+00  6.5039E+00 -1.7233E+00 -1.7234E+00
 -2.0361E+00  6.0408E+00  6.0395E+00 -1.7348E+00 -1.7349E+00
 -2.0040E+00  5.6503E+00  5.6492E+00 -1.7460E+00 -1.7460E+00
 -1.9719E+00  5.3172E+00  5.3161E+00 -1.7567E+00 -1.7567E+00
 -1.9399E+00  5.0293E+00  5.0284E+00 -1.7671E+00 -1.7671E+00
 -1.9078E+00  4.7778E+00  4.7770E+00 -1.7771E+00 -1.7772E+00
 -1.8758E+00  4.5561E+00  4.5553E+00 -1.7869E+00 -1.7869E+00
 -1.8437E+00  4.3588E+00  4.3581E+00 -1.7963E+00 -1.7963E+00
 -1.8116E+00  4.1821E+00  4.1814E+00 -1.8055E+00 -1.8055E+00
 -1.7796E+00  4.0227E+00  4.0221E+00 -1.8144E+00 -1.8145E+00
 -1.7475E+00  3.8780E+00  3.8774E+00 -1.8232E+00 -1.8232E+00
 -1.7154E+00  3.7460E+00  3.7455E+00 -1.8317E+00 -1.8317E+00
 -1.6834E+00  3.6250E+00  3.6245E+00 -1.8400E+00 -1.8400E+00
 -1.6513E+00  3.5134E+00  3.5130E+00 -1.8481E+00 -1.8481E+00
 -1.6192E+00  3.4103E+00  3.4099E+00 -1.8560E+00 -1.8561E+00
 -1.5872E+00  3.3145E+00  3.3141E+00 -1.8638E+00 -1.8639E+00
 -1.5551E+00  3.2252E+00  3.2248E+00 -1.8715E+00 -1.8715E+00
 -1.5230E+00  3.1417E+00  3.1414E+00 -1.8790E+00 -1.8790E+00
 -1.4910E+00  3.0634E+00  3.0631E+00 -1.8863E+00 -1.8864E+00
 -1.4589E+00  2.9897E+00  2.9894E+00 -1.8936E+00 -1.8936E+00
 -1.4269E+00  2.9202E+00  2.9199E+00 -1.9007E+00 -1.9008E+00
 -1.3948E+00  2.8545E+00  2.8542E+00 -1.9078E+00 -1.9078E+00
 -1.3627E+00  2.7922E+00  2.7919E+00 -1.9147E+00 -1.9147E+00
 -1.3307E+00  2.7330E+00  2.7327E+00 -1.9216E+00 -1.9216E+00
 -1.2986E+00  2.6766E+00  2.6764E+00 -1.9283E+00 -1.9284E+00
 -1.2665E+00  2.6228E+00  2.6226E+00 -1.9350E+00 -1.9351E+00
 -1.2345E+00  2.5714E+00  2.5712E+00 -1.9417E+00 -1.9417E+00
 -1.2024E+00  2.5222E+00  2.5220E+00 -1.9483E+00 -1.9483E+00
 -1.1703E+00  2.4749E+00  2.4747E+00 -1.9548E+00 -1.9548E+00
 -1.1383E+00  2.4295E+00  2.4294E+00 -1.9613E+00 -1.9613E+00
 -1.1062E+00  2.3858E+00  2.3857E+00 -1.9677E+00 -1.9677E+00
 -1.0741E+00  2.3437E+00  2.3435E+00 -1.9741E+00 -1.9741E+00
 -1.0421E+00  2.3030E+00  2.3029E+00 -1.9804E+00 -1.9805E+00
 -1.0100E+00  2.2637E+00  2.2636E+00 -1.9868E+00 -1.9868E+00
 -9.7796E-01  2.2257E+00  2.2255E+00 -1.9931E+00 -1.9931E+00
 -9.4589E-01  2.1888E+00  2.1887E+00 -1.9994E+00 -1.9994E+00
 -9.1383E-01  2.1530E+00  2.1529E+00 -2.0056E+00 -2.0056E+00
 -8.8176E-01  2.1182E+00  2.1181E+00 -2.0119E+00 -2.0119E+00
 -8.4970E-01  2.0844E+00  2.0843E+00 -2.0181E+00 -2.0181E+00
 -8.1764E-01  2.0515E+00  2.0514E+00 -2.0244E+00 -2.0244E+00
 -7.8557E-01  2.0194E+00  2.0193E+00 -2.0306E+00 -2.0306E+00
 -7.5351E-01  1.9881E+00  1.9880E+00 -2.0368E+00 -2.0368E+00
 -7.2144E-01  1.9575E+00  1.9575E+00 -2.0431E+00 -2.0431E+00
 -6.8938E-01  1.9276E+00  1.9276E+00 -2.0493E+00 -2.0494E+00
 -6.5731E-01  1.8984E+00  1.8984E+00 -2.0556E+00 -2.0556E+00
 -6.2525E-01  1.8698E+00  1.8697E+00 -2.0619E+00 -2.0619E+00
 -5.9319E-01  1.8417E+00  1.8417E+00 -2.0682E+00 -2.0682E+00
 -5.6112E-01  1.8142E+00  1.8142E+00 -2.0746E+00 -2.0746E+00
 -5.2906E-01  1.7872E+00  1.7872E+00 -2.0809E+00 -2.0809E+00
 -4.9699E-01  1.7607E+00  1.7607E+00 -2.0873E+00 -2.0873E+00
 -4.6493E-01  1.7346E+00  1.7346E+00 -2.0938E+00 -2.0938E+00
 -4.3287E-01  1.7090E+00  1.7090E+00 -2.1002E+00 -2.1002E+00
 -4.0080E-01  1.6838E+00  1.6838E+00 -2.1067E+00 -2.1067E+00
 -3.6874E-01  1.6589E+00  1.6589E+00 -2.1133E+00 -2.1133E+00
 -3.3667E-01  1.6344E+00  1.6344E+00 -2.1199E+00 -2.1199E+00
 -3.0461E-01  1.6103E+00  1.6103E+00 -2.1265E+00 -2.1265E+00
 -2.7255E-01  1.5864E+00  1.5864E+00 -2.1332E+00 -2.1332E+00
 -2.4048E-01  1.5629E+00  1.5629E+00 -2.1400E+00 -2.1400E+00
 -2.0842E-01  1.5397E+00  1.5397E+00 -2.1468E+00 -2.1468E+00
 -1.7635E-01  1.5167E+00  1.5167E+00 -2.1537E+00 -2.1537E+00
 -1.4429E-01  1.4940E+00  1.4940E+00 -2.1607E+00 -2.1607E+00
 -1.1222E-01  1.4715E+00  1.4715E+00 -2.1677E+00 -2.1677E+00
 -8.0160E-02  1.4493E+00  1.4493E+00 -2.1748E+00 -2.1748E+00
 -4.8096E-02  1.4273E+00  1.4272E+00 -2.1820E+00 -2.1820E+00
 -1.6032E-02  1.4054E+00  1.4054E+00 -2.1892E+00 -2.1892E+00
  1.6032E-02  1.3838E+00  1.3838E+00 -2.1966E+00 -2.1966E+00
  4.8096E-02  1.3624E+00  1.3623E+00 -2.2040E+00 -2.2040E+00
  8.0160E-02  1.3411E+00  1.3411E+00 -2.2115E+00 -2.2115E+00
  1.1222E-01  1.3200E+00  1.3200E+00 -2.2191E+00 -2.2191E+00
  1.4429E-01  1.2990E+00  1.2990E+00 -2.2268E+00 -2.2269E+00
  1.7635E-01  1.2782E+00  1.2782E+00 -2.2347E+00 -2.2347E+00
  2.0842E-01  1.2576E+00  1.2575E+00 -2.2426E+00 -2.2426E+00
  2.4048E-01  1.2370E+00  1.2369E+00 -2.2506E+00 -2.2507E+00
  2.7255E-01  1.2166E+00  1.2165E+00 -2.2588E+00 -2.2588E+00
  3.0461E-01  1.1962E+00  1.1961E+00 -2.2671E+00 -2.2671E+00
  3.3667E-01  1.1760E+00  1.1759E+00 -2.2755E+00 -2.2755E+00
  3.6874E-01  1.1559E+00  1.1558E+00 -2.2840E+00 -2.2841E+00
  4.0080E-01  1.1359E+00  1.1357E+00 -2.2927E+00 -2.2927E+00
  4.3287E-01  1.1159E+00  1.1157E+00 -2.3015E+00 -2.3015E+00
  4.6493E-01  1.0960E+00  1.0958E+00 -2.3104E+00 -2.3105E+00
  4.9699E-01  1.0762E+00  1.0760E+00 -2.3195E+00 -2.3196E+00
  5.2906E-01  1.0565E+00  1.0563E+00 -2.3287E+00 -2.3288E+00
  5.6112E-01  1.0368E+00  1.0365E+00 -2.3381E+00 -2.3383E+00
  5.9319E-01  1.0172E+00  1.0169E+00 -2.3477E+00 -2.3478E+00
  6.2525E-01  9.9762E-01  9.9728E-01 -2.3574E+00 -2.3576E+00
  6.5731E-01  9.7808E-01  9.7772E-01 -2.3673E+00 -2.3675E+00
  6.8938E-01  9.5859E-01  9.5818E-01 -2.3773E+00 -2.3775E+00
  7.2144E-01  9.3912E-01  9.3868E-01 -2.3876E+00 -2.3878E+00
  7.5351E-01  9.1968E-01  9.1921E-01 -2.3980E+00 -2.3983E+00
  7.8557E-01  9.0027E-01  8.9976E-01 -2.4086E+00 -2.4089E+00
  8.1764E-01  8.8088E-01  8.8032E-01 -2.4194E+00 -2.4198E+00
  8.4970E-01  8.6150E-01  8.6089E-01 -2.4305E+00 -2.4308E+00
  8.8176E-01  8.4213E-01  8.4148E-01 -2.4417E+00 -2.4421E+00
  9.1383E-01  8.2277E-01  8.2206E-01 -2.4531E+00 -2.4535E+00
  9.4589E-01  8.0341E-01  8.0265E-01 -2.4648E+00 -2.4652E+00
  9.7796E-01  7.8404E-01  7.8323E-01 -2.4767E+00 -2.4772E+00
  1.0100E+00  7.6467E-01  7.6380E-01 -2.4888E+00 -2.4893E+00
  1.0421E+00  7.4529E-01  7.4436E-01 -2.5011E+00 -2.5017E+00
  1.0741E+00  7.2590E-01  7.2490E-01 -2.5137E+00 -2.5144E+00
  1.1062E+00  7.0649E-01  7.0541E-01 -2.5265E+00 -2.5272E+00
  1.1383E+00  6.8706E-01  6.8591E-01 -2.5396E+00 -2.5404E+00
  1.1703E+00  6.6761E-01  6.6637E-01 -2.5529E+00 -2.5538E+00
  1.2024E+00  6.4812E-01  6.4681E-01 -2.5665E+00 -2.5675E+00
  1.2345E+00  6.2860E-01  6.2720E-01 -2.5804E+00 -2.5814E+00
  1.2665E+00  6.0905E-01  6.0756E-01 -2.5945E+00 -2.5956E+00
  1.2986E+00  5.8946E-01  5.8787E-01 -2.6090E+00 -2.6101E+00
  1.3307E+00  5.6983E-01  5.6813E-01 -2.6237E+00 -2.6249E+00
  1.3627E+00  5.5015E-01  5.4835E-01 -2.6386E+00 -2.6400E+00
  1.3948E+00  5.3042E-01  5.2851E-01 -2.6539E+00 -2.6554E+00
  1.4269E+00  5.1064E-01  5.0861E-01 -2.6695E+00 -2.6711E+00
  1.4589E+00  4.9080E-01  4.8865E-01 -2.6853E+00 -2.6871E+00
  1.4910E+00  4.7091E-01  4.6862E-01 -2.7015E+00 -2.7034E+00
  1.5230E+00  4.5095E-01  4.4852E-01 -2.7180E+00 -2.7200E+00
  1.5551E+00  4.3092E-01  4.2835E-01 -2.7347E+00 -2.7369E+00
  1.5872E+00  4.1083E-01  4.0811E-01 -2.7518E+00 -2.7541E+00
  1.6192E+00  3.9066E-01  3.8778E-01 -2.7692E+00 -2.7717E+00
  1.6513E+00  3.7042E-01  3.6737E-01 -2.7868E+00 -2.7895E+00
  1.6834E+00  3.5010E-01  3.4687E-01 -2.8048E+00 -2.8077E+00
  1.7154E+00  3.2970E-01  3.2629E-01 -2.8231E+00 -2.8262E+00
  1.7475E+00  3.0921E-01  3.0560E-01 -2.8417E+00 -2.8450E+00
  1.7796E+00  2.8863E-01  2.8482E-01 -2.8606E+00 -2.8641E+00
  1.8116E+00  2.6796E-01  2.6394E-01 -2.8798E+00 -2.8835E+00
  1.8437E+00  2.4719E-01  2.4295E-01 -2.8993E+00 -2.9033E+00
  1.8758E+00  2.2633E-01  2.2185E-01 -2.9190E+00 -2.9233E+00
  1.9078E+00  2.0536E-01  2.0063E-01 -2.9391E+00 -2.9436E+00
  1.9399E+00  1.8428E-01  1.7930E-01 -2.9594E+00 -2.9642E+00
  1.9719E+00  1.6310E-01  1.5785E-01 -2.9799E+00 -2.9850E+00
  2.0040E+00  1.4180E-01  1.3627E-01 -3.0007E+00 -3.0062E+00
  2.0361E+00  1.2039E-01  1.1456E-01 -3.0218E+00 -3.0275E+00
  2.0681E+00  9.8856E-02  9.2710E-02 -3.0431E+00 -3.0491E+00
  2.1002E+00  7.7199E-02  7.0727E-02 -3.0645E+00 -3.0710E+00
  2.1323E+00  5.5415E-02  4.8600E-02 -3.0862E+00 -3.0930E+00
  2.1643E+00  3.3501E-02  2.6326E-02 -3.1081E+00 -3.1153E+00
  2.1964E+00  1.1452E-02  3.8998E-03 -3.1301E+00 -3.1377E+00
  2.2285E+00 -1.0736E-02 -1.8683E-02 -3.1523E+00 -3.1603E+00
  2.2605E+00 -3.3066E-02 -4.1427E-02 -3.1746E+00 -3.1830E+00
  2.2926E+00 -5.5541E-02 -6.4337E-02 -3.1971E+00 -3.2058E+00
  2.3246E+00 -7.8167E-02 -8.7418E-02 -3.2196E+00 -3.2288E+00
  2.3567E+00 -1.0095E-01 -1.1067E-01 -3.2422E+00 -3.2518E+00
  2.3888E+00 -1.2388E-01 -1.3411E-01 -3.2648E+00 -3.2749E+00
  2.4208E+00 -1.4698E-01 -1.5774E-01 -3.2875E+00 -3.2980E+00
  2.4529E+00 -1.7025E-01 -1.8155E-01 -3.3102E+00 -3.3212E+00
  2.4850E+00 -1.9369E-01 -2.0557E-01 -3.3329E+00 -3.3443E+00
  2.5170E+00 -2.1730E-01 -2.2978E-01 -3.3556E+00 -3.3675E+00
  2.5491E+00 -2.4109E-01 -2.5421E-01 -3.3782E+00 -3.3905E+00
  2.5812E+00 -2.6506E-01 -2.7885E-01 -3.4007E+00 -3.4135E+00
  2.6132E+00 -2.8922E-01 -3.0371E-01 -3.4231E+00 -3.4365E+00
  2.6453E+00 -3.1358E-01 -3.2880E-01 -3.4455E+00 -3.4593E+00
  2.6774E+00 -3.3813E-01 -3.5412E-01 -3.4677E+00 -3.4819E+00
  2.7094E+00 -3.6289E-01 -3.7969E-01 -3.4897E+00 -3.5045E+00
  2.7415E+00 -3.8785E-01 -4.0550E-01 -3.5116E+00 -3.5268E+00
  2.7735E+00 -4.1303E-01 -4.3157E-01 -3.5333E+00 -3.5490E+00
  2.8056E+00 -4.3843E-01 -4.5789E-01 -3.5548E+00 -3.5710E+00
  2.8377E+00 -4.6405E-01 -4.8449E-01 -3.5761E+00 -3.5928E+00
  2.8697E+00 -4.8989E-01 -5.1137E-01 -3.5971E+00 -3.6143E+00
  2.9018E+00 -5.1597E-01 -5.3853E-01 -3.6179E+00 -3.6356E+00
  2.9339E+00 -5.4230E-01 -5.6599E-01 -3.6385E+00 -3.6566E+00
  2.9659E+00 -5.6886E-01 -5.9374E-01 -3.6588E+00 -3.6774E+00
  2.9980E+00 -5.9568E-01 -6.2182E-01 -3.6788E+00 -3.6979E+00
  3.0301E+00 -6.2276E-01 -6.5021E-01 -3.6986E+00 -3.7181E+00
  3.0621E+00 -6.5010E-01 -6.7893E-01 -3.7180E+00 -3.7380E+00
  3.0942E+00 -6.7772E-01 -7.0800E-01 -3.7372E+00 -3.7577E+00
  3.1263E+00 -7.0561E-01 -7.3742E-01 -3.7561E+00 -3.7770E+00
  3.1583E+00 -7.3378E-01 -7.6720E-01 -3.7746E+00 -3.7960E+00
  3.1904E+00 -7.6225E-01 -7.9735E-01 -3.7929E+00 -3.8147E+00
  3.2224E+00 -7.9101E-01 -8.2790E-01 -3.8108E+00 -3.8331E+00
  3.2545E+00 -8.2008E-01 -8.5884E-01 -3.8285E+00 -3.8512E+00
  3.2866E+00 -8.4947E-01 -8.9019E-01 -3.8458E+00 -3.8690E+00
  3.3186E+00 -8.7917E-01 -9.2197E-01 -3.8628E+00 -3.8864E+00
  3.3507E+00 -9.0921E-01 -9.5418E-01 -3.8795E+00 -3.9035E+00
  3.3828E+00 -9.3958E-01 -9.8685E-01 -3.8958E+00 -3.9204E+00
  3.4148E+00 -9.7030E-01 -1.0200E+00 -3.9119E+00 -3.9369E+00
  3.4469E+00 -1.0014E+00 -1.0536E+00 -3.9277E+00 -3.9531E+00
  3.4790E+00 -1.0328E+00 -1.0877E+00 -3.9431E+00 -3.9690E+00
  3.5110E+00 -1.0646E+00 -1.1224E+00 -3.9583E+00 -3.9846E+00
  3.5431E+00 -1.0968E+00 -1.1576E+00 -3.9731E+00 -3.9999E+00
  3.5752E+00 -1.1294E+00 -1.1933E+00 -3.9877E+00 -4.0149E+00
  3.6072E+00 -1.1624E+00 -1.2296E+00 -4.0019E+00 -4.0296E+00
  3.6393E+00 -1.1958E+00 -1.2665E+00 -4.0159E+00 -4.0441E+00
  3.6713E+00 -1.2296E+00 -1.3041E+00 -4.0296E+00 -4.0582E+00
  3.7034E+00 -1.2639E+00 -1.3423E+00 -4.0430E+00 -4.0721E+00
  3.7355E+00 -1.2986E+00 -1.3811E+00 -4.0562E+00 -4.0857E+00
  3.7675E+00 -1.3337E+00 -1.4207E+00 -4.0690E+00 -4.0991E+00
  3.7996E+00 -1.3694E+00 -1.4610E+00 -4.0816E+00 -4.1122E+00
  3.8317E+00 -1.4055E+00 -1.5020E+00 -4.0940E+00 -4.1250E+00
  3.8637E+00 -1.4421E+00 -1.5438E+00 -4.1061E+00 -4.1376E+00
  3.8958E+00 -1.4792E+00 -1.5865E+00 -4.1179E+00 -4.1500E+00
  3.9279E+00 -1.5169E+00 -1.6299E+00 -4.1295E+00 -4.1621E+00
  3.9599E+00 -1.5551E+00 -1.6743E+00 -4.1409E+00 -4.1740E+00
  3.9920E+00 -1.5938E+00 -1.7196E+00 -4.1521E+00 -4.1857E+00
  4.0240E+00 -1.6331E+00 -1.7659E+00 -4.1630E+00 -4.1971E+00
  4.0561E+00 -1.6731E+00 -1.8132E+00 -4.1737E+00 -4.2084E+00
  4.0882E+00 -1.7136E+00 -1.8616E+00 -4.1841E+00 -4.2195E+00
  4.1202E+00 -1.7547E+00 -1.9111E+00 -4.1944E+00 -4.2303E+00
  4.1523E+00 -1.7965E+00 -1.9618E+00 -4.2045E+00 -4.2410E+00
  4.1844E+00 -1.8389E+00 -2.0137E+00 -4.2143E+00 -4.2515E+00
  4.2164E+00 -1.8820E+00 -2.0669E+00 -4.2240E+00 -4.2618E+00
  4.2485E+00 -1.9258E+00 -2.1214E+00 -4.2334E+00 -4.2719E+00
  4.2806E+00 -1.9703E+00 -2.1774E+00 -4.2427E+00 -4.2819E+00
  4.3126E+00 -2.0156E+00 -2.2349E+00 -4.2518E+00 -4.2917E+00
  4.3447E+00 -2.0616E+00 -2.2940E+00 -4.2608E+00 -4.3013E+00
  4.3768E+00 -2.1084E+00 -2.3548E+00 -4.2695E+00 -4.3108E+00
  4.4088E+00 -2.1560E+00 -2.4174E+00 -4.2781E+00 -4.3202E+00
  4.4409E+00 -2.2045E+00 -2.4819E+00 -4.2865E+00 -4.3294E+00
  4.4729E+00 -2.2538E+00 -2.5485E+00 -4.2948E+00 -4.3385E+00
  4.5050E+00 -2.3041E+00 -2.6171E+00 -4.3029E+00 -4.3474E+00
  4.5371E+00 -2.3552E+00 -2.6881E+00 -4.3109E+00 -4.3562E+00
  4.5691E+00 -2.4073E+00 -2.7615E+00 -4.3187E+00 -4.3650E+00
  4.6012E+00 -2.4604E+00 -2.8375E+00 -4.3263E+00 -4.3736E+00
  4.6333E+00 -2.5145E+00 -2.9163E+00 -4.3339E+00 -4.3821E+00
  4.6653E+00 -2.5696E+00 -2.9982E+00 -4.3413E+00 -4.3905E+00
  4.6974E+00 -2.6259E+00 -3.0832E+00 -4.3485E+00 -4.3988E+00
  4.7295E+00 -2.6833E+00 -3.1718E+00 -4.3557E+00 -4.4070E+00
  4.7615E+00 -2.7418E+00 -3.2641E+00 -4.3627E+00 -4.4151E+00
  4.7936E+00 -2.8016E+00 -3.3605E+00 -4.3695E+00 -4.4232E+00
  4.8257E+00 -2.8626E+00 -3.4614E+00 -4.3763E+00 -4.4311E+00
  4.8577E+00 -2.9249E+00 -3.5671E+00 -4.3830E+00 -4.4391E+00
  4.8898E+00 -2.9885E+00 -3.6780E+00 -4.3895E+00 -4.4469E+00
  4.9218E+00 -3.0536E+00 -3.7948E+00 -4.3959E+00 -4.4547E+00
  4.9539E+00 -3.1201E+00 -3.9179E+00 -4.4022E+00 -4.4625E+00
  4.9860E+00 -3.1881E+00 -4.0481E+00 -4.4084E+00 -4.4702E+00
  5.0180E+00 -3.2577E+00 -4.1860E+00 -4.4146E+00 -4.4779E+00
  5.0501E+00 -3.3289E+00 -4.3326E+00 -4.4206E+00 -4.4856E+00
  5.0822E+00 -3.4018E+00 -4.4889E+00 -4.4265E+00 -4.4932E+00
  5.1142E+00 -3.4764E+00 -4.6561E+00 -4.4323E+00 -4.5008E+00
  5.1463E+00 -3.5529E+00 -4.8355E+00 -4.4380E+00 -4.5085E+00
  5.1784E+00 -3.6313E+00 -5.0289E+00 -4.4437E+00 -4.5161E+00
  5.2104E+00 -3.7117E+00 -5.2382E+00 -4.4492E+00 -4.5238E+00
  5.2425E+00 -3.7942E+00 -5.4659E+00 -4.4547E+00 -4.5314E+00
  5.2745E+00 -3.8788E+00 -5.7147E+00 -4.4601E+00 -4.5392E+00
  5.3066E+00 -3.9657E+00 -5.9884E+00 -4.4654E+00 -4.5469E+00
  5.3387E+00 -4.0549E+00 -6.2912E+00 -4.4706E+00 -4.5548E+00
  5.3707E+00 -4.1466E+00 -6.6289E+00 -4.4757E+00 -4.5627E+00
  5.4028E+00 -4.2410E+00 -7.0084E+00 -4.4808E+00 -4.5707E+00
  5.4349E+00 -4.3380E+00 -7.4391E+00 -4.4858E+00 -4.5788E+00
  5.4669E+00 -4.4378E+00 -7.9330E+00 -4.4908E+00 -4.5870E+00
  5.4990E+00 -4.5406E+00 -8.5066E+00 -4.4956E+00 -4.5954E+00
  5.5311E+00 -4.6465E+00 -9.1826E+00 -4.5004E+00 -4.6039E+00
  5.5631E+00 -4.7557E+00 -9.9931E+00 -4.5051E+00 -4.6127E+00
  5.5952E+00 -4.8684E+00 -1.0986E+01 -4.5098E+00 -4.6216E+00
  5.6273E+00 -4.9846E+00 -1.2233E+01 -4.5144E+00 -4.6308E+00
  5.6593E+00 -5.1047E+00 -1.3853E+01 -4.5189E+00 -4.6403E+00
  5.6914E+00 -5.2287E+00 -1.6050E+01 -4.5234E+00 -4.6502E+00
  5.7234E+00 -5.3570E+00 -1.9210E+01 -4.5278E+00 -4.6604E+00
  5.7555E+00 -5.4898E+00 -2.4165E+01 -4.5322E+00 -4.6710E+00
  5.7876E+00 -5.6272E+00 -3.3096E+01 -4.5365E+00 -4.6822E+00
  5.8196E+00 -5.7697E+00 -5.4111E+01 -4.5408E+00 -4.6939E+00
  5.8517E+00 -5.9174E+00 -1.6433E+02 -4.5450E+00 -4.7063E+00
  5.8838E+00 -6.0707E+00  1.4125E+02 -4.5491E+00 -4.7195E+00
  5.9158E+00 -6.2300E+00  4.7288E+01 -4.5532E+00 -4.7335E+00
  5.9479E+00 -6.3955E+00  2.7565E+01 -4.5573E+00 -4.7487E+00
  5.9800E+00 -6.5678E+00  1.8986E+01 -4.5613E+00 -4.7650E+00
  6.0120E+00 -6.7472E+00  1.4170E+01 -4.5653E+00 -4.7828E+00
  6.0441E+00 -6.9342E+00  1.1074E+01 -4.5692E+00 -4.8024E+00
  6.0762E+00 -7.1294E+00  8.9086E+00 -4.5730E+00 -4.8242E+00
  6.1082E+00 -7.3333E+00  7.3018E+00 -4.5769E+00 -4.8485E+00
  6.1403E+00 -7.5465E+00  6.0568E+00 -4.5806E+00 -4.8760E+00
  6.1723E+00 -7.7697E+00  5.0593E+00 -4.5844E+00 -4.9075E+00
  6.2044E+00 -8.0037E+00  4.2384E+00 -4.5881E+00 -4.9441E+00
  6.2365E+00 -8.2493E+00  3.5477E+00 -4.5918E+00 -4.9871E+00
  6.2685E+00 -8.5073E+00  2.9556E+00 -4.5954E+00 -5.0386E+00
  6.3006E+00 -8.7789E+00  2.4400E+00 -4.5990E+00 -5.1013E+00
  6.3327E+00 -9.0651E+00  1.9846E+00 -4.6025E+00 -5.1791E+00
  6.3647E+00 -9.3673E+00  1.5775E+00 -4.6060E+00 -5.2774E+00
  6.3968E+00 -9.6867E+00  1.2096E+00 -4.6095E+00 -5.4032E+00
  6.4289E+00 -1.0025E+01  8.7381E-01 -4.6130E+00 -5.5650E+00
  6.4609E+00 -1.0384E+01  5.6455E-01 -4.6164E+00 -5.7692E+00
  6.4930E+00 -1.0765E+01  2.7741E-01 -4.6198E+00 -6.0126E+00
  6.5251E+00 -1.1172E+01  8.8119E-03 -4.6231E+00 -6.2744E+00
  6.5571E+00 -1.1606E+01 -2.4419E-01 -4.6264E+00 -6.5227E+00
  6.5892E+00 -1.2070E+01 -4.8403E-01 -4.6297E+00 -6.7340E+00
  6.6212E+00 -1.2568E+01 -7.1275E-01 -4.6330E+00 -6.9024E+00
  6.6533E+00 -1.3104E+01 -9.3208E-01 -4.6362E+00 -7.0334E+00
  6.6854E+00 -1.3682E+01 -1.1435E+00 -4.6394E+00 -7.1354E+00
  6.7174E+00 -1.4308E+01 -1.3483E+00 -4.6426E+00 -7.2158E+00
  6.7495E+00 -1.4987E+01 -1.5476E+00 -4.6458E+00 -7.2803E+00
  6.7816E+00 -1.5727E+01 -1.7424E+00 -4.6489E+00 -7.3330E+00
  6.8136E+00 -1.6537E+01 -1.9335E+00 -4.6520E+00 -7.3767E+00
  6.8457E+00 -1.7427E+01 -2.1218E+00 -4.6551E+00 -7.4136E+00
  6.8778E+00 -1.8410E+01 -2.3079E+00 -4.6581E+00 -7.4451E+00
  6.9098E+00 -1.9501E+01 -2.4925E+00 -4.6612E+00 -7.4724E+00
  6.9419E+00 -2.0720E+01 -2.6763E+00 -4.6642E+00 -7.4964E+00
  6.9739E+00 -2.2090E+01 -2.8598E+00 -4.6672E+00 -7.5176E+00
  7.0060E+00 -2.3642E+01 -3.0435E+00 -4.6701E+00 -7.5365E+00
  7.0381E+00 -2.5414E+01 -3.2279E+00 -4.6731E+00 -7.5536E+00
  7.0701E+00 -2.7457E+01 -3.4137E+00 -4.6760E+00 -7.5690E+00
  7.1022E+00 -2.9840E+01 -3.6011E+00 -4.6789E+00 -7.5831E+00
  7.1343E+00 -3.2655E+01 -3.7908E+00 -4.6818E+00 -7.5961E+00
  7.1663E+00 -3.6031E+01 -3.9833E+00 -4.6846E+00 -7.6080E+00
  7.1984E+00 -4.0155E+01 -4.1789E+00 -4.6875E+00 -7.6191E+00
  7.2305E+00 -4.5310E+01 -4.3782E+00 -4.6903E+00 -7.6294E+00
  7.2625E+00 -5.1935E+01 -4.5818E+00 -4.6931E+00 -7.6391E+00
  7.2946E+00 -6.0767E+01 -4.7901E+00 -4.6959E+00 -7.6482E+00
  7.3267E+00 -7.3132E+01 -5.0037E+00 -4.6987E+00 -7.6567E+00
  7.3587E+00 -9.1681E+01 -5.2232E+00 -4.7015E+00 -7.6648E+00
  7.3908E+00 -1.2261E+02 -5.4492E+00 -4.7042E+00 -7.6725E+00
  7.4228E+00 -1.8451E+02 -5.6824E+00 -4.7070E+00 -7.6798E+00
  7.4549E+00 -3.7071E+02 -5.9234E+00 -4.7097E+00 -7.6867E+00
  7.4870E+00  9.1766E+04 -6.1729E+00 -4.7124E+00 -7.6934E+00
  7.5190E+00  3.6954E+02 -6.4319E+00 -4.7151E+00 -7.6997E+00
  7.5511E+00  1.8558E+02 -6.7012E+00 -4.7178E+00 -7.7058E+00
  7.5832E+00  1.2409E+02 -6.9817E+00 -4.7204E+00 -7.7117E+00
  7.6152E+00  9.3313E+01 -7.2746E+00 -4.7231E+00 -7.7174E+00
  7.6473E+00  7.4832E+01 -7.5809E+00 -4.7258E+00 -7.7228E+00
  7.6794E+00  6.2503E+01 -7.9019E+00 -4.7284E+00 -7.7281E+00
  7.7114E+00  5.3693E+01 -8.2392E+00 -4.7310E+00 -7.7332E+00
  7.7435E+00  4.7082E+01 -8.5942E+00 -4.7336E+00 -7.7381E+00
  7.7756E+00  4.1937E+01 -8.9689E+00 -4.7362E+00 -7.7429E+00
  7.8076E+00  3.7819E+01 -9.3650E+00 -4.7388E+00 -7.7476E+00
  7.8397E+00  3.4448E+01 -9.7851E+00 -4.7414E+00 -7.7521E+00
  7.8717E+00  3.1636E+01 -1.0232E+01 -4.7440E+00 -7.7566E+00
  7.9038E+00  2.9256E+01 -1.0707E+01 -4.7466E+00 -7.7609E+00
  7.9359E+00  2.7215E+01 -1.1216E+01 -4.7491E+00 -7.7651E+00
  7.9679E+00  2.5444E+01 -1.1761E+01 -4.7517E+00 -7.7692E+00
  8.0000E+00  2.3894E+01 -1.2347E+01 -4.7542E+00 -7.7732E+00
