  5.5354426E-06  3.8567297E-25  4.0442486E-28 -6.9178515E-05 -1.1599763E+02
  1.1170513E-05  9.5080639E-24  1.3534485E-26 -1.3960212E-04 -1.1599521E+02
  1.6907005E-05  6.3085588E-23  1.0750027E-25 -2.1129323E-04 -1.1599293E+02
  2.2746744E-05  2.4457894E-22  4.7388428E-25 -2.8427464E-04 -1.1599079E+02
  2.8691588E-05  7.0651548E-22  1.5130351E-24 -3.5856960E-04 -1.1598900E+02
  3.4743428E-05  1.6942194E-21  3.9394849E-24 -4.3420173E-04 -1.1598756E+02
  4.0904191E-05  3.5730633E-21  8.9107679E-24 -5.1119511E-04 -1.1598649E+02
  4.7175837E-05  6.8597181E-21  1.8183360E-23 -5.8957423E-04 -1.1598584E+02
  5.3560361E-05  1.2258079E-20  3.4299956E-23 -6.6936404E-04 -1.1598561E+02
  6.0059795E-05  2.0700512E-20  6.0812845E-23 -7.5058992E-04 -1.1598579E+02
  6.6676208E-05  3.3395126E-20  1.0254879E-22 -8.3327773E-04 -1.1598635E+02
  7.3411704E-05  5.1880076E-20  1.6592148E-22 -9.1745377E-04 -1.1598726E+02
  8.0268427E-05  7.8085369E-20  2.5929841E-22 -1.0031448E-03 -1.1598848E+02
  8.7248560E-05  1.1440348E-19  3.9342995E-22 -1.0903782E-03 -1.1598993E+02
  9.4354322E-05  1.6376971E-19  5.8194920E-22 -1.1791816E-03 -1.1599157E+02
  1.0158798E-04  2.2975351E-19  8.4195254E-22 -1.2695833E-03 -1.1599331E+02
  1.0895182E-04  3.1666164E-19  1.1946717E-21 -1.3616120E-03 -1.1599509E+02
  1.1644820E-04  4.2965630E-19  1.6662496E-21 -1.4552971E-03 -1.1599684E+02
  1.2407951E-04  5.7488711E-19  2.2886343E-21 -1.5506684E-03 -1.1599848E+02
  1.3184816E-04  7.5964078E-19  3.1006054E-21 -1.6477562E-03 -1.1599996E+02
  1.3975664E-04  9.9251004E-19  4.1489511E-21 -1.7465914E-03 -1.1600120E+02
  1.4780745E-04  1.2835836E-18  5.4898156E-21 -1.8472055E-03 -1.1600217E+02
  1.5600317E-04  1.6446599E-18  7.1902366E-21 -1.9496305E-03 -1.1600280E+02
  1.6434639E-04  2.0894871E-18  9.3298993E-21 -2.0538989E-03 -1.1600306E+02
  1.7283978E-04  2.6340329E-18  1.2003132E-20 -2.1600439E-03 -1.1600292E+02
  1.8148603E-04  3.2967862E-18  1.5321176E-20 -2.2680994E-03 -1.1600234E+02
  1.9028790E-04  4.0990954E-18  1.9414757E-20 -2.3780997E-03 -1.1600131E+02
  1.9924819E-04  5.0655474E-18  2.4437006E-20 -2.4900798E-03 -1.1599982E+02
  2.0836975E-04  6.2243905E-18  3.0566760E-20 -2.6040754E-03 -1.1599785E+02
  2.1765548E-04  7.6080074E-18  3.8012294E-20 -2.7201226E-03 -1.1599540E+02
  2.2710833E-04  9.2534427E-18  4.7015539E-20 -2.8382585E-03 -1.1599249E+02
  2.3673132E-04  1.1202992E-17  5.7856839E-20 -2.9585207E-03 -1.1598910E+02
  2.4652751E-04  1.3504857E-17  7.0860307E-20 -3.0809473E-03 -1.1598525E+02
  2.5650001E-04  1.6213880E-17  8.6399857E-20 -3.2055774E-03 -1.1598096E+02
  2.6665200E-04  1.9392350E-17  1.0490600E-19 -3.3324507E-03 -1.1597624E+02
  2.7698671E-04  2.3110917E-17  1.2687344E-19 -3.4616074E-03 -1.1597109E+02
  2.8750742E-04  2.7449591E-17  1.5286968E-19 -3.5930887E-03 -1.1596555E+02
  2.9821749E-04  3.2498865E-17  1.8354460E-19 -3.7269365E-03 -1.1595962E+02
  3.0912032E-04  3.8360952E-17  2.1964121E-19 -3.8631933E-03 -1.1595333E+02
  3.2021938E-04  4.5151168E-17  2.6200774E-19 -4.0019024E-03 -1.1594669E+02
  3.3151820E-04  5.2999460E-17  3.1161114E-19 -4.1431081E-03 -1.1593971E+02
  3.4302039E-04  6.2052098E-17  3.6955215E-19 -4.2868552E-03 -1.1593242E+02
  3.5472959E-04  7.2473562E-17  4.3708222E-19 -4.4331895E-03 -1.1592483E+02
  3.6664954E-04  8.4448617E-17  5.1562239E-19 -4.5821576E-03 -1.1591696E+02
  3.7878402E-04  9.8184625E-17  6.0678427E-19 -4.7338069E-03 -1.1590881E+02
  3.9113691E-04  1.1391409E-16  7.1239365E-19 -4.8881855E-03 -1.1590040E+02
  4.0371212E-04  1.3189751E-16  8.3451664E-19 -5.0453427E-03 -1.1589175E+02
  4.1651367E-04  1.5242644E-16  9.7548892E-19 -5.2053285E-03 -1.1588286E+02
  4.2954562E-04  1.7582704E-16  1.1379483E-18 -5.3681937E-03 -1.1587375E+02
  4.4281212E-04  2.0246380E-16  1.3248709E-18 -5.5339902E-03 -1.1586442E+02
  4.5631740E-04  2.3274382E-16  1.5396117E-18 -5.7027707E-03 -1.1585489E+02
  4.7006575E-04  2.6712147E-16  1.7859491E-18 -5.8745890E-03 -1.1584515E+02
  4.8406154E-04  3.0610351E-16  2.0681353E-18 -6.0494998E-03 -1.1583521E+02
  4.9830924E-04  3.5025478E-16  2.3909512E-18 -6.2275586E-03 -1.1582509E+02
  5.1281336E-04  4.0020449E-16  2.7597688E-18 -6.4088221E-03 -1.1581478E+02
  5.2757854E-04  4.5665315E-16  3.1806189E-18 -6.5933481E-03 -1.1580428E+02
  5.4260946E-04  5.2038014E-16  3.6602676E-18 -6.7811952E-03 -1.1579361E+02
  5.5791092E-04  5.9225221E-16  4.2063006E-18 -6.9724232E-03 -1.1578275E+02
  5.7348777E-04  6.7323270E-16  4.8272168E-18 -7.1670930E-03 -1.1577172E+02
  5.8934497E-04  7.6439179E-16  5.5325319E-18 -7.3652665E-03 -1.1576052E+02
  6.0548758E-04  8.6691776E-16  6.3328939E-18 -7.5670068E-03 -1.1574913E+02
  6.2192073E-04  9.8212940E-16  7.2402101E-18 -7.7723781E-03 -1.1573758E+02
  6.3864965E-04  1.1114897E-15  8.2677888E-18 -7.9814456E-03 -1.1572584E+02
  6.5567965E-04  1.2566209E-15  9.4304956E-18 -8.1942760E-03 -1.1571393E+02
  6.7301617E-04  1.4193210E-15  1.0744927E-17 -8.4109370E-03 -1.1570183E+02
  6.9066471E-04  1.6015822E-15  1.2229602E-17 -8.6314975E-03 -1.1568956E+02
  7.0863090E-04  1.8056106E-15  1.3905173E-17 -8.8560277E-03 -1.1567710E+02
  7.2692044E-04  2.0338486E-15  1.5794663E-17 -9.0845990E-03 -1.1566446E+02
  7.4553917E-04  2.2889993E-15  1.7923725E-17 -9.3172843E-03 -1.1565162E+02
  7.6449299E-04  2.5740527E-15  2.0320926E-17 -9.5541574E-03 -1.1563860E+02
  7.8378796E-04  2.8923155E-15  2.3018068E-17 -9.7952939E-03 -1.1562538E+02
  8.0343020E-04  3.2474434E-15  2.6050537E-17 -1.0040770E-02 -1.1561195E+02
  8.2342596E-04  3.6434764E-15  2.9457691E-17 -1.0290665E-02 -1.1559833E+02
  8.4378161E-04  4.0848779E-15  3.3283286E-17 -1.0545057E-02 -1.1558450E+02
  8.6450363E-04  4.5765776E-15  3.7575954E-17 -1.0804028E-02 -1.1557046E+02
  8.8559861E-04  5.1240185E-15  4.2389718E-17 -1.1067660E-02 -1.1555620E+02
  9.0707326E-04  5.7332089E-15  4.7784573E-17 -1.1336037E-02 -1.1554173E+02
  9.2893442E-04  6.4107789E-15  5.3827120E-17 -1.1609244E-02 -1.1552703E+02
  9.5118903E-04  7.1640430E-15  6.0591268E-17 -1.1887368E-02 -1.1551210E+02
  9.7384420E-04  8.0010688E-15  6.8159008E-17 -1.2170498E-02 -1.1549693E+02
  9.9690711E-04  8.9307517E-15  7.6621265E-17 -1.2458724E-02 -1.1548153E+02
  1.0203851E-03  9.9628981E-15  8.6078841E-17 -1.2752138E-02 -1.1546588E+02
  1.0442857E-03  1.1108316E-14  9.6643455E-17 -1.3050832E-02 -1.1544999E+02
  1.0686164E-03  1.2378914E-14  1.0843888E-16 -1.3354903E-02 -1.1543384E+02
  1.0933851E-03  1.3787810E-14  1.2160222E-16 -1.3664446E-02 -1.1541743E+02
  1.1185995E-03  1.5349453E-14  1.3628527E-16 -1.3979560E-02 -1.1540075E+02
  1.1442678E-03  1.7079754E-14  1.5265607E-16 -1.4300346E-02 -1.1538380E+02
  1.1703980E-03  1.8996227E-14  1.7090061E-16 -1.4626905E-02 -1.1536658E+02
  1.1969985E-03  2.1118151E-14  1.9122463E-16 -1.4959342E-02 -1.1534908E+02
  1.2240778E-03  2.3466742E-14  2.1385573E-16 -1.5297763E-02 -1.1533128E+02
  1.2516445E-03  2.6065341E-14  2.3904557E-16 -1.5642274E-02 -1.1531319E+02
  1.2797073E-03  2.8939629E-14  2.6707239E-16 -1.5992986E-02 -1.1529480E+02
  1.3082753E-03  3.2117845E-14  2.9824371E-16 -1.6350009E-02 -1.1527611E+02
  1.3373573E-03  3.5631047E-14  3.3289936E-16 -1.6713459E-02 -1.1525710E+02
  1.3669628E-03  3.9513381E-14  3.7141477E-16 -1.7083450E-02 -1.1523777E+02
  1.3971012E-03  4.3802382E-14  4.1420461E-16 -1.7460101E-02 -1.1521812E+02
  1.4277820E-03  4.8539306E-14  4.6172680E-16 -1.7843530E-02 -1.1519813E+02
  1.4590150E-03  5.3769489E-14  5.1448690E-16 -1.8233861E-02 -1.1517780E+02
  1.4908101E-03  5.9542745E-14  5.7304297E-16 -1.8631216E-02 -1.1515713E+02
  1.5231775E-03  6.5913799E-14  6.3801089E-16 -1.9035724E-02 -1.1513611E+02
  1.5561274E-03  7.2942763E-14  7.1007021E-16 -1.9447512E-02 -1.1511472E+02
  1.5896704E-03  8.0695654E-14  7.8997061E-16 -1.9866711E-02 -1.1509297E+02
  1.6238171E-03  8.9244967E-14  8.7853894E-16 -2.0293455E-02 -1.1507084E+02
  1.6585784E-03  9.8670298E-14  9.7668705E-16 -2.0727880E-02 -1.1504834E+02
  1.6939653E-03  1.0905903E-13  1.0854203E-15 -2.1170124E-02 -1.1502544E+02
  1.7299891E-03  1.2050708E-13  1.2058471E-15 -2.1620327E-02 -1.1500215E+02
  1.7666613E-03  1.3311971E-13  1.3391888E-15 -2.2078633E-02 -1.1497845E+02
  1.8039935E-03  1.4701244E-13  1.4867919E-15 -2.2545188E-02 -1.1495435E+02
  1.8419977E-03  1.6231204E-13  1.6501394E-15 -2.3020140E-02 -1.1492982E+02
  1.8806858E-03  1.7915756E-13  1.8308656E-15 -2.3503640E-02 -1.1490487E+02
  1.9200703E-03  1.9770156E-13  2.0307703E-15 -2.3995843E-02 -1.1487948E+02
  1.9601636E-03  2.1811137E-13  2.2518358E-15 -2.4496904E-02 -1.1485365E+02
  2.0009785E-03  2.4057050E-13  2.4962450E-15 -2.5006983E-02 -1.1482737E+02
  2.0425280E-03  2.6528019E-13  2.7664013E-15 -2.5526243E-02 -1.1480062E+02
  2.0848253E-03  2.9246112E-13  3.0649501E-15 -2.6054849E-02 -1.1477341E+02
  2.1278840E-03  3.2235520E-13  3.3948038E-15 -2.6592969E-02 -1.1474572E+02
  2.1717175E-03  3.5522766E-13  3.7591671E-15 -2.7140774E-02 -1.1471755E+02
  2.2163401E-03  3.9136922E-13  4.1615667E-15 -2.7698438E-02 -1.1468888E+02
  2.2617657E-03  4.3109852E-13  4.6058830E-15 -2.8266139E-02 -1.1465970E+02
  2.3080089E-03  4.7476476E-13  5.0963846E-15 -2.8844058E-02 -1.1463002E+02
  2.3550844E-03  5.2275062E-13  5.6377673E-15 -2.9432379E-02 -1.1459981E+02
  2.4030072E-03  5.7547541E-13  6.2351953E-15 -3.0031288E-02 -1.1456907E+02
  2.4517926E-03  6.3339850E-13  6.8943483E-15 -3.0640977E-02 -1.1453778E+02
  2.5014559E-03  6.9702319E-13  7.6214715E-15 -3.1261639E-02 -1.1450595E+02
  2.5520132E-03  7.6690076E-13  8.4234311E-15 -3.1893471E-02 -1.1447356E+02
  2.6034803E-03  8.4363506E-13  9.3077758E-15 -3.2536676E-02 -1.1444059E+02
  2.6558738E-03  9.2788746E-13  1.0282803E-14 -3.3191457E-02 -1.1440705E+02
  2.7092103E-03  1.0203822E-12  1.1357633E-14 -3.3858023E-02 -1.1437292E+02
  2.7635067E-03  1.1219124E-12  1.2542289E-14 -3.4536586E-02 -1.1433818E+02
  2.8187804E-03  1.2333465E-12  1.3847785E-14 -3.5227362E-02 -1.1430283E+02
  2.8750489E-03  1.3556352E-12  1.5286224E-14 -3.5930571E-02 -1.1426686E+02
  2.9323301E-03  1.4898194E-12  1.6870901E-14 -3.6646436E-02 -1.1423026E+02
  2.9906423E-03  1.6370387E-12  1.8616423E-14 -3.7375185E-02 -1.1419301E+02
  3.0500040E-03  1.7985401E-12  2.0538837E-14 -3.8117051E-02 -1.1415511E+02
  3.1104341E-03  1.9756889E-12  2.2655766E-14 -3.8872269E-02 -1.1411654E+02
  3.1719519E-03  2.1699791E-12  2.4986566E-14 -3.9641080E-02 -1.1407729E+02
  3.2345769E-03  2.3830456E-12  2.7552492E-14 -4.0423727E-02 -1.1403736E+02
  3.2983290E-03  2.6166776E-12  3.0376885E-14 -4.1220462E-02 -1.1399672E+02
  3.3632285E-03  2.8728327E-12  3.3485374E-14 -4.2031535E-02 -1.1395538E+02
  3.4292961E-03  3.1536527E-12  3.6906096E-14 -4.2857207E-02 -1.1391330E+02
  3.4965528E-03  3.4614809E-12  4.0669939E-14 -4.3697740E-02 -1.1387049E+02
  3.5650200E-03  3.7988806E-12  4.4810811E-14 -4.4553400E-02 -1.1382693E+02
  3.6347195E-03  4.1686559E-12  4.9365931E-14 -4.5424461E-02 -1.1378261E+02
  3.7056734E-03  4.5738738E-12  5.4376147E-14 -4.6311199E-02 -1.1373752E+02
  3.7779045E-03  5.0178887E-12  5.9886292E-14 -4.7213898E-02 -1.1369164E+02
  3.8514355E-03  5.5043693E-12  6.5945562E-14 -4.8132843E-02 -1.1364496E+02
  3.9262900E-03  6.0373274E-12  7.2607943E-14 -4.9068327E-02 -1.1359747E+02
  4.0024917E-03  6.6211500E-12  7.9932671E-14 -5.0020649E-02 -1.1354915E+02
  4.0800649E-03  7.2606340E-12  8.7984735E-14 -5.0990110E-02 -1.1350000E+02
  4.1590343E-03  7.9610241E-12  9.6835437E-14 -5.1977021E-02 -1.1344999E+02
  4.2394250E-03  8.7280540E-12  1.0656300E-13 -5.2981694E-02 -1.1339911E+02
  4.3212626E-03  9.5679921E-12  1.1725321E-13 -5.4004449E-02 -1.1334736E+02
  4.4045731E-03  1.0487691E-11  1.2900021E-13 -5.5045612E-02 -1.1329471E+02
  4.4893830E-03  1.1494640E-11  1.4190720E-13 -5.6105514E-02 -1.1324115E+02
  4.5757194E-03  1.2597025E-11  1.5608741E-13 -5.7184492E-02 -1.1318668E+02
  4.6636097E-03  1.3803795E-11  1.7166499E-13 -5.8282891E-02 -1.1313126E+02
  4.7530819E-03  1.5124726E-11  1.8877610E-13 -5.9401058E-02 -1.1307490E+02
  4.8441644E-03  1.6570505E-11  2.0757004E-13 -6.0539350E-02 -1.1301757E+02
  4.9368862E-03  1.8152808E-11  2.2821053E-13 -6.1698130E-02 -1.1295926E+02
  5.0312769E-03  1.9884392E-11  2.5087705E-13 -6.2877766E-02 -1.1289995E+02
  5.1273664E-03  2.1779196E-11  2.7576642E-13 -6.4078633E-02 -1.1283963E+02
  5.2251854E-03  2.3852450E-11  3.0309437E-13 -6.5301113E-02 -1.1277829E+02
  5.3247649E-03  2.6120790E-11  3.3309744E-13 -6.6545596E-02 -1.1271591E+02
  5.4261367E-03  2.8602390E-11  3.6603489E-13 -6.7812478E-02 -1.1265247E+02
  5.5293330E-03  3.1317101E-11  4.0219094E-13 -6.9102161E-02 -1.1258795E+02
  5.6343867E-03  3.4286605E-11  4.4187710E-13 -7.0415056E-02 -1.1252235E+02
  5.7413311E-03  3.7534584E-11  4.8543481E-13 -7.1751581E-02 -1.1245565E+02
  5.8502003E-03  4.1086899E-11  5.3323830E-13 -7.3112161E-02 -1.1238782E+02
  5.9610290E-03  4.4971795E-11  5.8569768E-13 -7.4497229E-02 -1.1231886E+02
  6.0738524E-03  4.9220110E-11  6.4326241E-13 -7.5907226E-02 -1.1224874E+02
  6.1887065E-03  5.3865520E-11  7.0642501E-13 -7.7342600E-02 -1.1217746E+02
  6.3056277E-03  5.8944792E-11  7.7572521E-13 -7.8803808E-02 -1.1210499E+02
  6.4246533E-03  6.4498069E-11  8.5175439E-13 -8.0291316E-02 -1.1203131E+02
  6.5458211E-03  7.0569173E-11  9.3516055E-13 -8.1805596E-02 -1.1195642E+02
  6.6691697E-03  7.7205942E-11  1.0266537E-12 -8.3347131E-02 -1.1188029E+02
  6.7947384E-03  8.4460595E-11  1.1270117E-12 -8.4916410E-02 -1.1180290E+02
  6.9225671E-03  9.2390130E-11  1.2370867E-12 -8.6513934E-02 -1.1172424E+02
  7.0526965E-03  1.0105675E-10  1.3578125E-12 -8.8140210E-02 -1.1164429E+02
  7.1851680E-03  1.1052836E-10  1.4902118E-12 -8.9795756E-02 -1.1156304E+02
  7.3200238E-03  1.2087903E-10  1.6354051E-12 -9.1481099E-02 -1.1148046E+02
  7.4573067E-03  1.3218962E-10  1.7946196E-12 -9.3196776E-02 -1.1139654E+02
  7.5970605E-03  1.4454835E-10  1.9691997E-12 -9.4943331E-02 -1.1131126E+02
  7.7393296E-03  1.5805146E-10  2.1606181E-12 -9.6721322E-02 -1.1122460E+02
  7.8841592E-03  1.7280396E-10  2.3704876E-12 -9.8531313E-02 -1.1113654E+02
  8.0315956E-03  1.8892043E-10  2.6005748E-12 -1.0037388E-01 -1.1104707E+02
  8.1816856E-03  2.0652582E-10  2.8528143E-12 -1.0224961E-01 -1.1095617E+02
  8.3344769E-03  2.2575645E-10  3.1293251E-12 -1.0415910E-01 -1.1086381E+02
  8.4900181E-03  2.4676101E-10  3.4324277E-12 -1.0610296E-01 -1.1076998E+02
  8.6483589E-03  2.6970166E-10  3.7646634E-12 -1.0808180E-01 -1.1067466E+02
  8.8095495E-03  2.9475525E-10  4.1288152E-12 -1.1009626E-01 -1.1057784E+02
  8.9736412E-03  3.2211463E-10  4.5279303E-12 -1.1214698E-01 -1.1047948E+02
  9.1406863E-03  3.5199009E-10  4.9653459E-12 -1.1423461E-01 -1.1037958E+02
  9.3107379E-03  3.8461093E-10  5.4447159E-12 -1.1635981E-01 -1.1027811E+02
  9.4838502E-03  4.2022715E-10  5.9700412E-12 -1.1852325E-01 -1.1017505E+02
  9.6600782E-03  4.5911127E-10  6.5457026E-12 -1.2072564E-01 -1.1007038E+02
  9.8394779E-03  5.0156041E-10  7.1764966E-12 -1.2296767E-01 -1.0996410E+02
  1.0022107E-02  5.4789842E-10  7.8676746E-12 -1.2525005E-01 -1.0985616E+02
  1.0208022E-02  5.9847830E-10  8.6249862E-12 -1.2757350E-01 -1.0974656E+02
  1.0397284E-02  6.5368475E-10  9.4547259E-12 -1.2993878E-01 -1.0963527E+02
  1.0589952E-02  7.1393706E-10  1.0363785E-11 -1.3234663E-01 -1.0952228E+02
  1.0786088E-02  7.7969211E-10  1.1359708E-11 -1.3479781E-01 -1.0940755E+02
  1.0985754E-02  8.5144774E-10  1.2450754E-11 -1.3729311E-01 -1.0929108E+02
  1.1189013E-02  9.2974639E-10  1.3645963E-11 -1.3983332E-01 -1.0917284E+02
  1.1395931E-02  1.0151790E-09  1.4955233E-11 -1.4241925E-01 -1.0905281E+02
  1.1606573E-02  1.1083895E-09  1.6389397E-11 -1.4505173E-01 -1.0893097E+02
  1.1821007E-02  1.2100790E-09  1.7960314E-11 -1.4773158E-01 -1.0880730E+02
  1.2039299E-02  1.3210114E-09  1.9680965E-11 -1.5045966E-01 -1.0868177E+02
  1.2261521E-02  1.4420188E-09  2.1565558E-11 -1.5323685E-01 -1.0855436E+02
  1.2487742E-02  1.5740071E-09  2.3629644E-11 -1.5606402E-01 -1.0842506E+02
  1.2718035E-02  1.7179630E-09  2.5890247E-11 -1.5894208E-01 -1.0829384E+02
  1.2952472E-02  1.8749608E-09  2.8365996E-11 -1.6187193E-01 -1.0816067E+02
  1.3191129E-02  2.0461703E-09  3.1077282E-11 -1.6485452E-01 -1.0802554E+02
  1.3434082E-02  2.2328648E-09  3.4046422E-11 -1.6789079E-01 -1.0788842E+02
  1.3681407E-02  2.4364307E-09  3.7297840E-11 -1.7098170E-01 -1.0774929E+02
  1.3933183E-02  2.6583769E-09  4.0858267E-11 -1.7412825E-01 -1.0760813E+02
  1.4189491E-02  2.9003458E-09  4.4756958E-11 -1.7733143E-01 -1.0746491E+02
  1.4450413E-02  3.1641247E-09  4.9025926E-11 -1.8059226E-01 -1.0731961E+02
  1.4716030E-02  3.4516588E-09  5.3700207E-11 -1.8391178E-01 -1.0717221E+02
  1.4986428E-02  3.7650645E-09  5.8818143E-11 -1.8729104E-01 -1.0702268E+02
  1.5261692E-02  4.1066446E-09  6.4421689E-11 -1.9073113E-01 -1.0687099E+02
  1.5541911E-02  4.4789043E-09  7.0556760E-11 -1.9423313E-01 -1.0671713E+02
  1.5827174E-02  4.8845689E-09  7.7273597E-11 -1.9779816E-01 -1.0656107E+02
  1.6117570E-02  5.3266024E-09  8.4627177E-11 -2.0142735E-01 -1.0640279E+02
  1.6413193E-02  5.8082290E-09  9.2677660E-11 -2.0512187E-01 -1.0624225E+02
  1.6714137E-02  6.3329546E-09  1.0149087E-10 -2.0888288E-01 -1.0607944E+02
  1.7020498E-02  6.9045916E-09  1.1113885E-10 -2.1271158E-01 -1.0591433E+02
  1.7332372E-02  7.5272852E-09  1.2170039E-10 -2.1660919E-01 -1.0574690E+02
  1.7649859E-02  8.2055421E-09  1.3326174E-10 -2.2057695E-01 -1.0557711E+02
  1.7973061E-02  8.9442612E-09  1.4591725E-10 -2.2461612E-01 -1.0540495E+02
  1.8302080E-02  9.7487673E-09  1.5977016E-10 -2.2872799E-01 -1.0523038E+02
  1.8637020E-02  1.0624848E-08  1.7493342E-10 -2.3291387E-01 -1.0505338E+02
  1.8977989E-02  1.1578792E-08  1.9153061E-10 -2.3717508E-01 -1.0487393E+02
  1.9325095E-02  1.2617434E-08  2.0969695E-10 -2.4151299E-01 -1.0469200E+02
  1.9678448E-02  1.3748198E-08  2.2958036E-10 -2.4592897E-01 -1.0450755E+02
  2.0038160E-02  1.4979151E-08  2.5134270E-10 -2.5042444E-01 -1.0432057E+02
  2.0404347E-02  1.6319055E-08  2.7516102E-10 -2.5500081E-01 -1.0413103E+02
  2.0777125E-02  1.7777427E-08  3.0122904E-10 -2.5965955E-01 -1.0393889E+02
  2.1156612E-02  1.9364600E-08  3.2975869E-10 -2.6440214E-01 -1.0374414E+02
  2.1542929E-02  2.1091798E-08  3.6098181E-10 -2.6923009E-01 -1.0354674E+02
  2.1936199E-02  2.2971206E-08  3.9515205E-10 -2.7414493E-01 -1.0334666E+02
  2.2336547E-02  2.5016051E-08  4.3254688E-10 -2.7914823E-01 -1.0314388E+02
  2.2744101E-02  2.7240692E-08  4.7346984E-10 -2.8424158E-01 -1.0293837E+02
  2.3158990E-02  2.9660714E-08  5.1825300E-10 -2.8942661E-01 -1.0273009E+02
  2.3581346E-02  3.2293028E-08  5.6725960E-10 -2.9470495E-01 -1.0251902E+02
  2.4011304E-02  3.5155986E-08  6.2088702E-10 -3.0007829E-01 -1.0230513E+02
  2.4449000E-02  3.8269498E-08  6.7956993E-10 -3.0554835E-01 -1.0208838E+02
  2.4894575E-02  4.1655162E-08  7.4378384E-10 -3.1111685E-01 -1.0186875E+02
  2.5348168E-02  4.5336405E-08  8.1404888E-10 -3.1678558E-01 -1.0164620E+02
  2.5809926E-02  4.9338634E-08  8.9093400E-10 -3.2255634E-01 -1.0142071E+02
  2.6279994E-02  5.3689399E-08  9.7506157E-10 -3.2843096E-01 -1.0119225E+02
  2.6758523E-02  5.8418572E-08  1.0671123E-09 -3.3441131E-01 -1.0096078E+02
  2.7245665E-02  6.3558534E-08  1.1678310E-09 -3.4049929E-01 -1.0072628E+02
  2.7741574E-02  6.9144385E-08  1.2780319E-09 -3.4669685E-01 -1.0048872E+02
  2.8246409E-02  7.5214166E-08  1.3986061E-09 -3.5300595E-01 -1.0024809E+02
  2.8760329E-02  8.1809097E-08  1.5305281E-09 -3.5942861E-01 -1.0000435E+02
  2.9283500E-02  8.8973840E-08  1.6748636E-09 -3.6596686E-01 -9.9757499E+01
  2.9816086E-02  9.6756777E-08  1.8327784E-09 -3.7262279E-01 -9.9507520E+01
  3.0358259E-02  1.0521031E-07  2.0055477E-09 -3.7939851E-01 -9.9254409E+01
  3.0910189E-02  1.1439119E-07  2.1945662E-09 -3.8629618E-01 -9.8998164E+01
  3.1472053E-02  1.2436088E-07  2.4013591E-09 -3.9331800E-01 -9.8738793E+01
  3.2044030E-02  1.3518590E-07  2.6275949E-09 -4.0046620E-01 -9.8476309E+01
  3.2626301E-02  1.4693826E-07  2.8750981E-09 -4.0774305E-01 -9.8210733E+01
  3.3219052E-02  1.5969592E-07  3.1458646E-09 -4.1515087E-01 -9.7942092E+01
  3.3822472E-02  1.7354322E-07  3.4420770E-09 -4.2269202E-01 -9.7670419E+01
  3.4436752E-02  1.8857141E-07  3.7661224E-09 -4.3036889E-01 -9.7395751E+01
  3.5062088E-02  2.0487922E-07  4.1206115E-09 -4.3818393E-01 -9.7118131E+01
  3.5698679E-02  2.2257342E-07  4.5083996E-09 -4.4613963E-01 -9.6837599E+01
  3.6346728E-02  2.4176947E-07  4.9326095E-09 -4.5423851E-01 -9.6554198E+01
  3.7006440E-02  2.6259221E-07  5.3966561E-09 -4.6248316E-01 -9.6267964E+01
  3.7678026E-02  2.8517660E-07  5.9042743E-09 -4.7087620E-01 -9.5978931E+01
  3.8361699E-02  3.0966850E-07  6.4595486E-09 -4.7942029E-01 -9.5687122E+01
  3.9057677E-02  3.3622553E-07  7.0669459E-09 -4.8811816E-01 -9.5392552E+01
  3.9766182E-02  3.6501800E-07  7.7313510E-09 -4.9697258E-01 -9.5095224E+01
  4.0487438E-02  3.9622985E-07  8.4581060E-09 -5.0598635E-01 -9.4795129E+01
  4.1221676E-02  4.3005979E-07  9.2530531E-09 -5.1516235E-01 -9.4492246E+01
  4.1969128E-02  4.6672234E-07  1.0122581E-08 -5.2450351E-01 -9.4186539E+01
  4.2730034E-02  5.0644913E-07  1.1073675E-08 -5.3401278E-01 -9.3877963E+01
  4.3504634E-02  5.4949017E-07  1.2113976E-08 -5.4369320E-01 -9.3566461E+01
  4.4293176E-02  5.9611526E-07  1.3251839E-08 -5.5354785E-01 -9.3251967E+01
  4.5095910E-02  6.4661552E-07  1.4496399E-08 -5.6357986E-01 -9.2934406E+01
  4.5913092E-02  7.0130498E-07  1.5857645E-08 -5.7379242E-01 -9.2613701E+01
  4.6744982E-02  7.6052234E-07  1.7346504E-08 -5.8418878E-01 -9.2289768E+01
  4.7591844E-02  8.2463282E-07  1.8974919E-08 -5.9477226E-01 -9.1962524E+01
  4.8453949E-02  8.9403018E-07  2.0755954E-08 -6.0554621E-01 -9.1631887E+01
  4.9331570E-02  9.6913879E-07  2.2703892E-08 -6.1651407E-01 -9.1297777E+01
  5.0224986E-02  1.0504160E-06  2.4834351E-08 -6.2767932E-01 -9.0960119E+01
  5.1134482E-02  1.1383546E-06  2.7164409E-08 -6.3904552E-01 -9.0618845E+01
  5.2060348E-02  1.2334853E-06  2.9712740E-08 -6.5061628E-01 -9.0273893E+01
  5.3002878E-02  1.3363798E-06  3.2499762E-08 -6.6239528E-01 -8.9925209E+01
  5.3962371E-02  1.4476534E-06  3.5547800E-08 -6.7438627E-01 -8.9572745E+01
  5.4939134E-02  1.5679687E-06  3.8881266E-08 -6.8659307E-01 -8.9216463E+01
  5.5933476E-02  1.6980387E-06  4.2526850E-08 -6.9901956E-01 -8.8856332E+01
  5.6945715E-02  1.8386306E-06  4.6513736E-08 -7.1166968E-01 -8.8492328E+01
  5.7976173E-02  1.9905696E-06  5.0873832E-08 -7.2454748E-01 -8.8124434E+01
  5.9025177E-02  2.1547433E-06  5.5642025E-08 -7.3765703E-01 -8.7752638E+01
  6.0093061E-02  2.3321059E-06  6.0856460E-08 -7.5100251E-01 -8.7376937E+01
  6.1180165E-02  2.5236834E-06  6.6558840E-08 -7.6458816E-01 -8.6997329E+01
  6.2286835E-02  2.7305782E-06  7.2794761E-08 -7.7841832E-01 -8.6613819E+01
  6.3413424E-02  2.9539749E-06  7.9614075E-08 -7.9249736E-01 -8.6226417E+01
  6.4560288E-02  3.1951461E-06  8.7071282E-08 -8.0682978E-01 -8.5835134E+01
  6.5727795E-02  3.4554581E-06  9.5225968E-08 -8.2142012E-01 -8.5439985E+01
  6.6916314E-02  3.7363782E-06  1.0414328E-07 -8.3627304E-01 -8.5040988E+01
  6.8126225E-02  4.0394813E-06  1.1389443E-07 -8.5139324E-01 -8.4638162E+01
  6.9357912E-02  4.3664573E-06  1.2455728E-07 -8.6678555E-01 -8.4231529E+01
  7.0611767E-02  4.7191193E-06  1.3621695E-07 -8.8245484E-01 -8.3821111E+01
  7.1888189E-02  5.0994120E-06  1.4896649E-07 -8.9840611E-01 -8.3406930E+01
  7.3187585E-02  5.5094205E-06  1.6290762E-07 -9.1464443E-01 -8.2989011E+01
  7.4510367E-02  5.9513803E-06  1.7815156E-07 -9.3117495E-01 -8.2567375E+01
  7.5856958E-02  6.4276869E-06  1.9481986E-07 -9.4800293E-01 -8.2142047E+01
  7.7227784E-02  6.9409071E-06  2.1304541E-07 -9.6513372E-01 -8.1713049E+01
  7.8623283E-02  7.4937903E-06  2.3297349E-07 -9.8257277E-01 -8.1280404E+01
  8.0043898E-02  8.0892807E-06  2.5476289E-07 -1.0003256E+00 -8.0844133E+01
  8.1490082E-02  8.7305301E-06  2.7858717E-07 -1.0183979E+00 -8.0404258E+01
  8.2962295E-02  9.4209119E-06  3.0463609E-07 -1.0367953E+00 -7.9960799E+01
  8.4461005E-02  1.0164036E-05  3.3311704E-07 -1.0555238E+00 -7.9513777E+01
  8.5986689E-02  1.0963762E-05  3.6425672E-07 -1.0745892E+00 -7.9063211E+01
  8.7539833E-02  1.1824219E-05  3.9830289E-07 -1.0939977E+00 -7.8609120E+01
  8.9120930E-02  1.2749822E-05  4.3552641E-07 -1.1137553E+00 -7.8151524E+01
  9.0730485E-02  1.3745288E-05  4.7622329E-07 -1.1338684E+00 -7.7690441E+01
  9.2369008E-02  1.4815656E-05  5.2071707E-07 -1.1543434E+00 -7.7225893E+01
  9.4037022E-02  1.5966312E-05  5.6936136E-07 -1.1751867E+00 -7.6757897E+01
  9.5735058E-02  1.7203004E-05  6.2254265E-07 -1.1964049E+00 -7.6286476E+01
  9.7463655E-02  1.8531869E-05  6.8068330E-07 -1.2180048E+00 -7.5811651E+01
  9.9223364E-02  1.9959459E-05  7.4424496E-07 -1.2399933E+00 -7.5333447E+01
  1.0101474E-01  2.1492763E-05  8.1373209E-07 -1.2623772E+00 -7.4851887E+01
  1.0283837E-01  2.3139233E-05  8.8969602E-07 -1.2851638E+00 -7.4367000E+01
  1.0469481E-01  2.4906821E-05  9.7273925E-07 -1.3083601E+00 -7.3878817E+01
  1.0658467E-01  2.6803998E-05  1.0635202E-06 -1.3319737E+00 -7.3387373E+01
  1.0850854E-01  2.8839796E-05  1.1627583E-06 -1.3560119E+00 -7.2892709E+01
  1.1046703E-01  3.1023835E-05  1.2712397E-06 -1.3804823E+00 -7.2394875E+01
  1.1246078E-01  3.3366361E-05  1.3898236E-06 -1.4053928E+00 -7.1893927E+01
  1.1449041E-01  3.5878286E-05  1.5194487E-06 -1.4307511E+00 -7.1389939E+01
  1.1655657E-01  3.8571222E-05  1.6611405E-06 -1.4565654E+00 -7.0882999E+01
  1.1865992E-01  4.1457528E-05  1.8160198E-06 -1.4828436E+00 -7.0373214E+01
  1.2080112E-01  4.4550352E-05  1.9853111E-06 -1.5095943E+00 -6.9860719E+01
  1.2298087E-01  4.7863673E-05  2.1703519E-06 -1.5368258E+00 -6.9345675E+01
  1.2519984E-01  5.1412358E-05  2.3726039E-06 -1.5645466E+00 -6.8828272E+01
  1.2745875E-01  5.5212205E-05  2.5936638E-06 -1.5927656E+00 -6.8308733E+01
  1.2975832E-01  5.9279999E-05  2.8352757E-06 -1.6214916E+00 -6.7787306E+01
  1.3209927E-01  6.3633570E-05  3.0993453E-06 -1.6507337E+00 -6.7264265E+01
  1.3448236E-01  6.8291847E-05  3.3879539E-06 -1.6805011E+00 -6.6739895E+01
  1.3690834E-01  7.3274924E-05  3.7033754E-06 -1.7108031E+00 -6.6214483E+01
  1.3937798E-01  7.8604118E-05  4.0480931E-06 -1.7416493E+00 -6.5688299E+01
  1.4189208E-01  8.4302043E-05  4.4248197E-06 -1.7730493E+00 -6.5161582E+01
  1.4445142E-01  9.0392673E-05  4.8365179E-06 -1.8050130E+00 -6.4634516E+01
  1.4705682E-01  9.6901418E-05  5.2864235E-06 -1.8375503E+00 -6.4107221E+01
  1.4970912E-01  1.0385520E-04  5.7780703E-06 -1.8706716E+00 -6.3579734E+01
  1.5240916E-01  1.1128254E-04  6.3153173E-06 -1.9043870E+00 -6.3052011E+01
  1.5515779E-01  1.1921363E-04  6.9023789E-06 -1.9387072E+00 -6.2523929E+01
  1.5795589E-01  1.2768042E-04  7.5438567E-06 -1.9736428E+00 -6.1995306E+01
  1.6080435E-01  1.3671674E-04  8.2447754E-06 -2.0092047E+00 -6.1465927E+01
  1.6370408E-01  1.4635835E-04  9.0106210E-06 -2.0454039E+00 -6.0935577E+01
  1.6665600E-01  1.5664310E-04  9.8473834E-06 -2.0822516E+00 -6.0404067E+01
  1.6966105E-01  1.6761097E-04  1.0761601E-05 -2.1197593E+00 -5.9871262E+01
  1.7272018E-01  1.7930427E-04  1.1760414E-05 -2.1579386E+00 -5.9337087E+01
  1.7583437E-01  1.9176767E-04  1.2851613E-05 -2.1968011E+00 -5.8801526E+01
  1.7900462E-01  2.0504837E-04  1.4043704E-05 -2.2363588E+00 -5.8264615E+01
  1.8223192E-01  2.1919624E-04  1.5345971E-05 -2.2766239E+00 -5.7726422E+01
  1.8551731E-01  2.3426392E-04  1.6768546E-05 -2.3176086E+00 -5.7187042E+01
  1.8886183E-01  2.5030698E-04  1.8322486E-05 -2.3593254E+00 -5.6646580E+01
  1.9226654E-01  2.6738408E-04  2.0019857E-05 -2.4017871E+00 -5.6105144E+01
  1.9573253E-01  2.8555707E-04  2.1873826E-05 -2.4450064E+00 -5.5562847E+01
  1.9926091E-01  3.0489124E-04  2.3898756E-05 -2.4889963E+00 -5.5019806E+01
  2.0285279E-01  3.2545538E-04  2.6110321E-05 -2.5337702E+00 -5.4476139E+01
  2.0650931E-01  3.4732205E-04  2.8525617E-05 -2.5793414E+00 -5.3931973E+01
  2.1023165E-01  3.7056771E-04  3.1163292E-05 -2.6257234E+00 -5.3387439E+01
  2.1402098E-01  3.9527292E-04  3.4043689E-05 -2.6729300E+00 -5.2842673E+01
  2.1787852E-01  4.2152253E-04  3.7188991E-05 -2.7209751E+00 -5.2297818E+01
  2.2180548E-01  4.4940592E-04  4.0623389E-05 -2.7698728E+00 -5.1753015E+01
  2.2580312E-01  4.7901718E-04  4.4373262E-05 -2.8196372E+00 -5.1208405E+01
  2.2987272E-01  5.1045537E-04  4.8467371E-05 -2.8702828E+00 -5.0664122E+01
  2.3401555E-01  5.4382470E-04  5.2937069E-05 -2.9218242E+00 -5.0120293E+01
  2.3823295E-01  5.7923484E-04  5.7816534E-05 -2.9742759E+00 -4.9577033E+01
  2.4252626E-01  6.1680114E-04  6.3143015E-05 -3.0276528E+00 -4.9034441E+01
  2.4689684E-01  6.5664491E-04  6.8957109E-05 -3.0819699E+00 -4.8492604E+01
  2.5134608E-01  6.9889371E-04  7.5303053E-05 -3.1372422E+00 -4.7951590E+01
  2.5587540E-01  7.4368161E-04  8.2229041E-05 -3.1934847E+00 -4.7411450E+01
  2.6048624E-01  7.9114956E-04  8.9787579E-05 -3.2507129E+00 -4.6872221E+01
  2.6518007E-01  8.4144567E-04  9.8035856E-05 -3.3089420E+00 -4.6333923E+01
  2.6995838E-01  8.9472556E-04  1.0703616E-04 -3.3681873E+00 -4.5796562E+01
  2.7482268E-01  9.5115276E-04  1.1685630E-04 -3.4284643E+00 -4.5260134E+01
  2.7977454E-01  1.0108990E-03  1.2757013E-04 -3.4897884E+00 -4.4724626E+01
  2.8481552E-01  1.0741449E-03  1.3925803E-04 -3.5521751E+00 -4.4190022E+01
  2.8994724E-01  1.1410798E-03  1.5200749E-04 -3.6156397E+00 -4.3656300E+01
  2.9517131E-01  1.2119030E-03  1.6591371E-04 -3.6801977E+00 -4.3123442E+01
  3.0048940E-01  1.2868235E-03  1.8108028E-04 -3.7458642E+00 -4.2591434E+01
  3.0590322E-01  1.3660612E-03  1.9761989E-04 -3.8126545E+00 -4.2060262E+01
  3.1141447E-01  1.4498469E-03  2.1565507E-04 -3.8805835E+00 -4.1529917E+01
  3.1702491E-01  1.5384230E-03  2.3531911E-04 -3.9496661E+00 -4.1000389E+01
  3.2273634E-01  1.6320443E-03  2.5675688E-04 -4.0199169E+00 -4.0471663E+01
  3.2855056E-01  1.7309787E-03  2.8012585E-04 -4.0913501E+00 -3.9943705E+01
  3.3446942E-01  1.8355074E-03  3.0559716E-04 -4.1639797E+00 -3.9416463E+01
  3.4049481E-01  1.9459265E-03  3.3335672E-04 -4.2378194E+00 -3.8889851E+01
  3.4662865E-01  2.0625469E-03  3.6360647E-04 -4.3128822E+00 -3.8363759E+01
  3.5287289E-01  2.1856958E-03  3.9656571E-04 -4.3891808E+00 -3.7838057E+01
  3.5922951E-01  2.3157177E-03  4.3247248E-04 -4.4667273E+00 -3.7312639E+01
  3.6570054E-01  2.4529751E-03  4.7158518E-04 -4.5455329E+00 -3.6787482E+01
  3.7228804E-01  2.5978498E-03  5.1418415E-04 -4.6256084E+00 -3.6262740E+01
  3.7899410E-01  2.7507439E-03  5.6057347E-04 -4.7069636E+00 -3.5738870E+01
  3.8582086E-01  2.9120813E-03  6.1108289E-04 -4.7896073E+00 -3.5216745E+01
  3.9277049E-01  3.0823083E-03  6.6606987E-04 -4.8735472E+00 -3.4697738E+01
  3.9984520E-01  3.2618947E-03  7.2592179E-04 -4.9587901E+00 -3.4183705E+01
  4.0704724E-01  3.4513342E-03  7.9105827E-04 -5.0453414E+00 -3.3676828E+01
  4.1437891E-01  3.6511449E-03  8.6193377E-04 -5.1332048E+00 -3.3179271E+01
  4.2184253E-01  3.8618691E-03  9.3904022E-04 -5.2223829E+00 -3.2692677E+01
  4.2944048E-01  4.0840733E-03  1.0229100E-03 -5.3128762E+00 -3.2217595E+01
  4.3717519E-01  4.3183487E-03  1.1141188E-03 -5.4046835E+00 -3.1753041E+01
  4.4504910E-01  4.5653124E-03  1.2132893E-03 -5.4978014E+00 -3.1296496E+01
  4.5306473E-01  4.8256090E-03  1.3210945E-03 -5.5922243E+00 -3.0844498E+01
  4.6122463E-01  5.0999146E-03  1.4382611E-03 -5.6879442E+00 -3.0393656E+01
  4.6953140E-01  5.3889403E-03  1.5655741E-03 -5.7849502E+00 -2.9941571E+01
  4.7798767E-01  5.6934365E-03  1.7038806E-03 -5.8832285E+00 -2.9487222E+01
  4.8659613E-01  6.0141964E-03  1.8540944E-03 -5.9827622E+00 -2.9030758E+01
  4.9535954E-01  6.3520596E-03  2.0172008E-03 -6.0835309E+00 -2.8573001E+01
  5.0428067E-01  6.7079147E-03  2.1942615E-03 -6.1855104E+00 -2.8114980E+01
  5.1336236E-01  7.0827018E-03  2.3864198E-03 -6.2886724E+00 -2.7657623E+01
  5.2260751E-01  7.4774154E-03  2.5949064E-03 -6.3929842E+00 -2.7201638E+01
  5.3201906E-01  7.8931077E-03  2.8210452E-03 -6.4984085E+00 -2.6747487E+01
  5.4160000E-01  8.3308919E-03  3.0662593E-03 -6.6049026E+00 -2.6295428E+01
  5.5135337E-01  8.7919461E-03  3.3320778E-03 -6.7124187E+00 -2.5845573E+01
  5.6128229E-01  9.2775179E-03  3.6201419E-03 -6.8209027E+00 -2.5397955E+01
  5.7138992E-01  9.7889293E-03  3.9322129E-03 -6.9302944E+00 -2.4952589E+01
  5.8167946E-01  1.0327582E-02  4.2701784E-03 -7.0405268E+00 -2.4509513E+01
  5.9215420E-01  1.0894962E-02  4.6360610E-03 -7.1515256E+00 -2.4068812E+01
  6.0281746E-01  1.1492649E-02  5.0320255E-03 -7.2632088E+00 -2.3630632E+01
  6.1367264E-01  1.2122319E-02  5.4603870E-03 -7.3754861E+00 -2.3195172E+01
  6.2472320E-01  1.2785754E-02  5.9236199E-03 -7.4882585E+00 -2.2762669E+01
  6.3597265E-01  1.3484846E-02  6.4243658E-03 -7.6014178E+00 -2.2333387E+01
  6.4742456E-01  1.4221609E-02  6.9654430E-03 -7.7148457E+00 -2.1907600E+01
  6.5908260E-01  1.4998183E-02  7.5498549E-03 -7.8284138E+00 -2.1485580E+01
  6.7095045E-01  1.5816846E-02  8.1807992E-03 -7.9419824E+00 -2.1067583E+01
  6.8303191E-01  1.6680021E-02  8.8616776E-03 -8.0554006E+00 -2.0653848E+01
  6.9533081E-01  1.7590283E-02  9.5961045E-03 -8.1685051E+00 -2.0244589E+01
  7.0785107E-01  1.8550378E-02  1.0387917E-02 -8.2811200E+00 -1.9839992E+01
  7.2059667E-01  1.9563225E-02  1.1241183E-02 -8.3930562E+00 -1.9440218E+01
  7.3357167E-01  2.0631933E-02  1.2160212E-02 -8.5041105E+00 -1.9045404E+01
  7.4678020E-01  2.1759812E-02  1.3149564E-02 -8.6140659E+00 -1.8655663E+01
  7.6022646E-01  2.2950387E-02  1.4214057E-02 -8.7226901E+00 -1.8271088E+01
  7.7391472E-01  2.4207414E-02  1.5358775E-02 -8.8297359E+00 -1.7891755E+01
  7.8784935E-01  2.5534894E-02  1.6589083E-02 -8.9349403E+00 -1.7517727E+01
  8.0203478E-01  2.6937093E-02  1.7910626E-02 -9.0380244E+00 -1.7149055E+01
  8.1647552E-01  2.8418554E-02  1.9329344E-02 -9.1386932E+00 -1.6785784E+01
  8.3117617E-01  2.9984125E-02  2.0851475E-02 -9.2366351E+00 -1.6427950E+01
  8.4614141E-01  3.1638974E-02  2.2483566E-02 -9.3315226E+00 -1.6075586E+01
  8.6137599E-01  3.3388611E-02  2.4232479E-02 -9.4230114E+00 -1.5728720E+01
  8.7688477E-01  3.5238919E-02  2.6105396E-02 -9.5107417E+00 -1.5387376E+01
  8.9267268E-01  3.7196170E-02  2.8109826E-02 -9.5943376E+00 -1.5051572E+01
  9.0874475E-01  3.9267059E-02  3.0253614E-02 -9.6734087E+00 -1.4721324E+01
  9.2510608E-01  4.1458735E-02  3.2544946E-02 -9.7475499E+00 -1.4396646E+01
  9.4176189E-01  4.3778825E-02  3.4992355E-02 -9.8163432E+00 -1.4077552E+01
  9.5871747E-01  4.6235475E-02  3.7604730E-02 -9.8793587E+00 -1.3764068E+01
  9.7597822E-01  4.8837383E-02  4.0391326E-02 -9.9361561E+00 -1.3456237E+01
  9.9354964E-01  5.1593837E-02  4.3361770E-02 -9.9862869E+00 -1.3154135E+01
  1.0114373E+00  5.4514756E-02  4.6526074E-02 -1.0029296E+01 -1.2857886E+01
  1.0296469E+00  5.7610728E-02  4.9894652E-02 -1.0064726E+01 -1.2567673E+01
  1.0481843E+00  6.0893060E-02  5.3478332E-02 -1.0092116E+01 -1.2283740E+01
  1.0670553E+00  6.4373813E-02  5.7288383E-02 -1.0111011E+01 -1.2006388E+01
  1.0862659E+00  6.8065850E-02  6.1336533E-02 -1.0120960E+01 -1.1735945E+01
  1.1058223E+00  7.1982880E-02  6.5635005E-02 -1.0121524E+01 -1.1472725E+01
  1.1257307E+00  7.6139499E-02  7.0196556E-02 -1.0112278E+01 -1.1216968E+01
  1.1459974E+00  8.0551240E-02  7.5034518E-02 -1.0092819E+01 -1.0968778E+01
  1.1666289E+00  8.5234619E-02  8.0162856E-02 -1.0062769E+01 -1.0728084E+01
  1.1876317E+00  9.0207195E-02  8.5596234E-02 -1.0021781E+01 -1.0494612E+01
  1.2090125E+00  9.5487634E-02  9.1350088E-02 -9.9695461E+00 -1.0267905E+01
  1.2307781E+00  1.0109579E-01  9.7440726E-02 -9.9058022E+00 -1.0047370E+01
  1.2529354E+00  1.0705278E-01  1.0388542E-01 -9.8303382E+00 -9.8323512E+00
  1.2754916E+00  1.1338110E-01  1.1070256E-01 -9.7430028E+00 -9.6221954E+00
  1.2984537E+00  1.2010474E-01  1.1791173E-01 -9.6437126E+00 -9.4163143E+00
  1.3218291E+00  1.2724929E-01  1.2553397E-01 -9.5324597E+00 -9.2142173E+00
  1.3456252E+00  1.3484210E-01  1.3359186E-01 -9.4093203E+00 -9.0155220E+00
  1.3698497E+00  1.4291239E-01  1.4210977E-01 -9.2744626E+00 -8.8199460E+00
  1.3945101E+00  1.5149142E-01  1.5111412E-01 -9.1281549E+00 -8.6272883E+00
  1.4196143E+00  1.6061267E-01  1.6063357E-01 -8.9707738E+00 -8.4374083E+00
  1.4451704E+00  1.7031199E-01  1.7069935E-01 -8.8028112E+00 -8.2502066E+00
  1.4711864E+00  1.8062777E-01  1.8134552E-01 -8.6248813E+00 -8.0656103E+00
  1.4976707E+00  1.9160118E-01  1.9260935E-01 -8.4377256E+00 -7.8835639E+00
  1.5246317E+00  2.0327638E-01  2.0453164E-01 -8.2422182E+00 -7.7040234E+00
  1.5520779E+00  2.1570070E-01  2.1715708E-01 -8.0393671E+00 -7.5269541E+00
  1.5800181E+00  2.2892498E-01  2.3053468E-01 -7.8303153E+00 -7.3523291E+00
  1.6084611E+00  2.4300377E-01  2.4471813E-01 -7.6163370E+00 -7.1801294E+00
  1.6374161E+00  2.5799567E-01  2.5976625E-01 -7.3988317E+00 -7.0103434E+00
  1.6668923E+00  2.7396362E-01  2.7574339E-01 -7.1793122E+00 -6.8429667E+00
  1.6968989E+00  2.9097527E-01  2.9271983E-01 -6.9593881E+00 -6.6780014E+00
  1.7274456E+00  3.0910334E-01  3.1077221E-01 -6.7407419E+00 -6.5154555E+00
  1.7585421E+00  3.2842604E-01  3.2998384E-01 -6.5250971E+00 -6.3553421E+00
  1.7901983E+00  3.4902747E-01  3.5044515E-01 -6.3141778E+00 -6.1976788E+00
  1.8224242E+00  3.7099815E-01  3.7225387E-01 -6.1096576E+00 -6.0424873E+00
  1.8552302E+00  3.9443546E-01  3.9551542E-01 -5.9130979E+00 -5.8897930E+00
  1.8886266E+00  4.1944427E-01  4.2034300E-01 -5.7258752E+00 -5.7396253E+00
  1.9226241E+00  4.4613745E-01  4.4685788E-01 -5.5490995E+00 -5.5920180E+00
  1.9572334E+00  4.7463658E-01  4.7518946E-01 -5.3835235E+00 -5.4470091E+00
  1.9924657E+00  5.0507260E-01  5.0547548E-01 -5.2294512E+00 -5.3046416E+00
  2.0283321E+00  5.3758657E-01  5.3786219E-01 -5.0866509E+00 -5.1649634E+00
  2.0648440E+00  5.7233046E-01  5.7250471E-01 -4.9542865E+00 -5.0280276E+00
  2.1020131E+00  6.0946802E-01  6.0956749E-01 -4.8308855E+00 -4.8938913E+00
  2.1398511E+00  6.4917568E-01  6.4922518E-01 -4.7143688E+00 -4.7626147E+00
  2.1783702E+00  6.9164357E-01  6.9166386E-01 -4.6021803E+00 -4.6342596E+00
  2.2175825E+00  7.3707652E-01  7.3708275E-01 -4.4915642E+00 -4.5088863E+00
  2.2575006E+00  7.8569528E-01  7.8569650E-01 -4.3800578E+00 -4.3865516E+00
  2.2981372E+00  8.3773765E-01  8.3773779E-01 -4.2662873E+00 -4.2673047E+00
  2.3395051E+00  8.9345984E-01  8.9345984E-01 -4.1511847E+00 -4.1511847E+00
  2.3816176E+00  9.5313782E-01  9.5313777E-01 -4.0397804E+00 -4.0382174E+00
  2.4244881E+00  1.0170689E+00  1.0170670E+00 -3.9437756E+00 -3.9284137E+00
  2.4681301E+00  1.0855732E+00  1.0855549E+00 -3.8851575E+00 -3.8217691E+00
  2.5125576E+00  1.1589956E+00  1.1589001E+00 -3.9011955E+00 -3.7182651E+00
  2.5577847E+00  1.2377074E+00  1.2373499E+00 -4.0512167E+00 -3.6178734E+00
  2.6038259E+00  1.3221086E+00  1.3210194E+00 -4.4255887E+00 -3.5205619E+00
  2.6506957E+00  1.4126298E+00  1.4097506E+00 -5.1572134E+00 -3.4263043E+00
  2.6984090E+00  1.5097345E+00  1.5028749E+00 -6.4353684E+00 -3.3350910E+00
  2.7469811E+00  1.6139219E+00  1.5988324E+00 -8.5204528E+00 -3.2469410E+00
  2.7964275E+00  1.7257292E+00  1.6945892E+00 -1.1755230E+01 -3.1619122E+00
