#    r         rv               rvh           rvx       den                  tau          vtau          deltatau 
  0.0000000E+00 -1.1600000E+02  0.0000000E+00 -0.0000000E+00  0.0000000E+00 -2.5789080E+04  0.0000000E+00  1.5210024E+12
  5.5354426E-06 -1.1599763E+02  4.0968200E-03 -1.7286437E-03  2.5402563E-04  6.1503745E+04  0.0000000E+00  3.7286840E+12
  1.1170513E-05 -1.1599521E+02  8.2673728E-03 -3.4813350E-03  9.0597362E-04  6.8512384E+04  0.0000000E+00 -4.1135494E+11
  1.6907005E-05 -1.1599293E+02  1.2512983E-02 -5.4444986E-03  1.9185655E-03  5.8241226E+04  0.0000000E+00  1.4240701E+11
  2.2746744E-05 -1.1599079E+02  1.6834999E-02 -7.6262545E-03  3.2821879E-03  5.7227145E+04  0.0000000E+00  1.9014267E+10
  2.8691588E-05 -1.1598900E+02  2.1234793E-02 -1.0239516E-02  4.9950085E-03  5.5539300E+04  0.0000000E+00  4.5588789E+09
  3.4743428E-05 -1.1598756E+02  2.5713763E-02 -1.3276993E-02  7.0604395E-03  5.3876662E+04  0.0000000E+00  2.0013104E+09
  4.0904191E-05 -1.1598649E+02  3.0273331E-02 -1.6763887E-02  9.4837545E-03  5.2637738E+04  0.0000000E+00  1.1552700E+09
  4.7175837E-05 -1.1598584E+02  3.4914946E-02 -2.0755604E-02  1.2272073E-02  5.1622585E+04  0.0000000E+00  8.3839898E+08
  5.3560361E-05 -1.1598561E+02  3.9640080E-02 -2.5249413E-02  1.5433978E-02  5.0771255E+04  0.0000000E+00  6.9328266E+08
  6.0059795E-05 -1.1598579E+02  4.4450235E-02 -3.0236701E-02  1.8979142E-02  5.0055989E+04  0.0000000E+00  6.0929336E+08
  6.6676208E-05 -1.1598635E+02  4.9346936E-02 -3.5698496E-02  2.2918212E-02  4.9446650E+04  0.0000000E+00  5.5385021E+08
  7.3411704E-05 -1.1598726E+02  5.4331738E-02 -4.1596720E-02  2.7262684E-02  4.8924954E+04  0.0000000E+00  5.1299694E+08
  8.0268427E-05 -1.1598848E+02  5.9406223E-02 -4.7884685E-02  3.2024831E-02  4.8476818E+04  0.0000000E+00  4.8062656E+08
  8.7248560E-05 -1.1598993E+02  6.4572001E-02 -5.4506352E-02  3.7217653E-02  4.8091148E+04  0.0000000E+00  4.5374423E+08
  9.4354322E-05 -1.1599157E+02  6.9830712E-02 -6.1398671E-02  4.2854842E-02  4.7759272E+04  0.0000000E+00  4.3070433E+08
  1.0158798E-04 -1.1599331E+02  7.5184022E-02 -6.8494291E-02  4.8950763E-02  4.7474269E+04  0.0000000E+00  4.1052654E+08
  1.0895182E-04 -1.1599509E+02  8.0633632E-02 -7.5723787E-02  5.5520436E-02  4.7230540E+04  0.0000000E+00  3.9258169E+08
  1.1644820E-04 -1.1599684E+02  8.6181267E-02 -8.3017821E-02  6.2579531E-02  4.7023504E+04  0.0000000E+00  3.7643966E+08
  1.2407951E-04 -1.1599848E+02  9.1828688E-02 -9.0309070E-02  7.0144363E-02  4.6849370E+04  0.0000000E+00  3.6179099E+08
  1.3184816E-04 -1.1599996E+02  9.7577686E-02 -9.7533863E-02  7.8231890E-02  4.6704976E+04  0.0000000E+00  3.4840361E+08
  1.3975664E-04 -1.1600120E+02  1.0343008E-01 -1.0463351E-01  8.6859722E-02  4.6587659E+04  0.0000000E+00  3.3609775E+08
  1.4780745E-04 -1.1600217E+02  1.0938773E-01 -1.1155529E-01  9.6046121E-02  4.6495166E+04  0.0000000E+00  3.2473044E+08
  1.5600317E-04 -1.1600280E+02  1.1545252E-01 -1.1825317E-01  1.0581001E-01  4.6425575E+04  0.0000000E+00  3.1418562E+08
  1.6434639E-04 -1.1600306E+02  1.2162637E-01 -1.2468818E-01  1.1617099E-01  4.6377240E+04  0.0000000E+00  3.0436746E+08
  1.7283978E-04 -1.1600292E+02  1.2791124E-01 -1.3082851E-01  1.2714934E-01  4.6348749E+04  0.0000000E+00  2.9519579E+08
  1.8148603E-04 -1.1600234E+02  1.3430911E-01 -1.3664950E-01  1.3876602E-01  4.6338882E+04  0.0000000E+00  2.8660271E+08
  1.9028790E-04 -1.1600131E+02  1.4082202E-01 -1.4213328E-01  1.5104272E-01  4.6346582E+04  0.0000000E+00  2.7853019E+08
  1.9924819E-04 -1.1599982E+02  1.4745202E-01 -1.4726836E-01  1.6400183E-01  4.6370936E+04  0.0000000E+00  2.7092824E+08
  2.0836975E-04 -1.1599785E+02  1.5420122E-01 -1.5204913E-01  1.7766649E-01  4.6411150E+04  0.0000000E+00  2.6375344E+08
  2.1765548E-04 -1.1599540E+02  1.6107174E-01 -1.5647523E-01  1.9206058E-01  4.6466536E+04  0.0000000E+00  2.5696786E+08
  2.2710833E-04 -1.1599249E+02  1.6806577E-01 -1.6055089E-01  2.0720876E-01  4.6536494E+04  0.0000000E+00  2.5053819E+08
  2.3673132E-04 -1.1598910E+02  1.7518550E-01 -1.6428429E-01  2.2313646E-01  4.6620504E+04  0.0000000E+00  2.4443502E+08
  2.4652751E-04 -1.1598525E+02  1.8243320E-01 -1.6768693E-01  2.3986993E-01  4.6718117E+04  0.0000000E+00  2.3863223E+08
  2.5650001E-04 -1.1598096E+02  1.8981116E-01 -1.7077297E-01  2.5743621E-01  4.6828942E+04  0.0000000E+00  2.3310657E+08
  2.6665200E-04 -1.1597624E+02  1.9732170E-01 -1.7355868E-01  2.7586321E-01  4.6952643E+04  0.0000000E+00  2.2783725E+08
  2.7698671E-04 -1.1597109E+02  2.0496719E-01 -1.7606187E-01  2.9517969E-01  4.7088930E+04  0.0000000E+00  2.2280560E+08
  2.8750742E-04 -1.1596555E+02  2.1275006E-01 -1.7830146E-01  3.1541527E-01  4.7237558E+04  0.0000000E+00  2.1799481E+08
  2.9821749E-04 -1.1595962E+02  2.2067276E-01 -1.8029702E-01  3.3660049E-01  4.7398318E+04  0.0000000E+00  2.1338968E+08
  3.0912032E-04 -1.1595333E+02  2.2873778E-01 -1.8206842E-01  3.5876680E-01  4.7571033E+04  0.0000000E+00  2.0897644E+08
  3.2021938E-04 -1.1594669E+02  2.3694768E-01 -1.8363549E-01  3.8194659E-01  4.7755558E+04  0.0000000E+00  2.0474259E+08
  3.3151820E-04 -1.1593971E+02  2.4530504E-01 -1.8501780E-01  4.0617322E-01  4.7951776E+04  0.0000000E+00  2.0067674E+08
  3.4302039E-04 -1.1593242E+02  2.5381249E-01 -1.8623444E-01  4.3148101E-01  4.8159594E+04  0.0000000E+00  1.9676847E+08
  3.5472959E-04 -1.1592483E+02  2.6247273E-01 -1.8730382E-01  4.5790533E-01  4.8378940E+04  0.0000000E+00  1.9300827E+08
  3.6664954E-04 -1.1591696E+02  2.7128846E-01 -1.8824360E-01  4.8548253E-01  4.8609766E+04  0.0000000E+00  1.8938738E+08
  3.7878402E-04 -1.1590881E+02  2.8026248E-01 -1.8907052E-01  5.1425005E-01  4.8852038E+04  0.0000000E+00  1.8589777E+08
  3.9113691E-04 -1.1590040E+02  2.8939761E-01 -1.8980042E-01  5.4424639E-01  4.9105745E+04  0.0000000E+00  1.8253205E+08
  4.0371212E-04 -1.1589175E+02  2.9869671E-01 -1.9044814E-01  5.7551116E-01  4.9370887E+04  0.0000000E+00  1.7928338E+08
  4.1651367E-04 -1.1588286E+02  3.0816272E-01 -1.9102754E-01  6.0808508E-01  4.9647482E+04  0.0000000E+00  1.7614544E+08
  4.2954562E-04 -1.1587375E+02  3.1779861E-01 -1.9155148E-01  6.4201004E-01  4.9935562E+04  0.0000000E+00  1.7311238E+08
  4.4281212E-04 -1.1586442E+02  3.2760741E-01 -1.9203184E-01  6.7732908E-01  5.0235168E+04  0.0000000E+00  1.7017878E+08
  4.5631740E-04 -1.1585489E+02  3.3759219E-01 -1.9247955E-01  7.1408647E-01  5.0546360E+04  0.0000000E+00  1.6733959E+08
  4.7006575E-04 -1.1584515E+02  3.4775610E-01 -1.9290464E-01  7.5232768E-01  5.0869203E+04  0.0000000E+00  1.6459011E+08
  4.8406154E-04 -1.1583521E+02  3.5810231E-01 -1.9331625E-01  7.9209945E-01  5.1203777E+04  0.0000000E+00  1.6192597E+08
  4.9830924E-04 -1.1582509E+02  3.6863409E-01 -1.9372269E-01  8.3344978E-01  5.1550171E+04  0.0000000E+00  1.5934309E+08
  5.1281336E-04 -1.1581478E+02  3.7935471E-01 -1.9413150E-01  8.7642799E-01  5.1908484E+04  0.0000000E+00  1.5683765E+08
  5.2757854E-04 -1.1580428E+02  3.9026756E-01 -1.9454949E-01  9.2108473E-01  5.2278827E+04  0.0000000E+00  1.5440607E+08
  5.4260946E-04 -1.1579361E+02  4.0137603E-01 -1.9498279E-01  9.6747199E-01  5.2661315E+04  0.0000000E+00  1.5204502E+08
  5.5791092E-04 -1.1578275E+02  4.1268360E-01 -1.9543690E-01  1.0156432E+00  5.3056077E+04  0.0000000E+00  1.4975134E+08
  5.7348777E-04 -1.1577172E+02  4.2419382E-01 -1.9591674E-01  1.0656530E+00  5.3463249E+04  0.0000000E+00  1.4752210E+08
  5.8934497E-04 -1.1576052E+02  4.3591027E-01 -1.9642669E-01  1.1175578E+00  5.3882974E+04  0.0000000E+00  1.4535452E+08
  6.0548758E-04 -1.1574913E+02  4.4783662E-01 -1.9697067E-01  1.1714153E+00  5.4315404E+04  0.0000000E+00  1.4324598E+08
  6.2192073E-04 -1.1573758E+02  4.5997659E-01 -1.9755213E-01  1.2272845E+00  5.4760701E+04  0.0000000E+00  1.4119404E+08
  6.3864965E-04 -1.1572584E+02  4.7233396E-01 -1.9817412E-01  1.2852263E+00  5.5219031E+04  0.0000000E+00  1.3919636E+08
  6.5567965E-04 -1.1571393E+02  4.8491259E-01 -1.9883934E-01  1.3453028E+00  5.5690570E+04  0.0000000E+00  1.3725076E+08
  6.7301617E-04 -1.1570183E+02  4.9771638E-01 -1.9955015E-01  1.4075779E+00  5.6175503E+04  0.0000000E+00  1.3535517E+08
  6.9066471E-04 -1.1568956E+02  5.1074933E-01 -2.0030861E-01  1.4721170E+00  5.6674018E+04  0.0000000E+00  1.3350762E+08
  7.0863090E-04 -1.1567710E+02  5.2401548E-01 -2.0111653E-01  1.5389872E+00  5.7186313E+04  0.0000000E+00  1.3170627E+08
  7.2692044E-04 -1.1566446E+02  5.3751897E-01 -2.0197546E-01  1.6082570E+00  5.7712595E+04  0.0000000E+00  1.2994936E+08
  7.4553917E-04 -1.1565162E+02  5.5126397E-01 -2.0288676E-01  1.6799969E+00  5.8253074E+04  0.0000000E+00  1.2823521E+08
  7.6449299E-04 -1.1563860E+02  5.6525475E-01 -2.0385159E-01  1.7542789E+00  5.8807970E+04  0.0000000E+00  1.2656225E+08
  7.8378796E-04 -1.1562538E+02  5.7949564E-01 -2.0487095E-01  1.8311769E+00  5.9377508E+04  0.0000000E+00  1.2492898E+08
  8.0343020E-04 -1.1561195E+02  5.9399106E-01 -2.0594569E-01  1.9107662E+00  5.9961922E+04  0.0000000E+00  1.2333395E+08
  8.2342596E-04 -1.1559833E+02  6.0874549E-01 -2.0707652E-01  1.9931243E+00  6.0561451E+04  0.0000000E+00  1.2177582E+08
  8.4378161E-04 -1.1558450E+02  6.2376348E-01 -2.0826405E-01  2.0783301E+00  6.1176340E+04  0.0000000E+00  1.2025329E+08
  8.6450363E-04 -1.1557046E+02  6.3904968E-01 -2.0950880E-01  2.1664646E+00  6.1806844E+04  0.0000000E+00  1.1876512E+08
  8.8559861E-04 -1.1555620E+02  6.5460878E-01 -2.1081117E-01  2.2576105E+00  6.2453222E+04  0.0000000E+00  1.1731014E+08
  9.0707326E-04 -1.1554173E+02  6.7044560E-01 -2.1217153E-01  2.3518525E+00  6.3115739E+04  0.0000000E+00  1.1588722E+08
  9.2893442E-04 -1.1552703E+02  6.8656499E-01 -2.1359015E-01  2.4492768E+00  6.3794668E+04  0.0000000E+00  1.1449528E+08
  9.5118903E-04 -1.1551210E+02  7.0297191E-01 -2.1506727E-01  2.5499720E+00  6.4490289E+04  0.0000000E+00  1.1313332E+08
  9.7384420E-04 -1.1549693E+02  7.1967140E-01 -2.1660306E-01  2.6540282E+00  6.5202887E+04  0.0000000E+00  1.1180033E+08
  9.9690711E-04 -1.1548153E+02  7.3666858E-01 -2.1819767E-01  2.7615376E+00  6.5932753E+04  0.0000000E+00  1.1049540E+08
  1.0203851E-03 -1.1546588E+02  7.5396865E-01 -2.1985122E-01  2.8725943E+00  6.6680187E+04  0.0000000E+00  1.0921761E+08
  1.0442857E-03 -1.1544999E+02  7.7157690E-01 -2.2156379E-01  2.9872943E+00  6.7445492E+04  0.0000000E+00  1.0796611E+08
  1.0686164E-03 -1.1543384E+02  7.8949871E-01 -2.2333545E-01  3.1057358E+00  6.8228978E+04  0.0000000E+00  1.0674007E+08
  1.0933851E-03 -1.1541743E+02  8.0773955E-01 -2.2516624E-01  3.2280185E+00  6.9030964E+04  0.0000000E+00  1.0553871E+08
  1.1185995E-03 -1.1540075E+02  8.2630497E-01 -2.2705621E-01  3.3542445E+00  6.9851770E+04  0.0000000E+00  1.0436126E+08
  1.1442678E-03 -1.1538380E+02  8.4520061E-01 -2.2900537E-01  3.4845176E+00  7.0691727E+04  0.0000000E+00  1.0320699E+08
  1.1703980E-03 -1.1536658E+02  8.6443223E-01 -2.3101376E-01  3.6189438E+00  7.1551167E+04  0.0000000E+00  1.0207522E+08
  1.1969985E-03 -1.1534908E+02  8.8400564E-01 -2.3308138E-01  3.7576308E+00  7.2430433E+04  0.0000000E+00  1.0096525E+08
  1.2240778E-03 -1.1533128E+02  9.0392678E-01 -2.3520826E-01  3.9006886E+00  7.3329869E+04  0.0000000E+00  9.9876454E+07
  1.2516445E-03 -1.1531319E+02  9.2420166E-01 -2.3739441E-01  4.0482289E+00  7.4249827E+04  0.0000000E+00  9.8808200E+07
  1.2797073E-03 -1.1529480E+02  9.4483640E-01 -2.3963985E-01  4.2003654E+00  7.5190664E+04  0.0000000E+00  9.7759890E+07
  1.3082753E-03 -1.1527611E+02  9.6583722E-01 -2.4194459E-01  4.3572139E+00  7.6152743E+04  0.0000000E+00  9.6730947E+07
  1.3373573E-03 -1.1525710E+02  9.8721043E-01 -2.4430868E-01  4.5188919E+00  7.7136431E+04  0.0000000E+00  9.5720816E+07
  1.3669628E-03 -1.1523777E+02  1.0089625E+00 -2.4673213E-01  4.6855190E+00  7.8142100E+04  0.0000000E+00  9.4728959E+07
  1.3971012E-03 -1.1521812E+02  1.0310998E+00 -2.4921500E-01  4.8572165E+00  7.9170128E+04  0.0000000E+00  9.3754860E+07
  1.4277820E-03 -1.1519813E+02  1.0536291E+00 -2.5175732E-01  5.0341078E+00  8.0220897E+04  0.0000000E+00  9.2798019E+07
  1.4590150E-03 -1.1517780E+02  1.0765571E+00 -2.5435914E-01  5.2163179E+00  8.1294793E+04  0.0000000E+00  9.1857956E+07
  1.4908101E-03 -1.1515713E+02  1.0998905E+00 -2.5702053E-01  5.4039737E+00  8.2392208E+04  0.0000000E+00  9.0934205E+07
  1.5231775E-03 -1.1513611E+02  1.1236364E+00 -2.5974155E-01  5.5972037E+00  8.3513537E+04  0.0000000E+00  9.0026315E+07
  1.5561274E-03 -1.1511472E+02  1.1478018E+00 -2.6252228E-01  5.7961385E+00  8.4659179E+04  0.0000000E+00  8.9133854E+07
  1.5896704E-03 -1.1509297E+02  1.1723938E+00 -2.6536280E-01  6.0009098E+00  8.5829535E+04  0.0000000E+00  8.8256400E+07
  1.6238171E-03 -1.1507084E+02  1.1974196E+00 -2.6826321E-01  6.2116514E+00  8.7025013E+04  0.0000000E+00  8.7393548E+07
  1.6585784E-03 -1.1504834E+02  1.2228868E+00 -2.7122359E-01  6.4284983E+00  8.8246021E+04  0.0000000E+00  8.6544903E+07
  1.6939653E-03 -1.1502544E+02  1.2488027E+00 -2.7424406E-01  6.6515872E+00  8.9492972E+04  0.0000000E+00  8.5710086E+07
  1.7299891E-03 -1.1500215E+02  1.2751749E+00 -2.7732472E-01  6.8810560E+00  9.0766278E+04  0.0000000E+00  8.4888727E+07
  1.7666613E-03 -1.1497845E+02  1.3020111E+00 -2.8046570E-01  7.1170441E+00  9.2066357E+04  0.0000000E+00  8.4080469E+07
  1.8039935E-03 -1.1495435E+02  1.3293193E+00 -2.8366711E-01  7.3596920E+00  9.3393626E+04  0.0000000E+00  8.3284966E+07
  1.8419977E-03 -1.1492982E+02  1.3571072E+00 -2.8692909E-01  7.6091413E+00  9.4748506E+04  0.0000000E+00  8.2501882E+07
  1.8806858E-03 -1.1490487E+02  1.3853831E+00 -2.9025176E-01  7.8655350E+00  9.6131417E+04  0.0000000E+00  8.1730891E+07
  1.9200703E-03 -1.1487948E+02  1.4141550E+00 -2.9363528E-01  8.1290165E+00  9.7542778E+04  0.0000000E+00  8.0971678E+07
  1.9601636E-03 -1.1485365E+02  1.4434312E+00 -2.9707977E-01  8.3997304E+00  9.8983012E+04  0.0000000E+00  8.0223935E+07
  2.0009785E-03 -1.1482737E+02  1.4732202E+00 -3.0058539E-01  8.6778218E+00  1.0045254E+05  0.0000000E+00  7.9487365E+07
  2.0425280E-03 -1.1480062E+02  1.5035305E+00 -3.0415228E-01  8.9634365E+00  1.0195178E+05  0.0000000E+00  7.8761680E+07
  2.0848253E-03 -1.1477341E+02  1.5343708E+00 -3.0778059E-01  9.2567207E+00  1.0348115E+05  0.0000000E+00  7.8046597E+07
  2.1278840E-03 -1.1474572E+02  1.5657498E+00 -3.1147047E-01  9.5578207E+00  1.0504106E+05  0.0000000E+00  7.7341845E+07
  2.1717175E-03 -1.1471755E+02  1.5976765E+00 -3.1522207E-01  9.8668830E+00  1.0663194E+05  0.0000000E+00  7.6647157E+07
  2.2163401E-03 -1.1468888E+02  1.6301599E+00 -3.1903555E-01  1.0184054E+01  1.0825418E+05  0.0000000E+00  7.5962276E+07
  2.2617657E-03 -1.1465970E+02  1.6632092E+00 -3.2291105E-01  1.0509480E+01  1.0990820E+05  0.0000000E+00  7.5286951E+07
  2.3080089E-03 -1.1463002E+02  1.6968335E+00 -3.2684872E-01  1.0843307E+01  1.1159439E+05  0.0000000E+00  7.4620937E+07
  2.3550844E-03 -1.1459981E+02  1.7310424E+00 -3.3084871E-01  1.1185680E+01  1.1331315E+05  0.0000000E+00  7.3963998E+07
  2.4030072E-03 -1.1456907E+02  1.7658454E+00 -3.3491116E-01  1.1536743E+01  1.1506487E+05  0.0000000E+00  7.3315902E+07
  2.4517926E-03 -1.1453778E+02  1.8012521E+00 -3.3903620E-01  1.1896640E+01  1.1684993E+05  0.0000000E+00  7.2676424E+07
  2.5014559E-03 -1.1450595E+02  1.8372723E+00 -3.4322396E-01  1.2265512E+01  1.1866871E+05  0.0000000E+00  7.2045345E+07
  2.5520132E-03 -1.1447356E+02  1.8739161E+00 -3.4747458E-01  1.2643499E+01  1.2052157E+05  0.0000000E+00  7.1422450E+07
  2.6034803E-03 -1.1444059E+02  1.9111933E+00 -3.5178818E-01  1.3030741E+01  1.2240886E+05  0.0000000E+00  7.0807532E+07
  2.6558738E-03 -1.1440705E+02  1.9491142E+00 -3.5616485E-01  1.3427374E+01  1.2433093E+05  0.0000000E+00  7.0200388E+07
  2.7092103E-03 -1.1437292E+02  1.9876890E+00 -3.6060472E-01  1.3833531E+01  1.2628812E+05  0.0000000E+00  6.9600821E+07
  2.7635067E-03 -1.1433818E+02  2.0269284E+00 -3.6510786E-01  1.4249344E+01  1.2828073E+05  0.0000000E+00  6.9008637E+07
  2.8187804E-03 -1.1430283E+02  2.0668427E+00 -3.6967437E-01  1.4674942E+01  1.3030908E+05  0.0000000E+00  6.8423649E+07
  2.8750489E-03 -1.1426686E+02  2.1074428E+00 -3.7430431E-01  1.5110449E+01  1.3237346E+05  0.0000000E+00  6.7845673E+07
  2.9323301E-03 -1.1423026E+02  2.1487394E+00 -3.7899773E-01  1.5555988E+01  1.3447413E+05  0.0000000E+00  6.7274530E+07
  2.9906423E-03 -1.1419301E+02  2.1907435E+00 -3.8375470E-01  1.6011674E+01  1.3661136E+05  0.0000000E+00  6.6710045E+07
  3.0500040E-03 -1.1415511E+02  2.2334662E+00 -3.8857523E-01  1.6477622E+01  1.3878539E+05  0.0000000E+00  6.6152049E+07
  3.1104341E-03 -1.1411654E+02  2.2769187E+00 -3.9345934E-01  1.6953940E+01  1.4099642E+05  0.0000000E+00  6.5600374E+07
  3.1719519E-03 -1.1407729E+02  2.3211124E+00 -3.9840702E-01  1.7440731E+01  1.4324466E+05  0.0000000E+00  6.5054859E+07
  3.2345769E-03 -1.1403736E+02  2.3660587E+00 -4.0341826E-01  1.7938092E+01  1.4553027E+05  0.0000000E+00  6.4515345E+07
  3.2983290E-03 -1.1399672E+02  2.4117694E+00 -4.0849301E-01  1.8446114E+01  1.4785341E+05  0.0000000E+00  6.3981677E+07
  3.3632285E-03 -1.1395538E+02  2.4582560E+00 -4.1363122E-01  1.8964884E+01  1.5021418E+05  0.0000000E+00  6.3453703E+07
  3.4292961E-03 -1.1391330E+02  2.5055305E+00 -4.1883280E-01  1.9494479E+01  1.5261269E+05  0.0000000E+00  6.2931276E+07
  3.4965528E-03 -1.1387049E+02  2.5536050E+00 -4.2409765E-01  2.0034969E+01  1.5504900E+05  0.0000000E+00  6.2414251E+07
  3.5650200E-03 -1.1382693E+02  2.6024914E+00 -4.2942564E-01  2.0586418E+01  1.5752314E+05  0.0000000E+00  6.1902488E+07
  3.6347195E-03 -1.1378261E+02  2.6522021E+00 -4.3481662E-01  2.1148881E+01  1.6003511E+05  0.0000000E+00  6.1395847E+07
  3.7056734E-03 -1.1373752E+02  2.7027494E+00 -4.4027040E-01  2.1722403E+01  1.6258487E+05  0.0000000E+00  6.0894195E+07
  3.7779045E-03 -1.1369164E+02  2.7541458E+00 -4.4578679E-01  2.2307021E+01  1.6517234E+05  0.0000000E+00  6.0397399E+07
  3.8514355E-03 -1.1364496E+02  2.8064040E+00 -4.5136554E-01  2.2902760E+01  1.6779743E+05  0.0000000E+00  5.9905331E+07
  3.9262900E-03 -1.1359747E+02  2.8595367E+00 -4.5700639E-01  2.3509637E+01  1.7045996E+05  0.0000000E+00  5.9417864E+07
  4.0024917E-03 -1.1354915E+02  2.9135568E+00 -4.6270903E-01  2.4127656E+01  1.7315976E+05  0.0000000E+00  5.8934875E+07
  4.0800649E-03 -1.1350000E+02  2.9684772E+00 -4.6847315E-01  2.4756812E+01  1.7589658E+05  0.0000000E+00  5.8456243E+07
  4.1590343E-03 -1.1344999E+02  3.0243111E+00 -4.7429837E-01  2.5397084E+01  1.7867014E+05  0.0000000E+00  5.7981851E+07
  4.2394250E-03 -1.1339911E+02  3.0810717E+00 -4.8018430E-01  2.6048440E+01  1.8148010E+05  0.0000000E+00  5.7511582E+07
  4.3212626E-03 -1.1334736E+02  3.1387723E+00 -4.8613048E-01  2.6710837E+01  1.8432608E+05  0.0000000E+00  5.7045325E+07
  4.4045731E-03 -1.1329471E+02  3.1974263E+00 -4.9213646E-01  2.7384214E+01  1.8720763E+05  0.0000000E+00  5.6582968E+07
  4.4893830E-03 -1.1324115E+02  3.2570474E+00 -4.9820170E-01  2.8068496E+01  1.9012427E+05  0.0000000E+00  5.6124403E+07
  4.5757194E-03 -1.1318668E+02  3.3176491E+00 -5.0432566E-01  2.8763596E+01  1.9307544E+05  0.0000000E+00  5.5669524E+07
  4.6636097E-03 -1.1313126E+02  3.3792454E+00 -5.1050773E-01  2.9469407E+01  1.9606053E+05  0.0000000E+00  5.5218228E+07
  4.7530819E-03 -1.1307490E+02  3.4418499E+00 -5.1674725E-01  3.0185808E+01  1.9907887E+05  0.0000000E+00  5.4770413E+07
  4.8441644E-03 -1.1301757E+02  3.5054768E+00 -5.2304355E-01  3.0912660E+01  2.0212973E+05  0.0000000E+00  5.4325980E+07
  4.9368862E-03 -1.1295926E+02  3.5701401E+00 -5.2939587E-01  3.1649805E+01  2.0521229E+05  0.0000000E+00  5.3884831E+07
  5.0312769E-03 -1.1289995E+02  3.6358541E+00 -5.3580343E-01  3.2397069E+01  2.0832569E+05  0.0000000E+00  5.3446871E+07
  5.1273664E-03 -1.1283963E+02  3.7026328E+00 -5.4226539E-01  3.3154256E+01  2.1146898E+05  0.0000000E+00  5.3012007E+07
  5.2251854E-03 -1.1277829E+02  3.7704909E+00 -5.4878084E-01  3.3921152E+01  2.1464114E+05  0.0000000E+00  5.2580148E+07
  5.3247649E-03 -1.1271591E+02  3.8394426E+00 -5.5534885E-01  3.4697522E+01  2.1784108E+05  0.0000000E+00  5.2151202E+07
  5.4261367E-03 -1.1265247E+02  3.9095027E+00 -5.6196840E-01  3.5483111E+01  2.2106763E+05  0.0000000E+00  5.1725084E+07
  5.5293330E-03 -1.1258795E+02  3.9806856E+00 -5.6863844E-01  3.6277641E+01  2.2431953E+05  0.0000000E+00  5.1301707E+07
  5.6343867E-03 -1.1252235E+02  4.0530061E+00 -5.7535784E-01  3.7080812E+01  2.2759545E+05  0.0000000E+00  5.0880986E+07
  5.7413311E-03 -1.1245565E+02  4.1264791E+00 -5.8212541E-01  3.7892303E+01  2.3089396E+05  0.0000000E+00  5.0462838E+07
  5.8502003E-03 -1.1238782E+02  4.2011194E+00 -5.8893992E-01  3.8711766E+01  2.3421357E+05  0.0000000E+00  5.0047184E+07
  5.9610290E-03 -1.1231886E+02  4.2769420E+00 -5.9580006E-01  3.9538834E+01  2.3755267E+05  0.0000000E+00  4.9633942E+07
  6.0738524E-03 -1.1224874E+02  4.3539619E+00 -6.0270444E-01  4.0373111E+01  2.4090957E+05  0.0000000E+00  4.9223035E+07
  6.1887065E-03 -1.1217746E+02  4.4321942E+00 -6.0965163E-01  4.1214179E+01  2.4428250E+05  0.0000000E+00  4.8814386E+07
  6.3056277E-03 -1.1210499E+02  4.5116541E+00 -6.1664010E-01  4.2061593E+01  2.4766957E+05  0.0000000E+00  4.8407921E+07
  6.4246533E-03 -1.1203131E+02  4.5923568E+00 -6.2366829E-01  4.2914886E+01  2.5106882E+05  0.0000000E+00  4.8003565E+07
  6.5458211E-03 -1.1195642E+02  4.6743176E+00 -6.3073454E-01  4.3773560E+01  2.5447818E+05  0.0000000E+00  4.7601245E+07
  6.6691697E-03 -1.1188029E+02  4.7575518E+00 -6.3783710E-01  4.4637094E+01  2.5789547E+05  0.0000000E+00  4.7200891E+07
  6.7947384E-03 -1.1180290E+02  4.8420749E+00 -6.4497419E-01  4.5504940E+01  2.6131841E+05  0.0000000E+00  4.6802431E+07
  6.9225671E-03 -1.1172424E+02  4.9279024E+00 -6.5214392E-01  4.6376522E+01  2.6474465E+05  0.0000000E+00  4.6405798E+07
  7.0526965E-03 -1.1164429E+02  5.0150497E+00 -6.5934433E-01  4.7251239E+01  2.6817169E+05  0.0000000E+00  4.6010923E+07
  7.1851680E-03 -1.1156304E+02  5.1035325E+00 -6.6657338E-01  4.8128463E+01  2.7159695E+05  0.0000000E+00  4.5617740E+07
  7.3200238E-03 -1.1148046E+02  5.1933663E+00 -6.7382896E-01  4.9007536E+01  2.7501775E+05  0.0000000E+00  4.5226181E+07
  7.4573067E-03 -1.1139654E+02  5.2845668E+00 -6.8110886E-01  4.9887777E+01  2.7843130E+05  0.0000000E+00  4.4836184E+07
  7.5970605E-03 -1.1131126E+02  5.3771498E+00 -6.8841080E-01  5.0768477E+01  2.8183469E+05  0.0000000E+00  4.4447682E+07
  7.7393296E-03 -1.1122460E+02  5.4711310E+00 -6.9573241E-01  5.1648900E+01  2.8522492E+05  0.0000000E+00  4.4060613E+07
  7.8841592E-03 -1.1113654E+02  5.5665263E+00 -7.0307124E-01  5.2528284E+01  2.8859888E+05  0.0000000E+00  4.3674914E+07
  8.0315956E-03 -1.1104707E+02  5.6633514E+00 -7.1042474E-01  5.3405842E+01  2.9195335E+05  0.0000000E+00  4.3290524E+07
  8.1816856E-03 -1.1095617E+02  5.7616222E+00 -7.1779031E-01  5.4280762E+01  2.9528501E+05  0.0000000E+00  4.2907380E+07
  8.3344769E-03 -1.1086381E+02  5.8613547E+00 -7.2516523E-01  5.5152207E+01  2.9859044E+05  0.0000000E+00  4.2525422E+07
  8.4900181E-03 -1.1076998E+02  5.9625649E+00 -7.3254669E-01  5.6019317E+01  3.0186612E+05  0.0000000E+00  4.2144590E+07
  8.6483589E-03 -1.1067466E+02  6.0652688E+00 -7.3993182E-01  5.6881207E+01  3.0510841E+05  0.0000000E+00  4.1764822E+07
  8.8095495E-03 -1.1057784E+02  6.1694824E+00 -7.4731764E-01  5.7736973E+01  3.0831360E+05  0.0000000E+00  4.1386060E+07
  8.9736412E-03 -1.1047948E+02  6.2752219E+00 -7.5470109E-01  5.8585690E+01  3.1147787E+05  0.0000000E+00  4.1008243E+07
  9.1406863E-03 -1.1037958E+02  6.3825034E+00 -7.6207904E-01  5.9426411E+01  3.1459730E+05  0.0000000E+00  4.0631312E+07
  9.3107379E-03 -1.1027811E+02  6.4913431E+00 -7.6944826E-01  6.0258174E+01  3.1766790E+05  0.0000000E+00  4.0255208E+07
  9.4838502E-03 -1.1017505E+02  6.6017572E+00 -7.7680542E-01  6.1079998E+01  3.2068558E+05  0.0000000E+00  3.9879870E+07
  9.6600782E-03 -1.1007038E+02  6.7137622E+00 -7.8414714E-01  6.1890890E+01  3.2364616E+05  0.0000000E+00  3.9505239E+07
  9.8394779E-03 -1.0996410E+02  6.8273743E+00 -7.9146994E-01  6.2689841E+01  3.2654541E+05  0.0000000E+00  3.9131254E+07
  1.0022107E-02 -1.0985616E+02  6.9426100E+00 -7.9877026E-01  6.3475833E+01  3.2937901E+05  0.0000000E+00  3.8757855E+07
  1.0208022E-02 -1.0974656E+02  7.0594858E+00 -8.0604448E-01  6.4247839E+01  3.3214256E+05  0.0000000E+00  3.8384980E+07
  1.0397284E-02 -1.0963527E+02  7.1780183E+00 -8.1328889E-01  6.5004825E+01  3.3483164E+05  0.0000000E+00  3.8012567E+07
  1.0589952E-02 -1.0952228E+02  7.2982241E+00 -8.2049972E-01  6.5745753E+01  3.3744174E+05  0.0000000E+00  3.7640554E+07
  1.0786088E-02 -1.0940755E+02  7.4201200E+00 -8.2767312E-01  6.6469585E+01  3.3996831E+05  0.0000000E+00  3.7268877E+07
  1.0985754E-02 -1.0929108E+02  7.5437228E+00 -8.3480522E-01  6.7175282E+01  3.4240677E+05  0.0000000E+00  3.6897471E+07
  1.1189013E-02 -1.0917284E+02  7.6690495E+00 -8.4189203E-01  6.7861811E+01  3.4475249E+05  0.0000000E+00  3.6526270E+07
  1.1395931E-02 -1.0905281E+02  7.7961171E+00 -8.4892958E-01  6.8528147E+01  3.4700085E+05  0.0000000E+00  3.6155207E+07
  1.1606573E-02 -1.0893097E+02  7.9249428E+00 -8.5591379E-01  6.9173276E+01  3.4914718E+05  0.0000000E+00  3.5784211E+07
  1.1821007E-02 -1.0880730E+02  8.0555440E+00 -8.6284060E-01  6.9796196E+01  3.5118682E+05  0.0000000E+00  3.5413214E+07
  1.2039299E-02 -1.0868177E+02  8.1879381E+00 -8.6970589E-01  7.0395926E+01  3.5311511E+05  0.0000000E+00  3.5042142E+07
  1.2261521E-02 -1.0855436E+02  8.3221427E+00 -8.7650553E-01  7.0971505E+01  3.5492743E+05  0.0000000E+00  3.4670919E+07
  1.2487742E-02 -1.0842506E+02  8.4581755E+00 -8.8323538E-01  7.1521999E+01  3.5661915E+05  0.0000000E+00  3.4299470E+07
  1.2718035E-02 -1.0829384E+02  8.5960547E+00 -8.8989130E-01  7.2046503E+01  3.5818570E+05  0.0000000E+00  3.3927715E+07
  1.2952472E-02 -1.0816067E+02  8.7357982E+00 -8.9646915E-01  7.2544146E+01  3.5962255E+05  0.0000000E+00  3.3555571E+07
  1.3191129E-02 -1.0802554E+02  8.8774246E+00 -9.0296484E-01  7.3014096E+01  3.6092526E+05  0.0000000E+00  3.3182954E+07
  1.3434082E-02 -1.0788842E+02  9.0209524E+00 -9.0937431E-01  7.3455563E+01  3.6208942E+05  0.0000000E+00  3.2809775E+07
  1.3681407E-02 -1.0774929E+02  9.1664005E+00 -9.1569353E-01  7.3867807E+01  3.6311074E+05  0.0000000E+00  3.2435943E+07
  1.3933183E-02 -1.0760813E+02  9.3137880E+00 -9.2191856E-01  7.4250137E+01  3.6398504E+05  0.0000000E+00  3.2061364E+07
  1.4189491E-02 -1.0746491E+02  9.4631342E+00 -9.2804554E-01  7.4601920E+01  3.6470824E+05  0.0000000E+00  3.1685938E+07
  1.4450413E-02 -1.0731961E+02  9.6144590E+00 -9.3407072E-01  7.4922585E+01  3.6527639E+05  0.0000000E+00  3.1309564E+07
  1.4716030E-02 -1.0717221E+02  9.7677822E+00 -9.3999044E-01  7.5211628E+01  3.6568569E+05  0.0000000E+00  3.0932135E+07
  1.4986428E-02 -1.0702268E+02  9.9231243E+00 -9.4580122E-01  7.5468616E+01  3.6593252E+05  0.0000000E+00  3.0553541E+07
  1.5261692E-02 -1.0687099E+02  1.0080506E+01 -9.5149970E-01  7.5693192E+01  3.6601340E+05  0.0000000E+00  3.0173667E+07
  1.5541911E-02 -1.0671713E+02  1.0239948E+01 -9.5708273E-01  7.5885080E+01  3.6592508E+05  0.0000000E+00  2.9792394E+07
  1.5827174E-02 -1.0656107E+02  1.0401473E+01 -9.6254734E-01  7.6044091E+01  3.6566450E+05  0.0000000E+00  2.9409597E+07
  1.6117570E-02 -1.0640279E+02  1.0565101E+01 -9.6789080E-01  7.6170125E+01  3.6522882E+05  0.0000000E+00  2.9025148E+07
  1.6413193E-02 -1.0624225E+02  1.0730856E+01 -9.7311061E-01  7.6263179E+01  3.6461545E+05  0.0000000E+00  2.8638914E+07
  1.6714137E-02 -1.0607944E+02  1.0898760E+01 -9.7820455E-01  7.6323350E+01  3.6382204E+05  0.0000000E+00  2.8250757E+07
  1.7020498E-02 -1.0591433E+02  1.1068837E+01 -9.8317068E-01  7.6350837E+01  3.6284652E+05  0.0000000E+00  2.7860533E+07
  1.7332372E-02 -1.0574690E+02  1.1241109E+01 -9.8800737E-01  7.6345950E+01  3.6168711E+05  0.0000000E+00  2.7468095E+07
  1.7649859E-02 -1.0557711E+02  1.1415603E+01 -9.9271331E-01  7.6309109E+01  3.6034232E+05  0.0000000E+00  2.7073293E+07
  1.7973061E-02 -1.0540495E+02  1.1592341E+01 -9.9728756E-01  7.6240851E+01  3.5881099E+05  0.0000000E+00  2.6675970E+07
  1.8302080E-02 -1.0523038E+02  1.1771351E+01 -1.0017295E+00  7.6141832E+01  3.5709226E+05  0.0000000E+00  2.6275966E+07
  1.8637020E-02 -1.0505338E+02  1.1952657E+01 -1.0060390E+00  7.6012830E+01  3.5518563E+05  0.0000000E+00  2.5873121E+07
  1.8977989E-02 -1.0487393E+02  1.2136286E+01 -1.0102161E+00  7.5854749E+01  3.5309098E+05  0.0000000E+00  2.5467269E+07
  1.9325095E-02 -1.0469200E+02  1.2322266E+01 -1.0142614E+00  7.5668619E+01  3.5080851E+05  0.0000000E+00  2.5058243E+07
  1.9678448E-02 -1.0450755E+02  1.2510624E+01 -1.0181760E+00  7.5455598E+01  3.4833883E+05  0.0000000E+00  2.4645878E+07
  2.0038160E-02 -1.0432057E+02  1.2701389E+01 -1.0219610E+00  7.5216976E+01  3.4568293E+05  0.0000000E+00  2.4230006E+07
  2.0404347E-02 -1.0413103E+02  1.2894590E+01 -1.0256183E+00  7.4954173E+01  3.4284220E+05  0.0000000E+00  2.3810463E+07
  2.0777125E-02 -1.0393889E+02  1.3090256E+01 -1.0291500E+00  7.4668739E+01  3.3981844E+05  0.0000000E+00  2.3387089E+07
  2.1156612E-02 -1.0374414E+02  1.3288418E+01 -1.0325586E+00  7.4362356E+01  3.3661387E+05  0.0000000E+00  2.2959729E+07
  2.1542929E-02 -1.0354674E+02  1.3489106E+01 -1.0358469E+00  7.4036834E+01  3.3323112E+05  0.0000000E+00  2.2528236E+07
  2.1936199E-02 -1.0334666E+02  1.3692353E+01 -1.0390180E+00  7.3694112E+01  3.2967326E+05  0.0000000E+00  2.2092472E+07
  2.2336547E-02 -1.0314388E+02  1.3898191E+01 -1.0420754E+00  7.3336250E+01  3.2594377E+05  0.0000000E+00  2.1652315E+07
  2.2744101E-02 -1.0293837E+02  1.4106653E+01 -1.0450230E+00  7.2965435E+01  3.2204657E+05  0.0000000E+00  2.1207657E+07
  2.3158990E-02 -1.0273009E+02  1.4317772E+01 -1.0478646E+00  7.2583967E+01  3.1798602E+05  0.0000000E+00  2.0758411E+07
  2.3581346E-02 -1.0251902E+02  1.4531582E+01 -1.0506047E+00  7.2194260E+01  3.1376691E+05  0.0000000E+00  2.0304512E+07
  2.4011304E-02 -1.0230513E+02  1.4748119E+01 -1.0532479E+00  7.1798835E+01  3.0939444E+05  0.0000000E+00  1.9845923E+07
  2.4449000E-02 -1.0208838E+02  1.4967418E+01 -1.0557991E+00  7.1400311E+01  3.0487425E+05  0.0000000E+00  1.9382642E+07
  2.4894575E-02 -1.0186875E+02  1.5189514E+01 -1.0582639E+00  7.1001400E+01  3.0021239E+05  0.0000000E+00  1.8914699E+07
  2.5348168E-02 -1.0164620E+02  1.5414444E+01 -1.0606482E+00  7.0604899E+01  2.9541531E+05  0.0000000E+00  1.8442169E+07
  2.5809926E-02 -1.0142071E+02  1.5642246E+01 -1.0629588E+00  7.0213676E+01  2.9048987E+05  0.0000000E+00  1.7965171E+07
  2.6279994E-02 -1.0119225E+02  1.5872956E+01 -1.0652032E+00  6.9830667E+01  2.8544330E+05  0.0000000E+00  1.7483878E+07
  2.6758523E-02 -1.0096078E+02  1.6106612E+01 -1.0673905E+00  6.9458856E+01  2.8028320E+05  0.0000000E+00  1.6998516E+07
  2.7245665E-02 -1.0072628E+02  1.6343253E+01 -1.0695313E+00  6.9101270E+01  2.7501754E+05  0.0000000E+00  1.6509373E+07
  2.7741574E-02 -1.0048872E+02  1.6582917E+01 -1.0716383E+00  6.8760963E+01  2.6965461E+05  0.0000000E+00  1.6016803E+07
  2.8246409E-02 -1.0024809E+02  1.6825641E+01 -1.0737271E+00  6.8441001E+01  2.6420302E+05  0.0000000E+00  1.5521225E+07
  2.8760329E-02 -1.0000435E+02  1.7071466E+01 -1.0758163E+00  6.8144448E+01  2.5867166E+05  0.0000000E+00  1.5023132E+07
  2.9283500E-02 -9.9757499E+01  1.7320430E+01 -1.0779287E+00  6.7874354E+01  2.5306972E+05  0.0000000E+00  1.4523089E+07
  2.9816086E-02 -9.9507520E+01  1.7572571E+01 -1.0800917E+00  6.7633731E+01  2.4740659E+05  0.0000000E+00  1.4021734E+07
  3.0358259E-02 -9.9254409E+01  1.7827929E+01 -1.0823378E+00  6.7425542E+01  2.4169191E+05  0.0000000E+00  1.3519780E+07
  3.0910189E-02 -9.8998164E+01  1.8086542E+01 -1.0847057E+00  6.7252681E+01  2.3593548E+05  0.0000000E+00  1.3018007E+07
  3.1472053E-02 -9.8738793E+01  1.8348447E+01 -1.0872401E+00  6.7117956E+01  2.3014727E+05  0.0000000E+00  1.2517264E+07
  3.2044030E-02 -9.8476309E+01  1.8613684E+01 -1.0899926E+00  6.7024068E+01  2.2433736E+05  0.0000000E+00  1.2018461E+07
  3.2626301E-02 -9.8210733E+01  1.8882288E+01 -1.0930209E+00  6.6973595E+01  2.1851592E+05  0.0000000E+00  1.1522560E+07
  3.3219052E-02 -9.7942092E+01  1.9154297E+01 -1.0963888E+00  6.6968967E+01  2.1269318E+05  0.0000000E+00  1.1030571E+07
  3.3822472E-02 -9.7670419E+01  1.9429746E+01 -1.1001652E+00  6.7012453E+01  2.0687936E+05  0.0000000E+00  1.0543532E+07
  3.4436752E-02 -9.7395751E+01  1.9708672E+01 -1.1044230E+00  6.7106137E+01  2.0108469E+05  0.0000000E+00  1.0062506E+07
  3.5062088E-02 -9.7118131E+01  1.9991106E+01 -1.1092371E+00  6.7251900E+01  1.9531930E+05  0.0000000E+00  9.5885633E+06
  3.5698679E-02 -9.6837599E+01  2.0277083E+01 -1.1146827E+00  6.7451398E+01  1.8959324E+05  0.0000000E+00  9.1227646E+06
  3.6346728E-02 -9.6554198E+01  2.0566635E+01 -1.1208324E+00  6.7706047E+01  1.8391641E+05  0.0000000E+00  8.6661502E+06
  3.7006440E-02 -9.6267964E+01  2.0859790E+01 -1.1277544E+00  6.8017002E+01  1.7829854E+05  0.0000000E+00  8.2197225E+06
  3.7678026E-02 -9.5978931E+01  2.1156578E+01 -1.1355095E+00  6.8385138E+01  1.7274913E+05  0.0000000E+00  7.7844319E+06
  3.8361699E-02 -9.5687122E+01  2.1457027E+01 -1.1441490E+00  6.8811034E+01  1.6727741E+05  0.0000000E+00  7.3611623E+06
  3.9057677E-02 -9.5392552E+01  2.1761160E+01 -1.1537125E+00  6.9294958E+01  1.6189233E+05  0.0000000E+00  6.9507191E+06
  3.9766182E-02 -9.5095224E+01  2.2069002E+01 -1.1642264E+00  6.9836851E+01  1.5660250E+05  0.0000000E+00  6.5538177E+06
  4.0487438E-02 -9.4795129E+01  2.2380573E+01 -1.1757029E+00  7.0436313E+01  1.5141615E+05  0.0000000E+00  6.1710743E+06
  4.1221676E-02 -9.4492246E+01  2.2695893E+01 -1.1881391E+00  7.1092591E+01  1.4634109E+05  0.0000000E+00  5.8029997E+06
  4.1969128E-02 -9.4186539E+01  2.3014978E+01 -1.2015174E+00  7.1804569E+01  1.4138473E+05  0.0000000E+00  5.4499944E+06
  4.2730034E-02 -9.3877963E+01  2.3337843E+01 -1.2158057E+00  7.2570761E+01  1.3655396E+05  0.0000000E+00  5.1123464E+06
  4.3504634E-02 -9.3566461E+01  2.3664498E+01 -1.2309589E+00  7.3389302E+01  1.3185519E+05  0.0000000E+00  4.7902322E+06
  4.4293176E-02 -9.3251967E+01  2.3994953E+01 -1.2469195E+00  7.4257946E+01  1.2729431E+05  0.0000000E+00  4.4837191E+06
  4.5095910E-02 -9.2934406E+01  2.4329214E+01 -1.2636202E+00  7.5174062E+01  1.2287664E+05  0.0000000E+00  4.1927698E+06
  4.5913092E-02 -9.2613701E+01  2.4667284E+01 -1.2809851E+00  7.6134638E+01  1.1860691E+05  0.0000000E+00  3.9172491E+06
  4.6744982E-02 -9.2289768E+01  2.5009165E+01 -1.2989324E+00  7.7136283E+01  1.1448928E+05  0.0000000E+00  3.6569317E+06
  4.7591844E-02 -9.1962524E+01  2.5354852E+01 -1.3173760E+00  7.8175234E+01  1.1052728E+05  0.0000000E+00  3.4115112E+06
  4.8453949E-02 -9.1631887E+01  2.5704341E+01 -1.3362279E+00  7.9247363E+01  1.0672381E+05  0.0000000E+00  3.1806100E+06
  4.9331570E-02 -9.1297777E+01  2.6057624E+01 -1.3554002E+00  8.0348194E+01  1.0308112E+05  0.0000000E+00  2.9637896E+06
  5.0224986E-02 -9.0960119E+01  2.6414687E+01 -1.3748064E+00  8.1472914E+01  9.9600820E+04  0.0000000E+00  2.7605605E+06
  5.1134482E-02 -9.0618845E+01  2.6775517E+01 -1.3943628E+00  8.2616397E+01  9.6283871E+04  0.0000000E+00  2.5703932E+06
  5.2060348E-02 -9.0273893E+01  2.7140096E+01 -1.4139898E+00  8.3773219E+01  9.3130568E+04  0.0000000E+00  2.3927270E+06
  5.3002878E-02 -8.9925209E+01  2.7508404E+01 -1.4336124E+00  8.4937692E+01  9.0140553E+04  0.0000000E+00  2.2269800E+06
  5.3962371E-02 -8.9572745E+01  2.7880415E+01 -1.4531601E+00  8.6103885E+01  8.7312821E+04  0.0000000E+00  2.0725571E+06
  5.4939134E-02 -8.9216463E+01  2.8256105E+01 -1.4725678E+00  8.7265660E+01  8.4645725E+04  0.0000000E+00  1.9288579E+06
  5.5933476E-02 -8.8856332E+01  2.8635443E+01 -1.4917751E+00  8.8416705E+01  8.2136991E+04  0.0000000E+00  1.7952832E+06
  5.6945715E-02 -8.8492328E+01  2.9018398E+01 -1.5107262E+00  8.9550573E+01  7.9783734E+04  0.0000000E+00  1.6712411E+06
  5.7976173E-02 -8.8124434E+01  2.9404936E+01 -1.5293696E+00  9.0660722E+01  7.7582477E+04  0.0000000E+00  1.5561515E+06
  5.9025177E-02 -8.7752638E+01  2.9795019E+01 -1.5476580E+00  9.1740558E+01  7.5529171E+04  0.0000000E+00  1.4494505E+06
  6.0093061E-02 -8.7376937E+01  3.0188611E+01 -1.5655476E+00  9.2783481E+01  7.3619229E+04  0.0000000E+00  1.3505937E+06
  6.1180165E-02 -8.6997329E+01  3.0585669E+01 -1.5829980E+00  9.3782935E+01  7.1847545E+04  0.0000000E+00  1.2590581E+06
  6.2286835E-02 -8.6613819E+01  3.0986153E+01 -1.5999719E+00  9.4732454E+01  7.0208537E+04  0.0000000E+00  1.1743445E+06
  6.3413424E-02 -8.6226417E+01  3.1390018E+01 -1.6164347E+00  9.5625716E+01  6.8696173E+04  0.0000000E+00  1.0959783E+06
  6.4560288E-02 -8.5835134E+01  3.1797221E+01 -1.6323540E+00  9.6456595E+01  6.7304018E+04  0.0000000E+00  1.0235103E+06
  6.5727795E-02 -8.5439985E+01  3.2207716E+01 -1.6477001E+00  9.7219215E+01  6.6025268E+04  0.0000000E+00  9.5651690E+05
  6.6916314E-02 -8.5040988E+01  3.2621457E+01 -1.6624449E+00  9.7908003E+01  6.4852794E+04  0.0000000E+00  8.9459971E+05
  6.8126225E-02 -8.4638162E+01  3.3038400E+01 -1.6765624E+00  9.8517743E+01  6.3779192E+04  0.0000000E+00  8.3738529E+05
  6.9357912E-02 -8.4231529E+01  3.3458499E+01 -1.6900284E+00  9.9043631E+01  6.2796824E+04  0.0000000E+00  7.8452431E+05
  7.0611767E-02 -8.3821111E+01  3.3881709E+01 -1.7028203E+00  9.9481326E+01  6.1897866E+04  0.0000000E+00  7.3569066E+05
  7.1888189E-02 -8.3406930E+01  3.4307987E+01 -1.7149173E+00  9.9826998E+01  6.1074362E+04  0.0000000E+00  6.9058034E+05
  7.3187585E-02 -8.2989011E+01  3.4737290E+01 -1.7263002E+00  1.0007738E+02  6.0318270E+04  0.0000000E+00  6.4891036E+05
  7.4510367E-02 -8.2567375E+01  3.5169577E+01 -1.7369516E+00  1.0022982E+02  5.9621515E+04  0.0000000E+00  6.1041746E+05
  7.5856958E-02 -8.2142047E+01  3.5604809E+01 -1.7468562E+00  1.0028231E+02  5.8976037E+04  0.0000000E+00  5.7485693E+05
  7.7227784E-02 -8.1713049E+01  3.6042951E+01 -1.7560005E+00  1.0023352E+02  5.8373843E+04  0.0000000E+00  5.4200130E+05
  7.8623283E-02 -8.1280404E+01  3.6483970E+01 -1.7643736E+00  1.0008287E+02  5.7807057E+04  0.0000000E+00  5.1163913E+05
  8.0043898E-02 -8.0844133E+01  3.6927834E+01 -1.7719669E+00  9.9830517E+01  5.7267968E+04  0.0000000E+00  4.8357383E+05
  8.1490082E-02 -8.0404258E+01  3.7374516E+01 -1.7787746E+00  9.9477390E+01  5.6749080E+04  0.0000000E+00  4.5762248E+05
  8.2962295E-02 -7.9960799E+01  3.7823995E+01 -1.7847940E+00  9.9025225E+01  5.6243155E+04  0.0000000E+00  4.3361476E+05
  8.4461005E-02 -7.9513777E+01  3.8276249E+01 -1.7900257E+00  9.8476555E+01  5.5743259E+04  0.0000000E+00  4.1139190E+05
  8.5986689E-02 -7.9063211E+01  3.8731263E+01 -1.7944740E+00  9.7834727E+01  5.5242804E+04  0.0000000E+00  3.9080574E+05
  8.7539833E-02 -7.8609120E+01  3.9189027E+01 -1.7981472E+00  9.7103895E+01  5.4735588E+04  0.0000000E+00  3.7171783E+05
  8.9120930E-02 -7.8151524E+01  3.9649534E+01 -1.8010578E+00  9.6289006E+01  5.4215826E+04  0.0000000E+00  3.5399864E+05
  9.0730485E-02 -7.7690441E+01  4.0112781E+01 -1.8032227E+00  9.5395784E+01  5.3678193E+04  0.0000000E+00  3.3752680E+05
  9.2369008E-02 -7.7225893E+01  4.0578771E+01 -1.8046637E+00  9.4430704E+01  5.3117843E+04  0.0000000E+00  3.2218848E+05
  9.4037022E-02 -7.6757897E+01  4.1047510E+01 -1.8054075E+00  9.3400952E+01  5.2530443E+04  0.0000000E+00  3.0787680E+05
  9.5735058E-02 -7.6286476E+01  4.1519010E+01 -1.8054858E+00  9.2314384E+01  5.1912189E+04  0.0000000E+00  2.9449137E+05
  9.7463655E-02 -7.5811651E+01  4.1993284E+01 -1.8049357E+00  9.1179471E+01  5.1259827E+04  0.0000000E+00  2.8193784E+05
  9.9223364E-02 -7.5333447E+01  4.2470353E+01 -1.8037994E+00  9.0005240E+01  5.0570665E+04  0.0000000E+00  2.7012763E+05
  1.0101474E-01 -7.4851887E+01  4.2950238E+01 -1.8021248E+00  8.8801203E+01  4.9842581E+04  0.0000000E+00  2.5897767E+05
  1.0283837E-01 -7.4367000E+01  4.3432965E+01 -1.7999654E+00  8.7577280E+01  4.9074028E+04  0.0000000E+00  2.4841024E+05
  1.0469481E-01 -7.3878817E+01  4.3918564E+01 -1.7973806E+00  8.6343717E+01  4.8264032E+04  0.0000000E+00  2.3835293E+05
  1.0658467E-01 -7.3387373E+01  4.4407063E+01 -1.7944364E+00  8.5110991E+01  4.7412187E+04  0.0000000E+00  2.2873862E+05
  1.0850854E-01 -7.2892709E+01  4.4898496E+01 -1.7912059E+00  8.3889717E+01  4.6518643E+04  0.0000000E+00  2.1950557E+05
  1.1046703E-01 -7.2394875E+01  4.5392896E+01 -1.7877710E+00  8.2690543E+01  4.5584092E+04  0.0000000E+00  2.1059757E+05
  1.1246078E-01 -7.1893927E+01  4.5890296E+01 -1.7842237E+00  8.1524044E+01  4.4609748E+04  0.0000000E+00  2.0196416E+05
  1.1449041E-01 -7.1389939E+01  4.6390729E+01 -1.7806686E+00  8.0400614E+01  4.3597325E+04  0.0000000E+00  1.9356082E+05
  1.1655657E-01 -7.0882999E+01  4.6894227E+01 -1.7772251E+00  7.9330348E+01  4.2549002E+04  0.0000000E+00  1.8534924E+05
  1.1865992E-01 -7.0373214E+01  4.7400817E+01 -1.7740311E+00  7.8322936E+01  4.1467397E+04  0.0000000E+00  1.7729755E+05
  1.2080112E-01 -6.9860719E+01  4.7910526E+01 -1.7712453E+00  7.7387542E+01  4.0355527E+04  0.0000000E+00  1.6938049E+05
  1.2298087E-01 -6.9345675E+01  4.8423375E+01 -1.7690501E+00  7.6532696E+01  3.9216768E+04  0.0000000E+00  1.6157952E+05
  1.2519984E-01 -6.8828272E+01  4.8939380E+01 -1.7676524E+00  7.5766186E+01  3.8054816E+04  0.0000000E+00  1.5388278E+05
  1.2745875E-01 -6.8308733E+01  4.9458551E+01 -1.7672836E+00  7.5094947E+01  3.6873634E+04  0.0000000E+00  1.4628496E+05
  1.2975832E-01 -6.7787306E+01  4.9980890E+01 -1.7681958E+00  7.4524969E+01  3.5677410E+04  0.0000000E+00  1.3878695E+05
  1.3209927E-01 -6.7264265E+01  5.0506390E+01 -1.7706550E+00  7.4061195E+01  3.4470507E+04  0.0000000E+00  1.3139531E+05
  1.3448236E-01 -6.6739895E+01  5.1035036E+01 -1.7749315E+00  7.3707446E+01  3.3257406E+04  0.0000000E+00  1.2412159E+05
  1.3690834E-01 -6.6214483E+01  5.1566803E+01 -1.7812856E+00  7.3466337E+01  3.2042661E+04  0.0000000E+00  1.1698144E+05
  1.3937798E-01 -6.5688299E+01  5.2101651E+01 -1.7899507E+00  7.3339222E+01  3.0830842E+04  0.0000000E+00  1.0999361E+05
  1.4189208E-01 -6.5161582E+01  5.2639533E+01 -1.8011147E+00  7.3326134E+01  2.9626489E+04  0.0000000E+00  1.0317885E+05
  1.4445142E-01 -6.4634516E+01  5.3180385E+01 -1.8149011E+00  7.3425754E+01  2.8434057E+04  0.0000000E+00  9.6558751E+04
  1.4705682E-01 -6.4107221E+01  5.3724131E+01 -1.8313516E+00  7.3635386E+01  2.7257872E+04  0.0000000E+00  9.0154676E+04
  1.4970912E-01 -6.3579734E+01  5.4270680E+01 -1.8504142E+00  7.3950945E+01  2.6102081E+04  0.0000000E+00  8.3986688E+04
  1.5240916E-01 -6.3052011E+01  5.4819927E+01 -1.8719383E+00  7.4366972E+01  2.4970617E+04  0.0000000E+00  7.8072689E+04
  1.5515779E-01 -6.2523929E+01  5.5371752E+01 -1.8956809E+00  7.4876657E+01  2.3867154E+04  0.0000000E+00  7.2427708E+04
  1.5795589E-01 -6.1995306E+01  5.5926018E+01 -1.9213243E+00  7.5471880E+01  2.2795078E+04  0.0000000E+00  6.7063406E+04
  1.6080435E-01 -6.1465927E+01  5.6482575E+01 -1.9485022E+00  7.6143277E+01  2.1757451E+04  0.0000000E+00  6.1987780E+04
  1.6370408E-01 -6.0935577E+01  5.7041256E+01 -1.9768324E+00  7.6880313E+01  2.0756991E+04  0.0000000E+00  5.7205095E+04
  1.6665600E-01 -6.0404067E+01  5.7601879E+01 -2.0059466E+00  7.7671379E+01  1.9796048E+04  0.0000000E+00  5.2715973E+04
  1.6966105E-01 -5.9871262E+01  5.8164250E+01 -2.0355128E+00  7.8503903E+01  1.8876587E+04  0.0000000E+00  4.8517656E+04
  1.7272018E-01 -5.9337087E+01  5.8728159E+01 -2.0652466E+00  7.9364474E+01  1.8000179E+04  0.0000000E+00  4.4604364E+04
  1.7583437E-01 -5.8801526E+01  5.9293384E+01 -2.0949106E+00  8.0238984E+01  1.7167990E+04  0.0000000E+00  4.0967742E+04
  1.7900462E-01 -5.8264615E+01  5.9859691E+01 -2.1243053E+00  8.1112776E+01  1.6380782E+04  0.0000000E+00  3.7597335E+04
  1.8223192E-01 -5.7726422E+01  6.0426834E+01 -2.1532567E+00  8.1970809E+01  1.5638914E+04  0.0000000E+00  3.4481075E+04
  1.8551731E-01 -5.7187042E+01  6.0994562E+01 -2.1816043E+00  8.2797830E+01  1.4942351E+04  0.0000000E+00  3.1605746E+04
  1.8886183E-01 -5.6646580E+01  6.1562612E+01 -2.2091914E+00  8.3578552E+01  1.4290670E+04  0.0000000E+00  2.8957413E+04
  1.9226654E-01 -5.6105144E+01  6.2130718E+01 -2.2358613E+00  8.4297837E+01  1.3683084E+04  0.0000000E+00  2.6521799E+04
  1.9573253E-01 -5.5562847E+01  6.2698608E+01 -2.2614557E+00  8.4940885E+01  1.3118459E+04  0.0000000E+00  2.4284605E+04
  1.9926091E-01 -5.5019806E+01  6.3266012E+01 -2.2858180E+00  8.5493419E+01  1.2595338E+04  0.0000000E+00  2.2231768E+04
  2.0285279E-01 -5.4476139E+01  6.3832657E+01 -2.3087959E+00  8.5941870E+01  1.2111968E+04  0.0000000E+00  2.0349670E+04
  2.0650931E-01 -5.3931973E+01  6.4398273E+01 -2.3302456E+00  8.6273560E+01  1.1666336E+04  0.0000000E+00  1.8625285E+04
  2.1023165E-01 -5.3387439E+01  6.4962596E+01 -2.3500343E+00  8.6476873E+01  1.1256197E+04  0.0000000E+00  1.7046285E+04
  2.1402098E-01 -5.2842673E+01  6.5525370E+01 -2.3680427E+00  8.6541418E+01  1.0879115E+04  0.0000000E+00  1.5601100E+04
  2.1787852E-01 -5.2297818E+01  6.6086347E+01 -2.3841646E+00  8.6458181E+01  1.0532495E+04  0.0000000E+00  1.4278953E+04
  2.2180548E-01 -5.1753015E+01  6.6645293E+01 -2.3983076E+00  8.6219658E+01  1.0213627E+04  0.0000000E+00  1.3069861E+04
  2.2580312E-01 -5.1208405E+01  6.7201987E+01 -2.4103915E+00  8.5819980E+01  9.9197201E+03  0.0000000E+00  1.1964621E+04
  2.2987272E-01 -5.0664122E+01  6.7756225E+01 -2.4203475E+00  8.5255004E+01  9.6479421E+03  0.0000000E+00  1.0954772E+04
  2.3401555E-01 -5.0120293E+01  6.8307824E+01 -2.4281170E+00  8.4522400E+01  9.3954586E+03  0.0000000E+00  1.0032561E+04
  2.3823295E-01 -4.9577033E+01  6.8856618E+01 -2.4336508E+00  8.3621703E+01  9.1594676E+03  0.0000000E+00  9.1908864E+03
  2.4252626E-01 -4.9034441E+01  6.9402467E+01 -2.4369085E+00  8.2554348E+01  8.9372345E+03  0.0000000E+00  8.4232508E+03
  2.4689684E-01 -4.8492604E+01  6.9945255E+01 -2.4378585E+00  8.1323676E+01  8.7261241E+03  0.0000000E+00  7.7237038E+03
  2.5134608E-01 -4.7951590E+01  7.0484889E+01 -2.4364784E+00  7.9934922E+01  8.5236302E+03  0.0000000E+00  7.0867902E+03
  2.5587540E-01 -4.7411450E+01  7.1021305E+01 -2.4327555E+00  7.8395167E+01  8.3274021E+03  0.0000000E+00  6.5074982E+03
  2.6048624E-01 -4.6872221E+01  7.1554467E+01 -2.4266886E+00  7.6713273E+01  8.1352682E+03  0.0000000E+00  5.9812113E+03
  2.6518007E-01 -4.6333923E+01  7.2084366E+01 -2.4182890E+00  7.4899795E+01  7.9452551E+03  0.0000000E+00  5.5036632E+03
  2.6995838E-01 -4.5796562E+01  7.2611021E+01 -2.4075830E+00  7.2966857E+01  7.7556046E+03  0.0000000E+00  5.0708962E+03
  2.7482268E-01 -4.5260134E+01  7.3134480E+01 -2.3946138E+00  7.0928019E+01  7.5647856E+03  0.0000000E+00  4.6792244E+03
  2.7977454E-01 -4.4724626E+01  7.3654817E+01 -2.3794438E+00  6.8798117E+01  7.3715030E+03  0.0000000E+00  4.3251994E+03
  2.8481552E-01 -4.4190022E+01  7.4172135E+01 -2.3621568E+00  6.6593082E+01  7.1747028E+03  0.0000000E+00  4.0055808E+03
  2.8994724E-01 -4.3656300E+01  7.4686560E+01 -2.3428601E+00  6.4329744E+01  6.9735727E+03  0.0000000E+00  3.7173098E+03
  2.9517131E-01 -4.3123442E+01  7.5198243E+01 -2.3216856E+00  6.2025624E+01  6.7675403E+03  0.0000000E+00  3.4574860E+03
  3.0048940E-01 -4.2591434E+01  7.5707356E+01 -2.2987897E+00  5.9698711E+01  6.5562669E+03  0.0000000E+00  3.2233484E+03
  3.0590322E-01 -4.2060262E+01  7.6214091E+01 -2.2743521E+00  5.7367236E+01  6.3396386E+03  0.0000000E+00  3.0122592E+03
  3.1141447E-01 -4.1529917E+01  7.6718655E+01 -2.2485717E+00  5.5049431E+01  6.1177536E+03  0.0000000E+00  2.8216910E+03
  3.1702491E-01 -4.1000389E+01  7.7221271E+01 -2.2216603E+00  5.2763300E+01  5.8909078E+03  0.0000000E+00  2.6492192E+03
  3.2273634E-01 -4.0471663E+01  7.7722171E+01 -2.1938340E+00  5.0526383E+01  5.6595770E+03  0.0000000E+00  2.4925169E+03
  3.2855056E-01 -3.9943705E+01  7.8221596E+01 -2.1653011E+00  4.8355525E+01  5.4243976E+03  0.0000000E+00  2.3493571E+03
  3.3446942E-01 -3.9416463E+01  7.8719788E+01 -2.1362508E+00  4.6266663E+01  5.1861451E+03  0.0000000E+00  2.2176188E+03
  3.4049481E-01 -3.8889851E+01  7.9216991E+01 -2.1068425E+00  4.4274620E+01  4.9457118E+03  0.0000000E+00  2.0953003E+03
  3.4662865E-01 -3.8363759E+01  7.9713444E+01 -2.0772027E+00  4.2392912E+01  4.7040835E+03  0.0000000E+00  1.9805399E+03
  3.5287289E-01 -3.7838057E+01  8.0209378E+01 -2.0474352E+00  4.0633582E+01  4.4623163E+03  0.0000000E+00  1.8716417E+03
  3.5922951E-01 -3.7312639E+01  8.0705013E+01 -2.0176522E+00  3.9007051E+01  4.2215128E+03  0.0000000E+00  1.7671077E+03
  3.6570054E-01 -3.6787482E+01  8.1200553E+01 -1.9880349E+00  3.7521991E+01  3.9828001E+03  0.0000000E+00  1.6656730E+03
  3.7228804E-01 -3.6262740E+01  8.1696184E+01 -1.9589246E+00  3.6185233E+01  3.7473083E+03  0.0000000E+00  1.5663397E+03
  3.7899410E-01 -3.5738870E+01  8.2192069E+01 -1.9309391E+00  3.5001687E+01  3.5161502E+03  0.0000000E+00  1.4684050E+03
  3.8582086E-01 -3.5216745E+01  8.2688344E+01 -1.9050893E+00  3.3974301E+01  3.2904022E+03  0.0000000E+00  1.3714784E+03
  3.9277049E-01 -3.4697738E+01  8.3185118E+01 -1.8828561E+00  3.3104041E+01  3.0710873E+03  0.0000000E+00  1.2754810E+03
  3.9984520E-01 -3.4183705E+01  8.3682468E+01 -1.8661737E+00  3.2389894E+01  2.8591575E+03  0.0000000E+00  1.1806238E+03
  4.0704724E-01 -3.3676828E+01  8.4180438E+01 -1.8572662E+00  3.1828907E+01  2.6554789E+03  0.0000000E+00  1.0873638E+03
  4.1437891E-01 -3.3179271E+01  8.4679036E+01 -1.8583066E+00  3.1416237E+01  2.4608169E+03  0.0000000E+00  9.9634009E+02
  4.2184253E-01 -3.2692677E+01  8.5178233E+01 -1.8709102E+00  3.1145235E+01  2.2758242E+03  0.0000000E+00  9.0829621E+02
  4.2944048E-01 -3.2217595E+01  8.5677963E+01 -1.8955582E+00  3.1007557E+01  2.1010306E+03  0.0000000E+00  8.2399811E+02
  4.3717519E-01 -3.1753041E+01  8.6178122E+01 -1.9311632E+00  3.0993297E+01  1.9368370E+03  0.0000000E+00  7.4415738E+02
  4.4504910E-01 -3.1296496E+01  8.6678568E+01 -1.9750635E+00  3.1091158E+01  1.7835137E+03  0.0000000E+00  6.6936866E+02
  4.5306473E-01 -3.0844498E+01  8.7179121E+01 -2.0236184E+00  3.1288648E+01  1.6412036E+03  0.0000000E+00  6.0006722E+02
  4.6122463E-01 -3.0393656E+01  8.7679566E+01 -2.0732218E+00  3.1572297E+01  1.5099293E+03  0.0000000E+00  5.3650877E+02
  4.6953140E-01 -2.9941571E+01  8.8179654E+01 -2.1212252E+00  3.1927892E+01  1.3896011E+03  0.0000000E+00  4.7876966E+02
  4.7798767E-01 -2.9487222E+01  8.8679102E+01 -2.1663243E+00  3.2340711E+01  1.2800266E+03  0.0000000E+00  4.2676353E+02
  4.8659613E-01 -2.9030758E+01  8.9177599E+01 -2.2083570E+00  3.2795758E+01  1.1809184E+03  0.0000000E+00  3.8026854E+02
  4.9535954E-01 -2.8573001E+01  8.9674808E+01 -2.2478091E+00  3.3277983E+01  1.0919031E+03  0.0000000E+00  3.3895993E+02
  5.0428067E-01 -2.8114980E+01  9.0170366E+01 -2.2853459E+00  3.3772497E+01  1.0125298E+03  0.0000000E+00  3.0244313E+02
  5.1336236E-01 -2.7657623E+01  9.0663895E+01 -2.3215178E+00  3.4264777E+01  9.4227975E+02  0.0000000E+00  2.7028409E+02
  5.2260751E-01 -2.7201638E+01  9.1154998E+01 -2.3566356E+00  3.4740859E+01  8.8057682E+02  0.0000000E+00  2.4203485E+02
  5.3201906E-01 -2.6747487E+01  9.1643269E+01 -2.3907558E+00  3.5187518E+01  8.2679834E+02  0.0000000E+00  2.1725362E+02
  5.4160000E-01 -2.6295428E+01  9.2128294E+01 -2.4237222E+00  3.5592440E+01  7.8028646E+02  0.0000000E+00  1.9551934E+02
  5.5135337E-01 -2.5845573E+01  9.2609658E+01 -2.4552315E+00  3.5944372E+01  7.4035944E+02  0.0000000E+00  1.7644138E+02
  5.6128229E-01 -2.5397955E+01  9.3086949E+01 -2.4849041E+00  3.6233251E+01  7.0632289E+02  0.0000000E+00  1.5966506E+02
  5.7138992E-01 -2.4952589E+01  9.3559758E+01 -2.5123475E+00  3.6450320E+01  6.7748040E+02  0.0000000E+00  1.4487410E+02
  5.8167946E-01 -2.4509513E+01  9.4027692E+01 -2.5372044E+00  3.6588209E+01  6.5314383E+02  0.0000000E+00  1.3179056E+02
  5.9215420E-01 -2.4068812E+01  9.4490370E+01 -2.5591818E+00  3.6641005E+01  6.3264269E+02  0.0000000E+00  1.2017325E+02
  6.0281746E-01 -2.3630632E+01  9.4947432E+01 -2.5780641E+00  3.6604281E+01  6.1533278E+02  0.0000000E+00  1.0981500E+02
  6.1367264E-01 -2.3195172E+01  9.5398540E+01 -2.5937115E+00  3.6475112E+01  6.0060374E+02  0.0000000E+00  1.0053944E+02
  6.2472320E-01 -2.2762669E+01  9.5843383E+01 -2.6060514E+00  3.6252058E+01  5.8788559E+02  0.0000000E+00  9.2197469E+01
  6.3597265E-01 -2.2333387E+01  9.6281679E+01 -2.6150657E+00  3.5935128E+01  5.7665400E+02  0.0000000E+00  8.4663720E+01
  6.4742456E-01 -2.1907600E+01  9.6713178E+01 -2.6207784E+00  3.5525718E+01  5.6643442E+02  0.0000000E+00  7.7833211E+01
  6.5908260E-01 -2.1485580E+01  9.7137665E+01 -2.6232441E+00  3.5026531E+01  5.5680490E+02  0.0000000E+00  7.1618231E+01
  6.7095045E-01 -2.1067583E+01  9.7554957E+01 -2.6225400E+00  3.4441478E+01  5.4739781E+02  0.0000000E+00  6.5945532E+01
  6.8303191E-01 -2.0653848E+01  9.7964911E+01 -2.6187596E+00  3.3775561E+01  5.3790029E+02  0.0000000E+00  6.0753857E+01
  6.9533081E-01 -2.0244589E+01  9.8367420E+01 -2.6120093E+00  3.3034751E+01  5.2805374E+02  0.0000000E+00  5.5991791E+01
  7.0785107E-01 -1.9839992E+01  9.8762415E+01 -2.6024067E+00  3.2225849E+01  5.1765235E+02  0.0000000E+00  5.1615927E+01
  7.2059667E-01 -1.9440218E+01  9.9149861E+01 -2.5900797E+00  3.1356343E+01  5.0654071E+02  0.0000000E+00  4.7589322E+01
  7.3357167E-01 -1.9045404E+01  9.9529763E+01 -2.5751671E+00  3.0434259E+01  4.9461082E+02  0.0000000E+00  4.3880211E+01
  7.4678020E-01 -1.8655663E+01  9.9902156E+01 -2.5578197E+00  2.9468019E+01  4.8179841E+02  0.0000000E+00  4.0460960E+01
  7.6022646E-01 -1.8271088E+01  1.0026711E+02 -2.5382006E+00  2.8466285E+01  4.6807893E+02  0.0000000E+00  3.7307213E+01
  7.7391472E-01 -1.7891755E+01  1.0062473E+02 -2.5164872E+00  2.7437822E+01  4.5346311E+02  0.0000000E+00  3.4397219E+01
  7.8784935E-01 -1.7517727E+01  1.0097514E+02 -2.4928708E+00  2.6391359E+01  4.3799236E+02  0.0000000E+00  3.1711302E+01
  8.0203478E-01 -1.7149055E+01  1.0131850E+02 -2.4675575E+00  2.5335462E+01  4.2173414E+02  0.0000000E+00  2.9231459E+01
  8.1647552E-01 -1.6785784E+01  1.0165498E+02 -2.4407675E+00  2.4278410E+01  4.0477723E+02  0.0000000E+00  2.6941064E+01
  8.3117617E-01 -1.6427950E+01  1.0198478E+02 -2.4127337E+00  2.3228092E+01  3.8722723E+02  0.0000000E+00  2.4824650E+01
  8.4614141E-01 -1.6075586E+01  1.0230811E+02 -2.3836997E+00  2.2191908E+01  3.6920211E+02  0.0000000E+00  2.2867771E+01
  8.6137599E-01 -1.5728720E+01  1.0262520E+02 -2.3539167E+00  2.1176689E+01  3.5082814E+02  0.0000000E+00  2.1056911E+01
  8.7688477E-01 -1.5387376E+01  1.0293626E+02 -2.3236404E+00  2.0188629E+01  3.3223606E+02  0.0000000E+00  1.9379442E+01
  8.9267268E-01 -1.5051572E+01  1.0324156E+02 -2.2931275E+00  1.9233232E+01  3.1355759E+02  0.0000000E+00  1.7823619E+01
  9.0874475E-01 -1.4721324E+01  1.0354131E+02 -2.2626323E+00  1.8315268E+01  2.9492234E+02  0.0000000E+00  1.6378591E+01
  9.2510608E-01 -1.4396646E+01  1.0383576E+02 -2.2324059E+00  1.7438755E+01  2.7645515E+02  0.0000000E+00  1.5034433E+01
  9.4176189E-01 -1.4077552E+01  1.0412514E+02 -2.2026966E+00  1.6606943E+01  2.5827382E+02  0.0000000E+00  1.3782179E+01
  9.5871747E-01 -1.3764068E+01  1.0440969E+02 -2.1737543E+00  1.5822318E+01  2.4048724E+02  0.0000000E+00  1.2613860E+01
  9.7597822E-01 -1.3456237E+01  1.0468960E+02 -2.1458379E+00  1.5086612E+01  2.2319397E+02  0.0000000E+00  1.1522522E+01
  9.9354964E-01 -1.3154135E+01  1.0496509E+02 -2.1192265E+00  1.4400833E+01  2.0648119E+02  0.0000000E+00  1.0502224E+01
  1.0114373E+00 -1.2857886E+01  1.0523635E+02 -2.0942314E+00  1.3765295E+01  1.9042402E+02  0.0000000E+00  9.5480170E+00
  1.0296469E+00 -1.2567673E+01  1.0550353E+02 -2.0712061E+00  1.3179662E+01  1.7508517E+02  0.0000000E+00  8.6558812E+00
  1.0481843E+00 -1.2283740E+01  1.0576681E+02 -2.0505495E+00  1.2642998E+01  1.6051488E+02  0.0000000E+00  7.8226353E+00
  1.0670553E+00 -1.2006388E+01  1.0602631E+02 -2.0326957E+00  1.2153822E+01  1.4675112E+02  0.0000000E+00  7.0458097E+00
  1.0862659E+00 -1.1735945E+01  1.0628214E+02 -2.0180875E+00  1.1710165E+01  1.3382001E+02  0.0000000E+00  6.3234939E+00
  1.1058223E+00 -1.1472725E+01  1.0653441E+02 -2.0071317E+00  1.1309636E+01  1.2173638E+02  0.0000000E+00  5.6541665E+00
  1.1257307E+00 -1.1216968E+01  1.0678317E+02 -2.0001414E+00  1.0949481E+01  1.1050451E+02  0.0000000E+00  5.0365203E+00
  1.1459974E+00 -1.0968778E+01  1.0702850E+02 -1.9972762E+00  1.0626654E+01  1.0011897E+02  0.0000000E+00  4.4692967E+00
  1.1666289E+00 -1.0728084E+01  1.0727041E+02 -1.9984958E+00  1.0337879E+01  9.0565556E+01  0.0000000E+00  3.9511428E+00
  1.1876317E+00 -1.0494612E+01  1.0750893E+02 -2.0035415E+00  1.0079715E+01  8.1822347E+01  0.0000000E+00  3.4805018E+00
  1.2090125E+00 -1.0267905E+01  1.0774405E+02 -2.0119528E+00  9.8486226E+00  7.3860752E+01  0.0000000E+00  3.0555428E+00
  1.2307781E+00 -1.0047370E+01  1.0797575E+02 -2.0231179E+00  9.6410214E+00  6.6646633E+01  0.0000000E+00  2.6741325E+00
  1.2529354E+00 -9.8323512E+00  1.0820399E+02 -2.0363442E+00  9.4533512E+00  6.0141409E+01  0.0000000E+00  2.3338445E+00
  1.2754916E+00 -9.6221954E+00  1.0842874E+02 -2.0509318E+00  9.2821250E+00  5.4303121E+01  0.0000000E+00  2.0319993E+00
  1.2984537E+00 -9.4163143E+00  1.0864992E+02 -2.0662327E+00  9.1239782E+00  4.9087435E+01  0.0000000E+00  1.7657273E+00
  1.3218291E+00 -9.2142173E+00  1.0886747E+02 -2.0816873E+00  8.9757118E+00  4.4448560E+01  0.0000000E+00  1.5320427E+00
  1.3456252E+00 -9.0155220E+00  1.0908132E+02 -2.0968371E+00  8.8343300E+00  4.0340070E+01  0.0000000E+00  1.3279212E+00
  1.3698497E+00 -8.8199460E+00  1.0929137E+02 -2.1113182E+00  8.6970707E+00  3.6715626E+01  0.0000000E+00  1.1503725E+00
  1.3945101E+00 -8.6272883E+00  1.0949756E+02 -2.1248449E+00  8.5614307E+00  3.3529604E+01  0.0000000E+00  9.9650388E-01
  1.4196143E+00 -8.4374083E+00  1.0969978E+02 -2.1371910E+00  8.4251836E+00  3.0737626E+01  0.0000000E+00  8.6357063E-01
  1.4451704E+00 -8.2502066E+00  1.0989797E+02 -2.1481721E+00  8.2863925E+00  2.8297004E+01  0.0000000E+00  7.4901335E-01
  1.4711864E+00 -8.0656103E+00  1.1009202E+02 -2.1576334E+00  8.1434172E+00  2.6167104E+01  0.0000000E+00  6.5048163E-01
  1.4976707E+00 -7.8835639E+00  1.1028188E+02 -2.1654419E+00  7.9949155E+00  2.4309638E+01  0.0000000E+00  5.6584611E-01
  1.5246317E+00 -7.7040234E+00  1.1046746E+02 -2.1714825E+00  7.8398406E+00  2.2688880E+01  0.0000000E+00  4.9320071E-01
  1.5520779E+00 -7.5269541E+00  1.1064870E+02 -2.1756570E+00  7.6774328E+00  2.1271818E+01  0.0000000E+00  4.3085716E-01
  1.5800181E+00 -7.3523291E+00  1.1082556E+02 -2.1778845E+00  7.5072083E+00  2.0028257E+01  0.0000000E+00  3.7733399E-01
  1.6084611E+00 -7.1801294E+00  1.1099797E+02 -2.1781018E+00  7.3289438E+00  1.8930854E+01  0.0000000E+00  3.3134169E-01
  1.6374161E+00 -7.0103434E+00  1.1116592E+02 -2.1762646E+00  7.1426585E+00  1.7955114E+01  0.0000000E+00  2.9176580E-01
  1.6668923E+00 -6.8429667E+00  1.1132938E+02 -2.1723479E+00  6.9485931E+00  1.7079342E+01  0.0000000E+00  2.5764897E-01
  1.6968989E+00 -6.6780014E+00  1.1148834E+02 -2.1663455E+00  6.7471869E+00  1.6284554E+01  0.0000000E+00  2.2817313E-01
  1.7274456E+00 -6.5154555E+00  1.1164281E+02 -2.1582701E+00  6.5390536E+00  1.5554362E+01  0.0000000E+00  2.0264221E-01
  1.7585421E+00 -6.3553421E+00  1.1179281E+02 -2.1481525E+00  6.3249561E+00  1.4874828E+01  0.0000000E+00  1.8046604E-01
  1.7901983E+00 -6.1976788E+00  1.1193836E+02 -2.1360410E+00  6.1057805E+00  1.4234301E+01  0.0000000E+00  1.6114560E-01
  1.8224242E+00 -6.0424873E+00  1.1207951E+02 -2.1220007E+00  5.8825104E+00  1.3623235E+01  0.0000000E+00  1.4425978E-01
  1.8552302E+00 -5.8897930E+00  1.1221632E+02 -2.1061127E+00  5.6562013E+00  1.3034005E+01  0.0000000E+00  1.2945361E-01
  1.8886266E+00 -5.7396253E+00  1.1234885E+02 -2.0884741E+00  5.4279566E+00  1.2460702E+01  0.0000000E+00  1.1642802E-01
  1.9226241E+00 -5.5920180E+00  1.1247718E+02 -2.0691968E+00  5.1989036E+00  1.1898947E+01  0.0000000E+00  1.0493096E-01
  1.9572334E+00 -5.4470091E+00  1.1260140E+02 -2.0484077E+00  4.9701719E+00  1.1345683E+01  0.0000000E+00  9.4749796E-02
  1.9924657E+00 -5.3046416E+00  1.1272161E+02 -2.0262478E+00  4.7428734E+00  1.0798997E+01  0.0000000E+00  8.5704851E-02
  2.0283321E+00 -5.1649634E+00  1.1283791E+02 -2.0028711E+00  4.5180840E+00  1.0257929E+01  0.0000000E+00  7.7643955E-02
  2.0648440E+00 -5.0280276E+00  1.1295042E+02 -1.9784437E+00  4.2968275E+00  9.7223043E+00  0.0000000E+00  7.0437886E-02
  2.1020131E+00 -4.8938913E+00  1.1305925E+02 -1.9531421E+00  4.0800616E+00  9.1925718E+00  0.0000000E+00  6.3976573E-02
  2.1398511E+00 -4.7626147E+00  1.1316454E+02 -1.9271503E+00  3.8686670E+00  8.6696574E+00  0.0000000E+00  5.8165950E-02
  2.1783702E+00 -4.6342596E+00  1.1326640E+02 -1.9006574E+00  3.6634374E+00  8.1548306E+00  0.0000000E+00  5.2925363E-02
  2.2175825E+00 -4.5088863E+00  1.1336497E+02 -1.8738537E+00  3.4650728E+00  7.6495864E+00  0.0000000E+00  4.8185448E-02
  2.2575006E+00 -4.3865516E+00  1.1346038E+02 -1.8469267E+00  3.2741747E+00  7.1555413E+00  0.0000000E+00  4.3886389E-02
  2.2981372E+00 -4.2673047E+00  1.1355275E+02 -1.8200567E+00  3.0912436E+00  6.6743450E+00  0.0000000E+00  3.9976504E-02
  2.3395051E+00 -4.1511847E+00  1.1364223E+02 -1.7934127E+00  2.9166779E+00  6.2076058E+00  0.0000000E+00  3.6411079E-02
  2.3816176E+00 -4.0382174E+00  1.1372893E+02 -1.7671485E+00  2.7507753E+00  5.7568307E+00  0.0000000E+00  3.3151433E-02
  2.4244881E+00 -3.9284137E+00  1.1381299E+02 -1.7413999E+00  2.5937356E+00  5.3233784E+00  0.0000000E+00  3.0164130E-02
  2.4681301E+00 -3.8217691E+00  1.1389451E+02 -1.7162835E+00  2.4456643E+00  4.9084246E+00  0.0000000E+00  2.7420339E-02
  2.5125576E+00 -3.7182651E+00  1.1397363E+02 -1.6918973E+00  2.3065786E+00  4.5129394E+00  0.0000000E+00  2.4895283E-02
  2.5577847E+00 -3.6178734E+00  1.1405045E+02 -1.6683242E+00  2.1764132E+00  4.1376740E+00  0.0000000E+00  2.2567768E-02
  2.6038259E+00 -3.5205619E+00  1.1412508E+02 -1.6456378E+00  2.0550279E+00  3.7831565E+00  0.0000000E+00  2.0419759E-02
  2.6506957E+00 -3.4263043E+00  1.1419761E+02 -1.6239107E+00  1.9422148E+00  3.4496955E+00  0.0000000E+00  1.8435994E-02
  2.6984090E+00 -3.3350910E+00  1.1426814E+02 -1.6032260E+00  1.8377062E+00  3.1373894E+00  0.0000000E+00  1.6603617E-02
  2.7469811E+00 -3.2469410E+00  1.1433675E+02 -1.5836882E+00  1.7411831E+00  2.8461405E+00  0.0000000E+00  1.4911827E-02
  2.7964275E+00 -3.1619122E+00  1.1440352E+02 -1.5654337E+00  1.6522828E+00  2.5756725E+00  0.0000000E+00  1.3351531E-02
  2.8467638E+00 -3.0801082E+00  1.1446853E+02 -1.5486375E+00  1.5706071E+00  2.3255498E+00  0.0000000E+00  1.1915017E-02
  2.8980060E+00 -3.0016767E+00  1.1453183E+02 -1.5335113E+00  1.4957294E+00  2.0951981E+00  0.0000000E+00  1.0595626E-02
  2.9501705E+00 -2.9267982E+00  1.1459349E+02 -1.5202929E+00  1.4272020E+00  1.8839249E+00  0.0000000E+00  9.3874619E-03
  3.0032739E+00 -2.8556635E+00  1.1465356E+02 -1.5092231E+00  1.3645626E+00  1.6909393E+00  0.0000000E+00  8.2851190E-03
  3.0573331E+00 -2.7884405E+00  1.1471207E+02 -1.5005133E+00  1.3073404E+00  1.5153708E+00  0.0000000E+00  7.2834520E-03
  3.1123652E+00 -2.7252367E+00  1.1476907E+02 -1.4943083E+00  1.2550621E+00  1.3562868E+00  0.0000000E+00  6.3773918E-03
  3.1683878E+00 -2.6660657E+00  1.1482459E+02 -1.4906526E+00  1.2072565E+00  1.2127096E+00  0.0000000E+00  5.5618117E-03
  3.2254187E+00 -2.6108243E+00  1.1487864E+02 -1.4894685E+00  1.1634599E+00  1.0836313E+00  0.0000000E+00  4.8314447E-03
  3.2834761E+00 -2.5592892E+00  1.1493126E+02 -1.4905531E+00  1.1232202E+00  9.6802919E-01  0.0000000E+00  4.1808502E-03
  3.3425783E+00 -2.5111334E+00  1.1498246E+02 -1.4935950E+00  1.0861012E+00  8.6487893E-01  0.0000000E+00  3.6044245E-03
  3.4027444E+00 -2.4659579E+00  1.1503225E+02 -1.4982069E+00  1.0516859E+00  7.7316766E-01  0.0000000E+00  3.0964451E-03
  3.4639933E+00 -2.4233313E+00  1.1508063E+02 -1.5039650E+00  1.0195802E+00  6.9190539E-01  0.0000000E+00  2.6511397E-03
  3.5263446E+00 -2.3828271E+00  1.1512762E+02 -1.5104480E+00  9.8941491E-01  6.2013485E-01  0.0000000E+00  2.2627677E-03
  3.5898181E+00 -2.3440534E+00  1.1517321E+02 -1.5172662E+00  9.6084863E-01  5.5693959E-01  0.0000000E+00  1.9257066E-03
  3.6544340E+00 -2.3066690E+00  1.1521741E+02 -1.5240789E+00  9.3356879E-01  5.0145018E-01  0.0000000E+00  1.6345320E-03
  3.7202129E+00 -2.2703887E+00  1.1526021E+02 -1.5306001E+00  9.0729292E-01  4.5284861E-01  0.0000000E+00  1.3840881E-03
  3.7871756E+00 -2.2349797E+00  1.1530162E+02 -1.5365952E+00  8.8176916E-01  4.1037097E-01  0.0000000E+00  1.1695429E-03
  3.8553436E+00 -2.2002521E+00  1.1534162E+02 -1.5418722E+00  8.5677636E-01  3.7330877E-01  0.0000000E+00  9.8642748E-04
  3.9247385E+00 -2.1660475E+00  1.1538022E+02 -1.5462709E+00  8.3212376E-01  3.4100911E-01  0.0000000E+00  8.3065883E-04
  3.9953824E+00 -2.1322275E+00  1.1541742E+02 -1.5496517E+00  8.0765036E-01  3.1287388E-01  0.0000000E+00  6.9854870E-04
  4.0672978E+00 -2.0986644E+00  1.1545322E+02 -1.5518866E+00  7.8322396E-01  2.8835830E-01  0.0000000E+00  5.8679942E-04
  4.1405075E+00 -2.0652333E+00  1.1548762E+02 -1.5528522E+00  7.5873999E-01  2.6696899E-01  0.0000000E+00  4.9249007E-04
  4.2150348E+00 -2.0318075E+00  1.1552062E+02 -1.5524248E+00  7.3412012E-01  2.4826157E-01  0.0000000E+00  4.1305526E-04
  4.2909035E+00 -1.9982557E+00  1.1555222E+02 -1.5504781E+00  7.0931075E-01  2.3183815E-01  0.0000000E+00  3.4625898E-04
  4.3681377E+00 -1.9644416E+00  1.1558244E+02 -1.5468837E+00  6.8428128E-01  2.1734455E-01  0.0000000E+00  2.9016563E-04
  4.4467620E+00 -1.9302268E+00  1.1561129E+02 -1.5415129E+00  6.5902233E-01  2.0446756E-01  0.0000000E+00  2.4310992E-04
  4.5268014E+00 -1.8954745E+00  1.1563877E+02 -1.5342420E+00  6.3354386E-01  1.9293220E-01  0.0000000E+00  2.0366685E-04
  4.6082813E+00 -1.8600567E+00  1.1566490E+02 -1.5249586E+00  6.0787314E-01  1.8249898E-01  0.0000000E+00  1.7062293E-04
  4.6912278E+00 -1.8238626E+00  1.1568971E+02 -1.5135705E+00  5.8205272E-01  1.7296129E-01  0.0000000E+00  1.4294911E-04
  4.7756671E+00 -1.7868084E+00  1.1571321E+02 -1.5000153E+00  5.5613830E-01  1.6414296E-01  0.0000000E+00  1.1977598E-04
  4.8616262E+00 -1.7488474E+00  1.1573542E+02 -1.4842708E+00  5.3019651E-01  1.5589588E-01  0.0000000E+00  1.0037121E-04
  4.9491324E+00 -1.7099793E+00  1.1575638E+02 -1.4663638E+00  5.0430270E-01  1.4809771E-01  0.0000000E+00  8.4119652E-05
  5.0382136E+00 -1.6702574E+00  1.1577612E+02 -1.4463776E+00  4.7853868E-01  1.4064973E-01  0.0000000E+00  7.0505600E-05
  5.1288980E+00 -1.6297921E+00  1.1579466E+02 -1.4244549E+00  4.5299046E-01  1.3347465E-01  0.0000000E+00  5.9097492E-05
  5.2212147E+00 -1.5887502E+00  1.1581205E+02 -1.4007973E+00  4.2774608E-01  1.2651447E-01  0.0000000E+00  4.9534600E-05
  5.3151928E+00 -1.5473493E+00  1.1582831E+02 -1.3756595E+00  4.0289341E-01  1.1972826E-01  0.0000000E+00  4.1515655E-05
  5.4108624E+00 -1.5058486E+00  1.1584349E+02 -1.3493393E+00  3.7851825E-01  1.1308992E-01  0.0000000E+00  3.4789149E-05
  5.5082539E+00 -1.4645353E+00  1.1585763E+02 -1.3221644E+00  3.5470246E-01  1.0658585E-01  0.0000000E+00  2.9145140E-05
  5.6073983E+00 -1.4237099E+00  1.1587077E+02 -1.2944772E+00  3.3152243E-01  1.0021269E-01  0.0000000E+00  2.4408336E-05
  5.7083270E+00 -1.3836711E+00  1.1588295E+02 -1.2666191E+00  3.0904769E-01  9.3975031E-02  0.0000000E+00  2.0432312E-05
  5.8110724E+00 -1.3447007E+00  1.1589421E+02 -1.2389156E+00  2.8733997E-01  8.7883281E-02  0.0000000E+00  1.7094672E-05
  5.9156669E+00 -1.3070519E+00  1.1590461E+02 -1.2116641E+00  2.6645238E-01  8.1951683E-02  0.0000000E+00  1.4293020E-05
  6.0221440E+00 -1.2709387E+00  1.1591418E+02 -1.1851230E+00  2.4642898E-01  7.6196548E-02  0.0000000E+00  1.1941618E-05
  6.1305375E+00 -1.2365298E+00  1.1592298E+02 -1.1595052E+00  2.2730462E-01  7.0634753E-02  0.0000000E+00  9.9686032E-06
  6.2408818E+00 -1.2039434E+00  1.1593103E+02 -1.1349731E+00  2.0910500E-01  6.5282516E-02  0.0000000E+00  8.3136873E-06
  6.3532122E+00 -1.1732459E+00  1.1593839E+02 -1.1116366E+00  1.9184690E-01  6.0154459E-02  0.0000000E+00  6.9262459E-06
  6.4675643E+00 -1.1444520E+00  1.1594510E+02 -1.0895533E+00  1.7553868E-01  5.5262934E-02  0.0000000E+00  5.7637330E-06
  6.5839745E+00 -1.1175267E+00  1.1595120E+02 -1.0687301E+00  1.6018087E-01  5.0617597E-02  0.0000000E+00  4.7903661E-06
  6.7024800E+00 -1.0923883E+00  1.1595674E+02 -1.0491260E+00  1.4576678E-01  4.6225200E-02  0.0000000E+00  3.9760313E-06
  6.8231183E+00 -1.0689126E+00  1.1596174E+02 -1.0306567E+00  1.3228332E-01  4.2089557E-02  0.0000000E+00  3.2953730E-06
  6.9459279E+00 -1.0469382E+00  1.1596626E+02 -1.0131989E+00  1.1971174E-01  3.8211648E-02  0.0000000E+00  2.7270339E-06
  7.0709478E+00 -1.0262722E+00  1.1597032E+02 -9.9659660E-01  1.0802839E-01  3.4589832E-02  0.0000000E+00  2.2530203E-06
  7.1982179E+00 -1.0066968E+00  1.1597397E+02 -9.8066719E-01  9.7205504E-02  3.1220127E-02  0.0000000E+00  1.8581708E-06
  7.3277786E+00 -9.8797600E-01  1.1597723E+02 -9.6520846E-01  8.7211918E-02  2.8096531E-02  0.0000000E+00  1.5297111E-06
  7.4596712E+00 -9.6986356E-01  1.1598014E+02 -9.5000618E-01  7.8013736E-02  2.5211363E-02  0.0000000E+00  1.2568794E-06
  7.5939376E+00 -9.5211066E-01  1.1598273E+02 -9.3484187E-01  6.9574962E-02  2.2555601E-02  0.0000000E+00  1.0306127E-06
  7.7306206E+00 -9.3447393E-01  1.1598503E+02 -9.1950079E-01  6.1858064E-02  2.0119198E-02  0.0000000E+00  8.4328106E-07
  7.8697636E+00 -9.1672329E-01  1.1598706E+02 -9.0377982E-01  5.4824475E-02  1.7891380E-02  0.0000000E+00  6.8846492E-07
  8.0114110E+00 -8.9864930E-01  1.1598885E+02 -8.8749473E-01  4.8435043E-02  1.5860899E-02  0.0000000E+00  5.6076634E-07
  8.1556077E+00 -8.8006954E-01  1.1599042E+02 -8.7048668E-01  4.2650422E-02  1.4016257E-02  0.0000000E+00  4.5565002E-07
  8.3023998E+00 -8.6083390E-01  1.1599179E+02 -8.5262746E-01  3.7431412E-02  1.2345885E-02  0.0000000E+00  3.6930886E-07
  8.4518338E+00 -8.4082822E-01  1.1599300E+02 -8.3382323E-01  3.2739260E-02  1.0838293E-02  0.0000000E+00  2.9855031E-07
  8.6039574E+00 -8.1997629E-01  1.1599404E+02 -8.1401648E-01  2.8535913E-02  9.4821785E-03  0.0000000E+00  2.4070030E-07
  8.7588189E+00 -7.9824001E-01  1.1599495E+02 -7.9318637E-01  2.4784245E-02  8.2665161E-03  0.0000000E+00  1.9352198E-07
  8.9164677E+00 -7.7561801E-01  1.1599573E+02 -7.7134727E-01  2.1448248E-02  7.1806180E-03  0.0000000E+00  1.5514699E-07
  9.0769539E+00 -7.5214258E-01  1.1599640E+02 -7.4854588E-01  1.8493194E-02  6.2141793E-03  0.0000000E+00  1.2401732E-07
  9.2403285E+00 -7.2787572E-01  1.1599698E+02 -7.2485724E-01  1.5885781E-02  5.3573094E-03  0.0000000E+00  9.8836063E-08
  9.4066436E+00 -7.0290411E-01  1.1599748E+02 -7.0037987E-01  1.3594246E-02  4.6005546E-03  0.0000000E+00  7.8525857E-08
  9.5759521E+00 -6.7733389E-01  1.1599790E+02 -6.7523055E-01  1.1588465E-02  3.9349147E-03  0.0000000E+00  6.2193620E-08
  9.7483078E+00 -6.5128523E-01  1.1599825E+02 -6.4953898E-01  9.8400220E-03  3.3518550E-03  0.0000000E+00  4.9100775E-08
  9.9237657E+00 -6.2488718E-01  1.1599856E+02 -6.2344275E-01  8.3222681E-03  2.8433164E-03  0.0000000E+00  3.8638061E-08
  1.0102381E+01 -5.9827295E-01  1.1599881E+02 -5.9708264E-01  7.0103505E-03  2.4017222E-03  0.0000000E+00  3.0304240E-08
  1.0284212E+01 -5.7157579E-01  1.1599902E+02 -5.7059861E-01  5.8812259E-03  2.0199834E-03  0.0000000E+00  2.3688119E-08
  1.0469315E+01 -5.4492554E-01  1.1599920E+02 -5.4412640E-01  4.9136528E-03  1.6915012E-03  0.0000000E+00  1.8453392E-08
  1.0657750E+01 -5.1844591E-01  1.1599935E+02 -5.1779492E-01  4.0881660E-03  1.4101666E-03  0.0000000E+00  1.4325862E-08
  1.0849576E+01 -4.9225238E-01  1.1599947E+02 -4.9172416E-01  3.3870336E-03  1.1703566E-03  0.0000000E+00  1.1082702E-08
  1.1044855E+01 -4.6645075E-01  1.1599957E+02 -4.6602386E-01  2.7941982E-03  9.6692635E-04  0.0000000E+00  8.5434492E-09
  1.1243648E+01 -4.4113624E-01  1.1599966E+02 -4.4079263E-01  2.2952064E-03  7.9519779E-04  0.0000000E+00  6.5624583E-09
  1.1446019E+01 -4.1639300E-01  1.1599972E+02 -4.1611756E-01  1.8771255E-03  6.5094450E-04  0.0000000E+00  5.0226072E-09
  1.1652033E+01 -3.9229403E-01  1.1599978E+02 -3.9207415E-01  1.5284534E-03  5.3037277E-04  0.0000000E+00  3.8300576E-09
  1.1861754E+01 -3.6890138E-01  1.1599983E+02 -3.6872659E-01  1.2390207E-03  4.3009969E-04  0.0000000E+00  2.9099080E-09
  1.2075251E+01 -3.4626655E-01  1.1599986E+02 -3.4612819E-01  9.9989050E-04  3.4712862E-04  0.0000000E+00  2.2026004E-09
  1.2292589E+01 -3.2443107E-01  1.1599989E+02 -3.2432202E-01  8.0325531E-04  2.7882272E-04  0.0000000E+00  1.6609610E-09
  1.2513840E+01 -3.0342714E-01  1.1599991E+02 -3.0334157E-01  6.4233483E-04  2.2287715E-04  0.0000000E+00  1.2477720E-09
  1.2739072E+01 -2.8327843E-01  1.1599993E+02 -2.8321157E-01  5.1127557E-04  1.7729062E-04  0.0000000E+00  9.3378719E-10
  1.2968358E+01 -2.6400074E-01  1.1599995E+02 -2.6394875E-01  4.0505390E-04  1.4033686E-04  0.0000000E+00  6.9611666E-10
  1.3201771E+01 -2.4560285E-01  1.1599996E+02 -2.4556259E-01  3.1938370E-04  1.1053661E-04  0.0000000E+00  5.1691842E-10
  1.3439386E+01 -2.2808719E-01  1.1599997E+02 -2.2805617E-01  2.5062950E-04  8.6630553E-05  0.0000000E+00  3.8234200E-10
  1.3681276E+01 -2.1145060E-01  1.1599998E+02 -2.1142680E-01  1.9572567E-04  6.7553548E-05  0.0000000E+00  2.8167988E-10
  1.3927521E+01 -1.9568499E-01  1.1599998E+02 -1.9566682E-01  1.5210220E-04  5.2410495E-05  0.0000000E+00  2.0668878E-10
  1.4178197E+01 -1.8077795E-01  1.1599999E+02 -1.8076415E-01  1.1761712E-04  4.0454002E-05  0.0000000E+00  1.5104912E-10
  1.4433385E+01 -1.6671339E-01  1.1599999E+02 -1.6670296E-01  9.0495565E-05  3.1063982E-05  0.0000000E+00  1.0993658E-10
  1.4693166E+01 -1.5347202E-01  1.1599999E+02 -1.5346417E-01  6.9275453E-05  2.3729223E-05  0.0000000E+00  7.9683967E-11
  1.4957622E+01 -1.4103188E-01  1.1599999E+02 -1.4102600E-01  5.2759359E-05  1.8030929E-05  0.0000000E+00  5.7515616E-11
  1.5226838E+01 -1.2936876E-01  1.1600000E+02 -1.2936438E-01  3.9972339E-05  1.3628160E-05  0.0000000E+00  4.1339716E-11
  1.5500900E+01 -1.1845665E-01  1.1600000E+02 -1.1845341E-01  3.0125239E-05  1.0245101E-05  0.0000000E+00  2.9586678E-11
  1.5779894E+01 -1.0826809E-01  1.1600000E+02 -1.0826570E-01  2.2583040E-05  7.6600109E-06  0.0000000E+00  2.1083921E-11
  1.6063910E+01 -9.8774489E-02  1.1600000E+02 -9.8772740E-02  1.6837762E-05  5.6957356E-06  0.0000000E+00  1.4959314E-11
  1.6353038E+01 -8.9946453E-02  1.1600000E+02 -8.9945178E-02  1.2485462E-05  4.2116237E-06  0.0000000E+00  1.0567081E-11
  1.6647369E+01 -8.1754032E-02  1.1600000E+02 -8.1753109E-02  9.2068365E-06  3.0967023E-06  0.0000000E+00  7.4311929E-12
  1.6946998E+01 -7.4166979E-02  1.1600000E+02 -7.4166314E-02  6.7509997E-06  2.2639626E-06  0.0000000E+00  5.2023359E-12
  1.7252019E+01 -6.7154955E-02  1.1600000E+02 -6.7154479E-02  4.9220153E-06  1.6456120E-06  0.0000000E+00  3.6253498E-12
  1.7562531E+01 -6.0687725E-02  1.1600000E+02 -6.0687387E-02  3.5677913E-06  1.1891632E-06  0.0000000E+00  2.5147072E-12
  1.7878631E+01 -5.4735330E-02  1.1600000E+02 -5.4735092E-02  2.5709935E-06  8.5423530E-07  0.0000000E+00  1.7361380E-12
  1.8200420E+01 -4.9268236E-02  1.1600000E+02 -4.9268069E-02  1.8416627E-06  6.0995898E-07  0.0000000E+00  1.1929235E-12
  1.8528001E+01 -4.4257461E-02  1.1600000E+02 -4.4257345E-02  1.3112585E-06  4.3288717E-07  0.0000000E+00  8.1572457E-13
  1.8861477E+01 -3.9674695E-02  1.1600000E+02 -3.9674615E-02  9.2788951E-07  3.0532511E-07  0.0000000E+00  5.5506901E-13
  1.9200956E+01 -3.5492397E-02  1.1600000E+02 -3.5492343E-02  6.5251970E-07  2.1400584E-07  0.0000000E+00  3.7583006E-13
  1.9546545E+01 -3.1683877E-02  1.1600000E+02 -3.1683841E-02  4.5597302E-07  1.4904744E-07  0.0000000E+00  2.5318875E-13
  1.9898354E+01 -2.8223365E-02  1.1600000E+02 -2.8223341E-02  3.1658525E-07  1.0313797E-07  0.0000000E+00  1.6969596E-13
  2.0256494E+01 -2.5086070E-02  1.1600000E+02 -2.5086055E-02  2.1837612E-07  7.0903240E-08  0.0000000E+00  1.1314548E-13
  2.0621081E+01 -2.2248227E-02  1.1600000E+02 -2.2248218E-02  1.4963687E-07  4.8419932E-08  0.0000000E+00  7.5041991E-14
  2.0992229E+01 -1.9687126E-02  1.1600000E+02 -1.9687121E-02  1.0184654E-07  3.2843469E-08  0.0000000E+00  4.9503297E-14
  2.1370058E+01 -1.7381140E-02  1.1600000E+02 -1.7381138E-02  6.8846583E-08  2.2125633E-08  0.0000000E+00  3.2477758E-14
  2.1754687E+01 -1.5309741E-02  1.1600000E+02 -1.5309740E-02  4.6216866E-08  1.4801929E-08  0.0000000E+00  2.1189362E-14
  2.2146238E+01 -1.3453502E-02  1.1600000E+02 -1.3453502E-02  3.0807270E-08  9.8326348E-09  0.0000000E+00  1.3746292E-14
  2.2544837E+01 -1.1794099E-02  1.1600000E+02 -1.1794101E-02  2.0388835E-08  6.4848905E-09  0.0000000E+00  8.8663150E-15
  2.2950609E+01 -1.0314303E-02  1.1600000E+02 -1.0314305E-02  1.3395815E-08  4.2458798E-09  0.0000000E+00  5.6851615E-15
  2.3363685E+01 -8.9979620E-03  1.1600000E+02 -8.9979644E-03  8.7364240E-09  2.7594042E-09  0.0000000E+00  3.6235536E-15
  2.3784196E+01 -7.8299825E-03  1.1600000E+02 -7.8299851E-03  5.6550400E-09  1.7798972E-09  0.0000000E+00  2.2954451E-15
  2.4212275E+01 -6.7963035E-03  1.1600000E+02 -6.7963063E-03  3.6326530E-09  1.1393444E-09  0.0000000E+00  1.4450593E-15
  2.4648059E+01 -5.8838666E-03  1.1600000E+02 -5.8838694E-03  2.3155094E-09  7.2367465E-10  0.0000000E+00  9.0393151E-16
  2.5091685E+01 -5.0805819E-03  1.1600000E+02 -5.0805847E-03  1.4643709E-09  4.5604402E-10  0.0000000E+00  5.6176660E-16
  2.5543297E+01 -4.3752915E-03  1.1600000E+02 -4.3752942E-03  9.1872263E-10  2.8509616E-10  0.0000000E+00  3.4680718E-16
  2.6003037E+01 -3.7577292E-03  1.1600000E+02 -3.7577319E-03  5.7173225E-10  1.7678449E-10  0.0000000E+00  2.1266578E-16
  2.6471051E+01 -3.2184784E-03  1.1600000E+02 -3.2184811E-03  3.5287504E-10  1.0871974E-10  0.0000000E+00  1.2949007E-16
  2.6947488E+01 -2.7489335E-03  1.1600000E+02 -2.7489362E-03  2.1598065E-10  6.6301926E-11  0.0000000E+00  7.8297833E-17
  2.7432501E+01 -2.3412507E-03  1.1600000E+02 -2.3412534E-03  1.3107472E-10  4.0090651E-11  0.0000000E+00  4.6999870E-17
  2.7926243E+01 -1.9883051E-03  1.1600000E+02 -1.9883077E-03  7.8863723E-11  2.4032684E-11  0.0000000E+00  2.8004731E-17
  2.8428872E+01 -1.6836454E-03  1.1600000E+02 -1.6836480E-03  4.7036309E-11  1.4280572E-11  0.0000000E+00  1.6560084E-17
  2.8940546E+01 -1.4214508E-03  1.1600000E+02 -1.4214534E-03  2.7805461E-11  8.4103552E-12  0.0000000E+00  9.7174193E-18
  2.9461431E+01 -1.1964859E-03  1.1600000E+02 -1.1964884E-03  1.6289606E-11  4.9085183E-12  0.0000000E+00  5.6571730E-18
  2.9991690E+01 -1.0040575E-03  1.1600000E+02 -1.0040600E-03  9.4562074E-12  2.8385375E-12  0.0000000E+00  3.2669178E-18
  3.0531493E+01 -8.3997337E-04  1.1600000E+02 -8.3997581E-04  5.4386513E-12  1.6262506E-12  0.0000000E+00  1.8710719E-18
  3.1081011E+01 -7.0050117E-04  1.1600000E+02 -7.0050357E-04  3.0986665E-12  9.2293061E-13  0.0000000E+00  1.0626214E-18
  3.1640420E+01 -5.8232983E-04  1.1600000E+02 -5.8233219E-04  1.7486748E-12  5.1877509E-13  0.0000000E+00  5.9830660E-19
  3.2209897E+01 -4.8253221E-04  1.1600000E+02 -4.8253453E-04  9.7731545E-13  2.8877335E-13  0.0000000E+00  3.3392339E-19
  3.2789624E+01 -3.9852985E-04  1.1600000E+02 -3.9853213E-04  5.4086949E-13  1.5916302E-13  0.0000000E+00  1.8470037E-19
  3.3379784E+01 -3.2805957E-04  1.1600000E+02 -3.2806181E-04  2.9636193E-13  8.6850667E-14  0.0000000E+00  1.0122932E-19
  3.3980567E+01 -2.6914221E-04  1.1600000E+02 -2.6914442E-04  1.6075497E-13  4.6912507E-14  0.0000000E+00  5.4964368E-20
  3.4592162E+01 -2.2005335E-04  1.1600000E+02 -2.2005551E-04  8.6309372E-14  2.5079966E-14  0.0000000E+00  2.9560509E-20
  3.5214766E+01 -1.7929610E-04  1.1600000E+02 -1.7929822E-04  4.5860845E-14  1.3268659E-14  0.0000000E+00  1.5744575E-20
  3.5848575E+01 -1.4557597E-04  1.1600000E+02 -1.4557806E-04  2.4113194E-14  6.9458546E-15  0.0000000E+00  8.3026610E-21
  3.6493791E+01 -1.1777796E-04  1.1600000E+02 -1.1778001E-04  1.2543960E-14  3.5971523E-15  0.0000000E+00  4.3345979E-21
  3.7150620E+01 -9.4945191E-05  1.1600000E+02 -9.4947197E-05  6.4553423E-15  1.8427451E-15  0.0000000E+00  2.2397723E-21
  3.7819271E+01 -7.6259748E-05  1.1600000E+02 -7.6261714E-05  3.2858325E-15  9.3364409E-16  0.0000000E+00  1.1452925E-21
  3.8499957E+01 -6.1025278E-05  1.1600000E+02 -6.1027203E-05  1.6540516E-15  4.6778229E-16  0.0000000E+00  5.7944636E-22
  3.9192893E+01 -4.8651279E-05  1.1600000E+02 -4.8653163E-05  8.2331270E-16  2.3173278E-16  0.0000000E+00  2.8999901E-22
  3.9898302E+01 -3.8639083E-05  1.1600000E+02 -3.8640926E-05  4.0516046E-16  1.1348702E-16  0.0000000E+00  1.4355757E-22
  4.0616406E+01 -3.0569250E-05  1.1600000E+02 -3.0571050E-05  1.9709177E-16  5.4935731E-17  0.0000000E+00  7.0274856E-23
  4.1347435E+01 -2.4090455E-05  1.1600000E+02 -2.4092213E-05  9.4758986E-17  2.6281265E-17  0.0000000E+00  3.4013513E-23
  4.2091621E+01 -1.8909658E-05  1.1600000E+02 -1.8911373E-05  4.5020718E-17  1.2423725E-17  0.0000000E+00  1.6274493E-23
  4.2849201E+01 -1.4783466E-05  1.1600000E+02 -1.4785138E-05  2.1133541E-17  5.8023214E-18  0.0000000E+00  7.6965388E-24
  4.3620417E+01 -1.1510585E-05  1.1600000E+02 -1.1512214E-05  9.7999890E-18  2.6768528E-18  0.0000000E+00  3.5970263E-24
  4.4405513E+01 -8.9252584E-06  1.1600000E+02 -8.9268423E-06  4.4884418E-18  1.2196816E-18  0.0000000E+00  1.6610415E-24
  4.5204739E+01 -6.8915833E-06  1.1600000E+02 -6.8931224E-06  2.0300320E-18  5.4877194E-19  0.0000000E+00  7.5776495E-25
  4.6018350E+01 -5.2986270E-06  1.1600000E+02 -5.3001207E-06  9.0649444E-19  2.4377127E-19  0.0000000E+00  3.4145544E-25
  4.6846604E+01 -4.0562403E-06  1.1600000E+02 -4.0576882E-06  3.9957361E-19  1.0689017E-19  0.0000000E+00  1.5195380E-25
  4.7689766E+01 -3.0914915E-06  1.1600000E+02 -3.0928930E-06  1.7382346E-19  4.6256493E-20  0.0000000E+00  6.6769462E-26
  4.8548102E+01 -2.3456487E-06  1.1600000E+02 -2.3470032E-06  7.4611831E-20  1.9751428E-20  0.0000000E+00  2.8965535E-26
  4.9421888E+01 -1.7716281E-06  1.1600000E+02 -1.7729351E-06  3.1593523E-20  8.3200309E-21  0.0000000E+00  1.2402946E-26
  5.0311400E+01 -1.3318596E-06  1.1600000E+02 -1.3331184E-06  1.3194066E-20  3.4566564E-21  0.0000000E+00  5.2412364E-27
  5.1216922E+01 -9.9650440E-07  1.1600000E+02 -9.9771440E-07  5.4330555E-21  1.4160980E-21  0.0000000E+00  2.1853896E-27
  5.2138741E+01 -7.4197571E-07  1.1600000E+02 -7.4313629E-07  2.2053817E-21  5.7191400E-22  0.0000000E+00  8.9887646E-28
  5.3077152E+01 -5.4971945E-07  1.1600000E+02 -5.5082993E-07  8.8223415E-22  2.2764439E-22  0.0000000E+00  3.6466315E-28
  5.4032452E+01 -4.0520916E-07  1.1600000E+02 -4.0626896E-07  3.4771637E-22  8.9281164E-23  0.0000000E+00  1.4587215E-28
  5.5004946E+01 -2.9712822E-07  1.1600000E+02 -2.9813669E-07  1.3498436E-22  3.4492084E-23  0.0000000E+00  5.7523609E-29
  5.5994943E+01 -2.1670421E-07  1.1600000E+02 -2.1766063E-07  5.1597626E-23  1.3122327E-23  0.0000000E+00  2.2356334E-29
  5.7002759E+01 -1.5717089E-07  1.1600000E+02 -1.5807470E-07  1.9414674E-23  4.9147777E-24  0.0000000E+00  8.5608319E-30
  5.8028713E+01 -1.1333660E-07  1.1600000E+02 -1.1418699E-07  7.1886255E-24  1.8116028E-24  0.0000000E+00  3.2289778E-30
  5.9073133E+01 -8.1237928E-08  1.1600000E+02 -8.2034188E-08  2.6183852E-24  6.5697310E-25  0.0000000E+00  1.1992616E-30
  6.0136350E+01 -5.7865336E-08  1.1600000E+02 -5.8606754E-08  9.3787475E-25  2.3432107E-25  0.0000000E+00  4.3844599E-31
  6.1218704E+01 -4.0945892E-08  1.1600000E+02 -4.1631709E-08  3.3023833E-25  8.2167981E-26  0.0000000E+00  1.5773467E-31
  6.2320538E+01 -2.8772206E-08  1.1600000E+02 -2.9401689E-08  1.1426798E-25  2.8318219E-26  0.0000000E+00  5.5819067E-32
  6.3442202E+01 -2.0068953E-08  1.1600000E+02 -2.0641351E-08  3.8839626E-26  9.5882708E-27  0.0000000E+00  1.9423117E-32
  6.4584055E+01 -1.3888851E-08  1.1600000E+02 -1.4403457E-08  1.2963246E-26  3.1883153E-27  0.0000000E+00  6.6430326E-33
  6.5746460E+01 -9.5325987E-09  1.1600000E+02 -9.9885231E-09  4.2468841E-27  1.0407769E-27  0.0000000E+00  2.2321858E-33
  6.6929785E+01 -6.4866867E-09  1.1600000E+02 -6.8831124E-09  1.3651300E-27  3.3338983E-28  0.0000000E+00  7.3663780E-34
  6.8134408E+01 -4.3765027E-09  1.1600000E+02 -4.7125803E-09  4.3037674E-28  1.0475367E-28  0.0000000E+00  2.3862116E-34
  6.9360713E+01 -2.9303919E-09  1.1600000E+02 -3.2052694E-09  1.3302062E-28  3.2272045E-29  0.0000000E+00  7.5845859E-35
  7.0609088E+01 -1.9525572E-09  1.1600000E+02 -2.1654205E-09  4.0290721E-29  9.7435716E-30  0.0000000E+00  2.3637956E-35
  7.1879932E+01 -1.3028796E-09  1.1600000E+02 -1.4529343E-09  1.1955539E-29  2.8819571E-30  0.0000000E+00  7.2261858E-36
  7.3173650E+01 -8.8182617E-10  1.1600000E+02 -9.6808143E-10  3.4739231E-30  8.3421196E-31  0.0000000E+00  2.1582349E-36
  7.4490651E+01 -6.1919536E-10  1.1600000E+02 -6.4076311E-10  9.8953309E-31  2.3617544E-31  0.0000000E+00  6.3417910E-37
  7.5831357E+01 -4.6530602E-10  1.1600000E+02 -4.2126566E-10  2.7622223E-31  6.5624795E-32  0.0000000E+00  1.8158687E-37
  7.7196192E+01 -3.8552628E-10  1.1600000E+02 -2.7489976E-10  7.5398686E-32  1.7879027E-32  0.0000000E+00  5.0698460E-38
  7.8585593E+01 -3.5616665E-10  1.1600000E+02 -1.7802675E-10  2.0116308E-32  4.9513571E-33  0.0000000E+00 -8.4278166E-38
  8.0000000E+01 -3.6105519E-10  1.1600000E+02 -1.1439873E-10  5.2433932E-33  1.0094350E-33  0.0000000E+00 -6.0047424E-37
