  0.0000000E+00  0.0000000E+00  0.0000000E+00
  5.5354426E-06  2.5378197E-04  2.0564985E-12
  1.1170513E-05  9.0510463E-04  8.3747133E-12
  1.6907005E-05  1.9167253E-03  1.9184791E-11
  2.2746744E-05  3.2790400E-03  3.4726593E-11
  2.8691588E-05  4.9902180E-03  5.5250073E-11
  3.4743428E-05  7.0536685E-03  8.1015669E-11
  4.0904191E-05  9.4746598E-03  1.1229471E-10
  4.7175837E-05  1.2260305E-02  1.4936984E-10
  5.3560361E-05  1.5419179E-02  1.9253544E-10
  6.0059795E-05  1.8960945E-02  2.4209810E-10
  6.6676208E-05  2.2896238E-02  2.9837709E-10
  7.3411704E-05  2.7236546E-02  3.6170482E-10
  8.0268427E-05  3.1994129E-02  4.3242739E-10
  8.7248560E-05  3.7181974E-02  5.1090508E-10
  9.4354322E-05  4.2813761E-02  5.9751289E-10
  1.0158798E-04  4.8903841E-02  6.9264116E-10
  1.0895182E-04  5.5467220E-02  7.9669607E-10
  1.1644820E-04  6.2519552E-02  9.1010034E-10
  1.2407951E-04  7.0077136E-02  1.0332938E-09
  1.3184816E-04  7.8156916E-02  1.1667340E-09
  1.3975664E-04  8.6776484E-02  1.3108970E-09
  1.4780745E-04  9.5954085E-02  1.4662781E-09
  1.5600317E-04  1.0570863E-01  1.6333924E-09
  1.6434639E-04  1.1605968E-01  1.8127755E-09
  1.7283978E-04  1.2702752E-01  2.0049848E-09
  1.8148603E-04  1.3863308E-01  2.2105996E-09
  1.9028790E-04  1.5089802E-01  2.4302225E-09
  1.9924819E-04  1.6384473E-01  2.6644799E-09
  2.0836975E-04  1.7749631E-01  2.9140232E-09
  2.1765548E-04  1.9187663E-01  3.1795296E-09
  2.2710833E-04  2.0701032E-01  3.4617031E-09
  2.3673132E-04  2.2292278E-01  3.7612754E-09
  2.4652751E-04  2.3964024E-01  4.0790071E-09
  2.5650001E-04  2.5718972E-01  4.4156888E-09
  2.6665200E-04  2.7559910E-01  4.7721421E-09
  2.7698671E-04  2.9489710E-01  5.1492210E-09
  2.8750742E-04  3.1511333E-01  5.5478127E-09
  2.9821749E-04  3.3627830E-01  5.9688394E-09
  3.0912032E-04  3.5842342E-01  6.4132590E-09
  3.2021938E-04  3.8158105E-01  6.8820670E-09
  3.3151820E-04  4.0578452E-01  7.3762976E-09
  3.4302039E-04  4.3106813E-01  7.8970254E-09
  3.5472959E-04  4.5746720E-01  8.4453665E-09
  3.6664954E-04  4.8501806E-01  9.0224805E-09
  3.7878402E-04  5.1375810E-01  9.6295717E-09
  3.9113691E-04  5.4372579E-01  1.0267891E-08
  4.0371212E-04  5.7496070E-01  1.0938739E-08
  4.1651367E-04  6.0750352E-01  1.1643463E-08
  4.2954562E-04  6.4139609E-01  1.2383467E-08
  4.4281212E-04  6.7668142E-01  1.3160205E-08
  4.5631740E-04  7.1340373E-01  1.3975190E-08
  4.7006575E-04  7.5160845E-01  1.4829990E-08
  4.8406154E-04  7.9134228E-01  1.5726237E-08
  4.9830924E-04  8.3265317E-01  1.6665622E-08
  5.1281336E-04  8.7559039E-01  1.7649903E-08
  5.2757854E-04  9.2020455E-01  1.8680904E-08
  5.4260946E-04  9.6654758E-01  1.9760520E-08
  5.5791092E-04  1.0146728E+00  2.0890718E-08
  5.7348777E-04  1.0646350E+00  2.2073538E-08
  5.8934497E-04  1.1164904E+00  2.3311102E-08
  6.0548758E-04  1.1702965E+00  2.4605609E-08
  6.2192073E-04  1.2261126E+00  2.5959343E-08
  6.3864965E-04  1.2839992E+00  2.7374676E-08
  6.5567965E-04  1.3440185E+00  2.8854067E-08
  6.7301617E-04  1.4062343E+00  3.0400073E-08
  6.9066471E-04  1.4707120E+00  3.2015343E-08
  7.0863090E-04  1.5375185E+00  3.3702629E-08
  7.2692044E-04  1.6067225E+00  3.5464789E-08
  7.4553917E-04  1.6783941E+00  3.7304785E-08
  7.6449299E-04  1.7526055E+00  3.9225693E-08
  7.8378796E-04  1.8294304E+00  4.1230706E-08
  8.0343020E-04  1.9089441E+00  4.3323137E-08
  8.2342596E-04  1.9912239E+00  4.5506423E-08
  8.4378161E-04  2.0763488E+00  4.7784132E-08
  8.6450363E-04  2.1643996E+00  5.0159965E-08
  8.8559861E-04  2.2554590E+00  5.2637764E-08
  9.0707326E-04  2.3496115E+00  5.5221513E-08
  9.2893442E-04  2.4469434E+00  5.7915348E-08
  9.5118903E-04  2.5475431E+00  6.0723561E-08
  9.7384420E-04  2.6515006E+00  6.3650602E-08
  9.9690711E-04  2.7589081E+00  6.6701091E-08
  1.0203851E-03  2.8698595E+00  6.9879819E-08
  1.0442857E-03  2.9844509E+00  7.3191759E-08
  1.0686164E-03  3.1027801E+00  7.6642068E-08
  1.0933851E-03  3.2249471E+00  8.0236098E-08
  1.1185995E-03  3.3510536E+00  8.3979399E-08
  1.1442678E-03  3.4812035E+00  8.7877730E-08
  1.1703980E-03  3.6155025E+00  9.1937066E-08
  1.1969985E-03  3.7540585E+00  9.6163603E-08
  1.2240778E-03  3.8969810E+00  1.0056377E-07
  1.2516445E-03  4.0443819E+00  1.0514424E-07
  1.2797073E-03  4.1963748E+00  1.0991192E-07
  1.3082753E-03  4.3530752E+00  1.1487399E-07
  1.3373573E-03  4.5146006E+00  1.2003789E-07
  1.3669628E-03  4.6810705E+00  1.2541135E-07
  1.3971012E-03  4.8526062E+00  1.3100237E-07
  1.4277820E-03  5.0293308E+00  1.3681925E-07
  1.4590150E-03  5.2113692E+00  1.4287061E-07
  1.4908101E-03  5.3988483E+00  1.4916538E-07
  1.5231775E-03  5.5918965E+00  1.5571283E-07
  1.5561274E-03  5.7906441E+00  1.6252257E-07
  1.5896704E-03  5.9952229E+00  1.6960456E-07
  1.6238171E-03  6.2057664E+00  1.7696914E-07
  1.6585784E-03  6.4224096E+00  1.8462704E-07
  1.6939653E-03  6.6452891E+00  1.9258937E-07
  1.7299891E-03  6.8745426E+00  2.0086766E-07
  1.7666613E-03  7.1103093E+00  2.0947387E-07
  1.8039935E-03  7.3527298E+00  2.1842040E-07
  1.8419977E-03  7.6019455E+00  2.2772010E-07
  1.8806858E-03  7.8580991E+00  2.3738632E-07
  1.9200703E-03  8.1213341E+00  2.4743289E-07
  1.9601636E-03  8.3917949E+00  2.5787414E-07
  2.0009785E-03  8.6696264E+00  2.6872494E-07
  2.0425280E-03  8.9549744E+00  2.8000072E-07
  2.0848253E-03  9.2479849E+00  2.9171747E-07
  2.1278840E-03  9.5488041E+00  3.0389177E-07
  2.1717175E-03  9.8575784E+00  3.1654081E-07
  2.2163401E-03  1.0174454E+01  3.2968242E-07
  2.2617657E-03  1.0499577E+01  3.4333510E-07
  2.3080089E-03  1.0833094E+01  3.5751800E-07
  2.3550844E-03  1.1175149E+01  3.7225101E-07
  2.4030072E-03  1.1525886E+01  3.8755473E-07
  2.4517926E-03  1.1885449E+01  4.0345053E-07
  2.5014559E-03  1.2253979E+01  4.1996058E-07
  2.5520132E-03  1.2631616E+01  4.3710784E-07
  2.6034803E-03  1.3018500E+01  4.5491613E-07
  2.6558738E-03  1.3414766E+01  4.7341016E-07
  2.7092103E-03  1.3820548E+01  4.9261552E-07
  2.7635067E-03  1.4235977E+01  5.1255877E-07
  2.8187804E-03  1.4661183E+01  5.3326743E-07
  2.8750489E-03  1.5096289E+01  5.5477004E-07
  2.9323301E-03  1.5541417E+01  5.7709619E-07
  2.9906423E-03  1.5996685E+01  6.0027656E-07
  3.0500040E-03  1.6462206E+01  6.2434295E-07
  3.1104341E-03  1.6938087E+01  6.4932834E-07
  3.1719519E-03  1.7424431E+01  6.7526691E-07
  3.2345769E-03  1.7921337E+01  7.0219410E-07
  3.2983290E-03  1.8428896E+01  7.3014666E-07
  3.3632285E-03  1.8947192E+01  7.5916269E-07
  3.4292961E-03  1.9476304E+01  7.8928167E-07
  3.4965528E-03  2.0016302E+01  8.2054454E-07
  3.5650200E-03  2.0567250E+01  8.5299376E-07
  3.6347195E-03  2.1129202E+01  8.8667333E-07
  3.7056734E-03  2.1702204E+01  9.2162886E-07
  3.7779045E-03  2.2286292E+01  9.5790764E-07
  3.8514355E-03  2.2881493E+01  9.9555871E-07
  3.9262900E-03  2.3487822E+01  1.0346329E-06
  4.0024917E-03  2.4105285E+01  1.0751829E-06
  4.0800649E-03  2.4733874E+01  1.1172632E-06
  4.1590343E-03  2.5373570E+01  1.1609306E-06
  4.2394250E-03  2.6024343E+01  1.2062438E-06
  4.3212626E-03  2.6686146E+01  1.2532635E-06
  4.4045731E-03  2.7358921E+01  1.3020529E-06
  4.4893830E-03  2.8042594E+01  1.3526773E-06
  4.5757194E-03  2.8737074E+01  1.4052045E-06
  4.6636097E-03  2.9442258E+01  1.4597049E-06
  4.7530819E-03  3.0158024E+01  1.5162511E-06
  4.8441644E-03  3.0884232E+01  1.5749188E-06
  4.9368862E-03  3.1620725E+01  1.6357862E-06
  5.0312769E-03  3.2367330E+01  1.6989344E-06
  5.1273664E-03  3.3123851E+01  1.7644475E-06
  5.2251854E-03  3.3890073E+01  1.8324127E-06
  5.3247649E-03  3.4665764E+01  1.9029204E-06
  5.4261367E-03  3.5450666E+01  1.9760642E-06
  5.5293330E-03  3.6244503E+01  2.0519412E-06
  5.6343867E-03  3.7046976E+01  2.1306522E-06
  5.7413311E-03  3.7857762E+01  2.2123013E-06
  5.8502003E-03  3.8676516E+01  2.2969968E-06
  5.9610290E-03  3.9502869E+01  2.3848508E-06
  6.0738524E-03  4.0336428E+01  2.4759794E-06
  6.1887065E-03  4.1176773E+01  2.5705031E-06
  6.3056277E-03  4.2023462E+01  2.6685466E-06
  6.4246533E-03  4.2876025E+01  2.7702396E-06
  6.5458211E-03  4.3733968E+01  2.8757159E-06
  6.6691697E-03  4.4596768E+01  2.9851148E-06
  6.7947384E-03  4.5463879E+01  3.0985802E-06
  6.9225671E-03  4.6334725E+01  3.2162616E-06
  7.0526965E-03  4.7208705E+01  3.3383138E-06
  7.1851680E-03  4.8085191E+01  3.4648972E-06
  7.3200238E-03  4.8963528E+01  3.5961783E-06
  7.4573067E-03  4.9843034E+01  3.7323293E-06
  7.5970605E-03  5.0723000E+01  3.8735291E-06
  7.7393296E-03  5.1602691E+01  4.0199627E-06
  7.8841592E-03  5.2481347E+01  4.1718223E-06
  8.0315956E-03  5.3358180E+01  4.3293069E-06
  8.1816856E-03  5.4232379E+01  4.4926226E-06
  8.3344769E-03  5.5103108E+01  4.6619832E-06
  8.4900181E-03  5.5969506E+01  4.8376104E-06
  8.6483589E-03  5.6830691E+01  5.0197337E-06
  8.8095495E-03  5.7685758E+01  5.2085913E-06
  8.9736412E-03  5.8533782E+01  5.4044298E-06
  9.1406863E-03  5.9373818E+01  5.6075049E-06
  9.3107379E-03  6.0204904E+01  5.8180818E-06
  9.4838502E-03  6.1026059E+01  6.0364351E-06
  9.6600782E-03  6.1836291E+01  6.2628495E-06
  9.8394779E-03  6.2634591E+01  6.4976201E-06
  1.0022107E-02  6.3419942E+01  6.7410528E-06
  1.0208022E-02  6.4191316E+01  6.9934647E-06
  1.0397284E-02  6.4947681E+01  7.2551842E-06
  1.0589952E-02  6.5687998E+01  7.5265519E-06
  1.0786088E-02  6.6411229E+01  7.8079208E-06
  1.0985754E-02  6.7116336E+01  8.0996567E-06
  1.1189013E-02  6.7802286E+01  8.4021387E-06
  1.1395931E-02  6.8468053E+01  8.7157598E-06
  1.1606573E-02  6.9112623E+01  9.0409272E-06
  1.1821007E-02  6.9734994E+01  9.3780631E-06
  1.2039299E-02  7.0334185E+01  9.7276049E-06
  1.2261521E-02  7.0909234E+01  1.0090006E-05
  1.2487742E-02  7.1459206E+01  1.0465737E-05
  1.2718035E-02  7.1983196E+01  1.0855283E-05
  1.2952472E-02  7.2480332E+01  1.1259151E-05
  1.3191129E-02  7.2949781E+01  1.1677864E-05
  1.3434082E-02  7.3390751E+01  1.2111963E-05
  1.3681407E-02  7.3802501E+01  1.2562010E-05
  1.3933183E-02  7.4184338E+01  1.3028588E-05
  1.4189491E-02  7.4535629E+01  1.3512301E-05
  1.4450413E-02  7.4855799E+01  1.4013774E-05
  1.4716030E-02  7.5144343E+01  1.4533655E-05
  1.4986428E-02  7.5400826E+01  1.5072617E-05
  1.5261692E-02  7.5624887E+01  1.5631356E-05
  1.5541911E-02  7.5816248E+01  1.6210593E-05
  1.5827174E-02  7.5974717E+01  1.6811077E-05
  1.6117570E-02  7.6100191E+01  1.7433583E-05
  1.6413193E-02  7.6192664E+01  1.8078914E-05
  1.6714137E-02  7.6252228E+01  1.8747904E-05
  1.7020498E-02  7.6279078E+01  1.9441414E-05
  1.7332372E-02  7.6273520E+01  2.0160340E-05
  1.7649859E-02  7.6235970E+01  2.0905608E-05
  1.7973061E-02  7.6166960E+01  2.1678179E-05
  1.8302080E-02  7.6067141E+01  2.2479049E-05
  1.8637020E-02  7.5937285E+01  2.3309249E-05
  1.8977989E-02  7.5778292E+01  2.4169848E-05
  1.9325095E-02  7.5591184E+01  2.5061955E-05
  1.9678448E-02  7.5377115E+01  2.5986718E-05
  2.0038160E-02  7.5137368E+01  2.6945328E-05
  2.0404347E-02  7.4873356E+01  2.7939017E-05
  2.0777125E-02  7.4586623E+01  2.8969064E-05
  2.1156612E-02  7.4278843E+01  3.0036795E-05
  2.1542929E-02  7.3951821E+01  3.1143581E-05
  2.1936199E-02  7.3607486E+01  3.2290846E-05
  2.2336547E-02  7.3247894E+01  3.3480064E-05
  2.2744101E-02  7.2875222E+01  3.4712764E-05
  2.3158990E-02  7.2491764E+01  3.5990528E-05
  2.3581346E-02  7.2099925E+01  3.7314999E-05
  2.4011304E-02  7.1702219E+01  3.8687876E-05
  2.4449000E-02  7.1301258E+01  4.0110924E-05
  2.4894575E-02  7.0899748E+01  4.1585967E-05
  2.5348168E-02  7.0500476E+01  4.3114899E-05
  2.5809926E-02  7.0106305E+01  4.4699682E-05
  2.6279994E-02  6.9720163E+01  4.6342349E-05
  2.6758523E-02  6.9345029E+01  4.8045007E-05
  2.7245665E-02  6.8983923E+01  4.9809838E-05
  2.7741574E-02  6.8639893E+01  5.1639105E-05
  2.8246409E-02  6.8316001E+01  5.3535154E-05
  2.8760329E-02  6.8015308E+01  5.5500412E-05
  2.9283500E-02  6.7740856E+01  5.7537400E-05
  2.9816086E-02  6.7495657E+01  5.9648725E-05
  3.0358259E-02  6.7282672E+01  6.1837092E-05
  3.0910189E-02  6.7104793E+01  6.4105303E-05
  3.1472053E-02  6.6964827E+01  6.6456262E-05
  3.2044030E-02  6.6865478E+01  6.8892977E-05
  3.2626301E-02  6.6809324E+01  7.1418567E-05
  3.3219052E-02  6.6798801E+01  7.4036263E-05
  3.3822472E-02  6.6836181E+01  7.6749414E-05
  3.4436752E-02  6.6923554E+01  7.9561490E-05
  3.5062088E-02  6.7062810E+01  8.2476085E-05
  3.5698679E-02  6.7255614E+01  8.5496927E-05
  3.6346728E-02  6.7503394E+01  8.8627876E-05
  3.7006440E-02  6.7807317E+01  9.1872933E-05
  3.7678026E-02  6.8168274E+01  9.5236244E-05
  3.8361699E-02  6.8586861E+01  9.8722105E-05
  3.9057677E-02  6.9063365E+01  1.0233497E-04
  3.9766182E-02  6.9597747E+01  1.0607945E-04
  4.0487438E-02  7.0189630E+01  1.0996032E-04
  4.1221676E-02  7.0838288E+01  1.1398254E-04
  4.1969128E-02  7.1542631E+01  1.1815124E-04
  4.2730034E-02  7.2301203E+01  1.2247174E-04
  4.3504634E-02  7.3112170E+01  1.2694954E-04
  4.4293176E-02  7.3973319E+01  1.3159037E-04
  4.5095910E-02  7.4882057E+01  1.3640013E-04
  4.5913092E-02  7.5835407E+01  1.4138495E-04
  4.6744982E-02  7.6830019E+01  1.4655119E-04
  4.7591844E-02  7.7862169E+01  1.5190543E-04
  4.8453949E-02  7.8927772E+01  1.5745449E-04
  4.9331570E-02  8.0022396E+01  1.6320543E-04
  5.0224986E-02  8.1141273E+01  1.6916558E-04
  5.1134482E-02  8.2279320E+01  1.7534252E-04
  5.2060348E-02  8.3431163E+01  1.8174411E-04
  5.3002878E-02  8.4591157E+01  1.8837849E-04
  5.3962371E-02  8.5753417E+01  1.9525410E-04
  5.4939134E-02  8.6911853E+01  2.0237968E-04
  5.5933476E-02  8.8060195E+01  2.0976429E-04
  5.6945715E-02  8.9192042E+01  2.1741731E-04
  5.7976173E-02  9.0300892E+01  2.2534846E-04
  5.9025177E-02  9.1380191E+01  2.3356782E-04
  6.0093061E-02  9.2423375E+01  2.4208582E-04
  6.1180165E-02  9.3423922E+01  2.5091326E-04
  6.2286835E-02  9.4375396E+01  2.6006135E-04
  6.3413424E-02  9.5271498E+01  2.6954170E-04
  6.4560288E-02  9.6106125E+01  2.7936631E-04
  6.5727795E-02  9.6873414E+01  2.8954764E-04
  6.6916314E-02  9.7567801E+01  3.0009860E-04
  6.8126225E-02  9.8184073E+01  3.1103254E-04
  6.9357912E-02  9.8717420E+01  3.2236330E-04
  7.0611767E-02  9.9163487E+01  3.3410523E-04
  7.1888189E-02  9.9518425E+01  3.4627318E-04
  7.3187585E-02  9.9778939E+01  3.5888254E-04
  7.4510367E-02  9.9942331E+01  3.7194924E-04
  7.5856958E-02  1.0000655E+02  3.8548980E-04
  7.7227784E-02  9.9970209E+01  3.9952131E-04
  7.8623283E-02  9.9832656E+01  4.1406148E-04
  8.0043898E-02  9.9593969E+01  4.2912867E-04
  8.1490082E-02  9.9254994E+01  4.4474187E-04
  8.2962295E-02  9.8817364E+01  4.6092076E-04
  8.4461005E-02  9.8283507E+01  4.7768573E-04
  8.5986689E-02  9.7656648E+01  4.9505788E-04
  8.7539833E-02  9.6940814E+01  5.1305908E-04
  8.9120930E-02  9.6140816E+01  5.3171196E-04
  9.0730485E-02  9.5262234E+01  5.5103998E-04
  9.2369008E-02  9.4311388E+01  5.7106741E-04
  9.4037022E-02  9.3295308E+01  5.9181940E-04
  9.5735058E-02  9.2221685E+01  6.1332198E-04
  9.7463655E-02  9.1098823E+01  6.3560212E-04
  9.9223364E-02  8.9935577E+01  6.5868773E-04
  1.0101474E-01  8.8741286E+01  6.8260771E-04
  1.0283837E-01  8.7525702E+01  7.0739199E-04
  1.0469481E-01  8.6298898E+01  7.3307156E-04
  1.0658467E-01  8.5071190E+01  7.5967849E-04
  1.0850854E-01  8.3853032E+01  7.8724599E-04
  1.1046703E-01  8.2654923E+01  8.1580845E-04
  1.1246078E-01  8.1487300E+01  8.4540145E-04
  1.1449041E-01  8.0360426E+01  8.7606182E-04
  1.1655657E-01  7.9284289E+01  9.0782772E-04
  1.1865992E-01  7.8268481E+01  9.4073860E-04
  1.2080112E-01  7.7322094E+01  9.7483531E-04
  1.2298087E-01  7.6453605E+01  1.0101601E-03
  1.2519984E-01  7.5670770E+01  1.0467568E-03
  1.2745875E-01  7.4980523E+01  1.0846707E-03
  1.2975832E-01  7.4388876E+01  1.1239485E-03
  1.3209927E-01  7.3900825E+01  1.1646388E-03
  1.3448236E-01  7.3520274E+01  1.2067918E-03
  1.3690834E-01  7.3249952E+01  1.2504593E-03
  1.3937798E-01  7.3091357E+01  1.2956951E-03
  1.4189208E-01  7.3044703E+01  1.3425547E-03
  1.4445142E-01  7.3108878E+01  1.3910954E-03
  1.4705682E-01  7.3281428E+01  1.4413769E-03
  1.4970912E-01  7.3558542E+01  1.4934605E-03
  1.5240916E-01  7.3935060E+01  1.5474097E-03
  1.5515779E-01  7.4404501E+01  1.6032904E-03
  1.5795589E-01  7.4959101E+01  1.6611705E-03
  1.6080435E-01  7.5589868E+01  1.7211202E-03
  1.6370408E-01  7.6286662E+01  1.7832123E-03
  1.6665600E-01  7.7038283E+01  1.8475218E-03
  1.6966105E-01  7.7832577E+01  1.9141263E-03
  1.7272018E-01  7.8656556E+01  1.9831061E-03
  1.7583437E-01  7.9496534E+01  2.0545440E-03
  1.7900462E-01  8.0338273E+01  2.1285259E-03
  1.8223192E-01  8.1167135E+01  2.2051401E-03
  1.8551731E-01  8.1968254E+01  2.2844781E-03
  1.8886183E-01  8.2726705E+01  2.3666345E-03
  1.9226654E-01  8.3427679E+01  2.4517066E-03
  1.9573253E-01  8.4056669E+01  2.5397954E-03
  1.9926091E-01  8.4599645E+01  2.6310047E-03
  2.0285279E-01  8.5043237E+01  2.7254421E-03
  2.0650931E-01  8.5374907E+01  2.8232184E-03
  2.1023165E-01  8.5583118E+01  2.9244479E-03
  2.1402098E-01  8.5657491E+01  3.0292487E-03
  2.1787852E-01  8.5588954E+01  3.1377427E-03
  2.2180548E-01  8.5369870E+01  3.2500554E-03
  2.2580312E-01  8.4994160E+01  3.3663166E-03
  2.2987272E-01  8.4457393E+01  3.4866596E-03
  2.3401555E-01  8.3756873E+01  3.6112225E-03
  2.3823295E-01  8.2891690E+01  3.7401470E-03
  2.4252626E-01  8.1862758E+01  3.8735795E-03
  2.4689684E-01  8.0672827E+01  4.0116708E-03
  2.5134608E-01  7.9326469E+01  4.1545761E-03
  2.5587540E-01  7.7830042E+01  4.3024553E-03
  2.6048624E-01  7.6191634E+01  4.4554729E-03
  2.6518007E-01  7.4420973E+01  4.6137984E-03
  2.6995838E-01  7.2529326E+01  4.7776060E-03
  2.7482268E-01  7.0529367E+01  4.9470749E-03
  2.7977454E-01  6.8435035E+01  5.1223895E-03
  2.8481552E-01  6.6261363E+01  5.3037391E-03
  2.8994724E-01  6.4024296E+01  5.4913185E-03
  2.9517131E-01  6.1740500E+01  5.6853276E-03
  3.0048940E-01  5.9427149E+01  5.8859716E-03
  3.0590322E-01  5.7101717E+01  6.0934611E-03
  3.1141447E-01  5.4781752E+01  6.3080124E-03
  3.1702491E-01  5.2484658E+01  6.5298470E-03
  3.2273634E-01  5.0227474E+01  6.7591919E-03
  3.2855056E-01  4.8026661E+01  6.9962799E-03
  3.3446942E-01  4.5897892E+01  7.2413490E-03
  3.4049481E-01  4.3855858E+01  7.4946430E-03
  3.4662865E-01  4.1914088E+01  7.7564112E-03
  3.5287289E-01  4.0084787E+01  8.0269080E-03
  3.5922951E-01  3.8378687E+01  8.3063937E-03
  3.6570054E-01  3.6804930E+01  8.5951337E-03
  3.7228804E-01  3.5370965E+01  8.8933985E-03
  3.7899410E-01  3.4082474E+01  9.2014640E-03
  3.8582086E-01  3.2943319E+01  9.5196109E-03
  3.9277049E-01  3.1955518E+01  9.8481246E-03
  3.9984520E-01  3.1119234E+01  1.0187295E-02
  4.0704724E-01  3.0432800E+01  1.0537417E-02
  4.1437891E-01  2.9892758E+01  1.0898789E-02
  4.2184253E-01  2.9493923E+01  1.1271713E-02
  4.2944048E-01  2.9229478E+01  1.1656494E-02
  4.3717519E-01  2.9091086E+01  1.2053442E-02
  4.4504910E-01  2.9069034E+01  1.2462866E-02
  4.5306473E-01  2.9152411E+01  1.2885081E-02
  4.6122463E-01  2.9329292E+01  1.3320401E-02
  4.6953140E-01  2.9586949E+01  1.3769140E-02
  4.7798767E-01  2.9912054E+01  1.4231615E-02
  4.8659613E-01  3.0290887E+01  1.4708139E-02
  4.9535954E-01  3.0709534E+01  1.5199026E-02
  5.0428067E-01  3.1154074E+01  1.5704586E-02
  5.1336236E-01  3.1610763E+01  1.6225127E-02
  5.2260751E-01  3.2066212E+01  1.6760950E-02
  5.3201906E-01  3.2507551E+01  1.7312352E-02
  5.4160000E-01  3.2922586E+01  1.7879622E-02
  5.5135337E-01  3.3299942E+01  1.8463040E-02
  5.6128229E-01  3.3629187E+01  1.9062877E-02
  5.7138992E-01  3.3900944E+01  1.9679389E-02
  5.8167946E-01  3.4106980E+01  2.0312822E-02
  5.9215420E-01  3.4240276E+01  2.0963402E-02
  6.0281746E-01  3.4295077E+01  2.1631339E-02
  6.1367264E-01  3.4266912E+01  2.2316822E-02
  6.2472320E-01  3.4152608E+01  2.3020017E-02
  6.3597265E-01  3.3950270E+01  2.3741064E-02
  6.4742456E-01  3.3659246E+01  2.4480074E-02
  6.5908260E-01  3.3280076E+01  2.5237124E-02
  6.7095045E-01  3.2814428E+01  2.6012258E-02
  6.8303191E-01  3.2265011E+01  2.6805479E-02
  6.9533081E-01  3.1635488E+01  2.7616749E-02
  7.0785107E-01  3.0930371E+01  2.8445979E-02
  7.2059667E-01  3.0154915E+01  2.9293030E-02
  7.3357167E-01  2.9315001E+01  3.0157707E-02
  7.4678020E-01  2.8417028E+01  3.1039752E-02
  7.6022646E-01  2.7467790E+01  3.1938839E-02
  7.7391472E-01  2.6474366E+01  3.2854570E-02
  7.8784935E-01  2.5444009E+01  3.3786466E-02
  8.0203478E-01  2.4384040E+01  3.4733965E-02
  8.1647552E-01  2.3301745E+01  3.5696410E-02
  8.3117617E-01  2.2204288E+01  3.6673044E-02
  8.4614141E-01  2.1098625E+01  3.7663003E-02
  8.6137599E-01  1.9991429E+01  3.8665309E-02
  8.7688477E-01  1.8889024E+01  3.9678857E-02
  8.9267268E-01  1.7797335E+01  4.0702411E-02
  9.0874475E-01  1.6721835E+01  4.1734591E-02
  9.2510608E-01  1.5667519E+01  4.2773869E-02
  9.4176189E-01  1.4638872E+01  4.3818553E-02
  9.5871747E-01  1.3639857E+01  4.4866778E-02
  9.7597822E-01  1.2673906E+01  4.5916498E-02
  9.9354964E-01  1.1743924E+01  4.6965475E-02
  1.0114373E+00  1.0852293E+01  4.8011264E-02
  1.0296469E+00  1.0000889E+01  4.9051207E-02
  1.0481843E+00  9.1911047E+00  5.0082417E-02
  1.0670553E+00  8.4238685E+00  5.1101768E-02
  1.0862659E+00  7.6996791E+00  5.2105888E-02
  1.1058223E+00  7.0186356E+00  5.3091140E-02
  1.1257307E+00  6.3804738E+00  5.4053618E-02
  1.1459974E+00  5.7846033E+00  5.4989134E-02
  1.1666289E+00  5.2301467E+00  5.5893209E-02
  1.1876317E+00  4.7159792E+00  5.6761065E-02
  1.2090125E+00  4.2407675E+00  5.7587617E-02
  1.2307781E+00  3.8030080E+00  5.8367467E-02
  1.2529354E+00  3.4010625E+00  5.9094903E-02
  1.2754916E+00  3.0331917E+00  5.9763894E-02
  1.2984537E+00  2.6975856E+00  6.0368094E-02
  1.3218291E+00  2.3923901E+00  6.0900847E-02
  1.3456252E+00  2.1157316E+00  6.1355194E-02
  1.3698497E+00  1.8657375E+00  6.1723890E-02
  1.3945101E+00  1.6405549E+00  6.1999419E-02
  1.4196143E+00  1.4383657E+00  6.2174026E-02
  1.4451704E+00  1.2574003E+00  6.2239743E-02
  1.4711864E+00  1.0959486E+00  6.2188439E-02
  1.4976707E+00  9.5236870E-01  6.2011870E-02
  1.5246317E+00  8.2509428E-01  6.1701741E-02
  1.5520779E+00  7.1263981E-01  6.1249791E-02
  1.5800181E+00  6.1360433E-01  6.0647880E-02
  1.6084611E+00  5.2667374E-01  5.9888108E-02
  1.6374161E+00  4.5062180E-01  5.8962943E-02
  1.6668923E+00  3.8430998E-01  5.7865381E-02
  1.6968989E+00  3.2668638E-01  5.6589130E-02
  1.7274456E+00  2.7678373E-01  5.5128821E-02
  1.7585421E+00  2.3371673E-01  5.3480262E-02
  1.7901983E+00  1.9667885E-01  5.1640725E-02
  1.8224242E+00  1.6493862E-01  4.9609280E-02
  1.8552302E+00  1.3783561E-01  4.7387184E-02
  1.8886266E+00  1.1477619E-01  4.4978322E-02
  1.9226241E+00  9.5229115E-02  4.2389716E-02
  1.9572334E+00  7.8721055E-02  3.9632112E-02
  1.9924657E+00  6.4832135E-02  3.6720647E-02
  2.0283321E+00  5.3191525E-02  3.3675609E-02
  2.0648440E+00  4.3473153E-02  3.0523313E-02
  2.1020131E+00  3.5391560E-02  2.7297085E-02
  2.1398511E+00  2.8697950E-02  2.4038394E-02
  2.1783702E+00  2.3176444E-02  2.0798129E-02
  2.2175825E+00  1.8640566E-02  1.7638055E-02
  2.2575006E+00  1.4929965E-02  1.4632456E-02
  2.2981372E+00  1.1907383E-02  1.1870005E-02
  2.3395051E+00  9.4558733E-03  9.4558733E-03
  2.3816176E+00  7.4762528E-03  7.4762528E-03
  2.4244881E+00  5.8848046E-03  5.8848046E-03
  2.4681301E+00  4.6111998E-03  4.6111998E-03
  2.5125576E+00  3.5966416E-03  3.5966416E-03
  2.5577847E+00  2.7922136E-03  2.7922136E-03
  2.6038259E+00  2.1574204E-03  2.1574204E-03
  2.6506957E+00  1.6589047E-03  1.6589047E-03
  2.6984090E+00  1.2693285E-03  1.2693285E-03
  2.7469811E+00  9.6640151E-04  9.6640151E-04
  2.7964275E+00  7.3204331E-04  7.3204331E-04
  2.8467638E+00  5.5166558E-04  5.5166558E-04
  2.8980060E+00  4.1356038E-04  4.1356038E-04
  2.9501705E+00  3.0838236E-04  3.0838236E-04
  3.0032739E+00  2.2871299E-04  2.2871299E-04
  3.0573331E+00  1.6869624E-04  1.6869624E-04
  3.1123652E+00  1.2373571E-04  1.2373571E-04
  3.1683878E+00  9.0244470E-05  9.0244470E-05
  3.2254187E+00  6.5439749E-05  6.5439749E-05
  3.2834761E+00  4.7175491E-05  4.7175491E-05
  3.3425783E+00  3.3806624E-05  3.3806624E-05
  3.4027444E+00  2.4079807E-05  2.4079807E-05
  3.4639933E+00  1.7046049E-05  1.7046049E-05
  3.5263446E+00  1.1991299E-05  1.1991299E-05
  3.5898181E+00  8.3816830E-06  8.3816830E-06
  3.6544340E+00  5.8206057E-06  5.8206057E-06
  3.7202129E+00  4.0153666E-06  4.0153666E-06
  3.7871756E+00  2.7513715E-06  2.7513715E-06
  3.8553436E+00  1.8723456E-06  1.8723456E-06
  3.9247385E+00  1.2652609E-06  1.2652609E-06
  3.9953824E+00  8.4893594E-07  8.4893594E-07
  4.0672978E+00  5.6547410E-07  5.6547410E-07
  4.1405075E+00  3.7388200E-07  3.7388200E-07
  4.2150348E+00  2.4534671E-07  2.4534671E-07
  4.2909035E+00  1.5976748E-07  1.5976748E-07
  4.3681377E+00  1.0322770E-07  1.0322770E-07
  4.4467620E+00  6.6166773E-08  6.6166773E-08
  4.5268014E+00  4.2068227E-08  4.2068227E-08
  4.6082813E+00  2.6526047E-08  2.6526047E-08
  4.6912278E+00  1.6585451E-08  1.6585451E-08
  4.7756671E+00  1.0281335E-08  1.0281335E-08
  4.8616262E+00  6.3178397E-09  6.3178397E-09
  4.9491324E+00  3.8478158E-09  3.8478158E-09
  5.0382136E+00  2.3222807E-09  2.3222807E-09
  5.1288980E+00  1.3886645E-09  1.3886645E-09
  5.2212147E+00  8.2260022E-10  8.2260022E-10
  5.3151928E+00  4.8263097E-10  4.8263097E-10
  5.4108624E+00  2.8041541E-10  2.8041541E-10
  5.5082539E+00  1.6131461E-10  1.6131461E-10
  5.6073983E+00  9.1866004E-11  9.1866004E-11
  5.7083270E+00  5.1780801E-11  5.1780801E-11
  5.8110724E+00  2.8882728E-11  2.8882728E-11
  5.9156669E+00  1.5939879E-11  1.5939879E-11
  6.0221440E+00  8.7022178E-12  8.7022178E-12
  6.1305375E+00  4.6988619E-12  4.6988619E-12
  6.2408818E+00  2.5089472E-12  2.5089472E-12
  6.3532122E+00  1.3244738E-12  1.3244738E-12
  6.4675643E+00  6.9113602E-13  6.9113602E-13
  6.5839745E+00  3.5642275E-13  3.5642275E-13
  6.7024800E+00  1.8161832E-13  1.8161832E-13
  6.8231183E+00  9.1423282E-14  9.1423282E-14
  6.9459279E+00  4.5453191E-14  4.5453191E-14
  7.0709478E+00  2.2314526E-14  2.2314526E-14
  7.1982179E+00  1.0815078E-14  1.0815078E-14
  7.3277786E+00  5.1735779E-15  5.1735779E-15
  7.4596712E+00  2.4421362E-15  2.4421362E-15
  7.5939376E+00  1.1372661E-15  1.1372661E-15
  7.7306206E+00  5.2234927E-16  5.2234927E-16
  7.8697636E+00  2.3656878E-16  2.3656878E-16
  8.0114110E+00  1.0561847E-16  1.0561847E-16
  8.1556077E+00  4.6472326E-17  4.6472326E-17
  8.3023998E+00  2.0146737E-17  2.0146737E-17
  8.4518338E+00  8.6030460E-18  8.6030460E-18
  8.6039574E+00  3.6175626E-18  3.6175626E-18
  8.7588189E+00  1.4975170E-18  1.4975170E-18
  8.9164677E+00  6.1009203E-19  6.1009203E-19
  9.0769539E+00  2.4454539E-19  2.4454539E-19
  9.2403285E+00  9.6412802E-20  9.6412802E-20
  9.4066436E+00  3.7375711E-20  3.7375711E-20
  9.5759521E+00  1.4242627E-20  1.4242627E-20
  9.7483078E+00  5.3333599E-21  5.3333599E-21
  9.9237657E+00  1.9619317E-21  1.9619317E-21
  1.0102381E+01  7.0875967E-22  7.0875967E-22
  1.0284212E+01  2.5136446E-22  2.5136446E-22
  1.0469315E+01  8.7489077E-23  8.7489077E-23
  1.0657750E+01  2.9874585E-23  2.9874585E-23
  1.0849576E+01  1.0004568E-23  1.0004568E-23
  1.1044855E+01  3.2846520E-24  3.2846520E-24
  1.1243648E+01  1.0568706E-24  1.0568706E-24
  1.1446019E+01  3.3314877E-25  3.3314877E-25
  1.1652033E+01  1.0284383E-25  1.0284383E-25
  1.1861754E+01  3.1079829E-26  3.1079829E-26
  1.2075251E+01  9.1912188E-27  9.1912188E-27
  1.2292589E+01  2.6588404E-27  2.6588404E-27
  1.2513840E+01  7.5207906E-28  7.5207906E-28
  1.2739072E+01  2.0792696E-28  2.0792696E-28
  1.2968358E+01  5.6163581E-29  5.6163581E-29
  1.3201771E+01  1.4815370E-29  1.4815370E-29
  1.3439386E+01  3.8150243E-30  3.8150243E-30
  1.3681276E+01  9.5855901E-31  9.5855901E-31
  1.3927521E+01  2.3489993E-31  2.3489993E-31
  1.4178197E+01  5.6116576E-32  5.6116576E-32
  1.4433385E+01  1.3062951E-32  1.3062951E-32
  1.4693166E+01  2.9616020E-33  2.9616020E-33
  1.4957622E+01  6.5363662E-34  6.5363662E-34
  1.5226838E+01  1.4036371E-34  1.4036371E-34
  1.5500900E+01  2.9313117E-35  2.9313117E-35
  1.5779894E+01  5.9502184E-36  5.9502184E-36
  1.6063910E+01  1.1733774E-36  1.1733774E-36
  1.6353038E+01  2.2466815E-37  2.2466815E-37
  1.6647369E+01  4.1744960E-38  4.1744960E-38
  1.6946998E+01  7.5228033E-39  7.5228033E-39
  1.7252019E+01  1.3140662E-39  1.3140662E-39
  1.7562531E+01  2.2236149E-40  2.2236149E-40
  1.7878631E+01  3.6428700E-41  3.6428700E-41
  1.8200420E+01  5.7743122E-42  5.7743122E-42
  1.8528001E+01  8.8502114E-43  8.8502114E-43
  1.8861477E+01  1.3107548E-43  1.3107548E-43
  1.9200956E+01  1.8746253E-44  1.8746253E-44
  1.9546545E+01  2.5872373E-45  2.5872373E-45
  1.9898354E+01  3.4433644E-46  3.4433644E-46
  2.0256494E+01  4.4161429E-47  4.4161429E-47
  2.0621081E+01  5.4537737E-48  5.4537737E-48
  2.0992229E+01  6.4806288E-49  6.4806288E-49
  2.1370058E+01  7.4040059E-50  7.4040059E-50
  2.1754687E+01  8.1264434E-51  8.1264434E-51
  2.2146238E+01  8.5617723E-52  8.5617723E-52
  2.2544837E+01  8.6515080E-53  8.6515080E-53
  2.2950609E+01  8.3774227E-54  8.3774227E-54
  2.3363685E+01  7.7666646E-55  7.7666646E-55
  2.3784196E+01  6.8876064E-56  6.8876064E-56
  2.4212275E+01  5.8371998E-57  5.8371998E-57
  2.4648059E+01  4.7230693E-58  4.7230693E-58
  2.5091685E+01  3.6449907E-59  3.6449907E-59
  2.5543297E+01  2.6802604E-60  2.6802604E-60
  2.6003037E+01  1.8758969E-61  1.8758969E-61
  2.6471051E+01  1.2483074E-62  1.2483074E-62
  2.6947488E+01  7.8891424E-64  7.8891424E-64
  2.7432501E+01  4.7297044E-65  4.7297044E-65
  2.7926243E+01  2.6867002E-66  2.6867002E-66
  2.8428872E+01  1.4442910E-67  1.4442910E-67
  2.8940546E+01  7.3382665E-69  7.3382665E-69
  2.9461431E+01  3.5194248E-70  3.5194248E-70
  2.9991690E+01  1.5911390E-71  1.5911390E-71
  3.0531493E+01  6.7717947E-73  6.7717947E-73
  3.1081011E+01  2.7092014E-74  2.7092014E-74
  3.1640420E+01  1.0173830E-75  1.0173830E-75
  3.2209897E+01  3.5807826E-77  3.5807826E-77
  3.2789624E+01  1.1793609E-78  1.1793609E-78
  3.3379784E+01  3.6290732E-80  3.6290732E-80
  3.3980567E+01  1.0416209E-81  1.0416209E-81
  3.4592162E+01  2.7838941E-83  2.7838941E-83
  3.5214766E+01  6.9162102E-85  6.9162102E-85
  3.5848575E+01  1.5943316E-86  1.5943316E-86
  3.6493791E+01  3.4039700E-88  3.4039700E-88
  3.7150620E+01  6.7184672E-90  6.7184672E-90
  3.7819271E+01  1.2234667E-91  1.2234667E-91
  3.8499957E+01  2.0515931E-93  2.0515931E-93
  3.9192893E+01  3.1614546E-95  3.1614546E-95
  3.9898302E+01  4.4676512E-97  4.4676512E-97
  4.0616406E+01  5.7776208E-99  5.7776208E-99
  4.1347435E+01  6.8227401-101  6.8227401-101
  4.2091621E+01  7.3409745-103  7.3409745-103
  4.2849201E+01  7.1806246-105  7.1806246-105
  4.3620417E+01  6.3708508-107  6.3708508-107
  4.4405513E+01  5.1151473-109  5.1151473-109
  4.5204739E+01  3.7079188-111  3.7079188-111
  4.6018350E+01  2.4209618-113  2.4209618-113
  4.6846604E+01  1.4203506-115  1.4203506-115
  4.7689766E+01  7.4697990-118  7.4697990-118
  4.8548102E+01  3.5129909-120  3.5129909-120
  4.9421888E+01  1.4738180-122  1.4738180-122
  5.0311400E+01  5.5023741-125  5.5023741-125
  5.1216922E+01  1.8236228-127  1.8236228-127
  5.2138741E+01  5.3522711-130  5.3522711-130
  5.3077152E+01  1.3877176-132  1.3877176-132
  5.4032452E+01  3.1708060-135  3.1708060-135
  5.5004946E+01  6.3693511-138  6.3693511-138
  5.5994943E+01  1.1221128-140  1.1221128-140
  5.7002759E+01  1.7296631-143  1.7296631-143
  5.8028713E+01  2.3272815-146  2.3272815-146
  5.9073133E+01  2.7270272-149  2.7270272-149
  6.0136350E+01  2.7764359-152  2.7764359-152
  6.1218704E+01  2.4505459-155  2.4505459-155
  6.2320538E+01  0.0000000E+00  0.0000000E+00
  6.3442202E+01  0.0000000E+00  0.0000000E+00
  6.4584055E+01  0.0000000E+00  0.0000000E+00
  6.5746460E+01  0.0000000E+00  0.0000000E+00
  6.6929785E+01  0.0000000E+00  0.0000000E+00
  6.8134408E+01  0.0000000E+00  0.0000000E+00
  6.9360713E+01  0.0000000E+00  0.0000000E+00
  7.0609088E+01  0.0000000E+00  0.0000000E+00
  7.1879932E+01  0.0000000E+00  0.0000000E+00
  7.3173650E+01  0.0000000E+00  0.0000000E+00
  7.4490651E+01  0.0000000E+00  0.0000000E+00
  7.5831357E+01  0.0000000E+00  0.0000000E+00
  7.7196192E+01  0.0000000E+00  0.0000000E+00
  7.8585593E+01  0.0000000E+00  0.0000000E+00
  8.0000000E+01  0.0000000E+00  0.0000000E+00
