 #  r       coretau        valetau         tcoretau        tvaletau 
  0.0000000E+00  0.00000000000000000E+00  0.00000000000000000E+00  0.00000000000000000E+00  1.91721395295853691E-20
  5.5354426E-06  6.14447179955146639E+04  5.90270337847292978E+01  1.57766148199659614E-22  5.75705888177131603E-10
  1.1170513E-05  6.84466020787435118E+04  6.57823402811759621E+01  2.61635666233183053E-21  2.34445683395808087E-09
  1.6907005E-05  5.81852699128900131E+04  5.59556010443570244E+01  1.37300205071287420E-20  5.37068100446168134E-09
  2.2746744E-05  5.71721314552542171E+04  5.50130947228998153E+01  4.49864157741191722E-20  9.72152642880743391E-09
  2.8691588E-05  5.54858759180538036E+04  5.34243880237017521E+01  1.13873523187735401E-19  1.54669664478758421E-08
  3.4743428E-05  5.38248019275894039E+04  5.18603893877341378E+01  2.44847176733288333E-19  2.26799093629566084E-08
  4.0904191E-05  5.25870345386844783E+04  5.07039385396583668E+01  4.70409036331708281E-19  3.14363121028706803E-08
  4.7175837E-05  5.15728222815133777E+04  4.97631799961532550E+01  8.32305699267597022E-19  4.18152981607717734E-08
  5.3560361E-05  5.07222747702201668E+04  4.89806447070635400E+01  1.38286059183425197E-18  5.38992799442058422E-08
  6.0059795E-05  5.00076593843530791E+04  4.83297600962462468E+01  2.18645130627570667E-18  6.77740857010591529E-08
  6.6676208E-05  4.93988684794736182E+04  4.77816485417164003E+01  3.32114615692712639E-18  8.35290911899640979E-08
  7.3411704E-05  4.88776352010083137E+04  4.73188089293401077E+01  4.88051493032594820E-18  1.01257356269902985E-07
  8.0268427E-05  4.84298897656853442E+04  4.69277685337805082E+01  6.97563010436767911E-18  1.21055766590146377E-07
  8.7248560E-05  4.80445498146872706E+04  4.65979223369482014E+01  9.73727621927241427E-18  1.43025180568268862E-07
  9.4354322E-05  4.77129506528311758E+04  4.63209870010754443E+01  1.33183866067912265E-17  1.67270581850866941E-07
  1.0158798E-04  4.74281782023580890E+04  4.60903605554396520E+01  1.78967283329720681E-17  1.93901237458707195E-07
  1.0895182E-04  4.71846391264111735E+04  4.59007098320515539E+01  2.36778579938920209E-17  2.23030861825407302E-07
  1.1644820E-04  4.69777558925147750E+04  4.57476778242259314E+01  3.08983729338077859E-17  2.54777786946411695E-07
  1.2407951E-04  4.68037423478253477E+04  4.56276683118129114E+01  3.98294845427609215E-17  2.89265138862902362E-07
  1.3184816E-04  4.66594380785549511E+04  4.55376869114742178E+01  5.07809425482986183E-17  3.26621020713554256E-07
  1.3975664E-04  4.65421840367393452E+04  4.54752217388445885E+01  6.41053416570952901E-17  3.66978702595492297E-07
  1.4780745E-04  4.64497277153623072E+04  4.54381524342112897E+01  8.02028445413932053E-17  4.10476818484680675E-07
  1.5600317E-04  4.63801498755250068E+04  4.54246798763358370E+01  9.95263580179614503E-17  4.57259570475057140E-07
  1.6434639E-04  4.63318071949066652E+04  4.54332711795618138E+01  1.22587202350542854E-16  5.07476940605258622E-07
  1.7283978E-04  4.63032868358117776E+04  4.54626161329707514E+01  1.49961316938677478E-16  5.61284910551562792E-07
  1.8148603E-04  4.62933700519117119E+04  4.55115923159496916E+01  1.82296049255904925E-16  6.18845689475807674E-07
  1.9028790E-04  4.63010027325180126E+04  4.55792368732679876E+01  2.20317577789736128E-16  6.80327950327729997E-07
  1.9924819E-04  4.63252713339829716E+04  4.56647234613862878E+01  2.64839023937134628E-16  7.45907074911928867E-07
  2.0836975E-04  4.63653830411322633E+04  4.57673432552485622E+01  3.16769312347008901E-16  8.15765408041091127E-07
  2.1765548E-04  4.64206492861857041E+04  4.58864891780225292E+01  3.77122844101710068E-16  8.90092521108828207E-07
  2.2710833E-04  4.64904719597863223E+04  4.60216427152227823E+01  4.47030052421151458E-16  9.69085485427641879E-07
  2.3673132E-04  4.65743318013923636E+04  4.61723628211684840E+01  5.27748916286397001E-16  1.05294915569013388E-06
  2.4652751E-04  4.66717785704419439E+04  4.63382765352208494E+01  6.20677513547363440E-16  1.14189646392468343E-06
  2.5650001E-04  4.67824226842710050E+04  4.65190710066081934E+01  7.27367701737035075E-16  1.23614872433024930E-06
  2.6665200E-04  4.69059280739452006E+04  4.67144866891230706E+01  8.49540022000409253E-16  1.33593594938916892E-06
  2.7698671E-04  4.70420060581559301E+04  4.69243115140119045E+01  9.89099929301460959E-16  1.44149717767134573E-06
  2.8750742E-04  4.71904100732399675E+04  4.71483758857994744E+01  1.14815546043976425E-15  1.55308081375795702E-06
  2.9821749E-04  4.73509311275614382E+04  4.73865483747306939E+01  1.32903646043783757E-15  1.67094498072893905E-06
  3.0912032E-04  4.75233938712145173E+04  4.76387320012746116E+01  1.53431549760195541E-15  1.79535788567452199E-06
  3.2021938E-04  4.77076531907311728E+04  4.79048610261664365E+01  1.76683060806819703E-15  1.92659819870766165E-06
  3.3151820E-04  4.79035912534364397E+04  4.81848981737627966E+01  2.02971002198144307E-15  2.06495544597178372E-06
  3.4302039E-04  4.81111149379233684E+04  4.84788322278463539E+01  2.32639903568168298E-15  2.21073041715647872E-06
  3.5472959E-04  4.83301535968889584E+04  4.87866759484004149E+01  2.66068920745823691E-15  2.36423558805208160E-06
  3.6664954E-04  4.85606571069249985E+04  4.91084642657718149E+01  3.03675006865238998E-15  2.52579555869359103E-06
  3.7878402E-04  4.88025941663418635E+04  4.94442527150084103E+01  3.45916355722224182E-15  2.69574750766474504E-06
  3.9113691E-04  4.90559508076322381E+04  4.97941160784203021E+01  3.93296139741601477E-15  2.87444166315335997E-06
  4.0371212E-04  4.93207290962972766E+04  5.01581472091769598E+01  4.46366566702405636E-15  3.06224179137087186E-06
  4.1651367E-04  4.95969459914074760E+04  5.05364560123920299E+01  5.05733281289480237E-15  3.25952570297159776E-06
  4.2954562E-04  4.98846323466713584E+04  5.09291685634197648E+01  5.72060139611251284E-15  3.46668577812976721E-06
  4.4281212E-04  5.01838320340058926E+04  5.13364263460744965E+01  6.46074387056052614E-15  3.68412951095697964E-06
  4.5631740E-04  5.04946011736416112E+04  5.17583855954165486E+01  7.28572272265615294E-15  3.91228007396724877E-06
  4.7006575E-04  5.08170074572668091E+04  5.21952167323721525E+01  8.20425132597560923E-15  4.15157690332280082E-06
  4.8406154E-04  5.11511295525101159E+04  5.26471038787492489E+01  9.22585989243367022E-15  4.40247630562048182E-06
  4.9830924E-04  5.14970565781660334E+04  5.31142444427260756E+01  1.03609669317956310E-14  4.66545208700541677E-06
  5.1281336E-04  5.18548876417642969E+04  5.35968487666600097E+01  1.16209566637464787E-14  4.94099620542969589E-06
  5.2757854E-04  5.22247314314934265E+04  5.40951398295055270E+01  1.30182628617013392E-14  5.22961944690027691E-06
  5.4260946E-04  5.26067058556082920E+04  5.46093529975508147E+01  1.45664596452041009E-14  5.53185212659340387E-06
  5.5791092E-04  5.30009377239919413E+04  5.51397358179977886E+01  1.62803597783356165E-14  5.84824481574499916E-06
  5.7348777E-04  5.34075624662514892E+04  5.56865478503631763E+01  1.81761210752598822E-14  6.17936909525737847E-06
  5.8934497E-04  5.38267238820621205E+04  5.62500605314475735E+01  2.02713615611156696E-14  6.52581833699897104E-06
  6.0548758E-04  5.42585739200369353E+04  5.68305570702268739E+01  2.25852840871699301E-14  6.88820851380889554E-06
  6.2192073E-04  5.47032724813791356E+04  5.74283323693456040E+01  2.51388111537642409E-14  7.26717903925432879E-06
  6.3864965E-04  5.51609872455450895E+04  5.80436929703628550E+01  2.79547307534031227E-14  7.66339363822733451E-06
  6.5567965E-04  5.56318935151303303E+04  5.86769570202069133E+01  3.10578541096762377E-14  8.07754124950812086E-06
  6.7301617E-04  5.61161740775725630E+04  5.93284542564820612E+01  3.44751862559149886E-14  8.51033696145974174E-06
  6.9066471E-04  5.66140190817486218E+04  5.99985260098685771E+01  3.82361104709329806E-14  8.96252298206700866E-06
  7.0863090E-04  5.71256259274058975E+04  6.06875252215640799E+01  4.23725876682844513E-14  9.43486964457087360E-06
  7.2692044E-04  5.76511991658728221E+04  6.13958164743553638E+01  4.69193719206223196E-14  9.92817644999800354E-06
  7.4553917E-04  5.81909504104811786E+04  6.21237760358529485E+01  5.19142433924138491E-14  1.04432731479342804E-05
  7.6449299E-04  5.87450982552852220E+04  6.28717919124119291E+01  5.73982600529641823E-14  1.09810208569345609E-05
  7.8378796E-04  5.93138682009643817E+04  6.36402639128177796E+01  6.34160296479472100E-14  1.15423132260177131E-05
  8.0343020E-04  5.98974925866328558E+04  6.44296037204411789E+01  7.00160035220156985E-14  1.21280776387464194E-05
  8.2342596E-04  6.04962105265051796E+04  6.52402349728354096E+01  7.72507940081782106E-14  1.27392764614419922E-05
  8.4378161E-04  6.11102678506528973E+04  6.60725933480475334E+01  8.51775172321474720E-14  1.33769083371486262E-05
  8.6450363E-04  6.17399170486337316E+04  6.69271266565117742E+01  9.38581633225039704E-14  1.40420095270151161E-05
  8.8559861E-04  6.23854172152299871E+04  6.78042949377134221E+01  1.03359996171028769E-13  1.47356553008199129E-05
  9.0707326E-04  6.30470339977589610E+04  6.87045705610437523E+01  1.13755985052786656E-13  1.54589613784376806E-05
  9.2893442E-04  6.37250395436825129E+04  6.96284383297727913E+01  1.25125270593351107E-13  1.62130854241013410E-05
  9.5118903E-04  6.44197124482064319E+04  7.05763955875185900E+01  1.37553667761914610E-13  1.69992285953854943E-05
  9.7384420E-04  6.51313377009646574E+04  7.15489523266066385E+01  1.51134208774948335E-13  1.78186371489091311E-05
  9.9690711E-04  6.58602066310061491E+04  7.25466312973483696E+01  1.65967729016663087E-13  1.86726041048223760E-05
  1.0203851E-03  6.66066168496579776E+04  7.35699681176177052E+01  1.82163499320949042E-13  1.95624709722227591E-05
  1.0442857E-03  6.73708721902987163E+04  7.46195113821569862E+01  1.99839908216034445E-13  2.04896295377214791E-05
  1.0686164E-03  6.81532826445897081E+04  7.56958227706662115E+01  2.19125198009135984E-13  2.14555237194621225E-05
  1.0933851E-03  6.89541642943817715E+04  7.67994771540232648E+01  2.40158258885374977E-13  2.24616514889783728E-05
  1.1185995E-03  6.97738392387264175E+04  7.79310626979988683E+01  2.63089485514768398E-13  2.35095668633605776E-05
  1.1442678E-03  7.06126355152931064E+04  7.90911809636340024E+01  2.88081701004869895E-13  2.46008819702990482E-05
  1.1703980E-03  7.14708870154760516E+04  8.02804470034640190E+01  3.15311153406474008E-13  2.57372691886541700E-05
  1.1969985E-03  7.23489333925974788E+04  8.14994894528618943E+01  3.44968590377643702E-13  2.69204633673085324E-05
  1.2240778E-03  7.32471199625008303E+04  8.27489506157294414E+01  3.77260418039317547E-13  2.81522641251544200E-05
  1.2516445E-03  7.41657975958987954E+04  8.40294865436719220E+01  4.12409950516147654E-13  2.94345382351724854E-05
  1.2797073E-03  7.51053226016804692E+04  8.53417671077471169E+01  4.50658757151444114E-13  3.07692220956643384E-05
  1.3082753E-03  7.60660566005123837E+04  8.66864760620238428E+01  4.92268114917800869E-13  3.21583242918136101E-05
  1.3373573E-03  7.70483663881338725E+04  8.80643110978464279E+01  5.37520574117949953E-13  3.36039282508693752E-05
  1.3669628E-03  7.80526237873828359E+04  8.94759838880962519E+01  5.86721646086669098E-13  3.51081949943608443E-05
  1.3971012E-03  7.90792054883395176E+04  9.09222201201963571E+01  6.40201622267399625E-13  3.66733659908763444E-05
  1.4277820E-03  8.01284928759849281E+04  9.24037595170447617E+01  6.98317534750134978E-13  3.83017661130706722E-05
  1.4590150E-03  8.12008718441573146E+04  9.39213558448594199E+01  7.61455269123853794E-13  3.99958067026962060E-05
  1.4908101E-03  8.22967325954744301E+04  9.54757769064533761E+01  8.30031841321330677E-13  4.17579887475972114E-05
  1.5231775E-03  8.34164694261428667E+04  9.70678045192114638E+01  9.04497851020964033E-13  4.35909061747332606E-05
  1.5561274E-03  8.45604804948180536E+04  9.86982344764553545E+01  9.85340125123852517E-13  4.54972492634679951E-05
  1.5896704E-03  8.57291675748307316E+04  1.00367876490800512E+02  1.07308456584995558E-12  4.74798081834982032E-05
  1.6238171E-03  8.69229357887044753E+04  1.02077554118368639E+02  1.16829921909990339E-12  4.95414766619599762E-05
  1.6585784E-03  8.81421933243116800E+04  1.03828104662553400E+02  1.27159757991498438E-12  5.16852557844192230E-05
  1.6939653E-03  8.93873511314671778E+04  1.05620379055791886E+02  1.38364215314296258E-12  5.39142579346138658E-05
  1.7299891E-03  9.06588225982663716E+04  1.07455241718031786E+02  1.50514828878859990E-12  5.62317108780078644E-05
  1.7666613E-03  9.19570232062048599E+04  1.09333570390344718E+02  1.63688831300210503E-12  5.86409619943846925E-05
  1.8039935E-03  9.32823701628921699E+04  1.11256255942079633E+02  1.77969597724403991E-12  6.11454826649095981E-05
  1.8419977E-03  9.46352820117552037E+04  1.13224202150102769E+02  1.93447124986969467E-12  6.37488728192815853E-05
  1.8806858E-03  9.60161782174112450E+04  1.15238325448326833E+02  2.10218547620868027E-12  6.64548656488048867E-05
  1.9200703E-03  9.74254787257703574E+04  1.17299554645752735E+02  2.28388693518580767E-12  6.92673324914069649E-05
  1.9601636E-03  9.88636034980271361E+04  1.19408830611365246E+02  2.48070682264788206E-12  7.21902878948819639E-05
  2.0009785E-03  1.00330972017220280E+05  1.21567105923944510E+02  2.69386569383862167E-12  7.52278948648233315E-05
  2.0425280E-03  1.01828002766516453E+05  1.23775344484930457E+02  2.92468039991254649E-12  7.83844703039774846E-05
  2.0848253E-03  1.03355112678195626E+05  1.26034521092373296E+02  3.17457155601123295E-12  8.16644906499912538E-05
  2.1278840E-03  1.04912716551916936E+05  1.28345620973715512E+02  3.44507158125537939E-12  8.50725977187488463E-05
  2.1717175E-03  1.06501226441521707E+05  1.30709639275553457E+02  3.73783335404849854E-12  8.86136047607946110E-05
  2.2163401E-03  1.08121051009461618E+05  1.33127580508287963E+02  4.05463952935891660E-12  9.22925027386087488E-05
  2.2617657E-03  1.09772594847098968E+05  1.35600457942975169E+02  4.39741256816260565E-12  9.61144668327342617E-05
  2.3080089E-03  1.11456257760376044E+05  1.38129292958476753E+02  4.76822553300888226E-12  1.00084863185098783E-04
  2.3550844E-03  1.13172434019655484E+05  1.40715114336388126E+02  5.16931370773420298E-12  1.04209255888176768E-04
  2.4030072E-03  1.14921511572523959E+05  1.43358957501440585E+02  5.60308710371644621E-12  1.08493414228905875E-04
  2.4517926E-03  1.16703871218535976E+05  1.46061863704696492E+02  6.07214391975686788E-12  1.12943320196633794E-04
  2.5014559E-03  1.18519885744840823E+05  1.48824879146940560E+02  6.57928502772313016E-12  1.17565176264702463E-04
  2.5520132E-03  1.20369919021910813E+05  1.51649054040187536E+02  7.12752956151108677E-12  1.22365413455634867E-04
  2.6034803E-03  1.22254325057724665E+05  1.54535441603730590E+02  7.72013169271357148E-12  1.27350699700186983E-04
  2.6558738E-03  1.24173447010159376E+05  1.57485096992838720E+02  8.36059868265060457E-12  1.32527948501018762E-04
  2.7092103E-03  1.26127616156239033E+05  1.60499076156935729E+02  9.05271030715240243E-12  1.37904327912022947E-04
  2.7635067E-03  1.28117150817089248E+05  1.63578434624267715E+02  9.80053975772516981E-12  1.43487269844772046E-04
  2.8187804E-03  1.30142355238493154E+05  1.66724226210808467E+02  1.06084761305121711E-11  1.49284479714041266E-04
  2.8750489E-03  1.32203518425244110E+05  1.69937501649583567E+02  1.14812486228256134E-11  1.55303946434651245E-04
  2.9323301E-03  1.34300912929276965E+05  1.73219307138342742E+02  1.24239525660136864E-11  1.61553952782486930E-04
  2.9906423E-03  1.36434793590538611E+05  1.76570682801951904E+02  1.34420774330887332E-11  1.68043086132854013E-04
  3.0500040E-03  1.38605396229853388E+05  1.79992661066741277E+02  1.45415369699248997E-11  1.74780249589946831E-04
  3.1104341E-03  1.40812936293686362E+05  1.83486264944106722E+02  1.57287016099937865E-11  1.81774673521651887E-04
  3.1719519E-03  1.43057607449525560E+05  1.87052506219345787E+02  1.70104333445990286E-11  1.89035927514317407E-04
  3.2345769E-03  1.45339580132434377E+05  1.90692383543869255E+02  1.83941232334598849E-11  1.96573932762912065E-04
  3.2983290E-03  1.47659000041648134E+05  1.94406880426900727E+02  1.98877317543468627E-11  2.04398974912258944E-04
  3.3632285E-03  1.50015986587583757E+05  1.98196963123918408E+02  2.14998322053570641E-11  2.12521717365818543E-04
  3.4292961E-03  1.52410631288972858E+05  2.02063578418830190E+02  2.32396573894174984E-11  2.20953215078985462E-04
  3.4965528E-03  1.54842996120113297E+05  2.06007651296767250E+02  2.51171498277942918E-11  2.29704928854452970E-04
  3.5650200E-03  1.57313111808947142E+05  2.10030082504989622E+02  2.71430157678646330E-11  2.38788740158043421E-04
  3.6347195E-03  1.59820976085459697E+05  2.14131745998134988E+02  2.93287832702611469E-11  2.48216966473712797E-04
  3.7056734E-03  1.62366551881924126E+05  2.18313486266073795E+02  3.16868646818354034E-11  2.58002377217457751E-04
  3.7779045E-03  1.64949765484880889E+05  2.22576115540854033E+02  3.42306238238175081E-11  2.68158210230410503E-04
  3.8514355E-03  1.67570504640257597E+05  2.26920410880472872E+02  3.69744482491851916E-11  2.78698188872076257E-04
  3.9262900E-03  1.70228616612789687E+05  2.31347111127058952E+02  3.99338269497359278E-11  2.89636539735671700E-04
  4.0024917E-03  1.72923906200414058E+05  2.35856913736659209E+02  4.31254339218054129E-11  3.00988011007969681E-04
  4.0800649E-03  1.75656133706010645E+05  2.40450471479030284E+02  4.65672180301493411E-11  3.12767891497216417E-04
  4.1590343E-03  1.78425012867801677E+05  2.45128389004928096E+02  5.02784996423607912E-11  3.24992030353325561E-04
  4.2394250E-03  1.81230208750659338E+05  2.49891219279472864E+02  5.42800745414941260E-11  3.37676857505444931E-04
  4.3212626E-03  1.84071335600525228E+05  2.54739459879682641E+02  5.85943256625052090E-11  3.50839404843027354E-04
  4.4045731E-03  1.86947954664447141E+05  2.59673549154855834E+02  6.32453432388729407E-11  3.64497328167344675E-04
  4.4893830E-03  1.89859571979846281E+05  2.64693862249283029E+02  6.82590539895717877E-11  3.78668929941475469E-04
  4.5757194E-03  1.92805636135228444E+05  2.69800706985610645E+02  7.36633600236246354E-11  3.93373182867651282E-04
  4.6636097E-03  1.95785536006620678E+05  2.74994319609262618E+02  7.94882881900318166E-11  4.08629754322125196E-04
  4.7530819E-03  1.98798598473561840E+05  2.80274860393547158E+02  8.57661506552154553E-11  4.24459031678587619E-04
  4.8441644E-03  2.01844086118577194E+05  2.85642409105613240E+02  9.25317175484918499E-11  4.40882148552454054E-04
  4.9368862E-03  2.04921194915571541E+05  2.91096960334648315E+02  9.98224025788263169E-11  4.57921011999428871E-04
  5.0312769E-03  2.08029051911015064E+05  2.96638418682682016E+02  1.07678462593522059E-10  4.75598330702876632E-04
  5.1273664E-03  2.11166712904593121E+05  3.02266593820729724E+02  1.16143212121916579E-10  4.93937644186113155E-04
  5.2251854E-03  2.14333160134538659E+05  3.07981195411830754E+02  1.25263254024983536E-10  5.12963353086535556E-04
  5.3247649E-03  2.17527299973926099E+05  3.13781827904299803E+02  1.35088727455329702E-10  5.32700750530281362E-04
  5.4261367E-03  2.20747960645302403E+05  3.19667985198811948E+02  1.45673574421928320E-10  5.53176054647414473E-04
  5.5293330E-03  2.23993889960040746E+05  3.25639045192939761E+02  1.57075826350431883E-10  5.74416442268722198E-04
  5.6343867E-03  2.27263753090844984E+05  3.31694264208945981E+02  1.69357912133618937E-10  5.96450083847301928E-04
  5.7413311E-03  2.30556130385105265E+05  3.37832771309688667E+02  1.82586989277948454E-10  6.19306179649189536E-04
  5.8502003E-03  2.33869515228179051E+05  3.44053562509913945E+02  1.96835299871900862E-10  6.43014997259083710E-04
  5.9610290E-03  2.37202311965339584E+05  3.50355494889789611E+02  2.12180553230414637E-10  6.67607910448802361E-04
  6.0738524E-03  2.40552833892328548E+05  3.56737280619045634E+02  2.28706337207896754E-10  6.93117439458017215E-04
  6.1887065E-03  2.43919301324818400E+05  3.63197480901538768E+02  2.46502560320776615E-10  7.19577292738433753E-04
  6.3056277E-03  2.47299839756931731E+05  3.69734499849635256E+02  2.65665926980067021E-10  7.47022410214198945E-04
  6.4246533E-03  2.50692478120564629E+05  3.76346578300661065E+02  2.86300448305778671E-10  7.75489008113902970E-04
  6.5458211E-03  2.54095147156929888E+05  3.83031787587334520E+02  3.08517991179169823E-10  8.05014625430896472E-04
  6.6691697E-03  2.57505677912504034E+05  3.89788023276166484E+02  3.32438868386612415E-10  8.35638172071002396E-04
  6.7947384E-03  2.60921800372177386E+05  3.96612998888807851E+02  3.58192472921406835E-10  8.67399978748658327E-04
  6.9225671E-03  2.64341142242473492E+05  4.03504239622069576E+02  3.85917959738194553E-10  9.00341848694874393E-04
  7.0526965E-03  2.67761227898866113E+05  4.10459076085032621E+02  4.15764978499937712E-10  9.34507111242877000E-04
  7.1851680E-03  2.71179477510794939E+05  4.17474638071425659E+02  4.47894461120996827E-10  9.69940677358990810E-04
  7.3200238E-03  2.74593206359196745E+05  4.24547848388157604E+02  4.82479468192960972E-10  1.00668909718956462E-03
  7.4573067E-03  2.77999624361270515E+05  4.31675416761911492E+02  5.19706098684116485E-10  1.04480061969683424E-03
  7.5970605E-03  2.81395835817496118E+05  4.38853833846925795E+02  5.59774467630219341E-10  1.08432525445928125E-03
  7.7393296E-03  2.84778839397067437E+05  4.46079365359742212E+02  6.02899756885370127E-10  1.12531483571490796E-03
  7.8841592E-03  2.88145528376668168E+05  4.53348046366897393E+02  6.49313344378984245E-10  1.16782308872854850E-03
  8.0315956E-03  2.91492691149479768E+05  4.60655675754470394E+02  6.99264017730085334E-10  1.21190569856743772E-03
  8.1816856E-03  2.94817012020393740E+05  4.67997810909655129E+02  7.53019278505539662E-10  1.25762038137197034E-03
  8.3344769E-03  2.98115072303428198E+05  4.75369762645764411E+02  8.10866743876544995E-10  1.30502695821194028E-03
  8.4900181E-03  3.01383351738583413E+05  4.82766590405078318E+02  8.73115652930171452E-10  1.35418743162211822E-03
  8.6483589E-03  3.04618230243883096E+05  4.90183097774302837E+02  9.40098485432617387E-10  1.40516606491341580E-03
  8.8095495E-03  3.07815990019451827E+05  4.97613828350439917E+02  1.01217270142071317E-09  1.45802946436054460E-03
  8.9736412E-03  3.10972818019568396E+05  5.05053061995968790E+02  1.08972261062133060E-09  1.51284666436980395E-03
  9.1406863E-03  3.14084808808950882E+05  5.12494811524188435E+02  1.17316138136760816E-09  1.56968921573490323E-03
  9.3107379E-03  3.17147967818719742E+05  5.19932819857696131E+02  1.26293319940007701E-09  1.62863127709231585E-03
  9.4838502E-03  3.20158215017330542E+05  5.27360557704254461E+02  1.35951558771315464E-09  1.68974970969136052E-03
  9.6600782E-03  3.23111389011353836E+05  5.34771221796532927E+02  1.46342189943752306E-09  1.75312417559963314E-03
  9.8394779E-03  3.26003251589655352E+05  5.42157733743447125E+02  1.57520399664035645E-09  1.81883723946677238E-03
  1.0022107E-02  3.28829492724976852E+05  5.49512739542943223E+02  1.69545512888325062E-09  1.88697447397565324E-03
  1.0208022E-02  3.31585736044513062E+05  5.56828609807127464E+02  1.82481302640669111E-09  1.95762456911389819E-03
  1.0397284E-02  3.34267544781240809E+05  5.64097440752570037E+02  1.96396322391528756E-09  2.03087944540332856E-03
  1.0589952E-02  3.36870428216406435E+05  5.71311056009840399E+02  2.11364263212561934E-09  2.10683437123080318E-03
  1.0786088E-02  3.39389848621387908E+05  5.78461009307114864E+02  2.27464337551436464E-09  2.18558808442711160E-03
  1.0985754E-02  3.41821228706843161E+05  5.85538588084564367E+02  2.44781691607484173E-09  2.26724291824805272E-03
  1.1189013E-02  3.44159959584907047E+05  5.92534818096759523E+02  2.63407848436275064E-09  2.35190493191637841E-03
  1.1395931E-02  3.46401409248259210E+05  5.99440469060742089E+02  2.83441184069350560E-09  2.43968404588787912E-03
  1.1606573E-02  3.48540931568488129E+05  6.06246061408576452E+02  3.04987439105305081E-09  2.53069418201294942E-03
  1.1821007E-02  3.50573875813426916E+05  6.12941874202913709E+02  3.28160268410961595E-09  2.62505340876875671E-03
  1.2039299E-02  3.52495596681686991E+05  6.19517954274625708E+02  3.53081831767508892E-09  2.72288409174567753E-03
  1.2261521E-02  3.54301464849407726E+05  6.25964126640590166E+02  3.79883428507183419E-09  2.82431304957586442E-03
  1.2487742E-02  3.55986878022219695E+05  6.32270006259836805E+02  4.08706179412400124E-09  2.92947171550009050E-03
  1.2718035E-02  3.57547272482623463E+05  6.38425011184968071E+02  4.39701759392454394E-09  3.03849630477626403E-03
  1.2952472E-02  3.58978135119568964E+05  6.44418377164167509E+02  4.73033184714114625E-09  3.15152798813782839E-03
  1.3191129E-02  3.60275015924880048E+05  6.50239173747981454E+02  5.08875658843111178E-09  3.26871307152128143E-03
  1.3434082E-02  3.61433540937075217E+05  6.55876321952165199E+02  5.47417481255028474E-09  3.39020318228625038E-03
  1.3681407E-02  3.62449425610389619E+05  6.61318613525766295E+02  5.88861023898007041E-09  3.51615546216223077E-03
  1.3933183E-02  3.63318488583012484E+05  6.66554731870090563E+02  6.33423780337692221E-09  3.64673276716239022E-03
  1.4189491E-02  3.64036665815142565E+05  6.71573274650519465E+02  6.81339492988653483E-09  3.78210387471474485E-03
  1.4450413E-02  3.64600025063765410E+05  6.76362778138890235E+02  7.32859364238211339E-09  3.92244369826992307E-03
  1.4716030E-02  3.65004780656813120E+05  6.80911743319069387E+02  7.88253357700026001E-09  4.06793350965091189E-03
  1.4986428E-02  3.65247308526319859E+05  6.85208663783006273E+02  8.47811596298407172E-09  4.21876116942509431E-03
  1.5261692E-02  3.65324161455411988E+05  6.89242055437825343E+02  9.11845864382314701E-09  4.37512136558314627E-03
  1.5541911E-02  3.65232084490500216E+05  6.93000488038139338E+02  9.80691221603039453E-09  4.53721586082273236E-03
  1.5827174E-02  3.64968030465891527E+05  6.96472618549568324E+02  1.05470773686442018E-08  4.70525374874485383E-03
  1.6117570E-02  3.64529175583826669E+05  6.99647226341000874E+02  1.13428235127194614E-08  4.87945171927923506E-03
  1.6413193E-02  3.63912934989680129E+05  7.02513250194381612E+02  1.21983087967062002E-08  5.06003433367152068E-03
  1.6714137E-02  3.63116978277225688E+05  7.05059827109885077E+02  1.31180016107428007E-08  5.24723430936910665E-03
  1.7020498E-02  3.62139244855895289E+05  7.07276332874262039E+02  1.41067036905478651E-08  5.44129281516176656E-03
  1.7332372E-02  3.60977959107899456E+05  7.09152424347965962E+02  1.51695749398246649E-08  5.64245977694029666E-03
  1.7649859E-02  3.59631645259854209E+05  7.10678083414277125E+02  1.63121600989292913E-08  5.85099419445189728E-03
  1.7973061E-02  3.58099141890054278E+05  7.11843662520126031E+02  1.75404173970538317E-08  6.06716446944324025E-03
  1.8302080E-02  3.56379615989740239E+05  7.12639931724310259E+02  1.88607493353769237E-08  6.29124874559449168E-03
  1.8637020E-02  3.54472576494006673E+05  7.13058127153722467E+02  2.02800357595997727E-08  6.52353526066503167E-03
  1.8977989E-02  3.52377887195645133E+05  7.13090000752274136E+02  2.18056693920625939E-08  6.76432271128233481E-03
  1.9325095E-02  3.50095778953285480E+05  7.12727871190887754E+02  2.34455940062943084E-08  7.01392063082336998E-03
  1.9678448E-02  3.47626861103348783E+05  7.11964675789213743E+02  2.52083454404430909E-08  7.27264978084830004E-03
  2.0038160E-02  3.44972131985273678E+05  7.10794023282500007E+02  2.71030956606473293E-08  7.54084255657233148E-03
  2.0404347E-02  3.42132988487868977E+05  7.09210247247726329E+02  2.91397001011044220E-08  7.81884340686588887E-03
  2.0777125E-02  3.39111234525372565E+05  7.07208459984304682E+02  3.13287485244585889E-08  8.10700926929741605E-03
  2.1156612E-02  3.35909088352537656E+05  7.04784606625218089E+02  3.36816196642548288E-08  8.40571002075044503E-03
  2.1542929E-02  3.32529188629430893E+05  7.01935519234072444E+02  3.62105399306759629E-08  8.71532894416213351E-03
  2.1936199E-02  3.28974599148438545E+05  6.98658970623348296E+02  3.89286464817058805E-08  9.03626321195207492E-03
  2.2336547E-02  3.25248812139016984E+05  6.94953727608569466E+02  4.18500549843405332E-08  9.36892438672211336E-03
  2.2744101E-02  3.21355750069718633E+05  6.90819603392454042E+02  4.49899324146294232E-08  9.71373893984204921E-03
  2.3158990E-02  3.17299765870382194E+05  6.86257508752135664E+02  4.83645752712889599E-08  1.00711487885409984E-02
  2.3581346E-02  3.13085641503199120E+05  6.81269501682089754E+02  5.19914936055193236E-08  1.04416118521515489E-02
  2.4011304E-02  3.08718584817042225E+05  6.75858835125083260E+02  5.58895012996358695E-08  1.08256026281820517E-02
  2.4449000E-02  3.04204224625685601E+05  6.70030002403318008E+02  6.00788130593311389E-08  1.12236127889027929E-02
  2.4894575E-02  2.99548603957801766E+05  6.63788779942629276E+02  6.45811486190017602E-08  1.16361517991639875E-02
  2.5348168E-02  2.94758171434247808E+05  6.57142266864046974E+02  6.94198446967643646E-08  1.20637475561791753E-02
  2.5809926E-02  2.89839770736667328E+05  6.50098920999649863E+02  7.46199752757601698E-08  1.25069470520449526E-02
  2.6279994E-02  2.84800628139498993E+05  6.42668590873490530E+02  8.02084808313083564E-08  1.29663170597780417E-02
  2.6758523E-02  2.79648338086777017E+05  6.34862543174311440E+02  8.62143071696219431E-08  1.34424448436815582E-02
  2.7245665E-02  2.74390846804417553E+05  6.26693485235082790E+02  9.26685545934242726E-08  1.39359388948910104E-02
  2.7741574E-02  2.69036433947593847E+05  6.18175582025518452E+02  9.96046381631200115E-08  1.44474296929556784E-02
  2.8246409E-02  2.63593692292810418E+05  6.09324467158778930E+02  1.07058459879476575E-07  1.49775704943577136E-02
  2.8760329E-02  2.58071505493896868E+05  6.00157247413047230E+02  1.15068593675369269E-07  1.55270381488909707E-02
  2.9283500E-02  2.52479023931381555E+05  5.90692500273475957E+02  1.23676484170331745E-07  1.60965339448539309E-02
  2.9816086E-02  2.46825638695408066E+05  5.80950264011005743E+02  1.32926660212813660E-07  1.66867844840441551E-02
  3.0358259E-02  2.41120953753883136E+05  5.70952019832376095E+02  1.42866964311507887E-07  1.72985425875588072E-02
  3.0910189E-02  2.35374756370614574E+05  5.60720665660771147E+02  1.53548799139316465E-07  1.79325882334648058E-02
  3.1472053E-02  2.29596985852178681E+05  5.50280481138900996E+02  1.65027392381887483E-07  1.85897295274077244E-02
  3.2044030E-02  2.23797700718620472E+05  5.39657083485552221E+02  1.77362081297611325E-07  1.92708037072706999E-02
  3.2626301E-02  2.17987044411334937E+05  5.28877373881602693E+02  1.90616618458079927E-07  1.99766781830439562E-02
  3.3219052E-02  2.12175209671512624E+05  5.17969474110545548E+02  2.04859500247745923E-07  2.07082516130765067E-02
  3.3822472E-02  2.06372401744112285E+05  5.06962653229577654E+02  2.20164319819520819E-07  2.14664550179347255E-02
  3.4436752E-02  2.00588800584823184E+05  4.95887244098009489E+02  2.36610146329864381E-07  2.22522529331212367E-02
  3.5062088E-02  1.94834522269567911E+05  4.84774549638116923E+02  2.54281932413296589E-07  2.30666446019513055E-02
  3.5698679E-02  1.89119579825016117E+05  4.73656738748162240E+02  2.73270952002869136E-07  2.39106652099145001E-02
  3.6346728E-02  1.83453843732055946E+05  4.62566731828103286E+02  2.93675270760740051E-07  2.47853871618938758E-02
  3.7006440E-02  1.77847002315314603E+05  4.51538075916812375E+02  3.15600251552477191E-07  2.56919214036563683E-02
  3.7678026E-02  1.72308522289607761E+05  4.40604809478344180E+02  3.39159097580957539E-07  2.66314187890636135E-02
  3.8361699E-02  1.66847609775157907E+05  4.29801316917850897E+02  3.64473435991635183E-07  2.76050714944933336E-02
  3.9057677E-02  1.61473171976746846E+05  4.19162172960201929E+02  3.91673944971679959E-07  2.86141144820049147E-02
  3.9766182E-02  1.56193779771254136E+05  4.08721977090810185E+02  4.20901027592043138E-07  2.96598270128417586E-02
  4.0487438E-02  1.51017631468515290E+05  3.98515178341876151E+02  4.52305535885197454E-07  3.07435342128707795E-02
  4.1221676E-02  1.45952517953872593E+05  3.88575890810586714E+02  4.86049548913288648E-07  3.18666086916225694E-02
  4.1969128E-02  1.41005789422036993E+05  3.78937700418727957E+02  5.22307208863316580E-07  3.30304722166672934E-02
  4.2730034E-02  1.36184323898275063E+05  3.69633463563948283E+02  5.61265619509067475E-07  3.42365974450482835E-02
  4.3504634E-02  1.31494497732345975E+05  3.60695098468665435E+02  6.03125811705517591E-07  3.54865097135854055E-02
  4.4293176E-02  1.26942158241505866E+05  3.52153370199413189E+02  6.48103780932181186E-07  3.67817888898896855E-02
  4.5095910E-02  1.22532598671205080E+05  3.44037670503075162E+02  6.96431602279063565E-07  3.81240712859780145E-02
  4.5913092E-02  1.18270535635066553E+05  3.36375793782360120E+02  7.48358628674774251E-07  3.95150516364279267E-02
  4.6744982E-02  1.14160089188823214E+05  3.29193710706444790E+02  8.04152778592873276E-07  4.09564851430273338E-02
  4.7591844E-02  1.10204765685655337E+05  3.22515341119105415E+02  8.64101919942286237E-07  4.24501895879857080E-02
  4.8453949E-02  1.06407443551950564E+05  3.16362328060439836E+02  9.28515357353057730E-07  4.39980475177370323E-02
  4.9331570E-02  1.02770362113068113E+05  3.10753814855799760E+02  9.97725430612401347E-07  4.56020084994712069E-02
  5.0224986E-02  9.92951135875539476E+04  3.05706227343097169E+02  1.07208923259129886E-06  4.72640914525529129E-02
  5.1134482E-02  9.59826383551626350E+04  3.01233063405732480E+02  1.15199045563152843E-06  4.89863870570164464E-02
  5.2060348E-02  9.28332235889372678E+04  2.97344692053507913E+02  1.23784137604078505E-06  5.07710602414098919E-02
  5.3002878E-02  8.98465053241629503E+04  2.94048164349092076E+02  1.33008498707288893E-06  5.26203527522313835E-02
  5.3962371E-02  8.70214740174866165E+04  2.91347038515081806E+02  1.42919729155517846E-06  5.45365858073322968E-02
  5.4939134E-02  8.43564836278057337E+04  2.89241221576801934E+02  1.53568976617038990E-06  5.65221628356319672E-02
  5.5933476E-02  8.18492642272156227E+04  2.87726829899386928E+02  1.65011201030986904E-06  5.85795723055227216E-02
  5.6945715E-02  7.94969381256986235E+04  2.86796070962720876E+02  1.77305459339452354E-06  6.07113906444510659E-02
  5.7976173E-02  7.72960394675310090E+04  2.86437148681627889E+02  1.90515211561446653E-06  6.29202852521081879E-02
  5.9025177E-02  7.52425372312862455E+04  2.86634194519741243E+02  2.04708649817354540E-06  6.52090176097360891E-02
  6.0093061E-02  7.33318615389724000E+04  2.87367226560569634E+02  2.19959052034788363E-06  6.75804464880688516E-02
  6.1180165E-02  7.15589331536845275E+04  2.88612138586713286E+02  2.36345162198406642E-06  7.00375312564772284E-02
  6.2286835E-02  6.99181960194857675E+04  2.90340721076607053E+02  2.53951599148109235E-06  7.25833352958651506E-02
  6.3413424E-02  6.84036526723531279E+04  2.92520715856896175E+02  2.72869296082732556E-06  7.52210295178693811E-02
  6.4560288E-02  6.70089023272697377E+04  2.95115905947325700E+02  2.93195973090951759E-06  7.79538959930147352E-02
  6.5727795E-02  6.57271814239069499E+04  2.98086241902674544E+02  3.15036645208358077E-06  8.07853316903605345E-02
  6.6916314E-02  6.45514063923121648E+04  3.01388005694091248E+02  3.38504168690653109E-06  8.37188523312390326E-02
  6.8126225E-02  6.34742183805140667E+04  3.04974012879421025E+02  3.63719828398734766E-06  8.67580963596713273E-02
  6.9357912E-02  6.24880296681848922E+04  3.08793853489396099E+02  3.90813969413186959E-06  8.99068290320266389E-02
  7.0611767E-02  6.15850714745397127E+04  3.12794171704571795E+02  4.19926676234751146E-06  9.31689466284393863E-02
  7.1888189E-02  6.07574428545600385E+04  3.16918984018000515E+02  4.51208503184922166E-06  9.65484807884791629E-02
  7.3187585E-02  5.99971603655406798E+04  3.21110035172530388E+02  4.84821259898572080E-06  1.00049602973573237E-01
  7.4510367E-02  5.92962081757251726E+04  3.25307190730574632E+02  5.20938856099892591E-06  1.03676629058523928E-01
  7.5856958E-02  5.86465882786973307E+04  3.29448864682568967E+02  5.59748210175731475E-06  1.07434024054457747E-01
  7.7227784E-02  5.80403704711507817E+04  3.33472480030427334E+02  6.01450226408523389E-06  1.11326406965513533E-01
  7.8623283E-02  5.74697417476100818E+04  3.37314959797700510E+02  6.46260846106452258E-06  1.15358555781353081E-01
  8.0043898E-02  5.69270547638577700E+04  3.40913245424995807E+02  6.94412178273324398E-06  1.19535412607554056E-01
  8.1490082E-02  5.64048750211587321E+04  3.44204839011562683E+02  7.46153715897495774E-06  1.23862088935834905E-01
  8.2962295E-02  5.58960264258998068E+04  3.47128365368026209E+02  8.01753644410379665E-06  1.28343871055844133E-01
  8.4461005E-02  5.53936348840859646E+04  3.49624149357936858E+02  8.61500249373579649E-06  1.32986225610152276E-01
  8.5986689E-02  5.48911695973222377E+04  3.51634803534167816E+02  9.25703431002297047E-06  1.37794805293796785E-01
  8.7539833E-02  5.43824817365981216E+04  3.53105820628503864E+02  9.94696333724926158E-06  1.42775454699683779E-01
  8.9120930E-02  5.38618401823237800E+04  3.53986165036498846E+02  1.06883709961799558E-05  1.47934216310783045E-01
  9.0730485E-02  5.33239640340025362E+04  3.54228857065136935E+02  1.14851075524559255E-05  1.53277336639757511E-01
  9.2369008E-02  5.27640516106646610E+04  3.53791543386219814E+02  1.23413124217764522E-05  1.58811272516542035E-01
  9.4037022E-02  5.21778056838751218E+04  3.52637046873279246E+02  1.32614360226592019E-05  1.64542697523995002E-01
  9.5735058E-02  5.15614547089702901E+04  3.50733888803425600E+02  1.42502632962576509E-05  1.70478508581249022E-01
  9.7463655E-02  5.09117698472609409E+04  3.48056776286391710E+02  1.53129390221008586E-05  1.76625832674179806E-01
  9.9223364E-02  5.02260776023770886E+04  3.44587047748903785E+02  1.64549950687634531E-05  1.82992033731997239E-01
  1.0101474E-01  4.95022679275730407E+04  3.40313069359369536E+02  1.76823797294304739E-05  1.89584719648302147E-01
  1.0283837E-01  4.87387976977148210E+04  3.35230575431340583E+02  1.90014893041621563E-05  1.96411749444547867E-01
  1.0469481E-01  4.79346894794418695E+04  3.29342946097002027E+02  2.04192021034629787E-05  2.03481240573422151E-01
  1.0658467E-01  4.70895255750796641E+04  3.22661415895934795E+02  2.19429150615948034E-05  2.10801576358803811E-01
  1.0850854E-01  4.62034373598017119E+04  3.15205207380961042E+02  2.35805831630298469E-05  2.18381413568342508E-01
  1.1046703E-01  4.52770899761720357E+04  3.07001584403140157E+02  2.53407619016159296E-05  2.26229690114201965E-01
  1.1246078E-01  4.43116624947186501E+04  2.98085820405295806E+02  2.72326530095170275E-05  2.34355632876451919E-01
  1.1449041E-01  4.33088236926684258E+04  2.88501077834847251E+02  2.92661537119159041E-05  2.42768765642858680E-01
  1.1655657E-01  4.22707036442480239E+04  2.78298195693843923E+02  3.14519097839322935E-05  2.51478917157867854E-01
  1.1865992E-01  4.11998613552885945E+04  2.67535383293562575E+02  3.38013727083611394E-05  2.60496229272695168E-01
  1.2080112E-01  4.00992487120565784E+04  2.56277819491161551E+02  3.63268612568043564E-05  2.69831165187190580E-01
  1.2298087E-01  3.89721710506835079E+04  2.44597158070704666E+02  3.90416278427099854E-05  2.79494517773064055E-01
  1.2519984E-01  3.78222446913425883E+04  2.32570941489661436E+02  4.19599300229193562E-05  2.89497417966883830E-01
  1.2745875E-01  3.66533518222987987E+04  2.20281926916925670E+02  4.50971075547268151E-05  2.99851343219816491E-01
  1.2975832E-01  3.54695931652109575E+04  2.07817330273937472E+02  4.84696654483851293E-05  3.10568125989719224E-01
  1.3209927E-01  3.42752389046780590E+04  1.95267995749430213E+02  5.20953634906458081E-05  3.21659962259486287E-01
  1.3448236E-01  3.30746784191532788E+04  1.82727499851057388E+02  5.59933127535521729E-05  3.33139420064215874E-01
  1.3690834E-01  3.18723694125587426E+04  1.70291200335854228E+02  6.01840796445520264E-05  3.45019448007753304E-01
  1.3937798E-01  3.06727870594658925E+04  1.58055241200887622E+02  6.46897980993323260E-05  3.57313383747197455E-01
  1.4189208E-01  2.94803738395744986E+04  1.46115525245472554E+02  6.95342905679197977E-05  3.70034962422300551E-01
  1.4445142E-01  2.82994907613243704E+04  1.34566665544471903E+02  7.47431984978429989E-05  3.83198325004209972E-01
  1.4705682E-01  2.71343705852455278E+04  1.23500926587447751E+02  8.03441230758824139E-05  3.96818026535870394E-01
  1.4970912E-01  2.59890736565341831E+04  1.13007165023306641E+02  8.63667770525155328E-05  4.10909044233916998E-01
  1.5240916E-01  2.48674469142910348E+04  1.03169779197951684E+02  9.28431485410236842E-05  4.25486785419384783E-01
  1.5515779E-01  2.37730865192112433E+04  9.40676763771162854E+01  9.98076777568193782E-05  4.40567095241800655E-01
  1.5795589E-01  2.27093044649629119E+04  8.57732671276040435E+01  1.07297447742349218E-04  4.56166264158170687E-01
  1.6080435E-01  2.16790994488407523E+04  7.83514980312363321E+01  1.15352390209499738E-04  4.72301035125667901E-01
  1.6370408E-01  2.06851321429151139E+04  7.18589365373214974E+01  1.24015507725336787E-04  4.88988610463199358E-01
  1.6665600E-01  1.97297049440826631E+04  6.63429245983049469E+01  1.33333113568871747E-04  5.06246658333912802E-01
  1.6966105E-01  1.88147462537405154E+04  6.18408197338744685E+01  1.43355090697091126E-04  5.24093318796896468E-01
  1.7272018E-01  1.79417993128276430E+04  5.83793424491170612E+01  1.54135171378408928E-04  5.42547209372808537E-01
  1.7583437E-01  1.71120156258530187E+04  5.59740472436311691E+01  1.65731239181858743E-04  5.61627430064086330E-01
  1.7900462E-01  1.63261530052464204E+04  5.46289312813779446E+01  1.78205655151566968E-04  5.81353567765949708E-01
  1.8223192E-01  1.55845782462029674E+04  5.43361910587200612E+01  1.91625610149336284E-04  6.01745700000832384E-01
  1.8551731E-01  1.48872743980891864E+04  5.50761339497591678E+01  2.06063505514537628E-04  6.22824397903647076E-01
  1.8886183E-01  1.42338525362249311E+04  5.68172487382761489E+01  2.21597364371044594E-04  6.44610728380888731E-01
  1.9226654E-01  1.36235678655722804E+04  5.95164371152506533E+01  2.38311276106940888E-04  6.67126255361791265E-01
  1.9573253E-01  1.30553399132445338E+04  6.31194063065117632E+01  2.56295876765413118E-04  6.90393040054646190E-01
  1.9926091E-01  1.25277764950224155E+04  6.75612211375624838E+01  2.75648868316116357E-04  7.14433640116310054E-01
  2.0285279E-01  1.20392010752617989E+04  7.27670117091418263E+01  2.96475580026828200E-04  7.39271107637092917E-01
  2.0650931E-01  1.15876830814824352E+04  7.86528303935950817E+01  3.18889575427131063E-04  7.64928985838677189E-01
  2.1023165E-01  1.11710706859619586E+04  8.51266491639202911E+01  3.43013308650950803E-04  7.91431304376447931E-01
  2.1402098E-01  1.07870255283229599E+04  9.20894855113813975E+01  3.68978834264926459E-04  8.18802573131722333E-01
  2.1787852E-01  1.04330588265945062E+04  9.94366425813072681E+01  3.96928575037000823E-04  8.47067774374826943E-01
  2.2180548E-01  1.01065683103097344E+04  1.07059046808525949E+02  4.27016152476479419E-04  8.76252353172777720E-01
  2.2580312E-01  9.80487540794561210E+03  1.14844664354056377E+02  4.59407285385516706E-04  9.06382205910442162E-01
  2.2987272E-01  9.52526213180764171E+03  1.22679976068418512E+02  4.94280762105310219E-04  9.37483666788247572E-01
  2.3401555E-01  9.26500712523997208E+03  1.30451489532142602E+02  5.31829492620834363E-04  9.69583492153766713E-01
  2.3823295E-01  9.02142036844106406E+03  1.38047265929504874E+02  5.72261647208949860E-04  1.00270884251917591E+00
  2.4252626E-01  8.79187607869444764E+03  1.45358439070493972E+02  6.15801888879181653E-04  1.03688726211093019E+00
  2.4689684E-01  8.57384338696254054E+03  1.52280703764484997E+02  6.62692707468063831E-04  1.07214665579428203E+00
  2.5134608E-01  8.36491442400584674E+03  1.58715750947504660E+02  7.13195863910244142E-04  1.10851526320920124E+00
  2.5587540E-01  8.16282950403117138E+03  1.64572627459720337E+02  7.67593953926396541E-04  1.14602162995117252E+00
  2.6048624E-01  7.96549915088982561E+03  1.69768999150853034E+02  8.26192101143830948E-04  1.18469457562679081E+00
  2.6518007E-01  7.77102276969820286E+03  1.74232297052300424E+02  8.89319790504615178E-04  1.22456315861104703E+00
  2.6995838E-01  7.57770382418818735E+03  1.77900727692972055E+02  9.57332853723039936E-04  1.26565663733142864E+00
  2.7482268E-01  7.38406143601219082E+03  1.80724130251937424E+02  1.03061561953394229E-03  1.30800442790242322E+00
  2.7977454E-01  7.18883837572427092E+03  1.82664665140248218E+02  1.10958324253128903E-03  1.35163605793540298E+00
  2.8481552E-01  6.99100546556214795E+03  1.83697320796261522E+02  1.19468422553771622E-03  1.39658111634915949E+00
  2.8994724E-01  6.78976246114015339E+03  1.83810227977560032E+02  1.28640315167593091E-03  1.44286919900925836E+00
  2.9517131E-01  6.58453552272678371E+03  1.83004773652917152E+02  1.38526364363824044E-03  1.49052985002996174E+00
  3.0048940E-01  6.37497142734501540E+03  1.81295509750527032E+02  1.49183156907649263E-03  1.53959249857845482E+00
  3.0590322E-01  6.16092871131782886E+03  1.78709855501150145E+02  1.60671851256792369E-03  1.59008639102936700E+00
  3.1141447E-01  5.94246597024600760E+03  1.75287595896707103E+02  1.73058553625854189E-03  1.64204051832886977E+00
  3.1702491E-01  5.71982758109510632E+03  1.71080182791055677E+02  1.86414725305138456E-03  1.69548353844259658E+00
  3.2273634E-01  5.49342715029406099E+03  1.66149849260739131E+02  2.00817623809808029E-03  1.75044369377667319E+00
  3.2855056E-01  5.26382903317448290E+03  1.60568551800470942E+02  2.16350780637426581E-03  1.80694872348118030E+00
  3.3446942E-01  5.03172831314996074E+03  1.54416758449954528E+02  2.33104518627869593E-03  1.86502577057153163E+00
  3.4049481E-01  4.79792967122399568E+03  1.47782103677289001E+02  2.51176512149698565E-03  1.92470128382750172E+00
  3.4662865E-01  4.56332561242959673E+03  1.40757932435104578E+02  2.70672393581788571E-03  1.98600091446337146E+00
  3.5287289E-01  4.32887453683477906E+03  1.33441756064655294E+02  2.91706409818723875E-03  2.04894940759934308E+00
  3.5922951E-01  4.09557913635187515E+03  1.25933641822458384E+02  3.14402132803324455E-03  2.11357048860543006E+00
  3.6570054E-01  3.86446554797537465E+03  1.18334556540119735E+02  3.38893228379836230E-03  2.17988674443617558E+00
  3.7228804E-01  3.63656362174063088E+03  1.10744684930954733E+02  3.65324288066544781E-03  2.24791950012645581E+00
  3.7899410E-01  3.41288841317374590E+03  1.03261746610555406E+02  3.93851728666643353E-03  2.31768869068045236E+00
  3.8582086E-01  3.19442290400332422E+03  9.59793450259029441E+01  4.24644764970341648E-03  2.38921272864787770E+00
  3.9277049E-01  2.98210190931208672E+03  8.89853963393249074E+01  4.57886461148430783E-03  2.46250836775524995E+00
  3.9984520E-01  2.77679681883907188E+03  8.23607030362104382E+01  4.93774866796467798E-03  2.53759056304039410E+00
  4.0704724E-01  2.57930112730804922E+03  7.61777472987550937E+01  5.32524243957343147E-03  2.61447232802387397E+00
  4.1437891E-01  2.39031712234716360E+03  7.04997727824524389E+01  5.74366391825784171E-03  2.69316458954543902E+00
  4.2184253E-01  2.21044400998809942E+03  6.53801917033237316E+01  6.19552076217868945E-03  2.77367604099507581E+00
  4.2944048E-01  2.04016831844319677E+03  6.08622947787841184E+01  6.68352571267911717E-03  2.85601299478028903E+00
  4.3717519E-01  1.87985782283437038E+03  5.69791658901403508E+01  7.21061321188820169E-03  2.94017923498534994E+00
  4.4504910E-01  1.72976001424366405E+03  5.37536466491411531E+01  7.77995730293805886E-03  3.02617587130310195E+00
  4.5306473E-01  1.59000539745090373E+03  5.11982127332388117E+01  8.39499089819565822E-03  3.11400119545488385E+00
  4.6122463E-01  1.46061453174494318E+03  4.93147377150045685E+01  9.05942650404282721E-03  3.20365054144687766E+00
  4.6953140E-01  1.34150685870994494E+03  4.80942708437304134E+01  9.77727849346609473E-03  3.29511615115786194E+00
  4.7798767E-01  1.23250955166706035E+03  4.75170318894569590E+01  1.05528870199119631E-02  3.38838704690058368E+00
  4.8659613E-01  1.13336562712663726E+03  4.75527722900808527E+01  1.13909436673590887E-02  3.48344891274917545E+00
  4.9535954E-01  1.04374157955348483E+03  4.81615186462964004E+01  1.22965189321736570E-02  3.58028398657925351E+00
  5.0428067E-01  9.63235179587198672E+02  4.92946059657907938E+01  1.32750916318223819E-02  3.67887096491595234E+00
  5.1336236E-01  8.91383865329922855E+02  5.08958828176404836E+01  1.43325803336662103E-02  3.77918492283980800E+00
  5.2260751E-01  8.27673815776952893E+02  5.29030043835981729E+01  1.54753768935425948E-02  3.88119725133923188E+00
  5.3201906E-01  7.71549574419562191E+02  5.52487684598917141E+01  1.67103821883156922E-02  3.98487561463317119E+00
  5.4160000E-01  7.22423985744955417E+02  5.78624706984468915E+01  1.80450441186309068E-02  4.09018393011153059E+00
  5.5135337E-01  6.79688180855438986E+02  6.06712640076894587E+01  1.94873979472834184E-02  4.19708237364339620E+00
  5.6128229E-01  6.42721375552930567E+02  6.36015098878842693E+01  2.10461090243670434E-02  4.30552741308405462E+00
  5.7138992E-01  6.10900290322237424E+02  6.65801081220614037E+01  2.27305179320920828E-02  4.41547187286520781E+00
  5.8167946E-01  5.83608039518938085E+02  6.95357868090565603E+01  2.45506880591550986E-02  4.52686503257573136E+00
  5.9215420E-01  5.60242359866848346E+02  7.24003296605195175E+01  2.65174555860080464E-02  4.63965276241384394E+00
  6.0281746E-01  5.40223062258364621E+02  7.51097142626254595E+01  2.86424818274052355E-02  4.75377769832231500E+00
  6.1367264E-01  5.22998604354041504E+02  7.76051349377807043E+01  3.09383078361905213E-02  4.86917945949366260E+00
  6.2472320E-01  5.08051699904068869E+02  7.98338868795899543E+01  3.34184111212695936E-02  4.98579491073411685E+00
  6.3597265E-01  4.94903905149947491E+02  8.17500934408722912E+01  3.60972642718069003E-02  5.10355847190764056E+00
  6.4742456E-01  4.83119151321025981E+02  8.33152646639375689E+01  3.89903952074646121E-02  5.22240247632891830E+00
  6.5908260E-01  4.72306222279715371E+02  8.44986814045488615E+01  4.21144486893556963E-02  5.34225757952258373E+00
  6.7095045E-01  4.62120205158597116E+02  8.52776051291162531E+01  4.54872486265618658E-02  5.46305321920802456E+00
  6.8303191E-01  4.52262967468214129E+02  8.56373183876189330E+01  4.91278605966160228E-02  5.58471812669814227E+00
  6.9533081E-01  4.42482735503858407E+02  8.55710050163192619E+01  5.30566538631624118E-02  5.70718088910105781E+00
  7.0785107E-01  4.32572865449021833E+02  8.50794823440337211E+01  5.72953620177751310E-02  5.83037056076952709E+00
  7.2059667E-01  4.22369910309639977E+02  8.41708001447497622E+01  6.18671411931502185E-02  5.95421732135976267E+00
  7.3357167E-01  4.11751092947213579E+02  8.28597228866449740E+01  6.67966245889625443E-02  6.07865317661766991E+00
  7.4678020E-01  4.00631298428715297E+02  8.11671130566925854E+01  7.21099718167751425E-02  6.20361269660052539E+00
  7.6022646E-01  3.88959698184138119E+02  7.91192340663565119E+01  7.78349113036173323E-02  6.32903378446190956E+00
  7.7391472E-01  3.76716114628313562E+02  7.67469915348794416E+01  8.40007736921934423E-02  6.45485846717162737E+00
  7.8784935E-01  3.63907228560950387E+02  7.40851316626797995E+01  9.06385138361776171E-02  6.58103369761292534E+00
  8.0203478E-01  3.50562723405388567E+02  7.11714150007218791E+01  9.77807186087399777E-02  6.70751215538017753E+00
  8.1647552E-01  3.36731450767644390E+02  6.80457832349819398E+01  1.05461597318584357E-01  6.83425303131691919E+00
  8.3117617E-01  3.22477691435949964E+02  6.47495356689122019E+01  1.13716951057959120E-01  6.96122277837819414E+00
  8.4614141E-01  3.07877575279480482E+02  6.13245309189032071E+01  1.22584116789375946E-01  7.08839580878271125E+00
  8.6137599E-01  2.93015712941511822E+02  5.78124279445666218E+01  1.32101881410992356E-01  7.21575511465852681E+00
  8.7688477E-01  2.77982082058133756E+02  5.42539789172462790E+01  1.42310360424594495E-01  7.34329278648872386E+00
  8.9267268E-01  2.62869201001557542E+02  5.06883845891787175E+01  1.53250835166128085E-01  7.47101040066934274E+00
  9.0874475E-01  2.47769614532961015E+02  4.71527207805980098E+01  1.64965541849826369E-01  7.59891924439232014E+00
  9.2510608E-01  2.32773706925323552E+02  4.36814424025068817E+01  1.77497404928561420E-01  7.72704034292301678E+00
  9.4176189E-01  2.17967849651083213E+02  4.03059691702867724E+01  1.90889706493644812E-01  7.85540425117409757E+00
  9.5871747E-01  2.03432883726573635E+02  3.70543549785796458E+01  2.05185682639100586E-01  7.98405056830089421E+00
  9.7597822E-01  1.89242928431925293E+02  3.39510409800916122E+01  2.20428036915444242E-01  8.11302713093809835E+00
  9.9354964E-01  1.75464499673055286E+02  3.10166909177279386E+01  2.36658360219119679E-01  8.24238883767483976E+00
  1.0114373E+00  1.62155914302502396E+02  2.82681063209033425E+01  2.53916445735888174E-01  8.37219605448873594E+00
  1.0296469E+00  1.49366949490316131E+02  2.57182187682849630E+01  2.72239486918334994E-01  8.50251254821454872E+00
  1.0481843E+00  1.37138720627552800E+02  2.33761562866679142E+01  2.91661145978376335E-01  8.63340289274972505E+00
  1.0670553E+00  1.25503739942908680E+02  2.12473806043279758E+01  3.12210480076614449E-01  8.76492929074417937E+00
  1.0862659E+00  1.14486120643908464E+02  1.93338907813072005E+01  3.33910712368035711E-01  8.89714775210752862E+00
  1.1058223E+00  1.04101895826150155E+02  1.76344861930992565E+01  3.56777835411187183E-01  9.03010356996466967E+00
  1.1257307E+00  9.43594324931279971E+01  1.61450779582584047E+01  3.80819035279339357E-01  9.16382603499152282E+00
  1.1459974E+00  8.52599327270229566E+01  1.48590335158557174E+01  4.06030926163849615E-01  9.29832233067997826E+00
  1.1666289E+00  7.67980199848293239E+01  1.37675357589663356E+01  4.32397587495028768E-01  9.43357055551556201E+00
  1.1876317E+00  6.89624095062333851E+01  1.28599376978309046E+01  4.59888398816892252E-01  9.56951182388857902E+00
  1.2090125E+00  6.17366548664976875E+01  1.21240970812354174E+01  4.88455672064299684E-01  9.70604140667017390E+00
  1.2307781E+00  5.50999508404721183E+01  1.15466821867120117E+01  5.18032086765238931E-01  9.84299888581126403E+00
  1.2529354E+00  4.90279611160084556E+01  1.11134479614693227E+01  5.48527941325277602E-01  9.98015731640877490E+00
  1.2754916E+00  4.34936331763712047E+01  1.08094880012293011E+01  5.79828243282442091E-01  1.01172114161536175E+01
  1.2984537E+00  3.84679645165249156E+01  1.06194707249873836E+01  6.11789673622778918E-01  1.02537648379203485E+01
  1.3218291E+00  3.39206932938906434E+01  1.05278667589426078E+01  6.44237475326986386E-01  1.03893166289363457E+01
  1.3456252E+00  2.98208988885357584E+01  1.05191706331753849E+01  6.76962334709364177E-01  1.05232470421303379E+01
  1.3698497E+00  2.61375095674146074E+01  1.05781161039420546E+01  7.09717346255352655E-01  1.06548029449074129E+01
  1.3945101E+00  2.28397227722676988E+01  1.06898812541034154E+01  7.42215177996042974E-01  1.07830831707108832E+01
  1.4196143E+00  1.98973477523369731E+01  1.08402781615402493E+01  7.74125585364625834E-01  1.09070242819647074E+01
  1.4451704E+00  1.72810811666232702E+01  1.10159224100374296E+01  8.05073457254982583E-01  1.10253873614147686E+01
  1.4711864E+00  1.49627252828309238E+01  1.12043788750946813E+01  8.34637618776998380E-01  1.11367466230629084E+01
  1.4976707E+00  1.29153567421490294E+01  1.13942816519136461E+01  8.62350660846304629E-01  1.12394808322006963E+01
  1.5246317E+00  1.11134523103231597E+01  1.15754272565720697E+01  8.87700116733114331E-01  1.13317687414629660E+01
  1.5520779E+00  9.53297689995693176E+00  1.17388411827732444E+01  9.10131358923306433E-01  1.14115899766319906E+01
  1.5800181E+00  8.15143843747257435E+00  1.18768185532393709E+01  9.29052644190394350E-01  1.14767330260530276E+01
  1.6084611E+00  6.94791374036755549E+00  1.19829400512204582E+01  9.43842787562936270E-01  1.15248121769538781E+01
  1.6374161E+00  5.90304932937014915E+00  1.20520646467575325E+01  9.53861992234753098E-01  1.15532953672460330E+01
  1.6668923E+00  4.99904091762489600E+00  1.20803009091053717E+01  9.58466395576397900E-01  1.15595449383330671E+01
  1.6968989E+00  4.21959513155072496E+00  1.20649589521521641E+01  9.57026901516256134E-01  1.15408731282959280E+01
  1.7274456E+00  3.54987679915781751E+00  1.20044852963024216E+01  9.48952843005645086E-01  1.14946137712306982E+01
  1.7585421E+00  2.97644488698634380E+00  1.18983831342214224E+01  9.33720936198348284E-01  1.14182109980267601E+01
  1.7901983E+00  2.48717988516294408E+00  1.17471206399162771E+01  9.10909824614068997E-01  1.13093246989685028E+01
  1.8224242E+00  2.07120514285497359E+00  1.15520300445833026E+01  8.80240232119111843E-01  1.11659510557921973E+01
  1.8552302E+00  1.71880435610333171E+00  1.13152002095254254E+01  8.41620301394551351E-01  1.09865545585132693E+01
  1.8886266E+00  1.42133711540292351E+00  1.10393653555072255E+01  7.95195027559022272E-01  1.07702056230809102E+01
  1.9226241E+00  1.17115413804253854E+00  1.07277924659401585E+01  7.41397722561667472E-01  1.05167153341565562E+01
  1.9572334E+00  9.61513544787231944E-01  1.03841696803465489E+01  6.81000056614735172E-01  1.02267561765098343E+01
  1.9924657E+00  7.86499294316655329E-01  1.00124977499681265E+01  6.15155276413209329E-01  9.90195524177845066E+00
  2.0283321E+00  6.40942663516588684E-01  9.61698635533411839E+00  5.45426510965366873E-01  9.54494478630462950E+00
  2.0648440E+00  5.20347457990777751E-01  9.20195680138214200E+00  4.73788403592646290E-01  9.15935473952162837E+00
  2.1020131E+00  4.20819455137433795E-01  8.77175232641586611E+00  4.02585340639891598E-01  8.74973336873551588E+00
  2.1398511E+00  3.39000421693385512E-01  8.33065696519443044E+00  3.34422879768899506E-01  8.32138611733851086E+00
  2.1783702E+00  2.72006908314220253E-01  7.88282372678182774E+00  2.71960092581043256E-01  7.88012843230360893E+00
  2.2175825E+00  2.17373904707595295E-01  7.43221250869578576E+00  2.17558757787955415E-01  7.43195503688545767E+00
  2.2575006E+00  1.73003339137307061E-01  6.98253800124849722E+00  1.72729812332921284E-01  6.98263320139167121E+00
  2.2981372E+00  1.37117324488325892E-01  6.53722769779343604E+00  1.37297087297518772E-01  6.53722769779334190E+00
  2.3395051E+00  1.08215988177934125E-01  6.09938984464753098E+00  1.08215988177934125E-01  6.09938984464754252E+00
  2.3816176E+00  8.50396734253675846E-02  5.67179106764339735E+00  8.50396734253675846E-02  5.67179106764339735E+00
  2.4244881E+00  6.65352630593230299E-02  5.25684309988692711E+00  6.65352630593230299E-02  5.25684309988692711E+00
  2.4681301E+00  5.18263525466144057E-02  4.85659821718051443E+00  5.18263525466144057E-02  4.85659821718051443E+00
  2.5125576E+00  4.01869844324046557E-02  4.47275240647634664E+00  4.01869844324046557E-02  4.47275240647634664E+00
  2.5577847E+00  3.10186502966526799E-02  4.10665531597991862E+00  3.10186502966526799E-02  4.10665531597991862E+00
  2.6038259E+00  2.38302671284694248E-02  3.75932620552147245E+00  2.38302671284694248E-02  3.75932620552147245E+00
  2.6506957E+00  1.82208412201878209E-02  3.43147463959700882E+00  1.82208412201878209E-02  3.43147463959700882E+00
  2.6984090E+00  1.38645431045436949E-02  3.12352484093077543E+00  1.38645431045436949E-02  3.12352484093077543E+00
  2.7469811E+00  1.04979306147949120E-02  2.83564256450049257E+00  1.04979306147949120E-02  2.83564256450049257E+00
  2.7964275E+00  7.90907292150628757E-03  2.56776338983460795E+00  7.90907292150628757E-03  2.56776338983460795E+00
  2.8467638E+00  5.92834564752653045E-03  2.31962140791402804E+00  5.92834564752653045E-03  2.31962140791402804E+00
  2.8980060E+00  4.42068525139038913E-03  2.09077740548967483E+00  4.42068525139038913E-03  2.09077740548967483E+00
  2.9501705E+00  3.27910928091122407E-03  1.88064582703655159E+00  3.27910928091122407E-03  1.88064582703655159E+00
  3.0032739E+00  2.41932741275075434E-03  1.68852001829974774E+00  2.41932741275075434E-03  1.68852001829974774E+00
  3.0573331E+00  1.77528608210962774E-03  1.51359550647236563E+00  1.77528608210962774E-03  1.51359550647236563E+00
  3.1123652E+00  1.29550671492726071E-03  1.35499131270818163E+00  1.29550671492726071E-03  1.35499131270818163E+00
  3.1683878E+00  9.40093933873477707E-04  1.21176947253817668E+00  9.40093933873477707E-04  1.21176947253817668E+00
  3.2254187E+00  6.78305530976427680E-04  1.08295301458372784E+00  6.78305530976427680E-04  1.08295301458372784E+00
  3.2834761E+00  4.86590288764244790E-04  9.67542603110884913E-01  4.86590288764244790E-04  9.67542603110884913E-01
  3.3425783E+00  3.47012928040970193E-04  8.64531915647112736E-01  3.47012928040970193E-04  8.64531915647112736E-01
  3.4027444E+00  2.45997396648872570E-04  7.72921665475972852E-01  2.45997396648872570E-04  7.72921665475972852E-01
  3.4639933E+00  1.73330331180325455E-04  6.91732062112550450E-01  1.73330331180325455E-04  6.91732062112550450E-01
  3.5263446E+00  1.21375861393765029E-04  6.20013476030703004E-01  1.21375861393765029E-04  6.20013476030703004E-01
  3.5898181E+00  8.44609988928616016E-05  5.56855131910748535E-01  8.44609988928616016E-05  5.56855131910748535E-01
  3.6544340E+00  5.83978301057675749E-05  5.01391791484359195E-01  5.83978301057675749E-05  5.01391791484359195E-01
  3.7202129E+00  4.01146056173151767E-05  4.52808504072052642E-01  4.01146056173151767E-05  4.52808504072052642E-01
  3.7871756E+00  2.73728962406507737E-05  4.10343603765001397E-01  2.73728962406507737E-05  4.10343603765001397E-01
  3.8553436E+00  1.85522685555413894E-05  3.73290228197257157E-01  1.85522685555413894E-05  3.73290228197257157E-01
  3.9247385E+00  1.24875043791120974E-05  3.40996630642907805E-01  1.24875043791120974E-05  3.40996630642907805E-01
  3.9953824E+00  8.34641000617385131E-06  3.12865535360724867E-01  8.34641000617385131E-06  3.12865535360724867E-01
  4.0672978E+00  5.53874124530106983E-06  2.88352767050183423E-01  5.53874124530106983E-06  2.88352767050183423E-01
  4.1405075E+00  3.64880298296656764E-06  2.66965344238963509E-01  3.64880298296656764E-06  2.66965344238963509E-01
  4.2150348E+00  2.38592720815853568E-06  2.48259192667482309E-01  2.38592720815853568E-06  2.48259192667482309E-01
  4.2909035E+00  1.54835167882015100E-06  2.31836605380650151E-01  1.54835167882015100E-06  2.31836605380650151E-01
  4.3681377E+00  9.97067519073547203E-07  2.17343553171372855E-01  9.97067519073547203E-07  2.17343553171372855E-01
  4.4467620E+00  6.37026647846618636E-07  2.04466930385226398E-01  6.37026647846618636E-07  2.04466930385226398E-01
  4.5268014E+00  4.03740986249712159E-07  1.92931805108049081E-01  4.03740986249712159E-07  1.92931805108049081E-01
  4.6082813E+00  2.53800724181912067E-07  1.82498727551268780E-01  2.53800724181912067E-07  1.82498727551268780E-01
  4.6912278E+00  1.58219061144190900E-07  1.72961134474375028E-01  1.58219061144190900E-07  1.72961134474375028E-01
  4.7756671E+00  9.77984733029895303E-08  1.64142870061671414E-01  9.77984733029895303E-08  1.64142870061671414E-01
  4.8616262E+00  5.99293236399140957E-08  1.55895825110303698E-01  5.99293236399140957E-08  1.55895825110303698E-01
  4.9491324E+00  3.64003330450509415E-08  1.48097678305657288E-01  3.64003330450509415E-08  1.48097678305657288E-01
  5.0382136E+00  2.19108021603801397E-08  1.40649708404838841E-01  2.19108021603801397E-08  1.40649708404838841E-01
  5.1288980E+00  1.30684000879204053E-08  1.33474637421219344E-01  1.30684000879204053E-08  1.33474637421219344E-01
  5.2212147E+00  7.72185262450880627E-09  1.26514464955386929E-01  7.72185262450880627E-09  1.26514464955386929E-01
  5.3151928E+00  4.51937632668741891E-09  1.19728263584196762E-01  4.51937632668741891E-09  1.19728263584196762E-01
  5.4108624E+00  2.61948420071663064E-09  1.13089923339962289E-01  2.61948420071663064E-09  1.13089923339962289E-01
  5.5082539E+00  1.50333312123011503E-09  1.06585856208969529E-01  1.50333312123011503E-09  1.06585856208969529E-01
  5.6073983E+00  8.54118864204798038E-10  1.00212694363131585E-01  8.54118864204798038E-10  1.00212694363131585E-01
  5.7083270E+00  4.80314997314906292E-10  9.39750337083719994E-02  4.80314997314906292E-10  9.39750337083719994E-02
  5.8110724E+00  2.67300284545697182E-10  8.78832839001125049E-02  2.67300284545697182E-10  8.78832839001125049E-02
  5.9156669E+00  1.47183238027617361E-10  8.19516865670013028E-02  1.47183238027617361E-10  8.19516865670013028E-02
  6.0221440E+00  8.01719727105650069E-11  7.61965478748498209E-02  8.01719727105650069E-11  7.61965478748498209E-02
  6.1305375E+00  4.31927605456887093E-11  7.06347491925561483E-02  4.31927605456887093E-11  7.06347491925561483E-02
  6.2408818E+00  2.30113192357873800E-11  6.52825134597944390E-02  2.30113192357873800E-11  6.52825134597944390E-02
  6.3532122E+00  1.21207944305831378E-11  6.01544569381417468E-02  1.21207944305831378E-11  6.01544569381417468E-02
  6.4675643E+00  6.31095766608973148E-12  5.52629317836583339E-02  6.31095766608973148E-12  5.52629317836583339E-02
  6.5839745E+00  3.24750427479839380E-12  5.06175951029327609E-02  3.24750427479839380E-12  5.06175951029327609E-02
  6.7024800E+00  1.65122185060403447E-12  4.62251986699316192E-02  1.65122185060403447E-12  4.62251986699316192E-02
  6.8231183E+00  8.29412131108710458E-13  4.20895555562862539E-02  8.29412131108710458E-13  4.20895555562862539E-02
  6.9459279E+00  4.11487076347742148E-13  3.82116466509850455E-02  4.11487076347742148E-13  3.82116466509850455E-02
  7.0709478E+00  2.01589963611496464E-13  3.45898308425328579E-02  2.01589963611496464E-13  3.45898308425328579E-02
  7.1982179E+00  9.75018108062403474E-14  3.12201257338498191E-02  9.75018108062403474E-14  3.12201257338498191E-02
  7.3277786E+00  4.65467427950422622E-14  2.80965299097744384E-02  4.65467427950422622E-14  2.80965299097744384E-02
  7.4596712E+00  2.19279491689908412E-14  2.52113624460948496E-02  2.19279491689908412E-14  2.52113624460948496E-02
  7.5939376E+00  1.01914394781728119E-14  2.25556001398313881E-02  1.01914394781728119E-14  2.25556001398313881E-02
  7.7306206E+00  4.67192536114489298E-15  2.01191975815844803E-02  4.67192536114489298E-15  2.01191975815844803E-02
  7.8697636E+00  2.11188621438224695E-15  1.78913795095165563E-02  2.11188621438224695E-15  1.78913795095165563E-02
  8.0114110E+00  9.41126776331840137E-16  1.58608987757497821E-02  9.41126776331840137E-16  1.58608987757497821E-02
  8.1556077E+00  4.13347048961474272E-16  1.40162566540754079E-02  4.13347048961474272E-16  1.40162566540754079E-02
  8.3023998E+00  1.78876840678232271E-16  1.23458850778976233E-02  1.78876840678232271E-16  1.23458850778976233E-02
  8.4518338E+00  7.62512385938136688E-17  1.08382926799195055E-02  7.62512385938136688E-17  1.08382926799195055E-02
  8.6039574E+00  3.20090699364485175E-17  9.48217818986013018E-03  3.20090699364485175E-17  9.48217818986013018E-03
  8.7588189E+00  1.32283969544953178E-17  8.26651582562111346E-03  1.32283969544953178E-17  8.26651582562111346E-03
  8.9164677E+00  5.38046937300117372E-18  7.18061781135563050E-03  5.38046937300117372E-18  7.18061781135563050E-03
  9.0769539E+00  2.15321143211068635E-18  6.21417913614871840E-03  2.15321143211068635E-18  6.21417913614871840E-03
  9.2403285E+00  8.47569689222118204E-19  5.35730922520105159E-03  8.47569689222118204E-19  5.35730922520105159E-03
  9.4066436E+00  3.28060094218015317E-19  4.60055445616519738E-03  3.28060094218015317E-19  4.60055445616519738E-03
  9.5759521E+00  1.24820382796039276E-19  3.93491455199953578E-03  1.24820382796039276E-19  3.93491455199953578E-03
  9.7483078E+00  4.66696404347327115E-20  3.35185494769960719E-03  4.66696404347327115E-20  3.35185494769960719E-03
  9.9237657E+00  1.71419730076005037E-20  2.84331636923330520E-03  1.71419730076005037E-20  2.84331636923330520E-03
  1.0102381E+01  6.18333747523337956E-21  2.40172215485093743E-03  6.18333747523337956E-21  2.40172215485093743E-03
  1.0284212E+01  2.18966179420823604E-21  2.01998333227071825E-03  2.18966179420823604E-21  2.01998333227071825E-03
  1.0469315E+01  7.60986443256511206E-22  1.69150114802663824E-03  7.60986443256511206E-22  1.69150114802663824E-03
  1.0657750E+01  2.59462213625275015E-22  1.41016660952836183E-03  2.59462213625275015E-22  1.41016660952836183E-03
  1.0849576E+01  8.67598890054590638E-23  1.17035661148260956E-03  8.67598890054590638E-23  1.17035661148260956E-03
  1.1044855E+01  2.84417721510109168E-23  9.66926334131947268E-04  2.84417721510109168E-23  9.66926334131947268E-04
  1.1243648E+01  9.13750377164027159E-24  7.95197776780104414E-04  9.13750377164027159E-24  7.95197776780104414E-04
  1.1446019E+01  2.87592069333206357E-24  6.50944490028273690E-04  2.87592069333206357E-24  6.50944490028273690E-04
  1.1652033E+01  8.86425508550927869E-25  5.30372762601881475E-04  8.86425508550927869E-25  5.30372762601881475E-04
  1.1861754E+01  2.67460054701985575E-25  4.30099682374849744E-04  2.67460054701985575E-25  4.30099682374849744E-04
  1.2075251E+01  7.89694717193044305E-26  3.47128614603169885E-04  7.89694717193044305E-26  3.47128614603169885E-04
  1.2292589E+01  2.28072146439201378E-26  2.78822717895733441E-04  2.28072146439201378E-26  2.78822717895733441E-04
  1.2513840E+01  6.44056214221561766E-27  2.22877151238876499E-04  6.44056214221561766E-27  2.22877151238876499E-04
  1.2739072E+01  1.77760876746171017E-27  1.77290618320341927E-04  1.77760876746171017E-27  1.77290618320341927E-04
  1.2968358E+01  4.79323046246318450E-28  1.40336855775606838E-04  4.79323046246318450E-28  1.40336855775606838E-04
  1.3201771E+01  1.26216265385926532E-28  1.10536608132357568E-04  1.26216265385926532E-28  1.10536608132357568E-04
  1.3439386E+01  3.24420735958097325E-29  8.66305524816907835E-05  3.24420735958097325E-29  8.66305524816907835E-05
  1.3681276E+01  8.13608734613828385E-30  6.75535478656956765E-05  8.13608734613828385E-30  6.75535478656956765E-05
  1.3927521E+01  1.98993876485134128E-30  5.24104945064513729E-05  1.98993876485134128E-30  5.24104945064513729E-05
  1.4178197E+01  4.74438728034462757E-31  4.04540014356004815E-05  4.74438728034462757E-31  4.04540014356004815E-05
  1.4433385E+01  1.10212719918865608E-31  3.10639815718896908E-05  1.10212719918865608E-31  3.10639815718896908E-05
  1.4693166E+01  2.49335914872812652E-32  2.37292233135505527E-05  2.49335914872812652E-32  2.37292233135505527E-05
  1.4957622E+01  5.49066829439388636E-33  1.80309286236074486E-05  5.49066829439388636E-33  1.80309286236074486E-05
  1.5226838E+01  1.17634234045141811E-33  1.36281598326592493E-05  1.17634234045141811E-33  1.36281598326592493E-05
  1.5500900E+01  2.45067840823401280E-34  1.02451006983966759E-05  2.45067840823401280E-34  1.02451006983966759E-05
  1.5779894E+01  4.96196560091480151E-35  7.66001086516850054E-06  4.96196560091480151E-35  7.66001086516850054E-06
  1.6063910E+01  9.75891199586297640E-36  5.69573564589956251E-06  9.75891199586297640E-36  5.69573564589956251E-06
  1.6353038E+01  1.86332718766314802E-36  4.21162370172205318E-06  1.86332718766314802E-36  4.21162370172205318E-06
  1.6647369E+01  3.45200146391681239E-37  3.09670235433528677E-06  3.45200146391681239E-37  3.09670235433528677E-06
  1.6946998E+01  6.20147524846794587E-38  2.26396258884399175E-06  6.20147524846794587E-38  2.26396258884399175E-06
  1.7252019E+01  1.07969991283602670E-38  1.64561203561433722E-06  1.07969991283602670E-38  1.64561203561433722E-06
  1.7562531E+01  1.82066663998999700E-39  1.18916323370398678E-06  1.82066663998999700E-39  1.18916323370398678E-06
  1.7878631E+01  2.97170464771006996E-40  8.54235303999378136E-07  2.97170464771006996E-40  8.54235303999378136E-07
  1.8200420E+01  4.69191496858546912E-41  6.09958987080516697E-07  4.69191496858546912E-41  6.09958987080516697E-07
  1.8528001E+01  7.16107032423682454E-42  4.32887177467681867E-07  7.16107032423682454E-42  4.32887177467681867E-07
  1.8861477E+01  1.05583328179889115E-42  3.05325108961186026E-07  1.05583328179889115E-42  3.05325108961186026E-07
  1.9200956E+01  1.50279770855112495E-43  2.14005844874945522E-07  1.50279770855112495E-43  2.14005844874945522E-07
  1.9546545E+01  2.06339848687648561E-44  1.49047446653856550E-07  2.06339848687648561E-44  1.49047446653856550E-07
  1.9898354E+01  2.73101305244002499E-45  1.03137975330047760E-07  2.73101305244002499E-45  1.03137975330047760E-07
  2.0256494E+01  3.48171941444646234E-46  7.09032408278033208E-08  3.48171941444646234E-46  7.09032408278033208E-08
  2.0621081E+01  4.27222753369973603E-47  4.84199330099117492E-08  4.27222753369973603E-47  4.84199330099117492E-08
  2.0992229E+01  5.04146038963182371E-48  3.28434693855187202E-08  5.04146038963182371E-48  3.28434693855187202E-08
  2.1370058E+01  5.71662034583546173E-49  2.21256332355543647E-08  5.71662034583546173E-49  2.21256332355543647E-08
  2.1754687E+01  6.22344927321848750E-50  1.48019287548185707E-08  6.22344927321848750E-50  1.48019287548185707E-08
  2.2146238E+01  6.49900691119224368E-51  9.83263497771014656E-09  6.49900691119224368E-51  9.83263497771014656E-09
  2.2544837E+01  6.50412235032825410E-52  6.48489059582735990E-09  6.50412235032825410E-52  6.48489059582735990E-09
  2.2950609E+01  6.23223379501276398E-53  4.24587987210199318E-09  6.23223379501276398E-53  4.24587987210199318E-09
  2.3363685E+01  5.71194722909413822E-54  2.75940428607081277E-09  5.71194722909413822E-54  2.75940428607081277E-09
  2.3784196E+01  5.00225200815137371E-55  1.77989725945767229E-09  5.00225200815137371E-55  1.77989725945767229E-09
  2.4212275E+01  4.18143638105249037E-56  1.13934443394624751E-09  4.18143638105249037E-56  1.13934443394624751E-09
  2.4648059E+01  3.33259203130629567E-57  7.23674662563060819E-10  3.33259203130629567E-57  7.23674662563060819E-10
  2.5091685E+01  2.52948753105540593E-58  4.56044024869913854E-10  2.52948753105540593E-58  4.56044024869913854E-10
  2.5543297E+01  1.82620886327142658E-59  2.85096167729545739E-10  1.82620886327142658E-59  2.85096167729545739E-10
  2.6003037E+01  1.25251815018544009E-60  1.76784489559574562E-10  1.25251815018544009E-60  1.76784489559574562E-10
  2.6471051E+01  8.14991380097429682E-62  1.08719742402169327E-10  8.14991380097429682E-62  1.08719742402169327E-10
  2.6947488E+01  5.02395007300868829E-63  6.63019266629774222E-11  5.02395007300868829E-63  6.63019266629774222E-11
  2.7432501E+01  2.92963096542814283E-64  4.00906519795605825E-11  2.92963096542814283E-64  4.00906519795605825E-11
  2.7926243E+01  1.61349223546767648E-65  2.40326843349357456E-11  1.61349223546767648E-65  2.40326843349357456E-11
  2.8428872E+01  8.37859284864923414E-67  1.42805722797708398E-11  8.37859284864923414E-67  1.42805722797708398E-11
  2.8940546E+01  4.09481591065514308E-68  8.41035525732484892E-12  4.09481591065514308E-68  8.41035525732484892E-12
  2.9461431E+01  1.87975169411249104E-69  4.90851829053703844E-12  1.87975169411249104E-69  4.90851829053703844E-12
  2.9991690E+01  8.08788259261320529E-71  2.83853747516739855E-12  8.08788259261320529E-71  2.83853747516739855E-12
  3.0531493E+01  3.25392195218055275E-72  1.62625062644068450E-12  3.25392195218055275E-72  1.62625062644068450E-12
  3.1081011E+01  1.22086484052117007E-73  9.22930613301871568E-13  1.22086484052117007E-73  9.22930613301871568E-13
  3.1640420E+01  4.25906258845775281E-75  5.18775090387103108E-13  4.25906258845775281E-75  5.18775090387103108E-13
  3.2209897E+01  1.37671777943444453E-76  2.88773345639869403E-13  1.37671777943444453E-76  2.88773345639869403E-13
  3.2789624E+01  0.00000000000000000E+00  1.59163016773353124E-13  0.00000000000000000E+00  1.59163016773353124E-13
  3.3379784E+01  0.00000000000000000E+00  8.68506657660513303E-14  0.00000000000000000E+00  8.68506657660513303E-14
  3.3980567E+01  0.00000000000000000E+00  4.69125061941744159E-14  0.00000000000000000E+00  4.69125061941744159E-14
  3.4592162E+01  0.00000000000000000E+00  2.50799649955455790E-14  0.00000000000000000E+00  2.50799649955455790E-14
  3.5214766E+01  0.00000000000000000E+00  1.32686583137779622E-14  0.00000000000000000E+00  1.32686583137779622E-14
  3.5848575E+01  0.00000000000000000E+00  6.94585433139555633E-15  0.00000000000000000E+00  6.94585433139555633E-15
  3.6493791E+01  0.00000000000000000E+00  3.59715212169059844E-15  0.00000000000000000E+00  3.59715212169059844E-15
  3.7150620E+01  0.00000000000000000E+00  1.84274499298129777E-15  0.00000000000000000E+00  1.84274499298129777E-15
  3.7819271E+01  0.00000000000000000E+00  9.33644042326832590E-16  0.00000000000000000E+00  9.33644042326832590E-16
  3.8499957E+01  0.00000000000000000E+00  4.67782258934356269E-16  0.00000000000000000E+00  4.67782258934356269E-16
  3.9192893E+01  0.00000000000000000E+00  2.31732766716720153E-16  0.00000000000000000E+00  2.31732766716720153E-16
  3.9898302E+01  0.00000000000000000E+00  1.13487010902019617E-16  0.00000000000000000E+00  1.13487010902019617E-16
  4.0616406E+01  0.00000000000000000E+00  5.49357253690331047E-17  0.00000000000000000E+00  5.49357253690331047E-17
  4.1347435E+01  0.00000000000000000E+00  2.62812620063040916E-17  0.00000000000000000E+00  2.62812620063040916E-17
  4.2091621E+01  0.00000000000000000E+00  1.24237239966140474E-17  0.00000000000000000E+00  1.24237239966140474E-17
  4.2849201E+01  0.00000000000000000E+00  5.80232061878757369E-18  0.00000000000000000E+00  5.80232061878757369E-18
  4.3620417E+01  0.00000000000000000E+00  2.67685242775114253E-18  0.00000000000000000E+00  2.67685242775114253E-18
  4.4405513E+01  0.00000000000000000E+00  1.21968136395576532E-18  0.00000000000000000E+00  1.21968136395576532E-18
  4.5204739E+01  0.00000000000000000E+00  5.48771844000273290E-19  0.00000000000000000E+00  5.48771844000273290E-19
  4.6018350E+01  0.00000000000000000E+00  2.43771222091760535E-19  0.00000000000000000E+00  2.43771222091760535E-19
  4.6846604E+01  0.00000000000000000E+00  1.06890145982714885E-19  0.00000000000000000E+00  1.06890145982714885E-19
  4.7689766E+01  0.00000000000000000E+00  4.62564830182772612E-20  0.00000000000000000E+00  4.62564830182772612E-20
  4.8548102E+01  0.00000000000000000E+00  1.97514230816125675E-20  0.00000000000000000E+00  1.97514230816125675E-20
  4.9421888E+01  0.00000000000000000E+00  8.32002878606210468E-21  0.00000000000000000E+00  8.32002878606210468E-21
  5.0311400E+01  0.00000000000000000E+00  3.45665547877365105E-21  0.00000000000000000E+00  3.45665547877365105E-21
  5.1216922E+01  0.00000000000000000E+00  1.41609757694575229E-21  0.00000000000000000E+00  1.41609757694575229E-21
  5.2138741E+01  0.00000000000000000E+00  5.71913818765821578E-22  0.00000000000000000E+00  5.71913818765821578E-22
  5.3077152E+01  0.00000000000000000E+00  2.27644309679932669E-22  0.00000000000000000E+00  2.27644309679932669E-22
  5.4032452E+01  0.00000000000000000E+00  8.92811328395388397E-23  0.00000000000000000E+00  8.92811328395388397E-23
  5.5004946E+01  0.00000000000000000E+00  3.44920715973490280E-23  0.00000000000000000E+00  3.44920715973490280E-23
  5.5994943E+01  0.00000000000000000E+00  1.31223217415798757E-23  0.00000000000000000E+00  1.31223217415798757E-23
  5.7002759E+01  0.00000000000000000E+00  4.91477563657541492E-24  0.00000000000000000E+00  4.91477563657541492E-24
  5.8028713E+01  0.00000000000000000E+00  1.81160203375548450E-24  0.00000000000000000E+00  1.81160203375548450E-24
  5.9073133E+01  0.00000000000000000E+00  6.56972798573762118E-25  0.00000000000000000E+00  6.56972798573762118E-25
  6.0136350E+01  0.00000000000000000E+00  2.34320960144140960E-25  0.00000000000000000E+00  2.34320960144140960E-25
  6.1218704E+01  0.00000000000000000E+00  8.21679399251509822E-26  0.00000000000000000E+00  8.21679399251509822E-26
  6.2320538E+01  0.00000000000000000E+00  2.83182041039232143E-26  0.00000000000000000E+00  2.83182041039232143E-26
  6.3442202E+01  0.00000000000000000E+00  9.58826555317465210E-27  0.00000000000000000E+00  9.58826555317465210E-27
  6.4584055E+01  0.00000000000000000E+00  3.18831346809812445E-27  0.00000000000000000E+00  3.18831346809812445E-27
  6.5746460E+01  0.00000000000000000E+00  1.04077626020330803E-27  0.00000000000000000E+00  1.04077626020330803E-27
  6.6929785E+01  0.00000000000000000E+00  3.33389629182876364E-28  0.00000000000000000E+00  3.33389629182876364E-28
  6.8134408E+01  0.00000000000000000E+00  1.04753604472506687E-28  0.00000000000000000E+00  1.04753604472506687E-28
  6.9360713E+01  0.00000000000000000E+00  3.22720242257513559E-29  0.00000000000000000E+00  3.22720242257513559E-29
  7.0609088E+01  0.00000000000000000E+00  9.74356499460218992E-30  0.00000000000000000E+00  9.74356499460218992E-30
  7.1879932E+01  0.00000000000000000E+00  2.88195513028834437E-30  0.00000000000000000E+00  2.88195513028834437E-30
  7.3173650E+01  0.00000000000000000E+00  8.34211362227893864E-31  0.00000000000000000E+00  8.34211362227893864E-31
  7.4490651E+01  0.00000000000000000E+00  2.36175265806432278E-31  0.00000000000000000E+00  2.36175265806432278E-31
  7.5831357E+01  0.00000000000000000E+00  6.56247446031969792E-32  0.00000000000000000E+00  6.56247446031969792E-32
  7.7196192E+01  0.00000000000000000E+00  1.78790130667731017E-32  0.00000000000000000E+00  1.78790130667731017E-32
  7.8585593E+01  0.00000000000000000E+00  4.95135309148035926E-33  0.00000000000000000E+00  4.95135309148035926E-33
  8.0000000E+01  0.00000000000000000E+00  1.00943418409686122E-33  0.00000000000000000E+00  1.00943418409686122E-33
