  0.0000000E+00  0.0000000E+00  0.0000000E+00  7.1168301E+00
  5.5354426E-06 -6.9178515E-05 -1.0857332E-04  7.1168301E+00
  1.1170513E-05 -1.3960212E-04 -2.1910077E-04  7.1168301E+00
  1.6907005E-05 -2.1129323E-04 -3.3161751E-04  7.1168301E+00
  2.2746744E-05 -2.8427464E-04 -4.4615936E-04  7.1168301E+00
  2.8691588E-05 -3.5856960E-04 -5.6276276E-04  7.1168301E+00
  3.4743428E-05 -4.3420173E-04 -6.8146481E-04  7.1168301E+00
  4.0904191E-05 -5.1119511E-04 -8.0230329E-04  7.1168301E+00
  4.7175837E-05 -5.8957423E-04 -9.2531665E-04  7.1168301E+00
  5.3560361E-05 -6.6936404E-04 -1.0505440E-03  7.1168301E+00
  6.0059795E-05 -7.5058992E-04 -1.1780253E-03  7.1168301E+00
  6.6676208E-05 -8.3327773E-04 -1.3078010E-03  7.1168301E+00
  7.3411704E-05 -9.1745377E-04 -1.4399124E-03  7.1168301E+00
  8.0268427E-05 -1.0031448E-03 -1.5744016E-03  7.1168301E+00
  8.7248560E-05 -1.0903782E-03 -1.7113113E-03  7.1168300E+00
  9.4354322E-05 -1.1791816E-03 -1.8506852E-03  7.1168300E+00
  1.0158798E-04 -1.2695833E-03 -1.9925676E-03  7.1168300E+00
  1.0895182E-04 -1.3616120E-03 -2.1370036E-03  7.1168300E+00
  1.1644820E-04 -1.4552971E-03 -2.2840392E-03  7.1168300E+00
  1.2407951E-04 -1.5506684E-03 -2.4337212E-03  7.1168299E+00
  1.3184816E-04 -1.6477562E-03 -2.5860972E-03  7.1168299E+00
  1.3975664E-04 -1.7465914E-03 -2.7412157E-03  7.1168299E+00
  1.4780745E-04 -1.8472055E-03 -2.8991260E-03  7.1168298E+00
  1.5600317E-04 -1.9496305E-03 -3.0598785E-03  7.1168298E+00
  1.6434639E-04 -2.0538989E-03 -3.2235242E-03  7.1168298E+00
  1.7283978E-04 -2.1600439E-03 -3.3901152E-03  7.1168297E+00
  1.8148603E-04 -2.2680994E-03 -3.5597046E-03  7.1168297E+00
  1.9028790E-04 -2.3780997E-03 -3.7323463E-03  7.1168297E+00
  1.9924819E-04 -2.4900798E-03 -3.9080952E-03  7.1168296E+00
  2.0836975E-04 -2.6040754E-03 -4.0870073E-03  7.1168296E+00
  2.1765548E-04 -2.7201226E-03 -4.2691395E-03  7.1168295E+00
  2.2710833E-04 -2.8382585E-03 -4.4545498E-03  7.1168295E+00
  2.3673132E-04 -2.9585207E-03 -4.6432971E-03  7.1168294E+00
  2.4652751E-04 -3.0809473E-03 -4.8354415E-03  7.1168293E+00
  2.5650001E-04 -3.2055774E-03 -5.0310442E-03  7.1168293E+00
  2.6665200E-04 -3.3324507E-03 -5.2301674E-03  7.1168292E+00
  2.7698671E-04 -3.4616074E-03 -5.4328745E-03  7.1168291E+00
  2.8750742E-04 -3.5930887E-03 -5.6392299E-03  7.1168290E+00
  2.9821749E-04 -3.7269365E-03 -5.8492993E-03  7.1168290E+00
  3.0912032E-04 -3.8631933E-03 -6.0631497E-03  7.1168289E+00
  3.2021938E-04 -4.0019024E-03 -6.2808489E-03  7.1168288E+00
  3.3151820E-04 -4.1431081E-03 -6.5024663E-03  7.1168287E+00
  3.4302039E-04 -4.2868552E-03 -6.7280725E-03  7.1168286E+00
  3.5472959E-04 -4.4331895E-03 -6.9577392E-03  7.1168285E+00
  3.6664954E-04 -4.5821576E-03 -7.1915394E-03  7.1168283E+00
  3.7878402E-04 -4.7338069E-03 -7.4295477E-03  7.1168282E+00
  3.9113691E-04 -4.8881855E-03 -7.6718397E-03  7.1168281E+00
  4.0371212E-04 -5.0453427E-03 -7.9184925E-03  7.1168280E+00
  4.1651367E-04 -5.2053285E-03 -8.1695846E-03  7.1168278E+00
  4.2954562E-04 -5.3681937E-03 -8.4251959E-03  7.1168277E+00
  4.4281212E-04 -5.5339902E-03 -8.6854077E-03  7.1168275E+00
  4.5631740E-04 -5.7027707E-03 -8.9503029E-03  7.1168274E+00
  4.7006575E-04 -5.8745890E-03 -9.2199657E-03  7.1168272E+00
  4.8406154E-04 -6.0494998E-03 -9.4944820E-03  7.1168270E+00
  4.9830924E-04 -6.2275586E-03 -9.7739391E-03  7.1168268E+00
  5.1281336E-04 -6.4088221E-03 -1.0058426E-02  7.1168266E+00
  5.2757854E-04 -6.5933481E-03 -1.0348033E-02  7.1168264E+00
  5.4260946E-04 -6.7811952E-03 -1.0642852E-02  7.1168262E+00
  5.5791092E-04 -6.9724232E-03 -1.0942978E-02  7.1168260E+00
  5.7348777E-04 -7.1670930E-03 -1.1248506E-02  7.1168258E+00
  5.8934497E-04 -7.3652665E-03 -1.1559532E-02  7.1168255E+00
  6.0548758E-04 -7.5670068E-03 -1.1876156E-02  7.1168252E+00
  6.2192073E-04 -7.7723781E-03 -1.2198479E-02  7.1168250E+00
  6.3864965E-04 -7.9814456E-03 -1.2526603E-02  7.1168247E+00
  6.5567965E-04 -8.1942760E-03 -1.2860633E-02  7.1168244E+00
  6.7301617E-04 -8.4109370E-03 -1.3200675E-02  7.1168241E+00
  6.9066471E-04 -8.6314975E-03 -1.3546837E-02  7.1168238E+00
  7.0863090E-04 -8.8560277E-03 -1.3899229E-02  7.1168234E+00
  7.2692044E-04 -9.0845990E-03 -1.4257963E-02  7.1168231E+00
  7.4553917E-04 -9.3172843E-03 -1.4623154E-02  7.1168227E+00
  7.6449299E-04 -9.5541574E-03 -1.4994918E-02  7.1168223E+00
  7.8378796E-04 -9.7952939E-03 -1.5373373E-02  7.1168219E+00
  8.0343020E-04 -1.0040770E-02 -1.5758640E-02  7.1168215E+00
  8.2342596E-04 -1.0290665E-02 -1.6150840E-02  7.1168211E+00
  8.4378161E-04 -1.0545057E-02 -1.6550100E-02  7.1168206E+00
  8.6450363E-04 -1.0804028E-02 -1.6956545E-02  7.1168202E+00
  8.8559861E-04 -1.1067660E-02 -1.7370306E-02  7.1168197E+00
  9.0707326E-04 -1.1336037E-02 -1.7791513E-02  7.1168192E+00
  9.2893442E-04 -1.1609244E-02 -1.8220302E-02  7.1168186E+00
  9.5118903E-04 -1.1887368E-02 -1.8656808E-02  7.1168181E+00
  9.7384420E-04 -1.2170498E-02 -1.9101170E-02  7.1168175E+00
  9.9690711E-04 -1.2458724E-02 -1.9553530E-02  7.1168169E+00
  1.0203851E-03 -1.2752138E-02 -2.0014031E-02  7.1168163E+00
  1.0442857E-03 -1.3050832E-02 -2.0482821E-02  7.1168156E+00
  1.0686164E-03 -1.3354903E-02 -2.0960048E-02  7.1168149E+00
  1.0933851E-03 -1.3664446E-02 -2.1445864E-02  7.1168142E+00
  1.1185995E-03 -1.3979560E-02 -2.1940424E-02  7.1168134E+00
  1.1442678E-03 -1.4300346E-02 -2.2443885E-02  7.1168127E+00
  1.1703980E-03 -1.4626905E-02 -2.2956408E-02  7.1168119E+00
  1.1969985E-03 -1.4959342E-02 -2.3478155E-02  7.1168110E+00
  1.2240778E-03 -1.5297763E-02 -2.4009292E-02  7.1168102E+00
  1.2516445E-03 -1.5642274E-02 -2.4549989E-02  7.1168092E+00
  1.2797073E-03 -1.5992986E-02 -2.5100417E-02  7.1168083E+00
  1.3082753E-03 -1.6350009E-02 -2.5660752E-02  7.1168073E+00
  1.3373573E-03 -1.6713459E-02 -2.6231172E-02  7.1168063E+00
  1.3669628E-03 -1.7083450E-02 -2.6811859E-02  7.1168052E+00
  1.3971012E-03 -1.7460101E-02 -2.7402996E-02  7.1168041E+00
  1.4277820E-03 -1.7843530E-02 -2.8004773E-02  7.1168029E+00
  1.4590150E-03 -1.8233861E-02 -2.8617381E-02  7.1168017E+00
  1.4908101E-03 -1.8631216E-02 -2.9241015E-02  7.1168005E+00
  1.5231775E-03 -1.9035724E-02 -2.9875872E-02  7.1167992E+00
  1.5561274E-03 -1.9447512E-02 -3.0522156E-02  7.1167978E+00
  1.5896704E-03 -1.9866711E-02 -3.1180072E-02  7.1167964E+00
  1.6238171E-03 -2.0293455E-02 -3.1849829E-02  7.1167950E+00
  1.6585784E-03 -2.0727880E-02 -3.2531640E-02  7.1167934E+00
  1.6939653E-03 -2.1170124E-02 -3.3225722E-02  7.1167919E+00
  1.7299891E-03 -2.1620327E-02 -3.3932297E-02  7.1167902E+00
  1.7666613E-03 -2.2078633E-02 -3.4651588E-02  7.1167885E+00
  1.8039935E-03 -2.2545188E-02 -3.5383825E-02  7.1167867E+00
  1.8419977E-03 -2.3020140E-02 -3.6129241E-02  7.1167849E+00
  1.8806858E-03 -2.3503640E-02 -3.6888073E-02  7.1167830E+00
  1.9200703E-03 -2.3995843E-02 -3.7660562E-02  7.1167810E+00
  1.9601636E-03 -2.4496904E-02 -3.8446955E-02  7.1167789E+00
  2.0009785E-03 -2.5006983E-02 -3.9247501E-02  7.1167767E+00
  2.0425280E-03 -2.5526243E-02 -4.0062455E-02  7.1167745E+00
  2.0848253E-03 -2.6054849E-02 -4.0892076E-02  7.1167722E+00
  2.1278840E-03 -2.6592969E-02 -4.1736629E-02  7.1167697E+00
  2.1717175E-03 -2.7140774E-02 -4.2596382E-02  7.1167672E+00
  2.2163401E-03 -2.7698438E-02 -4.3471609E-02  7.1167646E+00
  2.2617657E-03 -2.8266139E-02 -4.4362587E-02  7.1167619E+00
  2.3080089E-03 -2.8844058E-02 -4.5269602E-02  7.1167591E+00
  2.3550844E-03 -2.9432379E-02 -4.6192941E-02  7.1167562E+00
  2.4030072E-03 -3.0031288E-02 -4.7132897E-02  7.1167531E+00
  2.4517926E-03 -3.0640977E-02 -4.8089771E-02  7.1167500E+00
  2.5014559E-03 -3.1261639E-02 -4.9063867E-02  7.1167467E+00
  2.5520132E-03 -3.1893471E-02 -5.0055494E-02  7.1167433E+00
  2.6034803E-03 -3.2536676E-02 -5.1064968E-02  7.1167397E+00
  2.6558738E-03 -3.3191457E-02 -5.2092610E-02  7.1167361E+00
  2.7092103E-03 -3.3858023E-02 -5.3138747E-02  7.1167322E+00
  2.7635067E-03 -3.4536586E-02 -5.4203712E-02  7.1167283E+00
  2.8187804E-03 -3.5227362E-02 -5.5287844E-02  7.1167242E+00
  2.8750489E-03 -3.5930571E-02 -5.6391488E-02  7.1167199E+00
  2.9323301E-03 -3.6646436E-02 -5.7514995E-02  7.1167155E+00
  2.9906423E-03 -3.7375185E-02 -5.8658722E-02  7.1167108E+00
  3.0500040E-03 -3.8117051E-02 -5.9823033E-02  7.1167061E+00
  3.1104341E-03 -3.8872269E-02 -6.1008299E-02  7.1167011E+00
  3.1719519E-03 -3.9641080E-02 -6.2214897E-02  7.1166959E+00
  3.2345769E-03 -4.0423727E-02 -6.3443210E-02  7.1166906E+00
  3.2983290E-03 -4.1220462E-02 -6.4693630E-02  7.1166850E+00
  3.3632285E-03 -4.2031535E-02 -6.5966554E-02  7.1166793E+00
  3.4292961E-03 -4.2857207E-02 -6.7262387E-02  7.1166733E+00
  3.4965528E-03 -4.3697740E-02 -6.8581542E-02  7.1166671E+00
  3.5650200E-03 -4.4553400E-02 -6.9924437E-02  7.1166606E+00
  3.6347195E-03 -4.5424461E-02 -7.1291502E-02  7.1166539E+00
  3.7056734E-03 -4.6311199E-02 -7.2683169E-02  7.1166470E+00
  3.7779045E-03 -4.7213898E-02 -7.4099883E-02  7.1166398E+00
  3.8514355E-03 -4.8132843E-02 -7.5542093E-02  7.1166323E+00
  3.9262900E-03 -4.9068327E-02 -7.7010259E-02  7.1166245E+00
  4.0024917E-03 -5.0020649E-02 -7.8504847E-02  7.1166165E+00
  4.0800649E-03 -5.0990110E-02 -8.0026333E-02  7.1166081E+00
  4.1590343E-03 -5.1977021E-02 -8.1575202E-02  7.1165994E+00
  4.2394250E-03 -5.2981694E-02 -8.3151945E-02  7.1165904E+00
  4.3212626E-03 -5.4004449E-02 -8.4757064E-02  7.1165811E+00
  4.4045731E-03 -5.5045612E-02 -8.6391071E-02  7.1165714E+00
  4.4893830E-03 -5.6105514E-02 -8.8054484E-02  7.1165613E+00
  4.5757194E-03 -5.7184492E-02 -8.9747833E-02  7.1165509E+00
  4.6636097E-03 -5.8282891E-02 -9.1471656E-02  7.1165401E+00
  4.7530819E-03 -5.9401058E-02 -9.3226502E-02  7.1165288E+00
  4.8441644E-03 -6.0539350E-02 -9.5012930E-02  7.1165172E+00
  4.9368862E-03 -6.1698130E-02 -9.6831506E-02  7.1165051E+00
  5.0312769E-03 -6.2877766E-02 -9.8682810E-02  7.1164925E+00
  5.1273664E-03 -6.4078633E-02 -1.0056743E-01  7.1164795E+00
  5.2251854E-03 -6.5301113E-02 -1.0248597E-01  7.1164660E+00
  5.3247649E-03 -6.6545596E-02 -1.0443903E-01  7.1164520E+00
  5.4261367E-03 -6.7812478E-02 -1.0642724E-01  7.1164374E+00
  5.5293330E-03 -6.9102161E-02 -1.0845123E-01  7.1164224E+00
  5.6343867E-03 -7.0415056E-02 -1.1051164E-01  7.1164067E+00
  5.7413311E-03 -7.1751581E-02 -1.1260913E-01  7.1163905E+00
  5.8502003E-03 -7.3112161E-02 -1.1474437E-01  7.1163737E+00
  5.9610290E-03 -7.4497229E-02 -1.1691803E-01  7.1163562E+00
  6.0738524E-03 -7.5907226E-02 -1.1913081E-01  7.1163381E+00
  6.1887065E-03 -7.7342600E-02 -1.2138341E-01  7.1163193E+00
  6.3056277E-03 -7.8803808E-02 -1.2367655E-01  7.1162998E+00
  6.4246533E-03 -8.0291316E-02 -1.2601095E-01  7.1162796E+00
  6.5458211E-03 -8.1805596E-02 -1.2838735E-01  7.1162587E+00
  6.6691697E-03 -8.3347131E-02 -1.3080652E-01  7.1162369E+00
  6.7947384E-03 -8.4916410E-02 -1.3326923E-01  7.1162144E+00
  6.9225671E-03 -8.6513934E-02 -1.3577624E-01  7.1161910E+00
  7.0526965E-03 -8.8140210E-02 -1.3832837E-01  7.1161667E+00
  7.1851680E-03 -8.9795756E-02 -1.4092643E-01  7.1161416E+00
  7.3200238E-03 -9.1481099E-02 -1.4357123E-01  7.1161155E+00
  7.4573067E-03 -9.3196776E-02 -1.4626363E-01  7.1160884E+00
  7.5970605E-03 -9.4943331E-02 -1.4900447E-01  7.1160604E+00
  7.7393296E-03 -9.6721322E-02 -1.5179463E-01  7.1160313E+00
  7.8841592E-03 -9.8531313E-02 -1.5463500E-01  7.1160011E+00
  8.0315956E-03 -1.0037388E-01 -1.5752647E-01  7.1159698E+00
  8.1816856E-03 -1.0224961E-01 -1.6046997E-01  7.1159373E+00
  8.3344769E-03 -1.0415910E-01 -1.6346644E-01  7.1159037E+00
  8.4900181E-03 -1.0610296E-01 -1.6651682E-01  7.1158688E+00
  8.6483589E-03 -1.0808180E-01 -1.6962208E-01  7.1158326E+00
  8.8095495E-03 -1.1009626E-01 -1.7278321E-01  7.1157951E+00
  8.9736412E-03 -1.1214698E-01 -1.7600122E-01  7.1157562E+00
  9.1406863E-03 -1.1423461E-01 -1.7927713E-01  7.1157158E+00
  9.3107379E-03 -1.1635981E-01 -1.8261198E-01  7.1156740E+00
  9.4838502E-03 -1.1852325E-01 -1.8600683E-01  7.1156306E+00
  9.6600782E-03 -1.2072564E-01 -1.8946275E-01  7.1155856E+00
  9.8394779E-03 -1.2296767E-01 -1.9298086E-01  7.1155389E+00
  1.0022107E-02 -1.2525005E-01 -1.9656225E-01  7.1154905E+00
  1.0208022E-02 -1.2757350E-01 -2.0020808E-01  7.1154404E+00
  1.0397284E-02 -1.2993878E-01 -2.0391949E-01  7.1153884E+00
  1.0589952E-02 -1.3234663E-01 -2.0769768E-01  7.1153345E+00
  1.0786088E-02 -1.3479781E-01 -2.1154383E-01  7.1152785E+00
  1.0985754E-02 -1.3729311E-01 -2.1545917E-01  7.1152206E+00
  1.1189013E-02 -1.3983332E-01 -2.1944495E-01  7.1151605E+00
  1.1395931E-02 -1.4241925E-01 -2.2350242E-01  7.1150982E+00
  1.1606573E-02 -1.4505173E-01 -2.2763289E-01  7.1150335E+00
  1.1821007E-02 -1.4773158E-01 -2.3183765E-01  7.1149665E+00
  1.2039299E-02 -1.5045966E-01 -2.3611804E-01  7.1148971E+00
  1.2261521E-02 -1.5323685E-01 -2.4047543E-01  7.1148251E+00
  1.2487742E-02 -1.5606402E-01 -2.4491119E-01  7.1147504E+00
  1.2718035E-02 -1.5894208E-01 -2.4942673E-01  7.1146730E+00
  1.2952472E-02 -1.6187193E-01 -2.5402349E-01  7.1145928E+00
  1.3191129E-02 -1.6485452E-01 -2.5870293E-01  7.1145096E+00
  1.3434082E-02 -1.6789079E-01 -2.6346653E-01  7.1144233E+00
  1.3681407E-02 -1.7098170E-01 -2.6831580E-01  7.1143339E+00
  1.3933183E-02 -1.7412825E-01 -2.7325227E-01  7.1142412E+00
  1.4189491E-02 -1.7733143E-01 -2.7827753E-01  7.1141451E+00
  1.4450413E-02 -1.8059226E-01 -2.8339315E-01  7.1140454E+00
  1.4716030E-02 -1.8391178E-01 -2.8860076E-01  7.1139421E+00
  1.4986428E-02 -1.8729104E-01 -2.9390201E-01  7.1138350E+00
  1.5261692E-02 -1.9073113E-01 -2.9929859E-01  7.1137240E+00
  1.5541911E-02 -1.9423313E-01 -3.0479221E-01  7.1136089E+00
  1.5827174E-02 -1.9779816E-01 -3.1038459E-01  7.1134896E+00
  1.6117570E-02 -2.0142735E-01 -3.1607753E-01  7.1133659E+00
  1.6413193E-02 -2.0512187E-01 -3.2187281E-01  7.1132377E+00
  1.6714137E-02 -2.0888288E-01 -3.2777228E-01  7.1131048E+00
  1.7020498E-02 -2.1271158E-01 -3.3377781E-01  7.1129670E+00
  1.7332372E-02 -2.1660919E-01 -3.3989130E-01  7.1128241E+00
  1.7649859E-02 -2.2057695E-01 -3.4611468E-01  7.1126761E+00
  1.7973061E-02 -2.2461612E-01 -3.5244992E-01  7.1125226E+00
  1.8302080E-02 -2.2872799E-01 -3.5889903E-01  7.1123634E+00
  1.8637020E-02 -2.3291387E-01 -3.6546405E-01  7.1121985E+00
  1.8977989E-02 -2.3717508E-01 -3.7214706E-01  7.1120275E+00
  1.9325095E-02 -2.4151299E-01 -3.7895017E-01  7.1118503E+00
  1.9678448E-02 -2.4592897E-01 -3.8587553E-01  7.1116665E+00
  2.0038160E-02 -2.5042444E-01 -3.9292534E-01  7.1114761E+00
  2.0404347E-02 -2.5500081E-01 -4.0010181E-01  7.1112787E+00
  2.0777125E-02 -2.5965955E-01 -4.0740723E-01  7.1110740E+00
  2.1156612E-02 -2.6440214E-01 -4.1484389E-01  7.1108619E+00
  2.1542929E-02 -2.6923009E-01 -4.2241415E-01  7.1106420E+00
  2.1936199E-02 -2.7414493E-01 -4.3012039E-01  7.1104141E+00
  2.2336547E-02 -2.7914823E-01 -4.3796506E-01  7.1101779E+00
  2.2744101E-02 -2.8424158E-01 -4.4595062E-01  7.1099330E+00
  2.3158990E-02 -2.8942661E-01 -4.5407959E-01  7.1096791E+00
  2.3581346E-02 -2.9470495E-01 -4.6235455E-01  7.1094160E+00
  2.4011304E-02 -3.0007829E-01 -4.7077810E-01  7.1091433E+00
  2.4449000E-02 -3.0554835E-01 -4.7935288E-01  7.1088606E+00
  2.4894575E-02 -3.1111685E-01 -4.8808162E-01  7.1085676E+00
  2.5348168E-02 -3.1678558E-01 -4.9696705E-01  7.1082639E+00
  2.5809926E-02 -3.2255634E-01 -5.0601198E-01  7.1079491E+00
  2.6279994E-02 -3.2843096E-01 -5.1521924E-01  7.1076228E+00
  2.6758523E-02 -3.3441131E-01 -5.2459175E-01  7.1072846E+00
  2.7245665E-02 -3.4049929E-01 -5.3413244E-01  7.1069341E+00
  2.7741574E-02 -3.4669685E-01 -5.4384431E-01  7.1065707E+00
  2.8246409E-02 -3.5300595E-01 -5.5373042E-01  7.1061941E+00
  2.8760329E-02 -3.5942861E-01 -5.6379387E-01  7.1058038E+00
  2.9283500E-02 -3.6596686E-01 -5.7403782E-01  7.1053992E+00
  2.9816086E-02 -3.7262279E-01 -5.8446548E-01  7.1049799E+00
  3.0358259E-02 -3.7939851E-01 -5.9508014E-01  7.1045453E+00
  3.0910189E-02 -3.8629618E-01 -6.0588510E-01  7.1040948E+00
  3.1472053E-02 -3.9331800E-01 -6.1688376E-01  7.1036280E+00
  3.2044030E-02 -4.0046620E-01 -6.2807956E-01  7.1031440E+00
  3.2626301E-02 -4.0774305E-01 -6.3947600E-01  7.1026425E+00
  3.3219052E-02 -4.1515087E-01 -6.5107665E-01  7.1021227E+00
  3.3822472E-02 -4.2269202E-01 -6.6288514E-01  7.1015839E+00
  3.4436752E-02 -4.3036889E-01 -6.7490515E-01  7.1010255E+00
  3.5062088E-02 -4.3818393E-01 -6.8714042E-01  7.1004468E+00
  3.5698679E-02 -4.4613963E-01 -6.9959479E-01  7.0998470E+00
  3.6346728E-02 -4.5423851E-01 -7.1227212E-01  7.0992254E+00
  3.7006440E-02 -4.6248316E-01 -7.2517638E-01  7.0985811E+00
  3.7678026E-02 -4.7087620E-01 -7.3831156E-01  7.0979133E+00
  3.8361699E-02 -4.7942029E-01 -7.5168176E-01  7.0972213E+00
  3.9057677E-02 -4.8811816E-01 -7.6529113E-01  7.0965041E+00
  3.9766182E-02 -4.9697258E-01 -7.7914389E-01  7.0957607E+00
  4.0487438E-02 -5.0598635E-01 -7.9324433E-01  7.0949904E+00
  4.1221676E-02 -5.1516235E-01 -8.0759683E-01  7.0941920E+00
  4.1969128E-02 -5.2450351E-01 -8.2220583E-01  7.0933645E+00
  4.2730034E-02 -5.3401278E-01 -8.3707584E-01  7.0925070E+00
  4.3504634E-02 -5.4369320E-01 -8.5221146E-01  7.0916183E+00
  4.4293176E-02 -5.5354785E-01 -8.6761735E-01  7.0906972E+00
  4.5095910E-02 -5.6357986E-01 -8.8329826E-01  7.0897427E+00
  4.5913092E-02 -5.7379242E-01 -8.9925901E-01  7.0887535E+00
  4.6744982E-02 -5.8418878E-01 -9.1550452E-01  7.0877284E+00
  4.7591844E-02 -5.9477226E-01 -9.3203976E-01  7.0866660E+00
  4.8453949E-02 -6.0554621E-01 -9.4886981E-01  7.0855650E+00
  4.9331570E-02 -6.1651407E-01 -9.6599982E-01  7.0844240E+00
  5.0224986E-02 -6.2767932E-01 -9.8343503E-01  7.0832416E+00
  5.1134482E-02 -6.3904552E-01 -1.0011807E+00  7.0820162E+00
  5.2060348E-02 -6.5061628E-01 -1.0192424E+00  7.0807464E+00
  5.3002878E-02 -6.6239528E-01 -1.0376255E+00  7.0794305E+00
  5.3962371E-02 -6.7438627E-01 -1.0563355E+00  7.0780668E+00
  5.4939134E-02 -6.8659307E-01 -1.0753783E+00  7.0766537E+00
  5.5933476E-02 -6.9901956E-01 -1.0947595E+00  7.0751893E+00
  5.6945715E-02 -7.1166968E-01 -1.1144850E+00  7.0736718E+00
  5.7976173E-02 -7.2454748E-01 -1.1345607E+00  7.0720992E+00
  5.9025177E-02 -7.3765703E-01 -1.1549928E+00  7.0704697E+00
  6.0093061E-02 -7.5100251E-01 -1.1757872E+00  7.0687811E+00
  6.1180165E-02 -7.6458816E-01 -1.1969503E+00  7.0670313E+00
  6.2286835E-02 -7.7841832E-01 -1.2184884E+00  7.0652181E+00
  6.3413424E-02 -7.9249736E-01 -1.2404079E+00  7.0633393E+00
  6.4560288E-02 -8.0682978E-01 -1.2627153E+00  7.0613924E+00
  6.5727795E-02 -8.2142012E-01 -1.2854173E+00  7.0593750E+00
  6.6916314E-02 -8.3627304E-01 -1.3085205E+00  7.0572846E+00
  6.8126225E-02 -8.5139324E-01 -1.3320318E+00  7.0551186E+00
  6.9357912E-02 -8.6678555E-01 -1.3559582E+00  7.0528743E+00
  7.0611767E-02 -8.8245484E-01 -1.3803065E+00  7.0505487E+00
  7.1888189E-02 -8.9840611E-01 -1.4050841E+00  7.0481391E+00
  7.3187585E-02 -9.1464443E-01 -1.4302980E+00  7.0456424E+00
  7.4510367E-02 -9.3117495E-01 -1.4559556E+00  7.0430555E+00
  7.5856958E-02 -9.4800293E-01 -1.4820644E+00  7.0403751E+00
  7.7227784E-02 -9.6513372E-01 -1.5086318E+00  7.0375980E+00
  7.8623283E-02 -9.8257277E-01 -1.5356656E+00  7.0347206E+00
  8.0043898E-02 -1.0003256E+00 -1.5631734E+00  7.0317394E+00
  8.1490082E-02 -1.0183979E+00 -1.5911632E+00  7.0286506E+00
  8.2962295E-02 -1.0367953E+00 -1.6196428E+00  7.0254505E+00
  8.4461005E-02 -1.0555238E+00 -1.6486204E+00  7.0221350E+00
  8.5986689E-02 -1.0745892E+00 -1.6781040E+00  7.0187000E+00
  8.7539833E-02 -1.0939977E+00 -1.7081020E+00  7.0151413E+00
  8.9120930E-02 -1.1137553E+00 -1.7386227E+00  7.0114545E+00
  9.0730485E-02 -1.1338684E+00 -1.7696745E+00  7.0076350E+00
  9.2369008E-02 -1.1543434E+00 -1.8012662E+00  7.0036780E+00
  9.4037022E-02 -1.1751867E+00 -1.8334062E+00  6.9995788E+00
  9.5735058E-02 -1.1964049E+00 -1.8661034E+00  6.9953323E+00
  9.7463655E-02 -1.2180048E+00 -1.8993667E+00  6.9909332E+00
  9.9223364E-02 -1.2399933E+00 -1.9332050E+00  6.9863761E+00
  1.0101474E-01 -1.2623772E+00 -1.9676274E+00  6.9816555E+00
  1.0283837E-01 -1.2851638E+00 -2.0026429E+00  6.9767656E+00
  1.0469481E-01 -1.3083601E+00 -2.0382610E+00  6.9717003E+00
  1.0658467E-01 -1.3319737E+00 -2.0744908E+00  6.9664536E+00
  1.0850854E-01 -1.3560119E+00 -2.1113419E+00  6.9610190E+00
  1.1046703E-01 -1.3804823E+00 -2.1488236E+00  6.9553899E+00
  1.1246078E-01 -1.4053928E+00 -2.1869457E+00  6.9495594E+00
  1.1449041E-01 -1.4307511E+00 -2.2257177E+00  6.9435206E+00
  1.1655657E-01 -1.4565654E+00 -2.2651493E+00  6.9372660E+00
  1.1865992E-01 -1.4828436E+00 -2.3052504E+00  6.9307882E+00
  1.2080112E-01 -1.5095943E+00 -2.3460309E+00  6.9240794E+00
  1.2298087E-01 -1.5368258E+00 -2.3875006E+00  6.9171314E+00
  1.2519984E-01 -1.5645466E+00 -2.4296695E+00  6.9099360E+00
  1.2745875E-01 -1.5927656E+00 -2.4725477E+00  6.9024845E+00
  1.2975832E-01 -1.6214916E+00 -2.5161451E+00  6.8947680E+00
  1.3209927E-01 -1.6507337E+00 -2.5604720E+00  6.8867774E+00
  1.3448236E-01 -1.6805011E+00 -2.6055385E+00  6.8785032E+00
  1.3690834E-01 -1.7108031E+00 -2.6513546E+00  6.8699355E+00
  1.3937798E-01 -1.7416493E+00 -2.6979306E+00  6.8610643E+00
  1.4189208E-01 -1.7730493E+00 -2.7452766E+00  6.8518790E+00
  1.4445142E-01 -1.8050130E+00 -2.7934029E+00  6.8423690E+00
  1.4705682E-01 -1.8375503E+00 -2.8423195E+00  6.8325231E+00
  1.4970912E-01 -1.8706716E+00 -2.8920366E+00  6.8223297E+00
  1.5240916E-01 -1.9043870E+00 -2.9425642E+00  6.8117771E+00
  1.5515779E-01 -1.9387072E+00 -2.9939125E+00  6.8008531E+00
  1.5795589E-01 -1.9736428E+00 -3.0460914E+00  6.7895449E+00
  1.6080435E-01 -2.0092047E+00 -3.0991108E+00  6.7778397E+00
  1.6370408E-01 -2.0454039E+00 -3.1529805E+00  6.7657240E+00
  1.6665600E-01 -2.0822516E+00 -3.2077103E+00  6.7531839E+00
  1.6966105E-01 -2.1197593E+00 -3.2633097E+00  6.7402054E+00
  1.7272018E-01 -2.1579386E+00 -3.3197881E+00  6.7267736E+00
  1.7583437E-01 -2.1968011E+00 -3.3771550E+00  6.7128735E+00
  1.7900462E-01 -2.2363588E+00 -3.4354193E+00  6.6984895E+00
  1.8223192E-01 -2.2766239E+00 -3.4945901E+00  6.6836056E+00
  1.8551731E-01 -2.3176086E+00 -3.5546760E+00  6.6682052E+00
  1.8886183E-01 -2.3593254E+00 -3.6156856E+00  6.6522715E+00
  1.9226654E-01 -2.4017871E+00 -3.6776269E+00  6.6357870E+00
  1.9573253E-01 -2.4450064E+00 -3.7405079E+00  6.6187336E+00
  1.9926091E-01 -2.4889963E+00 -3.8043361E+00  6.6010930E+00
  2.0285279E-01 -2.5337702E+00 -3.8691189E+00  6.5828461E+00
  2.0650931E-01 -2.5793414E+00 -3.9348631E+00  6.5639735E+00
  2.1023165E-01 -2.6257234E+00 -4.0015750E+00  6.5444552E+00
  2.1402098E-01 -2.6729300E+00 -4.0692608E+00  6.5242705E+00
  2.1787852E-01 -2.7209751E+00 -4.1379259E+00  6.5033984E+00
  2.2180548E-01 -2.7698728E+00 -4.2075754E+00  6.4818173E+00
  2.2580312E-01 -2.8196372E+00 -4.2782136E+00  6.4595049E+00
  2.2987272E-01 -2.8702828E+00 -4.3498445E+00  6.4364386E+00
  2.3401555E-01 -2.9218242E+00 -4.4224711E+00  6.4125949E+00
  2.3823295E-01 -2.9742759E+00 -4.4960962E+00  6.3879502E+00
  2.4252626E-01 -3.0276528E+00 -4.5707213E+00  6.3624800E+00
  2.4689684E-01 -3.0819699E+00 -4.6463476E+00  6.3361592E+00
  2.5134608E-01 -3.1372422E+00 -4.7229751E+00  6.3089625E+00
  2.5587540E-01 -3.1934847E+00 -4.8006032E+00  6.2808637E+00
  2.6048624E-01 -3.2507129E+00 -4.8792302E+00  6.2518362E+00
  2.6518007E-01 -3.3089420E+00 -4.9588533E+00  6.2218529E+00
  2.6995838E-01 -3.3681873E+00 -5.0394689E+00  6.1908862E+00
  2.7482268E-01 -3.4284643E+00 -5.1210719E+00  6.1589078E+00
  2.7977454E-01 -3.4897884E+00 -5.2036562E+00  6.1258891E+00
  2.8481552E-01 -3.5521751E+00 -5.2872146E+00  6.0918010E+00
  2.8994724E-01 -3.6156397E+00 -5.3717382E+00  6.0566138E+00
  2.9517131E-01 -3.6801977E+00 -5.4572168E+00  6.0202975E+00
  3.0048940E-01 -3.7458642E+00 -5.5436387E+00  5.9828216E+00
  3.0590322E-01 -3.8126545E+00 -5.6309907E+00  5.9441553E+00
  3.1141447E-01 -3.8805835E+00 -5.7192579E+00  5.9042675E+00
  3.1702491E-01 -3.9496661E+00 -5.8084233E+00  5.8631266E+00
  3.2273634E-01 -4.0199169E+00 -5.8984686E+00  5.8207009E+00
  3.2855056E-01 -4.0913501E+00 -5.9893730E+00  5.7769583E+00
  3.3446942E-01 -4.1639797E+00 -6.0811139E+00  5.7318669E+00
  3.4049481E-01 -4.2378194E+00 -6.1736667E+00  5.6853943E+00
  3.4662865E-01 -4.3128822E+00 -6.2670041E+00  5.6375082E+00
  3.5287289E-01 -4.3891808E+00 -6.3610968E+00  5.5881764E+00
  3.5922951E-01 -4.4667273E+00 -6.4559129E+00  5.5373668E+00
  3.6570054E-01 -4.5455329E+00 -6.5514177E+00  5.4850473E+00
  3.7228804E-01 -4.6256084E+00 -6.6475742E+00  5.4311863E+00
  3.7899410E-01 -4.7069636E+00 -6.7443421E+00  5.3757524E+00
  3.8582086E-01 -4.7896073E+00 -6.8416784E+00  5.3187148E+00
  3.9277049E-01 -4.8735472E+00 -6.9395370E+00  5.2600433E+00
  3.9984520E-01 -4.9587901E+00 -7.0378685E+00  5.1997083E+00
  4.0704724E-01 -5.0453414E+00 -7.1366203E+00  5.1376811E+00
  4.1437891E-01 -5.1332048E+00 -7.2357361E+00  5.0739340E+00
  4.2184253E-01 -5.2223829E+00 -7.3351561E+00  5.0084406E+00
  4.2944048E-01 -5.3128762E+00 -7.4348171E+00  4.9411756E+00
  4.3717519E-01 -5.4046835E+00 -7.5346514E+00  4.8721153E+00
  4.4504910E-01 -5.4978014E+00 -7.6345879E+00  4.8012376E+00
  4.5306473E-01 -5.5922243E+00 -7.7345511E+00  4.7285224E+00
  4.6122463E-01 -5.6879442E+00 -7.8344613E+00  4.6539515E+00
  4.6953140E-01 -5.7849502E+00 -7.9342344E+00  4.5775092E+00
  4.7798767E-01 -5.8832285E+00 -8.0337821E+00  4.4991822E+00
  4.8659613E-01 -5.9827622E+00 -8.1330111E+00  4.4189601E+00
  4.9535954E-01 -6.0835309E+00 -8.2318238E+00  4.3368356E+00
  5.0428067E-01 -6.1855104E+00 -8.3301175E+00  4.2528046E+00
  5.1336236E-01 -6.2886724E+00 -8.4277849E+00  4.1668667E+00
  5.2260751E-01 -6.3929842E+00 -8.5247136E+00  4.0790255E+00
  5.3201906E-01 -6.4984085E+00 -8.6207861E+00  3.9892887E+00
  5.4160000E-01 -6.6049026E+00 -8.7158800E+00  3.8976688E+00
  5.5135337E-01 -6.7124187E+00 -8.8098678E+00  3.8041829E+00
  5.6128229E-01 -6.8209027E+00 -8.9026167E+00  3.7088538E+00
  5.7138992E-01 -6.9302944E+00 -8.9939888E+00  3.6117095E+00
  5.8167946E-01 -7.0405268E+00 -9.0838413E+00  3.5127843E+00
  5.9215420E-01 -7.1515256E+00 -9.1720262E+00  3.4121189E+00
  6.0281746E-01 -7.2632088E+00 -9.2583903E+00  3.3097606E+00
  6.1367264E-01 -7.3754861E+00 -9.3427758E+00  3.2057641E+00
  6.2472320E-01 -7.4882585E+00 -9.4250201E+00  3.1001915E+00
  6.3597265E-01 -7.6014178E+00 -9.5049557E+00  2.9931130E+00
  6.4742456E-01 -7.7148457E+00 -9.5824111E+00  2.8846070E+00
  6.5908260E-01 -7.8284138E+00 -9.6572103E+00  2.7747608E+00
  6.7095045E-01 -7.9419824E+00 -9.7291737E+00  2.6636709E+00
  6.8303191E-01 -8.0554006E+00 -9.7981178E+00  2.5514432E+00
  6.9533081E-01 -8.1685051E+00 -9.8638562E+00  2.4381935E+00
  7.0785107E-01 -8.2811200E+00 -9.9261996E+00  2.3240476E+00
  7.2059667E-01 -8.3930562E+00 -9.9849566E+00  2.2091421E+00
  7.3357167E-01 -8.5041105E+00 -1.0039934E+01  2.0936241E+00
  7.4678020E-01 -8.6140659E+00 -1.0090937E+01  1.9776517E+00
  7.6022646E-01 -8.7226901E+00 -1.0137771E+01  1.8613942E+00
  7.7391472E-01 -8.8297359E+00 -1.0180242E+01  1.7450321E+00
  7.8784935E-01 -8.9349403E+00 -1.0218156E+01  1.6287573E+00
  8.0203478E-01 -9.0380244E+00 -1.0251321E+01  1.5127729E+00
  8.1647552E-01 -9.1386932E+00 -1.0279549E+01  1.3972932E+00
  8.3117617E-01 -9.2366351E+00 -1.0302655E+01  1.2825434E+00
  8.4614141E-01 -9.3315226E+00 -1.0320458E+01  1.1687596E+00
  8.6137599E-01 -9.4230114E+00 -1.0332786E+01  1.0561880E+00
  8.7688477E-01 -9.5107417E+00 -1.0339472E+01  9.4508469E-01
  8.9267268E-01 -9.5943376E+00 -1.0340357E+01  8.3571483E-01
  9.0874475E-01 -9.6734087E+00 -1.0335295E+01  7.2835181E-01
  9.2510608E-01 -9.7475499E+00 -1.0324147E+01  6.2327638E-01
  9.4176189E-01 -9.8163432E+00 -1.0306790E+01  5.2077547E-01
  9.5871747E-01 -9.8793587E+00 -1.0283114E+01  4.2114091E-01
  9.7597822E-01 -9.9361561E+00 -1.0253025E+01  3.2466789E-01
  9.9354964E-01 -9.9862869E+00 -1.0216446E+01  2.3165335E-01
  1.0114373E+00 -1.0029296E+01 -1.0173319E+01  1.4239402E-01
  1.0296469E+00 -1.0064726E+01 -1.0123605E+01  5.7184353E-02
  1.0481843E+00 -1.0092116E+01 -1.0067289E+01 -2.3685762E-02
  1.0670553E+00 -1.0111011E+01 -1.0004376E+01 -9.9933541E-02
  1.0862659E+00 -1.0120960E+01 -9.9348976E+00 -1.7128603E-01
  1.1058223E+00 -1.0121524E+01 -9.8589097E+00 -2.3748304E-01
  1.1257307E+00 -1.0112278E+01 -9.7764950E+00 -2.9828030E-01
  1.1459974E+00 -1.0092819E+01 -9.6877635E+00 -3.5345278E-01
  1.1666289E+00 -1.0062769E+01 -9.5928530E+00 -4.0279824E-01
  1.1876317E+00 -1.0021781E+01 -9.4919296E+00 -4.4614083E-01
  1.2090125E+00 -9.9695461E+00 -9.3851880E+00 -4.8333500E-01
  1.2307781E+00 -9.9058022E+00 -9.2728508E+00 -5.1426934E-01
  1.2529354E+00 -9.8303382E+00 -9.1551681E+00 -5.3887059E-01
  1.2754916E+00 -9.7430028E+00 -9.0324166E+00 -5.5710766E-01
  1.2984537E+00 -9.6437126E+00 -8.9048981E+00 -5.6899560E-01
  1.3218291E+00 -9.5324597E+00 -8.7729374E+00 -5.7459947E-01
  1.3456252E+00 -9.4093203E+00 -8.6368801E+00 -5.7403812E-01
  1.3698497E+00 -9.2744626E+00 -8.4970898E+00 -5.6748762E-01
  1.3945101E+00 -9.1281549E+00 -8.3539447E+00 -5.5518440E-01
  1.4196143E+00 -8.9707738E+00 -8.2078334E+00 -5.3742791E-01
  1.4451704E+00 -8.8028112E+00 -8.0591516E+00 -5.1458265E-01
  1.4711864E+00 -8.6248813E+00 -7.9082966E+00 -4.8707944E-01
  1.4976707E+00 -8.4377256E+00 -7.7556628E+00 -4.5541575E-01
  1.5246317E+00 -8.2422182E+00 -7.6016369E+00 -4.2015478E-01
  1.5520779E+00 -8.0393671E+00 -7.4465925E+00 -3.8192322E-01
  1.5800181E+00 -7.8303153E+00 -7.2908858E+00 -3.4140717E-01
  1.6084611E+00 -7.6163370E+00 -7.1348504E+00 -2.9934611E-01
  1.6374161E+00 -7.3988317E+00 -6.9787944E+00 -2.5652446E-01
  1.6668923E+00 -7.1793122E+00 -6.8229966E+00 -2.1376039E-01
  1.6968989E+00 -6.9593881E+00 -6.6677057E+00 -1.7189146E-01
  1.7274456E+00 -6.7407419E+00 -6.5131390E+00 -1.3175687E-01
  1.7585421E+00 -6.5250971E+00 -6.3594848E+00 -9.4175904E-02
  1.7901983E+00 -6.3141778E+00 -6.2069048E+00 -5.9922412E-02
  1.8224242E+00 -6.1096576E+00 -6.0555399E+00 -2.9695462E-02
  1.8552302E+00 -5.9130979E+00 -5.9055167E+00 -4.0863688E-03
  1.8886266E+00 -5.7258752E+00 -5.7569566E+00  1.6457134E-02
  1.9226241E+00 -5.5490995E+00 -5.6099858E+00  3.1668320E-02
  1.9572334E+00 -5.3835235E+00 -5.4647458E+00  4.1498549E-02
  1.9924657E+00 -5.2294512E+00 -5.3214055E+00  4.6151006E-02
  2.0283321E+00 -5.0866509E+00 -5.1801678E+00  4.6105321E-02
  2.0648440E+00 -4.9542865E+00 -5.0412647E+00  4.2123335E-02
  2.1020131E+00 -4.8308855E+00 -4.9049432E+00  3.5231812E-02
  2.1398511E+00 -4.7143688E+00 -4.7714474E+00  2.6674091E-02
  2.1783702E+00 -4.6021803E+00 -4.6409946E+00  1.7818035E-02
  2.2175825E+00 -4.4915642E+00 -4.5137496E+00  1.0004322E-02
  2.2575006E+00 -4.3800578E+00 -4.3897680E+00  4.3012734E-03
  2.2981372E+00 -4.2662873E+00 -4.2689220E+00  1.1464265E-03
  2.3395051E+00 -4.1511847E+00 -4.1515219E+00  1.4414011E-04
  2.3816176E+00 -4.0382174E+00 -4.0381389E+00 -3.2950315E-05
  2.4244881E+00 -3.9284137E+00 -3.9283965E+00 -7.0867162E-06
  2.4681301E+00 -3.8217691E+00 -3.8217725E+00  1.3846116E-06
  2.5125576E+00 -3.7182651E+00 -3.7182662E+00  4.2358153E-07
  2.5577847E+00 -3.6178734E+00 -3.6178744E+00  4.1442128E-07
  2.6038259E+00 -3.5205619E+00 -3.5205629E+00  4.0545367E-07
  2.6506957E+00 -3.4263043E+00 -3.4263053E+00  3.9665796E-07
  2.6984090E+00 -3.3350910E+00 -3.3350920E+00  3.8802786E-07
  2.7469811E+00 -3.2469410E+00 -3.2469420E+00  3.7956140E-07
  2.7964275E+00 -3.1619122E+00 -3.1619133E+00  3.7126037E-07
  2.8467638E+00 -3.0801082E+00 -3.0801092E+00  3.6312261E-07
  2.8980060E+00 -3.0016767E+00 -3.0016777E+00  3.5514699E-07
  2.9501705E+00 -2.9267982E+00 -2.9267992E+00  3.4733104E-07
  3.0032739E+00 -2.8556635E+00 -2.8556645E+00  3.3967087E-07
  3.0573331E+00 -2.7884405E+00 -2.7884415E+00  3.3216102E-07
  3.1123652E+00 -2.7252367E+00 -2.7252378E+00  3.2479498E-07
  3.1683878E+00 -2.6660657E+00 -2.6660667E+00  3.1756224E-07
  3.2254187E+00 -2.6108243E+00 -2.6108253E+00  3.1045968E-07
  3.2834761E+00 -2.5592892E+00 -2.5592902E+00  3.0347937E-07
  3.3425783E+00 -2.5111334E+00 -2.5111344E+00  2.9660382E-07
  3.4027444E+00 -2.4659579E+00 -2.4659589E+00  2.8984347E-07
  3.4639933E+00 -2.4233313E+00 -2.4233322E+00  2.8306518E-07
  3.5263446E+00 -2.3828271E+00 -2.3828281E+00  2.7703107E-07
  3.5898181E+00 -2.3440534E+00 -2.3440544E+00  2.7125262E-07
  3.6544340E+00 -2.3066690E+00 -2.3066699E+00  2.6424509E-07
  3.7202129E+00 -2.2703887E+00 -2.2703896E+00  2.5748128E-07
  3.7871756E+00 -2.2349797E+00 -2.2349807E+00  2.5144922E-07
  3.8553436E+00 -2.2002521E+00 -2.2002531E+00  2.4540144E-07
  3.9247385E+00 -2.1660475E+00 -2.1660484E+00  2.3950122E-07
  3.9953824E+00 -2.1322275E+00 -2.1322284E+00  2.3365839E-07
  4.0672978E+00 -2.0986644E+00 -2.0986653E+00  2.2792132E-07
  4.1405075E+00 -2.0652333E+00 -2.0652342E+00  2.2229471E-07
  4.2150348E+00 -2.0318075E+00 -2.0318084E+00  2.1675132E-07
  4.2909035E+00 -1.9982557E+00 -1.9982566E+00  2.1129799E-07
  4.3681377E+00 -1.9644416E+00 -1.9644425E+00  2.0592929E-07
  4.4467620E+00 -1.9302268E+00 -1.9302277E+00  2.0063993E-07
  4.5268014E+00 -1.8954745E+00 -1.8954753E+00  1.9542584E-07
  4.6082813E+00 -1.8600567E+00 -1.8600576E+00  1.9028271E-07
  4.6912278E+00 -1.8238626E+00 -1.8238635E+00  1.8520639E-07
  4.7756671E+00 -1.7868084E+00 -1.7868093E+00  1.8019361E-07
  4.8616262E+00 -1.7488474E+00 -1.7488482E+00  1.7524170E-07
  4.9491324E+00 -1.7099793E+00 -1.7099802E+00  1.7034922E-07
  5.0382136E+00 -1.6702574E+00 -1.6702583E+00  1.6551595E-07
  5.1288980E+00 -1.6297921E+00 -1.6297930E+00  1.6074310E-07
  5.2212147E+00 -1.5887502E+00 -1.5887510E+00  1.5603325E-07
  5.3151928E+00 -1.5473493E+00 -1.5473501E+00  1.5139028E-07
  5.4108624E+00 -1.5058486E+00 -1.5058494E+00  1.4681910E-07
  5.5082539E+00 -1.4645353E+00 -1.4645361E+00  1.4232534E-07
  5.6073983E+00 -1.4237099E+00 -1.4237107E+00  1.3791518E-07
  5.7083270E+00 -1.3836711E+00 -1.3836718E+00  1.3360520E-07
  5.8110724E+00 -1.3447007E+00 -1.3447015E+00  1.2913847E-07
  5.9156669E+00 -1.3070519E+00 -1.3070526E+00  1.2586790E-07
  6.0221440E+00 -1.2709387E+00 -1.2709395E+00  1.2470739E-07
  6.1305375E+00 -1.2365298E+00 -1.2365305E+00  1.2042939E-07
  6.2408818E+00 -1.2039434E+00 -1.2039441E+00  1.1534061E-07
  6.3532122E+00 -1.1732459E+00 -1.1732466E+00  1.1234101E-07
  6.4675643E+00 -1.1444520E+00 -1.1444527E+00  1.0882797E-07
  6.5839745E+00 -1.1175267E+00 -1.1175274E+00  1.0540698E-07
  6.7024800E+00 -1.0923883E+00 -1.0923890E+00  1.0203645E-07
  6.8231183E+00 -1.0689126E+00 -1.0689133E+00  9.8715710E-08
  6.9459279E+00 -1.0469382E+00 -1.0469389E+00  9.5444399E-08
  7.0709478E+00 -1.0262722E+00 -1.0262729E+00  9.2222379E-08
  7.1982179E+00 -1.0066968E+00 -1.0066974E+00  8.9049664E-08
  7.3277786E+00 -9.8797600E-01 -9.8797663E-01  8.5926358E-08
  7.4596712E+00 -9.6986356E-01 -9.6986418E-01  8.2852643E-08
  7.5939376E+00 -9.5211066E-01 -9.5211126E-01  7.9828703E-08
  7.7306206E+00 -9.3447393E-01 -9.3447452E-01  7.6854665E-08
  7.8697636E+00 -9.1672330E-01 -9.1672388E-01  7.3930587E-08
  8.0114110E+00 -8.9864930E-01 -8.9864986E-01  7.1056396E-08
  8.1556077E+00 -8.8006954E-01 -8.8007009E-01  6.8231921E-08
  8.3023998E+00 -8.6083390E-01 -8.6083444E-01  6.5456800E-08
  8.4518338E+00 -8.4082822E-01 -8.4082875E-01  6.2730559E-08
  8.6039574E+00 -8.1997629E-01 -8.1997680E-01  6.0052596E-08
  8.7588189E+00 -7.9824002E-01 -7.9824052E-01  5.7422179E-08
  8.9164677E+00 -7.7561801E-01 -7.7561849E-01  5.4838478E-08
  9.0769539E+00 -7.5214259E-01 -7.5214306E-01  5.2300606E-08
  9.2403285E+00 -7.2787572E-01 -7.2787618E-01  4.9807591E-08
  9.4066436E+00 -7.0290411E-01 -7.0290456E-01  4.7358461E-08
  9.5759521E+00 -6.7733389E-01 -6.7733432E-01  4.4952226E-08
  9.7483078E+00 -6.5128523E-01 -6.5128565E-01  4.2587914E-08
  9.9237657E+00 -6.2488719E-01 -6.2488759E-01  4.0264565E-08
  1.0102381E+01 -5.9827295E-01 -5.9827334E-01  3.7981262E-08
  1.0284212E+01 -5.7157579E-01 -5.7157616E-01  3.5737150E-08
  1.0469315E+01 -5.4492554E-01 -5.4492589E-01  3.3531365E-08
  1.0657750E+01 -5.1844591E-01 -5.1844624E-01  3.1363138E-08
  1.0849576E+01 -4.9225238E-01 -4.9225269E-01  2.9231732E-08
  1.1044855E+01 -4.6645075E-01 -4.6645105E-01  2.7136448E-08
  1.1243648E+01 -4.4113624E-01 -4.4113652E-01  2.5076628E-08
  1.1446019E+01 -4.1639300E-01 -4.1639327E-01  2.3051655E-08
  1.1652033E+01 -3.9229404E-01 -3.9229428E-01  2.1060949E-08
  1.1861754E+01 -3.6890139E-01 -3.6890161E-01  1.9103933E-08
  1.2075251E+01 -3.4626655E-01 -3.4626676E-01  1.7180078E-08
  1.2292589E+01 -3.2443107E-01 -3.2443125E-01  1.5288867E-08
  1.2513840E+01 -3.0342714E-01 -3.0342731E-01  1.3429799E-08
  1.2739072E+01 -2.8327843E-01 -2.8327858E-01  1.1602391E-08
  1.2968358E+01 -2.6400074E-01 -2.6400087E-01  9.8061665E-09
  1.3201771E+01 -2.4560285E-01 -2.4560295E-01  8.0406721E-09
  1.3439386E+01 -2.2808719E-01 -2.2808727E-01  6.3054346E-09
  1.3681276E+01 -2.1145060E-01 -2.1145066E-01  4.6000095E-09
  1.3927521E+01 -1.9568499E-01 -1.9568503E-01  2.9239566E-09
  1.4178197E+01 -1.8077795E-01 -1.8077797E-01  1.2768324E-09
  1.4433385E+01 -1.6671339E-01 -1.6671339E-01 -3.4179554E-10
  1.4693166E+01 -1.5347202E-01 -1.5347200E-01 -1.9323608E-09
  1.4957622E+01 -1.4103188E-01 -1.4103182E-01 -3.4952845E-09
  1.5226838E+01 -1.2936876E-01 -1.2936868E-01 -5.0310047E-09
  1.5500900E+01 -1.1845665E-01 -1.1845655E-01 -6.5399382E-09
  1.5779894E+01 -1.0826809E-01 -1.0826796E-01 -8.0225051E-09
  1.6063910E+01 -9.8774490E-02 -9.8774337E-02 -9.4791207E-09
  1.6353038E+01 -8.9946453E-02 -8.9946275E-02 -1.0910199E-08
  1.6647369E+01 -8.1754033E-02 -8.1753828E-02 -1.2316144E-08
  1.6946998E+01 -7.4166979E-02 -7.4166747E-02 -1.3697376E-08
  1.7252019E+01 -6.7154955E-02 -6.7154695E-02 -1.5054294E-08
  1.7562531E+01 -6.0687725E-02 -6.0687437E-02 -1.6387298E-08
  1.7878631E+01 -5.4735331E-02 -5.4735014E-02 -1.7696785E-08
  1.8200420E+01 -4.9268236E-02 -4.9267890E-02 -1.8983152E-08
  1.8528001E+01 -4.4257461E-02 -4.4257085E-02 -2.0246783E-08
  1.8861477E+01 -3.9674695E-02 -3.9674290E-02 -2.1488061E-08
  1.9200956E+01 -3.5492397E-02 -3.5491961E-02 -2.2707377E-08
  1.9546545E+01 -3.1683877E-02 -3.1683410E-02 -2.3905101E-08
  1.9898354E+01 -2.8223365E-02 -2.8222866E-02 -2.5081608E-08
  2.0256494E+01 -2.5086070E-02 -2.5085539E-02 -2.6237261E-08
  2.0621081E+01 -2.2248227E-02 -2.2247662E-02 -2.7372427E-08
  2.0992229E+01 -1.9687126E-02 -1.9686528E-02 -2.8487460E-08
  2.1370058E+01 -1.7381140E-02 -1.7380508E-02 -2.9582710E-08
  2.1754687E+01 -1.5309740E-02 -1.5309073E-02 -3.0658534E-08
  2.2146238E+01 -1.3453501E-02 -1.3452799E-02 -3.1715272E-08
  2.2544837E+01 -1.1794099E-02 -1.1793360E-02 -3.2753257E-08
  2.2950609E+01 -1.0314303E-02 -1.0313528E-02 -3.3772825E-08
  2.3363685E+01 -8.9979618E-03 -8.9971494E-03 -3.4774301E-08
  2.3784196E+01 -7.8299823E-03 -7.8291318E-03 -3.5758007E-08
  2.4212275E+01 -6.7963033E-03 -6.7954141E-03 -3.6724258E-08
  2.4648059E+01 -5.8838664E-03 -5.8829378E-03 -3.7673372E-08
  2.5091685E+01 -5.0805817E-03 -5.0796130E-03 -3.8605650E-08
  2.5543297E+01 -4.3752912E-03 -4.3742817E-03 -3.9521393E-08
  2.6003037E+01 -3.7577289E-03 -3.7566778E-03 -4.0420895E-08
  2.6471051E+01 -3.2184781E-03 -3.2173847E-03 -4.1304450E-08
  2.6947488E+01 -2.7489332E-03 -2.7477968E-03 -4.2172338E-08
  2.7432501E+01 -2.3412505E-03 -2.3400702E-03 -4.3024839E-08
  2.7926243E+01 -1.9883048E-03 -1.9870799E-03 -4.3862235E-08
  2.8428872E+01 -1.6836451E-03 -1.6823748E-03 -4.4684793E-08
  2.8940546E+01 -1.4214506E-03 -1.4201340E-03 -4.5492774E-08
  2.9461431E+01 -1.1964856E-03 -1.1951219E-03 -4.6286443E-08
  2.9991690E+01 -1.0040572E-03 -1.0026456E-03 -4.7066052E-08
  3.0531493E+01 -8.3997307E-04 -8.3851269E-04 -4.7831855E-08
  3.1081011E+01 -7.0050087E-04 -6.9899083E-04 -4.8584092E-08
  3.1640420E+01 -5.8232952E-04 -5.8076892E-04 -4.9323013E-08
  3.2209897E+01 -4.8253190E-04 -4.8091984E-04 -5.0048852E-08
  3.2789624E+01 -3.9852954E-04 -3.9686508E-04 -5.0761841E-08
  3.3379784E+01 -3.2805926E-04 -3.2634146E-04 -5.1462208E-08
  3.3980567E+01 -2.6914190E-04 -2.6736981E-04 -5.2150180E-08
  3.4592162E+01 -2.2005304E-04 -2.1822567E-04 -5.2825972E-08
  3.5214766E+01 -1.7929578E-04 -1.7741215E-04 -5.3489806E-08
  3.5848575E+01 -1.4557566E-04 -1.4363475E-04 -5.4141893E-08
  3.6493791E+01 -1.1777765E-04 -1.1577843E-04 -5.4782442E-08
  3.7150620E+01 -9.4944876E-05 -9.2886299E-05 -5.5411656E-08
  3.7819271E+01 -7.6259433E-05 -7.4140429E-05 -5.6029737E-08
  3.8499957E+01 -6.1024962E-05 -5.8844445E-05 -5.6636883E-08
  3.9192893E+01 -4.8650963E-05 -4.6407825E-05 -5.7233283E-08
  3.9898302E+01 -3.8638767E-05 -3.6331882E-05 -5.7819135E-08
  4.0616406E+01 -3.0568934E-05 -2.8197154E-05 -5.8394620E-08
  4.1347435E+01 -2.4090138E-05 -2.1652297E-05 -5.8959924E-08
  4.2091621E+01 -1.8909341E-05 -1.6404249E-05 -5.9515228E-08
  4.2849201E+01 -1.4783149E-05 -1.2209596E-05 -6.0060708E-08
  4.3620417E+01 -1.1510269E-05 -8.8670224E-06 -6.0596537E-08
  4.4405513E+01 -8.9249415E-06 -6.2107485E-06 -6.1122885E-08
  4.5204739E+01 -6.8912663E-06 -4.1048497E-06 -6.1639923E-08
  4.6018350E+01 -5.2983099E-06 -2.4383701E-06 -6.2147815E-08
  4.6846604E+01 -4.0559232E-06 -1.1211371E-06 -6.2646722E-08
  4.7689766E+01 -3.0911744E-06 -8.0195107E-08 -6.3136803E-08
  4.8548102E+01 -2.3453317E-06  7.4321191E-07 -6.3618214E-08
  4.9421888E+01 -1.7713111E-06  1.3961925E-06 -6.4091109E-08
  5.0311400E+01 -1.3315425E-06  1.9163419E-06 -6.4555636E-08
  5.1216922E+01 -9.9618734E-07  2.3335245E-06 -6.5011948E-08
  5.2138741E+01 -7.4165865E-07  2.6713531E-06 -6.5460187E-08
  5.3077152E+01 -5.4940239E-07  2.9484083E-06 -6.5900497E-08
  5.4032452E+01 -4.0489212E-07  3.1792434E-06 -6.6333016E-08
  5.5004946E+01 -2.9681124E-07  3.3752026E-06 -6.6757885E-08
  5.5994943E+01 -2.1638722E-07  3.5450864E-06 -6.7175237E-08
  5.7002759E+01 -1.5685394E-07  3.6956892E-06 -6.7585204E-08
  5.8028713E+01 -1.1301967E-07  3.8322319E-06 -6.7987921E-08
  5.9073133E+01 -8.0921026E-08  3.9587073E-06 -6.8383513E-08
  6.0136350E+01 -5.7548476E-08  4.0781550E-06 -6.8772107E-08
  6.1218704E+01 -4.0629047E-08  4.1928786E-06 -6.9153826E-08
  6.2320538E+01 -2.8455403E-08  4.3046163E-06 -6.9528793E-08
  6.3442202E+01 -1.9752179E-08  4.4146754E-06 -6.9897126E-08
  6.4584055E+01 -1.3572119E-08  4.5240353E-06 -7.0258942E-08
  6.5746460E+01 -9.2159098E-09  4.6334281E-06 -7.0614358E-08
  6.6929785E+01 -6.1700121E-09  4.7434009E-06 -7.0963487E-08
  6.8134408E+01 -4.0598707E-09  4.8543622E-06 -7.1306440E-08
  6.9360713E+01 -2.6137741E-09  4.9666184E-06 -7.1643326E-08
  7.0609088E+01 -1.6359820E-09  5.0804003E-06 -7.1974252E-08
  7.1879932E+01 -9.8634700E-10  5.1958841E-06 -7.2299323E-08
  7.3173650E+01 -5.6533622E-10  5.3132059E-06 -7.2618645E-08
  7.4490651E+01 -3.0274805E-10  5.4324730E-06 -7.2932317E-08
  7.5831357E+01 -1.4891555E-10  5.5537731E-06 -7.3240441E-08
  7.7196192E+01 -6.9135808E-11  5.6771792E-06 -7.3543113E-08
  7.8585593E+01 -3.9833026E-11  5.8027543E-06 -7.3840432E-08
  8.0000000E+01 -4.4735771E-11  5.9305545E-06 -7.4132490E-08
