 # l=           1 basis function with energy    -1.7070220978631174     
  0.0000E+00  0.0000E+00  0.0000E+00  0.0000E+00
  5.5354E-06 -1.0583E-07  3.1305E-11  2.0994E-10
  1.1171E-05 -3.4428E-07  1.2748E-10  8.5493E-10
  1.6907E-05 -6.9088E-07  2.9204E-10  1.9585E-09
  2.2747E-05 -1.1376E-06  5.2863E-10  3.5451E-09
  2.8692E-05 -1.6810E-06  8.4105E-10  5.6402E-09
  3.4743E-05 -2.3193E-06  1.2333E-09  8.2705E-09
  4.0904E-05 -3.0523E-06  1.7094E-09  1.1464E-08
  4.7176E-05 -3.8804E-06  2.2738E-09  1.5248E-08
  5.3560E-05 -4.8046E-06  2.9309E-09  1.9655E-08
  6.0060E-05 -5.8264E-06  3.6854E-09  2.4715E-08
  6.6676E-05 -6.9476E-06  4.5421E-09  3.0460E-08
  7.3412E-05 -8.1704E-06  5.5061E-09  3.6925E-08
  8.0268E-05 -9.4970E-06  6.5827E-09  4.4144E-08
  8.7249E-05 -1.0930E-05  7.7773E-09  5.2156E-08
  9.4354E-05 -1.2472E-05  9.0957E-09  6.0997E-08
  1.0159E-04 -1.4127E-05  1.0544E-08  7.0708E-08
  1.0895E-04 -1.5897E-05  1.2128E-08  8.1331E-08
  1.1645E-04 -1.7786E-05  1.3854E-08  9.2907E-08
  1.2408E-04 -1.9798E-05  1.5729E-08  1.0548E-07
  1.3185E-04 -2.1935E-05  1.7761E-08  1.1911E-07
  1.3976E-04 -2.4203E-05  1.9955E-08  1.3382E-07
  1.4781E-04 -2.6605E-05  2.2321E-08  1.4968E-07
  1.5600E-04 -2.9145E-05  2.4864E-08  1.6674E-07
  1.6435E-04 -3.1829E-05  2.7595E-08  1.8506E-07
  1.7284E-04 -3.4659E-05  3.0521E-08  2.0468E-07
  1.8149E-04 -3.7643E-05  3.3651E-08  2.2567E-07
  1.9029E-04 -4.0783E-05  3.6994E-08  2.4809E-07
  1.9925E-04 -4.4086E-05  4.0560E-08  2.7200E-07
  2.0837E-04 -4.7557E-05  4.4359E-08  2.9748E-07
  2.1766E-04 -5.1201E-05  4.8401E-08  3.2458E-07
  2.2711E-04 -5.5024E-05  5.2696E-08  3.5339E-07
  2.3673E-04 -5.9033E-05  5.7256E-08  3.8397E-07
  2.4653E-04 -6.3233E-05  6.2093E-08  4.1640E-07
  2.5650E-04 -6.7631E-05  6.7218E-08  4.5077E-07
  2.6665E-04 -7.2234E-05  7.2644E-08  4.8716E-07
  2.7699E-04 -7.7047E-05  7.8384E-08  5.2566E-07
  2.8751E-04 -8.2080E-05  8.4452E-08  5.6635E-07
  2.9822E-04 -8.7338E-05  9.0861E-08  6.0933E-07
  3.0912E-04 -9.2830E-05  9.7626E-08  6.5470E-07
  3.2022E-04 -9.8563E-05  1.0476E-07  7.0255E-07
  3.3152E-04 -1.0455E-04  1.1229E-07  7.5301E-07
  3.4302E-04 -1.1079E-04  1.2021E-07  8.0617E-07
  3.5473E-04 -1.1730E-04  1.2856E-07  8.6214E-07
  3.6665E-04 -1.2408E-04  1.3735E-07  9.2106E-07
  3.7878E-04 -1.3115E-04  1.4659E-07  9.8303E-07
  3.9114E-04 -1.3851E-04  1.5630E-07  1.0482E-06
  4.0371E-04 -1.4618E-04  1.6652E-07  1.1167E-06
  4.1651E-04 -1.5416E-04  1.7724E-07  1.1886E-06
  4.2955E-04 -1.6247E-04  1.8851E-07  1.2642E-06
  4.4281E-04 -1.7112E-04  2.0033E-07  1.3435E-06
  4.5632E-04 -1.8011E-04  2.1274E-07  1.4267E-06
  4.7007E-04 -1.8947E-04  2.2575E-07  1.5139E-06
  4.8406E-04 -1.9919E-04  2.3939E-07  1.6054E-06
  4.9831E-04 -2.0931E-04  2.5369E-07  1.7013E-06
  5.1281E-04 -2.1981E-04  2.6868E-07  1.8018E-06
  5.2758E-04 -2.3073E-04  2.8437E-07  1.9070E-06
  5.4261E-04 -2.4208E-04  3.0081E-07  2.0172E-06
  5.5791E-04 -2.5386E-04  3.1801E-07  2.1326E-06
  5.7349E-04 -2.6610E-04  3.3602E-07  2.2534E-06
  5.8934E-04 -2.7881E-04  3.5485E-07  2.3797E-06
  6.0549E-04 -2.9201E-04  3.7456E-07  2.5119E-06
  6.2192E-04 -3.0570E-04  3.9517E-07  2.6501E-06
  6.3865E-04 -3.1991E-04  4.1671E-07  2.7945E-06
  6.5568E-04 -3.3466E-04  4.3923E-07  2.9456E-06
  6.7302E-04 -3.4997E-04  4.6277E-07  3.1034E-06
  6.9066E-04 -3.6584E-04  4.8736E-07  3.2683E-06
  7.0863E-04 -3.8231E-04  5.1304E-07  3.4405E-06
  7.2692E-04 -3.9939E-04  5.3987E-07  3.6204E-06
  7.4554E-04 -4.1710E-04  5.6787E-07  3.8083E-06
  7.6449E-04 -4.3546E-04  5.9712E-07  4.0043E-06
  7.8379E-04 -4.5450E-04  6.2764E-07  4.2090E-06
  8.0343E-04 -4.7424E-04  6.5949E-07  4.4226E-06
  8.2343E-04 -4.9470E-04  6.9272E-07  4.6455E-06
  8.4378E-04 -5.1590E-04  7.2740E-07  4.8780E-06
  8.6450E-04 -5.3787E-04  7.6356E-07  5.1206E-06
  8.8560E-04 -5.6064E-04  8.0128E-07  5.3735E-06
  9.0707E-04 -5.8423E-04  8.4061E-07  5.6373E-06
  9.2893E-04 -6.0866E-04  8.8162E-07  5.9123E-06
  9.5119E-04 -6.3398E-04  9.2437E-07  6.1990E-06
  9.7384E-04 -6.6020E-04  9.6893E-07  6.4978E-06
  9.9691E-04 -6.8736E-04  1.0154E-06  6.8092E-06
  1.0204E-03 -7.1548E-04  1.0638E-06  7.1337E-06
  1.0443E-03 -7.4460E-04  1.1142E-06  7.4718E-06
  1.0686E-03 -7.7476E-04  1.1667E-06  7.8240E-06
  1.0934E-03 -8.0598E-04  1.2214E-06  8.1909E-06
  1.1186E-03 -8.3831E-04  1.2784E-06  8.5730E-06
  1.1443E-03 -8.7177E-04  1.3377E-06  8.9710E-06
  1.1704E-03 -9.0641E-04  1.3995E-06  9.3854E-06
  1.1970E-03 -9.4226E-04  1.4639E-06  9.8168E-06
  1.2241E-03 -9.7937E-04  1.5308E-06  1.0266E-05
  1.2516E-03 -1.0178E-03  1.6006E-06  1.0734E-05
  1.2797E-03 -1.0575E-03  1.6731E-06  1.1220E-05
  1.3083E-03 -1.0986E-03  1.7487E-06  1.1727E-05
  1.3374E-03 -1.1412E-03  1.8273E-06  1.2254E-05
  1.3670E-03 -1.1852E-03  1.9091E-06  1.2803E-05
  1.3971E-03 -1.2307E-03  1.9942E-06  1.3373E-05
  1.4278E-03 -1.2779E-03  2.0827E-06  1.3967E-05
  1.4590E-03 -1.3266E-03  2.1749E-06  1.4585E-05
  1.4908E-03 -1.3770E-03  2.2707E-06  1.5228E-05
  1.5232E-03 -1.4291E-03  2.3703E-06  1.5896E-05
  1.5561E-03 -1.4831E-03  2.4740E-06  1.6591E-05
  1.5897E-03 -1.5388E-03  2.5818E-06  1.7314E-05
  1.6238E-03 -1.5965E-03  2.6939E-06  1.8066E-05
  1.6586E-03 -1.6562E-03  2.8105E-06  1.8848E-05
  1.6940E-03 -1.7178E-03  2.9317E-06  1.9660E-05
  1.7300E-03 -1.7816E-03  3.0577E-06  2.0506E-05
  1.7667E-03 -1.8475E-03  3.1887E-06  2.1384E-05
  1.8040E-03 -1.9157E-03  3.3249E-06  2.2297E-05
  1.8420E-03 -1.9861E-03  3.4665E-06  2.3247E-05
  1.8807E-03 -2.0590E-03  3.6136E-06  2.4234E-05
  1.9201E-03 -2.1343E-03  3.7666E-06  2.5259E-05
  1.9602E-03 -2.2121E-03  3.9255E-06  2.6325E-05
  2.0010E-03 -2.2925E-03  4.0907E-06  2.7433E-05
  2.0425E-03 -2.3756E-03  4.2623E-06  2.8584E-05
  2.0848E-03 -2.4616E-03  4.4407E-06  2.9780E-05
  2.1279E-03 -2.5503E-03  4.6260E-06  3.1023E-05
  2.1717E-03 -2.6421E-03  4.8186E-06  3.2314E-05
  2.2163E-03 -2.7369E-03  5.0186E-06  3.3656E-05
  2.2618E-03 -2.8348E-03  5.2264E-06  3.5049E-05
  2.3080E-03 -2.9360E-03  5.4423E-06  3.6497E-05
  2.3551E-03 -3.0406E-03  5.6666E-06  3.8001E-05
  2.4030E-03 -3.1486E-03  5.8996E-06  3.9563E-05
  2.4518E-03 -3.2601E-03  6.1416E-06  4.1186E-05
  2.5015E-03 -3.3754E-03  6.3929E-06  4.2872E-05
  2.5520E-03 -3.4944E-03  6.6539E-06  4.4622E-05
  2.6035E-03 -3.6174E-03  6.9250E-06  4.6440E-05
  2.6559E-03 -3.7444E-03  7.2065E-06  4.8328E-05
  2.7092E-03 -3.8755E-03  7.4989E-06  5.0289E-05
  2.7635E-03 -4.0110E-03  7.8025E-06  5.2324E-05
  2.8188E-03 -4.1508E-03  8.1177E-06  5.4439E-05
  2.8750E-03 -4.2952E-03  8.4450E-06  5.6634E-05
  2.9323E-03 -4.4443E-03  8.7849E-06  5.8913E-05
  2.9906E-03 -4.5983E-03  9.1377E-06  6.1279E-05
  3.0500E-03 -4.7572E-03  9.5041E-06  6.3736E-05
  3.1104E-03 -4.9213E-03  9.8844E-06  6.6287E-05
  3.1720E-03 -5.0907E-03  1.0279E-05  6.8934E-05
  3.2346E-03 -5.2655E-03  1.0689E-05  7.1683E-05
  3.2983E-03 -5.4459E-03  1.1115E-05  7.4537E-05
  3.3632E-03 -5.6322E-03  1.1556E-05  7.7499E-05
  3.4293E-03 -5.8244E-03  1.2015E-05  8.0574E-05
  3.4966E-03 -6.0228E-03  1.2491E-05  8.3765E-05
  3.5650E-03 -6.2275E-03  1.2985E-05  8.7078E-05
  3.6347E-03 -6.4387E-03  1.3497E-05  9.0516E-05
  3.7057E-03 -6.6566E-03  1.4030E-05  9.4084E-05
  3.7779E-03 -6.8814E-03  1.4582E-05  9.7788E-05
  3.8514E-03 -7.1134E-03  1.5155E-05  1.0163E-04
  3.9263E-03 -7.3527E-03  1.5750E-05  1.0562E-04
  4.0025E-03 -7.5995E-03  1.6367E-05  1.0976E-04
  4.0801E-03 -7.8541E-03  1.7008E-05  1.1406E-04
  4.1590E-03 -8.1167E-03  1.7672E-05  1.1851E-04
  4.2394E-03 -8.3874E-03  1.8362E-05  1.2314E-04
  4.3213E-03 -8.6667E-03  1.9078E-05  1.2794E-04
  4.4046E-03 -8.9546E-03  1.9821E-05  1.3292E-04
  4.4894E-03 -9.2515E-03  2.0591E-05  1.3809E-04
  4.5757E-03 -9.5576E-03  2.1391E-05  1.4345E-04
  4.6636E-03 -9.8732E-03  2.2220E-05  1.4901E-04
  4.7531E-03 -1.0198E-02  2.3081E-05  1.5479E-04
  4.8442E-03 -1.0534E-02  2.3974E-05  1.6078E-04
  4.9369E-03 -1.0879E-02  2.4901E-05  1.6699E-04
  5.0313E-03 -1.1235E-02  2.5862E-05  1.7344E-04
  5.1274E-03 -1.1602E-02  2.6859E-05  1.8012E-04
  5.2252E-03 -1.1981E-02  2.7894E-05  1.8706E-04
  5.3248E-03 -1.2370E-02  2.8967E-05  1.9426E-04
  5.4261E-03 -1.2772E-02  3.0081E-05  2.0173E-04
  5.5293E-03 -1.3185E-02  3.1236E-05  2.0947E-04
  5.6344E-03 -1.3611E-02  3.2434E-05  2.1751E-04
  5.7413E-03 -1.4050E-02  3.3677E-05  2.2584E-04
  5.8502E-03 -1.4502E-02  3.4966E-05  2.3449E-04
  5.9610E-03 -1.4967E-02  3.6303E-05  2.4346E-04
  6.0739E-03 -1.5446E-02  3.7691E-05  2.5276E-04
  6.1887E-03 -1.5939E-02  3.9130E-05  2.6241E-04
  6.3056E-03 -1.6447E-02  4.0622E-05  2.7242E-04
  6.4247E-03 -1.6970E-02  4.2170E-05  2.8280E-04
  6.5458E-03 -1.7508E-02  4.3776E-05  2.9357E-04
  6.6692E-03 -1.8061E-02  4.5441E-05  3.0473E-04
  6.7947E-03 -1.8631E-02  4.7168E-05  3.1632E-04
  6.9226E-03 -1.9217E-02  4.8960E-05  3.2833E-04
  7.0527E-03 -1.9820E-02  5.0818E-05  3.4079E-04
  7.1852E-03 -2.0441E-02  5.2744E-05  3.5371E-04
  7.3200E-03 -2.1079E-02  5.4743E-05  3.6711E-04
  7.4573E-03 -2.1735E-02  5.6815E-05  3.8101E-04
  7.5971E-03 -2.2409E-02  5.8965E-05  3.9543E-04
  7.7393E-03 -2.3103E-02  6.1194E-05  4.1038E-04
  7.8842E-03 -2.3816E-02  6.3506E-05  4.2588E-04
  8.0316E-03 -2.4549E-02  6.5903E-05  4.4196E-04
  8.1817E-03 -2.5303E-02  6.8389E-05  4.5863E-04
  8.3345E-03 -2.6077E-02  7.0967E-05  4.7592E-04
  8.4900E-03 -2.6872E-02  7.3640E-05  4.9385E-04
  8.6484E-03 -2.7689E-02  7.6413E-05  5.1244E-04
  8.8095E-03 -2.8529E-02  7.9288E-05  5.3172E-04
  8.9736E-03 -2.9391E-02  8.2269E-05  5.5171E-04
  9.1407E-03 -3.0276E-02  8.5360E-05  5.7244E-04
  9.3107E-03 -3.1185E-02  8.8565E-05  5.9394E-04
  9.4839E-03 -3.2118E-02  9.1889E-05  6.1623E-04
  9.6601E-03 -3.3075E-02  9.5336E-05  6.3934E-04
  9.8395E-03 -3.4058E-02  9.8910E-05  6.6331E-04
  1.0022E-02 -3.5066E-02  1.0262E-04  6.8816E-04
  1.0208E-02 -3.6100E-02  1.0646E-04  7.1392E-04
  1.0397E-02 -3.7161E-02  1.1044E-04  7.4064E-04
  1.0590E-02 -3.8248E-02  1.1457E-04  7.6834E-04
  1.0786E-02 -3.9363E-02  1.1886E-04  7.9707E-04
  1.0986E-02 -4.0507E-02  1.2330E-04  8.2685E-04
  1.1189E-02 -4.1678E-02  1.2790E-04  8.5773E-04
  1.1396E-02 -4.2878E-02  1.3267E-04  8.8974E-04
  1.1607E-02 -4.4108E-02  1.3762E-04  9.2294E-04
  1.1821E-02 -4.5368E-02  1.4276E-04  9.5735E-04
  1.2039E-02 -4.6658E-02  1.4808E-04  9.9304E-04
  1.2262E-02 -4.7978E-02  1.5359E-04  1.0300E-03
  1.2488E-02 -4.9330E-02  1.5931E-04  1.0684E-03
  1.2718E-02 -5.0713E-02  1.6524E-04  1.1082E-03
  1.2952E-02 -5.2128E-02  1.7139E-04  1.1494E-03
  1.3191E-02 -5.3575E-02  1.7776E-04  1.1921E-03
  1.3434E-02 -5.5056E-02  1.8437E-04  1.2364E-03
  1.3681E-02 -5.6569E-02  1.9122E-04  1.2824E-03
  1.3933E-02 -5.8115E-02  1.9833E-04  1.3300E-03
  1.4189E-02 -5.9695E-02  2.0569E-04  1.3794E-03
  1.4450E-02 -6.1309E-02  2.1332E-04  1.4306E-03
  1.4716E-02 -6.2957E-02  2.2124E-04  1.4837E-03
  1.4986E-02 -6.4640E-02  2.2944E-04  1.5387E-03
  1.5262E-02 -6.6358E-02  2.3794E-04  1.5957E-03
  1.5542E-02 -6.8110E-02  2.4676E-04  1.6548E-03
  1.5827E-02 -6.9897E-02  2.5590E-04  1.7161E-03
  1.6118E-02 -7.1719E-02  2.6538E-04  1.7797E-03
  1.6413E-02 -7.3577E-02  2.7520E-04  1.8456E-03
  1.6714E-02 -7.5469E-02  2.8538E-04  1.9139E-03
  1.7020E-02 -7.7397E-02  2.9594E-04  1.9847E-03
  1.7332E-02 -7.9360E-02  3.0688E-04  2.0580E-03
  1.7650E-02 -8.1358E-02  3.1823E-04  2.1341E-03
  1.7973E-02 -8.3391E-02  3.2999E-04  2.2130E-03
  1.8302E-02 -8.5458E-02  3.4218E-04  2.2947E-03
  1.8637E-02 -8.7560E-02  3.5482E-04  2.3795E-03
  1.8978E-02 -8.9696E-02  3.6792E-04  2.4673E-03
  1.9325E-02 -9.1866E-02  3.8149E-04  2.5584E-03
  1.9678E-02 -9.4069E-02  3.9557E-04  2.6528E-03
  2.0038E-02 -9.6304E-02  4.1016E-04  2.7507E-03
  2.0404E-02 -9.8572E-02  4.2529E-04  2.8521E-03
  2.0777E-02 -1.0087E-01  4.4097E-04  2.9573E-03
  2.1157E-02 -1.0320E-01  4.5722E-04  3.0663E-03
  2.1543E-02 -1.0556E-01  4.7407E-04  3.1792E-03
  2.1936E-02 -1.0795E-01  4.9153E-04  3.2964E-03
  2.2337E-02 -1.1036E-01  5.0963E-04  3.4178E-03
  2.2744E-02 -1.1281E-01  5.2839E-04  3.5436E-03
  2.3159E-02 -1.1528E-01  5.4784E-04  3.6740E-03
  2.3581E-02 -1.1777E-01  5.6800E-04  3.8092E-03
  2.4011E-02 -1.2029E-01  5.8890E-04  3.9494E-03
  2.4449E-02 -1.2282E-01  6.1056E-04  4.0946E-03
  2.4895E-02 -1.2538E-01  6.3301E-04  4.2452E-03
  2.5348E-02 -1.2795E-01  6.5628E-04  4.4013E-03
  2.5810E-02 -1.3055E-01  6.8040E-04  4.5631E-03
  2.6280E-02 -1.3315E-01  7.0541E-04  4.7307E-03
  2.6759E-02 -1.3577E-01  7.3132E-04  4.9046E-03
  2.7246E-02 -1.3839E-01  7.5818E-04  5.0847E-03
  2.7742E-02 -1.4103E-01  7.8603E-04  5.2714E-03
  2.8246E-02 -1.4367E-01  8.1489E-04  5.4650E-03
  2.8760E-02 -1.4631E-01  8.4480E-04  5.6656E-03
  2.9283E-02 -1.4895E-01  8.7580E-04  5.8735E-03
  2.9816E-02 -1.5158E-01  9.0794E-04  6.0891E-03
  3.0358E-02 -1.5421E-01  9.4124E-04  6.3124E-03
  3.0910E-02 -1.5683E-01  9.7577E-04  6.5440E-03
  3.1472E-02 -1.5943E-01  1.0115E-03  6.7840E-03
  3.2044E-02 -1.6202E-01  1.0486E-03  7.0327E-03
  3.2626E-02 -1.6459E-01  1.0871E-03  7.2905E-03
  3.3219E-02 -1.6713E-01  1.1269E-03  7.5577E-03
  3.3822E-02 -1.6964E-01  1.1682E-03  7.8347E-03
  3.4437E-02 -1.7212E-01  1.2110E-03  8.1217E-03
  3.5062E-02 -1.7456E-01  1.2554E-03  8.4192E-03
  3.5699E-02 -1.7695E-01  1.3013E-03  8.7276E-03
  3.6347E-02 -1.7930E-01  1.3490E-03  9.0472E-03
  3.7006E-02 -1.8160E-01  1.3984E-03  9.3784E-03
  3.7678E-02 -1.8384E-01  1.4496E-03  9.7217E-03
  3.8362E-02 -1.8602E-01  1.5026E-03  1.0078E-02
  3.9058E-02 -1.8813E-01  1.5576E-03  1.0446E-02
  3.9766E-02 -1.9016E-01  1.6146E-03  1.0829E-02
  4.0487E-02 -1.9211E-01  1.6736E-03  1.1225E-02
  4.1222E-02 -1.9398E-01  1.7348E-03  1.1635E-02
  4.1969E-02 -1.9575E-01  1.7983E-03  1.2061E-02
  4.2730E-02 -1.9743E-01  1.8640E-03  1.2502E-02
  4.3505E-02 -1.9900E-01  1.9322E-03  1.2959E-02
  4.4293E-02 -2.0046E-01  2.0028E-03  1.3433E-02
  4.5096E-02 -2.0180E-01  2.0760E-03  1.3923E-02
  4.5913E-02 -2.0301E-01  2.1518E-03  1.4432E-02
  4.6745E-02 -2.0409E-01  2.2305E-03  1.4960E-02
  4.7592E-02 -2.0504E-01  2.3119E-03  1.5506E-02
  4.8454E-02 -2.0583E-01  2.3964E-03  1.6072E-02
  4.9332E-02 -2.0647E-01  2.4839E-03  1.6659E-02
  5.0225E-02 -2.0695E-01  2.5746E-03  1.7268E-02
  5.1134E-02 -2.0725E-01  2.6686E-03  1.7898E-02
  5.2060E-02 -2.0738E-01  2.7660E-03  1.8552E-02
  5.3003E-02 -2.0733E-01  2.8669E-03  1.9229E-02
  5.3962E-02 -2.0708E-01  2.9715E-03  1.9931E-02
  5.4939E-02 -2.0664E-01  3.0799E-03  2.0658E-02
  5.5933E-02 -2.0598E-01  3.1923E-03  2.1411E-02
  5.6946E-02 -2.0512E-01  3.3087E-03  2.2193E-02
  5.7976E-02 -2.0403E-01  3.4294E-03  2.3002E-02
  5.9025E-02 -2.0271E-01  3.5544E-03  2.3841E-02
  6.0093E-02 -2.0115E-01  3.6840E-03  2.4710E-02
  6.1180E-02 -1.9935E-01  3.8183E-03  2.5611E-02
  6.2287E-02 -1.9729E-01  3.9575E-03  2.6545E-02
  6.3413E-02 -1.9498E-01  4.1017E-03  2.7512E-02
  6.4560E-02 -1.9241E-01  4.2511E-03  2.8515E-02
  6.5728E-02 -1.8956E-01  4.4060E-03  2.9554E-02
  6.6916E-02 -1.8644E-01  4.5665E-03  3.0631E-02
  6.8126E-02 -1.8304E-01  4.7328E-03  3.1747E-02
  6.9358E-02 -1.7935E-01  4.9051E-03  3.2903E-02
  7.0612E-02 -1.7537E-01  5.0837E-03  3.4101E-02
  7.1888E-02 -1.7109E-01  5.2688E-03  3.5343E-02
  7.3188E-02 -1.6651E-01  5.4605E-03  3.6630E-02
  7.4510E-02 -1.6163E-01  5.6593E-03  3.7963E-02
  7.5857E-02 -1.5644E-01  5.8652E-03  3.9345E-02
  7.7228E-02 -1.5094E-01  6.0786E-03  4.0776E-02
  7.8623E-02 -1.4513E-01  6.2997E-03  4.2260E-02
  8.0044E-02 -1.3901E-01  6.5288E-03  4.3797E-02
  8.1490E-02 -1.3258E-01  6.7662E-03  4.5391E-02
  8.2962E-02 -1.2584E-01  7.0122E-03  4.7041E-02
  8.4461E-02 -1.1878E-01  7.2671E-03  4.8752E-02
  8.5987E-02 -1.1142E-01  7.5312E-03  5.0524E-02
  8.7540E-02 -1.0375E-01  7.8048E-03  5.2361E-02
  8.9121E-02 -9.5786E-02  8.0884E-03  5.4264E-02
  9.0730E-02 -8.7522E-02  8.3822E-03  5.6236E-02
  9.2369E-02 -7.8967E-02  8.6866E-03  5.8279E-02
  9.4037E-02 -7.0128E-02  9.0020E-03  6.0396E-02
  9.5735E-02 -6.1012E-02  9.3288E-03  6.2589E-02
  9.7464E-02 -5.1630E-02  9.6674E-03  6.4862E-02
  9.9223E-02 -4.1991E-02  1.0018E-02  6.7217E-02
  1.0101E-01 -3.2105E-02  1.0382E-02  6.9657E-02
  1.0284E-01 -2.1987E-02  1.0758E-02  7.2185E-02
  1.0469E-01 -1.1648E-02  1.1149E-02  7.4804E-02
  1.0658E-01 -1.1034E-03  1.1553E-02  7.7518E-02
  1.0851E-01  9.6303E-03  1.1972E-02  8.0329E-02
  1.1047E-01  2.0536E-02  1.2405E-02  8.3242E-02
  1.1246E-01  3.1596E-02  1.2855E-02  8.6260E-02
  1.1449E-01  4.2790E-02  1.3321E-02  8.9386E-02
  1.1656E-01  5.4098E-02  1.3803E-02  9.2625E-02
  1.1866E-01  6.5496E-02  1.4303E-02  9.5981E-02
  1.2080E-01  7.6963E-02  1.4821E-02  9.9457E-02
  1.2298E-01  8.8473E-02  1.5357E-02  1.0306E-01
  1.2520E-01  1.0000E-01  1.5912E-02  1.0679E-01
  1.2746E-01  1.1152E-01  1.6488E-02  1.1065E-01
  1.2976E-01  1.2300E-01  1.7084E-02  1.1466E-01
  1.3210E-01  1.3442E-01  1.7702E-02  1.1880E-01
  1.3448E-01  1.4574E-01  1.8341E-02  1.2310E-01
  1.3691E-01  1.5693E-01  1.9004E-02  1.2755E-01
  1.3938E-01  1.6797E-01  1.9690E-02  1.3216E-01
  1.4189E-01  1.7881E-01  2.0401E-02  1.3693E-01
  1.4445E-01  1.8943E-01  2.1137E-02  1.4188E-01
  1.4706E-01  1.9979E-01  2.1900E-02  1.4700E-01
  1.4971E-01  2.0985E-01  2.2690E-02  1.5231E-01
  1.5241E-01  2.1959E-01  2.3508E-02  1.5780E-01
  1.5516E-01  2.2896E-01  2.4355E-02  1.6349E-01
  1.5796E-01  2.3793E-01  2.5232E-02  1.6938E-01
  1.6080E-01  2.4646E-01  2.6141E-02  1.7549E-01
  1.6370E-01  2.5452E-01  2.7082E-02  1.8181E-01
  1.6666E-01  2.6206E-01  2.8056E-02  1.8835E-01
  1.6966E-01  2.6907E-01  2.9065E-02  1.9513E-01
  1.7272E-01  2.7549E-01  3.0109E-02  2.0215E-01
  1.7583E-01  2.8129E-01  3.1191E-02  2.0942E-01
  1.7900E-01  2.8645E-01  3.2311E-02  2.1694E-01
  1.8223E-01  2.9092E-01  3.3471E-02  2.2473E-01
  1.8552E-01  2.9468E-01  3.4671E-02  2.3280E-01
  1.8886E-01  2.9768E-01  3.5914E-02  2.4115E-01
  1.9227E-01  2.9991E-01  3.7201E-02  2.4979E-01
  1.9573E-01  3.0133E-01  3.8533E-02  2.5874E-01
  1.9926E-01  3.0193E-01  3.9912E-02  2.6801E-01
  2.0285E-01  3.0166E-01  4.1340E-02  2.7759E-01
  2.0651E-01  3.0051E-01  4.2817E-02  2.8752E-01
  2.1023E-01  2.9846E-01  4.4347E-02  2.9779E-01
  2.1402E-01  2.9550E-01  4.5929E-02  3.0842E-01
  2.1788E-01  2.9160E-01  4.7567E-02  3.1942E-01
  2.2181E-01  2.8675E-01  4.9263E-02  3.3081E-01
  2.2580E-01  2.8095E-01  5.1017E-02  3.4259E-01
  2.2987E-01  2.7418E-01  5.2832E-02  3.5478E-01
  2.3402E-01  2.6645E-01  5.4711E-02  3.6739E-01
  2.3823E-01  2.5774E-01  5.6654E-02  3.8043E-01
  2.4253E-01  2.4808E-01  5.8665E-02  3.9393E-01
  2.4690E-01  2.3746E-01  6.0745E-02  4.0789E-01
  2.5135E-01  2.2589E-01  6.2897E-02  4.2232E-01
  2.5588E-01  2.1339E-01  6.5123E-02  4.3725E-01
  2.6049E-01  1.9997E-01  6.7426E-02  4.5269E-01
  2.6518E-01  1.8567E-01  6.9807E-02  4.6865E-01
  2.6996E-01  1.7050E-01  7.2269E-02  4.8516E-01
  2.7482E-01  1.5449E-01  7.4816E-02  5.0222E-01
  2.7977E-01  1.3769E-01  7.7449E-02  5.1985E-01
  2.8482E-01  1.2012E-01  8.0172E-02  5.3807E-01
  2.8995E-01  1.0183E-01  8.2986E-02  5.5691E-01
  2.9517E-01  8.2873E-02  8.5896E-02  5.7636E-01
  3.0049E-01  6.3290E-02  8.8903E-02  5.9646E-01
  3.0590E-01  4.3139E-02  9.2011E-02  6.1723E-01
  3.1141E-01  2.2478E-02  9.5224E-02  6.3867E-01
  3.1702E-01  1.3675E-03  9.8543E-02  6.6081E-01
  3.2274E-01 -2.0126E-02  1.0197E-01  6.8367E-01
  3.2855E-01 -4.1935E-02  1.0552E-01  7.0727E-01
  3.3447E-01 -6.3987E-02  1.0918E-01  7.3162E-01
  3.4049E-01 -8.6208E-02  1.1296E-01  7.5674E-01
  3.4663E-01 -1.0852E-01  1.1686E-01  7.8266E-01
  3.5287E-01 -1.3085E-01  1.2089E-01  8.0939E-01
  3.5923E-01 -1.5311E-01  1.2505E-01  8.3695E-01
  3.6570E-01 -1.7521E-01  1.2935E-01  8.6536E-01
  3.7229E-01 -1.9708E-01  1.3378E-01  8.9464E-01
  3.7899E-01 -2.1863E-01  1.3836E-01  9.2480E-01
  3.8582E-01 -2.3977E-01  1.4308E-01  9.5587E-01
  3.9277E-01 -2.6042E-01  1.4795E-01  9.8786E-01
  3.9985E-01 -2.8048E-01  1.5298E-01  1.0208E+00
  4.0705E-01 -2.9987E-01  1.5816E-01  1.0547E+00
  4.1438E-01 -3.1851E-01  1.6350E-01  1.0895E+00
  4.2184E-01 -3.3632E-01  1.6901E-01  1.1253E+00
  4.2944E-01 -3.5319E-01  1.7468E-01  1.1621E+00
  4.3718E-01 -3.6907E-01  1.8053E-01  1.1999E+00
  4.4505E-01 -3.8385E-01  1.8656E-01  1.2388E+00
  4.5306E-01 -3.9747E-01  1.9277E-01  1.2786E+00
  4.6122E-01 -4.0985E-01  1.9916E-01  1.3195E+00
  4.6953E-01 -4.2091E-01  2.0574E-01  1.3613E+00
  4.7799E-01 -4.3060E-01  2.1251E-01  1.4042E+00
  4.8660E-01 -4.3883E-01  2.1948E-01  1.4482E+00
  4.9536E-01 -4.4556E-01  2.2665E-01  1.4931E+00
  5.0428E-01 -4.5073E-01  2.3402E-01  1.5390E+00
  5.1336E-01 -4.5429E-01  2.4160E-01  1.5860E+00
  5.2261E-01 -4.5619E-01  2.4939E-01  1.6339E+00
  5.3202E-01 -4.5641E-01  2.5740E-01  1.6827E+00
  5.4160E-01 -4.5491E-01  2.6562E-01  1.7325E+00
  5.5135E-01 -4.5166E-01  2.7406E-01  1.7831E+00
  5.6128E-01 -4.4665E-01  2.8272E-01  1.8346E+00
  5.7139E-01 -4.3987E-01  2.9160E-01  1.8869E+00
  5.8168E-01 -4.3131E-01  3.0071E-01  1.9399E+00
  5.9215E-01 -4.2098E-01  3.1005E-01  1.9936E+00
  6.0282E-01 -4.0889E-01  3.1962E-01  2.0479E+00
  6.1367E-01 -3.9505E-01  3.2942E-01  2.1027E+00
  6.2472E-01 -3.7949E-01  3.3946E-01  2.1580E+00
  6.3597E-01 -3.6224E-01  3.4972E-01  2.2136E+00
  6.4742E-01 -3.4334E-01  3.6022E-01  2.2694E+00
  6.5908E-01 -3.2284E-01  3.7094E-01  2.3254E+00
  6.7095E-01 -3.0078E-01  3.8190E-01  2.3813E+00
  6.8303E-01 -2.7722E-01  3.9308E-01  2.4370E+00
  6.9533E-01 -2.5224E-01  4.0449E-01  2.4924E+00
  7.0785E-01 -2.2589E-01  4.1612E-01  2.5473E+00
  7.2060E-01 -1.9826E-01  4.2796E-01  2.6016E+00
  7.3357E-01 -1.6942E-01  4.4002E-01  2.6549E+00
  7.4678E-01 -1.3947E-01  4.5229E-01  2.7072E+00
  7.6023E-01 -1.0848E-01  4.6475E-01  2.7581E+00
  7.7391E-01 -7.6549E-02  4.7741E-01  2.8074E+00
  7.8785E-01 -4.3782E-02  4.9025E-01  2.8549E+00
  8.0203E-01 -1.0274E-02  5.0327E-01  2.9002E+00
  8.1648E-01  2.3872E-02  5.1644E-01  2.9432E+00
  8.3118E-01  5.8552E-02  5.2977E-01  2.9834E+00
  8.4614E-01  9.3658E-02  5.4323E-01  3.0207E+00
  8.6138E-01  1.2908E-01  5.5682E-01  3.0545E+00
  8.7688E-01  1.6472E-01  5.7051E-01  3.0847E+00
  8.9267E-01  2.0046E-01  5.8429E-01  3.1108E+00
  9.0874E-01  2.3619E-01  5.9813E-01  3.1325E+00
  9.2511E-01  2.7181E-01  6.1202E-01  3.1495E+00
  9.4176E-01  3.0721E-01  6.2593E-01  3.1613E+00
  9.5872E-01  3.4229E-01  6.3985E-01  3.1676E+00
  9.7598E-01  3.7694E-01  6.5373E-01  3.1681E+00
  9.9355E-01  4.1106E-01  6.6756E-01  3.1624E+00
  1.0114E+00  4.4456E-01  6.8130E-01  3.1502E+00
  1.0296E+00  4.7733E-01  6.9493E-01  3.1312E+00
  1.0482E+00  5.0930E-01  7.0840E-01  3.1050E+00
  1.0671E+00  5.4037E-01  7.2169E-01  3.0714E+00
  1.0863E+00  5.7046E-01  7.3475E-01  3.0301E+00
  1.1058E+00  5.9949E-01  7.4755E-01  2.9811E+00
  1.1257E+00  6.2739E-01  7.6004E-01  2.9242E+00
  1.1460E+00  6.5408E-01  7.7219E-01  2.8592E+00
  1.1666E+00  6.7951E-01  7.8394E-01  2.7862E+00
  1.1876E+00  7.0360E-01  7.9526E-01  2.7053E+00
  1.2090E+00  7.2631E-01  8.0609E-01  2.6165E+00
  1.2308E+00  7.4758E-01  8.1639E-01  2.5201E+00
  1.2529E+00  7.6737E-01  8.2610E-01  2.4164E+00
  1.2755E+00  7.8562E-01  8.3518E-01  2.3058E+00
  1.2985E+00  8.0232E-01  8.4358E-01  2.1888E+00
  1.3218E+00  8.1742E-01  8.5125E-01  2.0660E+00
  1.3456E+00  8.3091E-01  8.5812E-01  1.9382E+00
  1.3698E+00  8.4275E-01  8.6417E-01  1.8061E+00
  1.3945E+00  8.5296E-01  8.6932E-01  1.6706E+00
  1.4196E+00  8.6150E-01  8.7355E-01  1.5327E+00
  1.4452E+00  8.6839E-01  8.7680E-01  1.3936E+00
  1.4712E+00  8.7363E-01  8.7902E-01  1.2545E+00
  1.4977E+00  8.7724E-01  8.8019E-01  1.1164E+00
  1.5246E+00  8.7922E-01  8.8025E-01  9.8074E-01
  1.5521E+00  8.7961E-01  8.7918E-01  8.4880E-01
  1.5800E+00  8.7844E-01  8.7696E-01  7.2186E-01
  1.6085E+00  8.7573E-01  8.7355E-01  6.0120E-01
  1.6374E+00  8.7153E-01  8.6894E-01  4.8806E-01
  1.6669E+00  8.6588E-01  8.6313E-01  3.8355E-01
  1.6969E+00  8.5883E-01  8.5610E-01  2.8870E-01
  1.7274E+00  8.5044E-01  8.4787E-01  2.0435E-01
  1.7585E+00  8.4076E-01  8.3845E-01  1.3116E-01
  1.7902E+00  8.2986E-01  8.2786E-01  6.9560E-02
  1.8224E+00  8.1779E-01  8.1614E-01  1.9706E-02
  1.8552E+00  8.0462E-01  8.0332E-01 -1.8536E-02
  1.8886E+00  7.9044E-01  7.8944E-01 -4.5618E-02
  1.9226E+00  7.7529E-01  7.7458E-01 -6.2321E-02
  1.9572E+00  7.5927E-01  7.5879E-01 -6.9760E-02
  1.9925E+00  7.4244E-01  7.4214E-01 -6.9361E-02
  2.0283E+00  7.2488E-01  7.2471E-01 -6.2831E-02
  2.0648E+00  7.0667E-01  7.0658E-01 -5.2085E-02
  2.1020E+00  6.8788E-01  6.8784E-01 -3.9159E-02
  2.1399E+00  6.6858E-01  6.6857E-01 -2.6070E-02
  2.1784E+00  6.4886E-01  6.4886E-01 -1.4638E-02
  2.2176E+00  6.2878E-01  6.2878E-01 -6.2557E-03
  2.2575E+00  6.0842E-01  6.0842E-01 -1.5913E-03
  2.2981E+00  5.8785E-01  5.8785E-01 -2.3987E-04
  2.3395E+00  5.6714E-01  5.6714E-01  0.0000E+00
  2.3816E+00  5.4635E-01  5.4635E-01  0.0000E+00
  2.4245E+00  5.2555E-01  5.2555E-01  0.0000E+00
  2.4681E+00  5.0480E-01  5.0480E-01  0.0000E+00
  2.5126E+00  4.8415E-01  4.8415E-01  0.0000E+00
  2.5578E+00  4.6367E-01  4.6367E-01  0.0000E+00
  2.6038E+00  4.4340E-01  4.4340E-01  0.0000E+00
  2.6507E+00  4.2339E-01  4.2339E-01  0.0000E+00
  2.6984E+00  4.0369E-01  4.0369E-01  0.0000E+00
  2.7470E+00  3.8434E-01  3.8434E-01  0.0000E+00
  2.7964E+00  3.6537E-01  3.6537E-01  0.0000E+00
  2.8468E+00  3.4683E-01  3.4683E-01  0.0000E+00
  2.8980E+00  3.2874E-01  3.2874E-01  0.0000E+00
  2.9502E+00  3.1113E-01  3.1113E-01  0.0000E+00
  3.0033E+00  2.9403E-01  2.9403E-01  0.0000E+00
  3.0573E+00  2.7745E-01  2.7745E-01  0.0000E+00
  3.1124E+00  2.6141E-01  2.6141E-01  0.0000E+00
  3.1684E+00  2.4592E-01  2.4592E-01  0.0000E+00
  3.2254E+00  2.3100E-01  2.3100E-01  0.0000E+00
  3.2835E+00  2.1666E-01  2.1666E-01  0.0000E+00
  3.3426E+00  2.0289E-01  2.0289E-01  0.0000E+00
  3.4027E+00  1.8969E-01  1.8969E-01  0.0000E+00
  3.4640E+00  1.7708E-01  1.7708E-01  0.0000E+00
  3.5263E+00  1.6504E-01  1.6504E-01  0.0000E+00
  3.5898E+00  1.5357E-01  1.5357E-01  0.0000E+00
  3.6544E+00  1.4265E-01  1.4265E-01  0.0000E+00
  3.7202E+00  1.3230E-01  1.3230E-01  0.0000E+00
  3.7872E+00  1.2248E-01  1.2248E-01  0.0000E+00
  3.8553E+00  1.1320E-01  1.1320E-01  0.0000E+00
  3.9247E+00  1.0444E-01  1.0444E-01  0.0000E+00
  3.9954E+00  9.6182E-02  9.6182E-02  0.0000E+00
  4.0673E+00  8.8418E-02  8.8418E-02  0.0000E+00
  4.1405E+00  8.1129E-02  8.1129E-02  0.0000E+00
  4.2150E+00  7.4301E-02  7.4301E-02  0.0000E+00
  4.2909E+00  6.7918E-02  6.7918E-02  0.0000E+00
  4.3681E+00  6.1961E-02  6.1961E-02  0.0000E+00
  4.4468E+00  5.6415E-02  5.6415E-02  0.0000E+00
  4.5268E+00  5.1260E-02  5.1260E-02  0.0000E+00
  4.6083E+00  4.6481E-02  4.6481E-02  0.0000E+00
  4.6912E+00  4.2058E-02  4.2058E-02  0.0000E+00
  4.7757E+00  3.7975E-02  3.7975E-02  0.0000E+00
  4.8616E+00  3.4214E-02  3.4214E-02  0.0000E+00
  4.9491E+00  3.0756E-02  3.0756E-02  0.0000E+00
  5.0382E+00  2.7586E-02  2.7586E-02  0.0000E+00
  5.1289E+00  2.4685E-02  2.4685E-02  0.0000E+00
  5.2212E+00  2.2038E-02  2.2038E-02  0.0000E+00
  5.3152E+00  1.9628E-02  1.9628E-02  0.0000E+00
  5.4109E+00  1.7440E-02  1.7440E-02  0.0000E+00
  5.5083E+00  1.5458E-02  1.5458E-02  0.0000E+00
  5.6074E+00  1.3667E-02  1.3667E-02  0.0000E+00
  5.7083E+00  1.2053E-02  1.2053E-02  0.0000E+00
