 # l=           1 basis function with energy     2.0000000000000000     
  0.0000E+00  0.0000E+00 -0.0000E+00  0.0000E+00
  5.5354E-06  1.3663E-07 -5.3061E-11 -4.5644E-10
  1.1171E-05  4.4447E-07 -2.1608E-10 -1.8588E-09
  1.6907E-05  8.9193E-07 -4.9500E-10 -4.2581E-09
  2.2747E-05  1.4687E-06 -8.9601E-10 -7.7076E-09
  2.8692E-05  2.1702E-06 -1.4256E-09 -1.2263E-08
  3.4743E-05  2.9943E-06 -2.0903E-09 -1.7981E-08
  4.0904E-05  3.9405E-06 -2.8974E-09 -2.4924E-08
  4.7176E-05  5.0096E-06 -3.8540E-09 -3.3153E-08
  5.3560E-05  6.2028E-06 -4.9678E-09 -4.2733E-08
  6.0060E-05  7.5219E-06 -6.2466E-09 -5.3734E-08
  6.6676E-05  8.9694E-06 -7.6987E-09 -6.6225E-08
  7.3412E-05  1.0548E-05 -9.3326E-09 -8.0280E-08
  8.0268E-05  1.2261E-05 -1.1157E-08 -9.5977E-08
  8.7249E-05  1.4111E-05 -1.3182E-08 -1.1340E-07
  9.4354E-05  1.6102E-05 -1.5417E-08 -1.3262E-07
  1.0159E-04  1.8238E-05 -1.7871E-08 -1.5373E-07
  1.0895E-04  2.0523E-05 -2.0556E-08 -1.7683E-07
  1.1645E-04  2.2962E-05 -2.3482E-08 -2.0200E-07
  1.2408E-04  2.5559E-05 -2.6661E-08 -2.2934E-07
  1.3185E-04  2.8319E-05 -3.0104E-08 -2.5896E-07
  1.3976E-04  3.1246E-05 -3.3823E-08 -2.9095E-07
  1.4781E-04  3.4347E-05 -3.7833E-08 -3.2544E-07
  1.5600E-04  3.7627E-05 -4.2144E-08 -3.6253E-07
  1.6435E-04  4.1091E-05 -4.6773E-08 -4.0235E-07
  1.7284E-04  4.4746E-05 -5.1732E-08 -4.4501E-07
  1.8149E-04  4.8597E-05 -5.7037E-08 -4.9064E-07
  1.9029E-04  5.2651E-05 -6.2704E-08 -5.3939E-07
  1.9925E-04  5.6915E-05 -6.8748E-08 -5.9138E-07
  2.0837E-04  6.1396E-05 -7.5187E-08 -6.4677E-07
  2.1766E-04  6.6101E-05 -8.2038E-08 -7.0570E-07
  2.2711E-04  7.1037E-05 -8.9318E-08 -7.6832E-07
  2.3673E-04  7.6212E-05 -9.7048E-08 -8.3481E-07
  2.4653E-04  8.1634E-05 -1.0525E-07 -9.0533E-07
  2.5650E-04  8.7312E-05 -1.1393E-07 -9.8006E-07
  2.6665E-04  9.3254E-05 -1.2313E-07 -1.0592E-06
  2.7699E-04  9.9469E-05 -1.3286E-07 -1.1429E-06
  2.8751E-04  1.0597E-04 -1.4314E-07 -1.2313E-06
  2.9822E-04  1.1275E-04 -1.5401E-07 -1.3248E-06
  3.0912E-04  1.1984E-04 -1.6547E-07 -1.4234E-06
  3.2022E-04  1.2725E-04 -1.7757E-07 -1.5275E-06
  3.3152E-04  1.3497E-04 -1.9032E-07 -1.6372E-06
  3.4302E-04  1.4303E-04 -2.0376E-07 -1.7527E-06
  3.5473E-04  1.5143E-04 -2.1791E-07 -1.8744E-06
  3.6665E-04  1.6019E-04 -2.3280E-07 -2.0025E-06
  3.7878E-04  1.6931E-04 -2.4846E-07 -2.1373E-06
  3.9114E-04  1.7882E-04 -2.6493E-07 -2.2790E-06
  4.0371E-04  1.8872E-04 -2.8224E-07 -2.4279E-06
  4.1651E-04  1.9903E-04 -3.0042E-07 -2.5843E-06
  4.2955E-04  2.0975E-04 -3.1952E-07 -2.7485E-06
  4.4281E-04  2.2092E-04 -3.3956E-07 -2.9209E-06
  4.5632E-04  2.3253E-04 -3.6058E-07 -3.1018E-06
  4.7007E-04  2.4460E-04 -3.8264E-07 -3.2915E-06
  4.8406E-04  2.5716E-04 -4.0577E-07 -3.4904E-06
  4.9831E-04  2.7021E-04 -4.3000E-07 -3.6989E-06
  5.1281E-04  2.8378E-04 -4.5540E-07 -3.9174E-06
  5.2758E-04  2.9788E-04 -4.8200E-07 -4.1462E-06
  5.4261E-04  3.1253E-04 -5.0986E-07 -4.3858E-06
  5.5791E-04  3.2774E-04 -5.3902E-07 -4.6367E-06
  5.7349E-04  3.4354E-04 -5.6954E-07 -4.8992E-06
  5.8934E-04  3.5995E-04 -6.0147E-07 -5.1739E-06
  6.0549E-04  3.7698E-04 -6.3487E-07 -5.4612E-06
  6.2192E-04  3.9466E-04 -6.6980E-07 -5.7617E-06
  6.3865E-04  4.1301E-04 -7.0632E-07 -6.0758E-06
  6.5568E-04  4.3205E-04 -7.4449E-07 -6.4042E-06
  6.7302E-04  4.5181E-04 -7.8438E-07 -6.7473E-06
  6.9066E-04  4.7231E-04 -8.2605E-07 -7.1058E-06
  7.0863E-04  4.9356E-04 -8.6959E-07 -7.4803E-06
  7.2692E-04  5.1561E-04 -9.1505E-07 -7.8714E-06
  7.4554E-04  5.3848E-04 -9.6253E-07 -8.2798E-06
  7.6449E-04  5.6219E-04 -1.0121E-06 -8.7061E-06
  7.8379E-04  5.8677E-04 -1.0638E-06 -9.1511E-06
  8.0343E-04  6.1225E-04 -1.1178E-06 -9.6156E-06
  8.2343E-04  6.3866E-04 -1.1741E-06 -1.0100E-05
  8.4378E-04  6.6603E-04 -1.2329E-06 -1.0606E-05
  8.6450E-04  6.9439E-04 -1.2942E-06 -1.1133E-05
  8.8560E-04  7.2379E-04 -1.3581E-06 -1.1683E-05
  9.0707E-04  7.5424E-04 -1.4248E-06 -1.2256E-05
  9.2893E-04  7.8579E-04 -1.4943E-06 -1.2854E-05
  9.5119E-04  8.1847E-04 -1.5668E-06 -1.3478E-05
  9.7384E-04  8.5232E-04 -1.6423E-06 -1.4127E-05
  9.9691E-04  8.8738E-04 -1.7210E-06 -1.4804E-05
  1.0204E-03  9.2369E-04 -1.8030E-06 -1.5510E-05
  1.0443E-03  9.6129E-04 -1.8885E-06 -1.6245E-05
  1.0686E-03  1.0002E-03 -1.9775E-06 -1.7011E-05
  1.0934E-03  1.0405E-03 -2.0702E-06 -1.7808E-05
  1.1186E-03  1.0823E-03 -2.1668E-06 -1.8639E-05
  1.1443E-03  1.1255E-03 -2.2674E-06 -1.9504E-05
  1.1704E-03  1.1702E-03 -2.3721E-06 -2.0405E-05
  1.1970E-03  1.2165E-03 -2.4812E-06 -2.1343E-05
  1.2241E-03  1.2644E-03 -2.5947E-06 -2.2320E-05
  1.2516E-03  1.3139E-03 -2.7129E-06 -2.3337E-05
  1.2797E-03  1.3652E-03 -2.8359E-06 -2.4395E-05
  1.3083E-03  1.4183E-03 -2.9640E-06 -2.5496E-05
  1.3374E-03  1.4733E-03 -3.0972E-06 -2.6642E-05
  1.3670E-03  1.5301E-03 -3.2358E-06 -2.7835E-05
  1.3971E-03  1.5889E-03 -3.3801E-06 -2.9076E-05
  1.4278E-03  1.6497E-03 -3.5302E-06 -3.0367E-05
  1.4590E-03  1.7126E-03 -3.6863E-06 -3.1710E-05
  1.4908E-03  1.7777E-03 -3.8487E-06 -3.3107E-05
  1.5232E-03  1.8450E-03 -4.0177E-06 -3.4560E-05
  1.5561E-03  1.9147E-03 -4.1934E-06 -3.6072E-05
  1.5897E-03  1.9867E-03 -4.3761E-06 -3.7644E-05
  1.6238E-03  2.0611E-03 -4.5661E-06 -3.9278E-05
  1.6586E-03  2.1381E-03 -4.7637E-06 -4.0978E-05
  1.6940E-03  2.2177E-03 -4.9691E-06 -4.2745E-05
  1.7300E-03  2.3000E-03 -5.1827E-06 -4.4582E-05
  1.7667E-03  2.3852E-03 -5.4048E-06 -4.6493E-05
  1.8040E-03  2.4731E-03 -5.6356E-06 -4.8478E-05
  1.8420E-03  2.5641E-03 -5.8756E-06 -5.0542E-05
  1.8807E-03  2.6581E-03 -6.1250E-06 -5.2688E-05
  1.9201E-03  2.7553E-03 -6.3842E-06 -5.4918E-05
  1.9602E-03  2.8558E-03 -6.6536E-06 -5.7235E-05
  2.0010E-03  2.9596E-03 -6.9336E-06 -5.9643E-05
  2.0425E-03  3.0670E-03 -7.2245E-06 -6.2146E-05
  2.0848E-03  3.1779E-03 -7.5268E-06 -6.4747E-05
  2.1279E-03  3.2925E-03 -7.8409E-06 -6.7449E-05
  2.1717E-03  3.4109E-03 -8.1673E-06 -7.0256E-05
  2.2163E-03  3.5333E-03 -8.5064E-06 -7.3173E-05
  2.2618E-03  3.6597E-03 -8.8586E-06 -7.6203E-05
  2.3080E-03  3.7904E-03 -9.2246E-06 -7.9351E-05
  2.3551E-03  3.9254E-03 -9.6047E-06 -8.2621E-05
  2.4030E-03  4.0648E-03 -9.9996E-06 -8.6018E-05
  2.4518E-03  4.2088E-03 -1.0410E-05 -8.9546E-05
  2.5015E-03  4.3576E-03 -1.0836E-05 -9.3210E-05
  2.5520E-03  4.5113E-03 -1.1278E-05 -9.7016E-05
  2.6035E-03  4.6700E-03 -1.1738E-05 -1.0097E-04
  2.6559E-03  4.8340E-03 -1.2215E-05 -1.0507E-04
  2.7092E-03  5.0033E-03 -1.2710E-05 -1.0934E-04
  2.7635E-03  5.1781E-03 -1.3225E-05 -1.1376E-04
  2.8188E-03  5.3587E-03 -1.3759E-05 -1.1836E-04
  2.8750E-03  5.5451E-03 -1.4314E-05 -1.2313E-04
  2.9323E-03  5.7376E-03 -1.4890E-05 -1.2809E-04
  2.9906E-03  5.9364E-03 -1.5488E-05 -1.3323E-04
  3.0500E-03  6.1415E-03 -1.6109E-05 -1.3857E-04
  3.1104E-03  6.3534E-03 -1.6754E-05 -1.4412E-04
  3.1720E-03  6.5720E-03 -1.7423E-05 -1.4987E-04
  3.2346E-03  6.7977E-03 -1.8118E-05 -1.5585E-04
  3.2983E-03  7.0307E-03 -1.8839E-05 -1.6206E-04
  3.3632E-03  7.2711E-03 -1.9588E-05 -1.6850E-04
  3.4293E-03  7.5193E-03 -2.0365E-05 -1.7518E-04
  3.4966E-03  7.7754E-03 -2.1171E-05 -1.8212E-04
  3.5650E-03  8.0396E-03 -2.2009E-05 -1.8932E-04
  3.6347E-03  8.3123E-03 -2.2878E-05 -1.9680E-04
  3.7057E-03  8.5936E-03 -2.3780E-05 -2.0455E-04
  3.7779E-03  8.8839E-03 -2.4716E-05 -2.1261E-04
  3.8514E-03  9.1833E-03 -2.5687E-05 -2.2096E-04
  3.9263E-03  9.4923E-03 -2.6695E-05 -2.2964E-04
  4.0025E-03  9.8109E-03 -2.7742E-05 -2.3864E-04
  4.0801E-03  1.0140E-02 -2.8827E-05 -2.4798E-04
  4.1590E-03  1.0479E-02 -2.9954E-05 -2.5767E-04
  4.2394E-03  1.0828E-02 -3.1123E-05 -2.6772E-04
  4.3213E-03  1.1189E-02 -3.2336E-05 -2.7816E-04
  4.4046E-03  1.1560E-02 -3.3595E-05 -2.8899E-04
  4.4894E-03  1.1944E-02 -3.4901E-05 -3.0022E-04
  4.5757E-03  1.2339E-02 -3.6257E-05 -3.1188E-04
  4.6636E-03  1.2746E-02 -3.7663E-05 -3.2398E-04
  4.7531E-03  1.3166E-02 -3.9122E-05 -3.3653E-04
  4.8442E-03  1.3599E-02 -4.0635E-05 -3.4955E-04
  4.9369E-03  1.4045E-02 -4.2206E-05 -3.6306E-04
  5.0313E-03  1.4505E-02 -4.3835E-05 -3.7708E-04
  5.1274E-03  1.4979E-02 -4.5526E-05 -3.9162E-04
  5.2252E-03  1.5467E-02 -4.7279E-05 -4.0670E-04
  5.3248E-03  1.5970E-02 -4.9098E-05 -4.2235E-04
  5.4261E-03  1.6488E-02 -5.0986E-05 -4.3858E-04
  5.5293E-03  1.7022E-02 -5.2943E-05 -4.5542E-04
  5.6344E-03  1.7572E-02 -5.4974E-05 -4.7289E-04
  5.7413E-03  1.8138E-02 -5.7081E-05 -4.9102E-04
  5.8502E-03  1.8722E-02 -5.9266E-05 -5.0981E-04
  5.9610E-03  1.9322E-02 -6.1533E-05 -5.2931E-04
  6.0739E-03  1.9941E-02 -6.3884E-05 -5.4954E-04
  6.1887E-03  2.0577E-02 -6.6323E-05 -5.7052E-04
  6.3056E-03  2.1233E-02 -6.8853E-05 -5.9228E-04
  6.4247E-03  2.1908E-02 -7.1476E-05 -6.1485E-04
  6.5458E-03  2.2602E-02 -7.4198E-05 -6.3826E-04
  6.6692E-03  2.3317E-02 -7.7020E-05 -6.6254E-04
  6.7947E-03  2.4052E-02 -7.9948E-05 -6.8772E-04
  6.9226E-03  2.4809E-02 -8.2984E-05 -7.1384E-04
  7.0527E-03  2.5587E-02 -8.6133E-05 -7.4093E-04
  7.1852E-03  2.6388E-02 -8.9399E-05 -7.6902E-04
  7.3200E-03  2.7212E-02 -9.2787E-05 -7.9816E-04
  7.4573E-03  2.8059E-02 -9.6299E-05 -8.2838E-04
  7.5971E-03  2.8930E-02 -9.9942E-05 -8.5971E-04
  7.7393E-03  2.9825E-02 -1.0372E-04 -8.9221E-04
  7.8842E-03  3.0746E-02 -1.0764E-04 -9.2592E-04
  8.0316E-03  3.1692E-02 -1.1170E-04 -9.6087E-04
  8.1817E-03  3.2665E-02 -1.1592E-04 -9.9712E-04
  8.3345E-03  3.3664E-02 -1.2029E-04 -1.0347E-03
  8.4900E-03  3.4691E-02 -1.2482E-04 -1.0737E-03
  8.6484E-03  3.5746E-02 -1.2952E-04 -1.1141E-03
  8.8095E-03  3.6829E-02 -1.3439E-04 -1.1560E-03
  8.9736E-03  3.7942E-02 -1.3944E-04 -1.1995E-03
  9.1407E-03  3.9084E-02 -1.4468E-04 -1.2446E-03
  9.3107E-03  4.0258E-02 -1.5011E-04 -1.2913E-03
  9.4839E-03  4.1462E-02 -1.5575E-04 -1.3398E-03
  9.6601E-03  4.2698E-02 -1.6159E-04 -1.3900E-03
  9.8395E-03  4.3966E-02 -1.6765E-04 -1.4421E-03
  1.0022E-02  4.5267E-02 -1.7393E-04 -1.4961E-03
  1.0208E-02  4.6602E-02 -1.8044E-04 -1.5522E-03
  1.0397E-02  4.7971E-02 -1.8719E-04 -1.6102E-03
  1.0590E-02  4.9375E-02 -1.9419E-04 -1.6705E-03
  1.0786E-02  5.0815E-02 -2.0145E-04 -1.7329E-03
  1.0986E-02  5.2290E-02 -2.0898E-04 -1.7977E-03
  1.1189E-02  5.3803E-02 -2.1678E-04 -1.8648E-03
  1.1396E-02  5.5352E-02 -2.2487E-04 -1.9344E-03
  1.1607E-02  5.6939E-02 -2.3326E-04 -2.0066E-03
  1.1821E-02  5.8565E-02 -2.4196E-04 -2.0814E-03
  1.2039E-02  6.0230E-02 -2.5098E-04 -2.1589E-03
  1.2262E-02  6.1935E-02 -2.6033E-04 -2.2394E-03
  1.2488E-02  6.3679E-02 -2.7002E-04 -2.3228E-03
  1.2718E-02  6.5465E-02 -2.8007E-04 -2.4092E-03
  1.2952E-02  6.7291E-02 -2.9049E-04 -2.4988E-03
  1.3191E-02  6.9159E-02 -3.0130E-04 -2.5918E-03
  1.3434E-02  7.1069E-02 -3.1250E-04 -2.6881E-03
  1.3681E-02  7.3022E-02 -3.2411E-04 -2.7880E-03
  1.3933E-02  7.5018E-02 -3.3614E-04 -2.8915E-03
  1.4189E-02  7.7058E-02 -3.4862E-04 -2.9989E-03
  1.4450E-02  7.9141E-02 -3.6156E-04 -3.1102E-03
  1.4716E-02  8.1268E-02 -3.7497E-04 -3.2255E-03
  1.4986E-02  8.3440E-02 -3.8888E-04 -3.3451E-03
  1.5262E-02  8.5656E-02 -4.0329E-04 -3.4691E-03
  1.5542E-02  8.7918E-02 -4.1824E-04 -3.5977E-03
  1.5827E-02  9.0224E-02 -4.3373E-04 -3.7309E-03
  1.6118E-02  9.2576E-02 -4.4979E-04 -3.8691E-03
  1.6413E-02  9.4973E-02 -4.6643E-04 -4.0123E-03
  1.6714E-02  9.7416E-02 -4.8369E-04 -4.1608E-03
  1.7020E-02  9.9904E-02 -5.0158E-04 -4.3147E-03
  1.7332E-02  1.0244E-01 -5.2013E-04 -4.4742E-03
  1.7650E-02  1.0502E-01 -5.3936E-04 -4.6396E-03
  1.7973E-02  1.0764E-01 -5.5929E-04 -4.8110E-03
  1.8302E-02  1.1031E-01 -5.7995E-04 -4.9887E-03
  1.8637E-02  1.1302E-01 -6.0136E-04 -5.1730E-03
  1.8978E-02  1.1577E-01 -6.2356E-04 -5.3639E-03
  1.9325E-02  1.1857E-01 -6.4658E-04 -5.5619E-03
  1.9678E-02  1.2142E-01 -6.7043E-04 -5.7671E-03
  2.0038E-02  1.2430E-01 -6.9516E-04 -5.9798E-03
  2.0404E-02  1.2723E-01 -7.2080E-04 -6.2003E-03
  2.0777E-02  1.3019E-01 -7.4737E-04 -6.4289E-03
  2.1157E-02  1.3320E-01 -7.7491E-04 -6.6658E-03
  2.1543E-02  1.3624E-01 -8.0346E-04 -6.9114E-03
  2.1936E-02  1.3932E-01 -8.3305E-04 -7.1660E-03
  2.2337E-02  1.4244E-01 -8.6373E-04 -7.4298E-03
  2.2744E-02  1.4559E-01 -8.9553E-04 -7.7033E-03
  2.3159E-02  1.4878E-01 -9.2849E-04 -7.9869E-03
  2.3581E-02  1.5199E-01 -9.6265E-04 -8.2807E-03
  2.4011E-02  1.5524E-01 -9.9806E-04 -8.5853E-03
  2.4449E-02  1.5851E-01 -1.0348E-03 -8.9011E-03
  2.4895E-02  1.6181E-01 -1.0728E-03 -9.2284E-03
  2.5348E-02  1.6513E-01 -1.1122E-03 -9.5676E-03
  2.5810E-02  1.6847E-01 -1.1531E-03 -9.9192E-03
  2.6280E-02  1.7183E-01 -1.1955E-03 -1.0284E-02
  2.6759E-02  1.7520E-01 -1.2394E-03 -1.0661E-02
  2.7246E-02  1.7859E-01 -1.2849E-03 -1.1053E-02
  2.7742E-02  1.8199E-01 -1.3321E-03 -1.1459E-02
  2.8246E-02  1.8539E-01 -1.3810E-03 -1.1879E-02
  2.8760E-02  1.8879E-01 -1.4317E-03 -1.2315E-02
  2.9283E-02  1.9219E-01 -1.4842E-03 -1.2767E-02
  2.9816E-02  1.9559E-01 -1.5387E-03 -1.3236E-02
  3.0358E-02  1.9898E-01 -1.5951E-03 -1.3721E-02
  3.0910E-02  2.0235E-01 -1.6536E-03 -1.4224E-02
  3.1472E-02  2.0571E-01 -1.7142E-03 -1.4746E-02
  3.2044E-02  2.0904E-01 -1.7771E-03 -1.5286E-02
  3.2626E-02  2.1235E-01 -1.8422E-03 -1.5846E-02
  3.3219E-02  2.1562E-01 -1.9097E-03 -1.6427E-02
  3.3822E-02  2.1886E-01 -1.9797E-03 -1.7029E-02
  3.4437E-02  2.2205E-01 -2.0522E-03 -1.7653E-02
  3.5062E-02  2.2519E-01 -2.1273E-03 -1.8299E-02
  3.5699E-02  2.2828E-01 -2.2052E-03 -1.8969E-02
  3.6347E-02  2.3130E-01 -2.2859E-03 -1.9663E-02
  3.7006E-02  2.3426E-01 -2.3696E-03 -2.0383E-02
  3.7678E-02  2.3714E-01 -2.4563E-03 -2.1129E-02
  3.8362E-02  2.3994E-01 -2.5462E-03 -2.1902E-02
  3.9058E-02  2.4265E-01 -2.6393E-03 -2.2703E-02
  3.9766E-02  2.4526E-01 -2.7359E-03 -2.3534E-02
  4.0487E-02  2.4777E-01 -2.8359E-03 -2.4394E-02
  4.1222E-02  2.5017E-01 -2.9396E-03 -2.5286E-02
  4.1969E-02  2.5244E-01 -3.0471E-03 -2.6210E-02
  4.2730E-02  2.5459E-01 -3.1584E-03 -2.7168E-02
  4.3505E-02  2.5661E-01 -3.2739E-03 -2.8161E-02
  4.4293E-02  2.5847E-01 -3.3935E-03 -2.9190E-02
  4.5096E-02  2.6019E-01 -3.5174E-03 -3.0256E-02
  4.5913E-02  2.6174E-01 -3.6459E-03 -3.1361E-02
  4.6745E-02  2.6311E-01 -3.7791E-03 -3.2507E-02
  4.7592E-02  2.6431E-01 -3.9170E-03 -3.3693E-02
  4.8454E-02  2.6532E-01 -4.0600E-03 -3.4923E-02
  4.9332E-02  2.6612E-01 -4.2082E-03 -3.6198E-02
  5.0225E-02  2.6672E-01 -4.3618E-03 -3.7519E-02
  5.1134E-02  2.6709E-01 -4.5210E-03 -3.8888E-02
  5.2060E-02  2.6724E-01 -4.6859E-03 -4.0307E-02
  5.3003E-02  2.6715E-01 -4.8568E-03 -4.1777E-02
  5.3962E-02  2.6680E-01 -5.0340E-03 -4.3300E-02
  5.4939E-02  2.6620E-01 -5.2175E-03 -4.4879E-02
  5.5933E-02  2.6533E-01 -5.4077E-03 -4.6515E-02
  5.6946E-02  2.6419E-01 -5.6049E-03 -4.8211E-02
  5.7976E-02  2.6275E-01 -5.8091E-03 -4.9967E-02
  5.9025E-02  2.6102E-01 -6.0208E-03 -5.1788E-02
  6.0093E-02  2.5898E-01 -6.2402E-03 -5.3675E-02
  6.1180E-02  2.5662E-01 -6.4675E-03 -5.5630E-02
  6.2287E-02  2.5394E-01 -6.7030E-03 -5.7656E-02
  6.3413E-02  2.5092E-01 -6.9471E-03 -5.9755E-02
  6.4560E-02  2.4757E-01 -7.2001E-03 -6.1931E-02
  6.5728E-02  2.4386E-01 -7.4622E-03 -6.4185E-02
  6.6916E-02  2.3979E-01 -7.7338E-03 -6.6521E-02
  6.8126E-02  2.3537E-01 -8.0152E-03 -6.8941E-02
  6.9358E-02  2.3056E-01 -8.3068E-03 -7.1449E-02
  7.0612E-02  2.2539E-01 -8.6090E-03 -7.4047E-02
  7.1888E-02  2.1982E-01 -8.9221E-03 -7.6740E-02
  7.3188E-02  2.1387E-01 -9.2465E-03 -7.9530E-02
  7.4510E-02  2.0753E-01 -9.5826E-03 -8.2421E-02
  7.5857E-02  2.0079E-01 -9.9309E-03 -8.5417E-02
  7.7228E-02  1.9365E-01 -1.0292E-02 -8.8520E-02
  7.8623E-02  1.8611E-01 -1.0666E-02 -9.1736E-02
  8.0044E-02  1.7817E-01 -1.1053E-02 -9.5068E-02
  8.1490E-02  1.6982E-01 -1.1455E-02 -9.8520E-02
  8.2962E-02  1.6108E-01 -1.1871E-02 -1.0210E-01
  8.4461E-02  1.5193E-01 -1.2302E-02 -1.0580E-01
  8.5987E-02  1.4238E-01 -1.2748E-02 -1.0964E-01
  8.7540E-02  1.3244E-01 -1.3211E-02 -1.1362E-01
  8.9121E-02  1.2211E-01 -1.3690E-02 -1.1774E-01
  9.0730E-02  1.1140E-01 -1.4186E-02 -1.2201E-01
  9.2369E-02  1.0032E-01 -1.4701E-02 -1.2643E-01
  9.4037E-02  8.8869E-02 -1.5234E-02 -1.3102E-01
  9.5735E-02  7.7064E-02 -1.5786E-02 -1.3576E-01
  9.7464E-02  6.4915E-02 -1.6358E-02 -1.4068E-01
  9.9223E-02  5.2436E-02 -1.6950E-02 -1.4578E-01
  1.0101E-01  3.9641E-02 -1.7564E-02 -1.5105E-01
  1.0284E-01  2.6547E-02 -1.8200E-02 -1.5652E-01
  1.0469E-01  1.3172E-02 -1.8859E-02 -1.6218E-01
  1.0658E-01 -4.6620E-04 -1.9541E-02 -1.6805E-01
  1.0851E-01 -1.4345E-02 -2.0248E-02 -1.7413E-01
  1.1047E-01 -2.8444E-02 -2.0980E-02 -1.8042E-01
  1.1246E-01 -4.2737E-02 -2.1739E-02 -1.8694E-01
  1.1449E-01 -5.7199E-02 -2.2524E-02 -1.9369E-01
  1.1656E-01 -7.1802E-02 -2.3338E-02 -2.0069E-01
  1.1866E-01 -8.6519E-02 -2.4181E-02 -2.0793E-01
  1.2080E-01 -1.0132E-01 -2.5054E-02 -2.1544E-01
  1.2298E-01 -1.1617E-01 -2.5958E-02 -2.2321E-01
  1.2520E-01 -1.3103E-01 -2.6894E-02 -2.3126E-01
  1.2746E-01 -1.4588E-01 -2.7864E-02 -2.3959E-01
  1.2976E-01 -1.6067E-01 -2.8869E-02 -2.4822E-01
  1.3210E-01 -1.7537E-01 -2.9909E-02 -2.5716E-01
  1.3448E-01 -1.8994E-01 -3.0986E-02 -2.6642E-01
  1.3691E-01 -2.0433E-01 -3.2102E-02 -2.7600E-01
  1.3938E-01 -2.1851E-01 -3.3257E-02 -2.8593E-01
  1.4189E-01 -2.3243E-01 -3.4453E-02 -2.9620E-01
  1.4445E-01 -2.4605E-01 -3.5691E-02 -3.0684E-01
  1.4706E-01 -2.5932E-01 -3.6974E-02 -3.1786E-01
  1.4971E-01 -2.7221E-01 -3.8302E-02 -3.2926E-01
  1.5241E-01 -2.8465E-01 -3.9677E-02 -3.4107E-01
  1.5516E-01 -2.9661E-01 -4.1100E-02 -3.5330E-01
  1.5796E-01 -3.0804E-01 -4.2574E-02 -3.6595E-01
  1.6080E-01 -3.1889E-01 -4.4099E-02 -3.7905E-01
  1.6370E-01 -3.2912E-01 -4.5679E-02 -3.9261E-01
  1.6666E-01 -3.3867E-01 -4.7314E-02 -4.0664E-01
  1.6966E-01 -3.4750E-01 -4.9006E-02 -4.2117E-01
  1.7272E-01 -3.5556E-01 -5.0758E-02 -4.3620E-01
  1.7583E-01 -3.6282E-01 -5.2571E-02 -4.5176E-01
  1.7900E-01 -3.6921E-01 -5.4447E-02 -4.6786E-01
  1.8223E-01 -3.7471E-01 -5.6389E-02 -4.8452E-01
  1.8552E-01 -3.7926E-01 -5.8399E-02 -5.0176E-01
  1.8886E-01 -3.8283E-01 -6.0478E-02 -5.1959E-01
  1.9227E-01 -3.8538E-01 -6.2630E-02 -5.3805E-01
  1.9573E-01 -3.8687E-01 -6.4857E-02 -5.5714E-01
  1.9926E-01 -3.8727E-01 -6.7161E-02 -5.7688E-01
  2.0285E-01 -3.8654E-01 -6.9544E-02 -5.9731E-01
  2.0651E-01 -3.8466E-01 -7.2010E-02 -6.1843E-01
  2.1023E-01 -3.8159E-01 -7.4560E-02 -6.4028E-01
  2.1402E-01 -3.7733E-01 -7.7198E-02 -6.6287E-01
  2.1788E-01 -3.7184E-01 -7.9927E-02 -6.8623E-01
  2.2181E-01 -3.6512E-01 -8.2749E-02 -7.1039E-01
  2.2580E-01 -3.5715E-01 -8.5668E-02 -7.3536E-01
  2.2987E-01 -3.4792E-01 -8.8685E-02 -7.6117E-01
  2.3402E-01 -3.3742E-01 -9.1806E-02 -7.8785E-01
  2.3823E-01 -3.2567E-01 -9.5032E-02 -8.1542E-01
  2.4253E-01 -3.1267E-01 -9.8367E-02 -8.4391E-01
  2.4690E-01 -2.9842E-01 -1.0181E-01 -8.7336E-01
  2.5135E-01 -2.8295E-01 -1.0538E-01 -9.0377E-01
  2.5588E-01 -2.6627E-01 -1.0906E-01 -9.3519E-01
  2.6049E-01 -2.4840E-01 -1.1286E-01 -9.6764E-01
  2.6518E-01 -2.2939E-01 -1.1680E-01 -1.0012E+00
  2.6996E-01 -2.0927E-01 -1.2086E-01 -1.0358E+00
  2.7482E-01 -1.8808E-01 -1.2506E-01 -1.0715E+00
  2.7977E-01 -1.6587E-01 -1.2939E-01 -1.1084E+00
  2.8482E-01 -1.4268E-01 -1.3387E-01 -1.1464E+00
  2.8995E-01 -1.1859E-01 -1.3849E-01 -1.1857E+00
  2.9517E-01 -9.3652E-02 -1.4326E-01 -1.2262E+00
  3.0049E-01 -6.7937E-02 -1.4819E-01 -1.2680E+00
  3.0590E-01 -4.1520E-02 -1.5327E-01 -1.3111E+00
  3.1141E-01 -1.4482E-02 -1.5852E-01 -1.3555E+00
  3.1702E-01  1.3094E-02 -1.6394E-01 -1.4013E+00
  3.2274E-01  4.1117E-02 -1.6953E-01 -1.4485E+00
  3.2855E-01  6.9493E-02 -1.7529E-01 -1.4971E+00
  3.3447E-01  9.8125E-02 -1.8123E-01 -1.5471E+00
  3.4049E-01  1.2691E-01 -1.8736E-01 -1.5987E+00
  3.4663E-01  1.5574E-01 -1.9368E-01 -1.6518E+00
  3.5287E-01  1.8451E-01 -2.0019E-01 -1.7064E+00
  3.5923E-01  2.1311E-01 -2.0690E-01 -1.7626E+00
  3.6570E-01  2.4142E-01 -2.1382E-01 -1.8203E+00
  3.7229E-01  2.6933E-01 -2.2094E-01 -1.8797E+00
  3.7899E-01  2.9672E-01 -2.2827E-01 -1.9408E+00
  3.8582E-01  3.2347E-01 -2.3582E-01 -2.0035E+00
  3.9277E-01  3.4947E-01 -2.4359E-01 -2.0678E+00
  3.9985E-01  3.7458E-01 -2.5159E-01 -2.1339E+00
  4.0705E-01  3.9871E-01 -2.5981E-01 -2.2017E+00
  4.1438E-01  4.2172E-01 -2.6827E-01 -2.2711E+00
  4.2184E-01  4.4351E-01 -2.7697E-01 -2.3423E+00
  4.2944E-01  4.6395E-01 -2.8590E-01 -2.4153E+00
  4.3718E-01  4.8294E-01 -2.9508E-01 -2.4899E+00
  4.4505E-01  5.0036E-01 -3.0451E-01 -2.5662E+00
  4.5306E-01  5.1611E-01 -3.1419E-01 -2.6443E+00
  4.6122E-01  5.3009E-01 -3.2412E-01 -2.7240E+00
  4.6953E-01  5.4220E-01 -3.3431E-01 -2.8053E+00
  4.7799E-01  5.5235E-01 -3.4475E-01 -2.8883E+00
  4.8660E-01  5.6045E-01 -3.5546E-01 -2.9729E+00
  4.9536E-01  5.6642E-01 -3.6642E-01 -3.0589E+00
  5.0428E-01  5.7020E-01 -3.7765E-01 -3.1465E+00
  5.1336E-01  5.7172E-01 -3.8914E-01 -3.2354E+00
  5.2261E-01  5.7092E-01 -4.0088E-01 -3.3257E+00
  5.3202E-01  5.6777E-01 -4.1289E-01 -3.4172E+00
  5.4160E-01  5.6223E-01 -4.2516E-01 -3.5098E+00
  5.5135E-01  5.5427E-01 -4.3769E-01 -3.6034E+00
  5.6128E-01  5.4388E-01 -4.5046E-01 -3.6980E+00
  5.7139E-01  5.3104E-01 -4.6349E-01 -3.7932E+00
  5.8168E-01  5.1577E-01 -4.7675E-01 -3.8891E+00
  5.9215E-01  4.9808E-01 -4.9026E-01 -3.9853E+00
  6.0282E-01  4.7800E-01 -5.0399E-01 -4.0817E+00
  6.1367E-01  4.5556E-01 -5.1795E-01 -4.1781E+00
  6.2472E-01  4.3082E-01 -5.3211E-01 -4.2743E+00
  6.3597E-01  4.0384E-01 -5.4648E-01 -4.3700E+00
  6.4742E-01  3.7468E-01 -5.6103E-01 -4.4649E+00
  6.5908E-01  3.4343E-01 -5.7576E-01 -4.5587E+00
  6.7095E-01  3.1017E-01 -5.9064E-01 -4.6511E+00
  6.8303E-01  2.7502E-01 -6.0566E-01 -4.7418E+00
  6.9533E-01  2.3809E-01 -6.2079E-01 -4.8303E+00
  7.0785E-01  1.9949E-01 -6.3602E-01 -4.9164E+00
  7.2060E-01  1.5937E-01 -6.5133E-01 -4.9994E+00
  7.3357E-01  1.1785E-01 -6.6667E-01 -5.0791E+00
  7.4678E-01  7.5093E-02 -6.8204E-01 -5.1550E+00
  7.6023E-01  3.1252E-02 -6.9739E-01 -5.2265E+00
  7.7391E-01 -1.3509E-02 -7.1269E-01 -5.2931E+00
  7.8785E-01 -5.9018E-02 -7.2790E-01 -5.3544E+00
  8.0203E-01 -1.0510E-01 -7.4298E-01 -5.4096E+00
  8.1648E-01 -1.5157E-01 -7.5789E-01 -5.4583E+00
  8.3118E-01 -1.9824E-01 -7.7259E-01 -5.4998E+00
  8.4614E-01 -2.4492E-01 -7.8702E-01 -5.5336E+00
  8.6138E-01 -2.9141E-01 -8.0113E-01 -5.5591E+00
  8.7688E-01 -3.3752E-01 -8.1486E-01 -5.5755E+00
  8.9267E-01 -3.8304E-01 -8.2815E-01 -5.5823E+00
  9.0874E-01 -4.2779E-01 -8.4094E-01 -5.5789E+00
  9.2511E-01 -4.7154E-01 -8.5316E-01 -5.5646E+00
  9.4176E-01 -5.1411E-01 -8.6474E-01 -5.5390E+00
  9.5872E-01 -5.5529E-01 -8.7559E-01 -5.5013E+00
  9.7598E-01 -5.9489E-01 -8.8565E-01 -5.4512E+00
  9.9355E-01 -6.3271E-01 -8.9483E-01 -5.3882E+00
  1.0114E+00 -6.6856E-01 -9.0303E-01 -5.3118E+00
  1.0296E+00 -7.0225E-01 -9.1018E-01 -5.2217E+00
  1.0482E+00 -7.3361E-01 -9.1616E-01 -5.1177E+00
  1.0671E+00 -7.6244E-01 -9.2089E-01 -4.9995E+00
  1.0863E+00 -7.8859E-01 -9.2425E-01 -4.8672E+00
  1.1058E+00 -8.1189E-01 -9.2615E-01 -4.7208E+00
  1.1257E+00 -8.3218E-01 -9.2648E-01 -4.5604E+00
  1.1460E+00 -8.4933E-01 -9.2512E-01 -4.3865E+00
  1.1666E+00 -8.6318E-01 -9.2197E-01 -4.1995E+00
  1.1876E+00 -8.7360E-01 -9.1690E-01 -4.0000E+00
  1.2090E+00 -8.8049E-01 -9.0981E-01 -3.7890E+00
  1.2308E+00 -8.8374E-01 -9.0058E-01 -3.5674E+00
  1.2529E+00 -8.8323E-01 -8.8909E-01 -3.3363E+00
  1.2755E+00 -8.7891E-01 -8.7523E-01 -3.0973E+00
  1.2985E+00 -8.7068E-01 -8.5890E-01 -2.8518E+00
  1.3218E+00 -8.5851E-01 -8.3999E-01 -2.6017E+00
  1.3456E+00 -8.4234E-01 -8.1840E-01 -2.3488E+00
  1.3698E+00 -8.2217E-01 -7.9403E-01 -2.0951E+00
  1.3945E+00 -7.9798E-01 -7.6679E-01 -1.8430E+00
  1.4196E+00 -7.6979E-01 -7.3662E-01 -1.5947E+00
  1.4452E+00 -7.3763E-01 -7.0345E-01 -1.3526E+00
  1.4712E+00 -7.0154E-01 -6.6722E-01 -1.1190E+00
  1.4977E+00 -6.6162E-01 -6.2790E-01 -8.9644E-01
  1.5246E+00 -6.1794E-01 -5.8547E-01 -6.8717E-01
  1.5521E+00 -5.7061E-01 -5.3993E-01 -4.9340E-01
  1.5800E+00 -5.1978E-01 -4.9130E-01 -3.1713E-01
  1.6085E+00 -4.6560E-01 -4.3962E-01 -1.6012E-01
  1.6374E+00 -4.0824E-01 -3.8498E-01 -2.3807E-02
  1.6669E+00 -3.4790E-01 -3.2746E-01  9.0763E-02
  1.6969E+00 -2.8480E-01 -2.6719E-01  1.8299E-01
  1.7274E+00 -2.1919E-01 -2.0434E-01  2.5280E-01
  1.7585E+00 -1.5133E-01 -1.3908E-01  3.0065E-01
  1.7902E+00 -8.1506E-02 -7.1663E-02  3.2758E-01
  1.8224E+00 -1.0016E-02 -2.3317E-03  3.3524E-01
  1.8552E+00  6.2810E-02  6.8615E-02  3.2586E-01
  1.8886E+00  1.3663E-01  1.4085E-01  3.0218E-01
  1.9226E+00  2.1107E-01  2.1400E-01  2.6743E-01
  1.9572E+00  2.8576E-01  2.8769E-01  2.2515E-01
  1.9925E+00  3.6030E-01  3.6148E-01  1.7908E-01
  2.0283E+00  4.3426E-01  4.3493E-01  1.3293E-01
  2.0648E+00  5.0723E-01  5.0756E-01  9.0172E-02
  2.1020E+00  5.7876E-01  5.7890E-01  5.3749E-02
  2.1399E+00  6.4839E-01  6.4843E-01  2.5820E-02
  2.1784E+00  7.1566E-01  7.1567E-01  7.4683E-03
  2.2176E+00  7.8010E-01  7.8010E-01 -1.5655E-03
  2.2575E+00  8.4124E-01  8.4124E-01 -3.0972E-03
  2.2981E+00  8.9859E-01  8.9859E-01 -6.0240E-04
  2.3395E+00  9.5167E-01  9.5167E-01  0.0000E+00
  2.3816E+00  1.0000E+00  1.0000E+00  0.0000E+00
  2.4245E+00  1.0431E+00  1.0431E+00  0.0000E+00
  2.4681E+00  1.0806E+00  1.0806E+00  0.0000E+00
  2.5126E+00  1.1119E+00  1.1119E+00  0.0000E+00
  2.5578E+00  1.1366E+00  1.1366E+00  0.0000E+00
  2.6038E+00  1.1544E+00  1.1544E+00  0.0000E+00
  2.6507E+00  1.1648E+00  1.1648E+00  0.0000E+00
  2.6984E+00  1.1675E+00  1.1675E+00  0.0000E+00
  2.7470E+00  1.1621E+00  1.1621E+00  0.0000E+00
  2.7964E+00  1.1485E+00  1.1485E+00  0.0000E+00
  2.8468E+00  1.1263E+00  1.1263E+00  0.0000E+00
  2.8980E+00  1.0954E+00  1.0954E+00  0.0000E+00
  2.9502E+00  1.0557E+00  1.0557E+00  0.0000E+00
  3.0033E+00  1.0072E+00  1.0072E+00  0.0000E+00
  3.0573E+00  9.4977E-01  9.4977E-01  0.0000E+00
  3.1124E+00  8.8366E-01  8.8366E-01  0.0000E+00
  3.1684E+00  8.0904E-01  8.0904E-01  0.0000E+00
  3.2254E+00  7.2618E-01  7.2618E-01  0.0000E+00
  3.2835E+00  6.3550E-01  6.3550E-01  0.0000E+00
  3.3426E+00  5.3748E-01  5.3748E-01  0.0000E+00
  3.4027E+00  4.3275E-01  4.3275E-01  0.0000E+00
  3.4640E+00  3.2203E-01  3.2203E-01  0.0000E+00
  3.5263E+00  2.0618E-01  2.0618E-01  0.0000E+00
  3.5898E+00  8.6189E-02  8.6189E-02  0.0000E+00
  3.6544E+00 -3.6849E-02 -3.6849E-02  0.0000E+00
  3.7202E+00 -1.6170E-01 -1.6170E-01  0.0000E+00
  3.7872E+00 -2.8703E-01 -2.8703E-01  0.0000E+00
  3.8553E+00 -4.1136E-01 -4.1136E-01  0.0000E+00
  3.9247E+00 -5.3315E-01 -5.3315E-01  0.0000E+00
  3.9954E+00 -6.5074E-01 -6.5074E-01  0.0000E+00
  4.0673E+00 -7.6241E-01 -7.6241E-01  0.0000E+00
  4.1405E+00 -8.6640E-01 -8.6640E-01  0.0000E+00
  4.2150E+00 -9.6090E-01 -9.6090E-01  0.0000E+00
  4.2909E+00 -1.0441E+00 -1.0441E+00  0.0000E+00
  4.3681E+00 -1.1143E+00 -1.1143E+00  0.0000E+00
  4.4468E+00 -1.1697E+00 -1.1697E+00  0.0000E+00
  4.5268E+00 -1.2089E+00 -1.2089E+00  0.0000E+00
  4.6083E+00 -1.2303E+00 -1.2303E+00  0.0000E+00
  4.6912E+00 -1.2327E+00 -1.2327E+00  0.0000E+00
  4.7757E+00 -1.2152E+00 -1.2152E+00  0.0000E+00
  4.8616E+00 -1.1770E+00 -1.1770E+00  0.0000E+00
  4.9491E+00 -1.1179E+00 -1.1179E+00  0.0000E+00
  5.0382E+00 -1.0378E+00 -1.0378E+00  0.0000E+00
  5.1289E+00 -9.3731E-01 -9.3731E-01  0.0000E+00
  5.2212E+00 -8.1727E-01 -8.1727E-01  0.0000E+00
  5.3152E+00 -6.7914E-01 -6.7914E-01  0.0000E+00
  5.4109E+00 -5.2488E-01 -5.2488E-01  0.0000E+00
  5.5083E+00 -3.5698E-01 -3.5698E-01  0.0000E+00
  5.6074E+00 -1.7844E-01 -1.7844E-01  0.0000E+00
  5.7083E+00  7.2363E-03  7.2363E-03  0.0000E+00
