 # l=           2 basis function with energy   -0.22483715102150184     
  0.0000E+00  0.0000E+00  0.0000E+00  0.0000E+00
  5.5354E-06  1.5690E-12  5.8598E-17  4.1095E-16
  1.1171E-05  9.8249E-12  4.8156E-16  3.3772E-15
  1.6907E-05  2.9026E-11  1.6697E-15  1.1709E-14
  2.2747E-05  6.3048E-11  4.0662E-15  2.8516E-14
  2.8692E-05  1.1572E-10  8.1600E-15  5.7226E-14
  3.4743E-05  1.9092E-10  1.4489E-14  1.0161E-13
  4.0904E-05  2.9268E-10  2.3644E-14  1.6582E-13
  4.7176E-05  4.2520E-10  3.6273E-14  2.5438E-13
  5.3560E-05  5.9287E-10  5.3083E-14  3.7227E-13
  6.0060E-05  8.0034E-10  7.4848E-14  5.2491E-13
  6.6676E-05  1.0525E-09  1.0241E-13  7.1820E-13
  7.3412E-05  1.3546E-09  1.3669E-13  9.5858E-13
  8.0268E-05  1.7120E-09  1.7867E-13  1.2530E-12
  8.7249E-05  2.1307E-09  2.2946E-13  1.6092E-12
  9.4354E-05  2.6167E-09  2.9021E-13  2.0352E-12
  1.0159E-04  3.1768E-09  3.6220E-13  2.5401E-12
  1.0895E-04  3.8178E-09  4.4682E-13  3.1335E-12
  1.1645E-04  4.5472E-09  5.4554E-13  3.8259E-12
  1.2408E-04  5.3729E-09  6.5997E-13  4.6284E-12
  1.3185E-04  6.3032E-09  7.9186E-13  5.5533E-12
  1.3976E-04  7.3470E-09  9.4307E-13  6.6138E-12
  1.4781E-04  8.5137E-09  1.1156E-12  7.8239E-12
  1.5600E-04  9.8133E-09  1.3117E-12  9.1988E-12
  1.6435E-04  1.1257E-08  1.5336E-12  1.0755E-11
  1.7284E-04  1.2855E-08  1.7838E-12  1.2510E-11
  1.8149E-04  1.4620E-08  2.0652E-12  1.4483E-11
  1.9029E-04  1.6564E-08  2.3805E-12  1.6694E-11
  1.9925E-04  1.8702E-08  2.7328E-12  1.9165E-11
  2.0837E-04  2.1047E-08  3.1256E-12  2.1920E-11
  2.1766E-04  2.3614E-08  3.5623E-12  2.4983E-11
  2.2711E-04  2.6420E-08  4.0469E-12  2.8381E-11
  2.3673E-04  2.9482E-08  4.5835E-12  3.2144E-11
  2.4653E-04  3.2817E-08  5.1763E-12  3.6302E-11
  2.5650E-04  3.6445E-08  5.8303E-12  4.0888E-11
  2.6665E-04  4.0387E-08  6.5503E-12  4.5937E-11
  2.7699E-04  4.4663E-08  7.3418E-12  5.1488E-11
  2.8751E-04  4.9296E-08  8.2106E-12  5.7581E-11
  2.9822E-04  5.4311E-08  9.1627E-12  6.4259E-11
  3.0912E-04  5.9733E-08  1.0205E-11  7.1567E-11
  3.2022E-04  6.5589E-08  1.1344E-11  7.9556E-11
  3.3152E-04  7.1907E-08  1.2588E-11  8.8278E-11
  3.4302E-04  7.8719E-08  1.3944E-11  9.7789E-11
  3.5473E-04  8.6055E-08  1.5421E-11  1.0815E-10
  3.6665E-04  9.3951E-08  1.7029E-11  1.1942E-10
  3.7878E-04  1.0244E-07  1.8776E-11  1.3168E-10
  3.9114E-04  1.1156E-07  2.0673E-11  1.4498E-10
  4.0371E-04  1.2136E-07  2.2732E-11  1.5942E-10
  4.1651E-04  1.3187E-07  2.4964E-11  1.7507E-10
  4.2955E-04  1.4314E-07  2.7381E-11  1.9203E-10
  4.4281E-04  1.5522E-07  2.9997E-11  2.1037E-10
  4.5632E-04  1.6816E-07  3.2827E-11  2.3021E-10
  4.7007E-04  1.8200E-07  3.5884E-11  2.5166E-10
  4.8406E-04  1.9682E-07  3.9186E-11  2.7481E-10
  4.9831E-04  2.1266E-07  4.2749E-11  2.9980E-10
  5.1281E-04  2.2958E-07  4.6591E-11  3.2675E-10
  5.2758E-04  2.4767E-07  5.0733E-11  3.5579E-10
  5.4261E-04  2.6697E-07  5.5194E-11  3.8707E-10
  5.5791E-04  2.8758E-07  5.9996E-11  4.2075E-10
  5.7349E-04  3.0956E-07  6.5163E-11  4.5699E-10
  5.8934E-04  3.3300E-07  7.0719E-11  4.9595E-10
  6.0549E-04  3.5798E-07  7.6691E-11  5.3783E-10
  6.2192E-04  3.8461E-07  8.3106E-11  5.8282E-10
  6.3865E-04  4.1296E-07  8.9994E-11  6.3113E-10
  6.5568E-04  4.4315E-07  9.7387E-11  6.8298E-10
  6.7302E-04  4.7529E-07  1.0532E-10  7.3860E-10
  6.9066E-04  5.0948E-07  1.1382E-10  7.9824E-10
  7.0863E-04  5.4586E-07  1.2294E-10  8.6217E-10
  7.2692E-04  5.8453E-07  1.3270E-10  9.3066E-10
  7.4554E-04  6.2565E-07  1.4317E-10  1.0040E-09
  7.6449E-04  6.6935E-07  1.5436E-10  1.0826E-09
  7.8379E-04  7.1578E-07  1.6635E-10  1.1666E-09
  8.0343E-04  7.6510E-07  1.7917E-10  1.2565E-09
  8.2343E-04  8.1747E-07  1.9289E-10  1.3527E-09
  8.4378E-04  8.7307E-07  2.0755E-10  1.4555E-09
  8.6450E-04  9.3209E-07  2.2322E-10  1.5654E-09
  8.8560E-04  9.9471E-07  2.3996E-10  1.6828E-09
  9.0707E-04  1.0612E-06  2.5784E-10  1.8083E-09
  9.2893E-04  1.1316E-06  2.7694E-10  1.9422E-09
  9.5119E-04  1.2064E-06  2.9732E-10  2.0851E-09
  9.7384E-04  1.2856E-06  3.1908E-10  2.2377E-09
  9.9691E-04  1.3696E-06  3.4229E-10  2.4005E-09
  1.0204E-03  1.4586E-06  3.6704E-10  2.5741E-09
  1.0443E-03  1.5529E-06  3.9345E-10  2.7592E-09
  1.0686E-03  1.6529E-06  4.2159E-10  2.9566E-09
  1.0934E-03  1.7587E-06  4.5159E-10  3.1670E-09
  1.1186E-03  1.8709E-06  4.8356E-10  3.3912E-09
  1.1443E-03  1.9896E-06  5.1762E-10  3.6301E-09
  1.1704E-03  2.1153E-06  5.5389E-10  3.8845E-09
  1.1970E-03  2.2483E-06  5.9253E-10  4.1554E-09
  1.2241E-03  2.3892E-06  6.3366E-10  4.4438E-09
  1.2516E-03  2.5382E-06  6.7744E-10  4.7509E-09
  1.2797E-03  2.6959E-06  7.2403E-10  5.0777E-09
  1.3083E-03  2.8627E-06  7.7361E-10  5.4254E-09
  1.3374E-03  3.0392E-06  8.2636E-10  5.7953E-09
  1.3670E-03  3.2258E-06  8.8246E-10  6.1887E-09
  1.3971E-03  3.4232E-06  9.4213E-10  6.6072E-09
  1.4278E-03  3.6320E-06  1.0056E-09  7.0521E-09
  1.4590E-03  3.8526E-06  1.0730E-09  7.5251E-09
  1.4908E-03  4.0859E-06  1.1447E-09  8.0278E-09
  1.5232E-03  4.3325E-06  1.2209E-09  8.5621E-09
  1.5561E-03  4.5931E-06  1.3019E-09  9.1299E-09
  1.5897E-03  4.8686E-06  1.3879E-09  9.7331E-09
  1.6238E-03  5.1596E-06  1.4792E-09  1.0374E-08
  1.6586E-03  5.4671E-06  1.5763E-09  1.1055E-08
  1.6940E-03  5.7919E-06  1.6793E-09  1.1777E-08
  1.7300E-03  6.1351E-06  1.7888E-09  1.2545E-08
  1.7667E-03  6.4975E-06  1.9050E-09  1.3360E-08
  1.8040E-03  6.8803E-06  2.0283E-09  1.4224E-08
  1.8420E-03  7.2846E-06  2.1592E-09  1.5143E-08
  1.8807E-03  7.7114E-06  2.2981E-09  1.6117E-08
  1.9201E-03  8.1621E-06  2.4456E-09  1.7151E-08
  1.9602E-03  8.6380E-06  2.6020E-09  1.8248E-08
  2.0010E-03  9.1403E-06  2.7679E-09  1.9411E-08
  2.0425E-03  9.6705E-06  2.9439E-09  2.0646E-08
  2.0848E-03  1.0230E-05  3.1307E-09  2.1955E-08
  2.1279E-03  1.0821E-05  3.3287E-09  2.3344E-08
  2.1717E-03  1.1444E-05  3.5386E-09  2.4817E-08
  2.2163E-03  1.2102E-05  3.7613E-09  2.6378E-08
  2.2618E-03  1.2796E-05  3.9973E-09  2.8033E-08
  2.3080E-03  1.3528E-05  4.2475E-09  2.9788E-08
  2.3551E-03  1.4301E-05  4.5128E-09  3.1648E-08
  2.4030E-03  1.5116E-05  4.7939E-09  3.3620E-08
  2.4518E-03  1.5975E-05  5.0919E-09  3.5709E-08
  2.5015E-03  1.6882E-05  5.4076E-09  3.7924E-08
  2.5520E-03  1.7838E-05  5.7421E-09  4.0270E-08
  2.6035E-03  1.8847E-05  6.0966E-09  4.2756E-08
  2.6559E-03  1.9910E-05  6.4721E-09  4.5389E-08
  2.7092E-03  2.1031E-05  6.8699E-09  4.8179E-08
  2.7635E-03  2.2214E-05  7.2913E-09  5.1134E-08
  2.8188E-03  2.3460E-05  7.7376E-09  5.4264E-08
  2.8750E-03  2.4775E-05  8.2103E-09  5.7579E-08
  2.9323E-03  2.6160E-05  8.7109E-09  6.1090E-08
  2.9906E-03  2.7621E-05  9.2410E-09  6.4807E-08
  3.0500E-03  2.9160E-05  9.8023E-09  6.8743E-08
  3.1104E-03  3.0783E-05  1.0397E-08  7.2911E-08
  3.1720E-03  3.2493E-05  1.1026E-08  7.7323E-08
  3.2346E-03  3.4295E-05  1.1692E-08  8.1994E-08
  3.2983E-03  3.6194E-05  1.2397E-08  8.6938E-08
  3.3632E-03  3.8195E-05  1.3143E-08  9.2172E-08
  3.4293E-03  4.0304E-05  1.3933E-08  9.7711E-08
  3.4966E-03  4.2525E-05  1.4769E-08  1.0357E-07
  3.5650E-03  4.4866E-05  1.5653E-08  1.0978E-07
  3.6347E-03  4.7331E-05  1.6590E-08  1.1634E-07
  3.7057E-03  4.9929E-05  1.7580E-08  1.2329E-07
  3.7779E-03  5.2665E-05  1.8628E-08  1.3064E-07
  3.8514E-03  5.5547E-05  1.9737E-08  1.3842E-07
  3.9263E-03  5.8582E-05  2.0911E-08  1.4665E-07
  4.0025E-03  6.1778E-05  2.2152E-08  1.5535E-07
  4.0801E-03  6.5145E-05  2.3465E-08  1.6456E-07
  4.1590E-03  6.8690E-05  2.4854E-08  1.7430E-07
  4.2394E-03  7.2422E-05  2.6324E-08  1.8461E-07
  4.3213E-03  7.6353E-05  2.7878E-08  1.9551E-07
  4.4046E-03  8.0491E-05  2.9521E-08  2.0703E-07
  4.4894E-03  8.4848E-05  3.1260E-08  2.1922E-07
  4.5757E-03  8.9434E-05  3.3098E-08  2.3212E-07
  4.6636E-03  9.4262E-05  3.5042E-08  2.4575E-07
  4.7531E-03  9.9344E-05  3.7098E-08  2.6017E-07
  4.8442E-03  1.0469E-04  3.9272E-08  2.7541E-07
  4.9369E-03  1.1032E-04  4.1570E-08  2.9153E-07
  5.0313E-03  1.1625E-04  4.4000E-08  3.0858E-07
  5.1274E-03  1.2248E-04  4.6570E-08  3.2660E-07
  5.2252E-03  1.2905E-04  4.9286E-08  3.4565E-07
  5.3248E-03  1.3595E-04  5.2158E-08  3.6579E-07
  5.4261E-03  1.4322E-04  5.5194E-08  3.8708E-07
  5.5293E-03  1.5086E-04  5.8404E-08  4.0959E-07
  5.6344E-03  1.5890E-04  6.1796E-08  4.3338E-07
  5.7413E-03  1.6736E-04  6.5382E-08  4.5853E-07
  5.8502E-03  1.7626E-04  6.9172E-08  4.8511E-07
  5.9610E-03  1.8562E-04  7.3179E-08  5.1320E-07
  6.0739E-03  1.9546E-04  7.7413E-08  5.4290E-07
  6.1887E-03  2.0582E-04  8.1888E-08  5.7428E-07
  6.3056E-03  2.1670E-04  8.6617E-08  6.0745E-07
  6.4247E-03  2.2815E-04  9.1615E-08  6.4250E-07
  6.5458E-03  2.4019E-04  9.6897E-08  6.7954E-07
  6.6692E-03  2.5285E-04  1.0248E-07  7.1869E-07
  6.7947E-03  2.6616E-04  1.0838E-07  7.6005E-07
  6.9226E-03  2.8016E-04  1.1461E-07  8.0376E-07
  7.0527E-03  2.9487E-04  1.2119E-07  8.4994E-07
  7.1852E-03  3.1033E-04  1.2815E-07  8.9874E-07
  7.3200E-03  3.2658E-04  1.3550E-07  9.5030E-07
  7.4573E-03  3.4366E-04  1.4327E-07  1.0048E-06
  7.5971E-03  3.6162E-04  1.5148E-07  1.0623E-06
  7.7393E-03  3.8048E-04  1.6015E-07  1.1231E-06
  7.8842E-03  4.0030E-04  1.6931E-07  1.1874E-06
  8.0316E-03  4.2113E-04  1.7899E-07  1.2552E-06
  8.1817E-03  4.4301E-04  1.8921E-07  1.3269E-06
  8.3345E-03  4.6600E-04  2.0001E-07  1.4027E-06
  8.4900E-03  4.9015E-04  2.1142E-07  1.4827E-06
  8.6484E-03  5.1552E-04  2.2347E-07  1.5672E-06
  8.8095E-03  5.4216E-04  2.3620E-07  1.6565E-06
  8.9736E-03  5.7014E-04  2.4964E-07  1.7508E-06
  9.1407E-03  5.9952E-04  2.6385E-07  1.8504E-06
  9.3107E-03  6.3037E-04  2.7885E-07  1.9556E-06
  9.4839E-03  6.6276E-04  2.9469E-07  2.0667E-06
  9.6601E-03  6.9677E-04  3.1142E-07  2.1840E-06
  9.8395E-03  7.3247E-04  3.2910E-07  2.3080E-06
  1.0022E-02  7.6995E-04  3.4777E-07  2.4389E-06
  1.0208E-02  8.0928E-04  3.6748E-07  2.5772E-06
  1.0397E-02  8.5057E-04  3.8830E-07  2.7232E-06
  1.0590E-02  8.9389E-04  4.1029E-07  2.8774E-06
  1.0786E-02  9.3934E-04  4.3351E-07  3.0402E-06
  1.0986E-02  9.8704E-04  4.5803E-07  3.2122E-06
  1.1189E-02  1.0371E-03  4.8393E-07  3.3938E-06
  1.1396E-02  1.0896E-03  5.1128E-07  3.5856E-06
  1.1607E-02  1.1446E-03  5.4015E-07  3.7881E-06
  1.1821E-02  1.2024E-03  5.7065E-07  4.0020E-06
  1.2039E-02  1.2629E-03  6.0285E-07  4.2278E-06
  1.2262E-02  1.3264E-03  6.3685E-07  4.4663E-06
  1.2488E-02  1.3930E-03  6.7275E-07  4.7180E-06
  1.2718E-02  1.4628E-03  7.1066E-07  4.9839E-06
  1.2952E-02  1.5359E-03  7.5068E-07  5.2646E-06
  1.3191E-02  1.6126E-03  7.9295E-07  5.5610E-06
  1.3434E-02  1.6930E-03  8.3757E-07  5.8739E-06
  1.3681E-02  1.7772E-03  8.8468E-07  6.2044E-06
  1.3933E-02  1.8654E-03  9.3443E-07  6.5532E-06
  1.4189E-02  1.9578E-03  9.8695E-07  6.9216E-06
  1.4450E-02  2.0547E-03  1.0424E-06  7.3104E-06
  1.4716E-02  2.1561E-03  1.1009E-06  7.7210E-06
  1.4986E-02  2.2623E-03  1.1627E-06  8.1544E-06
  1.5262E-02  2.3735E-03  1.2280E-06  8.6120E-06
  1.5542E-02  2.4900E-03  1.2969E-06  9.0952E-06
  1.5827E-02  2.6119E-03  1.3696E-06  9.6052E-06
  1.6118E-02  2.7395E-03  1.4464E-06  1.0144E-05
  1.6413E-02  2.8730E-03  1.5274E-06  1.0712E-05
  1.6714E-02  3.0127E-03  1.6130E-06  1.1312E-05
  1.7020E-02  3.1590E-03  1.7033E-06  1.1946E-05
  1.7332E-02  3.3119E-03  1.7987E-06  1.2614E-05
  1.7650E-02  3.4719E-03  1.8993E-06  1.3320E-05
  1.7973E-02  3.6392E-03  2.0056E-06  1.4065E-05
  1.8302E-02  3.8142E-03  2.1177E-06  1.4852E-05
  1.8637E-02  3.9971E-03  2.2361E-06  1.5682E-05
  1.8978E-02  4.1884E-03  2.3611E-06  1.6559E-05
  1.9325E-02  4.3882E-03  2.4930E-06  1.7484E-05
  1.9678E-02  4.5971E-03  2.6323E-06  1.8461E-05
  2.0038E-02  4.8154E-03  2.7793E-06  1.9492E-05
  2.0404E-02  5.0434E-03  2.9344E-06  2.0580E-05
  2.0777E-02  5.2815E-03  3.0982E-06  2.1728E-05
  2.1157E-02  5.5302E-03  3.2711E-06  2.2941E-05
  2.1543E-02  5.7899E-03  3.4535E-06  2.4220E-05
  2.1936E-02  6.0610E-03  3.6461E-06  2.5571E-05
  2.2337E-02  6.3439E-03  3.8494E-06  2.6997E-05
  2.2744E-02  6.6392E-03  4.0640E-06  2.8501E-05
  2.3159E-02  6.9473E-03  4.2904E-06  3.0089E-05
  2.3581E-02  7.2687E-03  4.5294E-06  3.1766E-05
  2.4011E-02  7.6039E-03  4.7817E-06  3.3535E-05
  2.4449E-02  7.9534E-03  5.0479E-06  3.5402E-05
  2.4895E-02  8.3179E-03  5.3289E-06  3.7373E-05
  2.5348E-02  8.6977E-03  5.6255E-06  3.9453E-05
  2.5810E-02  9.0935E-03  5.9385E-06  4.1648E-05
  2.6280E-02  9.5060E-03  6.2689E-06  4.3965E-05
  2.6759E-02  9.9356E-03  6.6175E-06  4.6410E-05
  2.7246E-02  1.0383E-02  6.9855E-06  4.8991E-05
  2.7742E-02  1.0849E-02  7.3738E-06  5.1715E-05
  2.8246E-02  1.1334E-02  7.7837E-06  5.4589E-05
  2.8760E-02  1.1838E-02  8.2162E-06  5.7623E-05
  2.9283E-02  1.2363E-02  8.6727E-06  6.0824E-05
  2.9816E-02  1.2910E-02  9.1545E-06  6.4203E-05
  3.0358E-02  1.3478E-02  9.6629E-06  6.7769E-05
  3.0910E-02  1.4068E-02  1.0199E-05  7.1532E-05
  3.1472E-02  1.4682E-02  1.0766E-05  7.5503E-05
  3.2044E-02  1.5320E-02  1.1363E-05  7.9694E-05
  3.2626E-02  1.5983E-02  1.1994E-05  8.4117E-05
  3.3219E-02  1.6671E-02  1.2659E-05  8.8784E-05
  3.3822E-02  1.7385E-02  1.3362E-05  9.3710E-05
  3.4437E-02  1.8127E-02  1.4103E-05  9.8907E-05
  3.5062E-02  1.8897E-02  1.4885E-05  1.0439E-04
  3.5699E-02  1.9695E-02  1.5710E-05  1.1018E-04
  3.6347E-02  2.0523E-02  1.6581E-05  1.1629E-04
  3.7006E-02  2.1381E-02  1.7500E-05  1.2273E-04
  3.7678E-02  2.2271E-02  1.8470E-05  1.2954E-04
  3.8362E-02  2.3193E-02  1.9493E-05  1.3671E-04
  3.9058E-02  2.4148E-02  2.0573E-05  1.4429E-04
  3.9766E-02  2.5136E-02  2.1713E-05  1.5228E-04
  4.0487E-02  2.6159E-02  2.2915E-05  1.6072E-04
  4.1222E-02  2.7218E-02  2.4184E-05  1.6962E-04
  4.1969E-02  2.8313E-02  2.5523E-05  1.7901E-04
  4.2730E-02  2.9445E-02  2.6936E-05  1.8892E-04
  4.3505E-02  3.0614E-02  2.8427E-05  1.9937E-04
  4.4293E-02  3.1823E-02  3.0000E-05  2.1041E-04
  4.5096E-02  3.3071E-02  3.1660E-05  2.2205E-04
  4.5913E-02  3.4360E-02  3.3411E-05  2.3434E-04
  4.6745E-02  3.5689E-02  3.5259E-05  2.4730E-04
  4.7592E-02  3.7061E-02  3.7210E-05  2.6098E-04
  4.8454E-02  3.8475E-02  3.9267E-05  2.7541E-04
  4.9332E-02  3.9932E-02  4.1439E-05  2.9064E-04
  5.0225E-02  4.1433E-02  4.3729E-05  3.0671E-04
  5.1134E-02  4.2978E-02  4.6147E-05  3.2367E-04
  5.2060E-02  4.4568E-02  4.8697E-05  3.4156E-04
  5.3003E-02  4.6204E-02  5.1389E-05  3.6044E-04
  5.3962E-02  4.7885E-02  5.4228E-05  3.8035E-04
  5.4939E-02  4.9613E-02  5.7224E-05  4.0137E-04
  5.5933E-02  5.1388E-02  6.0385E-05  4.2355E-04
  5.6946E-02  5.3210E-02  6.3721E-05  4.4694E-04
  5.7976E-02  5.5079E-02  6.7240E-05  4.7163E-04
  5.9025E-02  5.6995E-02  7.0953E-05  4.9767E-04
  6.0093E-02  5.8958E-02  7.4870E-05  5.2516E-04
  6.1180E-02  6.0969E-02  7.9004E-05  5.5415E-04
  6.2287E-02  6.3027E-02  8.3365E-05  5.8474E-04
  6.3413E-02  6.5132E-02  8.7966E-05  6.1702E-04
  6.4560E-02  6.7284E-02  9.2820E-05  6.5108E-04
  6.5728E-02  6.9482E-02  9.7942E-05  6.8701E-04
  6.6916E-02  7.1726E-02  1.0335E-04  7.2491E-04
  6.8126E-02  7.4014E-02  1.0905E-04  7.6491E-04
  6.9358E-02  7.6347E-02  1.1506E-04  8.0711E-04
  7.0612E-02  7.8723E-02  1.2141E-04  8.5162E-04
  7.1888E-02  8.1141E-02  1.2810E-04  8.9859E-04
  7.3188E-02  8.3600E-02  1.3517E-04  9.4815E-04
  7.4510E-02  8.6098E-02  1.4262E-04  1.0004E-03
  7.5857E-02  8.8635E-02  1.5048E-04  1.0556E-03
  7.7228E-02  9.1207E-02  1.5877E-04  1.1138E-03
  7.8623E-02  9.3814E-02  1.6752E-04  1.1752E-03
  8.0044E-02  9.6453E-02  1.7675E-04  1.2399E-03
  8.1490E-02  9.9121E-02  1.8649E-04  1.3083E-03
  8.2962E-02  1.0182E-01  1.9676E-04  1.3803E-03
  8.4461E-02  1.0454E-01  2.0760E-04  1.4564E-03
  8.5987E-02  1.0728E-01  2.1904E-04  1.5366E-03
  8.7540E-02  1.1004E-01  2.3110E-04  1.6212E-03
  8.9121E-02  1.1282E-01  2.4382E-04  1.7105E-03
  9.0730E-02  1.1561E-01  2.5724E-04  1.8047E-03
  9.2369E-02  1.1840E-01  2.7140E-04  1.9041E-03
  9.4037E-02  1.2120E-01  2.8634E-04  2.0089E-03
  9.5735E-02  1.2400E-01  3.0210E-04  2.1194E-03
  9.7464E-02  1.2679E-01  3.1872E-04  2.2361E-03
  9.9223E-02  1.2958E-01  3.3625E-04  2.3591E-03
  1.0101E-01  1.3235E-01  3.5474E-04  2.4889E-03
  1.0284E-01  1.3510E-01  3.7425E-04  2.6258E-03
  1.0469E-01  1.3782E-01  3.9483E-04  2.7703E-03
  1.0658E-01  1.4051E-01  4.1654E-04  2.9226E-03
  1.0851E-01  1.4317E-01  4.3944E-04  3.0833E-03
  1.1047E-01  1.4578E-01  4.6359E-04  3.2528E-03
  1.1246E-01  1.4834E-01  4.8906E-04  3.4316E-03
  1.1449E-01  1.5084E-01  5.1593E-04  3.6202E-03
  1.1656E-01  1.5328E-01  5.4428E-04  3.8191E-03
  1.1866E-01  1.5565E-01  5.7417E-04  4.0290E-03
  1.2080E-01  1.5794E-01  6.0570E-04  4.2503E-03
  1.2298E-01  1.6015E-01  6.3896E-04  4.4837E-03
  1.2520E-01  1.6226E-01  6.7403E-04  4.7299E-03
  1.2746E-01  1.6427E-01  7.1102E-04  4.9896E-03
  1.2976E-01  1.6617E-01  7.5004E-04  5.2635E-03
  1.3210E-01  1.6795E-01  7.9119E-04  5.5524E-03
  1.3448E-01  1.6960E-01  8.3459E-04  5.8570E-03
  1.3691E-01  1.7112E-01  8.8035E-04  6.1783E-03
  1.3938E-01  1.7249E-01  9.2862E-04  6.5172E-03
  1.4189E-01  1.7371E-01  9.7952E-04  6.8746E-03
  1.4445E-01  1.7476E-01  1.0332E-03  7.2514E-03
  1.4706E-01  1.7565E-01  1.0898E-03  7.6489E-03
  1.4971E-01  1.7635E-01  1.1495E-03  8.0680E-03
  1.5241E-01  1.7687E-01  1.2125E-03  8.5100E-03
  1.5516E-01  1.7718E-01  1.2788E-03  8.9761E-03
  1.5796E-01  1.7729E-01  1.3488E-03  9.4676E-03
  1.6080E-01  1.7718E-01  1.4227E-03  9.9859E-03
  1.6370E-01  1.7685E-01  1.5005E-03  1.0532E-02
  1.6666E-01  1.7628E-01  1.5825E-03  1.1109E-02
  1.6966E-01  1.7547E-01  1.6691E-03  1.1716E-02
  1.7272E-01  1.7440E-01  1.7603E-03  1.2357E-02
  1.7583E-01  1.7308E-01  1.8565E-03  1.3032E-02
  1.7900E-01  1.7149E-01  1.9579E-03  1.3744E-02
  1.8223E-01  1.6963E-01  2.0648E-03  1.4495E-02
  1.8552E-01  1.6748E-01  2.1775E-03  1.5286E-02
  1.8886E-01  1.6504E-01  2.2963E-03  1.6121E-02
  1.9227E-01  1.6231E-01  2.4216E-03  1.7000E-02
  1.9573E-01  1.5928E-01  2.5536E-03  1.7928E-02
  1.9926E-01  1.5594E-01  2.6928E-03  1.8905E-02
  2.0285E-01  1.5230E-01  2.8396E-03  1.9935E-02
  2.0651E-01  1.4833E-01  2.9942E-03  2.1021E-02
  2.1023E-01  1.4406E-01  3.1572E-03  2.2165E-02
  2.1402E-01  1.3946E-01  3.3290E-03  2.3371E-02
  2.1788E-01  1.3454E-01  3.5101E-03  2.4642E-02
  2.2181E-01  1.2929E-01  3.7009E-03  2.5982E-02
  2.2580E-01  1.2373E-01  3.9020E-03  2.7394E-02
  2.2987E-01  1.1784E-01  4.1140E-03  2.8881E-02
  2.3402E-01  1.1163E-01  4.3373E-03  3.0448E-02
  2.3823E-01  1.0511E-01  4.5726E-03  3.2099E-02
  2.4253E-01  9.8270E-02  4.8206E-03  3.3839E-02
  2.4690E-01  9.1121E-02  5.0818E-03  3.5672E-02
  2.5135E-01  8.3669E-02  5.3570E-03  3.7602E-02
  2.5588E-01  7.5920E-02  5.6470E-03  3.9636E-02
  2.6049E-01  6.7882E-02  5.9525E-03  4.1778E-02
  2.6518E-01  5.9565E-02  6.2743E-03  4.4033E-02
  2.6996E-01  5.0977E-02  6.6132E-03  4.6409E-02
  2.7482E-01  4.2132E-02  6.9702E-03  4.8910E-02
  2.7977E-01  3.3040E-02  7.3462E-03  5.1544E-02
  2.8482E-01  2.3716E-02  7.7422E-03  5.4317E-02
  2.8995E-01  1.4174E-02  8.1592E-03  5.7236E-02
  2.9517E-01  4.4312E-03  8.5983E-03  6.0308E-02
  3.0049E-01 -5.4961E-03  9.0607E-03  6.3542E-02
  3.0590E-01 -1.5589E-02  9.5475E-03  6.6946E-02
  3.1141E-01 -2.5829E-02  1.0060E-02  7.0527E-02
  3.1702E-01 -3.6196E-02  1.0599E-02  7.4295E-02
  3.2274E-01 -4.6666E-02  1.1167E-02  7.8258E-02
  3.2855E-01 -5.7219E-02  1.1765E-02  8.2427E-02
  3.3447E-01 -6.7830E-02  1.2394E-02  8.6812E-02
  3.4049E-01 -7.8475E-02  1.3056E-02  9.1423E-02
  3.4663E-01 -8.9128E-02  1.3752E-02  9.6270E-02
  3.5287E-01 -9.9764E-02  1.4485E-02  1.0137E-01
  3.5923E-01 -1.1036E-01  1.5256E-02  1.0672E-01
  3.6570E-01 -1.2087E-01  1.6067E-02  1.1235E-01
  3.7229E-01 -1.3129E-01  1.6920E-02  1.1826E-01
  3.7899E-01 -1.4158E-01  1.7817E-02  1.2447E-01
  3.8582E-01 -1.5172E-01  1.8760E-02  1.3099E-01
  3.9277E-01 -1.6166E-01  1.9752E-02  1.3784E-01
  3.9985E-01 -1.7139E-01  2.0795E-02  1.4503E-01
  4.0705E-01 -1.8087E-01  2.1890E-02  1.5257E-01
  4.1438E-01 -1.9008E-01  2.3042E-02  1.6048E-01
  4.2184E-01 -1.9897E-01  2.4253E-02  1.6878E-01
  4.2944E-01 -2.0754E-01  2.5524E-02  1.7748E-01
  4.3718E-01 -2.1573E-01  2.6861E-02  1.8660E-01
  4.4505E-01 -2.2353E-01  2.8264E-02  1.9615E-01
  4.5306E-01 -2.3090E-01  2.9738E-02  2.0616E-01
  4.6122E-01 -2.3781E-01  3.1285E-02  2.1664E-01
  4.6953E-01 -2.4424E-01  3.2910E-02  2.2761E-01
  4.7799E-01 -2.5015E-01  3.4615E-02  2.3908E-01
  4.8660E-01 -2.5553E-01  3.6404E-02  2.5108E-01
  4.9536E-01 -2.6033E-01  3.8282E-02  2.6362E-01
  5.0428E-01 -2.6455E-01  4.0252E-02  2.7672E-01
  5.1336E-01 -2.6815E-01  4.2317E-02  2.9039E-01
  5.2261E-01 -2.7111E-01  4.4483E-02  3.0466E-01
  5.3202E-01 -2.7341E-01  4.6754E-02  3.1955E-01
  5.4160E-01 -2.7504E-01  4.9134E-02  3.3506E-01
  5.5135E-01 -2.7597E-01  5.1627E-02  3.5121E-01
  5.6128E-01 -2.7619E-01  5.4239E-02  3.6803E-01
  5.7139E-01 -2.7569E-01  5.6975E-02  3.8551E-01
  5.8168E-01 -2.7445E-01  5.9838E-02  4.0368E-01
  5.9215E-01 -2.7248E-01  6.2836E-02  4.2255E-01
  6.0282E-01 -2.6974E-01  6.5972E-02  4.4211E-01
  6.1367E-01 -2.6626E-01  6.9252E-02  4.6239E-01
  6.2472E-01 -2.6201E-01  7.2682E-02  4.8338E-01
  6.3597E-01 -2.5700E-01  7.6267E-02  5.0508E-01
  6.4742E-01 -2.5123E-01  8.0013E-02  5.2749E-01
  6.5908E-01 -2.4470E-01  8.3926E-02  5.5061E-01
  6.7095E-01 -2.3742E-01  8.8012E-02  5.7442E-01
  6.8303E-01 -2.2940E-01  9.2276E-02  5.9891E-01
  6.9533E-01 -2.2064E-01  9.6724E-02  6.2407E-01
  7.0785E-01 -2.1116E-01  1.0136E-01  6.4985E-01
  7.2060E-01 -2.0097E-01  1.0620E-01  6.7624E-01
  7.3357E-01 -1.9009E-01  1.1123E-01  7.0319E-01
  7.4678E-01 -1.7853E-01  1.1648E-01  7.3066E-01
  7.6023E-01 -1.6632E-01  1.2194E-01  7.5859E-01
  7.7391E-01 -1.5347E-01  1.2762E-01  7.8692E-01
  7.8785E-01 -1.4001E-01  1.3352E-01  8.1558E-01
  8.0203E-01 -1.2596E-01  1.3965E-01  8.4448E-01
  8.1648E-01 -1.1136E-01  1.4602E-01  8.7354E-01
  8.3118E-01 -9.6217E-02  1.5263E-01  9.0265E-01
  8.4614E-01 -8.0572E-02  1.5949E-01  9.3170E-01
  8.6138E-01 -6.4454E-02  1.6659E-01  9.6055E-01
  8.7688E-01 -4.7893E-02  1.7394E-01  9.8908E-01
  8.9267E-01 -3.0921E-02  1.8155E-01  1.0171E+00
  9.0874E-01 -1.3571E-02  1.8942E-01  1.0445E+00
  9.2511E-01  4.1219E-03  1.9755E-01  1.0711E+00
  9.4176E-01  2.2124E-02  2.0594E-01  1.0967E+00
  9.5872E-01  4.0400E-02  2.1459E-01  1.1210E+00
  9.7598E-01  5.8913E-02  2.2351E-01  1.1439E+00
  9.9355E-01  7.7629E-02  2.3268E-01  1.1652E+00
  1.0114E+00  9.6511E-02  2.4212E-01  1.1846E+00
  1.0296E+00  1.1552E-01  2.5180E-01  1.2018E+00
  1.0482E+00  1.3463E-01  2.6174E-01  1.2167E+00
  1.0671E+00  1.5379E-01  2.7192E-01  1.2289E+00
  1.0863E+00  1.7297E-01  2.8234E-01  1.2383E+00
  1.1058E+00  1.9214E-01  2.9298E-01  1.2445E+00
  1.1257E+00  2.1126E-01  3.0384E-01  1.2473E+00
  1.1460E+00  2.3029E-01  3.1491E-01  1.2465E+00
  1.1666E+00  2.4920E-01  3.2617E-01  1.2418E+00
  1.1876E+00  2.6795E-01  3.3761E-01  1.2330E+00
  1.2090E+00  2.8651E-01  3.4920E-01  1.2200E+00
  1.2308E+00  3.0485E-01  3.6094E-01  1.2026E+00
  1.2529E+00  3.2292E-01  3.7279E-01  1.1807E+00
  1.2755E+00  3.4070E-01  3.8474E-01  1.1541E+00
  1.2985E+00  3.5816E-01  3.9675E-01  1.1229E+00
  1.3218E+00  3.7525E-01  4.0881E-01  1.0870E+00
  1.3456E+00  3.9196E-01  4.2088E-01  1.0466E+00
  1.3698E+00  4.0825E-01  4.3293E-01  1.0018E+00
  1.3945E+00  4.2408E-01  4.4492E-01  9.5275E-01
  1.4196E+00  4.3944E-01  4.5683E-01  8.9978E-01
  1.4452E+00  4.5430E-01  4.6861E-01  8.4325E-01
  1.4712E+00  4.6863E-01  4.8023E-01  7.8361E-01
  1.4977E+00  4.8241E-01  4.9165E-01  7.2137E-01
  1.5246E+00  4.9561E-01  5.0282E-01  6.5714E-01
  1.5521E+00  5.0822E-01  5.1371E-01  5.9159E-01
  1.5800E+00  5.2022E-01  5.2428E-01  5.2546E-01
  1.6085E+00  5.3158E-01  5.3447E-01  4.5956E-01
  1.6374E+00  5.4231E-01  5.4426E-01  3.9472E-01
  1.6669E+00  5.5238E-01  5.5360E-01  3.3183E-01
  1.6969E+00  5.6178E-01  5.6246E-01  2.7176E-01
  1.7274E+00  5.7051E-01  5.7080E-01  2.1538E-01
  1.7585E+00  5.7855E-01  5.7858E-01  1.6350E-01
  1.7902E+00  5.8591E-01  5.8577E-01  1.1689E-01
  1.8224E+00  5.9257E-01  5.9235E-01  7.6162E-02
  1.8552E+00  5.9855E-01  5.9830E-01  4.1816E-02
  1.8886E+00  6.0383E-01  6.0360E-01  1.4157E-02
  1.9226E+00  6.0842E-01  6.0823E-01 -6.7298E-03
  1.9572E+00  6.1233E-01  6.1219E-01 -2.1008E-02
  1.9925E+00  6.1557E-01  6.1547E-01 -2.9118E-02
  2.0283E+00  6.1813E-01  6.1807E-01 -3.1785E-02
  2.0648E+00  6.2004E-01  6.2001E-01 -3.0016E-02
  2.1020E+00  6.2130E-01  6.2129E-01 -2.5064E-02
  2.1399E+00  6.2193E-01  6.2192E-01 -1.8357E-02
  2.1784E+00  6.2193E-01  6.2193E-01 -1.1385E-02
  2.2176E+00  6.2133E-01  6.2133E-01 -5.5160E-03
  2.2575E+00  6.2014E-01  6.2014E-01 -1.7343E-03
  2.2981E+00  6.1839E-01  6.1839E-01 -2.8697E-04
  2.3395E+00  6.1608E-01  6.1608E-01  0.0000E+00
  2.3816E+00  6.1323E-01  6.1323E-01  0.0000E+00
  2.4245E+00  6.0988E-01  6.0988E-01  0.0000E+00
  2.4681E+00  6.0603E-01  6.0603E-01  0.0000E+00
  2.5126E+00  6.0172E-01  6.0172E-01  0.0000E+00
  2.5578E+00  5.9695E-01  5.9695E-01  0.0000E+00
  2.6038E+00  5.9175E-01  5.9175E-01  0.0000E+00
  2.6507E+00  5.8615E-01  5.8615E-01  0.0000E+00
  2.6984E+00  5.8017E-01  5.8017E-01  0.0000E+00
  2.7470E+00  5.7382E-01  5.7382E-01  0.0000E+00
  2.7964E+00  5.6714E-01  5.6714E-01  0.0000E+00
  2.8468E+00  5.6014E-01  5.6014E-01  0.0000E+00
  2.8980E+00  5.5284E-01  5.5284E-01  0.0000E+00
  2.9502E+00  5.4526E-01  5.4526E-01  0.0000E+00
  3.0033E+00  5.3743E-01  5.3743E-01  0.0000E+00
  3.0573E+00  5.2937E-01  5.2937E-01  0.0000E+00
  3.1124E+00  5.2108E-01  5.2108E-01  0.0000E+00
  3.1684E+00  5.1260E-01  5.1260E-01  0.0000E+00
  3.2254E+00  5.0393E-01  5.0393E-01  0.0000E+00
  3.2835E+00  4.9510E-01  4.9510E-01  0.0000E+00
  3.3426E+00  4.8610E-01  4.8610E-01  0.0000E+00
  3.4027E+00  4.7697E-01  4.7697E-01  0.0000E+00
  3.4640E+00  4.6770E-01  4.6770E-01  0.0000E+00
  3.5263E+00  4.5831E-01  4.5831E-01  0.0000E+00
  3.5898E+00  4.4881E-01  4.4881E-01  0.0000E+00
  3.6544E+00  4.3921E-01  4.3921E-01  0.0000E+00
  3.7202E+00  4.2952E-01  4.2952E-01  0.0000E+00
  3.7872E+00  4.1974E-01  4.1974E-01  0.0000E+00
  3.8553E+00  4.0989E-01  4.0989E-01  0.0000E+00
  3.9247E+00  3.9997E-01  3.9997E-01  0.0000E+00
  3.9954E+00  3.9000E-01  3.9000E-01  0.0000E+00
  4.0673E+00  3.7999E-01  3.7999E-01  0.0000E+00
  4.1405E+00  3.6994E-01  3.6994E-01  0.0000E+00
  4.2150E+00  3.5986E-01  3.5986E-01  0.0000E+00
  4.2909E+00  3.4977E-01  3.4977E-01  0.0000E+00
  4.3681E+00  3.3967E-01  3.3967E-01  0.0000E+00
  4.4468E+00  3.2958E-01  3.2958E-01  0.0000E+00
  4.5268E+00  3.1950E-01  3.1950E-01  0.0000E+00
  4.6083E+00  3.0945E-01  3.0945E-01  0.0000E+00
  4.6912E+00  2.9943E-01  2.9943E-01  0.0000E+00
  4.7757E+00  2.8947E-01  2.8947E-01  0.0000E+00
  4.8616E+00  2.7957E-01  2.7957E-01  0.0000E+00
  4.9491E+00  2.6974E-01  2.6974E-01  0.0000E+00
  5.0382E+00  2.6000E-01  2.6000E-01  0.0000E+00
  5.1289E+00  2.5036E-01  2.5036E-01  0.0000E+00
  5.2212E+00  2.4083E-01  2.4083E-01  0.0000E+00
  5.3152E+00  2.3142E-01  2.3142E-01  0.0000E+00
  5.4109E+00  2.2215E-01  2.2215E-01  0.0000E+00
  5.5083E+00  2.1304E-01  2.1304E-01  0.0000E+00
  5.6074E+00  2.0408E-01  2.0408E-01  0.0000E+00
  5.7083E+00  1.9529E-01  1.9529E-01  0.0000E+00
