 # l=           3 basis function with energy     2.0000000000000000     
  0.0000E+00 -0.0000E+00  0.0000E+00  0.0000E+00
  5.5354E-06 -1.3983E-17  8.8442E-23  1.3122E-21
  1.1171E-05 -1.7293E-16  1.4667E-21  2.1762E-20
  1.6907E-05 -7.6351E-16  7.6969E-21  1.1420E-19
  2.2747E-05 -2.2114E-15  2.5219E-20  3.7418E-19
  2.8692E-05 -5.0840E-15  6.3836E-20  9.4715E-19
  3.4743E-05 -1.0100E-14  1.3726E-19  2.0365E-18
  4.0904E-05 -1.8141E-14  2.6371E-19  3.9127E-18
  4.7176E-05 -3.0268E-14  4.6658E-19  6.9228E-18
  5.3560E-05 -4.7740E-14  7.7521E-19  1.1502E-17
  6.0060E-05 -7.2028E-14  1.2257E-18  1.8186E-17
  6.6676E-05 -1.0484E-13  1.8618E-18  2.7624E-17
  7.3412E-05 -1.4816E-13  2.7360E-18  4.0594E-17
  8.0268E-05 -2.0424E-13  3.9105E-18  5.8020E-17
  8.7249E-05 -2.7565E-13  5.4586E-18  8.0991E-17
  9.4354E-05 -3.6531E-13  7.4661E-18  1.1078E-16
  1.0159E-04 -4.7654E-13  1.0033E-17  1.4886E-16
  1.0895E-04 -6.1306E-13  1.3274E-17  1.9694E-16
  1.1645E-04 -7.7904E-13  1.7321E-17  2.5700E-16
  1.2408E-04 -9.7918E-13  2.2328E-17  3.3128E-16
  1.3185E-04 -1.2187E-12  2.8467E-17  4.2237E-16
  1.3976E-04 -1.5035E-12  3.5937E-17  5.3320E-16
  1.4781E-04 -1.8399E-12  4.4961E-17  6.6709E-16
  1.5600E-04 -2.2354E-12  5.5793E-17  8.2782E-16
  1.6435E-04 -2.6977E-12  6.8721E-17  1.0196E-15
  1.7284E-04 -3.2359E-12  8.4066E-17  1.2473E-15
  1.8149E-04 -3.8597E-12  1.0219E-16  1.5163E-15
  1.9029E-04 -4.5799E-12  1.2351E-16  1.8325E-15
  1.9925E-04 -5.4085E-12  1.4847E-16  2.2028E-15
  2.0837E-04 -6.3586E-12  1.7758E-16  2.6348E-15
  2.1766E-04 -7.4446E-12  2.1141E-16  3.1367E-15
  2.2711E-04 -8.6825E-12  2.5060E-16  3.7182E-15
  2.3673E-04 -1.0090E-11  2.9585E-16  4.3896E-15
  2.4653E-04 -1.1685E-11  3.4794E-16  5.1625E-15
  2.5650E-04 -1.3490E-11  4.0775E-16  6.0499E-15
  2.6665E-04 -1.5528E-11  4.7624E-16  7.0661E-15
  2.7699E-04 -1.7823E-11  5.5448E-16  8.2269E-15
  2.8751E-04 -2.0403E-11  6.4364E-16  9.5499E-15
  2.9822E-04 -2.3298E-11  7.4504E-16  1.1054E-14
  3.0912E-04 -2.6541E-11  8.6012E-16  1.2762E-14
  3.2022E-04 -3.0168E-11  9.9046E-16  1.4696E-14
  3.3152E-04 -3.4218E-11  1.1378E-15  1.6882E-14
  3.4302E-04 -3.8733E-11  1.3042E-15  1.9350E-14
  3.5473E-04 -4.3760E-11  1.4915E-15  2.2130E-14
  3.6665E-04 -4.9350E-11  1.7024E-15  2.5258E-14
  3.7878E-04 -5.5557E-11  1.9392E-15  2.8772E-14
  3.9114E-04 -6.2441E-11  2.2048E-15  3.2713E-14
  4.0371E-04 -7.0068E-11  2.5023E-15  3.7127E-14
  4.1651E-04 -7.8508E-11  2.8351E-15  4.2065E-14
  4.2955E-04 -8.7837E-11  3.2069E-15  4.7582E-14
  4.4281E-04 -9.8141E-11  3.6218E-15  5.3738E-14
  4.5632E-04 -1.0951E-10  4.0843E-15  6.0600E-14
  4.7007E-04 -1.2204E-10  4.5992E-15  6.8239E-14
  4.8406E-04 -1.3584E-10  5.1719E-15  7.6737E-14
  4.9831E-04 -1.5102E-10  5.8082E-15  8.6178E-14
  5.1281E-04 -1.6772E-10  6.5146E-15  9.6658E-14
  5.2758E-04 -1.8606E-10  7.2979E-15  1.0828E-13
  5.4261E-04 -2.0619E-10  8.1658E-15  1.2116E-13
  5.5791E-04 -2.2828E-10  9.1266E-15  1.3541E-13
  5.7349E-04 -2.5250E-10  1.0189E-14  1.5118E-13
  5.8934E-04 -2.7902E-10  1.1364E-14  1.6861E-13
  6.0549E-04 -3.0807E-10  1.2661E-14  1.8785E-13
  6.2192E-04 -3.3984E-10  1.4092E-14  2.0909E-13
  6.3865E-04 -3.7459E-10  1.5671E-14  2.3252E-13
  6.5568E-04 -4.1257E-10  1.7411E-14  2.5833E-13
  6.7302E-04 -4.5405E-10  1.9326E-14  2.8675E-13
  6.9066E-04 -4.9934E-10  2.1435E-14  3.1803E-13
  7.0863E-04 -5.4875E-10  2.3754E-14  3.5244E-13
  7.2692E-04 -6.0265E-10  2.6302E-14  3.9026E-13
  7.4554E-04 -6.6139E-10  2.9102E-14  4.3180E-13
  7.6449E-04 -7.2540E-10  3.2177E-14  4.7741E-13
  7.8379E-04 -7.9512E-10  3.5550E-14  5.2747E-13
  8.0343E-04 -8.7101E-10  3.9250E-14  5.8236E-13
  8.2343E-04 -9.5359E-10  4.3306E-14  6.4254E-13
  8.4378E-04 -1.0434E-09  4.7749E-14  7.0847E-13
  8.6450E-04 -1.1411E-09  5.2616E-14  7.8067E-13
  8.8560E-04 -1.2473E-09  5.7942E-14  8.5970E-13
  9.0707E-04 -1.3626E-09  6.3770E-14  9.4617E-13
  9.2893E-04 -1.4879E-09  7.0144E-14  1.0407E-12
  9.5119E-04 -1.6239E-09  7.7111E-14  1.1441E-12
  9.7384E-04 -1.7716E-09  8.4724E-14  1.2571E-12
  9.9691E-04 -1.9318E-09  9.3039E-14  1.3804E-12
  1.0204E-03 -2.1055E-09  1.0212E-13  1.5152E-12
  1.0443E-03 -2.2940E-09  1.1203E-13  1.6622E-12
  1.0686E-03 -2.4982E-09  1.2284E-13  1.8226E-12
  1.0934E-03 -2.7196E-09  1.3463E-13  1.9975E-12
  1.1186E-03 -2.9595E-09  1.4748E-13  2.1883E-12
  1.1443E-03 -3.2193E-09  1.6149E-13  2.3961E-12
  1.1704E-03 -3.5006E-09  1.7676E-13  2.6226E-12
  1.1970E-03 -3.8052E-09  1.9338E-13  2.8693E-12
  1.2241E-03 -4.1348E-09  2.1149E-13  3.1379E-12
  1.2516E-03 -4.4916E-09  2.3119E-13  3.4302E-12
  1.2797E-03 -4.8775E-09  2.5263E-13  3.7484E-12
  1.3083E-03 -5.2949E-09  2.7596E-13  4.0945E-12
  1.3374E-03 -5.7462E-09  3.0133E-13  4.4709E-12
  1.3670E-03 -6.2341E-09  3.2891E-13  4.8801E-12
  1.3971E-03 -6.7616E-09  3.5889E-13  5.3249E-12
  1.4278E-03 -7.3315E-09  3.9147E-13  5.8083E-12
  1.4590E-03 -7.9474E-09  4.2686E-13  6.3334E-12
  1.4908E-03 -8.6126E-09  4.6530E-13  6.9038E-12
  1.5232E-03 -9.3312E-09  5.0705E-13  7.5232E-12
  1.5561E-03 -1.0107E-08  5.5237E-13  8.1956E-12
  1.5897E-03 -1.0945E-08  6.0156E-13  8.9254E-12
  1.6238E-03 -1.1849E-08  6.5493E-13  9.7174E-12
  1.6586E-03 -1.2825E-08  7.1284E-13  1.0577E-11
  1.6940E-03 -1.3878E-08  7.7565E-13  1.1509E-11
  1.7300E-03 -1.5015E-08  8.4376E-13  1.2519E-11
  1.7667E-03 -1.6240E-08  9.1762E-13  1.3615E-11
  1.8040E-03 -1.7563E-08  9.9767E-13  1.4803E-11
  1.8420E-03 -1.8989E-08  1.0844E-12  1.6090E-11
  1.8807E-03 -2.0526E-08  1.1785E-12  1.7485E-11
  1.9201E-03 -2.2184E-08  1.2803E-12  1.8996E-11
  1.9602E-03 -2.3971E-08  1.3906E-12  2.0633E-11
  2.0010E-03 -2.5897E-08  1.5101E-12  2.2406E-11
  2.0425E-03 -2.7973E-08  1.6395E-12  2.4326E-11
  2.0848E-03 -3.0210E-08  1.7796E-12  2.6405E-11
  2.1279E-03 -3.2621E-08  1.9313E-12  2.8654E-11
  2.1717E-03 -3.5217E-08  2.0954E-12  3.1090E-11
  2.2163E-03 -3.8014E-08  2.2730E-12  3.3725E-11
  2.2618E-03 -4.1026E-08  2.4651E-12  3.6576E-11
  2.3080E-03 -4.4270E-08  2.6730E-12  3.9660E-11
  2.3551E-03 -4.7764E-08  2.8978E-12  4.2996E-11
  2.4030E-03 -5.1525E-08  3.1410E-12  4.6604E-11
  2.4518E-03 -5.5574E-08  3.4039E-12  5.0505E-11
  2.5015E-03 -5.9933E-08  3.6882E-12  5.4723E-11
  2.5520E-03 -6.4624E-08  3.9956E-12  5.9283E-11
  2.6035E-03 -6.9673E-08  4.3278E-12  6.4212E-11
  2.6559E-03 -7.5106E-08  4.6868E-12  6.9539E-11
  2.7092E-03 -8.0953E-08  5.0748E-12  7.5296E-11
  2.7635E-03 -8.7243E-08  5.4940E-12  8.1516E-11
  2.8188E-03 -9.4010E-08  5.9469E-12  8.8236E-11
  2.8750E-03 -1.0129E-07  6.4362E-12  9.5495E-11
  2.9323E-03 -1.0912E-07  6.9647E-12  1.0334E-10
  2.9906E-03 -1.1754E-07  7.5354E-12  1.1180E-10
  3.0500E-03 -1.2660E-07  8.1517E-12  1.2095E-10
  3.1104E-03 -1.3634E-07  8.8172E-12  1.3082E-10
  3.1720E-03 -1.4681E-07  9.5357E-12  1.4148E-10
  3.2346E-03 -1.5807E-07  1.0311E-11  1.5299E-10
  3.2983E-03 -1.7017E-07  1.1149E-11  1.6542E-10
  3.3632E-03 -1.8318E-07  1.2052E-11  1.7882E-10
  3.4293E-03 -1.9717E-07  1.3028E-11  1.9329E-10
  3.4966E-03 -2.1220E-07  1.4080E-11  2.0891E-10
  3.5650E-03 -2.2835E-07  1.5216E-11  2.2576E-10
  3.6347E-03 -2.4571E-07  1.6441E-11  2.4394E-10
  3.7057E-03 -2.6437E-07  1.7763E-11  2.6355E-10
  3.7779E-03 -2.8442E-07  1.9189E-11  2.8471E-10
  3.8514E-03 -3.0595E-07  2.0727E-11  3.0753E-10
  3.9263E-03 -3.2909E-07  2.2386E-11  3.3215E-10
  4.0025E-03 -3.5394E-07  2.4175E-11  3.5869E-10
  4.0801E-03 -3.8064E-07  2.6105E-11  3.8732E-10
  4.1590E-03 -4.0932E-07  2.8185E-11  4.1819E-10
  4.2394E-03 -4.4012E-07  3.0428E-11  4.5147E-10
  4.3213E-03 -4.7319E-07  3.2847E-11  4.8735E-10
  4.4046E-03 -5.0872E-07  3.5454E-11  5.2604E-10
  4.4894E-03 -5.4686E-07  3.8264E-11  5.6774E-10
  4.5757E-03 -5.8781E-07  4.1294E-11  6.1268E-10
  4.6636E-03 -6.3178E-07  4.4559E-11  6.6113E-10
  4.7531E-03 -6.7899E-07  4.8078E-11  7.1335E-10
  4.8442E-03 -7.2967E-07  5.1871E-11  7.6962E-10
  4.9369E-03 -7.8407E-07  5.5958E-11  8.3026E-10
  5.0313E-03 -8.4246E-07  6.0362E-11  8.9560E-10
  5.1274E-03 -9.0513E-07  6.5107E-11  9.6600E-10
  5.2252E-03 -9.7239E-07  7.0219E-11  1.0419E-09
  5.3248E-03 -1.0446E-06  7.5727E-11  1.1236E-09
  5.4261E-03 -1.1220E-06  8.1660E-11  1.2116E-09
  5.5293E-03 -1.2052E-06  8.8052E-11  1.3064E-09
  5.6344E-03 -1.2943E-06  9.4937E-11  1.4086E-09
  5.7413E-03 -1.3900E-06  1.0235E-10  1.5186E-09
  5.8502E-03 -1.4927E-06  1.1034E-10  1.6371E-09
  5.9610E-03 -1.6028E-06  1.1894E-10  1.7648E-09
  6.0739E-03 -1.7209E-06  1.2821E-10  1.9022E-09
  6.1887E-03 -1.8477E-06  1.3818E-10  2.0502E-09
  6.3056E-03 -1.9836E-06  1.4892E-10  2.2096E-09
  6.4247E-03 -2.1293E-06  1.6049E-10  2.3812E-09
  6.5458E-03 -2.2856E-06  1.7294E-10  2.5660E-09
  6.6692E-03 -2.4533E-06  1.8635E-10  2.7649E-09
  6.7947E-03 -2.6330E-06  2.0079E-10  2.9791E-09
  6.9226E-03 -2.8258E-06  2.1633E-10  3.2097E-09
  7.0527E-03 -3.0324E-06  2.3306E-10  3.4579E-09
  7.1852E-03 -3.2540E-06  2.5107E-10  3.7252E-09
  7.3200E-03 -3.4915E-06  2.7046E-10  4.0128E-09
  7.4573E-03 -3.7461E-06  2.9132E-10  4.3224E-09
  7.5971E-03 -4.0190E-06  3.1378E-10  4.6556E-09
  7.7393E-03 -4.3116E-06  3.3796E-10  5.0143E-09
  7.8842E-03 -4.6251E-06  3.6397E-10  5.4003E-09
  8.0316E-03 -4.9611E-06  3.9197E-10  5.8157E-09
  8.1817E-03 -5.3211E-06  4.2210E-10  6.2628E-09
  8.3345E-03 -5.7070E-06  4.5453E-10  6.7439E-09
  8.4900E-03 -6.1204E-06  4.8942E-10  7.2616E-09
  8.6484E-03 -6.5633E-06  5.2697E-10  7.8186E-09
  8.8095E-03 -7.0379E-06  5.6737E-10  8.4180E-09
  8.9736E-03 -7.5462E-06  6.1083E-10  9.0629E-09
  9.1407E-03 -8.0908E-06  6.5760E-10  9.7569E-09
  9.3107E-03 -8.6741E-06  7.0792E-10  1.0503E-08
  9.4839E-03 -9.2989E-06  7.6206E-10  1.1307E-08
  9.6601E-03 -9.9680E-06  8.2030E-10  1.2171E-08
  9.8395E-03 -1.0685E-05  8.8295E-10  1.3100E-08
  1.0022E-02 -1.1452E-05  9.5035E-10  1.4100E-08
  1.0208E-02 -1.2274E-05  1.0229E-09  1.5176E-08
  1.0397E-02 -1.3153E-05  1.1009E-09  1.6333E-08
  1.0590E-02 -1.4095E-05  1.1847E-09  1.7578E-08
  1.0786E-02 -1.5104E-05  1.2750E-09  1.8917E-08
  1.0986E-02 -1.6183E-05  1.3720E-09  2.0357E-08
  1.1189E-02 -1.7339E-05  1.4764E-09  2.1906E-08
  1.1396E-02 -1.8575E-05  1.5887E-09  2.3572E-08
  1.1607E-02 -1.9899E-05  1.7095E-09  2.5363E-08
  1.1821E-02 -2.1315E-05  1.8394E-09  2.7290E-08
  1.2039E-02 -2.2831E-05  1.9790E-09  2.9363E-08
  1.2262E-02 -2.4452E-05  2.1292E-09  3.1591E-08
  1.2488E-02 -2.6187E-05  2.2908E-09  3.3988E-08
  1.2718E-02 -2.8044E-05  2.4645E-09  3.6565E-08
  1.2952E-02 -3.0029E-05  2.6513E-09  3.9337E-08
  1.3191E-02 -3.2153E-05  2.8522E-09  4.2317E-08
  1.3434E-02 -3.4425E-05  3.0682E-09  4.5522E-08
  1.3681E-02 -3.6855E-05  3.3004E-09  4.8968E-08
  1.3933E-02 -3.9453E-05  3.5502E-09  5.2673E-08
  1.4189E-02 -4.2231E-05  3.8187E-09  5.6657E-08
  1.4450E-02 -4.5202E-05  4.1074E-09  6.0940E-08
  1.4716E-02 -4.8378E-05  4.4179E-09  6.5546E-08
  1.4986E-02 -5.1773E-05  4.7516E-09  7.0498E-08
  1.5262E-02 -5.5402E-05  5.1105E-09  7.5822E-08
  1.5542E-02 -5.9282E-05  5.4963E-09  8.1545E-08
  1.5827E-02 -6.3427E-05  5.9110E-09  8.7699E-08
  1.6118E-02 -6.7858E-05  6.3569E-09  9.4315E-08
  1.6413E-02 -7.2592E-05  6.8363E-09  1.0143E-07
  1.6714E-02 -7.7650E-05  7.3517E-09  1.0907E-07
  1.7020E-02 -8.3054E-05  7.9057E-09  1.1729E-07
  1.7332E-02 -8.8827E-05  8.5012E-09  1.2613E-07
  1.7650E-02 -9.4993E-05  9.1415E-09  1.3563E-07
  1.7973E-02 -1.0158E-04  9.8297E-09  1.4584E-07
  1.8302E-02 -1.0861E-04  1.0569E-08  1.5681E-07
  1.8637E-02 -1.1612E-04  1.1365E-08  1.6861E-07
  1.8978E-02 -1.2414E-04  1.2219E-08  1.8129E-07
  1.9325E-02 -1.3270E-04  1.3138E-08  1.9492E-07
  1.9678E-02 -1.4184E-04  1.4126E-08  2.0957E-07
  2.0038E-02 -1.5159E-04  1.5187E-08  2.2532E-07
  2.0404E-02 -1.6200E-04  1.6328E-08  2.4225E-07
  2.0777E-02 -1.7311E-04  1.7555E-08  2.6044E-07
  2.1157E-02 -1.8496E-04  1.8873E-08  2.8000E-07
  2.1543E-02 -1.9761E-04  2.0289E-08  3.0101E-07
  2.1936E-02 -2.1110E-04  2.1812E-08  3.2360E-07
  2.2337E-02 -2.2549E-04  2.3449E-08  3.4788E-07
  2.2744E-02 -2.4084E-04  2.5207E-08  3.7397E-07
  2.3159E-02 -2.5720E-04  2.7098E-08  4.0201E-07
  2.3581E-02 -2.7466E-04  2.9129E-08  4.3215E-07
  2.4011E-02 -2.9326E-04  3.1312E-08  4.6454E-07
  2.4449E-02 -3.1309E-04  3.3659E-08  4.9934E-07
  2.4895E-02 -3.3423E-04  3.6180E-08  5.3675E-07
  2.5348E-02 -3.5676E-04  3.8890E-08  5.7695E-07
  2.5810E-02 -3.8077E-04  4.1802E-08  6.2015E-07
  2.6280E-02 -4.0635E-04  4.4932E-08  6.6657E-07
  2.6759E-02 -4.3359E-04  4.8295E-08  7.1646E-07
  2.7246E-02 -4.6262E-04  5.1909E-08  7.7007E-07
  2.7742E-02 -4.9353E-04  5.5793E-08  8.2768E-07
  2.8246E-02 -5.2644E-04  5.9966E-08  8.8959E-07
  2.8760E-02 -5.6149E-04  6.4451E-08  9.5612E-07
  2.9283E-02 -5.9880E-04  6.9270E-08  1.0276E-06
  2.9816E-02 -6.3851E-04  7.4449E-08  1.1044E-06
  3.0358E-02 -6.8077E-04  8.0013E-08  1.1870E-06
  3.0910E-02 -7.2574E-04  8.5993E-08  1.2757E-06
  3.1472E-02 -7.7359E-04  9.2418E-08  1.3710E-06
  3.2044E-02 -8.2448E-04  9.9322E-08  1.4734E-06
  3.2626E-02 -8.7861E-04  1.0674E-07  1.5834E-06
  3.3219E-02 -9.3618E-04  1.1471E-07  1.7016E-06
  3.3822E-02 -9.9739E-04  1.2328E-07  1.8287E-06
  3.4437E-02 -1.0625E-03  1.3248E-07  1.9652E-06
  3.5062E-02 -1.1316E-03  1.4237E-07  2.1118E-06
  3.5699E-02 -1.2051E-03  1.5299E-07  2.2694E-06
  3.6347E-02 -1.2832E-03  1.6441E-07  2.4387E-06
  3.7006E-02 -1.3662E-03  1.7667E-07  2.6206E-06
  3.7678E-02 -1.4543E-03  1.8985E-07  2.8161E-06
  3.8362E-02 -1.5479E-03  2.0401E-07  3.0261E-06
  3.9058E-02 -1.6472E-03  2.1922E-07  3.2517E-06
  3.9766E-02 -1.7527E-03  2.3557E-07  3.4941E-06
  4.0487E-02 -1.8646E-03  2.5313E-07  3.7545E-06
  4.1222E-02 -1.9834E-03  2.7200E-07  4.0343E-06
  4.1969E-02 -2.1095E-03  2.9227E-07  4.3349E-06
  4.2730E-02 -2.2432E-03  3.1405E-07  4.6579E-06
  4.3505E-02 -2.3850E-03  3.3745E-07  5.0049E-06
  4.4293E-02 -2.5353E-03  3.6259E-07  5.3777E-06
  4.5096E-02 -2.6947E-03  3.8959E-07  5.7782E-06
  4.5913E-02 -2.8637E-03  4.1861E-07  6.2084E-06
  4.6745E-02 -3.0427E-03  4.4979E-07  6.6707E-06
  4.7592E-02 -3.2324E-03  4.8328E-07  7.1672E-06
  4.8454E-02 -3.4332E-03  5.1926E-07  7.7007E-06
  4.9332E-02 -3.6460E-03  5.5791E-07  8.2739E-06
  5.0225E-02 -3.8712E-03  5.9944E-07  8.8896E-06
  5.1134E-02 -4.1096E-03  6.4406E-07  9.5510E-06
  5.2060E-02 -4.3619E-03  6.9199E-07  1.0262E-05
  5.3003E-02 -4.6289E-03  7.4348E-07  1.1025E-05
  5.3962E-02 -4.9112E-03  7.9880E-07  1.1845E-05
  5.4939E-02 -5.2098E-03  8.5822E-07  1.2726E-05
  5.5933E-02 -5.5255E-03  9.2206E-07  1.3672E-05
  5.6946E-02 -5.8592E-03  9.9065E-07  1.4689E-05
  5.7976E-02 -6.2117E-03  1.0643E-06  1.5781E-05
  5.9025E-02 -6.5842E-03  1.1435E-06  1.6954E-05
  6.0093E-02 -6.9777E-03  1.2285E-06  1.8214E-05
  6.1180E-02 -7.3931E-03  1.3198E-06  1.9568E-05
  6.2287E-02 -7.8316E-03  1.4180E-06  2.1022E-05
  6.3413E-02 -8.2944E-03  1.5234E-06  2.2584E-05
  6.4560E-02 -8.7826E-03  1.6366E-06  2.4262E-05
  6.5728E-02 -9.2976E-03  1.7582E-06  2.6065E-05
  6.6916E-02 -9.8406E-03  1.8889E-06  2.8001E-05
  6.8126E-02 -1.0413E-02  2.0293E-06  3.0081E-05
  6.9358E-02 -1.1016E-02  2.1801E-06  3.2315E-05
  7.0612E-02 -1.1652E-02  2.3421E-06  3.4715E-05
  7.1888E-02 -1.2321E-02  2.5161E-06  3.7293E-05
  7.3188E-02 -1.3026E-02  2.7030E-06  4.0061E-05
  7.4510E-02 -1.3768E-02  2.9038E-06  4.3036E-05
  7.5857E-02 -1.4549E-02  3.1194E-06  4.6230E-05
  7.7228E-02 -1.5370E-02  3.3511E-06  4.9662E-05
  7.8623E-02 -1.6234E-02  3.6000E-06  5.3348E-05
  8.0044E-02 -1.7142E-02  3.8673E-06  5.7307E-05
  8.1490E-02 -1.8096E-02  4.1545E-06  6.1559E-05
  8.2962E-02 -1.9098E-02  4.4630E-06  6.6127E-05
  8.4461E-02 -2.0151E-02  4.7944E-06  7.1033E-05
  8.5987E-02 -2.1257E-02  5.1503E-06  7.6302E-05
  8.7540E-02 -2.2417E-02  5.5326E-06  8.1962E-05
  8.9121E-02 -2.3634E-02  5.9433E-06  8.8041E-05
  9.0730E-02 -2.4911E-02  6.3845E-06  9.4571E-05
  9.2369E-02 -2.6249E-02  6.8584E-06  1.0158E-04
  9.4037E-02 -2.7652E-02  7.3674E-06  1.0912E-04
  9.5735E-02 -2.9121E-02  7.9142E-06  1.1721E-04
  9.7464E-02 -3.0661E-02  8.5015E-06  1.2590E-04
  9.9223E-02 -3.2272E-02  9.1323E-06  1.3523E-04
  1.0101E-01 -3.3958E-02  9.8100E-06  1.4525E-04
  1.0284E-01 -3.5722E-02  1.0538E-05  1.5602E-04
  1.0469E-01 -3.7566E-02  1.1320E-05  1.6758E-04
  1.0658E-01 -3.9494E-02  1.2160E-05  1.8000E-04
  1.0851E-01 -4.1509E-02  1.3062E-05  1.9334E-04
  1.1047E-01 -4.3613E-02  1.4031E-05  2.0766E-04
  1.1246E-01 -4.5810E-02  1.5071E-05  2.2304E-04
  1.1449E-01 -4.8102E-02  1.6189E-05  2.3957E-04
  1.1656E-01 -5.0493E-02  1.7390E-05  2.5731E-04
  1.1866E-01 -5.2986E-02  1.8680E-05  2.7637E-04
  1.2080E-01 -5.5585E-02  2.0065E-05  2.9683E-04
  1.2298E-01 -5.8292E-02  2.1553E-05  3.1881E-04
  1.2520E-01 -6.1112E-02  2.3152E-05  3.4241E-04
  1.2746E-01 -6.4046E-02  2.4869E-05  3.6776E-04
  1.2976E-01 -6.7099E-02  2.6713E-05  3.9499E-04
  1.3210E-01 -7.0274E-02  2.8694E-05  4.2422E-04
  1.3448E-01 -7.3574E-02  3.0821E-05  4.5562E-04
  1.3691E-01 -7.7003E-02  3.3106E-05  4.8933E-04
  1.3938E-01 -8.0563E-02  3.5561E-05  5.2554E-04
  1.4189E-01 -8.4259E-02  3.8197E-05  5.6442E-04
  1.4445E-01 -8.8092E-02  4.1029E-05  6.0617E-04
  1.4706E-01 -9.2068E-02  4.4071E-05  6.5100E-04
  1.4971E-01 -9.6188E-02  4.7338E-05  6.9915E-04
  1.5241E-01 -1.0046E-01  5.0847E-05  7.5084E-04
  1.5516E-01 -1.0487E-01  5.4616E-05  8.0636E-04
  1.5796E-01 -1.0945E-01  5.8665E-05  8.6597E-04
  1.6080E-01 -1.1417E-01  6.3013E-05  9.2998E-04
  1.6370E-01 -1.1906E-01  6.7684E-05  9.9871E-04
  1.6666E-01 -1.2411E-01  7.2700E-05  1.0725E-03
  1.6966E-01 -1.2932E-01  7.8089E-05  1.1518E-03
  1.7272E-01 -1.3470E-01  8.3876E-05  1.2368E-03
  1.7583E-01 -1.4024E-01  9.0093E-05  1.3282E-03
  1.7900E-01 -1.4596E-01  9.6769E-05  1.4263E-03
  1.8223E-01 -1.5184E-01  1.0394E-04  1.5316E-03
  1.8552E-01 -1.5790E-01  1.1164E-04  1.6447E-03
  1.8886E-01 -1.6413E-01  1.1992E-04  1.7661E-03
  1.9227E-01 -1.7054E-01  1.2880E-04  1.8964E-03
  1.9573E-01 -1.7712E-01  1.3835E-04  2.0364E-03
  1.9926E-01 -1.8388E-01  1.4860E-04  2.1866E-03
  2.0285E-01 -1.9081E-01  1.5961E-04  2.3479E-03
  2.0651E-01 -1.9792E-01  1.7144E-04  2.5210E-03
  2.1023E-01 -2.0520E-01  1.8414E-04  2.7069E-03
  2.1402E-01 -2.1265E-01  1.9778E-04  2.9064E-03
  2.1788E-01 -2.2028E-01  2.1244E-04  3.1206E-03
  2.2181E-01 -2.2808E-01  2.2818E-04  3.3505E-03
  2.2580E-01 -2.3605E-01  2.4508E-04  3.5973E-03
  2.2987E-01 -2.4418E-01  2.6324E-04  3.8622E-03
  2.3402E-01 -2.5248E-01  2.8274E-04  4.1466E-03
  2.3823E-01 -2.6093E-01  3.0369E-04  4.4518E-03
  2.4253E-01 -2.6954E-01  3.2619E-04  4.7794E-03
  2.4690E-01 -2.7830E-01  3.5035E-04  5.1309E-03
  2.5135E-01 -2.8721E-01  3.7630E-04  5.5083E-03
  2.5588E-01 -2.9626E-01  4.0418E-04  5.9132E-03
  2.6049E-01 -3.0544E-01  4.3412E-04  6.3477E-03
  2.6518E-01 -3.1475E-01  4.6628E-04  6.8141E-03
  2.6996E-01 -3.2418E-01  5.0082E-04  7.3145E-03
  2.7482E-01 -3.3373E-01  5.3791E-04  7.8514E-03
  2.7977E-01 -3.4338E-01  5.7776E-04  8.4275E-03
  2.8482E-01 -3.5312E-01  6.2055E-04  9.0457E-03
  2.8995E-01 -3.6296E-01  6.6651E-04  9.7089E-03
  2.9517E-01 -3.7287E-01  7.1588E-04  1.0420E-02
  3.0049E-01 -3.8285E-01  7.6890E-04  1.1184E-02
  3.0590E-01 -3.9288E-01  8.2585E-04  1.2002E-02
  3.1141E-01 -4.0296E-01  8.8701E-04  1.2881E-02
  3.1702E-01 -4.1307E-01  9.5270E-04  1.3823E-02
  3.2274E-01 -4.2320E-01  1.0232E-03  1.4833E-02
  3.2855E-01 -4.3333E-01  1.0990E-03  1.5917E-02
  3.3447E-01 -4.4346E-01  1.1804E-03  1.7079E-02
  3.4049E-01 -4.5357E-01  1.2678E-03  1.8325E-02
  3.4663E-01 -4.6364E-01  1.3617E-03  1.9660E-02
  3.5287E-01 -4.7366E-01  1.4625E-03  2.1093E-02
  3.5923E-01 -4.8361E-01  1.5708E-03  2.2628E-02
  3.6570E-01 -4.9348E-01  1.6871E-03  2.4274E-02
  3.7229E-01 -5.0325E-01  1.8120E-03  2.6038E-02
  3.7899E-01 -5.1291E-01  1.9461E-03  2.7929E-02
  3.8582E-01 -5.2243E-01  2.0902E-03  2.9955E-02
  3.9277E-01 -5.3181E-01  2.2449E-03  3.2126E-02
  3.9985E-01 -5.4102E-01  2.4110E-03  3.4451E-02
  4.0705E-01 -5.5005E-01  2.5894E-03  3.6943E-02
  4.1438E-01 -5.5888E-01  2.7810E-03  3.9611E-02
  4.2184E-01 -5.6749E-01  2.9868E-03  4.2469E-02
  4.2944E-01 -5.7586E-01  3.2078E-03  4.5529E-02
  4.3718E-01 -5.8397E-01  3.4451E-03  4.8805E-02
  4.4505E-01 -5.9179E-01  3.6999E-03  5.2312E-02
  4.5306E-01 -5.9932E-01  3.9736E-03  5.6065E-02
  4.6122E-01 -6.0651E-01  4.2674E-03  6.0081E-02
  4.6953E-01 -6.1336E-01  4.5829E-03  6.4378E-02
  4.7799E-01 -6.1984E-01  4.9217E-03  6.8974E-02
  4.8660E-01 -6.2592E-01  5.2855E-03  7.3888E-02
  4.9536E-01 -6.3158E-01  5.6761E-03  7.9143E-02
  5.0428E-01 -6.3681E-01  6.0955E-03  8.4759E-02
  5.1336E-01 -6.4158E-01  6.5457E-03  9.0761E-02
  5.2261E-01 -6.4587E-01  7.0291E-03  9.7172E-02
  5.3202E-01 -6.4967E-01  7.5481E-03  1.0402E-01
  5.4160E-01 -6.5294E-01  8.1053E-03  1.1133E-01
  5.5135E-01 -6.5568E-01  8.7034E-03  1.1913E-01
  5.6128E-01 -6.5787E-01  9.3454E-03  1.2746E-01
  5.7139E-01 -6.5948E-01  1.0035E-02  1.3634E-01
  5.8168E-01 -6.6051E-01  1.0774E-02  1.4581E-01
  5.9215E-01 -6.6092E-01  1.1568E-02  1.5589E-01
  6.0282E-01 -6.6072E-01  1.2420E-02  1.6664E-01
  6.1367E-01 -6.5988E-01  1.3335E-02  1.7808E-01
  6.2472E-01 -6.5839E-01  1.4316E-02  1.9026E-01
  6.3597E-01 -6.5624E-01  1.5369E-02  2.0321E-01
  6.4742E-01 -6.5341E-01  1.6498E-02  2.1698E-01
  6.5908E-01 -6.4990E-01  1.7710E-02  2.3161E-01
  6.7095E-01 -6.4568E-01  1.9010E-02  2.4714E-01
  6.8303E-01 -6.4077E-01  2.0404E-02  2.6362E-01
  6.9533E-01 -6.3513E-01  2.1900E-02  2.8110E-01
  7.0785E-01 -6.2877E-01  2.3504E-02  2.9961E-01
  7.2060E-01 -6.2169E-01  2.5224E-02  3.1921E-01
  7.3357E-01 -6.1386E-01  2.7067E-02  3.3993E-01
  7.4678E-01 -6.0529E-01  2.9044E-02  3.6183E-01
  7.6023E-01 -5.9598E-01  3.1163E-02  3.8496E-01
  7.7391E-01 -5.8591E-01  3.3433E-02  4.0934E-01
  7.8785E-01 -5.7509E-01  3.5866E-02  4.3502E-01
  8.0203E-01 -5.6351E-01  3.8472E-02  4.6204E-01
  8.1648E-01 -5.5117E-01  4.1263E-02  4.9043E-01
  8.3118E-01 -5.3807E-01  4.4252E-02  5.2022E-01
  8.4614E-01 -5.2421E-01  4.7453E-02  5.5143E-01
  8.6138E-01 -5.0958E-01  5.0878E-02  5.8408E-01
  8.7688E-01 -4.9420E-01  5.4544E-02  6.1817E-01
  8.9267E-01 -4.7806E-01  5.8465E-02  6.5371E-01
  9.0874E-01 -4.6116E-01  6.2660E-02  6.9067E-01
  9.2511E-01 -4.4351E-01  6.7144E-02  7.2904E-01
  9.4176E-01 -4.2511E-01  7.1937E-02  7.6877E-01
  9.5872E-01 -4.0597E-01  7.7058E-02  8.0982E-01
  9.7598E-01 -3.8608E-01  8.2527E-02  8.5210E-01
  9.9355E-01 -3.6546E-01  8.8366E-02  8.9552E-01
  1.0114E+00 -3.4411E-01  9.4597E-02  9.3997E-01
  1.0296E+00 -3.2204E-01  1.0124E-01  9.8530E-01
  1.0482E+00 -2.9926E-01  1.0833E-01  1.0314E+00
  1.0671E+00 -2.7577E-01  1.1588E-01  1.0779E+00
  1.0863E+00 -2.5158E-01  1.2392E-01  1.1248E+00
  1.1058E+00 -2.2671E-01  1.3248E-01  1.1718E+00
  1.1257E+00 -2.0116E-01  1.4158E-01  1.2184E+00
  1.1460E+00 -1.7494E-01  1.5126E-01  1.2646E+00
  1.1666E+00 -1.4808E-01  1.6153E-01  1.3097E+00
  1.1876E+00 -1.2058E-01  1.7244E-01  1.3536E+00
  1.2090E+00 -9.2453E-02  1.8400E-01  1.3956E+00
  1.2308E+00 -6.3723E-02  1.9626E-01  1.4354E+00
  1.2529E+00 -3.4408E-02  2.0922E-01  1.4724E+00
  1.2755E+00 -4.5263E-03  2.2293E-01  1.5062E+00
  1.2985E+00  2.5898E-02  2.3742E-01  1.5360E+00
  1.3218E+00  5.6839E-02  2.5269E-01  1.5614E+00
  1.3456E+00  8.8270E-02  2.6879E-01  1.5817E+00
  1.3698E+00  1.2016E-01  2.8572E-01  1.5963E+00
  1.3945E+00  1.5248E-01  3.0352E-01  1.6046E+00
  1.4196E+00  1.8518E-01  3.2218E-01  1.6060E+00
  1.4452E+00  2.1824E-01  3.4173E-01  1.5999E+00
  1.4712E+00  2.5160E-01  3.6216E-01  1.5858E+00
  1.4977E+00  2.8522E-01  3.8348E-01  1.5633E+00
  1.5246E+00  3.1906E-01  4.0568E-01  1.5319E+00
  1.5521E+00  3.5305E-01  4.2874E-01  1.4914E+00
  1.5800E+00  3.8714E-01  4.5264E-01  1.4417E+00
  1.6085E+00  4.2128E-01  4.7734E-01  1.3828E+00
  1.6374E+00  4.5539E-01  5.0281E-01  1.3150E+00
  1.6669E+00  4.8940E-01  5.2898E-01  1.2386E+00
  1.6969E+00  5.2325E-01  5.5579E-01  1.1542E+00
  1.7274E+00  5.5685E-01  5.8315E-01  1.0629E+00
  1.7585E+00  5.9011E-01  6.1097E-01  9.6560E-01
  1.7902E+00  6.2297E-01  6.3914E-01  8.6388E-01
  1.8224E+00  6.5531E-01  6.6754E-01  7.5935E-01
  1.8552E+00  6.8704E-01  6.9601E-01  6.5390E-01
  1.8886E+00  7.1806E-01  7.2441E-01  5.4963E-01
  1.9226E+00  7.4826E-01  7.5257E-01  4.4877E-01
  1.9572E+00  7.7753E-01  7.8030E-01  3.5362E-01
  1.9925E+00  8.0575E-01  8.0741E-01  2.6647E-01
  2.0283E+00  8.3278E-01  8.3371E-01  1.8942E-01
  2.0648E+00  8.5852E-01  8.5897E-01  1.2430E-01
  2.1020E+00  8.8280E-01  8.8299E-01  7.2452E-02
  2.1399E+00  9.0551E-01  9.0557E-01  3.4557E-02
  2.1784E+00  9.2649E-01  9.2650E-01  1.0395E-02
  2.2176E+00  9.4559E-01  9.4559E-01 -1.3931E-03
  2.2575E+00  9.6265E-01  9.6265E-01 -3.5830E-03
  2.2981E+00  9.7752E-01  9.7752E-01 -6.2424E-04
  2.3395E+00  9.9002E-01  9.9002E-01  0.0000E+00
  2.3816E+00  1.0000E+00  1.0000E+00  0.0000E+00
  2.4245E+00  1.0073E+00  1.0073E+00  0.0000E+00
  2.4681E+00  1.0117E+00  1.0117E+00  0.0000E+00
  2.5126E+00  1.0131E+00  1.0131E+00  0.0000E+00
  2.5578E+00  1.0112E+00  1.0112E+00  0.0000E+00
  2.6038E+00  1.0060E+00  1.0060E+00  0.0000E+00
  2.6507E+00  9.9715E-01  9.9715E-01  0.0000E+00
  2.6984E+00  9.8463E-01  9.8463E-01  0.0000E+00
  2.7470E+00  9.6822E-01  9.6822E-01  0.0000E+00
  2.7964E+00  9.4779E-01  9.4779E-01  0.0000E+00
  2.8468E+00  9.2318E-01  9.2318E-01  0.0000E+00
  2.8980E+00  8.9430E-01  8.9430E-01  0.0000E+00
  2.9502E+00  8.6101E-01  8.6101E-01  0.0000E+00
  3.0033E+00  8.2325E-01  8.2325E-01  0.0000E+00
  3.0573E+00  7.8094E-01  7.8094E-01  0.0000E+00
  3.1124E+00  7.3406E-01  7.3406E-01  0.0000E+00
  3.1684E+00  6.8261E-01  6.8261E-01  0.0000E+00
  3.2254E+00  6.2660E-01  6.2660E-01  0.0000E+00
  3.2835E+00  5.6613E-01  5.6613E-01  0.0000E+00
  3.3426E+00  5.0130E-01  5.0130E-01  0.0000E+00
  3.4027E+00  4.3229E-01  4.3229E-01  0.0000E+00
  3.4640E+00  3.5934E-01  3.5934E-01  0.0000E+00
  3.5263E+00  2.8272E-01  2.8272E-01  0.0000E+00
  3.5898E+00  2.0279E-01  2.0279E-01  0.0000E+00
  3.6544E+00  1.1999E-01  1.1999E-01  0.0000E+00
  3.7202E+00  3.4810E-02  3.4810E-02  0.0000E+00
  3.7872E+00 -5.2168E-02 -5.2168E-02  0.0000E+00
  3.8553E+00 -1.4029E-01 -1.4029E-01  0.0000E+00
  3.9247E+00 -2.2880E-01 -2.2880E-01  0.0000E+00
  3.9954E+00 -3.1691E-01 -3.1691E-01  0.0000E+00
  4.0673E+00 -4.0369E-01 -4.0369E-01  0.0000E+00
  4.1405E+00 -4.8820E-01 -4.8820E-01  0.0000E+00
  4.2150E+00 -5.6940E-01 -5.6940E-01  0.0000E+00
  4.2909E+00 -6.4618E-01 -6.4618E-01  0.0000E+00
  4.3681E+00 -7.1742E-01 -7.1742E-01  0.0000E+00
  4.4468E+00 -7.8193E-01 -7.8193E-01  0.0000E+00
  4.5268E+00 -8.3855E-01 -8.3855E-01  0.0000E+00
  4.6083E+00 -8.8607E-01 -8.8607E-01  0.0000E+00
  4.6912E+00 -9.2334E-01 -9.2334E-01  0.0000E+00
  4.7757E+00 -9.4926E-01 -9.4926E-01  0.0000E+00
  4.8616E+00 -9.6282E-01 -9.6282E-01  0.0000E+00
  4.9491E+00 -9.6310E-01 -9.6310E-01  0.0000E+00
  5.0382E+00 -9.4935E-01 -9.4935E-01  0.0000E+00
  5.1289E+00 -9.2099E-01 -9.2099E-01  0.0000E+00
  5.2212E+00 -8.7765E-01 -8.7765E-01  0.0000E+00
  5.3152E+00 -8.1924E-01 -8.1924E-01  0.0000E+00
  5.4109E+00 -7.4593E-01 -7.4593E-01  0.0000E+00
  5.5083E+00 -6.5823E-01 -6.5823E-01  0.0000E+00
  5.6074E+00 -5.5698E-01 -5.5698E-01  0.0000E+00
  5.7083E+00 -4.4341E-01 -4.4341E-01  0.0000E+00
