 # l=           0 basis function with energy    -2.9833151931902417     
  0.0000E+00  0.0000E+00  0.0000E+00  0.0000E+00
  5.5354E-06  3.3280E-04  8.6537E-06 -7.3357E-05
  1.1171E-05  6.2848E-04  1.7463E-05 -1.4803E-04
  1.6907E-05  9.1456E-04  2.6431E-05 -2.2406E-04
  2.2747E-05  1.1962E-03  3.5561E-05 -3.0145E-04
  2.8692E-05  1.4756E-03  4.4854E-05 -3.8023E-04
  3.4743E-05  1.7543E-03  5.4315E-05 -4.6043E-04
  4.0904E-05  2.0332E-03  6.3947E-05 -5.4207E-04
  4.7176E-05  2.3128E-03  7.3751E-05 -6.2519E-04
  5.3560E-05  2.5936E-03  8.3732E-05 -7.0980E-04
  6.0060E-05  2.8760E-03  9.3893E-05 -7.9593E-04
  6.6676E-05  3.1603E-03  1.0424E-04 -8.8361E-04
  7.3412E-05  3.4468E-03  1.1477E-04 -9.7287E-04
  8.0268E-05  3.7356E-03  1.2549E-04 -1.0637E-03
  8.7249E-05  4.0270E-03  1.3640E-04 -1.1562E-03
  9.4354E-05  4.3211E-03  1.4751E-04 -1.2504E-03
  1.0159E-04  4.6181E-03  1.5882E-04 -1.3463E-03
  1.0895E-04  4.9181E-03  1.7033E-04 -1.4439E-03
  1.1645E-04  5.2213E-03  1.8205E-04 -1.5432E-03
  1.2408E-04  5.5277E-03  1.9398E-04 -1.6443E-03
  1.3185E-04  5.8375E-03  2.0612E-04 -1.7473E-03
  1.3976E-04  6.1508E-03  2.1849E-04 -1.8521E-03
  1.4781E-04  6.4677E-03  2.3107E-04 -1.9588E-03
  1.5600E-04  6.7883E-03  2.4388E-04 -2.0674E-03
  1.6435E-04  7.1126E-03  2.5693E-04 -2.1780E-03
  1.7284E-04  7.4409E-03  2.7021E-04 -2.2905E-03
  1.8149E-04  7.7731E-03  2.8372E-04 -2.4051E-03
  1.9029E-04  8.1094E-03  2.9748E-04 -2.5217E-03
  1.9925E-04  8.4498E-03  3.1149E-04 -2.6405E-03
  2.0837E-04  8.7945E-03  3.2575E-04 -2.7614E-03
  2.1766E-04  9.1435E-03  3.4027E-04 -2.8844E-03
  2.2711E-04  9.4969E-03  3.5504E-04 -3.0097E-03
  2.3673E-04  9.8547E-03  3.7009E-04 -3.1372E-03
  2.4653E-04  1.0217E-02  3.8540E-04 -3.2670E-03
  2.5650E-04  1.0584E-02  4.0099E-04 -3.3992E-03
  2.6665E-04  1.0956E-02  4.1686E-04 -3.5337E-03
  2.7699E-04  1.1333E-02  4.3302E-04 -3.6707E-03
  2.8751E-04  1.1714E-02  4.4947E-04 -3.8101E-03
  2.9822E-04  1.2101E-02  4.6621E-04 -3.9521E-03
  3.0912E-04  1.2492E-02  4.8326E-04 -4.0965E-03
  3.2022E-04  1.2889E-02  5.0061E-04 -4.2436E-03
  3.3152E-04  1.3291E-02  5.1827E-04 -4.3934E-03
  3.4302E-04  1.3698E-02  5.3625E-04 -4.5458E-03
  3.5473E-04  1.4111E-02  5.5456E-04 -4.7010E-03
  3.6665E-04  1.4528E-02  5.7319E-04 -4.8589E-03
  3.7878E-04  1.4952E-02  5.9216E-04 -5.0197E-03
  3.9114E-04  1.5381E-02  6.1147E-04 -5.1835E-03
  4.0371E-04  1.5816E-02  6.3113E-04 -5.3501E-03
  4.1651E-04  1.6256E-02  6.5115E-04 -5.5198E-03
  4.2955E-04  1.6703E-02  6.7152E-04 -5.6925E-03
  4.4281E-04  1.7155E-02  6.9226E-04 -5.8683E-03
  4.5632E-04  1.7614E-02  7.1337E-04 -6.0472E-03
  4.7007E-04  1.8078E-02  7.3487E-04 -6.2294E-03
  4.8406E-04  1.8549E-02  7.5675E-04 -6.4149E-03
  4.9831E-04  1.9025E-02  7.7902E-04 -6.6037E-03
  5.1281E-04  1.9509E-02  8.0170E-04 -6.7959E-03
  5.2758E-04  1.9998E-02  8.2478E-04 -6.9916E-03
  5.4261E-04  2.0494E-02  8.4828E-04 -7.1908E-03
  5.5791E-04  2.0997E-02  8.7220E-04 -7.3936E-03
  5.7349E-04  2.1506E-02  8.9655E-04 -7.6000E-03
  5.8934E-04  2.2022E-02  9.2134E-04 -7.8102E-03
  6.0549E-04  2.2545E-02  9.4658E-04 -8.0241E-03
  6.2192E-04  2.3075E-02  9.7227E-04 -8.2419E-03
  6.3865E-04  2.3611E-02  9.9842E-04 -8.4636E-03
  6.5568E-04  2.4155E-02  1.0250E-03 -8.6892E-03
  6.7302E-04  2.4706E-02  1.0521E-03 -8.9190E-03
  6.9066E-04  2.5264E-02  1.0797E-03 -9.1529E-03
  7.0863E-04  2.5829E-02  1.1078E-03 -9.3910E-03
  7.2692E-04  2.6402E-02  1.1364E-03 -9.6333E-03
  7.4554E-04  2.6982E-02  1.1655E-03 -9.8801E-03
  7.6449E-04  2.7570E-02  1.1952E-03 -1.0131E-02
  7.8379E-04  2.8165E-02  1.2253E-03 -1.0387E-02
  8.0343E-04  2.8768E-02  1.2560E-03 -1.0647E-02
  8.2343E-04  2.9379E-02  1.2873E-03 -1.0912E-02
  8.4378E-04  2.9997E-02  1.3191E-03 -1.1182E-02
  8.6450E-04  3.0624E-02  1.3515E-03 -1.1457E-02
  8.8560E-04  3.1258E-02  1.3845E-03 -1.1736E-02
  9.0707E-04  3.1901E-02  1.4181E-03 -1.2021E-02
  9.2893E-04  3.2552E-02  1.4522E-03 -1.2310E-02
  9.5119E-04  3.3210E-02  1.4870E-03 -1.2605E-02
  9.7384E-04  3.3878E-02  1.5224E-03 -1.2906E-02
  9.9691E-04  3.4553E-02  1.5585E-03 -1.3211E-02
  1.0204E-03  3.5237E-02  1.5952E-03 -1.3522E-02
  1.0443E-03  3.5929E-02  1.6326E-03 -1.3839E-02
  1.0686E-03  3.6630E-02  1.6706E-03 -1.4162E-02
  1.0934E-03  3.7340E-02  1.7093E-03 -1.4490E-02
  1.1186E-03  3.8058E-02  1.7487E-03 -1.4824E-02
  1.1443E-03  3.8785E-02  1.7889E-03 -1.5164E-02
  1.1704E-03  3.9521E-02  1.8297E-03 -1.5510E-02
  1.1970E-03  4.0266E-02  1.8713E-03 -1.5863E-02
  1.2241E-03  4.1020E-02  1.9136E-03 -1.6222E-02
  1.2516E-03  4.1782E-02  1.9567E-03 -1.6587E-02
  1.2797E-03  4.2554E-02  2.0006E-03 -1.6959E-02
  1.3083E-03  4.3335E-02  2.0453E-03 -1.7338E-02
  1.3374E-03  4.4125E-02  2.0907E-03 -1.7723E-02
  1.3670E-03  4.4924E-02  2.1370E-03 -1.8115E-02
  1.3971E-03  4.5732E-02  2.1841E-03 -1.8515E-02
  1.4278E-03  4.6550E-02  2.2321E-03 -1.8921E-02
  1.4590E-03  4.7377E-02  2.2809E-03 -1.9335E-02
  1.4908E-03  4.8213E-02  2.3306E-03 -1.9757E-02
  1.5232E-03  4.9059E-02  2.3812E-03 -2.0185E-02
  1.5561E-03  4.9914E-02  2.4327E-03 -2.0622E-02
  1.5897E-03  5.0778E-02  2.4852E-03 -2.1067E-02
  1.6238E-03  5.1652E-02  2.5386E-03 -2.1519E-02
  1.6586E-03  5.2536E-02  2.5929E-03 -2.1980E-02
  1.6940E-03  5.3429E-02  2.6482E-03 -2.2449E-02
  1.7300E-03  5.4332E-02  2.7045E-03 -2.2926E-02
  1.7667E-03  5.5244E-02  2.7619E-03 -2.3412E-02
  1.8040E-03  5.6165E-02  2.8202E-03 -2.3907E-02
  1.8420E-03  5.7096E-02  2.8796E-03 -2.4411E-02
  1.8807E-03  5.8037E-02  2.9401E-03 -2.4923E-02
  1.9201E-03  5.8987E-02  3.0017E-03 -2.5445E-02
  1.9602E-03  5.9947E-02  3.0644E-03 -2.5976E-02
  2.0010E-03  6.0916E-02  3.1282E-03 -2.6517E-02
  2.0425E-03  6.1894E-02  3.1931E-03 -2.7068E-02
  2.0848E-03  6.2882E-02  3.2593E-03 -2.7628E-02
  2.1279E-03  6.3880E-02  3.3266E-03 -2.8199E-02
  2.1717E-03  6.4886E-02  3.3951E-03 -2.8780E-02
  2.2163E-03  6.5902E-02  3.4649E-03 -2.9371E-02
  2.2618E-03  6.6927E-02  3.5359E-03 -2.9973E-02
  2.3080E-03  6.7961E-02  3.6082E-03 -3.0586E-02
  2.3551E-03  6.9005E-02  3.6818E-03 -3.1210E-02
  2.4030E-03  7.0057E-02  3.7567E-03 -3.1845E-02
  2.4518E-03  7.1118E-02  3.8329E-03 -3.2491E-02
  2.5015E-03  7.2188E-02  3.9106E-03 -3.3150E-02
  2.5520E-03  7.3266E-02  3.9896E-03 -3.3820E-02
  2.6035E-03  7.4354E-02  4.0701E-03 -3.4502E-02
  2.6559E-03  7.5449E-02  4.1520E-03 -3.5196E-02
  2.7092E-03  7.6553E-02  4.2354E-03 -3.5903E-02
  2.7635E-03  7.7665E-02  4.3203E-03 -3.6622E-02
  2.8188E-03  7.8785E-02  4.4067E-03 -3.7355E-02
  2.8750E-03  7.9913E-02  4.4946E-03 -3.8100E-02
  2.9323E-03  8.1048E-02  4.5842E-03 -3.8859E-02
  2.9906E-03  8.2191E-02  4.6753E-03 -3.9632E-02
  3.0500E-03  8.3341E-02  4.7681E-03 -4.0419E-02
  3.1104E-03  8.4498E-02  4.8626E-03 -4.1220E-02
  3.1720E-03  8.5662E-02  4.9588E-03 -4.2035E-02
  3.2346E-03  8.6832E-02  5.0567E-03 -4.2865E-02
  3.2983E-03  8.8009E-02  5.1563E-03 -4.3710E-02
  3.3632E-03  8.9192E-02  5.2578E-03 -4.4570E-02
  3.4293E-03  9.0380E-02  5.3611E-03 -4.5445E-02
  3.4966E-03  9.1574E-02  5.4662E-03 -4.6336E-02
  3.5650E-03  9.2773E-02  5.5733E-03 -4.7244E-02
  3.6347E-03  9.3977E-02  5.6822E-03 -4.8167E-02
  3.7057E-03  9.5186E-02  5.7932E-03 -4.9107E-02
  3.7779E-03  9.6398E-02  5.9061E-03 -5.0065E-02
  3.8514E-03  9.7614E-02  6.0210E-03 -5.1039E-02
  3.9263E-03  9.8834E-02  6.1380E-03 -5.2031E-02
  4.0025E-03  1.0006E-01  6.2572E-03 -5.3041E-02
  4.0801E-03  1.0128E-01  6.3784E-03 -5.4069E-02
  4.1590E-03  1.0251E-01  6.5019E-03 -5.5115E-02
  4.2394E-03  1.0374E-01  6.6276E-03 -5.6180E-02
  4.3213E-03  1.0497E-01  6.7555E-03 -5.7265E-02
  4.4046E-03  1.0620E-01  6.8857E-03 -5.8369E-02
  4.4894E-03  1.0743E-01  7.0183E-03 -5.9492E-02
  4.5757E-03  1.0866E-01  7.1533E-03 -6.0636E-02
  4.6636E-03  1.0988E-01  7.2907E-03 -6.1801E-02
  4.7531E-03  1.1111E-01  7.4306E-03 -6.2987E-02
  4.8442E-03  1.1233E-01  7.5729E-03 -6.4194E-02
  4.9369E-03  1.1356E-01  7.7179E-03 -6.5422E-02
  5.0313E-03  1.1477E-01  7.8655E-03 -6.6673E-02
  5.1274E-03  1.1599E-01  8.0157E-03 -6.7946E-02
  5.2252E-03  1.1720E-01  8.1686E-03 -6.9242E-02
  5.3248E-03  1.1840E-01  8.3243E-03 -7.0562E-02
  5.4261E-03  1.1959E-01  8.4827E-03 -7.1905E-02
  5.5293E-03  1.2078E-01  8.6441E-03 -7.3272E-02
  5.6344E-03  1.2196E-01  8.8083E-03 -7.4664E-02
  5.7413E-03  1.2313E-01  8.9755E-03 -7.6081E-02
  5.8502E-03  1.2429E-01  9.1457E-03 -7.7524E-02
  5.9610E-03  1.2544E-01  9.3189E-03 -7.8992E-02
  6.0739E-03  1.2658E-01  9.4953E-03 -8.0487E-02
  6.1887E-03  1.2771E-01  9.6748E-03 -8.2009E-02
  6.3056E-03  1.2882E-01  9.8576E-03 -8.3558E-02
  6.4247E-03  1.2992E-01  1.0044E-02 -8.5135E-02
  6.5458E-03  1.3100E-01  1.0233E-02 -8.6740E-02
  6.6692E-03  1.3206E-01  1.0426E-02 -8.8375E-02
  6.7947E-03  1.3311E-01  1.0622E-02 -9.0038E-02
  6.9226E-03  1.3413E-01  1.0822E-02 -9.1732E-02
  7.0527E-03  1.3514E-01  1.1025E-02 -9.3456E-02
  7.1852E-03  1.3612E-01  1.1233E-02 -9.5211E-02
  7.3200E-03  1.3708E-01  1.1443E-02 -9.6998E-02
  7.4573E-03  1.3802E-01  1.1658E-02 -9.8816E-02
  7.5971E-03  1.3893E-01  1.1876E-02 -1.0067E-01
  7.7393E-03  1.3981E-01  1.2099E-02 -1.0255E-01
  7.8842E-03  1.4067E-01  1.2325E-02 -1.0447E-01
  8.0316E-03  1.4149E-01  1.2556E-02 -1.0642E-01
  8.1817E-03  1.4229E-01  1.2790E-02 -1.0841E-01
  8.3345E-03  1.4305E-01  1.3029E-02 -1.1044E-01
  8.4900E-03  1.4378E-01  1.3272E-02 -1.1250E-01
  8.6484E-03  1.4447E-01  1.3520E-02 -1.1460E-01
  8.8095E-03  1.4512E-01  1.3772E-02 -1.1673E-01
  8.9736E-03  1.4573E-01  1.4028E-02 -1.1890E-01
  9.1407E-03  1.4631E-01  1.4289E-02 -1.2112E-01
  9.3107E-03  1.4684E-01  1.4555E-02 -1.2337E-01
  9.4839E-03  1.4732E-01  1.4826E-02 -1.2566E-01
  9.6601E-03  1.4776E-01  1.5101E-02 -1.2800E-01
  9.8395E-03  1.4815E-01  1.5382E-02 -1.3037E-01
  1.0022E-02  1.4850E-01  1.5667E-02 -1.3279E-01
  1.0208E-02  1.4879E-01  1.5958E-02 -1.3525E-01
  1.0397E-02  1.4902E-01  1.6254E-02 -1.3776E-01
  1.0590E-02  1.4920E-01  1.6555E-02 -1.4031E-01
  1.0786E-02  1.4933E-01  1.6861E-02 -1.4291E-01
  1.0986E-02  1.4939E-01  1.7174E-02 -1.4555E-01
  1.1189E-02  1.4940E-01  1.7491E-02 -1.4825E-01
  1.1396E-02  1.4933E-01  1.7815E-02 -1.5099E-01
  1.1607E-02  1.4921E-01  1.8144E-02 -1.5378E-01
  1.1821E-02  1.4901E-01  1.8479E-02 -1.5662E-01
  1.2039E-02  1.4875E-01  1.8820E-02 -1.5951E-01
  1.2262E-02  1.4841E-01  1.9168E-02 -1.6245E-01
  1.2488E-02  1.4800E-01  1.9521E-02 -1.6545E-01
  1.2718E-02  1.4752E-01  1.9881E-02 -1.6849E-01
  1.2952E-02  1.4695E-01  2.0248E-02 -1.7160E-01
  1.3191E-02  1.4630E-01  2.0621E-02 -1.7476E-01
  1.3434E-02  1.4558E-01  2.1000E-02 -1.7798E-01
  1.3681E-02  1.4476E-01  2.1387E-02 -1.8125E-01
  1.3933E-02  1.4386E-01  2.1781E-02 -1.8458E-01
  1.4189E-02  1.4287E-01  2.2181E-02 -1.8798E-01
  1.4450E-02  1.4179E-01  2.2589E-02 -1.9143E-01
  1.4716E-02  1.4061E-01  2.3004E-02 -1.9495E-01
  1.4986E-02  1.3934E-01  2.3427E-02 -1.9852E-01
  1.5262E-02  1.3797E-01  2.3857E-02 -2.0217E-01
  1.5542E-02  1.3650E-01  2.4295E-02 -2.0588E-01
  1.5827E-02  1.3493E-01  2.4741E-02 -2.0965E-01
  1.6118E-02  1.3325E-01  2.5195E-02 -2.1350E-01
  1.6413E-02  1.3147E-01  2.5657E-02 -2.1741E-01
  1.6714E-02  1.2958E-01  2.6127E-02 -2.2139E-01
  1.7020E-02  1.2758E-01  2.6606E-02 -2.2544E-01
  1.7332E-02  1.2547E-01  2.7093E-02 -2.2957E-01
  1.7650E-02  1.2324E-01  2.7589E-02 -2.3377E-01
  1.7973E-02  1.2090E-01  2.8094E-02 -2.3805E-01
  1.8302E-02  1.1844E-01  2.8609E-02 -2.4240E-01
  1.8637E-02  1.1586E-01  2.9132E-02 -2.4683E-01
  1.8978E-02  1.1316E-01  2.9665E-02 -2.5134E-01
  1.9325E-02  1.1033E-01  3.0207E-02 -2.5593E-01
  1.9678E-02  1.0739E-01  3.0759E-02 -2.6060E-01
  2.0038E-02  1.0432E-01  3.1321E-02 -2.6536E-01
  2.0404E-02  1.0112E-01  3.1894E-02 -2.7020E-01
  2.0777E-02  9.7796E-02  3.2476E-02 -2.7513E-01
  2.1157E-02  9.4345E-02  3.3069E-02 -2.8015E-01
  2.1543E-02  9.0765E-02  3.3673E-02 -2.8526E-01
  2.1936E-02  8.7056E-02  3.4287E-02 -2.9046E-01
  2.2337E-02  8.3218E-02  3.4913E-02 -2.9575E-01
  2.2744E-02  7.9250E-02  3.5550E-02 -3.0113E-01
  2.3159E-02  7.5151E-02  3.6198E-02 -3.0662E-01
  2.3581E-02  7.0923E-02  3.6858E-02 -3.1220E-01
  2.4011E-02  6.6566E-02  3.7529E-02 -3.1788E-01
  2.4449E-02  6.2079E-02  3.8213E-02 -3.2366E-01
  2.4895E-02  5.7464E-02  3.8909E-02 -3.2955E-01
  2.5348E-02  5.2721E-02  3.9618E-02 -3.3554E-01
  2.5810E-02  4.7852E-02  4.0339E-02 -3.4164E-01
  2.6280E-02  4.2858E-02  4.1074E-02 -3.4784E-01
  2.6759E-02  3.7740E-02  4.1821E-02 -3.5416E-01
  2.7246E-02  3.2501E-02  4.2582E-02 -3.6059E-01
  2.7742E-02  2.7143E-02  4.3357E-02 -3.6714E-01
  2.8246E-02  2.1668E-02  4.4145E-02 -3.7380E-01
  2.8760E-02  1.6079E-02  4.4948E-02 -3.8058E-01
  2.9283E-02  1.0378E-02  4.5765E-02 -3.8748E-01
  2.9816E-02  4.5704E-03  4.6597E-02 -3.9451E-01
  3.0358E-02 -1.3414E-03  4.7443E-02 -4.0166E-01
  3.0910E-02 -7.3530E-03  4.8305E-02 -4.0894E-01
  3.1472E-02 -1.3460E-02  4.9183E-02 -4.1634E-01
  3.2044E-02 -1.9658E-02  5.0076E-02 -4.2388E-01
  3.2626E-02 -2.5941E-02  5.0985E-02 -4.3156E-01
  3.3219E-02 -3.2305E-02  5.1911E-02 -4.3937E-01
  3.3822E-02 -3.8743E-02  5.2853E-02 -4.4731E-01
  3.4437E-02 -4.5249E-02  5.3812E-02 -4.5540E-01
  3.5062E-02 -5.1816E-02  5.4788E-02 -4.6364E-01
  3.5699E-02 -5.8437E-02  5.5782E-02 -4.7202E-01
  3.6347E-02 -6.5105E-02  5.6793E-02 -4.8055E-01
  3.7006E-02 -7.1812E-02  5.7823E-02 -4.8923E-01
  3.7678E-02 -7.8549E-02  5.8872E-02 -4.9806E-01
  3.8362E-02 -8.5309E-02  5.9939E-02 -5.0705E-01
  3.9058E-02 -9.2081E-02  6.1025E-02 -5.1620E-01
  3.9766E-02 -9.8856E-02  6.2130E-02 -5.2551E-01
  4.0487E-02 -1.0562E-01  6.3256E-02 -5.3499E-01
  4.1222E-02 -1.1237E-01  6.4402E-02 -5.4463E-01
  4.1969E-02 -1.1910E-01  6.5568E-02 -5.5445E-01
  4.2730E-02 -1.2578E-01  6.6755E-02 -5.6444E-01
  4.3505E-02 -1.3241E-01  6.7963E-02 -5.7460E-01
  4.4293E-02 -1.3898E-01  6.9193E-02 -5.8494E-01
  4.5096E-02 -1.4547E-01  7.0446E-02 -5.9547E-01
  4.5913E-02 -1.5187E-01  7.1720E-02 -6.0618E-01
  4.6745E-02 -1.5818E-01  7.3017E-02 -6.1708E-01
  4.7592E-02 -1.6436E-01  7.4338E-02 -6.2817E-01
  4.8454E-02 -1.7042E-01  7.5682E-02 -6.3945E-01
  4.9332E-02 -1.7633E-01  7.7051E-02 -6.5093E-01
  5.0225E-02 -1.8208E-01  7.8443E-02 -6.6262E-01
  5.1134E-02 -1.8765E-01  7.9861E-02 -6.7450E-01
  5.2060E-02 -1.9304E-01  8.1304E-02 -6.8660E-01
  5.3003E-02 -1.9823E-01  8.2773E-02 -6.9891E-01
  5.3962E-02 -2.0319E-01  8.4268E-02 -7.1143E-01
  5.4939E-02 -2.0791E-01  8.5790E-02 -7.2417E-01
  5.5933E-02 -2.1239E-01  8.7339E-02 -7.3713E-01
  5.6946E-02 -2.1659E-01  8.8916E-02 -7.5032E-01
  5.7976E-02 -2.2051E-01  9.0521E-02 -7.6374E-01
  5.9025E-02 -2.2413E-01  9.2154E-02 -7.7738E-01
  6.0093E-02 -2.2743E-01  9.3817E-02 -7.9127E-01
  6.1180E-02 -2.3039E-01  9.5510E-02 -8.0539E-01
  6.2287E-02 -2.3301E-01  9.7232E-02 -8.1976E-01
  6.3413E-02 -2.3526E-01  9.8985E-02 -8.3438E-01
  6.4560E-02 -2.3712E-01  1.0077E-01 -8.4925E-01
  6.5728E-02 -2.3859E-01  1.0259E-01 -8.6437E-01
  6.6916E-02 -2.3965E-01  1.0444E-01 -8.7975E-01
  6.8126E-02 -2.4028E-01  1.0632E-01 -8.9540E-01
  6.9358E-02 -2.4046E-01  1.0823E-01 -9.1131E-01
  7.0612E-02 -2.4019E-01  1.1018E-01 -9.2750E-01
  7.1888E-02 -2.3945E-01  1.1217E-01 -9.4396E-01
  7.3188E-02 -2.3823E-01  1.1418E-01 -9.6069E-01
  7.4510E-02 -2.3651E-01  1.1624E-01 -9.7772E-01
  7.5857E-02 -2.3429E-01  1.1833E-01 -9.9503E-01
  7.7228E-02 -2.3155E-01  1.2046E-01 -1.0126E+00
  7.8623E-02 -2.2829E-01  1.2263E-01 -1.0305E+00
  8.0044E-02 -2.2449E-01  1.2483E-01 -1.0487E+00
  8.1490E-02 -2.2016E-01  1.2708E-01 -1.0672E+00
  8.2962E-02 -2.1527E-01  1.2936E-01 -1.0860E+00
  8.4461E-02 -2.0984E-01  1.3168E-01 -1.1052E+00
  8.5987E-02 -2.0385E-01  1.3405E-01 -1.1246E+00
  8.7540E-02 -1.9730E-01  1.3646E-01 -1.1444E+00
  8.9121E-02 -1.9020E-01  1.3891E-01 -1.1644E+00
  9.0730E-02 -1.8254E-01  1.4140E-01 -1.1849E+00
  9.2369E-02 -1.7432E-01  1.4394E-01 -1.2056E+00
  9.4037E-02 -1.6556E-01  1.4652E-01 -1.2267E+00
  9.5735E-02 -1.5625E-01  1.4915E-01 -1.2481E+00
  9.7464E-02 -1.4641E-01  1.5182E-01 -1.2699E+00
  9.9223E-02 -1.3604E-01  1.5454E-01 -1.2920E+00
  1.0101E-01 -1.2516E-01  1.5731E-01 -1.3145E+00
  1.0284E-01 -1.1378E-01  1.6013E-01 -1.3373E+00
  1.0469E-01 -1.0191E-01  1.6300E-01 -1.3605E+00
  1.0658E-01 -8.9577E-02  1.6591E-01 -1.3841E+00
  1.0851E-01 -7.6799E-02  1.6888E-01 -1.4080E+00
  1.1047E-01 -6.3596E-02  1.7190E-01 -1.4324E+00
  1.1246E-01 -4.9995E-02  1.7498E-01 -1.4570E+00
  1.1449E-01 -3.6021E-02  1.7810E-01 -1.4821E+00
  1.1656E-01 -2.1703E-02  1.8128E-01 -1.5076E+00
  1.1866E-01 -7.0725E-03  1.8452E-01 -1.5334E+00
  1.2080E-01  7.8374E-03  1.8781E-01 -1.5596E+00
  1.2298E-01  2.2991E-02  1.9116E-01 -1.5862E+00
  1.2520E-01  3.8352E-02  1.9457E-01 -1.6133E+00
  1.2746E-01  5.3879E-02  1.9804E-01 -1.6407E+00
  1.2976E-01  6.9531E-02  2.0157E-01 -1.6685E+00
  1.3210E-01  8.5265E-02  2.0516E-01 -1.6967E+00
  1.3448E-01  1.0104E-01  2.0881E-01 -1.7253E+00
  1.3691E-01  1.1679E-01  2.1252E-01 -1.7544E+00
  1.3938E-01  1.3249E-01  2.1630E-01 -1.7838E+00
  1.4189E-01  1.4808E-01  2.2014E-01 -1.8136E+00
  1.4445E-01  1.6351E-01  2.2405E-01 -1.8439E+00
  1.4706E-01  1.7872E-01  2.2803E-01 -1.8746E+00
  1.4971E-01  1.9365E-01  2.3207E-01 -1.9056E+00
  1.5241E-01  2.0827E-01  2.3618E-01 -1.9371E+00
  1.5516E-01  2.2250E-01  2.4037E-01 -1.9690E+00
  1.5796E-01  2.3629E-01  2.4462E-01 -2.0013E+00
  1.6080E-01  2.4958E-01  2.4895E-01 -2.0341E+00
  1.6370E-01  2.6232E-01  2.5334E-01 -2.0672E+00
  1.6666E-01  2.7445E-01  2.5782E-01 -2.1007E+00
  1.6966E-01  2.8590E-01  2.6237E-01 -2.1346E+00
  1.7272E-01  2.9664E-01  2.6699E-01 -2.1689E+00
  1.7583E-01  3.0658E-01  2.7169E-01 -2.2036E+00
  1.7900E-01  3.1569E-01  2.7647E-01 -2.2387E+00
  1.8223E-01  3.2391E-01  2.8133E-01 -2.2742E+00
  1.8552E-01  3.3119E-01  2.8628E-01 -2.3101E+00
  1.8886E-01  3.3747E-01  2.9130E-01 -2.3463E+00
  1.9227E-01  3.4271E-01  2.9641E-01 -2.3829E+00
  1.9573E-01  3.4686E-01  3.0159E-01 -2.4198E+00
  1.9926E-01  3.4988E-01  3.0687E-01 -2.4571E+00
  2.0285E-01  3.5172E-01  3.1223E-01 -2.4946E+00
  2.0651E-01  3.5236E-01  3.1768E-01 -2.5325E+00
  2.1023E-01  3.5176E-01  3.2322E-01 -2.5708E+00
  2.1402E-01  3.4989E-01  3.2884E-01 -2.6093E+00
  2.1788E-01  3.4672E-01  3.3456E-01 -2.6480E+00
  2.2181E-01  3.4224E-01  3.4036E-01 -2.6870E+00
  2.2580E-01  3.3642E-01  3.4626E-01 -2.7263E+00
  2.2987E-01  3.2926E-01  3.5226E-01 -2.7658E+00
  2.3402E-01  3.2076E-01  3.5835E-01 -2.8054E+00
  2.3823E-01  3.1090E-01  3.6453E-01 -2.8453E+00
  2.4253E-01  2.9970E-01  3.7081E-01 -2.8852E+00
  2.4690E-01  2.8717E-01  3.7718E-01 -2.9253E+00
  2.5135E-01  2.7332E-01  3.8366E-01 -2.9655E+00
  2.5588E-01  2.5818E-01  3.9023E-01 -3.0057E+00
  2.6049E-01  2.4178E-01  3.9691E-01 -3.0460E+00
  2.6518E-01  2.2414E-01  4.0368E-01 -3.0862E+00
  2.6996E-01  2.0531E-01  4.1056E-01 -3.1264E+00
  2.7482E-01  1.8535E-01  4.1754E-01 -3.1665E+00
  2.7977E-01  1.6429E-01  4.2462E-01 -3.2065E+00
  2.8482E-01  1.4221E-01  4.3180E-01 -3.2463E+00
  2.8995E-01  1.1917E-01  4.3909E-01 -3.2858E+00
  2.9517E-01  9.5236E-02  4.4648E-01 -3.3251E+00
  3.0049E-01  7.0492E-02  4.5398E-01 -3.3640E+00
  3.0590E-01  4.5019E-02  4.6159E-01 -3.4026E+00
  3.1141E-01  1.8907E-02  4.6930E-01 -3.4406E+00
  3.1702E-01 -7.7505E-03  4.7711E-01 -3.4782E+00
  3.2274E-01 -3.4855E-02  4.8503E-01 -3.5151E+00
  3.2855E-01 -6.2302E-02  4.9306E-01 -3.5514E+00
  3.3447E-01 -8.9985E-02  5.0120E-01 -3.5870E+00
  3.4049E-01 -1.1779E-01  5.0944E-01 -3.6217E+00
  3.4663E-01 -1.4561E-01  5.1779E-01 -3.6555E+00
  3.5287E-01 -1.7332E-01  5.2624E-01 -3.6883E+00
  3.5923E-01 -2.0080E-01  5.3480E-01 -3.7200E+00
  3.6570E-01 -2.2794E-01  5.4347E-01 -3.7505E+00
  3.7229E-01 -2.5461E-01  5.5223E-01 -3.7797E+00
  3.7899E-01 -2.8068E-01  5.6111E-01 -3.8075E+00
  3.8582E-01 -3.0603E-01  5.7008E-01 -3.8337E+00
  3.9277E-01 -3.3055E-01  5.7916E-01 -3.8583E+00
  3.9985E-01 -3.5410E-01  5.8833E-01 -3.8811E+00
  4.0705E-01 -3.7658E-01  5.9760E-01 -3.9020E+00
  4.1438E-01 -3.9786E-01  6.0698E-01 -3.9209E+00
  4.2184E-01 -4.1783E-01  6.1644E-01 -3.9376E+00
  4.2944E-01 -4.3637E-01  6.2600E-01 -3.9519E+00
  4.3718E-01 -4.5338E-01  6.3565E-01 -3.9637E+00
  4.4505E-01 -4.6876E-01  6.4539E-01 -3.9729E+00
  4.5306E-01 -4.8240E-01  6.5521E-01 -3.9792E+00
  4.6122E-01 -4.9421E-01  6.6512E-01 -3.9826E+00
  4.6953E-01 -5.0411E-01  6.7510E-01 -3.9827E+00
  4.7799E-01 -5.1202E-01  6.8516E-01 -3.9795E+00
  4.8660E-01 -5.1786E-01  6.9529E-01 -3.9727E+00
  4.9536E-01 -5.2156E-01  7.0549E-01 -3.9621E+00
  5.0428E-01 -5.2309E-01  7.1576E-01 -3.9476E+00
  5.1336E-01 -5.2238E-01  7.2608E-01 -3.9289E+00
  5.2261E-01 -5.1941E-01  7.3645E-01 -3.9059E+00
  5.3202E-01 -5.1415E-01  7.4687E-01 -3.8782E+00
  5.4160E-01 -5.0658E-01  7.5734E-01 -3.8457E+00
  5.5135E-01 -4.9670E-01  7.6783E-01 -3.8081E+00
  5.6128E-01 -4.8451E-01  7.7836E-01 -3.7653E+00
  5.7139E-01 -4.7003E-01  7.8891E-01 -3.7170E+00
  5.8168E-01 -4.5328E-01  7.9947E-01 -3.6629E+00
  5.9215E-01 -4.3430E-01  8.1003E-01 -3.6029E+00
  6.0282E-01 -4.1314E-01  8.2060E-01 -3.5367E+00
  6.1367E-01 -3.8984E-01  8.3115E-01 -3.4641E+00
  6.2472E-01 -3.6449E-01  8.4168E-01 -3.3849E+00
  6.3597E-01 -3.3715E-01  8.5217E-01 -3.2988E+00
  6.4742E-01 -3.0791E-01  8.6262E-01 -3.2057E+00
  6.5908E-01 -2.7686E-01  8.7302E-01 -3.1054E+00
  6.7095E-01 -2.4412E-01  8.8335E-01 -2.9976E+00
  6.8303E-01 -2.0977E-01  8.9360E-01 -2.8823E+00
  6.9533E-01 -1.7396E-01  9.0376E-01 -2.7593E+00
  7.0785E-01 -1.3679E-01  9.1382E-01 -2.6284E+00
  7.2060E-01 -9.8406E-02  9.2375E-01 -2.4895E+00
  7.3357E-01 -5.8936E-02  9.3354E-01 -2.3427E+00
  7.4678E-01 -1.8521E-02  9.4319E-01 -2.1877E+00
  7.6023E-01  2.2694E-02  9.5266E-01 -2.0248E+00
  7.7391E-01  6.4562E-02  9.6195E-01 -1.8537E+00
  7.8785E-01  1.0693E-01  9.7104E-01 -1.6747E+00
  8.0203E-01  1.4966E-01  9.7990E-01 -1.4879E+00
  8.1648E-01  1.9258E-01  9.8852E-01 -1.2934E+00
  8.3118E-01  2.3555E-01  9.9688E-01 -1.0916E+00
  8.4614E-01  2.7841E-01  1.0050E+00 -8.8255E-01
  8.6138E-01  3.2103E-01  1.0127E+00 -6.6680E-01
  8.7688E-01  3.6324E-01  1.0202E+00 -4.4474E-01
  8.9267E-01  4.0490E-01  1.0273E+00 -2.1689E-01
  9.0874E-01  4.4587E-01  1.0340E+00  1.6143E-02
  9.2511E-01  4.8602E-01  1.0403E+00  2.5367E-01
  9.4176E-01  5.2521E-01  1.0462E+00  4.9490E-01
  9.5872E-01  5.6332E-01  1.0517E+00  7.3897E-01
  9.7598E-01  6.0022E-01  1.0566E+00  9.8489E-01
  9.9355E-01  6.3580E-01  1.0611E+00  1.2316E+00
  1.0114E+00  6.6995E-01  1.0651E+00  1.4779E+00
  1.0296E+00  7.0257E-01  1.0685E+00  1.7225E+00
  1.0482E+00  7.3358E-01  1.0713E+00  1.9641E+00
  1.0671E+00  7.6288E-01  1.0735E+00  2.2012E+00
  1.0863E+00  7.9041E-01  1.0751E+00  2.4321E+00
  1.1058E+00  8.1609E-01  1.0760E+00  2.6553E+00
  1.1257E+00  8.3986E-01  1.0762E+00  2.8690E+00
  1.1460E+00  8.6167E-01  1.0757E+00  3.0713E+00
  1.1666E+00  8.8148E-01  1.0745E+00  3.2606E+00
  1.1876E+00  8.9925E-01  1.0724E+00  3.4348E+00
  1.2090E+00  9.1496E-01  1.0696E+00  3.5921E+00
  1.2308E+00  9.2858E-01  1.0660E+00  3.7305E+00
  1.2529E+00  9.4011E-01  1.0616E+00  3.8484E+00
  1.2755E+00  9.4955E-01  1.0563E+00  3.9437E+00
  1.2985E+00  9.5689E-01  1.0501E+00  4.0150E+00
  1.3218E+00  9.6215E-01  1.0430E+00  4.0606E+00
  1.3456E+00  9.6535E-01  1.0349E+00  4.0792E+00
  1.3698E+00  9.6652E-01  1.0260E+00  4.0698E+00
  1.3945E+00  9.6570E-01  1.0161E+00  4.0314E+00
  1.4196E+00  9.6294E-01  1.0053E+00  3.9635E+00
  1.4452E+00  9.5828E-01  9.9357E-01  3.8660E+00
  1.4712E+00  9.5179E-01  9.8086E-01  3.7392E+00
  1.4977E+00  9.4352E-01  9.6721E-01  3.5839E+00
  1.5246E+00  9.3356E-01  9.5262E-01  3.4013E+00
  1.5521E+00  9.2197E-01  9.3710E-01  3.1933E+00
  1.5800E+00  9.0885E-01  9.2068E-01  2.9624E+00
  1.6085E+00  8.9427E-01  9.0337E-01  2.7116E+00
  1.6374E+00  8.7833E-01  8.8519E-01  2.4446E+00
  1.6669E+00  8.6112E-01  8.6619E-01  2.1657E+00
  1.6969E+00  8.4274E-01  8.4639E-01  1.8798E+00
  1.7274E+00  8.2328E-01  8.2584E-01  1.5922E+00
  1.7585E+00  8.0286E-01  8.0459E-01  1.3088E+00
  1.7902E+00  7.8156E-01  7.8269E-01  1.0356E+00
  1.8224E+00  7.5950E-01  7.6020E-01  7.7870E-01
  1.8552E+00  7.3676E-01  7.3717E-01  5.4405E-01
  1.8886E+00  7.1346E-01  7.1368E-01  3.3713E-01
  1.9226E+00  6.8970E-01  6.8981E-01  1.6261E-01
  1.9572E+00  6.6557E-01  6.6561E-01  2.3990E-02
  1.9925E+00  6.4117E-01  6.4118E-01 -7.6823E-02
  2.0283E+00  6.1659E-01  6.1659E-01 -1.3989E-01
  2.0648E+00  5.9193E-01  5.9192E-01 -1.6759E-01
  2.1020E+00  5.6726E-01  5.6726E-01 -1.6481E-01
  2.1399E+00  5.4268E-01  5.4268E-01 -1.3895E-01
  2.1784E+00  5.1826E-01  5.1826E-01 -9.9552E-02
  2.2176E+00  4.9407E-01  4.9407E-01 -5.7438E-02
  2.2575E+00  4.7020E-01  4.7020E-01 -2.3046E-02
  2.2981E+00  4.4669E-01  4.4669E-01 -3.7501E-03
  2.3395E+00  4.2361E-01  4.2361E-01  0.0000E+00
  2.3816E+00  4.0101E-01  4.0101E-01  0.0000E+00
  2.4245E+00  3.7895E-01  3.7895E-01  0.0000E+00
  2.4681E+00  3.5746E-01  3.5746E-01  0.0000E+00
  2.5126E+00  3.3660E-01  3.3660E-01  0.0000E+00
  2.5578E+00  3.1638E-01  3.1638E-01  0.0000E+00
  2.6038E+00  2.9684E-01  2.9684E-01  0.0000E+00
  2.6507E+00  2.7800E-01  2.7800E-01  0.0000E+00
  2.6984E+00  2.5988E-01  2.5988E-01  0.0000E+00
  2.7470E+00  2.4250E-01  2.4250E-01  0.0000E+00
  2.7964E+00  2.2587E-01  2.2587E-01  0.0000E+00
  2.8468E+00  2.0998E-01  2.0998E-01  0.0000E+00
  2.8980E+00  1.9485E-01  1.9485E-01  0.0000E+00
  2.9502E+00  1.8047E-01  1.8047E-01  0.0000E+00
  3.0033E+00  1.6683E-01  1.6683E-01  0.0000E+00
  3.0573E+00  1.5393E-01  1.5393E-01  0.0000E+00
  3.1124E+00  1.4175E-01  1.4175E-01  0.0000E+00
  3.1684E+00  1.3029E-01  1.3029E-01  0.0000E+00
  3.2254E+00  1.1952E-01  1.1952E-01  0.0000E+00
  3.2835E+00  1.0942E-01  1.0942E-01  0.0000E+00
  3.3426E+00  9.9975E-02  9.9975E-02  0.0000E+00
  3.4027E+00  9.1160E-02  9.1160E-02  0.0000E+00
  3.4640E+00  8.2952E-02  8.2952E-02  0.0000E+00
  3.5263E+00  7.5327E-02  7.5327E-02  0.0000E+00
  3.5898E+00  6.8259E-02  6.8259E-02  0.0000E+00
  3.6544E+00  6.1721E-02  6.1721E-02  0.0000E+00
  3.7202E+00  5.5689E-02  5.5689E-02  0.0000E+00
  3.7872E+00  5.0135E-02  5.0135E-02  0.0000E+00
  3.8553E+00  4.5034E-02  4.5034E-02  0.0000E+00
  3.9247E+00  4.0360E-02  4.0360E-02  0.0000E+00
  3.9954E+00  3.6088E-02  3.6088E-02  0.0000E+00
  4.0673E+00  3.2191E-02  3.2191E-02  0.0000E+00
  4.1405E+00  2.8647E-02  2.8647E-02  0.0000E+00
  4.2150E+00  2.5431E-02  2.5431E-02  0.0000E+00
  4.2909E+00  2.2520E-02  2.2520E-02  0.0000E+00
  4.3681E+00  1.9891E-02  1.9891E-02  0.0000E+00
  4.4468E+00  1.7525E-02  1.7525E-02  0.0000E+00
  4.5268E+00  1.5399E-02  1.5399E-02  0.0000E+00
  4.6083E+00  1.3496E-02  1.3496E-02  0.0000E+00
  4.6912E+00  1.1795E-02  1.1795E-02  0.0000E+00
  4.7757E+00  1.0281E-02  1.0281E-02  0.0000E+00
  4.8616E+00  8.9357E-03  8.9357E-03  0.0000E+00
  4.9491E+00  7.7443E-03  7.7443E-03  0.0000E+00
  5.0382E+00  6.6922E-03  6.6922E-03  0.0000E+00
  5.1289E+00  5.7659E-03  5.7659E-03  0.0000E+00
  5.2212E+00  4.9530E-03  4.9530E-03  0.0000E+00
  5.3152E+00  4.2416E-03  4.2416E-03  0.0000E+00
  5.4109E+00  3.6211E-03  3.6211E-03  0.0000E+00
  5.5083E+00  3.0816E-03  3.0816E-03  0.0000E+00
  5.6074E+00  2.6141E-03  2.6141E-03  0.0000E+00
  5.7083E+00  2.2104E-03  2.2104E-03  0.0000E+00
