 # l=           2 energy=  -4.9859719438877761     
  0.0000E+00  0.0000E+00  0.0000E+00  0.0000E+00
  5.5354E-06  1.2507E-17  4.2359E-13  6.4735E-13
  1.1171E-05  1.0278E-16  2.6526E-12  4.0537E-12
  1.6907E-05  3.5637E-16  7.8366E-12  1.1976E-11
  2.2747E-05  8.6788E-16  1.7023E-11  2.6013E-11
  2.8692E-05  1.7417E-15  3.1243E-11  4.7743E-11
  3.4743E-05  3.0926E-15  5.1548E-11  7.8772E-11
  4.0904E-05  5.0467E-15  7.9023E-11  1.2076E-10
  4.7176E-05  7.7422E-15  1.1480E-10  1.7543E-10
  5.3560E-05  1.1330E-14  1.6007E-10  2.4461E-10
  6.0060E-05  1.5976E-14  2.1609E-10  3.3021E-10
  6.6676E-05  2.1858E-14  2.8417E-10  4.3425E-10
  7.3412E-05  2.9174E-14  3.6573E-10  5.5888E-10
  8.0268E-05  3.8136E-14  4.6224E-10  7.0635E-10
  8.7249E-05  4.8975E-14  5.7527E-10  8.7909E-10
  9.4354E-05  6.1943E-14  7.0651E-10  1.0796E-09
  1.0159E-04  7.7309E-14  8.5773E-10  1.3107E-09
  1.0895E-04  9.5369E-14  1.0308E-09  1.5752E-09
  1.1645E-04  1.1644E-13  1.2277E-09  1.8761E-09
  1.2408E-04  1.4087E-13  1.4507E-09  2.2168E-09
  1.3185E-04  1.6902E-13  1.7019E-09  2.6006E-09
  1.3976E-04  2.0129E-13  1.9837E-09  3.0313E-09
  1.4781E-04  2.3812E-13  2.2987E-09  3.5127E-09
  1.5600E-04  2.7997E-13  2.6496E-09  4.0489E-09
  1.6435E-04  3.2733E-13  3.0393E-09  4.6444E-09
  1.7284E-04  3.8075E-13  3.4708E-09  5.3037E-09
  1.8149E-04  4.4079E-13  3.9473E-09  6.0319E-09
  1.9029E-04  5.0809E-13  4.4724E-09  6.8342E-09
  1.9925E-04  5.8329E-13  5.0495E-09  7.7162E-09
  2.0837E-04  6.6713E-13  5.6826E-09  8.6837E-09
  2.1766E-04  7.6035E-13  6.3758E-09  9.7429E-09
  2.2711E-04  8.6378E-13  7.1335E-09  1.0901E-08
  2.3673E-04  9.7830E-13  7.9601E-09  1.2164E-08
  2.4653E-04  1.1048E-12  8.8607E-09  1.3540E-08
  2.5650E-04  1.2444E-12  9.8403E-09  1.5037E-08
  2.6665E-04  1.3981E-12  1.0904E-08  1.6663E-08
  2.7699E-04  1.5670E-12  1.2059E-08  1.8427E-08
  2.8751E-04  1.7525E-12  1.3310E-08  2.0339E-08
  2.9822E-04  1.9557E-12  1.4664E-08  2.2408E-08
  3.0912E-04  2.1781E-12  1.6128E-08  2.4645E-08
  3.2022E-04  2.4213E-12  1.7709E-08  2.7061E-08
  3.3152E-04  2.6867E-12  1.9415E-08  2.9668E-08
  3.4302E-04  2.9762E-12  2.1254E-08  3.2478E-08
  3.5473E-04  3.2915E-12  2.3235E-08  3.5505E-08
  3.6665E-04  3.6346E-12  2.5367E-08  3.8763E-08
  3.7878E-04  4.0076E-12  2.7659E-08  4.2266E-08
  3.9114E-04  4.4126E-12  3.0123E-08  4.6030E-08
  4.0371E-04  4.8520E-12  3.2768E-08  5.0072E-08
  4.1651E-04  5.3283E-12  3.5606E-08  5.4408E-08
  4.2955E-04  5.8443E-12  3.8649E-08  5.9058E-08
  4.4281E-04  6.4027E-12  4.1910E-08  6.4042E-08
  4.5632E-04  7.0066E-12  4.5403E-08  6.9379E-08
  4.7007E-04  7.6591E-12  4.9142E-08  7.5092E-08
  4.8406E-04  8.3638E-12  5.3141E-08  8.1204E-08
  4.9831E-04  9.1243E-12  5.7418E-08  8.7739E-08
  5.1281E-04  9.9445E-12  6.1989E-08  9.4724E-08
  5.2758E-04  1.0828E-11  6.6871E-08  1.0218E-07
  5.4261E-04  1.1781E-11  7.2084E-08  1.1015E-07
  5.5791E-04  1.2806E-11  7.7648E-08  1.1865E-07
  5.7349E-04  1.3908E-11  8.3583E-08  1.2772E-07
  5.8934E-04  1.5094E-11  8.9912E-08  1.3739E-07
  6.0549E-04  1.6369E-11  9.6658E-08  1.4770E-07
  6.2192E-04  1.7738E-11  1.0385E-07  1.5868E-07
  6.3865E-04  1.9208E-11  1.1150E-07  1.7038E-07
  6.5568E-04  2.0786E-11  1.1965E-07  1.8284E-07
  6.7302E-04  2.2479E-11  1.2833E-07  1.9610E-07
  6.9066E-04  2.4294E-11  1.3756E-07  2.1021E-07
  7.0863E-04  2.6240E-11  1.4739E-07  2.2521E-07
  7.2692E-04  2.8325E-11  1.5783E-07  2.4117E-07
  7.4554E-04  3.0557E-11  1.6893E-07  2.5814E-07
  7.6449E-04  3.2948E-11  1.8073E-07  2.7617E-07
  7.8379E-04  3.5506E-11  1.9327E-07  2.9532E-07
  8.0343E-04  3.8243E-11  2.0658E-07  3.1567E-07
  8.2343E-04  4.1170E-11  2.2072E-07  3.3728E-07
  8.4378E-04  4.4299E-11  2.3574E-07  3.6022E-07
  8.6450E-04  4.7644E-11  2.5167E-07  3.8457E-07
  8.8560E-04  5.1217E-11  2.6858E-07  4.1041E-07
  9.0707E-04  5.5034E-11  2.8652E-07  4.3782E-07
  9.2893E-04  5.9110E-11  3.0555E-07  4.6690E-07
  9.5119E-04  6.3461E-11  3.2573E-07  4.9773E-07
  9.7384E-04  6.8104E-11  3.4712E-07  5.3042E-07
  9.9691E-04  7.3058E-11  3.6980E-07  5.6508E-07
  1.0204E-03  7.8342E-11  3.9384E-07  6.0181E-07
  1.0443E-03  8.3977E-11  4.1931E-07  6.4073E-07
  1.0686E-03  8.9985E-11  4.4630E-07  6.8196E-07
  1.0934E-03  9.6388E-11  4.7488E-07  7.2564E-07
  1.1186E-03  1.0321E-10  5.0515E-07  7.7190E-07
  1.1443E-03  1.1048E-10  5.3721E-07  8.2088E-07
  1.1704E-03  1.1822E-10  5.7115E-07  8.7274E-07
  1.1970E-03  1.2647E-10  6.0707E-07  9.2764E-07
  1.2241E-03  1.3525E-10  6.4510E-07  9.8574E-07
  1.2516E-03  1.4459E-10  6.8534E-07  1.0472E-06
  1.2797E-03  1.5454E-10  7.2792E-07  1.1123E-06
  1.3083E-03  1.6512E-10  7.7297E-07  1.1811E-06
  1.3374E-03  1.7638E-10  8.2062E-07  1.2539E-06
  1.3670E-03  1.8835E-10  8.7102E-07  1.3309E-06
  1.3971E-03  2.0109E-10  9.2431E-07  1.4124E-06
  1.4278E-03  2.1463E-10  9.8067E-07  1.4985E-06
  1.4590E-03  2.2902E-10  1.0403E-06  1.5896E-06
  1.4908E-03  2.4433E-10  1.1032E-06  1.6858E-06
  1.5232E-03  2.6059E-10  1.1698E-06  1.7875E-06
  1.5561E-03  2.7787E-10  1.2402E-06  1.8951E-06
  1.5897E-03  2.9623E-10  1.3146E-06  2.0087E-06
  1.6238E-03  3.1573E-10  1.3932E-06  2.1288E-06
  1.6586E-03  3.3644E-10  1.4762E-06  2.2557E-06
  1.6940E-03  3.5844E-10  1.5639E-06  2.3897E-06
  1.7300E-03  3.8180E-10  1.6566E-06  2.5313E-06
  1.7667E-03  4.0660E-10  1.7544E-06  2.6808E-06
  1.8040E-03  4.3292E-10  1.8578E-06  2.8387E-06
  1.8420E-03  4.6086E-10  1.9669E-06  3.0055E-06
  1.8807E-03  4.9051E-10  2.0822E-06  3.1817E-06
  1.9201E-03  5.2198E-10  2.2039E-06  3.3676E-06
  1.9602E-03  5.5537E-10  2.3324E-06  3.5639E-06
  2.0010E-03  5.9079E-10  2.4680E-06  3.7712E-06
  2.0425E-03  6.2836E-10  2.6112E-06  3.9899E-06
  2.0848E-03  6.6821E-10  2.7623E-06  4.2208E-06
  2.1279E-03  7.1047E-10  2.9218E-06  4.4645E-06
  2.1717E-03  7.5529E-10  3.0901E-06  4.7217E-06
  2.2163E-03  8.0281E-10  3.2677E-06  4.9931E-06
  2.2618E-03  8.5319E-10  3.4551E-06  5.2794E-06
  2.3080E-03  9.0660E-10  3.6528E-06  5.5816E-06
  2.3551E-03  9.6321E-10  3.8614E-06  5.9003E-06
  2.4030E-03  1.0232E-09  4.0814E-06  6.2365E-06
  2.4518E-03  1.0868E-09  4.3135E-06  6.5912E-06
  2.5015E-03  1.1542E-09  4.5584E-06  6.9652E-06
  2.5520E-03  1.2256E-09  4.8166E-06  7.3598E-06
  2.6035E-03  1.3013E-09  5.0889E-06  7.7759E-06
  2.6559E-03  1.3814E-09  5.3760E-06  8.2146E-06
  2.7092E-03  1.4663E-09  5.6788E-06  8.6773E-06
  2.7635E-03  1.5563E-09  5.9981E-06  9.1652E-06
  2.8188E-03  1.6515E-09  6.3347E-06  9.6795E-06
  2.8750E-03  1.7524E-09  6.6896E-06  1.0222E-05
  2.9323E-03  1.8593E-09  7.0637E-06  1.0793E-05
  2.9906E-03  1.9724E-09  7.4581E-06  1.1396E-05
  3.0500E-03  2.0922E-09  7.8737E-06  1.2031E-05
  3.1104E-03  2.2190E-09  8.3118E-06  1.2701E-05
  3.1720E-03  2.3533E-09  8.7736E-06  1.3406E-05
  3.2346E-03  2.4955E-09  9.2602E-06  1.4150E-05
  3.2983E-03  2.6460E-09  9.7730E-06  1.4933E-05
  3.3632E-03  2.8052E-09  1.0313E-05  1.5759E-05
  3.4293E-03  2.9738E-09  1.0883E-05  1.6629E-05
  3.4966E-03  3.1523E-09  1.1483E-05  1.7545E-05
  3.5650E-03  3.3411E-09  1.2115E-05  1.8511E-05
  3.6347E-03  3.5409E-09  1.2780E-05  1.9528E-05
  3.7057E-03  3.7523E-09  1.3482E-05  2.0600E-05
  3.7779E-03  3.9761E-09  1.4221E-05  2.1729E-05
  3.8514E-03  4.2128E-09  1.4999E-05  2.2918E-05
  3.9263E-03  4.4632E-09  1.5818E-05  2.4170E-05
  4.0025E-03  4.7282E-09  1.6681E-05  2.5489E-05
  4.0801E-03  5.0084E-09  1.7590E-05  2.6878E-05
  4.1590E-03  5.3049E-09  1.8548E-05  2.8341E-05
  4.2394E-03  5.6185E-09  1.9556E-05  2.9881E-05
  4.3213E-03  5.9502E-09  2.0617E-05  3.1503E-05
  4.4046E-03  6.3010E-09  2.1734E-05  3.3210E-05
  4.4894E-03  6.6721E-09  2.2911E-05  3.5007E-05
  4.5757E-03  7.0644E-09  2.4149E-05  3.6900E-05
  4.6636E-03  7.4794E-09  2.5453E-05  3.8892E-05
  4.7531E-03  7.9182E-09  2.6825E-05  4.0989E-05
  4.8442E-03  8.3822E-09  2.8270E-05  4.3196E-05
  4.9369E-03  8.8728E-09  2.9790E-05  4.5519E-05
  5.0313E-03  9.3915E-09  3.1390E-05  4.7963E-05
  5.1274E-03  9.9399E-09  3.3074E-05  5.0536E-05
  5.2252E-03  1.0520E-08  3.4845E-05  5.3243E-05
  5.3248E-03  1.1133E-08  3.6710E-05  5.6092E-05
  5.4261E-03  1.1781E-08  3.8672E-05  5.9090E-05
  5.5293E-03  1.2466E-08  4.0735E-05  6.2243E-05
  5.6344E-03  1.3190E-08  4.2907E-05  6.5561E-05
  5.7413E-03  1.3955E-08  4.5191E-05  6.9051E-05
  5.8502E-03  1.4764E-08  4.7594E-05  7.2723E-05
  5.9610E-03  1.5619E-08  5.0121E-05  7.6585E-05
  6.0739E-03  1.6523E-08  5.2780E-05  8.0647E-05
  6.1887E-03  1.7478E-08  5.5576E-05  8.4919E-05
  6.3056E-03  1.8488E-08  5.8516E-05  8.9411E-05
  6.4247E-03  1.9554E-08  6.1608E-05  9.4136E-05
  6.5458E-03  2.0682E-08  6.4859E-05  9.9104E-05
  6.6692E-03  2.1873E-08  6.8278E-05  1.0433E-04
  6.7947E-03  2.3132E-08  7.1872E-05  1.0982E-04
  6.9226E-03  2.4462E-08  7.5650E-05  1.1559E-04
  7.0527E-03  2.5868E-08  7.9623E-05  1.2166E-04
  7.1852E-03  2.7353E-08  8.3798E-05  1.2804E-04
  7.3200E-03  2.8922E-08  8.8187E-05  1.3475E-04
  7.4573E-03  3.0580E-08  9.2799E-05  1.4180E-04
  7.5971E-03  3.2332E-08  9.7647E-05  1.4920E-04
  7.7393E-03  3.4182E-08  1.0274E-04  1.5699E-04
  7.8842E-03  3.6137E-08  1.0809E-04  1.6516E-04
  8.0316E-03  3.8203E-08  1.1372E-04  1.7376E-04
  8.1817E-03  4.0385E-08  1.1963E-04  1.8279E-04
  8.3345E-03  4.2690E-08  1.2584E-04  1.9227E-04
  8.4900E-03  4.5125E-08  1.3236E-04  2.0224E-04
  8.6484E-03  4.7697E-08  1.3921E-04  2.1270E-04
  8.8095E-03  5.0414E-08  1.4640E-04  2.2370E-04
  8.9736E-03  5.3284E-08  1.5396E-04  2.3524E-04
  9.1407E-03  5.6315E-08  1.6189E-04  2.4736E-04
  9.3107E-03  5.9517E-08  1.7022E-04  2.6009E-04
  9.4839E-03  6.2898E-08  1.7897E-04  2.7346E-04
  9.6601E-03  6.6470E-08  1.8815E-04  2.8749E-04
  9.8395E-03  7.0242E-08  1.9780E-04  3.0222E-04
  1.0022E-02  7.4227E-08  2.0792E-04  3.1769E-04
  1.0208E-02  7.8434E-08  2.1854E-04  3.3392E-04
  1.0397E-02  8.2878E-08  2.2969E-04  3.5095E-04
  1.0590E-02  8.7571E-08  2.4138E-04  3.6883E-04
  1.0786E-02  9.2528E-08  2.5366E-04  3.8758E-04
  1.0986E-02  9.7762E-08  2.6654E-04  4.0726E-04
  1.1189E-02  1.0329E-07  2.8005E-04  4.2791E-04
  1.1396E-02  1.0913E-07  2.9423E-04  4.4957E-04
  1.1607E-02  1.1529E-07  3.0910E-04  4.7229E-04
  1.1821E-02  1.2180E-07  3.2469E-04  4.9611E-04
  1.2039E-02  1.2867E-07  3.4104E-04  5.2110E-04
  1.2262E-02  1.3593E-07  3.5819E-04  5.4730E-04
  1.2488E-02  1.4359E-07  3.7617E-04  5.7477E-04
  1.2718E-02  1.5168E-07  3.9502E-04  6.0357E-04
  1.2952E-02  1.6022E-07  4.1477E-04  6.3376E-04
  1.3191E-02  1.6924E-07  4.3548E-04  6.6540E-04
  1.3434E-02  1.7877E-07  4.5719E-04  6.9856E-04
  1.3681E-02  1.8882E-07  4.7993E-04  7.3331E-04
  1.3933E-02  1.9944E-07  5.0376E-04  7.6972E-04
  1.4189E-02  2.1065E-07  5.2872E-04  8.0786E-04
  1.4450E-02  2.2249E-07  5.5487E-04  8.4782E-04
  1.4716E-02  2.3498E-07  5.8226E-04  8.8967E-04
  1.4986E-02  2.4817E-07  6.1095E-04  9.3350E-04
  1.5262E-02  2.6210E-07  6.4099E-04  9.7939E-04
  1.5542E-02  2.7680E-07  6.7244E-04  1.0274E-03
  1.5827E-02  2.9232E-07  7.0536E-04  1.0778E-03
  1.6118E-02  3.0871E-07  7.3982E-04  1.1304E-03
  1.6413E-02  3.2601E-07  7.7589E-04  1.1855E-03
  1.6714E-02  3.4427E-07  8.1363E-04  1.2432E-03
  1.7020E-02  3.6355E-07  8.5312E-04  1.3035E-03
  1.7332E-02  3.8390E-07  8.9444E-04  1.3666E-03
  1.7650E-02  4.0538E-07  9.3765E-04  1.4327E-03
  1.7973E-02  4.2806E-07  9.8284E-04  1.5017E-03
  1.8302E-02  4.5200E-07  1.0301E-03  1.5739E-03
  1.8637E-02  4.7727E-07  1.0795E-03  1.6494E-03
  1.8978E-02  5.0394E-07  1.1312E-03  1.7284E-03
  1.9325E-02  5.3210E-07  1.1852E-03  1.8108E-03
  1.9678E-02  5.6182E-07  1.2416E-03  1.8971E-03
  2.0038E-02  5.9319E-07  1.3005E-03  1.9871E-03
  2.0404E-02  6.2630E-07  1.3621E-03  2.0812E-03
  2.0777E-02  6.6126E-07  1.4264E-03  2.1795E-03
  2.1157E-02  6.9815E-07  1.4936E-03  2.2822E-03
  2.1543E-02  7.3709E-07  1.5638E-03  2.3893E-03
  2.1936E-02  7.7819E-07  1.6370E-03  2.5012E-03
  2.2337E-02  8.2158E-07  1.7134E-03  2.6180E-03
  2.2744E-02  8.6736E-07  1.7932E-03  2.7399E-03
  2.3159E-02  9.1569E-07  1.8764E-03  2.8671E-03
  2.3581E-02  9.6670E-07  1.9633E-03  2.9997E-03
  2.4011E-02  1.0205E-06  2.0538E-03  3.1381E-03
  2.4449E-02  1.0774E-06  2.1483E-03  3.2824E-03
  2.4895E-02  1.1373E-06  2.2467E-03  3.4328E-03
  2.5348E-02  1.2006E-06  2.3493E-03  3.5896E-03
  2.5810E-02  1.2674E-06  2.4563E-03  3.7530E-03
  2.6280E-02  1.3379E-06  2.5677E-03  3.9233E-03
  2.6759E-02  1.4123E-06  2.6838E-03  4.1006E-03
  2.7246E-02  1.4909E-06  2.8047E-03  4.2853E-03
  2.7742E-02  1.5738E-06  2.9305E-03  4.4776E-03
  2.8246E-02  1.6612E-06  3.0616E-03  4.6778E-03
  2.8760E-02  1.7535E-06  3.1979E-03  4.8862E-03
  2.9283E-02  1.8509E-06  3.3398E-03  5.1030E-03
  2.9816E-02  1.9538E-06  3.4874E-03  5.3285E-03
  3.0358E-02  2.0622E-06  3.6409E-03  5.5630E-03
  3.0910E-02  2.1768E-06  3.8005E-03  5.8069E-03
  3.1472E-02  2.2976E-06  3.9664E-03  6.0603E-03
  3.2044E-02  2.4251E-06  4.1388E-03  6.3237E-03
  3.2626E-02  2.5597E-06  4.3179E-03  6.5973E-03
  3.3219E-02  2.7017E-06  4.5039E-03  6.8815E-03
  3.3822E-02  2.8515E-06  4.6970E-03  7.1766E-03
  3.4437E-02  3.0097E-06  4.8975E-03  7.4829E-03
  3.5062E-02  3.1766E-06  5.1055E-03  7.8008E-03
  3.5699E-02  3.3527E-06  5.3213E-03  8.1305E-03
  3.6347E-02  3.5385E-06  5.5452E-03  8.4725E-03
  3.7006E-02  3.7346E-06  5.7772E-03  8.8271E-03
  3.7678E-02  3.9416E-06  6.0177E-03  9.1946E-03
  3.8362E-02  4.1600E-06  6.2670E-03  9.5754E-03
  3.9058E-02  4.3904E-06  6.5251E-03  9.9698E-03
  3.9766E-02  4.6336E-06  6.7924E-03  1.0378E-02
  4.0487E-02  4.8901E-06  7.0690E-03  1.0801E-02
  4.1222E-02  5.1609E-06  7.3553E-03  1.1238E-02
  4.1969E-02  5.4466E-06  7.6513E-03  1.1691E-02
  4.2730E-02  5.7481E-06  7.9575E-03  1.2158E-02
  4.3505E-02  6.0662E-06  8.2739E-03  1.2642E-02
  4.4293E-02  6.4018E-06  8.6008E-03  1.3141E-02
  4.5096E-02  6.7560E-06  8.9385E-03  1.3657E-02
  4.5913E-02  7.1297E-06  9.2871E-03  1.4190E-02
  4.6745E-02  7.5240E-06  9.6468E-03  1.4739E-02
  4.7592E-02  7.9401E-06  1.0018E-02  1.5306E-02
  4.8454E-02  8.3791E-06  1.0400E-02  1.5891E-02
  4.9332E-02  8.8424E-06  1.0795E-02  1.6493E-02
  5.0225E-02  9.3311E-06  1.1201E-02  1.7114E-02
  5.1134E-02  9.8468E-06  1.1619E-02  1.7753E-02
  5.2060E-02  1.0391E-05  1.2050E-02  1.8411E-02
  5.3003E-02  1.0965E-05  1.2492E-02  1.9087E-02
  5.3962E-02  1.1571E-05  1.2948E-02  1.9783E-02
  5.4939E-02  1.2210E-05  1.3416E-02  2.0498E-02
  5.5933E-02  1.2884E-05  1.3896E-02  2.1232E-02
  5.6946E-02  1.3596E-05  1.4390E-02  2.1986E-02
  5.7976E-02  1.4347E-05  1.4896E-02  2.2760E-02
  5.9025E-02  1.5139E-05  1.5415E-02  2.3553E-02
  6.0093E-02  1.5974E-05  1.5947E-02  2.4366E-02
  6.1180E-02  1.6856E-05  1.6492E-02  2.5199E-02
  6.2287E-02  1.7786E-05  1.7050E-02  2.6051E-02
  6.3413E-02  1.8767E-05  1.7620E-02  2.6923E-02
  6.4560E-02  1.9803E-05  1.8204E-02  2.7814E-02
  6.5728E-02  2.0895E-05  1.8800E-02  2.8725E-02
  6.6916E-02  2.2048E-05  1.9408E-02  2.9655E-02
  6.8126E-02  2.3263E-05  2.0029E-02  3.0604E-02
  6.9358E-02  2.4546E-05  2.0662E-02  3.1571E-02
  7.0612E-02  2.5899E-05  2.1307E-02  3.2556E-02
  7.1888E-02  2.7327E-05  2.1964E-02  3.3560E-02
  7.3188E-02  2.8833E-05  2.2631E-02  3.4580E-02
  7.4510E-02  3.0422E-05  2.3310E-02  3.5617E-02
  7.5857E-02  3.2098E-05  2.3999E-02  3.6670E-02
  7.7228E-02  3.3867E-05  2.4698E-02  3.7739E-02
  7.8623E-02  3.5732E-05  2.5407E-02  3.8822E-02
  8.0044E-02  3.7700E-05  2.6125E-02  3.9919E-02
  8.1490E-02  3.9776E-05  2.6851E-02  4.1028E-02
  8.2962E-02  4.1967E-05  2.7585E-02  4.2150E-02
  8.4461E-02  4.4277E-05  2.8326E-02  4.3282E-02
  8.5987E-02  4.6714E-05  2.9073E-02  4.4424E-02
  8.7540E-02  4.9285E-05  2.9825E-02  4.5574E-02
  8.9121E-02  5.1997E-05  3.0582E-02  4.6731E-02
  9.0730E-02  5.4858E-05  3.1343E-02  4.7894E-02
  9.2369E-02  5.7876E-05  3.2106E-02  4.9060E-02
  9.4037E-02  6.1059E-05  3.2871E-02  5.0229E-02
  9.5735E-02  6.4416E-05  3.3636E-02  5.1399E-02
  9.7464E-02  6.7958E-05  3.4401E-02  5.2568E-02
  9.9223E-02  7.1694E-05  3.5163E-02  5.3733E-02
  1.0101E-01  7.5635E-05  3.5922E-02  5.4893E-02
  1.0284E-01  7.9791E-05  3.6677E-02  5.6047E-02
  1.0469E-01  8.4175E-05  3.7425E-02  5.7190E-02
  1.0658E-01  8.8799E-05  3.8165E-02  5.8322E-02
  1.0851E-01  9.3676E-05  3.8896E-02  5.9440E-02
  1.1047E-01  9.8820E-05  3.9616E-02  6.0540E-02
  1.1246E-01  1.0425E-04  4.0324E-02  6.1622E-02
  1.1449E-01  1.0997E-04  4.1016E-02  6.2681E-02
  1.1656E-01  1.1600E-04  4.1693E-02  6.3716E-02
  1.1866E-01  1.2237E-04  4.2351E-02  6.4722E-02
  1.2080E-01  1.2908E-04  4.2989E-02  6.5698E-02
  1.2298E-01  1.3616E-04  4.3605E-02  6.6640E-02
  1.2520E-01  1.4363E-04  4.4197E-02  6.7544E-02
  1.2746E-01  1.5150E-04  4.4762E-02  6.8409E-02
  1.2976E-01  1.5980E-04  4.5298E-02  6.9230E-02
  1.3210E-01  1.6856E-04  4.5804E-02  7.0003E-02
  1.3448E-01  1.7779E-04  4.6277E-02  7.0727E-02
  1.3691E-01  1.8753E-04  4.6714E-02  7.1396E-02
  1.3938E-01  1.9780E-04  4.7113E-02  7.2007E-02
  1.4189E-01  2.0863E-04  4.7473E-02  7.2558E-02
  1.4445E-01  2.2004E-04  4.7790E-02  7.3043E-02
  1.4706E-01  2.3208E-04  4.8062E-02  7.3460E-02
  1.4971E-01  2.4477E-04  4.8287E-02  7.3805E-02
  1.5241E-01  2.5816E-04  4.8462E-02  7.4074E-02
  1.5516E-01  2.7227E-04  4.8586E-02  7.4263E-02
  1.5796E-01  2.8714E-04  4.8654E-02  7.4369E-02
  1.6080E-01  3.0283E-04  4.8666E-02  7.4388E-02
  1.6370E-01  3.1936E-04  4.8618E-02  7.4316E-02
  1.6666E-01  3.3680E-04  4.8509E-02  7.4150E-02
  1.6966E-01  3.5517E-04  4.8336E-02  7.3886E-02
  1.7272E-01  3.7455E-04  4.8097E-02  7.3521E-02
  1.7583E-01  3.9497E-04  4.7789E-02  7.3051E-02
  1.7900E-01  4.1650E-04  4.7411E-02  7.2474E-02
  1.8223E-01  4.3919E-04  4.6960E-02  7.1785E-02
  1.8552E-01  4.6311E-04  4.6435E-02  7.0983E-02
  1.8886E-01  4.8832E-04  4.5834E-02  7.0065E-02
  1.9227E-01  5.1488E-04  4.5156E-02  6.9027E-02
  1.9573E-01  5.4289E-04  4.4397E-02  6.7867E-02
  1.9926E-01  5.7240E-04  4.3558E-02  6.6584E-02
  2.0285E-01  6.0350E-04  4.2637E-02  6.5175E-02
  2.0651E-01  6.3627E-04  4.1633E-02  6.3638E-02
  2.1023E-01  6.7081E-04  4.0545E-02  6.1972E-02
  2.1402E-01  7.0720E-04  3.9371E-02  6.0176E-02
  2.1788E-01  7.4554E-04  3.8112E-02  5.8249E-02
  2.2181E-01  7.8594E-04  3.6768E-02  5.6190E-02
  2.2580E-01  8.2850E-04  3.5338E-02  5.3999E-02
  2.2987E-01  8.7335E-04  3.3821E-02  5.1675E-02
  2.3402E-01  9.2058E-04  3.2219E-02  4.9221E-02
  2.3823E-01  9.7034E-04  3.0533E-02  4.6635E-02
  2.4253E-01  1.0228E-03  2.8762E-02  4.3920E-02
  2.4690E-01  1.0780E-03  2.6908E-02  4.1077E-02
  2.5135E-01  1.1361E-03  2.4972E-02  3.8107E-02
  2.5588E-01  1.1973E-03  2.2956E-02  3.5014E-02
  2.6049E-01  1.2618E-03  2.0862E-02  3.1799E-02
  2.6518E-01  1.3297E-03  1.8692E-02  2.8467E-02
  2.6996E-01  1.4012E-03  1.6449E-02  2.5020E-02
  2.7482E-01  1.4765E-03  1.4134E-02  2.1463E-02
  2.7977E-01  1.5558E-03  1.1752E-02  1.7800E-02
  2.8482E-01  1.6392E-03  9.3048E-03  1.4037E-02
  2.8995E-01  1.7270E-03  6.7970E-03  1.0177E-02
  2.9517E-01  1.8195E-03  4.2322E-03  6.2286E-03
  3.0049E-01  1.9168E-03  1.6147E-03  2.1963E-03
  3.0590E-01  2.0191E-03 -1.0511E-03 -1.9129E-03
  3.1141E-01  2.1269E-03 -3.7604E-03 -6.0918E-03
  3.1702E-01  2.2403E-03 -6.5082E-03 -1.0333E-02
  3.2274E-01  2.3595E-03 -9.2891E-03 -1.4629E-02
  3.2855E-01  2.4850E-03 -1.2098E-02 -1.8971E-02
  3.3447E-01  2.6170E-03 -1.4928E-02 -2.3350E-02
  3.4049E-01  2.7558E-03 -1.7775E-02 -2.7758E-02
  3.4663E-01  2.9018E-03 -2.0631E-02 -3.2186E-02
  3.5287E-01  3.0553E-03 -2.3490E-02 -3.6624E-02
  3.5923E-01  3.2167E-03 -2.6346E-02 -4.1062E-02
  3.6570E-01  3.3864E-03 -2.9191E-02 -4.5490E-02
  3.7229E-01  3.5648E-03 -3.2020E-02 -4.9898E-02
  3.7899E-01  3.7524E-03 -3.4825E-02 -5.4276E-02
  3.8582E-01  3.9494E-03 -3.7598E-02 -5.8613E-02
  3.9277E-01  4.1565E-03 -4.0334E-02 -6.2899E-02
  3.9985E-01  4.3741E-03 -4.3024E-02 -6.7123E-02
  4.0705E-01  4.6026E-03 -4.5661E-02 -7.1274E-02
  4.1438E-01  4.8427E-03 -4.8238E-02 -7.5342E-02
  4.2184E-01  5.0949E-03 -5.0749E-02 -7.9316E-02
  4.2944E-01  5.3596E-03 -5.3184E-02 -8.3184E-02
  4.3718E-01  5.6376E-03 -5.5538E-02 -8.6937E-02
  4.4505E-01  5.9294E-03 -5.7802E-02 -9.0564E-02
  4.5306E-01  6.2358E-03 -5.9969E-02 -9.4053E-02
  4.6122E-01  6.5572E-03 -6.2033E-02 -9.7395E-02
  4.6953E-01  6.8945E-03 -6.3986E-02 -1.0058E-01
  4.7799E-01  7.2483E-03 -6.5821E-02 -1.0359E-01
  4.8660E-01  7.6195E-03 -6.7532E-02 -1.0643E-01
  4.9536E-01  8.0087E-03 -6.9112E-02 -1.0908E-01
  5.0428E-01  8.4169E-03 -7.0556E-02 -1.1154E-01
  5.1336E-01  8.8447E-03 -7.1856E-02 -1.1379E-01
  5.2261E-01  9.2932E-03 -7.3009E-02 -1.1583E-01
  5.3202E-01  9.7632E-03 -7.4009E-02 -1.1765E-01
  5.4160E-01  1.0256E-02 -7.4851E-02 -1.1925E-01
  5.5135E-01  1.0772E-02 -7.5531E-02 -1.2061E-01
  5.6128E-01  1.1312E-02 -7.6046E-02 -1.2174E-01
  5.7139E-01  1.1878E-02 -7.6390E-02 -1.2263E-01
  5.8168E-01  1.2470E-02 -7.6563E-02 -1.2327E-01
  5.9215E-01  1.3090E-02 -7.6560E-02 -1.2366E-01
  6.0282E-01  1.3739E-02 -7.6381E-02 -1.2380E-01
  6.1367E-01  1.4419E-02 -7.6022E-02 -1.2369E-01
  6.2472E-01  1.5129E-02 -7.5484E-02 -1.2332E-01
  6.3597E-01  1.5872E-02 -7.4764E-02 -1.2270E-01
  6.4742E-01  1.6650E-02 -7.3863E-02 -1.2182E-01
  6.5908E-01  1.7462E-02 -7.2782E-02 -1.2069E-01
  6.7095E-01  1.8312E-02 -7.1519E-02 -1.1930E-01
  6.8303E-01  1.9200E-02 -7.0077E-02 -1.1767E-01
  6.9533E-01  2.0129E-02 -6.8457E-02 -1.1578E-01
  7.0785E-01  2.1099E-02 -6.6661E-02 -1.1365E-01
  7.2060E-01  2.2112E-02 -6.4689E-02 -1.1128E-01
  7.3357E-01  2.3171E-02 -6.2546E-02 -1.0868E-01
  7.4678E-01  2.4277E-02 -6.0234E-02 -1.0584E-01
  7.6023E-01  2.5433E-02 -5.7755E-02 -1.0277E-01
  7.7391E-01  2.6639E-02 -5.5113E-02 -9.9487E-02
  7.8785E-01  2.7900E-02 -5.2312E-02 -9.5987E-02
  8.0203E-01  2.9216E-02 -4.9354E-02 -9.2279E-02
  8.1648E-01  3.0590E-02 -4.6244E-02 -8.8370E-02
  8.3118E-01  3.2026E-02 -4.2985E-02 -8.4266E-02
  8.4614E-01  3.3525E-02 -3.9581E-02 -7.9973E-02
  8.6138E-01  3.5091E-02 -3.6036E-02 -7.5500E-02
  8.7688E-01  3.6727E-02 -3.2354E-02 -7.0854E-02
  8.9267E-01  3.8436E-02 -2.8538E-02 -6.6040E-02
  9.0874E-01  4.0222E-02 -2.4592E-02 -6.1066E-02
  9.2511E-01  4.2088E-02 -2.0520E-02 -5.5938E-02
  9.4176E-01  4.4039E-02 -1.6323E-02 -5.0664E-02
  9.5872E-01  4.6080E-02 -1.2005E-02 -4.5248E-02
  9.7598E-01  4.8215E-02 -7.5678E-03 -3.9697E-02
  9.9355E-01  5.0449E-02 -3.0134E-03 -3.4015E-02
  1.0114E+00  5.2789E-02  1.6569E-03 -2.8208E-02
  1.0296E+00  5.5239E-02  6.4426E-03 -2.2279E-02
  1.0482E+00  5.7808E-02  1.1344E-02 -1.6231E-02
  1.0671E+00  6.0502E-02  1.6361E-02 -1.0067E-02
  1.0863E+00  6.3328E-02  2.1496E-02 -3.7886E-03
  1.1058E+00  6.6297E-02  2.6752E-02  2.6040E-03
  1.1257E+00  6.9416E-02  3.2131E-02  9.1113E-03
  1.1460E+00  7.2697E-02  3.7639E-02  1.5735E-02
  1.1666E+00  7.6150E-02  4.3281E-02  2.2478E-02
  1.1876E+00  7.9787E-02  4.9064E-02  2.9344E-02
  1.2090E+00  8.3622E-02  5.4997E-02  3.6339E-02
  1.2308E+00  8.7669E-02  6.1088E-02  4.3470E-02
  1.2529E+00  9.1944E-02  6.7350E-02  5.0747E-02
  1.2755E+00  9.6464E-02  7.3795E-02  5.8179E-02
  1.2985E+00  1.0125E-01  8.0437E-02  6.5779E-02
  1.3218E+00  1.0632E-01  8.7294E-02  7.3562E-02
  1.3456E+00  1.1169E-01  9.4383E-02  8.1545E-02
  1.3698E+00  1.1740E-01  1.0173E-01  8.9748E-02
  1.3945E+00  1.2346E-01  1.0935E-01  9.8193E-02
  1.4196E+00  1.2991E-01  1.1728E-01  1.0691E-01
  1.4452E+00  1.3678E-01  1.2554E-01  1.1592E-01
  1.4712E+00  1.4410E-01  1.3417E-01  1.2526E-01
  1.4977E+00  1.5192E-01  1.4320E-01  1.3496E-01
  1.5246E+00  1.6027E-01  1.5268E-01  1.4507E-01
  1.5521E+00  1.6920E-01  1.6265E-01  1.5564E-01
  1.5800E+00  1.7876E-01  1.7317E-01  1.6672E-01
  1.6085E+00  1.8901E-01  1.8429E-01  1.7836E-01
  1.6374E+00  2.0002E-01  1.9607E-01  1.9063E-01
  1.6669E+00  2.1185E-01  2.0859E-01  2.0361E-01
  1.6969E+00  2.2457E-01  2.2193E-01  2.1737E-01
  1.7274E+00  2.3829E-01  2.3618E-01  2.3201E-01
  1.7585E+00  2.5308E-01  2.5143E-01  2.4763E-01
  1.7902E+00  2.6907E-01  2.6780E-01  2.6435E-01
  1.8224E+00  2.8637E-01  2.8543E-01  2.8230E-01
  1.8552E+00  3.0513E-01  3.0444E-01  3.0162E-01
  1.8886E+00  3.2549E-01  3.2501E-01  3.2247E-01
  1.9226E+00  3.4763E-01  3.4731E-01  3.4503E-01
  1.9572E+00  3.7175E-01  3.7154E-01  3.6952E-01
  1.9925E+00  3.9807E-01  3.9795E-01  3.9617E-01
  2.0283E+00  4.2685E-01  4.2679E-01  4.2524E-01
  2.0648E+00  4.5838E-01  4.5835E-01  4.5702E-01
  2.1020E+00  4.9299E-01  4.9298E-01  4.9185E-01
  2.1399E+00  5.3105E-01  5.3104E-01  5.3011E-01
  2.1784E+00  5.7298E-01  5.7298E-01  5.7225E-01
  2.2176E+00  6.1929E-01  6.1929E-01  6.1873E-01
  2.2575E+00  6.7051E-01  6.7051E-01  6.7014E-01
  2.2981E+00  7.2729E-01  7.2729E-01  7.2711E-01
  2.3395E+00  7.9037E-01  7.9037E-01  7.9037E-01
  2.3816E+00  8.6057E-01  8.6057E-01  8.6076E-01
  2.4245E+00  9.3886E-01  9.3886E-01  9.3924E-01
  2.4681E+00  1.0263E+00  1.0263E+00  1.0269E+00
  2.5126E+00  1.1243E+00  1.1243E+00  1.1251E+00
  2.5578E+00  1.2342E+00  1.2342E+00  1.2352E+00
  2.6038E+00  1.3577E+00  1.3577E+00  1.3589E+00
  2.6507E+00  1.4968E+00  1.4968E+00  1.4983E+00
  2.6984E+00  1.6538E+00  1.6538E+00  1.6556E+00
  2.7470E+00  1.8314E+00  1.8314E+00  1.8334E+00
  2.7964E+00  2.0326E+00  2.0326E+00  2.0349E+00
