 # l=           3 energy=  -4.9859719438877761     
  0.0000E+00  0.0000E+00  0.0000E+00  0.0000E+00
  5.5354E-06  1.7558E-22 -3.4999E-19  3.9403E-19
  1.1171E-05  2.9120E-21 -4.3278E-18  4.8730E-18
  1.6907E-05  1.5282E-20 -1.9106E-17  2.1516E-17
  2.2747E-05  5.0071E-20 -5.5331E-17  6.2316E-17
  2.8692E-05  1.2674E-19 -1.2720E-16  1.4327E-16
  3.4743E-05  2.7252E-19 -2.5267E-16  2.8461E-16
  4.0904E-05  5.2358E-19 -4.5383E-16  5.1121E-16
  4.7176E-05  9.2639E-19 -7.5719E-16  8.5296E-16
  5.3560E-05  1.5392E-18 -1.1942E-15  1.3453E-15
  6.0060E-05  2.4336E-18 -1.8017E-15  2.0298E-15
  6.6676E-05  3.6966E-18 -2.6225E-15  2.9545E-15
  7.3412E-05  5.4322E-18 -3.7058E-15  4.1752E-15
  8.0268E-05  7.7641E-18 -5.1082E-15  5.7554E-15
  8.7249E-05  1.0838E-17 -6.8941E-15  7.7677E-15
  9.4354E-05  1.4824E-17 -9.1364E-15  1.0295E-14
  1.0159E-04  1.9920E-17 -1.1918E-14  1.3429E-14
  1.0895E-04  2.6354E-17 -1.5332E-14  1.7276E-14
  1.1645E-04  3.4391E-17 -1.9482E-14  2.1953E-14
  1.2408E-04  4.4332E-17 -2.4486E-14  2.7593E-14
  1.3185E-04  5.6521E-17 -3.0475E-14  3.4343E-14
  1.3976E-04  7.1352E-17 -3.7595E-14  4.2367E-14
  1.4781E-04  8.9269E-17 -4.6008E-14  5.1849E-14
  1.5600E-04  1.1078E-16 -5.5894E-14  6.2992E-14
  1.6435E-04  1.3644E-16 -6.7454E-14  7.6022E-14
  1.7284E-04  1.6691E-16 -8.0909E-14  9.1188E-14
  1.8149E-04  2.0290E-16 -9.6503E-14  1.0877E-13
  1.9029E-04  2.4522E-16 -1.1451E-13  1.2906E-13
  1.9925E-04  2.9478E-16 -1.3522E-13  1.5241E-13
  2.0837E-04  3.5258E-16 -1.5897E-13  1.7918E-13
  2.1766E-04  4.1975E-16 -1.8612E-13  2.0979E-13
  2.2711E-04  4.9756E-16 -2.1706E-13  2.4467E-13
  2.3673E-04  5.8741E-16 -2.5224E-13  2.8433E-13
  2.4653E-04  6.9084E-16 -2.9212E-13  3.2929E-13
  2.5650E-04  8.0959E-16 -3.3724E-13  3.8016E-13
  2.6665E-04  9.4557E-16 -3.8816E-13  4.3757E-13
  2.7699E-04  1.1009E-15 -4.4552E-13  5.0225E-13
  2.8751E-04  1.2779E-15 -5.1001E-13  5.7495E-13
  2.9822E-04  1.4793E-15 -5.8237E-13  6.5654E-13
  3.0912E-04  1.7078E-15 -6.6342E-13  7.4793E-13
  3.2022E-04  1.9666E-15 -7.5406E-13  8.5014E-13
  3.3152E-04  2.2591E-15 -8.5527E-13  9.6426E-13
  3.4302E-04  2.5894E-15 -9.6811E-13  1.0915E-12
  3.5473E-04  2.9615E-15 -1.0937E-12  1.2332E-12
  3.6665E-04  3.3800E-15 -1.2334E-12  1.3907E-12
  3.7878E-04  3.8502E-15 -1.3885E-12  1.5656E-12
  3.9114E-04  4.3775E-15 -1.5605E-12  1.7596E-12
  4.0371E-04  4.9682E-15 -1.7511E-12  1.9745E-12
  4.1651E-04  5.6290E-15 -1.9620E-12  2.2123E-12
  4.2955E-04  6.3673E-15 -2.1951E-12  2.4752E-12
  4.4281E-04  7.1911E-15 -2.4526E-12  2.7656E-12
  4.5632E-04  8.1093E-15 -2.7366E-12  3.0859E-12
  4.7007E-04  9.1316E-15 -3.0497E-12  3.4390E-12
  4.8406E-04  1.0269E-14 -3.3945E-12  3.8279E-12
  4.9831E-04  1.1532E-14 -3.7738E-12  4.2558E-12
  5.1281E-04  1.2935E-14 -4.1909E-12  4.7262E-12
  5.2758E-04  1.4490E-14 -4.6492E-12  5.2431E-12
  5.4261E-04  1.6213E-14 -5.1522E-12  5.8105E-12
  5.5791E-04  1.8121E-14 -5.7040E-12  6.4329E-12
  5.7349E-04  2.0231E-14 -6.3089E-12  7.1153E-12
  5.8934E-04  2.2563E-14 -6.9717E-12  7.8628E-12
  6.0549E-04  2.5138E-14 -7.6972E-12  8.6813E-12
  6.2192E-04  2.7980E-14 -8.4910E-12  9.5768E-12
  6.3865E-04  3.1115E-14 -9.3591E-12  1.0556E-11
  6.5568E-04  3.4569E-14 -1.0308E-11  1.1626E-11
  6.7302E-04  3.8372E-14 -1.1344E-11  1.2795E-11
  6.9066E-04  4.2558E-14 -1.2475E-11  1.4071E-11
  7.0863E-04  4.7162E-14 -1.3709E-11  1.5464E-11
  7.2692E-04  5.2223E-14 -1.5056E-11  1.6982E-11
  7.4554E-04  5.7783E-14 -1.6523E-11  1.8638E-11
  7.6449E-04  6.3886E-14 -1.8122E-11  2.0442E-11
  7.8379E-04  7.0584E-14 -1.9863E-11  2.2406E-11
  8.0343E-04  7.7930E-14 -2.1758E-11  2.4545E-11
  8.2343E-04  8.5983E-14 -2.3821E-11  2.6872E-11
  8.4378E-04  9.4806E-14 -2.6065E-11  2.9403E-11
  8.6450E-04  1.0447E-13 -2.8504E-11  3.2156E-11
  8.8560E-04  1.1504E-13 -3.1156E-11  3.5148E-11
  9.0707E-04  1.2661E-13 -3.4036E-11  3.8398E-11
  9.2893E-04  1.3927E-13 -3.7165E-11  4.1928E-11
  9.5119E-04  1.5310E-13 -4.0562E-11  4.5762E-11
  9.7384E-04  1.6822E-13 -4.4249E-11  4.9922E-11
  9.9691E-04  1.8473E-13 -4.8250E-11  5.4437E-11
  1.0204E-03  2.0275E-13 -5.2589E-11  5.9333E-11
  1.0443E-03  2.2243E-13 -5.7295E-11  6.4643E-11
  1.0686E-03  2.4389E-13 -6.2396E-11  7.0400E-11
  1.0934E-03  2.6730E-13 -6.7924E-11  7.6638E-11
  1.1186E-03  2.9283E-13 -7.3913E-11  8.3397E-11
  1.1443E-03  3.2065E-13 -8.0401E-11  9.0718E-11
  1.1704E-03  3.5095E-13 -8.7426E-11  9.8646E-11
  1.1970E-03  3.8396E-13 -9.5031E-11  1.0723E-10
  1.2241E-03  4.1990E-13 -1.0326E-10  1.1652E-10
  1.2516E-03  4.5903E-13 -1.1217E-10  1.2657E-10
  1.2797E-03  5.0160E-13 -1.2180E-10  1.3745E-10
  1.3083E-03  5.4791E-13 -1.3223E-10  1.4921E-10
  1.3374E-03  5.9828E-13 -1.4349E-10  1.6193E-10
  1.3670E-03  6.5304E-13 -1.5568E-10  1.7568E-10
  1.3971E-03  7.1257E-13 -1.6885E-10  1.9054E-10
  1.4278E-03  7.7725E-13 -1.8308E-10  2.0660E-10
  1.4590E-03  8.4753E-13 -1.9845E-10  2.2395E-10
  1.4908E-03  9.2385E-13 -2.1506E-10  2.4270E-10
  1.5232E-03  1.0067E-12 -2.3300E-10  2.6295E-10
  1.5561E-03  1.0967E-12 -2.5237E-10  2.8481E-10
  1.5897E-03  1.1944E-12 -2.7328E-10  3.0842E-10
  1.6238E-03  1.3004E-12 -2.9586E-10  3.3390E-10
  1.6586E-03  1.4153E-12 -3.2022E-10  3.6141E-10
  1.6940E-03  1.5400E-12 -3.4651E-10  3.9108E-10
  1.7300E-03  1.6753E-12 -3.7488E-10  4.2311E-10
  1.7667E-03  1.8219E-12 -4.0548E-10  4.5765E-10
  1.8040E-03  1.9809E-12 -4.3849E-10  4.9491E-10
  1.8420E-03  2.1531E-12 -4.7408E-10  5.3510E-10
  1.8807E-03  2.3398E-12 -5.1247E-10  5.7843E-10
  1.9201E-03  2.5420E-12 -5.5385E-10  6.2514E-10
  1.9602E-03  2.7611E-12 -5.9845E-10  6.7550E-10
  2.0010E-03  2.9984E-12 -6.4653E-10  7.2978E-10
  2.0425E-03  3.2553E-12 -6.9835E-10  7.8828E-10
  2.0848E-03  3.5334E-12 -7.5418E-10  8.5132E-10
  2.1279E-03  3.8345E-12 -8.1434E-10  9.1924E-10
  2.1717E-03  4.1603E-12 -8.7915E-10  9.9241E-10
  2.2163E-03  4.5129E-12 -9.4896E-10  1.0712E-09
  2.2618E-03  4.8944E-12 -1.0241E-09  1.1561E-09
  2.3080E-03  5.3072E-12 -1.1051E-09  1.2475E-09
  2.3551E-03  5.7536E-12 -1.1923E-09  1.3460E-09
  2.4030E-03  6.2364E-12 -1.2862E-09  1.4520E-09
  2.4518E-03  6.7585E-12 -1.3872E-09  1.5661E-09
  2.5015E-03  7.3229E-12 -1.4960E-09  1.6889E-09
  2.5520E-03  7.9331E-12 -1.6131E-09  1.8211E-09
  2.6035E-03  8.5927E-12 -1.7391E-09  1.9634E-09
  2.6559E-03  9.3056E-12 -1.8747E-09  2.1165E-09
  2.7092E-03  1.0076E-11 -2.0206E-09  2.2812E-09
  2.7635E-03  1.0908E-11 -2.1775E-09  2.4585E-09
  2.8188E-03  1.1807E-11 -2.3464E-09  2.6492E-09
  2.8750E-03  1.2779E-11 -2.5281E-09  2.8543E-09
  2.9323E-03  1.3828E-11 -2.7235E-09  3.0750E-09
  2.9906E-03  1.4961E-11 -2.9336E-09  3.3123E-09
  3.0500E-03  1.6185E-11 -3.1596E-09  3.5675E-09
  3.1104E-03  1.7506E-11 -3.4026E-09  3.8419E-09
  3.1720E-03  1.8933E-11 -3.6639E-09  4.1370E-09
  3.2346E-03  2.0473E-11 -3.9448E-09  4.4543E-09
  3.2983E-03  2.2135E-11 -4.2468E-09  4.7954E-09
  3.3632E-03  2.3930E-11 -4.5715E-09  5.1620E-09
  3.4293E-03  2.5866E-11 -4.9204E-09  5.5561E-09
  3.4966E-03  2.7956E-11 -5.2955E-09  5.9797E-09
  3.5650E-03  3.0211E-11 -5.6986E-09  6.4350E-09
  3.6347E-03  3.2643E-11 -6.1317E-09  6.9242E-09
  3.7057E-03  3.5268E-11 -6.5972E-09  7.4499E-09
  3.7779E-03  3.8099E-11 -7.0973E-09  8.0148E-09
  3.8514E-03  4.1153E-11 -7.6346E-09  8.6216E-09
  3.9263E-03  4.4447E-11 -8.2118E-09  9.2736E-09
  4.0025E-03  4.7999E-11 -8.8319E-09  9.9740E-09
  4.0801E-03  5.1830E-11 -9.4980E-09  1.0726E-08
  4.1590E-03  5.5960E-11 -1.0213E-08  1.1535E-08
  4.2394E-03  6.0414E-11 -1.0982E-08  1.2402E-08
  4.3213E-03  6.5215E-11 -1.1807E-08  1.3335E-08
  4.4046E-03  7.0392E-11 -1.2693E-08  1.4336E-08
  4.4894E-03  7.5972E-11 -1.3644E-08  1.5410E-08
  4.5757E-03  8.1987E-11 -1.4666E-08  1.6564E-08
  4.6636E-03  8.8470E-11 -1.5763E-08  1.7804E-08
  4.7531E-03  9.5457E-11 -1.6941E-08  1.9134E-08
  4.8442E-03  1.0299E-10 -1.8205E-08  2.0562E-08
  4.9369E-03  1.1110E-10 -1.9562E-08  2.2095E-08
  5.0313E-03  1.1984E-10 -2.1018E-08  2.3740E-08
  5.1274E-03  1.2927E-10 -2.2581E-08  2.5506E-08
  5.2252E-03  1.3942E-10 -2.4259E-08  2.7402E-08
  5.3248E-03  1.5035E-10 -2.6059E-08  2.9436E-08
  5.4261E-03  1.6213E-10 -2.7991E-08  3.1619E-08
  5.5293E-03  1.7482E-10 -3.0065E-08  3.3961E-08
  5.6344E-03  1.8849E-10 -3.2289E-08  3.6474E-08
  5.7413E-03  2.0321E-10 -3.4675E-08  3.9171E-08
  5.8502E-03  2.1907E-10 -3.7236E-08  4.2064E-08
  5.9610E-03  2.3615E-10 -3.9982E-08  4.5167E-08
  6.0739E-03  2.5454E-10 -4.2928E-08  4.8496E-08
  6.1887E-03  2.7435E-10 -4.6088E-08  5.2067E-08
  6.3056E-03  2.9567E-10 -4.9478E-08  5.5897E-08
  6.4247E-03  3.1864E-10 -5.3113E-08  6.0005E-08
  6.5458E-03  3.4336E-10 -5.7011E-08  6.4410E-08
  6.6692E-03  3.6999E-10 -6.1192E-08  6.9134E-08
  6.7947E-03  3.9865E-10 -6.5674E-08  7.4200E-08
  6.9226E-03  4.2950E-10 -7.0480E-08  7.9631E-08
  7.0527E-03  4.6272E-10 -7.5633E-08  8.5455E-08
  7.1852E-03  4.9847E-10 -8.1158E-08  9.1698E-08
  7.3200E-03  5.3696E-10 -8.7080E-08  9.8392E-08
  7.4573E-03  5.7839E-10 -9.3429E-08  1.0557E-07
  7.5971E-03  6.2298E-10 -1.0023E-07  1.1326E-07
  7.7393E-03  6.7097E-10 -1.0753E-07  1.2150E-07
  7.8842E-03  7.2263E-10 -1.1534E-07  1.3034E-07
  8.0316E-03  7.7821E-10 -1.2372E-07  1.3981E-07
  8.1817E-03  8.3803E-10 -1.3270E-07  1.4995E-07
  8.3345E-03  9.0241E-10 -1.4232E-07  1.6083E-07
  8.4900E-03  9.7168E-10 -1.5262E-07  1.7248E-07
  8.6484E-03  1.0462E-09 -1.6367E-07  1.8496E-07
  8.8095E-03  1.1264E-09 -1.7550E-07  1.9833E-07
  8.9736E-03  1.2127E-09 -1.8817E-07  2.1266E-07
  9.1407E-03  1.3056E-09 -2.0174E-07  2.2801E-07
  9.3107E-03  1.4055E-09 -2.1628E-07  2.4444E-07
  9.4839E-03  1.5129E-09 -2.3186E-07  2.6205E-07
  9.6601E-03  1.6286E-09 -2.4854E-07  2.8091E-07
  9.8395E-03  1.7529E-09 -2.6640E-07  3.0110E-07
  1.0022E-02  1.8867E-09 -2.8553E-07  3.2273E-07
  1.0208E-02  2.0307E-09 -3.0600E-07  3.4589E-07
  1.0397E-02  2.1855E-09 -3.2793E-07  3.7068E-07
  1.0590E-02  2.3521E-09 -3.5141E-07  3.9722E-07
  1.0786E-02  2.5312E-09 -3.7654E-07  4.2564E-07
  1.0986E-02  2.7239E-09 -4.0344E-07  4.5606E-07
  1.1189E-02  2.9311E-09 -4.3223E-07  4.8862E-07
  1.1396E-02  3.1540E-09 -4.6305E-07  5.2347E-07
  1.1607E-02  3.3938E-09 -4.9603E-07  5.6077E-07
  1.1821E-02  3.6516E-09 -5.3132E-07  6.0069E-07
  1.2039E-02  3.9288E-09 -5.6909E-07  6.4340E-07
  1.2262E-02  4.2270E-09 -6.0949E-07  6.8911E-07
  1.2488E-02  4.5477E-09 -6.5272E-07  7.3801E-07
  1.2718E-02  4.8925E-09 -6.9897E-07  7.9032E-07
  1.2952E-02  5.2633E-09 -7.4844E-07  8.4629E-07
  1.3191E-02  5.6621E-09 -8.0136E-07  9.0615E-07
  1.3434E-02  6.0909E-09 -8.5795E-07  9.7017E-07
  1.3681E-02  6.5519E-09 -9.1848E-07  1.0386E-06
  1.3933E-02  7.0476E-09 -9.8320E-07  1.1119E-06
  1.4189E-02  7.5806E-09 -1.0524E-06  1.1902E-06
  1.4450E-02  8.1537E-09 -1.1264E-06  1.2739E-06
  1.4716E-02  8.7699E-09 -1.2055E-06  1.3634E-06
  1.4986E-02  9.4324E-09 -1.2901E-06  1.4591E-06
  1.5262E-02  1.0145E-08 -1.3805E-06  1.5614E-06
  1.5542E-02  1.0910E-08 -1.4771E-06  1.6707E-06
  1.5827E-02  1.1734E-08 -1.5803E-06  1.7876E-06
  1.6118E-02  1.2619E-08 -1.6906E-06  1.9125E-06
  1.6413E-02  1.3570E-08 -1.8085E-06  2.0459E-06
  1.6714E-02  1.4593E-08 -1.9345E-06  2.1885E-06
  1.7020E-02  1.5693E-08 -2.0690E-06  2.3408E-06
  1.7332E-02  1.6875E-08 -2.2127E-06  2.5035E-06
  1.7650E-02  1.8145E-08 -2.3662E-06  2.6773E-06
  1.7973E-02  1.9511E-08 -2.5302E-06  2.8629E-06
  1.8302E-02  2.0979E-08 -2.7052E-06  3.0611E-06
  1.8637E-02  2.2557E-08 -2.8922E-06  3.2728E-06
  1.8978E-02  2.4254E-08 -3.0917E-06  3.4988E-06
  1.9325E-02  2.6077E-08 -3.3048E-06  3.7401E-06
  1.9678E-02  2.8037E-08 -3.5322E-06  3.9977E-06
  2.0038E-02  3.0144E-08 -3.7749E-06  4.2727E-06
  2.0404E-02  3.2408E-08 -4.0340E-06  4.5661E-06
  2.0777E-02  3.4841E-08 -4.3104E-06  4.8792E-06
  2.1157E-02  3.7457E-08 -4.6053E-06  5.2134E-06
  2.1543E-02  4.0268E-08 -4.9199E-06  5.5699E-06
  2.1936E-02  4.3289E-08 -5.2555E-06  5.9502E-06
  2.2337E-02  4.6536E-08 -5.6134E-06  6.3558E-06
  2.2744E-02  5.0026E-08 -5.9952E-06  6.7884E-06
  2.3159E-02  5.3776E-08 -6.4022E-06  7.2498E-06
  2.3581E-02  5.7807E-08 -6.8362E-06  7.7418E-06
  2.4011E-02  6.2138E-08 -7.2988E-06  8.2663E-06
  2.4449E-02  6.6793E-08 -7.7919E-06  8.8254E-06
  2.4895E-02  7.1796E-08 -8.3175E-06  9.4214E-06
  2.5348E-02  7.7172E-08 -8.8775E-06  1.0057E-05
  2.5810E-02  8.2949E-08 -9.4743E-06  1.0733E-05
  2.6280E-02  8.9157E-08 -1.0110E-05  1.1454E-05
  2.6759E-02  9.5828E-08 -1.0787E-05  1.2223E-05
  2.7246E-02  1.0300E-07 -1.1508E-05  1.3041E-05
  2.7742E-02  1.1070E-07 -1.2276E-05  1.3913E-05
  2.8246E-02  1.1898E-07 -1.3094E-05  1.4841E-05
  2.8760E-02  1.2787E-07 -1.3965E-05  1.5829E-05
  2.9283E-02  1.3743E-07 -1.4891E-05  1.6881E-05
  2.9816E-02  1.4770E-07 -1.5878E-05  1.8001E-05
  3.0358E-02  1.5874E-07 -1.6927E-05  1.9192E-05
  3.0910E-02  1.7059E-07 -1.8044E-05  2.0460E-05
  3.1472E-02  1.8333E-07 -1.9232E-05  2.1810E-05
  3.2044E-02  1.9702E-07 -2.0495E-05  2.3245E-05
  3.2626E-02  2.1173E-07 -2.1838E-05  2.4772E-05
  3.3219E-02  2.2753E-07 -2.3267E-05  2.6395E-05
  3.3822E-02  2.4451E-07 -2.4786E-05  2.8121E-05
  3.4437E-02  2.6276E-07 -2.6400E-05  2.9956E-05
  3.5062E-02  2.8236E-07 -2.8115E-05  3.1907E-05
  3.5699E-02  3.0342E-07 -2.9938E-05  3.3980E-05
  3.6347E-02  3.2604E-07 -3.1874E-05  3.6183E-05
  3.7006E-02  3.5035E-07 -3.3931E-05  3.8523E-05
  3.7678E-02  3.7647E-07 -3.6115E-05  4.1009E-05
  3.8362E-02  4.0453E-07 -3.8434E-05  4.3648E-05
  3.9058E-02  4.3467E-07 -4.0896E-05  4.6451E-05
  3.9766E-02  4.6706E-07 -4.3509E-05  4.9427E-05
  4.0487E-02  5.0185E-07 -4.6281E-05  5.2586E-05
  4.1222E-02  5.3923E-07 -4.9223E-05  5.5938E-05
  4.1969E-02  5.7938E-07 -5.2344E-05  5.9494E-05
  4.2730E-02  6.2252E-07 -5.5653E-05  6.3267E-05
  4.3505E-02  6.6887E-07 -5.9161E-05  6.7268E-05
  4.4293E-02  7.1865E-07 -6.2881E-05  7.1511E-05
  4.5096E-02  7.7213E-07 -6.6823E-05  7.6009E-05
  4.5913E-02  8.2959E-07 -7.1000E-05  8.0777E-05
  4.6745E-02  8.9130E-07 -7.5425E-05  8.5830E-05
  4.7592E-02  9.5760E-07 -8.0112E-05  9.1184E-05
  4.8454E-02  1.0288E-06 -8.5075E-05  9.6855E-05
  4.9332E-02  1.1053E-06 -9.0329E-05  1.0286E-04
  5.0225E-02  1.1875E-06 -9.5890E-05  1.0922E-04
  5.1134E-02  1.2758E-06 -1.0177E-04  1.1595E-04
  5.2060E-02  1.3706E-06 -1.0800E-04  1.2307E-04
  5.3003E-02  1.4725E-06 -1.1458E-04  1.3061E-04
  5.3962E-02  1.5819E-06 -1.2154E-04  1.3859E-04
  5.4939E-02  1.6994E-06 -1.2890E-04  1.4702E-04
  5.5933E-02  1.8256E-06 -1.3668E-04  1.5594E-04
  5.6946E-02  1.9612E-06 -1.4490E-04  1.6536E-04
  5.7976E-02  2.1069E-06 -1.5358E-04  1.7532E-04
  5.9025E-02  2.2633E-06 -1.6274E-04  1.8585E-04
  6.0093E-02  2.4313E-06 -1.7242E-04  1.9696E-04
  6.1180E-02  2.6118E-06 -1.8263E-04  2.0870E-04
  6.2287E-02  2.8056E-06 -1.9340E-04  2.2110E-04
  6.3413E-02  3.0138E-06 -2.0477E-04  2.3418E-04
  6.4560E-02  3.2374E-06 -2.1675E-04  2.4798E-04
  6.5728E-02  3.4775E-06 -2.2939E-04  2.6254E-04
  6.6916E-02  3.7355E-06 -2.4270E-04  2.7789E-04
  6.8126E-02  4.0125E-06 -2.5673E-04  2.9408E-04
  6.9358E-02  4.3100E-06 -2.7150E-04  3.1115E-04
  7.0612E-02  4.6295E-06 -2.8706E-04  3.2913E-04
  7.1888E-02  4.9726E-06 -3.0343E-04  3.4806E-04
  7.3188E-02  5.3411E-06 -3.2065E-04  3.6801E-04
  7.4510E-02  5.7369E-06 -3.3877E-04  3.8901E-04
  7.5857E-02  6.1619E-06 -3.5783E-04  4.1111E-04
  7.7228E-02  6.6183E-06 -3.7785E-04  4.3436E-04
  7.8623E-02  7.1084E-06 -3.9890E-04  4.5881E-04
  8.0044E-02  7.6348E-06 -4.2100E-04  4.8453E-04
  8.1490E-02  8.2000E-06 -4.4421E-04  5.1156E-04
  8.2962E-02  8.8069E-06 -4.6857E-04  5.3997E-04
  8.4461E-02  9.4587E-06 -4.9413E-04  5.6981E-04
  8.5987E-02  1.0159E-05 -5.2094E-04  6.0114E-04
  8.7540E-02  1.0910E-05 -5.4905E-04  6.3404E-04
  8.9121E-02  1.1717E-05 -5.7851E-04  6.6856E-04
  9.0730E-02  1.2583E-05 -6.0938E-04  7.0477E-04
  9.2369E-02  1.3514E-05 -6.4170E-04  7.4275E-04
  9.4037E-02  1.4513E-05 -6.7553E-04  7.8257E-04
  9.5735E-02  1.5585E-05 -7.1093E-04  8.2429E-04
  9.7464E-02  1.6737E-05 -7.4795E-04  8.6801E-04
  9.9223E-02  1.7973E-05 -7.8665E-04  9.1379E-04
  1.0101E-01  1.9301E-05 -8.2710E-04  9.6171E-04
  1.0284E-01  2.0726E-05 -8.6935E-04  1.0119E-03
  1.0469E-01  2.2256E-05 -9.1345E-04  1.0643E-03
  1.0658E-01  2.3899E-05 -9.5948E-04  1.1192E-03
  1.0851E-01  2.5662E-05 -1.0075E-03  1.1765E-03
  1.1047E-01  2.7555E-05 -1.0575E-03  1.2364E-03
  1.1246E-01  2.9588E-05 -1.1097E-03  1.2990E-03
  1.1449E-01  3.1769E-05 -1.1640E-03  1.3643E-03
  1.1656E-01  3.4111E-05 -1.2206E-03  1.4325E-03
  1.1866E-01  3.6625E-05 -1.2794E-03  1.5037E-03
  1.2080E-01  3.9323E-05 -1.3406E-03  1.5778E-03
  1.2298E-01  4.2219E-05 -1.4041E-03  1.6552E-03
  1.2520E-01  4.5328E-05 -1.4702E-03  1.7357E-03
  1.2746E-01  4.8665E-05 -1.5387E-03  1.8196E-03
  1.2976E-01  5.2246E-05 -1.6099E-03  1.9070E-03
  1.3210E-01  5.6089E-05 -1.6836E-03  1.9979E-03
  1.3448E-01  6.0213E-05 -1.7601E-03  2.0925E-03
  1.3691E-01  6.4640E-05 -1.8392E-03  2.1908E-03
  1.3938E-01  6.9390E-05 -1.9212E-03  2.2929E-03
  1.4189E-01  7.4487E-05 -2.0059E-03  2.3991E-03
  1.4445E-01  7.9957E-05 -2.0935E-03  2.5092E-03
  1.4706E-01  8.5826E-05 -2.1839E-03  2.6236E-03
  1.4971E-01  9.2124E-05 -2.2773E-03  2.7422E-03
  1.5241E-01  9.8880E-05 -2.3736E-03  2.8652E-03
  1.5516E-01  1.0613E-04 -2.4728E-03  2.9927E-03
  1.5796E-01  1.1391E-04 -2.5750E-03  3.1247E-03
  1.6080E-01  1.2225E-04 -2.6801E-03  3.2614E-03
  1.6370E-01  1.3120E-04 -2.7882E-03  3.4029E-03
  1.6666E-01  1.4080E-04 -2.8992E-03  3.5492E-03
  1.6966E-01  1.5110E-04 -3.0131E-03  3.7004E-03
  1.7272E-01  1.6215E-04 -3.1299E-03  3.8567E-03
  1.7583E-01  1.7399E-04 -3.2495E-03  4.0181E-03
  1.7900E-01  1.8670E-04 -3.3719E-03  4.1846E-03
  1.8223E-01  2.0033E-04 -3.4970E-03  4.3565E-03
  1.8552E-01  2.1494E-04 -3.6247E-03  4.5336E-03
  1.8886E-01  2.3061E-04 -3.7549E-03  4.7162E-03
  1.9227E-01  2.4741E-04 -3.8876E-03  4.9042E-03
  1.9573E-01  2.6542E-04 -4.0226E-03  5.0977E-03
  1.9926E-01  2.8473E-04 -4.1597E-03  5.2968E-03
  2.0285E-01  3.0543E-04 -4.2989E-03  5.5014E-03
  2.0651E-01  3.2762E-04 -4.4399E-03  5.7118E-03
  2.1023E-01  3.5140E-04 -4.5825E-03  5.9278E-03
  2.1402E-01  3.7689E-04 -4.7265E-03  6.1496E-03
  2.1788E-01  4.0421E-04 -4.8718E-03  6.3770E-03
  2.2181E-01  4.3348E-04 -5.0179E-03  6.6102E-03
  2.2580E-01  4.6485E-04 -5.1647E-03  6.8492E-03
  2.2987E-01  4.9845E-04 -5.3119E-03  7.0939E-03
  2.3402E-01  5.3445E-04 -5.4590E-03  7.3443E-03
  2.3823E-01  5.7301E-04 -5.6058E-03  7.6004E-03
  2.4253E-01  6.1432E-04 -5.7518E-03  7.8622E-03
  2.4690E-01  6.5855E-04 -5.8967E-03  8.1297E-03
  2.5135E-01  7.0592E-04 -6.0400E-03  8.4027E-03
  2.5588E-01  7.5664E-04 -6.1812E-03  8.6813E-03
  2.6049E-01  8.1094E-04 -6.3198E-03  8.9653E-03
  2.6518E-01  8.6907E-04 -6.4553E-03  9.2548E-03
  2.6996E-01  9.3128E-04 -6.5870E-03  9.5495E-03
  2.7482E-01  9.9786E-04 -6.7144E-03  9.8495E-03
  2.7977E-01  1.0691E-03 -6.8368E-03  1.0155E-02
  2.8482E-01  1.1453E-03 -6.9534E-03  1.0465E-02
  2.8995E-01  1.2269E-03 -7.0636E-03  1.0780E-02
  2.9517E-01  1.3141E-03 -7.1666E-03  1.1099E-02
  3.0049E-01  1.4074E-03 -7.2616E-03  1.1424E-02
  3.0590E-01  1.5071E-03 -7.3476E-03  1.1752E-02
  3.1141E-01  1.6137E-03 -7.4238E-03  1.2086E-02
  3.1702E-01  1.7276E-03 -7.4893E-03  1.2423E-02
  3.2274E-01  1.8494E-03 -7.5430E-03  1.2764E-02
  3.2855E-01  1.9795E-03 -7.5838E-03  1.3109E-02
  3.3447E-01  2.1185E-03 -7.6108E-03  1.3458E-02
  3.4049E-01  2.2669E-03 -7.6227E-03  1.3810E-02
  3.4663E-01  2.4254E-03 -7.6183E-03  1.4166E-02
  3.5287E-01  2.5946E-03 -7.5965E-03  1.4524E-02
  3.5923E-01  2.7752E-03 -7.5559E-03  1.4886E-02
  3.6570E-01  2.9679E-03 -7.4951E-03  1.5250E-02
  3.7229E-01  3.1734E-03 -7.4129E-03  1.5617E-02
  3.7899E-01  3.3926E-03 -7.3077E-03  1.5987E-02
  3.8582E-01  3.6263E-03 -7.1781E-03  1.6359E-02
  3.9277E-01  3.8753E-03 -7.0226E-03  1.6733E-02
  3.9985E-01  4.1407E-03 -6.8395E-03  1.7108E-02
  4.0705E-01  4.4234E-03 -6.6272E-03  1.7486E-02
  4.1438E-01  4.7244E-03 -6.3841E-03  1.7866E-02
  4.2184E-01  5.0449E-03 -6.1083E-03  1.8247E-02
  4.2944E-01  5.3858E-03 -5.7981E-03  1.8630E-02
  4.3718E-01  5.7485E-03 -5.4516E-03  1.9014E-02
  4.4505E-01  6.1341E-03 -5.0669E-03  1.9399E-02
  4.5306E-01  6.5440E-03 -4.6419E-03  1.9786E-02
  4.6122E-01  6.9794E-03 -4.1749E-03  2.0173E-02
  4.6953E-01  7.4418E-03 -3.6635E-03  2.0560E-02
  4.7799E-01  7.9327E-03 -3.1059E-03  2.0949E-02
  4.8660E-01  8.4534E-03 -2.5000E-03  2.1338E-02
  4.9536E-01  9.0056E-03 -1.8436E-03  2.1727E-02
  5.0428E-01  9.5908E-03 -1.1346E-03  2.2117E-02
  5.1336E-01  1.0211E-02 -3.7106E-04  2.2507E-02
  5.2261E-01  1.0867E-02  4.4924E-04  2.2898E-02
  5.3202E-01  1.1562E-02  1.3284E-03  2.3289E-02
  5.4160E-01  1.2296E-02  2.2683E-03  2.3681E-02
  5.5135E-01  1.3072E-02  3.2712E-03  2.4075E-02
  5.6128E-01  1.3891E-02  4.3389E-03  2.4470E-02
  5.7139E-01  1.4756E-02  5.4734E-03  2.4866E-02
  5.8168E-01  1.5667E-02  6.6765E-03  2.5265E-02
  5.9215E-01  1.6628E-02  7.9500E-03  2.5665E-02
  6.0282E-01  1.7639E-02  9.2956E-03  2.6070E-02
  6.1367E-01  1.8703E-02  1.0715E-02  2.6477E-02
  6.2472E-01  1.9821E-02  1.2209E-02  2.6889E-02
  6.3597E-01  2.0995E-02  1.3780E-02  2.7306E-02
  6.4742E-01  2.2226E-02  1.5428E-02  2.7729E-02
  6.5908E-01  2.3516E-02  1.7154E-02  2.8158E-02
  6.7095E-01  2.4867E-02  1.8959E-02  2.8595E-02
  6.8303E-01  2.6279E-02  2.0844E-02  2.9041E-02
  6.9533E-01  2.7754E-02  2.2808E-02  2.9497E-02
  7.0785E-01  2.9293E-02  2.4852E-02  2.9965E-02
  7.2060E-01  3.0895E-02  2.6974E-02  3.0445E-02
  7.3357E-01  3.2563E-02  2.9175E-02  3.0939E-02
  7.4678E-01  3.4295E-02  3.1452E-02  3.1450E-02
  7.6023E-01  3.6092E-02  3.3805E-02  3.1978E-02
  7.7391E-01  3.7954E-02  3.6231E-02  3.2526E-02
  7.8785E-01  3.9879E-02  3.8727E-02  3.3095E-02
  8.0203E-01  4.1866E-02  4.1291E-02  3.3689E-02
  8.1648E-01  4.3914E-02  4.3919E-02  3.4309E-02
  8.3118E-01  4.6021E-02  4.6607E-02  3.4958E-02
  8.4614E-01  4.8184E-02  4.9350E-02  3.5638E-02
  8.6138E-01  5.0401E-02  5.2143E-02  3.6354E-02
  8.7688E-01  5.2667E-02  5.4979E-02  3.7107E-02
  8.9267E-01  5.4978E-02  5.7854E-02  3.7902E-02
  9.0874E-01  5.7332E-02  6.0759E-02  3.8742E-02
  9.2511E-01  5.9721E-02  6.3687E-02  3.9632E-02
  9.4176E-01  6.2142E-02  6.6630E-02  4.0575E-02
  9.5872E-01  6.4588E-02  6.9579E-02  4.1576E-02
  9.7598E-01  6.7053E-02  7.2527E-02  4.2640E-02
  9.9355E-01  6.9530E-02  7.5463E-02  4.3773E-02
  1.0114E+00  7.2014E-02  7.8378E-02  4.4981E-02
  1.0296E+00  7.4497E-02  8.1264E-02  4.6270E-02
  1.0482E+00  7.6972E-02  8.4111E-02  4.7646E-02
  1.0671E+00  7.9434E-02  8.6909E-02  4.9118E-02
  1.0863E+00  8.1876E-02  8.9652E-02  5.0693E-02
  1.1058E+00  8.4292E-02  9.2332E-02  5.2379E-02
  1.1257E+00  8.6679E-02  9.4941E-02  5.4188E-02
  1.1460E+00  8.9033E-02  9.7476E-02  5.6128E-02
  1.1666E+00  9.1352E-02  9.9933E-02  5.8210E-02
  1.1876E+00  9.3637E-02  1.0231E-01  6.0448E-02
  1.2090E+00  9.5889E-02  1.0461E-01  6.2853E-02
  1.2308E+00  9.8115E-02  1.0683E-01  6.5441E-02
  1.2529E+00  1.0032E-01  1.0899E-01  6.8226E-02
  1.2755E+00  1.0252E-01  1.1110E-01  7.1226E-02
  1.2985E+00  1.0473E-01  1.1317E-01  7.4459E-02
  1.3218E+00  1.0697E-01  1.1523E-01  7.7946E-02
  1.3456E+00  1.0927E-01  1.1729E-01  8.1710E-02
  1.3698E+00  1.1166E-01  1.1941E-01  8.5775E-02
  1.3945E+00  1.1417E-01  1.2161E-01  9.0169E-02
  1.4196E+00  1.1686E-01  1.2394E-01  9.4923E-02
  1.4452E+00  1.1978E-01  1.2647E-01  1.0007E-01
  1.4712E+00  1.2298E-01  1.2926E-01  1.0564E-01
  1.4977E+00  1.2653E-01  1.3238E-01  1.1169E-01
  1.5246E+00  1.3052E-01  1.3591E-01  1.1826E-01
  1.5521E+00  1.3502E-01  1.3994E-01  1.2539E-01
  1.5800E+00  1.4014E-01  1.4459E-01  1.3315E-01
  1.6085E+00  1.4598E-01  1.4995E-01  1.4159E-01
  1.6374E+00  1.5265E-01  1.5615E-01  1.5080E-01
  1.6669E+00  1.6028E-01  1.6332E-01  1.6085E-01
  1.6969E+00  1.6899E-01  1.7159E-01  1.7182E-01
  1.7274E+00  1.7894E-01  1.8112E-01  1.8382E-01
  1.7585E+00  1.9026E-01  1.9206E-01  1.9696E-01
  1.7902E+00  2.0313E-01  2.0458E-01  2.1136E-01
  1.8224E+00  2.1771E-01  2.1884E-01  2.2718E-01
  1.8552E+00  2.3418E-01  2.3504E-01  2.4455E-01
  1.8886E+00  2.5273E-01  2.5336E-01  2.6368E-01
  1.9226E+00  2.7357E-01  2.7401E-01  2.8475E-01
  1.9572E+00  2.9691E-01  2.9721E-01  3.0800E-01
  1.9925E+00  3.2301E-01  3.2319E-01  3.3370E-01
  2.0283E+00  3.5211E-01  3.5222E-01  3.6214E-01
  2.0648E+00  3.8453E-01  3.8459E-01  3.9365E-01
  2.1020E+00  4.2060E-01  4.2062E-01  4.2863E-01
  2.1399E+00  4.6070E-01  4.6071E-01  4.6751E-01
  2.1784E+00  5.0529E-01  5.0529E-01  5.1079E-01
  2.2176E+00  5.5490E-01  5.5490E-01  5.5905E-01
  2.2575E+00  6.1017E-01  6.1017E-01  6.1295E-01
  2.2981E+00  6.7184E-01  6.7184E-01  6.7323E-01
  2.3395E+00  7.4078E-01  7.4078E-01  7.4078E-01
  2.3816E+00  8.1801E-01  8.1801E-01  8.1659E-01
  2.4245E+00  9.0470E-01  9.0470E-01  9.0182E-01
  2.4681E+00  1.0022E+00  1.0022E+00  9.9780E-01
  2.5126E+00  1.1121E+00  1.1121E+00  1.1061E+00
  2.5578E+00  1.2361E+00  1.2361E+00  1.2284E+00
  2.6038E+00  1.3765E+00  1.3765E+00  1.3670E+00
  2.6507E+00  1.5356E+00  1.5356E+00  1.5241E+00
  2.6984E+00  1.7163E+00  1.7163E+00  1.7027E+00
  2.7470E+00  1.9219E+00  1.9219E+00  1.9060E+00
  2.7964E+00  2.1565E+00  2.1565E+00  2.1380E+00
