 # l=           4 energy=  -4.9859719438877761     
  0.0000E+00  0.0000E+00  0.0000E+00  0.0000E+00
  5.5354E-06  7.4817E-29  7.4817E-29  6.2386E-26
  1.1171E-05  2.5196E-27  2.5196E-27  1.5380E-24
  1.6907E-05  2.0025E-26  2.0025E-26  1.0205E-23
  2.2747E-05  8.8287E-26  8.8287E-26  3.9563E-23
  2.8692E-05  2.8190E-25  2.8190E-25  1.1429E-22
  3.4743E-05  7.3401E-25  7.3401E-25  2.7406E-22
  4.0904E-05  1.6603E-24  1.6603E-24  5.7798E-22
  4.7176E-05  3.3881E-24  3.3881E-24  1.1096E-21
  5.3560E-05  6.3910E-24  6.3910E-24  1.9829E-21
  6.0060E-05  1.1331E-23  1.1331E-23  3.3485E-21
  6.6676E-05  1.9108E-23  1.9108E-23  5.4020E-21
  7.3412E-05  3.0916E-23  3.0916E-23  8.3921E-21
  8.0268E-05  4.8315E-23  4.8315E-23  1.2631E-20
  8.7249E-05  7.3308E-23  7.3308E-23  1.8506E-20
  9.4354E-05  1.0843E-22  1.0843E-22  2.6491E-20
  1.0159E-04  1.5688E-22  1.5688E-22  3.7165E-20
  1.0895E-04  2.2260E-22  2.2260E-22  5.1223E-20
  1.1645E-04  3.1047E-22  3.1047E-22  6.9501E-20
  1.2408E-04  4.2644E-22  4.2644E-22  9.2993E-20
  1.3185E-04  5.7774E-22  5.7774E-22  1.2288E-19
  1.3976E-04  7.7308E-22  7.7308E-22  1.6055E-19
  1.4781E-04  1.0229E-21  1.0229E-21  2.0763E-19
  1.5600E-04  1.3398E-21  1.3398E-21  2.6604E-19
  1.6435E-04  1.7385E-21  1.7385E-21  3.3799E-19
  1.7284E-04  2.2366E-21  2.2366E-21  4.2608E-19
  1.8149E-04  2.8548E-21  2.8548E-21  5.3329E-19
  1.9029E-04  3.6176E-21  3.6176E-21  6.6307E-19
  1.9925E-04  4.5534E-21  4.5534E-21  8.1940E-19
  2.0837E-04  5.6956E-21  5.6956E-21  1.0069E-18
  2.1766E-04  7.0829E-21  7.0829E-21  1.2307E-18
  2.2711E-04  8.7605E-21  8.7605E-21  1.4968E-18
  2.3673E-04  1.0781E-20  1.0781E-20  1.8122E-18
  2.4653E-04  1.3204E-20  1.3204E-20  2.1845E-18
  2.5650E-04  1.6099E-20  1.6099E-20  2.6227E-18
  2.6665E-04  1.9547E-20  1.9547E-20  3.1369E-18
  2.7699E-04  2.3641E-20  2.3641E-20  3.7384E-18
  2.8751E-04  2.8484E-20  2.8484E-20  4.4402E-18
  2.9822E-04  3.4200E-20  3.4200E-20  5.2570E-18
  3.0912E-04  4.0926E-20  4.0926E-20  6.2052E-18
  3.2022E-04  4.8820E-20  4.8820E-20  7.3036E-18
  3.3152E-04  5.8063E-20  5.8063E-20  8.5732E-18
  3.4302E-04  6.8859E-20  6.8859E-20  1.0037E-17
  3.5473E-04  8.1442E-20  8.1442E-20  1.1723E-17
  3.6665E-04  9.6077E-20  9.6077E-20  1.3660E-17
  3.7878E-04  1.1306E-19  1.1306E-19  1.5882E-17
  3.9114E-04  1.3274E-19  1.3274E-19  1.8427E-17
  4.0371E-04  1.5550E-19  1.5550E-19  2.1336E-17
  4.1651E-04  1.8176E-19  1.8176E-19  2.4656E-17
  4.2955E-04  2.1204E-19  2.1204E-19  2.8442E-17
  4.4281E-04  2.4687E-19  2.4687E-19  3.2750E-17
  4.5632E-04  2.8688E-19  2.8688E-19  3.7648E-17
  4.7007E-04  3.3278E-19  3.3278E-19  4.3209E-17
  4.8406E-04  3.8536E-19  3.8536E-19  4.9515E-17
  4.9831E-04  4.4551E-19  4.4551E-19  5.6657E-17
  5.1281E-04  5.1423E-19  5.1423E-19  6.4737E-17
  5.2758E-04  5.9265E-19  5.9265E-19  7.3868E-17
  5.4261E-04  6.8202E-19  6.8202E-19  8.4176E-17
  5.5791E-04  7.8377E-19  7.8377E-19  9.5802E-17
  5.7349E-04  8.9946E-19  8.9946E-19  1.0890E-16
  5.8934E-04  1.0309E-18  1.0309E-18  1.2365E-16
  6.0549E-04  1.1800E-18  1.1800E-18  1.4023E-16
  6.2192E-04  1.3491E-18  1.3491E-18  1.5887E-16
  6.3865E-04  1.5406E-18  1.5406E-18  1.7979E-16
  6.5568E-04  1.7572E-18  1.7572E-18  2.0327E-16
  6.7302E-04  2.0021E-18  2.0021E-18  2.2959E-16
  6.9066E-04  2.2788E-18  2.2788E-18  2.5907E-16
  7.0863E-04  2.5910E-18  2.5910E-18  2.9207E-16
  7.2692E-04  2.9431E-18  2.9431E-18  3.2899E-16
  7.4554E-04  3.3398E-18  3.3398E-18  3.7027E-16
  7.6449E-04  3.7864E-18  3.7864E-18  4.1638E-16
  7.8379E-04  4.2890E-18  4.2890E-18  4.6786E-16
  8.0343E-04  4.8540E-18  4.8540E-18  5.2530E-16
  8.2343E-04  5.4889E-18  5.4889E-18  5.8936E-16
  8.4378E-04  6.2017E-18  6.2017E-18  6.6076E-16
  8.6450E-04  7.0016E-18  7.0016E-18  7.4030E-16
  8.8560E-04  7.8986E-18  7.8986E-18  8.2885E-16
  9.0707E-04  8.9038E-18  8.9038E-18  9.2740E-16
  9.2893E-04  1.0030E-17  1.0030E-17  1.0370E-15
  9.5119E-04  1.1290E-17  1.1290E-17  1.1588E-15
  9.7384E-04  1.2700E-17  1.2700E-17  1.2942E-15
  9.9691E-04  1.4277E-17  1.4277E-17  1.4446E-15
  1.0204E-03  1.6039E-17  1.6039E-17  1.6116E-15
  1.0443E-03  1.8008E-17  1.8008E-17  1.7969E-15
  1.0686E-03  2.0206E-17  2.0206E-17  2.0024E-15
  1.0934E-03  2.2658E-17  2.2658E-17  2.2303E-15
  1.1186E-03  2.5394E-17  2.5394E-17  2.4829E-15
  1.1443E-03  2.8445E-17  2.8445E-17  2.7628E-15
  1.1704E-03  3.1844E-17  3.1844E-17  3.0728E-15
  1.1970E-03  3.5631E-17  3.5631E-17  3.4160E-15
  1.2241E-03  3.9848E-17  3.9848E-17  3.7959E-15
  1.2516E-03  4.4542E-17  4.4542E-17  4.2163E-15
  1.2797E-03  4.9764E-17  4.9764E-17  4.6812E-15
  1.3083E-03  5.5572E-17  5.5572E-17  5.1953E-15
  1.3374E-03  6.2030E-17  6.2030E-17  5.7636E-15
  1.3670E-03  6.9207E-17  6.9207E-17  6.3916E-15
  1.3971E-03  7.7180E-17  7.7180E-17  7.0854E-15
  1.4278E-03  8.6035E-17  8.6035E-17  7.8516E-15
  1.4590E-03  9.5865E-17  9.5865E-17  8.6977E-15
  1.4908E-03  1.0678E-16  1.0678E-16  9.6315E-15
  1.5232E-03  1.1888E-16  1.1888E-16  1.0662E-14
  1.5561E-03  1.3231E-16  1.3231E-16  1.1799E-14
  1.5897E-03  1.4720E-16  1.4720E-16  1.3053E-14
  1.6238E-03  1.6370E-16  1.6370E-16  1.4436E-14
  1.6586E-03  1.8199E-16  1.8199E-16  1.5961E-14
  1.6940E-03  2.0225E-16  2.0225E-16  1.7641E-14
  1.7300E-03  2.2469E-16  2.2469E-16  1.9493E-14
  1.7667E-03  2.4953E-16  2.4953E-16  2.1533E-14
  1.8040E-03  2.7704E-16  2.7704E-16  2.3780E-14
  1.8420E-03  3.0747E-16  3.0747E-16  2.6255E-14
  1.8807E-03  3.4115E-16  3.4115E-16  2.8980E-14
  1.9201E-03  3.7840E-16  3.7840E-16  3.1980E-14
  1.9602E-03  4.1959E-16  4.1959E-16  3.5281E-14
  2.0010E-03  4.6513E-16  4.6513E-16  3.8914E-14
  2.0425E-03  5.1547E-16  5.1547E-16  4.2911E-14
  2.0848E-03  5.7110E-16  5.7110E-16  4.7308E-14
  2.1279E-03  6.3256E-16  6.3256E-16  5.2144E-14
  2.1717E-03  7.0045E-16  7.0045E-16  5.7461E-14
  2.2163E-03  7.7543E-16  7.7543E-16  6.3307E-14
  2.2618E-03  8.5822E-16  8.5822E-16  6.9734E-14
  2.3080E-03  9.4962E-16  9.4962E-16  7.6797E-14
  2.3551E-03  1.0505E-15  1.0505E-15  8.4559E-14
  2.4030E-03  1.1618E-15  1.1618E-15  9.3088E-14
  2.4518E-03  1.2846E-15  1.2846E-15  1.0246E-13
  2.5015E-03  1.4201E-15  1.4201E-15  1.1275E-13
  2.5520E-03  1.5696E-15  1.5696E-15  1.2405E-13
  2.6035E-03  1.7343E-15  1.7343E-15  1.3646E-13
  2.6559E-03  1.9160E-15  1.9160E-15  1.5009E-13
  2.7092E-03  2.1163E-15  2.1163E-15  1.6506E-13
  2.7635E-03  2.3370E-15  2.3370E-15  1.8148E-13
  2.8188E-03  2.5803E-15  2.5803E-15  1.9950E-13
  2.8750E-03  2.8483E-15  2.8483E-15  2.1928E-13
  2.9323E-03  3.1436E-15  3.1436E-15  2.4099E-13
  2.9906E-03  3.4688E-15  3.4688E-15  2.6480E-13
  3.0500E-03  3.8271E-15  3.8271E-15  2.9093E-13
  3.1104E-03  4.2215E-15  4.2215E-15  3.1958E-13
  3.1720E-03  4.6558E-15  4.6558E-15  3.5101E-13
  3.2346E-03  5.1339E-15  5.1339E-15  3.8548E-13
  3.2983E-03  5.6602E-15  5.6602E-15  4.2327E-13
  3.3632E-03  6.2394E-15  6.2394E-15  4.6470E-13
  3.4293E-03  6.8768E-15  6.8768E-15  5.1013E-13
  3.4966E-03  7.5781E-15  7.5781E-15  5.5992E-13
  3.5650E-03  8.3497E-15  8.3497E-15  6.1450E-13
  3.6347E-03  9.1985E-15  9.1985E-15  6.7431E-13
  3.7057E-03  1.0132E-14  1.0132E-14  7.3986E-13
  3.7779E-03  1.1159E-14  1.1159E-14  8.1168E-13
  3.8514E-03  1.2288E-14  1.2288E-14  8.9038E-13
  3.9263E-03  1.3529E-14  1.3529E-14  9.7659E-13
  4.0025E-03  1.4894E-14  1.4894E-14  1.0710E-12
  4.0801E-03  1.6394E-14  1.6394E-14  1.1745E-12
  4.1590E-03  1.8044E-14  1.8044E-14  1.2878E-12
  4.2394E-03  1.9856E-14  1.9856E-14  1.4118E-12
  4.3213E-03  2.1848E-14  2.1848E-14  1.5477E-12
  4.4046E-03  2.4037E-14  2.4037E-14  1.6965E-12
  4.4894E-03  2.6442E-14  2.6442E-14  1.8594E-12
  4.5757E-03  2.9084E-14  2.9084E-14  2.0377E-12
  4.6636E-03  3.1987E-14  3.1987E-14  2.2329E-12
  4.7531E-03  3.5175E-14  3.5175E-14  2.4466E-12
  4.8442E-03  3.8677E-14  3.8677E-14  2.6804E-12
  4.9369E-03  4.2523E-14  4.2523E-14  2.9364E-12
  5.0313E-03  4.6747E-14  4.6747E-14  3.2165E-12
  5.1274E-03  5.1384E-14  5.1384E-14  3.5230E-12
  5.2252E-03  5.6477E-14  5.6477E-14  3.8583E-12
  5.3248E-03  6.2067E-14  6.2067E-14  4.2253E-12
  5.4261E-03  6.8205E-14  6.8205E-14  4.6267E-12
  5.5293E-03  7.4942E-14  7.4942E-14  5.0658E-12
  5.6344E-03  8.2337E-14  8.2337E-14  5.5462E-12
  5.7413E-03  9.0453E-14  9.0453E-14  6.0716E-12
  5.8502E-03  9.9360E-14  9.9360E-14  6.6462E-12
  5.9610E-03  1.0914E-13  1.0914E-13  7.2746E-12
  6.0739E-03  1.1986E-13  1.1986E-13  7.9618E-12
  6.1887E-03  1.3163E-13  1.3163E-13  8.7132E-12
  6.3056E-03  1.4454E-13  1.4454E-13  9.5349E-12
  6.4247E-03  1.5871E-13  1.5871E-13  1.0433E-11
  6.5458E-03  1.7425E-13  1.7425E-13  1.1415E-11
  6.6692E-03  1.9130E-13  1.9130E-13  1.2489E-11
  6.7947E-03  2.1000E-13  2.1000E-13  1.3662E-11
  6.9226E-03  2.3051E-13  2.3051E-13  1.4945E-11
  7.0527E-03  2.5301E-13  2.5301E-13  1.6347E-11
  7.1852E-03  2.7768E-13  2.7768E-13  1.7879E-11
  7.3200E-03  3.0473E-13  3.0473E-13  1.9553E-11
  7.4573E-03  3.3440E-13  3.3440E-13  2.1383E-11
  7.5971E-03  3.6693E-13  3.6693E-13  2.3382E-11
  7.7393E-03  4.0260E-13  4.0260E-13  2.5566E-11
  7.8842E-03  4.4170E-13  4.4170E-13  2.7953E-11
  8.0316E-03  4.8458E-13  4.8458E-13  3.0560E-11
  8.1817E-03  5.3158E-13  5.3158E-13  3.3408E-11
  8.3345E-03  5.8310E-13  5.8310E-13  3.6519E-11
  8.4900E-03  6.3958E-13  6.3958E-13  3.9916E-11
  8.6484E-03  7.0149E-13  7.0149E-13  4.3627E-11
  8.8095E-03  7.6934E-13  7.6934E-13  4.7680E-11
  8.9736E-03  8.4371E-13  8.4371E-13  5.2106E-11
  9.1407E-03  9.2522E-13  9.2522E-13  5.6938E-11
  9.3107E-03  1.0145E-12  1.0145E-12  6.2215E-11
  9.4839E-03  1.1124E-12  1.1124E-12  6.7977E-11
  9.6601E-03  1.2197E-12  1.2197E-12  7.4267E-11
  9.8395E-03  1.3372E-12  1.3372E-12  8.1133E-11
  1.0022E-02  1.4660E-12  1.4660E-12  8.8629E-11
  1.0208E-02  1.6072E-12  1.6072E-12  9.6811E-11
  1.0397E-02  1.7618E-12  1.7618E-12  1.0574E-10
  1.0590E-02  1.9312E-12  1.9312E-12  1.1549E-10
  1.0786E-02  2.1167E-12  2.1167E-12  1.2613E-10
  1.0986E-02  2.3200E-12  2.3200E-12  1.3773E-10
  1.1189E-02  2.5428E-12  2.5428E-12  1.5040E-10
  1.1396E-02  2.7867E-12  2.7867E-12  1.6422E-10
  1.1607E-02  3.0540E-12  3.0540E-12  1.7930E-10
  1.1821E-02  3.3467E-12  3.3467E-12  1.9575E-10
  1.2039E-02  3.6673E-12  3.6673E-12  2.1369E-10
  1.2262E-02  4.0185E-12  4.0185E-12  2.3327E-10
  1.2488E-02  4.4031E-12  4.4031E-12  2.5462E-10
  1.2718E-02  4.8244E-12  4.8244E-12  2.7791E-10
  1.2952E-02  5.2857E-12  5.2857E-12  3.0330E-10
  1.3191E-02  5.7909E-12  5.7909E-12  3.3100E-10
  1.3434E-02  6.3442E-12  6.3442E-12  3.6120E-10
  1.3681E-02  6.9501E-12  6.9501E-12  3.9413E-10
  1.3933E-02  7.6135E-12  7.6135E-12  4.3004E-10
  1.4189E-02  8.3400E-12  8.3400E-12  4.6918E-10
  1.4450E-02  9.1355E-12  9.1355E-12  5.1185E-10
  1.4716E-02  1.0007E-11  1.0007E-11  5.5837E-10
  1.4986E-02  1.0960E-11  1.0960E-11  6.0907E-10
  1.5262E-02  1.2004E-11  1.2004E-11  6.6432E-10
  1.5542E-02  1.3148E-11  1.3148E-11  7.2455E-10
  1.5827E-02  1.4399E-11  1.4399E-11  7.9017E-10
  1.6118E-02  1.5770E-11  1.5770E-11  8.6168E-10
  1.6413E-02  1.7270E-11  1.7270E-11  9.3960E-10
  1.6714E-02  1.8912E-11  1.8912E-11  1.0245E-09
  1.7020E-02  2.0710E-11  2.0710E-11  1.1170E-09
  1.7332E-02  2.2678E-11  2.2678E-11  1.2177E-09
  1.7650E-02  2.4833E-11  2.4833E-11  1.3274E-09
  1.7973E-02  2.7191E-11  2.7191E-11  1.4469E-09
  1.8302E-02  2.9773E-11  2.9773E-11  1.5771E-09
  1.8637E-02  3.2598E-11  3.2598E-11  1.7188E-09
  1.8978E-02  3.5691E-11  3.5691E-11  1.8731E-09
  1.9325E-02  3.9077E-11  3.9077E-11  2.0412E-09
  1.9678E-02  4.2782E-11  4.2782E-11  2.2241E-09
  2.0038E-02  4.6838E-11  4.6838E-11  2.4233E-09
  2.0404E-02  5.1276E-11  5.1276E-11  2.6400E-09
  2.0777E-02  5.6134E-11  5.6134E-11  2.8760E-09
  2.1157E-02  6.1451E-11  6.1451E-11  3.1328E-09
  2.1543E-02  6.7270E-11  6.7270E-11  3.4122E-09
  2.1936E-02  7.3638E-11  7.3638E-11  3.7163E-09
  2.2337E-02  8.0607E-11  8.0607E-11  4.0471E-09
  2.2744E-02  8.8233E-11  8.8233E-11  4.4070E-09
  2.3159E-02  9.6579E-11  9.6579E-11  4.7986E-09
  2.3581E-02  1.0571E-10  1.0571E-10  5.2244E-09
  2.4011E-02  1.1571E-10  1.1571E-10  5.6877E-09
  2.4449E-02  1.2664E-10  1.2664E-10  6.1914E-09
  2.4895E-02  1.3861E-10  1.3861E-10  6.7392E-09
  2.5348E-02  1.5171E-10  1.5171E-10  7.3348E-09
  2.5810E-02  1.6603E-10  1.6603E-10  7.9824E-09
  2.6280E-02  1.8171E-10  1.8171E-10  8.6863E-09
  2.6759E-02  1.9887E-10  1.9887E-10  9.4515E-09
  2.7246E-02  2.1764E-10  2.1764E-10  1.0283E-08
  2.7742E-02  2.3818E-10  2.3818E-10  1.1187E-08
  2.8246E-02  2.6065E-10  2.6065E-10  1.2169E-08
  2.8760E-02  2.8524E-10  2.8524E-10  1.3236E-08
  2.9283E-02  3.1214E-10  3.1214E-10  1.4396E-08
  2.9816E-02  3.4157E-10  3.4157E-10  1.5655E-08
  3.0358E-02  3.7378E-10  3.7378E-10  1.7023E-08
  3.0910E-02  4.0901E-10  4.0901E-10  1.8508E-08
  3.1472E-02  4.4755E-10  4.4755E-10  2.0122E-08
  3.2044E-02  4.8972E-10  4.8972E-10  2.1873E-08
  3.2626E-02  5.3585E-10  5.3585E-10  2.3775E-08
  3.3219E-02  5.8632E-10  5.8632E-10  2.5840E-08
  3.3822E-02  6.4154E-10  6.4154E-10  2.8081E-08
  3.4437E-02  7.0194E-10  7.0194E-10  3.0513E-08
  3.5062E-02  7.6802E-10  7.6802E-10  3.3152E-08
  3.5699E-02  8.4030E-10  8.4030E-10  3.6015E-08
  3.6347E-02  9.1938E-10  9.1938E-10  3.9122E-08
  3.7006E-02  1.0059E-09  1.0059E-09  4.2492E-08
  3.7678E-02  1.1005E-09  1.1005E-09  4.6147E-08
  3.8362E-02  1.2040E-09  1.2040E-09  5.0111E-08
  3.9058E-02  1.3173E-09  1.3173E-09  5.4409E-08
  3.9766E-02  1.4411E-09  1.4411E-09  5.9069E-08
  4.0487E-02  1.5766E-09  1.5766E-09  6.4121E-08
  4.1222E-02  1.7248E-09  1.7248E-09  6.9597E-08
  4.1969E-02  1.8869E-09  1.8869E-09  7.5531E-08
  4.2730E-02  2.0642E-09  2.0642E-09  8.1962E-08
  4.3505E-02  2.2582E-09  2.2582E-09  8.8929E-08
  4.4293E-02  2.4703E-09  2.4703E-09  9.6476E-08
  4.5096E-02  2.7024E-09  2.7024E-09  1.0465E-07
  4.5913E-02  2.9562E-09  2.9562E-09  1.1350E-07
  4.6745E-02  3.2338E-09  3.2338E-09  1.2309E-07
  4.7592E-02  3.5375E-09  3.5375E-09  1.3347E-07
  4.8454E-02  3.8696E-09  3.8696E-09  1.4471E-07
  4.9332E-02  4.2328E-09  4.2328E-09  1.5687E-07
  5.0225E-02  4.6301E-09  4.6301E-09  1.7003E-07
  5.1134E-02  5.0646E-09  5.0646E-09  1.8426E-07
  5.2060E-02  5.5398E-09  5.5398E-09  1.9967E-07
  5.3003E-02  6.0596E-09  6.0596E-09  2.1633E-07
  5.3962E-02  6.6281E-09  6.6281E-09  2.3435E-07
  5.4939E-02  7.2498E-09  7.2498E-09  2.5383E-07
  5.5933E-02  7.9297E-09  7.9297E-09  2.7490E-07
  5.6946E-02  8.6734E-09  8.6734E-09  2.9767E-07
  5.7976E-02  9.4867E-09  9.4867E-09  3.2228E-07
  5.9025E-02  1.0376E-08  1.0376E-08  3.4887E-07
  6.0093E-02  1.1349E-08  1.1349E-08  3.7760E-07
  6.1180E-02  1.2413E-08  1.2413E-08  4.0863E-07
  6.2287E-02  1.3576E-08  1.3576E-08  4.4214E-07
  6.3413E-02  1.4848E-08  1.4848E-08  4.7833E-07
  6.4560E-02  1.6240E-08  1.6240E-08  5.1741E-07
  6.5728E-02  1.7761E-08  1.7761E-08  5.5958E-07
  6.6916E-02  1.9425E-08  1.9425E-08  6.0510E-07
  6.8126E-02  2.1245E-08  2.1245E-08  6.5422E-07
  6.9358E-02  2.3234E-08  2.3234E-08  7.0720E-07
  7.0612E-02  2.5410E-08  2.5410E-08  7.6436E-07
  7.1888E-02  2.7790E-08  2.7790E-08  8.2599E-07
  7.3188E-02  3.0392E-08  3.0392E-08  8.9245E-07
  7.4510E-02  3.3237E-08  3.3237E-08  9.6409E-07
  7.5857E-02  3.6349E-08  3.6349E-08  1.0413E-06
  7.7228E-02  3.9751E-08  3.9751E-08  1.1245E-06
  7.8623E-02  4.3471E-08  4.3471E-08  1.2142E-06
  8.0044E-02  4.7540E-08  4.7540E-08  1.3107E-06
  8.1490E-02  5.1988E-08  5.1988E-08  1.4147E-06
  8.2962E-02  5.6852E-08  5.6852E-08  1.5267E-06
  8.4461E-02  6.2171E-08  6.2171E-08  1.6472E-06
  8.5987E-02  6.7987E-08  6.7987E-08  1.7769E-06
  8.7540E-02  7.4346E-08  7.4346E-08  1.9165E-06
  8.9121E-02  8.1299E-08  8.1299E-08  2.0667E-06
  9.0730E-02  8.8902E-08  8.8902E-08  2.2283E-06
  9.2369E-02  9.7214E-08  9.7214E-08  2.4020E-06
  9.4037E-02  1.0630E-07  1.0630E-07  2.5887E-06
  9.5735E-02  1.1624E-07  1.1624E-07  2.7895E-06
  9.7464E-02  1.2711E-07  1.2711E-07  3.0052E-06
  9.9223E-02  1.3899E-07  1.3899E-07  3.2370E-06
  1.0101E-01  1.5198E-07  1.5198E-07  3.4861E-06
  1.0284E-01  1.6618E-07  1.6618E-07  3.7535E-06
  1.0469E-01  1.8170E-07  1.8170E-07  4.0406E-06
  1.0658E-01  1.9868E-07  1.9868E-07  4.3489E-06
  1.0851E-01  2.1724E-07  2.1724E-07  4.6797E-06
  1.1047E-01  2.3753E-07  2.3753E-07  5.0347E-06
  1.1246E-01  2.5971E-07  2.5971E-07  5.4155E-06
  1.1449E-01  2.8397E-07  2.8397E-07  5.8240E-06
  1.1656E-01  3.1048E-07  3.1048E-07  6.2619E-06
  1.1866E-01  3.3947E-07  3.3947E-07  6.7314E-06
  1.2080E-01  3.7115E-07  3.7115E-07  7.2346E-06
  1.2298E-01  4.0580E-07  4.0580E-07  7.7738E-06
  1.2520E-01  4.4367E-07  4.4367E-07  8.3514E-06
  1.2746E-01  4.8507E-07  4.8507E-07  8.9701E-06
  1.2976E-01  5.3033E-07  5.3033E-07  9.6326E-06
  1.3210E-01  5.7980E-07  5.7980E-07  1.0342E-05
  1.3448E-01  6.3388E-07  6.3388E-07  1.1101E-05
  1.3691E-01  6.9300E-07  6.9300E-07  1.1913E-05
  1.3938E-01  7.5762E-07  7.5762E-07  1.2782E-05
  1.4189E-01  8.2826E-07  8.2826E-07  1.3711E-05
  1.4445E-01  9.0548E-07  9.0548E-07  1.4705E-05
  1.4706E-01  9.8988E-07  9.8988E-07  1.5767E-05
  1.4971E-01  1.0821E-06  1.0821E-06  1.6902E-05
  1.5241E-01  1.1830E-06  1.1830E-06  1.8115E-05
  1.5516E-01  1.2932E-06  1.2932E-06  1.9411E-05
  1.5796E-01  1.4137E-06  1.4137E-06  2.0795E-05
  1.6080E-01  1.5453E-06  1.5453E-06  2.2272E-05
  1.6370E-01  1.6892E-06  1.6892E-06  2.3849E-05
  1.6666E-01  1.8465E-06  1.8465E-06  2.5532E-05
  1.6966E-01  2.0184E-06  2.0184E-06  2.7328E-05
  1.7272E-01  2.2062E-06  2.2062E-06  2.9243E-05
  1.7583E-01  2.4115E-06  2.4115E-06  3.1286E-05
  1.7900E-01  2.6359E-06  2.6359E-06  3.3464E-05
  1.8223E-01  2.8811E-06  2.8811E-06  3.5785E-05
  1.8552E-01  3.1491E-06  3.1491E-06  3.8258E-05
  1.8886E-01  3.4419E-06  3.4419E-06  4.0893E-05
  1.9227E-01  3.7618E-06  3.7618E-06  4.3699E-05
  1.9573E-01  4.1114E-06  4.1114E-06  4.6688E-05
  1.9926E-01  4.4935E-06  4.4935E-06  4.9870E-05
  2.0285E-01  4.9109E-06  4.9109E-06  5.3256E-05
  2.0651E-01  5.3670E-06  5.3670E-06  5.6859E-05
  2.1023E-01  5.8654E-06  5.8654E-06  6.0693E-05
  2.1402E-01  6.4099E-06  6.4099E-06  6.4770E-05
  2.1788E-01  7.0047E-06  7.0047E-06  6.9106E-05
  2.2181E-01  7.6546E-06  7.6546E-06  7.3715E-05
  2.2580E-01  8.3646E-06  8.3646E-06  7.8615E-05
  2.2987E-01  9.1403E-06  9.1403E-06  8.3821E-05
  2.3402E-01  9.9876E-06  9.9876E-06  8.9352E-05
  2.3823E-01  1.0913E-05  1.0913E-05  9.5228E-05
  2.4253E-01  1.1924E-05  1.1924E-05  1.0147E-04
  2.4690E-01  1.3028E-05  1.3028E-05  1.0809E-04
  2.5135E-01  1.4235E-05  1.4235E-05  1.1513E-04
  2.5588E-01  1.5552E-05  1.5552E-05  1.2259E-04
  2.6049E-01  1.6991E-05  1.6991E-05  1.3051E-04
  2.6518E-01  1.8562E-05  1.8562E-05  1.3891E-04
  2.6996E-01  2.0278E-05  2.0278E-05  1.4783E-04
  2.7482E-01  2.2152E-05  2.2152E-05  1.5728E-04
  2.7977E-01  2.4198E-05  2.4198E-05  1.6730E-04
  2.8482E-01  2.6433E-05  2.6433E-05  1.7793E-04
  2.8995E-01  2.8872E-05  2.8872E-05  1.8919E-04
  2.9517E-01  3.1535E-05  3.1535E-05  2.0112E-04
  3.0049E-01  3.4443E-05  3.4443E-05  2.1377E-04
  3.0590E-01  3.7618E-05  3.7618E-05  2.2717E-04
  3.1141E-01  4.1083E-05  4.1083E-05  2.4136E-04
  3.1702E-01  4.4865E-05  4.4865E-05  2.5639E-04
  3.2274E-01  4.8993E-05  4.8993E-05  2.7231E-04
  3.2855E-01  5.3499E-05  5.3499E-05  2.8917E-04
  3.3447E-01  5.8417E-05  5.8417E-05  3.0702E-04
  3.4049E-01  6.3783E-05  6.3783E-05  3.2592E-04
  3.4663E-01  6.9638E-05  6.9638E-05  3.4592E-04
  3.5287E-01  7.6027E-05  7.6027E-05  3.6709E-04
  3.5923E-01  8.2997E-05  8.2997E-05  3.8950E-04
  3.6570E-01  9.0602E-05  9.0602E-05  4.1321E-04
  3.7229E-01  9.8897E-05  9.8897E-05  4.3831E-04
  3.7899E-01  1.0795E-04  1.0795E-04  4.6487E-04
  3.8582E-01  1.1781E-04  1.1781E-04  4.9298E-04
  3.9277E-01  1.2858E-04  1.2858E-04  5.2273E-04
  3.9985E-01  1.4031E-04  1.4031E-04  5.5421E-04
  4.0705E-01  1.5311E-04  1.5311E-04  5.8752E-04
  4.1438E-01  1.6706E-04  1.6706E-04  6.2277E-04
  4.2184E-01  1.8227E-04  1.8227E-04  6.6008E-04
  4.2944E-01  1.9885E-04  1.9885E-04  6.9956E-04
  4.3718E-01  2.1691E-04  2.1691E-04  7.4135E-04
  4.4505E-01  2.3660E-04  2.3660E-04  7.8556E-04
  4.5306E-01  2.5806E-04  2.5806E-04  8.3235E-04
  4.6122E-01  2.8144E-04  2.8144E-04  8.8187E-04
  4.6953E-01  3.0690E-04  3.0690E-04  9.3427E-04
  4.7799E-01  3.3464E-04  3.3464E-04  9.8973E-04
  4.8660E-01  3.6486E-04  3.6486E-04  1.0484E-03
  4.9536E-01  3.9775E-04  3.9775E-04  1.1105E-03
  5.0428E-01  4.3357E-04  4.3357E-04  1.1763E-03
  5.1336E-01  4.7257E-04  4.7257E-04  1.2459E-03
  5.2261E-01  5.1501E-04  5.1501E-04  1.3196E-03
  5.3202E-01  5.6121E-04  5.6121E-04  1.3977E-03
  5.4160E-01  6.1147E-04  6.1147E-04  1.4804E-03
  5.5135E-01  6.6616E-04  6.6616E-04  1.5680E-03
  5.6128E-01  7.2565E-04  7.2565E-04  1.6609E-03
  5.7139E-01  7.9035E-04  7.9035E-04  1.7593E-03
  5.8168E-01  8.6070E-04  8.6070E-04  1.8637E-03
  5.9215E-01  9.3718E-04  9.3718E-04  1.9744E-03
  6.0282E-01  1.0203E-03  1.0203E-03  2.0918E-03
  6.1367E-01  1.1107E-03  1.1107E-03  2.2164E-03
  6.2472E-01  1.2089E-03  1.2089E-03  2.3488E-03
  6.3597E-01  1.3155E-03  1.3155E-03  2.4893E-03
  6.4742E-01  1.4314E-03  1.4314E-03  2.6386E-03
  6.5908E-01  1.5571E-03  1.5571E-03  2.7973E-03
  6.7095E-01  1.6937E-03  1.6937E-03  2.9660E-03
  6.8303E-01  1.8420E-03  1.8420E-03  3.1455E-03
  6.9533E-01  2.0028E-03  2.0028E-03  3.3365E-03
  7.0785E-01  2.1774E-03  2.1774E-03  3.5399E-03
  7.2060E-01  2.3667E-03  2.3667E-03  3.7566E-03
  7.3357E-01  2.5720E-03  2.5720E-03  3.9876E-03
  7.4678E-01  2.7946E-03  2.7946E-03  4.2338E-03
  7.6023E-01  3.0359E-03  3.0359E-03  4.4966E-03
  7.7391E-01  3.2974E-03  3.2974E-03  4.7770E-03
  7.8785E-01  3.5807E-03  3.5807E-03  5.0765E-03
  8.0203E-01  3.8876E-03  3.8876E-03  5.3966E-03
  8.1648E-01  4.2200E-03  4.2200E-03  5.7388E-03
  8.3118E-01  4.5798E-03  4.5798E-03  6.1049E-03
  8.4614E-01  4.9694E-03  4.9694E-03  6.4968E-03
  8.6138E-01  5.3910E-03  5.3910E-03  6.9166E-03
  8.7688E-01  5.8471E-03  5.8471E-03  7.3665E-03
  8.9267E-01  6.3407E-03  6.3407E-03  7.8490E-03
  9.0874E-01  6.8744E-03  6.8744E-03  8.3667E-03
  9.2511E-01  7.4517E-03  7.4517E-03  8.9226E-03
  9.4176E-01  8.0759E-03  8.0759E-03  9.5200E-03
  9.5872E-01  8.7507E-03  8.7507E-03  1.0162E-02
  9.7598E-01  9.4801E-03  9.4801E-03  1.0853E-02
  9.9355E-01  1.0269E-02  1.0269E-02  1.1597E-02
  1.0114E+00  1.1121E-02  1.1121E-02  1.2399E-02
  1.0296E+00  1.2042E-02  1.2042E-02  1.3263E-02
  1.0482E+00  1.3037E-02  1.3037E-02  1.4195E-02
  1.0671E+00  1.4112E-02  1.4112E-02  1.5202E-02
  1.0863E+00  1.5275E-02  1.5275E-02  1.6289E-02
  1.1058E+00  1.6531E-02  1.6531E-02  1.7465E-02
  1.1257E+00  1.7890E-02  1.7890E-02  1.8737E-02
  1.1460E+00  1.9358E-02  1.9358E-02  2.0115E-02
  1.1666E+00  2.0946E-02  2.0946E-02  2.1608E-02
  1.1876E+00  2.2665E-02  2.2665E-02  2.3227E-02
  1.2090E+00  2.4524E-02  2.4524E-02  2.4983E-02
  1.2308E+00  2.6537E-02  2.6537E-02  2.6891E-02
  1.2529E+00  2.8717E-02  2.8717E-02  2.8964E-02
  1.2755E+00  3.1079E-02  3.1079E-02  3.1219E-02
  1.2985E+00  3.3641E-02  3.3641E-02  3.3674E-02
  1.3218E+00  3.6420E-02  3.6420E-02  3.6348E-02
  1.3456E+00  3.9439E-02  3.9439E-02  3.9263E-02
  1.3698E+00  4.2719E-02  4.2719E-02  4.2444E-02
  1.3945E+00  4.6286E-02  4.6286E-02  4.5918E-02
  1.4196E+00  5.0171E-02  5.0171E-02  4.9715E-02
  1.4452E+00  5.4404E-02  5.4404E-02  5.3869E-02
  1.4712E+00  5.9023E-02  5.9023E-02  5.8418E-02
  1.4977E+00  6.4069E-02  6.4069E-02  6.3404E-02
  1.5246E+00  6.9588E-02  6.9588E-02  6.8875E-02
  1.5521E+00  7.5631E-02  7.5631E-02  7.4884E-02
  1.5800E+00  8.2259E-02  8.2259E-02  8.1490E-02
  1.6085E+00  8.9536E-02  8.9536E-02  8.8761E-02
  1.6374E+00  9.7539E-02  9.7539E-02  9.6772E-02
  1.6669E+00  1.0635E-01  1.0635E-01  1.0561E-01
  1.6969E+00  1.1607E-01  1.1607E-01  1.1537E-01
  1.7274E+00  1.2681E-01  1.2681E-01  1.2615E-01
  1.7585E+00  1.3869E-01  1.3869E-01  1.3809E-01
  1.7902E+00  1.5185E-01  1.5185E-01  1.5132E-01
  1.8224E+00  1.6645E-01  1.6645E-01  1.6600E-01
  1.8552E+00  1.8267E-01  1.8267E-01  1.8231E-01
  1.8886E+00  2.0072E-01  2.0072E-01  2.0045E-01
  1.9226E+00  2.2084E-01  2.2084E-01  2.2065E-01
  1.9572E+00  2.4330E-01  2.4330E-01  2.4318E-01
  1.9925E+00  2.6839E-01  2.6839E-01  2.6834E-01
  2.0283E+00  2.9647E-01  2.9647E-01  2.9647E-01
  2.0648E+00  3.2793E-01  3.2793E-01  3.2797E-01
  2.1020E+00  3.6323E-01  3.6323E-01  3.6330E-01
  2.1399E+00  4.0289E-01  4.0289E-01  4.0296E-01
  2.1784E+00  4.4751E-01  4.4751E-01  4.4758E-01
  2.2176E+00  4.9777E-01  4.9777E-01  4.9783E-01
  2.2575E+00  5.5446E-01  5.5446E-01  5.5450E-01
  2.2981E+00  6.1851E-01  6.1851E-01  6.1854E-01
  2.3395E+00  6.9099E-01  6.9099E-01  6.9099E-01
  2.3816E+00  7.7311E-01  7.7311E-01  7.7309E-01
  2.4245E+00  8.6633E-01  8.6633E-01  8.6629E-01
  2.4681E+00  9.7232E-01  9.7232E-01  9.7225E-01
  2.5126E+00  1.0930E+00  1.0930E+00  1.0929E+00
  2.5578E+00  1.2307E+00  1.2307E+00  1.2306E+00
  2.6038E+00  1.3880E+00  1.3880E+00  1.3879E+00
  2.6507E+00  1.5681E+00  1.5681E+00  1.5679E+00
  2.6984E+00  1.7746E+00  1.7746E+00  1.7744E+00
  2.7470E+00  2.0119E+00  2.0119E+00  2.0116E+00
  2.7964E+00  2.2849E+00  2.2849E+00  2.2846E+00
