 # l=           1 energy=  -4.9859719438877761     
  0.0000E+00  0.0000E+00  0.0000E+00 -0.0000E+00
  5.5354E-06  5.4402E-12 -2.1968E-08 -2.3791E-08
  1.1171E-05  2.2154E-11 -7.1467E-08 -7.7397E-08
  1.6907E-05  5.0751E-11 -1.4341E-07 -1.5531E-07
  2.2747E-05  9.1865E-11 -2.3615E-07 -2.5575E-07
  2.8692E-05  1.4616E-10 -3.4894E-07 -3.7790E-07
  3.4743E-05  2.1432E-10 -4.8144E-07 -5.2140E-07
  4.0904E-05  2.9706E-10 -6.3359E-07 -6.8617E-07
  4.7176E-05  3.9514E-10 -8.0548E-07 -8.7233E-07
  5.3560E-05  5.0933E-10 -9.9733E-07 -1.0801E-06
  6.0060E-05  6.4044E-10 -1.2094E-06 -1.3098E-06
  6.6676E-05  7.8932E-10 -1.4422E-06 -1.5619E-06
  7.3412E-05  9.5684E-10 -1.6960E-06 -1.8367E-06
  8.0268E-05  1.1439E-09 -1.9713E-06 -2.1350E-06
  8.7249E-05  1.3515E-09 -2.2688E-06 -2.4571E-06
  9.4354E-05  1.5806E-09 -2.5890E-06 -2.8039E-06
  1.0159E-04  1.8323E-09 -2.9324E-06 -3.1759E-06
  1.0895E-04  2.1076E-09 -3.2998E-06 -3.5738E-06
  1.1645E-04  2.4076E-09 -3.6919E-06 -3.9985E-06
  1.2408E-04  2.7334E-09 -4.1095E-06 -4.4507E-06
  1.3185E-04  3.0864E-09 -4.5532E-06 -4.9312E-06
  1.3976E-04  3.4678E-09 -5.0239E-06 -5.4410E-06
  1.4781E-04  3.8789E-09 -5.5224E-06 -5.9810E-06
  1.5600E-04  4.3209E-09 -6.0497E-06 -6.5521E-06
  1.6435E-04  4.7955E-09 -6.6067E-06 -7.1553E-06
  1.7284E-04  5.3039E-09 -7.1942E-06 -7.7917E-06
  1.8149E-04  5.8479E-09 -7.8134E-06 -8.4623E-06
  1.9029E-04  6.4288E-09 -8.4653E-06 -9.1682E-06
  1.9925E-04  7.0485E-09 -9.1508E-06 -9.9108E-06
  2.0837E-04  7.7087E-09 -9.8712E-06 -1.0691E-05
  2.1766E-04  8.4110E-09 -1.0628E-05 -1.1510E-05
  2.2711E-04  9.1575E-09 -1.1421E-05 -1.2370E-05
  2.3673E-04  9.9500E-09 -1.2253E-05 -1.3271E-05
  2.4653E-04  1.0790E-08 -1.3125E-05 -1.4215E-05
  2.5650E-04  1.1681E-08 -1.4038E-05 -1.5204E-05
  2.6665E-04  1.2624E-08 -1.4993E-05 -1.6239E-05
  2.7699E-04  1.3622E-08 -1.5992E-05 -1.7321E-05
  2.8751E-04  1.4676E-08 -1.7037E-05 -1.8452E-05
  2.9822E-04  1.5790E-08 -1.8128E-05 -1.9634E-05
  3.0912E-04  1.6965E-08 -1.9268E-05 -2.0869E-05
  3.2022E-04  1.8206E-08 -2.0458E-05 -2.2158E-05
  3.3152E-04  1.9513E-08 -2.1700E-05 -2.3503E-05
  3.4302E-04  2.0891E-08 -2.2995E-05 -2.4906E-05
  3.5473E-04  2.2341E-08 -2.4346E-05 -2.6369E-05
  3.6665E-04  2.3868E-08 -2.5754E-05 -2.7894E-05
  3.7878E-04  2.5474E-08 -2.7221E-05 -2.9483E-05
  3.9114E-04  2.7162E-08 -2.8750E-05 -3.1138E-05
  4.0371E-04  2.8937E-08 -3.0341E-05 -3.2862E-05
  4.1651E-04  3.0801E-08 -3.1998E-05 -3.4657E-05
  4.2955E-04  3.2759E-08 -3.3723E-05 -3.6525E-05
  4.4281E-04  3.4814E-08 -3.5517E-05 -3.8468E-05
  4.5632E-04  3.6970E-08 -3.7384E-05 -4.0490E-05
  4.7007E-04  3.9231E-08 -3.9326E-05 -4.2593E-05
  4.8406E-04  4.1602E-08 -4.1345E-05 -4.4780E-05
  4.9831E-04  4.4087E-08 -4.3443E-05 -4.7053E-05
  5.1281E-04  4.6691E-08 -4.5624E-05 -4.9416E-05
  5.2758E-04  4.9418E-08 -4.7891E-05 -5.1871E-05
  5.4261E-04  5.2274E-08 -5.0246E-05 -5.4421E-05
  5.5791E-04  5.5264E-08 -5.2692E-05 -5.7070E-05
  5.7349E-04  5.8393E-08 -5.5232E-05 -5.9822E-05
  5.8934E-04  6.1667E-08 -5.7869E-05 -6.2679E-05
  6.0549E-04  6.5091E-08 -6.0608E-05 -6.5645E-05
  6.2192E-04  6.8672E-08 -6.3450E-05 -6.8723E-05
  6.3865E-04  7.2416E-08 -6.6400E-05 -7.1919E-05
  6.5568E-04  7.6330E-08 -6.9461E-05 -7.5234E-05
  6.7302E-04  8.0419E-08 -7.2638E-05 -7.8675E-05
  6.9066E-04  8.4692E-08 -7.5933E-05 -8.2244E-05
  7.0863E-04  8.9156E-08 -7.9350E-05 -8.5946E-05
  7.2692E-04  9.3818E-08 -8.2895E-05 -8.9785E-05
  7.4554E-04  9.8685E-08 -8.6571E-05 -9.3767E-05
  7.6449E-04  1.0377E-07 -9.0382E-05 -9.7895E-05
  7.8379E-04  1.0907E-07 -9.4334E-05 -1.0218E-04
  8.0343E-04  1.1461E-07 -9.8430E-05 -1.0661E-04
  8.2343E-04  1.2038E-07 -1.0268E-04 -1.1121E-04
  8.4378E-04  1.2641E-07 -1.0708E-04 -1.1598E-04
  8.6450E-04  1.3269E-07 -1.1164E-04 -1.2092E-04
  8.8560E-04  1.3925E-07 -1.1636E-04 -1.2603E-04
  9.0707E-04  1.4608E-07 -1.2126E-04 -1.3134E-04
  9.2893E-04  1.5321E-07 -1.2633E-04 -1.3683E-04
  9.5119E-04  1.6064E-07 -1.3158E-04 -1.4252E-04
  9.7384E-04  1.6838E-07 -1.3702E-04 -1.4842E-04
  9.9691E-04  1.7645E-07 -1.4266E-04 -1.5452E-04
  1.0204E-03  1.8486E-07 -1.4850E-04 -1.6084E-04
  1.0443E-03  1.9362E-07 -1.5454E-04 -1.6739E-04
  1.0686E-03  2.0275E-07 -1.6080E-04 -1.7417E-04
  1.0934E-03  2.1225E-07 -1.6728E-04 -1.8119E-04
  1.1186E-03  2.2216E-07 -1.7399E-04 -1.8846E-04
  1.1443E-03  2.3247E-07 -1.8094E-04 -1.9598E-04
  1.1704E-03  2.4321E-07 -1.8812E-04 -2.0377E-04
  1.1970E-03  2.5439E-07 -1.9556E-04 -2.1183E-04
  1.2241E-03  2.6603E-07 -2.0327E-04 -2.2017E-04
  1.2516E-03  2.7815E-07 -2.1124E-04 -2.2880E-04
  1.2797E-03  2.9076E-07 -2.1948E-04 -2.3773E-04
  1.3083E-03  3.0388E-07 -2.2802E-04 -2.4698E-04
  1.3374E-03  3.1754E-07 -2.3685E-04 -2.5654E-04
  1.3670E-03  3.3176E-07 -2.4598E-04 -2.6644E-04
  1.3971E-03  3.4655E-07 -2.5544E-04 -2.7668E-04
  1.4278E-03  3.6194E-07 -2.6521E-04 -2.8727E-04
  1.4590E-03  3.7795E-07 -2.7533E-04 -2.9823E-04
  1.4908E-03  3.9460E-07 -2.8579E-04 -3.0956E-04
  1.5232E-03  4.1192E-07 -2.9661E-04 -3.2128E-04
  1.5561E-03  4.2993E-07 -3.0780E-04 -3.3340E-04
  1.5897E-03  4.4867E-07 -3.1938E-04 -3.4594E-04
  1.6238E-03  4.6815E-07 -3.3135E-04 -3.5891E-04
  1.6586E-03  4.8841E-07 -3.4373E-04 -3.7232E-04
  1.6940E-03  5.0947E-07 -3.5653E-04 -3.8618E-04
  1.7300E-03  5.3137E-07 -3.6976E-04 -4.0051E-04
  1.7667E-03  5.5414E-07 -3.8344E-04 -4.1533E-04
  1.8040E-03  5.7780E-07 -3.9759E-04 -4.3066E-04
  1.8420E-03  6.0240E-07 -4.1221E-04 -4.4650E-04
  1.8807E-03  6.2798E-07 -4.2732E-04 -4.6287E-04
  1.9201E-03  6.5455E-07 -4.4295E-04 -4.7980E-04
  1.9602E-03  6.8217E-07 -4.5910E-04 -4.9729E-04
  2.0010E-03  7.1088E-07 -4.7579E-04 -5.1537E-04
  2.0425E-03  7.4071E-07 -4.9304E-04 -5.3406E-04
  2.0848E-03  7.7170E-07 -5.1087E-04 -5.5337E-04
  2.1279E-03  8.0391E-07 -5.2930E-04 -5.7333E-04
  2.1717E-03  8.3737E-07 -5.4834E-04 -5.9395E-04
  2.2163E-03  8.7213E-07 -5.6801E-04 -6.1526E-04
  2.2618E-03  9.0825E-07 -5.8834E-04 -6.3728E-04
  2.3080E-03  9.4577E-07 -6.0934E-04 -6.6003E-04
  2.3551E-03  9.8474E-07 -6.3104E-04 -6.8354E-04
  2.4030E-03  1.0252E-06 -6.5345E-04 -7.0782E-04
  2.4518E-03  1.0673E-06 -6.7660E-04 -7.3290E-04
  2.5015E-03  1.1110E-06 -7.0052E-04 -7.5881E-04
  2.5520E-03  1.1563E-06 -7.2523E-04 -7.8557E-04
  2.6035E-03  1.2034E-06 -7.5075E-04 -8.1321E-04
  2.6559E-03  1.2523E-06 -7.7710E-04 -8.4176E-04
  2.7092E-03  1.3032E-06 -8.0432E-04 -8.7124E-04
  2.7635E-03  1.3559E-06 -8.3242E-04 -9.0169E-04
  2.8188E-03  1.4107E-06 -8.6145E-04 -9.3313E-04
  2.8750E-03  1.4676E-06 -8.9142E-04 -9.6560E-04
  2.9323E-03  1.5266E-06 -9.2236E-04 -9.9912E-04
  2.9906E-03  1.5880E-06 -9.5431E-04 -1.0337E-03
  3.0500E-03  1.6516E-06 -9.8729E-04 -1.0695E-03
  3.1104E-03  1.7177E-06 -1.0213E-03 -1.1063E-03
  3.1720E-03  1.7863E-06 -1.0565E-03 -1.1444E-03
  3.2346E-03  1.8576E-06 -1.0928E-03 -1.1837E-03
  3.2983E-03  1.9315E-06 -1.1302E-03 -1.2243E-03
  3.3632E-03  2.0083E-06 -1.1689E-03 -1.2662E-03
  3.4293E-03  2.0879E-06 -1.2088E-03 -1.3094E-03
  3.4966E-03  2.1706E-06 -1.2499E-03 -1.3540E-03
  3.5650E-03  2.2565E-06 -1.2924E-03 -1.4000E-03
  3.6347E-03  2.3456E-06 -1.3362E-03 -1.4475E-03
  3.7057E-03  2.4381E-06 -1.3815E-03 -1.4965E-03
  3.7779E-03  2.5340E-06 -1.4281E-03 -1.5470E-03
  3.8514E-03  2.6336E-06 -1.4763E-03 -1.5991E-03
  3.9263E-03  2.7370E-06 -1.5259E-03 -1.6529E-03
  4.0025E-03  2.8443E-06 -1.5771E-03 -1.7084E-03
  4.0801E-03  2.9556E-06 -1.6300E-03 -1.7657E-03
  4.1590E-03  3.0711E-06 -1.6845E-03 -1.8247E-03
  4.2394E-03  3.1910E-06 -1.7407E-03 -1.8856E-03
  4.3213E-03  3.3153E-06 -1.7986E-03 -1.9483E-03
  4.4046E-03  3.4444E-06 -1.8584E-03 -2.0131E-03
  4.4894E-03  3.5783E-06 -1.9200E-03 -2.0798E-03
  4.5757E-03  3.7173E-06 -1.9835E-03 -2.1486E-03
  4.6636E-03  3.8615E-06 -2.0490E-03 -2.2196E-03
  4.7531E-03  4.0110E-06 -2.1165E-03 -2.2927E-03
  4.8442E-03  4.1662E-06 -2.1861E-03 -2.3681E-03
  4.9369E-03  4.3273E-06 -2.2578E-03 -2.4458E-03
  5.0313E-03  4.4943E-06 -2.3317E-03 -2.5258E-03
  5.1274E-03  4.6676E-06 -2.4078E-03 -2.6083E-03
  5.2252E-03  4.8474E-06 -2.4863E-03 -2.6934E-03
  5.3248E-03  5.0339E-06 -2.5672E-03 -2.7810E-03
  5.4261E-03  5.2274E-06 -2.6505E-03 -2.8712E-03
  5.5293E-03  5.4281E-06 -2.7363E-03 -2.9642E-03
  5.6344E-03  5.6364E-06 -2.8247E-03 -3.0599E-03
  5.7413E-03  5.8524E-06 -2.9158E-03 -3.1586E-03
  5.8502E-03  6.0764E-06 -3.0095E-03 -3.2602E-03
  5.9610E-03  6.3088E-06 -3.1061E-03 -3.3648E-03
  6.0739E-03  6.5499E-06 -3.2055E-03 -3.4725E-03
  6.1887E-03  6.7999E-06 -3.3078E-03 -3.5834E-03
  6.3056E-03  7.0593E-06 -3.4132E-03 -3.6975E-03
  6.4247E-03  7.3283E-06 -3.5217E-03 -3.8150E-03
  6.5458E-03  7.6073E-06 -3.6333E-03 -3.9360E-03
  6.6692E-03  7.8967E-06 -3.7482E-03 -4.0604E-03
  6.7947E-03  8.1969E-06 -3.8664E-03 -4.1885E-03
  6.9226E-03  8.5082E-06 -3.9881E-03 -4.3203E-03
  7.0527E-03  8.8311E-06 -4.1132E-03 -4.4558E-03
  7.1852E-03  9.1659E-06 -4.2419E-03 -4.5953E-03
  7.3200E-03  9.5132E-06 -4.3743E-03 -4.7387E-03
  7.4573E-03  9.8734E-06 -4.5105E-03 -4.8863E-03
  7.5971E-03  1.0247E-05 -4.6505E-03 -5.0379E-03
  7.7393E-03  1.0634E-05 -4.7944E-03 -5.1939E-03
  7.8842E-03  1.1036E-05 -4.9424E-03 -5.3542E-03
  8.0316E-03  1.1453E-05 -5.0945E-03 -5.5190E-03
  8.1817E-03  1.1885E-05 -5.2509E-03 -5.6884E-03
  8.3345E-03  1.2333E-05 -5.4115E-03 -5.8625E-03
  8.4900E-03  1.2797E-05 -5.5766E-03 -6.0413E-03
  8.6484E-03  1.3279E-05 -5.7461E-03 -6.2250E-03
  8.8095E-03  1.3779E-05 -5.9203E-03 -6.4137E-03
  8.9736E-03  1.4297E-05 -6.0992E-03 -6.6075E-03
  9.1407E-03  1.4834E-05 -6.2829E-03 -6.8065E-03
  9.3107E-03  1.5391E-05 -6.4715E-03 -7.0108E-03
  9.4839E-03  1.5969E-05 -6.6650E-03 -7.2206E-03
  9.6601E-03  1.6568E-05 -6.8637E-03 -7.4359E-03
  9.8395E-03  1.7189E-05 -7.0676E-03 -7.6568E-03
  1.0022E-02  1.7833E-05 -7.2768E-03 -7.8834E-03
  1.0208E-02  1.8500E-05 -7.4914E-03 -8.1159E-03
  1.0397E-02  1.9193E-05 -7.7115E-03 -8.3544E-03
  1.0590E-02  1.9911E-05 -7.9372E-03 -8.5990E-03
  1.0786E-02  2.0655E-05 -8.1686E-03 -8.8497E-03
  1.0986E-02  2.1427E-05 -8.4058E-03 -9.1067E-03
  1.1189E-02  2.2227E-05 -8.6489E-03 -9.3701E-03
  1.1396E-02  2.3056E-05 -8.8980E-03 -9.6400E-03
  1.1607E-02  2.3917E-05 -9.1532E-03 -9.9165E-03
  1.1821E-02  2.4808E-05 -9.4146E-03 -1.0200E-02
  1.2039E-02  2.5733E-05 -9.6822E-03 -1.0490E-02
  1.2262E-02  2.6692E-05 -9.9563E-03 -1.0787E-02
  1.2488E-02  2.7686E-05 -1.0237E-02 -1.1091E-02
  1.2718E-02  2.8716E-05 -1.0524E-02 -1.1402E-02
  1.2952E-02  2.9785E-05 -1.0817E-02 -1.1720E-02
  1.3191E-02  3.0892E-05 -1.1118E-02 -1.2045E-02
  1.3434E-02  3.2041E-05 -1.1425E-02 -1.2378E-02
  1.3681E-02  3.3231E-05 -1.1739E-02 -1.2718E-02
  1.3933E-02  3.4465E-05 -1.2060E-02 -1.3066E-02
  1.4189E-02  3.5745E-05 -1.2388E-02 -1.3421E-02
  1.4450E-02  3.7072E-05 -1.2723E-02 -1.3784E-02
  1.4716E-02  3.8447E-05 -1.3065E-02 -1.4155E-02
  1.4986E-02  3.9873E-05 -1.3414E-02 -1.4533E-02
  1.5262E-02  4.1351E-05 -1.3770E-02 -1.4919E-02
  1.5542E-02  4.2883E-05 -1.4134E-02 -1.5313E-02
  1.5827E-02  4.4471E-05 -1.4505E-02 -1.5715E-02
  1.6118E-02  4.6118E-05 -1.4883E-02 -1.6125E-02
  1.6413E-02  4.7825E-05 -1.5268E-02 -1.6543E-02
  1.6714E-02  4.9595E-05 -1.5661E-02 -1.6968E-02
  1.7020E-02  5.1430E-05 -1.6061E-02 -1.7402E-02
  1.7332E-02  5.3331E-05 -1.6468E-02 -1.7843E-02
  1.7650E-02  5.5303E-05 -1.6883E-02 -1.8293E-02
  1.7973E-02  5.7347E-05 -1.7305E-02 -1.8750E-02
  1.8302E-02  5.9465E-05 -1.7734E-02 -1.9215E-02
  1.8637E-02  6.1661E-05 -1.8170E-02 -1.9688E-02
  1.8978E-02  6.3938E-05 -1.8613E-02 -2.0168E-02
  1.9325E-02  6.6298E-05 -1.9063E-02 -2.0656E-02
  1.9678E-02  6.8744E-05 -1.9520E-02 -2.1151E-02
  2.0038E-02  7.1280E-05 -1.9984E-02 -2.1654E-02
  2.0404E-02  7.3909E-05 -2.0455E-02 -2.2164E-02
  2.0777E-02  7.6634E-05 -2.0932E-02 -2.2681E-02
  2.1157E-02  7.9458E-05 -2.1415E-02 -2.3205E-02
  2.1543E-02  8.2386E-05 -2.1905E-02 -2.3736E-02
  2.1936E-02  8.5421E-05 -2.2401E-02 -2.4273E-02
  2.2337E-02  8.8567E-05 -2.2902E-02 -2.4817E-02
  2.2744E-02  9.1828E-05 -2.3409E-02 -2.5366E-02
  2.3159E-02  9.5208E-05 -2.3921E-02 -2.5922E-02
  2.3581E-02  9.8712E-05 -2.4439E-02 -2.6483E-02
  2.4011E-02  1.0234E-04 -2.4961E-02 -2.7049E-02
  2.4449E-02  1.0611E-04 -2.5487E-02 -2.7620E-02
  2.4895E-02  1.1001E-04 -2.6018E-02 -2.8195E-02
  2.5348E-02  1.1405E-04 -2.6552E-02 -2.8774E-02
  2.5810E-02  1.1825E-04 -2.7090E-02 -2.9357E-02
  2.6280E-02  1.2259E-04 -2.7631E-02 -2.9943E-02
  2.6759E-02  1.2710E-04 -2.8174E-02 -3.0532E-02
  2.7246E-02  1.3176E-04 -2.8719E-02 -3.1123E-02
  2.7742E-02  1.3660E-04 -2.9265E-02 -3.1716E-02
  2.8246E-02  1.4162E-04 -2.9813E-02 -3.2310E-02
  2.8760E-02  1.4682E-04 -3.0361E-02 -3.2904E-02
  2.9283E-02  1.5221E-04 -3.0909E-02 -3.3498E-02
  2.9816E-02  1.5779E-04 -3.1456E-02 -3.4092E-02
  3.0358E-02  1.6358E-04 -3.2001E-02 -3.4684E-02
  3.0910E-02  1.6958E-04 -3.2545E-02 -3.5273E-02
  3.1472E-02  1.7580E-04 -3.3086E-02 -3.5860E-02
  3.2044E-02  1.8225E-04 -3.3623E-02 -3.6442E-02
  3.2626E-02  1.8893E-04 -3.4155E-02 -3.7020E-02
  3.3219E-02  1.9585E-04 -3.4683E-02 -3.7593E-02
  3.3822E-02  2.0303E-04 -3.5204E-02 -3.8159E-02
  3.4437E-02  2.1047E-04 -3.5719E-02 -3.8717E-02
  3.5062E-02  2.1818E-04 -3.6225E-02 -3.9267E-02
  3.5699E-02  2.2617E-04 -3.6723E-02 -3.9807E-02
  3.6347E-02  2.3445E-04 -3.7211E-02 -4.0337E-02
  3.7006E-02  2.4304E-04 -3.7688E-02 -4.0855E-02
  3.7678E-02  2.5193E-04 -3.8153E-02 -4.1360E-02
  3.8362E-02  2.6115E-04 -3.8605E-02 -4.1851E-02
  3.9058E-02  2.7071E-04 -3.9042E-02 -4.2326E-02
  3.9766E-02  2.8062E-04 -3.9465E-02 -4.2785E-02
  4.0487E-02  2.9088E-04 -3.9870E-02 -4.3227E-02
  4.1222E-02  3.0152E-04 -4.0258E-02 -4.3648E-02
  4.1969E-02  3.1255E-04 -4.0627E-02 -4.4049E-02
  4.2730E-02  3.2398E-04 -4.0975E-02 -4.4428E-02
  4.3505E-02  3.3582E-04 -4.1301E-02 -4.4784E-02
  4.4293E-02  3.4810E-04 -4.1604E-02 -4.5114E-02
  4.5096E-02  3.6082E-04 -4.1883E-02 -4.5418E-02
  4.5913E-02  3.7401E-04 -4.2135E-02 -4.5693E-02
  4.6745E-02  3.8768E-04 -4.2360E-02 -4.5939E-02
  4.7592E-02  4.0184E-04 -4.2556E-02 -4.6153E-02
  4.8454E-02  4.1652E-04 -4.2721E-02 -4.6335E-02
  4.9332E-02  4.3173E-04 -4.2855E-02 -4.6482E-02
  5.0225E-02  4.4750E-04 -4.2954E-02 -4.6592E-02
  5.1134E-02  4.6384E-04 -4.3019E-02 -4.6665E-02
  5.2060E-02  4.8077E-04 -4.3047E-02 -4.6698E-02
  5.3003E-02  4.9832E-04 -4.3036E-02 -4.6689E-02
  5.3962E-02  5.1651E-04 -4.2986E-02 -4.6637E-02
  5.4939E-02  5.3536E-04 -4.2894E-02 -4.6541E-02
  5.5933E-02  5.5489E-04 -4.2759E-02 -4.6398E-02
  5.6946E-02  5.7514E-04 -4.2579E-02 -4.6207E-02
  5.7976E-02  5.9612E-04 -4.2354E-02 -4.5966E-02
  5.9025E-02  6.1786E-04 -4.2080E-02 -4.5674E-02
  6.0093E-02  6.4039E-04 -4.1758E-02 -4.5328E-02
  6.1180E-02  6.6374E-04 -4.1385E-02 -4.4928E-02
  6.2287E-02  6.8794E-04 -4.0959E-02 -4.4471E-02
  6.3413E-02  7.1302E-04 -4.0481E-02 -4.3957E-02
  6.4560E-02  7.3901E-04 -3.9947E-02 -4.3384E-02
  6.5728E-02  7.6594E-04 -3.9357E-02 -4.2749E-02
  6.6916E-02  7.9385E-04 -3.8710E-02 -4.2053E-02
  6.8126E-02  8.2277E-04 -3.8004E-02 -4.1294E-02
  6.9358E-02  8.5274E-04 -3.7239E-02 -4.0470E-02
  7.0612E-02  8.8380E-04 -3.6413E-02 -3.9581E-02
  7.1888E-02  9.1599E-04 -3.5525E-02 -3.8625E-02
  7.3188E-02  9.4934E-04 -3.4575E-02 -3.7601E-02
  7.4510E-02  9.8391E-04 -3.3562E-02 -3.6510E-02
  7.5857E-02  1.0197E-03 -3.2485E-02 -3.5350E-02
  7.7228E-02  1.0568E-03 -3.1343E-02 -3.4120E-02
  7.8623E-02  1.0953E-03 -3.0137E-02 -3.2820E-02
  8.0044E-02  1.1352E-03 -2.8866E-02 -3.1451E-02
  8.1490E-02  1.1765E-03 -2.7531E-02 -3.0012E-02
  8.2962E-02  1.2193E-03 -2.6130E-02 -2.8502E-02
  8.4461E-02  1.2636E-03 -2.4665E-02 -2.6923E-02
  8.5987E-02  1.3095E-03 -2.3135E-02 -2.5274E-02
  8.7540E-02  1.3572E-03 -2.1542E-02 -2.3557E-02
  8.9121E-02  1.4065E-03 -1.9886E-02 -2.1772E-02
  9.0730E-02  1.4576E-03 -1.8168E-02 -1.9921E-02
  9.2369E-02  1.5106E-03 -1.6389E-02 -1.8004E-02
  9.4037E-02  1.5655E-03 -1.4551E-02 -1.6023E-02
  9.5735E-02  1.6224E-03 -1.2654E-02 -1.3979E-02
  9.7464E-02  1.6813E-03 -1.0702E-02 -1.1876E-02
  9.9223E-02  1.7424E-03 -8.6962E-03 -9.7144E-03
  1.0101E-01  1.8056E-03 -6.6383E-03 -7.4972E-03
  1.0284E-01  1.8712E-03 -4.5312E-03 -5.2272E-03
  1.0469E-01  1.9391E-03 -2.3777E-03 -2.9074E-03
  1.0658E-01  2.0095E-03 -1.8064E-04 -5.4093E-04
  1.0851E-01  2.0824E-03  2.0567E-03  1.8686E-03
  1.1047E-01  2.1580E-03  4.3307E-03  4.3173E-03
  1.1246E-01  2.2362E-03  6.6378E-03  6.8012E-03
  1.1449E-01  2.3173E-03  8.9739E-03  9.3160E-03
  1.1656E-01  2.4013E-03  1.1335E-02  1.1857E-02
  1.1866E-01  2.4884E-03  1.3716E-02  1.4419E-02
  1.2080E-01  2.5786E-03  1.6112E-02  1.6998E-02
  1.2298E-01  2.6720E-03  1.8520E-02  1.9587E-02
  1.2520E-01  2.7688E-03  2.0932E-02  2.2181E-02
  1.2746E-01  2.8691E-03  2.3344E-02  2.4774E-02
  1.2976E-01  2.9730E-03  2.5750E-02  2.7360E-02
  1.3210E-01  3.0806E-03  2.8145E-02  2.9932E-02
  1.3448E-01  3.1921E-03  3.0522E-02  3.2484E-02
  1.3691E-01  3.3076E-03  3.2874E-02  3.5009E-02
  1.3938E-01  3.4272E-03  3.5195E-02  3.7500E-02
  1.4189E-01  3.5512E-03  3.7480E-02  3.9949E-02
  1.4445E-01  3.6796E-03  3.9719E-02  4.2349E-02
  1.4706E-01  3.8125E-03  4.1908E-02  4.4693E-02
  1.4971E-01  3.9503E-03  4.4038E-02  4.6972E-02
  1.5241E-01  4.0930E-03  4.6103E-02  4.9179E-02
  1.5516E-01  4.2408E-03  4.8094E-02  5.1307E-02
  1.5796E-01  4.3939E-03  5.0006E-02  5.3346E-02
  1.6080E-01  4.5524E-03  5.1829E-02  5.5289E-02
  1.6370E-01  4.7166E-03  5.3558E-02  5.7128E-02
  1.6666E-01  4.8867E-03  5.5184E-02  5.8854E-02
  1.6966E-01  5.0629E-03  5.6701E-02  6.0461E-02
  1.7272E-01  5.2453E-03  5.8100E-02  6.1939E-02
  1.7583E-01  5.4343E-03  5.9375E-02  6.3281E-02
  1.7900E-01  5.6299E-03  6.0518E-02  6.4480E-02
  1.8223E-01  5.8326E-03  6.1524E-02  6.5528E-02
  1.8552E-01  6.0424E-03  6.2384E-02  6.6417E-02
  1.8886E-01  6.2597E-03  6.3093E-02  6.7141E-02
  1.9227E-01  6.4847E-03  6.3645E-02  6.7693E-02
  1.9573E-01  6.7177E-03  6.4034E-02  6.8066E-02
  1.9926E-01  6.9589E-03  6.4253E-02  6.8255E-02
  2.0285E-01  7.2087E-03  6.4299E-02  6.8255E-02
  2.0651E-01  7.4673E-03  6.4166E-02  6.8059E-02
  2.1023E-01  7.7351E-03  6.3850E-02  6.7663E-02
  2.1402E-01  8.0123E-03  6.3348E-02  6.7063E-02
  2.1788E-01  8.2992E-03  6.2655E-02  6.6256E-02
  2.2181E-01  8.5963E-03  6.1770E-02  6.5239E-02
  2.2580E-01  8.9038E-03  6.0690E-02  6.4009E-02
  2.2987E-01  9.2222E-03  5.9413E-02  6.2565E-02
  2.3402E-01  9.5517E-03  5.7939E-02  6.0905E-02
  2.3823E-01  9.8927E-03  5.6267E-02  5.9030E-02
  2.4253E-01  1.0246E-02  5.4399E-02  5.6939E-02
  2.4690E-01  1.0611E-02  5.2334E-02  5.4635E-02
  2.5135E-01  1.0989E-02  5.0076E-02  5.2119E-02
  2.5588E-01  1.1380E-02  4.7626E-02  4.9394E-02
  2.6049E-01  1.1785E-02  4.4988E-02  4.6465E-02
  2.6518E-01  1.2204E-02  4.2167E-02  4.3334E-02
  2.6996E-01  1.2637E-02  3.9167E-02  4.0009E-02
  2.7482E-01  1.3086E-02  3.5994E-02  3.6496E-02
  2.7977E-01  1.3550E-02  3.2654E-02  3.2801E-02
  2.8482E-01  1.4030E-02  2.9156E-02  2.8932E-02
  2.8995E-01  1.4526E-02  2.5508E-02  2.4900E-02
  2.9517E-01  1.5040E-02  2.1717E-02  2.0712E-02
  3.0049E-01  1.5571E-02  1.7795E-02  1.6381E-02
  3.0590E-01  1.6120E-02  1.3751E-02  1.1918E-02
  3.1141E-01  1.6688E-02  9.5975E-03  7.3349E-03
  3.1702E-01  1.7276E-02  5.3457E-03  2.6447E-03
  3.2274E-01  1.7883E-02  1.0084E-03 -2.1386E-03
  3.2855E-01  1.8511E-02 -3.4011E-03 -7.0004E-03
  3.3447E-01  1.9160E-02 -7.8689E-03 -1.1926E-02
  3.4049E-01  1.9832E-02 -1.2380E-02 -1.6898E-02
  3.4663E-01  2.0525E-02 -1.6921E-02 -2.1902E-02
  3.5287E-01  2.1242E-02 -2.1475E-02 -2.6921E-02
  3.5923E-01  2.1983E-02 -2.6026E-02 -3.1936E-02
  3.6570E-01  2.2749E-02 -3.0560E-02 -3.6931E-02
  3.7229E-01  2.3540E-02 -3.5058E-02 -4.1888E-02
  3.7899E-01  2.4358E-02 -3.9504E-02 -4.6787E-02
  3.8582E-01  2.5202E-02 -4.3883E-02 -5.1612E-02
  3.9277E-01  2.6074E-02 -4.8176E-02 -5.6343E-02
  3.9985E-01  2.6975E-02 -5.2367E-02 -6.0962E-02
  4.0705E-01  2.7905E-02 -5.6440E-02 -6.5450E-02
  4.1438E-01  2.8866E-02 -6.0377E-02 -6.9791E-02
  4.2184E-01  2.9858E-02 -6.4162E-02 -7.3964E-02
  4.2944E-01  3.0882E-02 -6.7779E-02 -7.7953E-02
  4.3718E-01  3.1939E-02 -7.1212E-02 -8.1740E-02
  4.4505E-01  3.3029E-02 -7.4444E-02 -8.5308E-02
  4.5306E-01  3.4155E-02 -7.7461E-02 -8.8639E-02
  4.6122E-01  3.5316E-02 -8.0248E-02 -9.1718E-02
  4.6953E-01  3.6514E-02 -8.2790E-02 -9.4530E-02
  4.7799E-01  3.7750E-02 -8.5075E-02 -9.7058E-02
  4.8660E-01  3.9024E-02 -8.7089E-02 -9.9290E-02
  4.9536E-01  4.0338E-02 -8.8820E-02 -1.0121E-01
  5.0428E-01  4.1693E-02 -9.0258E-02 -1.0281E-01
  5.1336E-01  4.3089E-02 -9.1393E-02 -1.0408E-01
  5.2261E-01  4.4528E-02 -9.2216E-02 -1.0501E-01
  5.3202E-01  4.6012E-02 -9.2720E-02 -1.0559E-01
  5.4160E-01  4.7540E-02 -9.2897E-02 -1.0581E-01
  5.5135E-01  4.9114E-02 -9.2743E-02 -1.0567E-01
  5.6128E-01  5.0735E-02 -9.2253E-02 -1.0516E-01
  5.7139E-01  5.2404E-02 -9.1425E-02 -1.0428E-01
  5.8168E-01  5.4123E-02 -9.0256E-02 -1.0303E-01
  5.9215E-01  5.5892E-02 -8.8745E-02 -1.0141E-01
  6.0282E-01  5.7712E-02 -8.6895E-02 -9.9413E-02
  6.1367E-01  5.9585E-02 -8.4705E-02 -9.7048E-02
  6.2472E-01  6.1512E-02 -8.2180E-02 -9.4318E-02
  6.3597E-01  6.3494E-02 -7.9324E-02 -9.1228E-02
  6.4742E-01  6.5532E-02 -7.6142E-02 -8.7783E-02
  6.5908E-01  6.7627E-02 -7.2641E-02 -8.3991E-02
  6.7095E-01  6.9781E-02 -6.8828E-02 -7.9862E-02
  6.8303E-01  7.1994E-02 -6.4711E-02 -7.5404E-02
  6.9533E-01  7.4268E-02 -6.0301E-02 -7.0629E-02
  7.0785E-01  7.6604E-02 -5.5608E-02 -6.5549E-02
  7.2060E-01  7.9003E-02 -5.0642E-02 -6.0177E-02
  7.3357E-01  8.1466E-02 -4.5416E-02 -5.4525E-02
  7.4678E-01  8.3994E-02 -3.9942E-02 -4.8610E-02
  7.6023E-01  8.6590E-02 -3.4233E-02 -4.2444E-02
  7.7391E-01  8.9253E-02 -2.8302E-02 -3.6045E-02
  7.8785E-01  9.1985E-02 -2.2164E-02 -2.9429E-02
  8.0203E-01  9.4788E-02 -1.5832E-02 -2.2611E-02
  8.1648E-01  9.7663E-02 -9.3210E-03 -1.5608E-02
  8.3118E-01  1.0061E-01 -2.6450E-03 -8.4369E-03
  8.4614E-01  1.0363E-01  4.1818E-03 -1.1147E-03
  8.6138E-01  1.0673E-01  1.1145E-02  6.3422E-03
  8.7688E-01  1.0991E-01  1.8231E-02  1.3917E-02
  8.9267E-01  1.1316E-01  2.5425E-02  2.1594E-02
  9.0874E-01  1.1650E-01  3.2715E-02  2.9358E-02
  9.2511E-01  1.1992E-01  4.0088E-02  3.7193E-02
  9.4176E-01  1.2342E-01  4.7532E-02  4.5085E-02
  9.5872E-01  1.2701E-01  5.5035E-02  5.3019E-02
  9.7598E-01  1.3069E-01  6.2586E-02  6.0984E-02
  9.9355E-01  1.3446E-01  7.0177E-02  6.8968E-02
  1.0114E+00  1.3832E-01  7.7797E-02  7.6959E-02
  1.0296E+00  1.4228E-01  8.5440E-02  8.4947E-02
  1.0482E+00  1.4634E-01  9.3099E-02  9.2926E-02
  1.0671E+00  1.5050E-01  1.0077E-01  1.0089E-01
  1.0863E+00  1.5476E-01  1.0844E-01  1.0882E-01
  1.1058E+00  1.5914E-01  1.1612E-01  1.1674E-01
  1.1257E+00  1.6364E-01  1.2380E-01  1.2462E-01
  1.1460E+00  1.6825E-01  1.3148E-01  1.3247E-01
  1.1666E+00  1.7299E-01  1.3916E-01  1.4029E-01
  1.1876E+00  1.7787E-01  1.4685E-01  1.4808E-01
  1.2090E+00  1.8288E-01  1.5454E-01  1.5585E-01
  1.2308E+00  1.8804E-01  1.6225E-01  1.6361E-01
  1.2529E+00  1.9336E-01  1.6998E-01  1.7135E-01
  1.2755E+00  1.9885E-01  1.7775E-01  1.7910E-01
  1.2985E+00  2.0451E-01  1.8555E-01  1.8686E-01
  1.3218E+00  2.1037E-01  1.9341E-01  1.9466E-01
  1.3456E+00  2.1644E-01  2.0134E-01  2.0250E-01
  1.3698E+00  2.2273E-01  2.0937E-01  2.1041E-01
  1.3945E+00  2.2926E-01  2.1750E-01  2.1842E-01
  1.4196E+00  2.3605E-01  2.2576E-01  2.2655E-01
  1.4452E+00  2.4313E-01  2.3419E-01  2.3483E-01
  1.4712E+00  2.5053E-01  2.4281E-01  2.4329E-01
  1.4977E+00  2.5827E-01  2.5166E-01  2.5198E-01
  1.5246E+00  2.6639E-01  2.6077E-01  2.6094E-01
  1.5521E+00  2.7492E-01  2.7020E-01  2.7021E-01
  1.5800E+00  2.8392E-01  2.7998E-01  2.7985E-01
  1.6085E+00  2.9343E-01  2.9018E-01  2.8993E-01
  1.6374E+00  3.0351E-01  3.0086E-01  3.0049E-01
  1.6669E+00  3.1422E-01  3.1209E-01  3.1162E-01
  1.6969E+00  3.2563E-01  3.2394E-01  3.2340E-01
  1.7274E+00  3.3782E-01  3.3651E-01  3.3591E-01
  1.7585E+00  3.5089E-01  3.4988E-01  3.4925E-01
  1.7902E+00  3.6493E-01  3.6418E-01  3.6354E-01
  1.8224E+00  3.8006E-01  3.7952E-01  3.7888E-01
  1.8552E+00  3.9642E-01  3.9603E-01  3.9543E-01
  1.8886E+00  4.1414E-01  4.1387E-01  4.1331E-01
  1.9226E+00  4.3339E-01  4.3321E-01  4.3271E-01
  1.9572E+00  4.5435E-01  4.5424E-01  4.5380E-01
  1.9925E+00  4.7723E-01  4.7717E-01  4.7680E-01
  2.0283E+00  5.0227E-01  5.0223E-01  5.0192E-01
  2.0648E+00  5.2971E-01  5.2970E-01  5.2945E-01
  2.1020E+00  5.5986E-01  5.5985E-01  5.5966E-01
  2.1399E+00  5.9303E-01  5.9303E-01  5.9288E-01
  2.1784E+00  6.2961E-01  6.2961E-01  6.2950E-01
  2.2176E+00  6.7000E-01  6.7000E-01  6.6992E-01
  2.2575E+00  7.1468E-01  7.1468E-01  7.1463E-01
  2.2981E+00  7.6419E-01  7.6419E-01  7.6417E-01
  2.3395E+00  8.1915E-01  8.1915E-01  8.1915E-01
  2.3816E+00  8.8025E-01  8.8025E-01  8.8027E-01
  2.4245E+00  9.4829E-01  9.4829E-01  9.4834E-01
  2.4681E+00  1.0242E+00  1.0242E+00  1.0243E+00
  2.5126E+00  1.1090E+00  1.1090E+00  1.1091E+00
  2.5578E+00  1.2040E+00  1.2040E+00  1.2041E+00
  2.6038E+00  1.3105E+00  1.3105E+00  1.3107E+00
  2.6507E+00  1.4302E+00  1.4302E+00  1.4304E+00
  2.6984E+00  1.5648E+00  1.5648E+00  1.5650E+00
  2.7470E+00  1.7167E+00  1.7167E+00  1.7169E+00
  2.7964E+00  1.8882E+00  1.8882E+00  1.8885E+00
