 # l=           2 basis function with energy     2.0000000000000000     
  0.0000E+00  0.0000E+00  0.0000E+00  0.0000E+00
  5.5354E-06  8.0461E-11  3.8824E-15  2.4244E-16
  1.1171E-05  5.0385E-10  3.1906E-14  1.9924E-15
  1.6907E-05  1.4885E-09  1.1062E-13  6.9080E-15
  2.2747E-05  3.2333E-09  2.6941E-13  1.6823E-14
  2.8692E-05  5.9341E-09  5.4065E-13  3.3761E-14
  3.4743E-05  9.7908E-09  9.5999E-13  5.9947E-14
  4.0904E-05  1.5009E-08  1.5666E-12  9.7826E-14
  4.7176E-05  2.1805E-08  2.4033E-12  1.5008E-13
  5.3560E-05  3.0404E-08  3.5171E-12  2.1962E-13
  6.0060E-05  4.1043E-08  4.9591E-12  3.0967E-13
  6.6676E-05  5.3974E-08  6.7852E-12  4.2370E-13
  7.3412E-05  6.9464E-08  9.0562E-12  5.6552E-13
  8.0268E-05  8.7795E-08  1.1838E-11  7.3924E-13
  8.7249E-05  1.0926E-07  1.5203E-11  9.4935E-13
  9.4354E-05  1.3419E-07  1.9228E-11  1.2007E-12
  1.0159E-04  1.6291E-07  2.3998E-11  1.4986E-12
  1.0895E-04  1.9579E-07  2.9604E-11  1.8486E-12
  1.1645E-04  2.3319E-07  3.6145E-11  2.2571E-12
  1.2408E-04  2.7553E-07  4.3727E-11  2.7305E-12
  1.3185E-04  3.2324E-07  5.2465E-11  3.2762E-12
  1.3976E-04  3.7677E-07  6.2484E-11  3.9018E-12
  1.4781E-04  4.3660E-07  7.3916E-11  4.6157E-12
  1.5600E-04  5.0325E-07  8.6906E-11  5.4269E-12
  1.6435E-04  5.7726E-07  1.0161E-10  6.3450E-12
  1.7284E-04  6.5922E-07  1.1819E-10  7.3804E-12
  1.8149E-04  7.4973E-07  1.3683E-10  8.5444E-12
  1.9029E-04  8.4945E-07  1.5772E-10  9.8488E-12
  1.9925E-04  9.5907E-07  1.8106E-10  1.1307E-11
  2.0837E-04  1.0793E-06  2.0709E-10  1.2932E-11
  2.1766E-04  1.2110E-06  2.3602E-10  1.4739E-11
  2.2711E-04  1.3549E-06  2.6813E-10  1.6744E-11
  2.3673E-04  1.5119E-06  3.0368E-10  1.8963E-11
  2.4653E-04  1.6829E-06  3.4296E-10  2.1416E-11
  2.5650E-04  1.8690E-06  3.8629E-10  2.4122E-11
  2.6665E-04  2.0711E-06  4.3399E-10  2.7101E-11
  2.7699E-04  2.2904E-06  4.8644E-10  3.0376E-11
  2.8751E-04  2.5280E-06  5.4400E-10  3.3970E-11
  2.9822E-04  2.7852E-06  6.0708E-10  3.7910E-11
  3.0912E-04  3.0632E-06  6.7613E-10  4.2221E-11
  3.2022E-04  3.3635E-06  7.5161E-10  4.6935E-11
  3.3152E-04  3.6875E-06  8.3401E-10  5.2080E-11
  3.4302E-04  4.0369E-06  9.2386E-10  5.7691E-11
  3.5473E-04  4.4131E-06  1.0217E-09  6.3803E-11
  3.6665E-04  4.8180E-06  1.1282E-09  7.0454E-11
  3.7878E-04  5.2534E-06  1.2440E-09  7.7683E-11
  3.9114E-04  5.7212E-06  1.3697E-09  8.5534E-11
  4.0371E-04  6.2235E-06  1.5061E-09  9.4051E-11
  4.1651E-04  6.7626E-06  1.6540E-09  1.0329E-10
  4.2955E-04  7.3406E-06  1.8142E-09  1.1329E-10
  4.4281E-04  7.9600E-06  1.9875E-09  1.2411E-10
  4.5632E-04  8.6234E-06  2.1750E-09  1.3582E-10
  4.7007E-04  9.3335E-06  2.3775E-09  1.4847E-10
  4.8406E-04  1.0093E-05  2.5963E-09  1.6213E-10
  4.9831E-04  1.0905E-05  2.8323E-09  1.7687E-10
  5.1281E-04  1.1774E-05  3.0869E-09  1.9276E-10
  5.2758E-04  1.2701E-05  3.3613E-09  2.0990E-10
  5.4261E-04  1.3691E-05  3.6569E-09  2.2836E-10
  5.5791E-04  1.4748E-05  3.9751E-09  2.4822E-10
  5.7349E-04  1.5875E-05  4.3174E-09  2.6960E-10
  5.8934E-04  1.7077E-05  4.6855E-09  2.9259E-10
  6.0549E-04  1.8358E-05  5.0812E-09  3.1730E-10
  6.2192E-04  1.9723E-05  5.5062E-09  3.4384E-10
  6.3865E-04  2.1177E-05  5.9626E-09  3.7234E-10
  6.5568E-04  2.2726E-05  6.4524E-09  4.0293E-10
  6.7302E-04  2.4374E-05  6.9779E-09  4.3574E-10
  6.9066E-04  2.6127E-05  7.5414E-09  4.7092E-10
  7.0863E-04  2.7993E-05  8.1453E-09  5.0864E-10
  7.2692E-04  2.9976E-05  8.7924E-09  5.4905E-10
  7.4554E-04  3.2085E-05  9.4855E-09  5.9233E-10
  7.6449E-04  3.4326E-05  1.0227E-08  6.3866E-10
  7.8379E-04  3.6707E-05  1.1022E-08  6.8825E-10
  8.0343E-04  3.9236E-05  1.1871E-08  7.4130E-10
  8.2343E-04  4.1922E-05  1.2780E-08  7.9804E-10
  8.4378E-04  4.4773E-05  1.3751E-08  8.5870E-10
  8.6450E-04  4.7799E-05  1.4789E-08  9.2353E-10
  8.8560E-04  5.1011E-05  1.5899E-08  9.9280E-10
  9.0707E-04  5.4418E-05  1.7083E-08  1.0668E-09
  9.2893E-04  5.8032E-05  1.8349E-08  1.1458E-09
  9.5119E-04  6.1865E-05  1.9699E-08  1.2301E-09
  9.7384E-04  6.5928E-05  2.1141E-08  1.3201E-09
  9.9691E-04  7.0236E-05  2.2678E-08  1.4162E-09
  1.0204E-03  7.4801E-05  2.4319E-08  1.5186E-09
  1.0443E-03  7.9638E-05  2.6068E-08  1.6278E-09
  1.0686E-03  8.4763E-05  2.7933E-08  1.7443E-09
  1.0934E-03  9.0192E-05  2.9920E-08  1.8684E-09
  1.1186E-03  9.5942E-05  3.2039E-08  2.0007E-09
  1.1443E-03  1.0203E-04  3.4295E-08  2.1416E-09
  1.1704E-03  1.0848E-04  3.6699E-08  2.2917E-09
  1.1970E-03  1.1530E-04  3.9258E-08  2.4515E-09
  1.2241E-03  1.2252E-04  4.1983E-08  2.6217E-09
  1.2516E-03  1.3016E-04  4.4884E-08  2.8028E-09
  1.2797E-03  1.3825E-04  4.7971E-08  2.9956E-09
  1.3083E-03  1.4681E-04  5.1256E-08  3.2007E-09
  1.3374E-03  1.5586E-04  5.4751E-08  3.4189E-09
  1.3670E-03  1.6543E-04  5.8468E-08  3.6511E-09
  1.3971E-03  1.7555E-04  6.2421E-08  3.8979E-09
  1.4278E-03  1.8625E-04  6.6624E-08  4.1604E-09
  1.4590E-03  1.9757E-04  7.1093E-08  4.4394E-09
  1.4908E-03  2.0953E-04  7.5843E-08  4.7360E-09
  1.5232E-03  2.2218E-04  8.0891E-08  5.0513E-09
  1.5561E-03  2.3555E-04  8.6255E-08  5.3862E-09
  1.5897E-03  2.4967E-04  9.1954E-08  5.7421E-09
  1.6238E-03  2.6459E-04  9.8008E-08  6.1201E-09
  1.6586E-03  2.8036E-04  1.0444E-07  6.5216E-09
  1.6940E-03  2.9702E-04  1.1127E-07  6.9480E-09
  1.7300E-03  3.1462E-04  1.1852E-07  7.4008E-09
  1.7667E-03  3.3321E-04  1.2621E-07  7.8815E-09
  1.8040E-03  3.5284E-04  1.3439E-07  8.3918E-09
  1.8420E-03  3.7357E-04  1.4306E-07  8.9334E-09
  1.8807E-03  3.9546E-04  1.5226E-07  9.5082E-09
  1.9201E-03  4.1857E-04  1.6203E-07  1.0118E-08
  1.9602E-03  4.4297E-04  1.7240E-07  1.0765E-08
  2.0010E-03  4.6873E-04  1.8339E-07  1.1452E-08
  2.0425E-03  4.9592E-04  1.9505E-07  1.2180E-08
  2.0848E-03  5.2462E-04  2.0742E-07  1.2953E-08
  2.1279E-03  5.5491E-04  2.2054E-07  1.3772E-08
  2.1717E-03  5.8688E-04  2.3445E-07  1.4641E-08
  2.2163E-03  6.2061E-04  2.4921E-07  1.5562E-08
  2.2618E-03  6.5620E-04  2.6484E-07  1.6538E-08
  2.3080E-03  6.9375E-04  2.8142E-07  1.7574E-08
  2.3551E-03  7.3337E-04  2.9900E-07  1.8671E-08
  2.4030E-03  7.7516E-04  3.1762E-07  1.9834E-08
  2.4518E-03  8.1924E-04  3.3736E-07  2.1067E-08
  2.5015E-03  8.6573E-04  3.5828E-07  2.2373E-08
  2.5520E-03  9.1477E-04  3.8045E-07  2.3757E-08
  2.6035E-03  9.6649E-04  4.0393E-07  2.5224E-08
  2.6559E-03  1.0210E-03  4.2881E-07  2.6777E-08
  2.7092E-03  1.0785E-03  4.5517E-07  2.8423E-08
  2.7635E-03  1.1392E-03  4.8309E-07  3.0167E-08
  2.8188E-03  1.2031E-03  5.1266E-07  3.2013E-08
  2.8750E-03  1.2705E-03  5.4398E-07  3.3969E-08
  2.9323E-03  1.3415E-03  5.7715E-07  3.6040E-08
  2.9906E-03  1.4164E-03  6.1227E-07  3.8233E-08
  3.0500E-03  1.4954E-03  6.4945E-07  4.0555E-08
  3.1104E-03  1.5786E-03  6.8883E-07  4.3014E-08
  3.1720E-03  1.6663E-03  7.3051E-07  4.5617E-08
  3.2346E-03  1.7587E-03  7.7464E-07  4.8373E-08
  3.2983E-03  1.8561E-03  8.2135E-07  5.1289E-08
  3.3632E-03  1.9587E-03  8.7079E-07  5.4377E-08
  3.4293E-03  2.0668E-03  9.2313E-07  5.7645E-08
  3.4966E-03  2.1808E-03  9.7851E-07  6.1103E-08
  3.5650E-03  2.3008E-03  1.0371E-06  6.4764E-08
  3.6347E-03  2.4272E-03  1.0992E-06  6.8637E-08
  3.7057E-03  2.5604E-03  1.1648E-06  7.2736E-08
  3.7779E-03  2.7008E-03  1.2342E-06  7.7072E-08
  3.8514E-03  2.8485E-03  1.3077E-06  8.1661E-08
  3.9263E-03  3.0042E-03  1.3855E-06  8.6515E-08
  4.0025E-03  3.1681E-03  1.4677E-06  9.1651E-08
  4.0801E-03  3.3407E-03  1.5547E-06  9.7083E-08
  4.1590E-03  3.5225E-03  1.6467E-06  1.0283E-07
  4.2394E-03  3.7140E-03  1.7441E-06  1.0891E-07
  4.3213E-03  3.9155E-03  1.8470E-06  1.1534E-07
  4.4046E-03  4.1277E-03  1.9559E-06  1.2214E-07
  4.4894E-03  4.3511E-03  2.0711E-06  1.2933E-07
  4.5757E-03  4.5863E-03  2.1929E-06  1.3694E-07
  4.6636E-03  4.8339E-03  2.3217E-06  1.4498E-07
  4.7531E-03  5.0946E-03  2.4579E-06  1.5349E-07
  4.8442E-03  5.3689E-03  2.6020E-06  1.6248E-07
  4.9369E-03  5.6576E-03  2.7542E-06  1.7199E-07
  5.0313E-03  5.9614E-03  2.9153E-06  1.8204E-07
  5.1274E-03  6.2812E-03  3.0855E-06  1.9267E-07
  5.2252E-03  6.6177E-03  3.2655E-06  2.0391E-07
  5.3248E-03  6.9718E-03  3.4558E-06  2.1579E-07
  5.4261E-03  7.3443E-03  3.6569E-06  2.2836E-07
  5.5293E-03  7.7363E-03  3.8696E-06  2.4163E-07
  5.6344E-03  8.1487E-03  4.0943E-06  2.5567E-07
  5.7413E-03  8.5825E-03  4.3319E-06  2.7051E-07
  5.8502E-03  9.0388E-03  4.5830E-06  2.8619E-07
  5.9610E-03  9.5188E-03  4.8485E-06  3.0276E-07
  6.0739E-03  1.0024E-02  5.1290E-06  3.2028E-07
  6.1887E-03  1.0555E-02  5.4255E-06  3.3879E-07
  6.3056E-03  1.1113E-02  5.7389E-06  3.5836E-07
  6.4247E-03  1.1700E-02  6.0700E-06  3.7904E-07
  6.5458E-03  1.2318E-02  6.4200E-06  4.0089E-07
  6.6692E-03  1.2967E-02  6.7898E-06  4.2398E-07
  6.7947E-03  1.3649E-02  7.1805E-06  4.4839E-07
  6.9226E-03  1.4367E-02  7.5935E-06  4.7417E-07
  7.0527E-03  1.5121E-02  8.0298E-06  5.0142E-07
  7.1852E-03  1.5914E-02  8.4908E-06  5.3020E-07
  7.3200E-03  1.6748E-02  8.9779E-06  5.6062E-07
  7.4573E-03  1.7624E-02  9.4926E-06  5.9276E-07
  7.5971E-03  1.8544E-02  1.0036E-05  6.2671E-07
  7.7393E-03  1.9512E-02  1.0611E-05  6.6258E-07
  7.8842E-03  2.0528E-02  1.1218E-05  7.0048E-07
  8.0316E-03  2.1596E-02  1.1859E-05  7.4051E-07
  8.1817E-03  2.2718E-02  1.2536E-05  7.8281E-07
  8.3345E-03  2.3897E-02  1.3252E-05  8.2748E-07
  8.4900E-03  2.5136E-02  1.4007E-05  8.7468E-07
  8.6484E-03  2.6436E-02  1.4806E-05  9.2454E-07
  8.8095E-03  2.7802E-02  1.5649E-05  9.7720E-07
  8.9736E-03  2.9237E-02  1.6540E-05  1.0328E-06
  9.1407E-03  3.0744E-02  1.7481E-05  1.0916E-06
  9.3107E-03  3.2326E-02  1.8475E-05  1.1536E-06
  9.4839E-03  3.3987E-02  1.9525E-05  1.2192E-06
  9.6601E-03  3.5731E-02  2.0633E-05  1.2884E-06
  9.8395E-03  3.7562E-02  2.1804E-05  1.3615E-06
  1.0022E-02  3.9484E-02  2.3041E-05  1.4388E-06
  1.0208E-02  4.1501E-02  2.4347E-05  1.5203E-06
  1.0397E-02  4.3618E-02  2.5727E-05  1.6065E-06
  1.0590E-02  4.5839E-02  2.7184E-05  1.6974E-06
  1.0786E-02  4.8170E-02  2.8722E-05  1.7935E-06
  1.0986E-02  5.0616E-02  3.0347E-05  1.8949E-06
  1.1189E-02  5.3182E-02  3.2063E-05  2.0021E-06
  1.1396E-02  5.5873E-02  3.3874E-05  2.1152E-06
  1.1607E-02  5.8697E-02  3.5788E-05  2.2347E-06
  1.1821E-02  6.1658E-02  3.7808E-05  2.3608E-06
  1.2039E-02  6.4763E-02  3.9941E-05  2.4940E-06
  1.2262E-02  6.8019E-02  4.2194E-05  2.6347E-06
  1.2488E-02  7.1432E-02  4.4573E-05  2.7832E-06
  1.2718E-02  7.5011E-02  4.7084E-05  2.9400E-06
  1.2952E-02  7.8763E-02  4.9736E-05  3.1056E-06
  1.3191E-02  8.2695E-02  5.2536E-05  3.2804E-06
  1.3434E-02  8.6815E-02  5.5493E-05  3.4650E-06
  1.3681E-02  9.1134E-02  5.8614E-05  3.6599E-06
  1.3933E-02  9.5658E-02  6.1910E-05  3.8657E-06
  1.4189E-02  1.0040E-01  6.5389E-05  4.0830E-06
  1.4450E-02  1.0536E-01  6.9063E-05  4.3124E-06
  1.4716E-02  1.1056E-01  7.2942E-05  4.5545E-06
  1.4986E-02  1.1601E-01  7.7036E-05  4.8102E-06
  1.5262E-02  1.2171E-01  8.1360E-05  5.0801E-06
  1.5542E-02  1.2768E-01  8.5923E-05  5.3651E-06
  1.5827E-02  1.3393E-01  9.0742E-05  5.6659E-06
  1.6118E-02  1.4048E-01  9.5828E-05  5.9835E-06
  1.6413E-02  1.4733E-01  1.0120E-04  6.3188E-06
  1.6714E-02  1.5449E-01  1.0687E-04  6.6727E-06
  1.7020E-02  1.6199E-01  1.1285E-04  7.0463E-06
  1.7332E-02  1.6983E-01  1.1917E-04  7.4407E-06
  1.7650E-02  1.7803E-01  1.2584E-04  7.8571E-06
  1.7973E-02  1.8661E-01  1.3288E-04  8.2966E-06
  1.8302E-02  1.9559E-01  1.4031E-04  8.7605E-06
  1.8637E-02  2.0497E-01  1.4815E-04  9.2503E-06
  1.8978E-02  2.1477E-01  1.5643E-04  9.7672E-06
  1.9325E-02  2.2502E-01  1.6517E-04  1.0313E-05
  1.9678E-02  2.3573E-01  1.7440E-04  1.0889E-05
  2.0038E-02  2.4692E-01  1.8414E-04  1.1497E-05
  2.0404E-02  2.5861E-01  1.9442E-04  1.2139E-05
  2.0777E-02  2.7082E-01  2.0527E-04  1.2816E-05
  2.1157E-02  2.8357E-01  2.1672E-04  1.3531E-05
  2.1543E-02  2.9689E-01  2.2881E-04  1.4286E-05
  2.1936E-02  3.1079E-01  2.4156E-04  1.5082E-05
  2.2337E-02  3.2530E-01  2.5503E-04  1.5923E-05
  2.2744E-02  3.4044E-01  2.6924E-04  1.6810E-05
  2.3159E-02  3.5623E-01  2.8425E-04  1.7747E-05
  2.3581E-02  3.7271E-01  3.0008E-04  1.8735E-05
  2.4011E-02  3.8990E-01  3.1679E-04  1.9778E-05
  2.4449E-02  4.0782E-01  3.3443E-04  2.0879E-05
  2.4895E-02  4.2650E-01  3.5305E-04  2.2042E-05
  2.5348E-02  4.4598E-01  3.7270E-04  2.3268E-05
  2.5810E-02  4.6627E-01  3.9343E-04  2.4562E-05
  2.6280E-02  4.8742E-01  4.1532E-04  2.5929E-05
  2.6759E-02  5.0944E-01  4.3842E-04  2.7370E-05
  2.7246E-02  5.3238E-01  4.6279E-04  2.8892E-05
  2.7742E-02  5.5626E-01  4.8852E-04  3.0498E-05
  2.8246E-02  5.8112E-01  5.1567E-04  3.2192E-05
  2.8760E-02  6.0699E-01  5.4433E-04  3.3981E-05
  2.9283E-02  6.3391E-01  5.7457E-04  3.5868E-05
  2.9816E-02  6.6191E-01  6.0648E-04  3.7860E-05
  3.0358E-02  6.9103E-01  6.4016E-04  3.9962E-05
  3.0910E-02  7.2130E-01  6.7570E-04  4.2180E-05
  3.1472E-02  7.5277E-01  7.1321E-04  4.4521E-05
  3.2044E-02  7.8547E-01  7.5280E-04  4.6992E-05
  3.2626E-02  8.1944E-01  7.9457E-04  4.9599E-05
  3.3219E-02  8.5471E-01  8.3865E-04  5.2350E-05
  3.3822E-02  8.9134E-01  8.8517E-04  5.5253E-05
  3.4437E-02  9.2936E-01  9.3426E-04  5.8316E-05
  3.5062E-02  9.6881E-01  9.8607E-04  6.1549E-05
  3.5699E-02  1.0097E+00  1.0407E-03  6.4960E-05
  3.6347E-02  1.0522E+00  1.0984E-03  6.8560E-05
  3.7006E-02  1.0962E+00  1.1593E-03  7.2358E-05
  3.7678E-02  1.1418E+00  1.2235E-03  7.6367E-05
  3.8362E-02  1.1890E+00  1.2913E-03  8.0596E-05
  3.9058E-02  1.2379E+00  1.3629E-03  8.5059E-05
  3.9766E-02  1.2886E+00  1.4383E-03  8.9768E-05
  4.0487E-02  1.3410E+00  1.5180E-03  9.4737E-05
  4.1222E-02  1.3953E+00  1.6020E-03  9.9981E-05
  4.1969E-02  1.4514E+00  1.6907E-03  1.0551E-04
  4.2730E-02  1.5094E+00  1.7843E-03  1.1135E-04
  4.3505E-02  1.5694E+00  1.8831E-03  1.1751E-04
  4.4293E-02  1.6313E+00  1.9872E-03  1.2401E-04
  4.5096E-02  1.6952E+00  2.0972E-03  1.3087E-04
  4.5913E-02  1.7613E+00  2.2132E-03  1.3810E-04
  4.6745E-02  1.8294E+00  2.3356E-03  1.4574E-04
  4.7592E-02  1.8997E+00  2.4648E-03  1.5379E-04
  4.8454E-02  1.9721E+00  2.6011E-03  1.6229E-04
  4.9332E-02  2.0467E+00  2.7448E-03  1.7126E-04
  5.0225E-02  2.1236E+00  2.8966E-03  1.8072E-04
  5.1134E-02  2.2028E+00  3.0567E-03  1.9070E-04
  5.2060E-02  2.2842E+00  3.2256E-03  2.0123E-04
  5.3003E-02  2.3680E+00  3.4038E-03  2.1234E-04
  5.3962E-02  2.4542E+00  3.5918E-03  2.2407E-04
  5.4939E-02  2.5427E+00  3.7902E-03  2.3643E-04
  5.5933E-02  2.6335E+00  3.9996E-03  2.4948E-04
  5.6946E-02  2.7268E+00  4.2204E-03  2.6325E-04
  5.7976E-02  2.8225E+00  4.4535E-03  2.7777E-04
  5.9025E-02  2.9206E+00  4.6993E-03  2.9309E-04
  6.0093E-02  3.0212E+00  4.9587E-03  3.0926E-04
  6.1180E-02  3.1241E+00  5.2324E-03  3.2631E-04
  6.2287E-02  3.2295E+00  5.5212E-03  3.4430E-04
  6.3413E-02  3.3372E+00  5.8258E-03  3.6328E-04
  6.4560E-02  3.4474E+00  6.1472E-03  3.8330E-04
  6.5728E-02  3.5598E+00  6.4863E-03  4.0443E-04
  6.6916E-02  3.6747E+00  6.8441E-03  4.2671E-04
  6.8126E-02  3.7918E+00  7.2215E-03  4.5021E-04
  6.9358E-02  3.9111E+00  7.6197E-03  4.7501E-04
  7.0612E-02  4.0327E+00  8.0398E-03  5.0117E-04
  7.1888E-02  4.1563E+00  8.4830E-03  5.2876E-04
  7.3188E-02  4.2821E+00  8.9505E-03  5.5787E-04
  7.4510E-02  4.4099E+00  9.4438E-03  5.8857E-04
  7.5857E-02  4.5395E+00  9.9641E-03  6.2096E-04
  7.7228E-02  4.6710E+00  1.0513E-02  6.5512E-04
  7.8623E-02  4.8043E+00  1.1092E-02  6.9115E-04
  8.0044E-02  4.9391E+00  1.1703E-02  7.2916E-04
  8.1490E-02  5.0755E+00  1.2348E-02  7.6925E-04
  8.2962E-02  5.2132E+00  1.3028E-02  8.1154E-04
  8.4461E-02  5.3522E+00  1.3745E-02  8.5614E-04
  8.5987E-02  5.4922E+00  1.4501E-02  9.0318E-04
  8.7540E-02  5.6332E+00  1.5299E-02  9.5279E-04
  8.9121E-02  5.7748E+00  1.6141E-02  1.0051E-03
  9.0730E-02  5.9171E+00  1.7029E-02  1.0603E-03
  9.2369E-02  6.0597E+00  1.7966E-02  1.1185E-03
  9.4037E-02  6.2024E+00  1.8954E-02  1.1799E-03
  9.5735E-02  6.3451E+00  1.9997E-02  1.2447E-03
  9.7464E-02  6.4875E+00  2.1096E-02  1.3129E-03
  9.9223E-02  6.6293E+00  2.2256E-02  1.3849E-03
  1.0101E-01  6.7703E+00  2.3479E-02  1.4609E-03
  1.0284E-01  6.9102E+00  2.4770E-02  1.5409E-03
  1.0469E-01  7.0487E+00  2.6130E-02  1.6254E-03
  1.0658E-01  7.1855E+00  2.7566E-02  1.7144E-03
  1.0851E-01  7.3204E+00  2.9080E-02  1.8083E-03
  1.1047E-01  7.4530E+00  3.0677E-02  1.9073E-03
  1.1246E-01  7.5829E+00  3.2361E-02  2.0117E-03
  1.1449E-01  7.7098E+00  3.4138E-02  2.1218E-03
  1.1656E-01  7.8333E+00  3.6011E-02  2.2379E-03
  1.1866E-01  7.9532E+00  3.7987E-02  2.3602E-03
  1.2080E-01  8.0689E+00  4.0071E-02  2.4892E-03
  1.2298E-01  8.1801E+00  4.2269E-02  2.6253E-03
  1.2520E-01  8.2864E+00  4.4586E-02  2.7687E-03
  1.2746E-01  8.3873E+00  4.7031E-02  2.9198E-03
  1.2976E-01  8.4825E+00  4.9608E-02  3.0792E-03
  1.3210E-01  8.5715E+00  5.2327E-02  3.2472E-03
  1.3448E-01  8.6539E+00  5.5193E-02  3.4243E-03
  1.3691E-01  8.7292E+00  5.8216E-02  3.6109E-03
  1.3938E-01  8.7970E+00  6.1404E-02  3.8077E-03
  1.4189E-01  8.8568E+00  6.4765E-02  4.0151E-03
  1.4445E-01  8.9081E+00  6.8309E-02  4.2336E-03
  1.4706E-01  8.9506E+00  7.2046E-02  4.4640E-03
  1.4971E-01  8.9836E+00  7.5986E-02  4.7068E-03
  1.5241E-01  9.0067E+00  8.0141E-02  4.9626E-03
  1.5516E-01  9.0196E+00  8.4521E-02  5.2322E-03
  1.5796E-01  9.0216E+00  8.9139E-02  5.5163E-03
  1.6080E-01  9.0124E+00  9.4008E-02  5.8156E-03
  1.6370E-01  8.9914E+00  9.9142E-02  6.1310E-03
  1.6666E-01  8.9583E+00  1.0455E-01  6.4633E-03
  1.6966E-01  8.9126E+00  1.1026E-01  6.8133E-03
  1.7272E-01  8.8538E+00  1.1627E-01  7.1821E-03
  1.7583E-01  8.7816E+00  1.2261E-01  7.5705E-03
  1.7900E-01  8.6955E+00  1.2929E-01  7.9797E-03
  1.8223E-01  8.5952E+00  1.3634E-01  8.4107E-03
  1.8552E-01  8.4803E+00  1.4376E-01  8.8646E-03
  1.8886E-01  8.3505E+00  1.5159E-01  9.3426E-03
  1.9227E-01  8.2054E+00  1.5983E-01  9.8460E-03
  1.9573E-01  8.0448E+00  1.6853E-01  1.0376E-02
  1.9926E-01  7.8684E+00  1.7769E-01  1.0934E-02
  2.0285E-01  7.6759E+00  1.8734E-01  1.1522E-02
  2.0651E-01  7.4673E+00  1.9751E-01  1.2140E-02
  2.1023E-01  7.2423E+00  2.0823E-01  1.2791E-02
  2.1402E-01  7.0008E+00  2.1953E-01  1.3476E-02
  2.1788E-01  6.7427E+00  2.3143E-01  1.4197E-02
  2.2181E-01  6.4680E+00  2.4396E-01  1.4956E-02
  2.2580E-01  6.1767E+00  2.5717E-01  1.5755E-02
  2.2987E-01  5.8689E+00  2.7109E-01  1.6595E-02
  2.3402E-01  5.5447E+00  2.8575E-01  1.7479E-02
  2.3823E-01  5.2041E+00  3.0119E-01  1.8408E-02
  2.4253E-01  4.8475E+00  3.1745E-01  1.9386E-02
  2.4690E-01  4.4751E+00  3.3458E-01  2.0414E-02
  2.5135E-01  4.0872E+00  3.5262E-01  2.1495E-02
  2.5588E-01  3.6842E+00  3.7162E-01  2.2632E-02
  2.6049E-01  3.2665E+00  3.9162E-01  2.3826E-02
  2.6518E-01  2.8347E+00  4.1269E-01  2.5082E-02
  2.6996E-01  2.3892E+00  4.3486E-01  2.6401E-02
  2.7482E-01  1.9307E+00  4.5821E-01  2.7788E-02
  2.7977E-01  1.4599E+00  4.8279E-01  2.9244E-02
  2.8482E-01  9.7746E-01  5.0866E-01  3.0773E-02
  2.8995E-01  4.8427E-01  5.3589E-01  3.2379E-02
  2.9517E-01 -1.8826E-02  5.6455E-01  3.4066E-02
  3.0049E-01 -5.3091E-01  5.9471E-01  3.5836E-02
  3.0590E-01 -1.0510E+00  6.2644E-01  3.7693E-02
  3.1141E-01 -1.5780E+00  6.5983E-01  3.9642E-02
  3.1702E-01 -2.1108E+00  6.9495E-01  4.1687E-02
  3.2274E-01 -2.6483E+00  7.3190E-01  4.3831E-02
  3.2855E-01 -3.1892E+00  7.7076E-01  4.6078E-02
  3.3447E-01 -3.7323E+00  8.1163E-01  4.8434E-02
  3.4049E-01 -4.2763E+00  8.5460E-01  5.0903E-02
  3.4663E-01 -4.8196E+00  8.9979E-01  5.3489E-02
  3.5287E-01 -5.3611E+00  9.4729E-01  5.6198E-02
  3.5923E-01 -5.8991E+00  9.9722E-01  5.9033E-02
  3.6570E-01 -6.4322E+00  1.0497E+00  6.2000E-02
  3.7229E-01 -6.9588E+00  1.1048E+00  6.5104E-02
  3.7899E-01 -7.4775E+00  1.1628E+00  6.8350E-02
  3.8582E-01 -7.9867E+00  1.2237E+00  7.1743E-02
  3.9277E-01 -8.4847E+00  1.2876E+00  7.5288E-02
  3.9985E-01 -8.9699E+00  1.3547E+00  7.8991E-02
  4.0705E-01 -9.4408E+00  1.4252E+00  8.2856E-02
  4.1438E-01 -9.8957E+00  1.4992E+00  8.6889E-02
  4.2184E-01 -1.0333E+01  1.5769E+00  9.1095E-02
  4.2944E-01 -1.0751E+01  1.6584E+00  9.5478E-02
  4.3718E-01 -1.1148E+01  1.7439E+00  1.0004E-01
  4.4505E-01 -1.1523E+01  1.8337E+00  1.0480E-01
  4.5306E-01 -1.1873E+01  1.9277E+00  1.0974E-01
  4.6122E-01 -1.2198E+01  2.0264E+00  1.1489E-01
  4.6953E-01 -1.2495E+01  2.1298E+00  1.2023E-01
  4.7799E-01 -1.2764E+01  2.2381E+00  1.2577E-01
  4.8660E-01 -1.3002E+01  2.3517E+00  1.3152E-01
  4.9536E-01 -1.3209E+01  2.4706E+00  1.3749E-01
  5.0428E-01 -1.3382E+01  2.5951E+00  1.4366E-01
  5.1336E-01 -1.3522E+01  2.7254E+00  1.5004E-01
  5.2261E-01 -1.3626E+01  2.8618E+00  1.5664E-01
  5.3202E-01 -1.3693E+01  3.0045E+00  1.6345E-01
  5.4160E-01 -1.3723E+01  3.1537E+00  1.7047E-01
  5.5135E-01 -1.3714E+01  3.3097E+00  1.7770E-01
  5.6128E-01 -1.3666E+01  3.4728E+00  1.8513E-01
  5.7139E-01 -1.3578E+01  3.6431E+00  1.9276E-01
  5.8168E-01 -1.3450E+01  3.8209E+00  2.0058E-01
  5.9215E-01 -1.3281E+01  4.0066E+00  2.0859E-01
  6.0282E-01 -1.3070E+01  4.2002E+00  2.1676E-01
  6.1367E-01 -1.2818E+01  4.4022E+00  2.2510E-01
  6.2472E-01 -1.2525E+01  4.6128E+00  2.3358E-01
  6.3597E-01 -1.2189E+01  4.8322E+00  2.4219E-01
  6.4742E-01 -1.1813E+01  5.0606E+00  2.5091E-01
  6.5908E-01 -1.1396E+01  5.2984E+00  2.5971E-01
  6.7095E-01 -1.0937E+01  5.5457E+00  2.6857E-01
  6.8303E-01 -1.0439E+01  5.8028E+00  2.7746E-01
  6.9533E-01 -9.9020E+00  6.0699E+00  2.8635E-01
  7.0785E-01 -9.3261E+00  6.3473E+00  2.9519E-01
  7.2060E-01 -8.7128E+00  6.6350E+00  3.0395E-01
  7.3357E-01 -8.0631E+00  6.9333E+00  3.1259E-01
  7.4678E-01 -7.3783E+00  7.2424E+00  3.2105E-01
  7.6023E-01 -6.6598E+00  7.5623E+00  3.2929E-01
  7.7391E-01 -5.9089E+00  7.8932E+00  3.3724E-01
  7.8785E-01 -5.1274E+00  8.2352E+00  3.4484E-01
  8.0203E-01 -4.3169E+00  8.5882E+00  3.5203E-01
  8.1648E-01 -3.4792E+00  8.9523E+00  3.5873E-01
  8.3118E-01 -2.6164E+00  9.3275E+00  3.6487E-01
  8.4614E-01 -1.7305E+00  9.7136E+00  3.7037E-01
  8.6138E-01 -8.2365E-01  1.0111E+01  3.7515E-01
  8.7688E-01  1.0192E-01  1.0518E+01  3.7910E-01
  8.9267E-01  1.0439E+00  1.0936E+01  3.8216E-01
  9.0874E-01  1.9997E+00  1.1364E+01  3.8422E-01
  9.2511E-01  2.9669E+00  1.1801E+01  3.8518E-01
  9.4176E-01  3.9430E+00  1.2248E+01  3.8495E-01
  9.5872E-01  4.9251E+00  1.2703E+01  3.8344E-01
  9.7598E-01  5.9106E+00  1.3166E+01  3.8055E-01
  9.9355E-01  6.8967E+00  1.3636E+01  3.7619E-01
  1.0114E+00  7.8805E+00  1.4112E+01  3.7028E-01
  1.0296E+00  8.8591E+00  1.4593E+01  3.6273E-01
  1.0482E+00  9.8295E+00  1.5079E+01  3.5346E-01
  1.0671E+00  1.0789E+01  1.5567E+01  3.4244E-01
  1.0863E+00  1.1734E+01  1.6056E+01  3.2959E-01
  1.1058E+00  1.2661E+01  1.6545E+01  3.1490E-01
  1.1257E+00  1.3568E+01  1.7032E+01  2.9834E-01
  1.1460E+00  1.4452E+01  1.7516E+01  2.7994E-01
  1.1666E+00  1.5309E+01  1.7993E+01  2.5971E-01
  1.1876E+00  1.6135E+01  1.8462E+01  2.3773E-01
  1.2090E+00  1.6929E+01  1.8921E+01  2.1407E-01
  1.2308E+00  1.7686E+01  1.9367E+01  1.8887E-01
  1.2529E+00  1.8403E+01  1.9797E+01  1.6228E-01
  1.2755E+00  1.9077E+01  2.0209E+01  1.3448E-01
  1.2985E+00  1.9705E+01  2.0599E+01  1.0572E-01
  1.3218E+00  2.0284E+01  2.0964E+01  7.6265E-02
  1.3456E+00  2.0810E+01  2.1300E+01  4.6415E-02
  1.3698E+00  2.1280E+01  2.1605E+01  1.6517E-02
  1.3945E+00  2.1691E+01  2.1874E+01 -1.3051E-02
  1.4196E+00  2.2041E+01  2.2103E+01 -4.1882E-02
  1.4452E+00  2.2326E+01  2.2289E+01 -6.9546E-02
  1.4712E+00  2.2544E+01  2.2428E+01 -9.5595E-02
  1.4977E+00  2.2692E+01  2.2516E+01 -1.1958E-01
  1.5246E+00  2.2768E+01  2.2548E+01 -1.4104E-01
  1.5521E+00  2.2769E+01  2.2521E+01 -1.5955E-01
  1.5800E+00  2.2693E+01  2.2431E+01 -1.7472E-01
  1.6085E+00  2.2539E+01  2.2274E+01 -1.8619E-01
  1.6374E+00  2.2304E+01  2.2046E+01 -1.9368E-01
  1.6669E+00  2.1987E+01  2.1744E+01 -1.9701E-01
  1.6969E+00  2.1587E+01  2.1365E+01 -1.9608E-01
  1.7274E+00  2.1103E+01  2.0905E+01 -1.9094E-01
  1.7585E+00  2.0535E+01  2.0364E+01 -1.8177E-01
  1.7902E+00  1.9881E+01  1.9737E+01 -1.6891E-01
  1.8224E+00  1.9142E+01  1.9025E+01 -1.5283E-01
  1.8552E+00  1.8318E+01  1.8227E+01 -1.3420E-01
  1.8886E+00  1.7410E+01  1.7341E+01 -1.1381E-01
  1.9226E+00  1.6418E+01  1.6369E+01 -9.2561E-02
  1.9572E+00  1.5345E+01  1.5312E+01 -7.1460E-02
  1.9925E+00  1.4191E+01  1.4170E+01 -5.1523E-02
  2.0283E+00  1.2960E+01  1.2948E+01 -3.3723E-02
  2.0648E+00  1.1654E+01  1.1648E+01 -1.8903E-02
  2.1020E+00  1.0276E+01  1.0274E+01 -7.6746E-03
  2.1399E+00  8.8303E+00  8.8294E+00 -3.2120E-04
  2.1784E+00  7.3204E+00  7.3202E+00  3.2962E-03
  2.2176E+00  5.7515E+00  5.7515E+00  3.8029E-03
  2.2575E+00  4.1288E+00  4.1288E+00  2.3222E-03
  2.2981E+00  2.4582E+00  2.4582E+00  3.8193E-04
  2.3395E+00  7.4624E-01  7.4624E-01  0.0000E+00
  2.3816E+00 -1.0000E+00 -1.0000E+00  0.0000E+00
  2.4245E+00 -2.7728E+00 -2.7728E+00  0.0000E+00
  2.4681E+00 -4.5640E+00 -4.5640E+00  0.0000E+00
  2.5126E+00 -6.3644E+00 -6.3644E+00  0.0000E+00
  2.5578E+00 -8.1646E+00 -8.1646E+00  0.0000E+00
  2.6038E+00 -9.9543E+00 -9.9543E+00  0.0000E+00
  2.6507E+00 -1.1723E+01 -1.1723E+01  0.0000E+00
  2.6984E+00 -1.3458E+01 -1.3458E+01  0.0000E+00
  2.7470E+00 -1.5150E+01 -1.5150E+01  0.0000E+00
  2.7964E+00 -1.6783E+01 -1.6783E+01  0.0000E+00
  2.8468E+00 -1.8347E+01 -1.8347E+01  0.0000E+00
  2.8980E+00 -1.9827E+01 -1.9827E+01  0.0000E+00
  2.9502E+00 -2.1210E+01 -2.1210E+01  0.0000E+00
  3.0033E+00 -2.2480E+01 -2.2480E+01  0.0000E+00
  3.0573E+00 -2.3625E+01 -2.3625E+01  0.0000E+00
  3.1124E+00 -2.4630E+01 -2.4630E+01  0.0000E+00
  3.1684E+00 -2.5480E+01 -2.5480E+01  0.0000E+00
  3.2254E+00 -2.6161E+01 -2.6161E+01  0.0000E+00
  3.2835E+00 -2.6659E+01 -2.6659E+01  0.0000E+00
  3.3426E+00 -2.6961E+01 -2.6961E+01  0.0000E+00
  3.4027E+00 -2.7055E+01 -2.7055E+01  0.0000E+00
  3.4640E+00 -2.6928E+01 -2.6928E+01  0.0000E+00
  3.5263E+00 -2.6571E+01 -2.6571E+01  0.0000E+00
  3.5898E+00 -2.5975E+01 -2.5975E+01  0.0000E+00
  3.6544E+00 -2.5133E+01 -2.5133E+01  0.0000E+00
  3.7202E+00 -2.4041E+01 -2.4041E+01  0.0000E+00
  3.7872E+00 -2.2697E+01 -2.2697E+01  0.0000E+00
  3.8553E+00 -2.1103E+01 -2.1103E+01  0.0000E+00
  3.9247E+00 -1.9261E+01 -1.9261E+01  0.0000E+00
  3.9954E+00 -1.7181E+01 -1.7181E+01  0.0000E+00
  4.0673E+00 -1.4873E+01 -1.4873E+01  0.0000E+00
  4.1405E+00 -1.2355E+01 -1.2355E+01  0.0000E+00
  4.2150E+00 -9.6446E+00 -9.6446E+00  0.0000E+00
  4.2909E+00 -6.7681E+00 -6.7681E+00  0.0000E+00
  4.3681E+00 -3.7545E+00 -3.7545E+00  0.0000E+00
  4.4468E+00 -6.3781E-01 -6.3781E-01  0.0000E+00
  4.5268E+00  2.5433E+00  2.5433E+00  0.0000E+00
  4.6083E+00  5.7460E+00  5.7460E+00  0.0000E+00
  4.6912E+00  8.9229E+00  8.9229E+00  0.0000E+00
  4.7757E+00  1.2024E+01  1.2024E+01  0.0000E+00
  4.8616E+00  1.4994E+01  1.4994E+01  0.0000E+00
  4.9491E+00  1.7778E+01  1.7778E+01  0.0000E+00
  5.0382E+00  2.0319E+01  2.0319E+01  0.0000E+00
  5.1289E+00  2.2559E+01  2.2559E+01  0.0000E+00
  5.2212E+00  2.4442E+01  2.4442E+01  0.0000E+00
  5.3152E+00  2.5913E+01  2.5913E+01  0.0000E+00
  5.4109E+00  2.6922E+01  2.6922E+01  0.0000E+00
  5.5083E+00  2.7425E+01  2.7425E+01  0.0000E+00
  5.6074E+00  2.7386E+01  2.7386E+01  0.0000E+00
  5.7083E+00  2.6777E+01  2.6777E+01  0.0000E+00
