 # l=           3 basis function with energy     2.0000000000000000     
  0.0000E+00 -0.0000E+00  0.0000E+00  0.0000E+00
  5.5354E-06 -1.3983E-17  8.8442E-23 -1.7481E-20
  1.1171E-05 -1.7293E-16  1.4667E-21 -2.8990E-19
  1.6907E-05 -7.6351E-16  7.6969E-21 -1.5213E-18
  2.2747E-05 -2.2114E-15  2.5219E-20 -4.9846E-18
  2.8692E-05 -5.0840E-15  6.3836E-20 -1.2617E-17
  3.4743E-05 -1.0100E-14  1.3726E-19 -2.7130E-17
  4.0904E-05 -1.8141E-14  2.6371E-19 -5.2122E-17
  4.7176E-05 -3.0268E-14  4.6658E-19 -9.2221E-17
  5.3560E-05 -4.7740E-14  7.7521E-19 -1.5322E-16
  6.0060E-05 -7.2028E-14  1.2257E-18 -2.4226E-16
  6.6676E-05 -1.0484E-13  1.8618E-18 -3.6799E-16
  7.3412E-05 -1.4816E-13  2.7360E-18 -5.4077E-16
  8.0268E-05 -2.0424E-13  3.9105E-18 -7.7291E-16
  8.7249E-05 -2.7565E-13  5.4586E-18 -1.0789E-15
  9.4354E-05 -3.6531E-13  7.4661E-18 -1.4757E-15
  1.0159E-04 -4.7654E-13  1.0033E-17 -1.9830E-15
  1.0895E-04 -6.1306E-13  1.3274E-17 -2.6236E-15
  1.1645E-04 -7.7904E-13  1.7321E-17 -3.4236E-15
  1.2408E-04 -9.7918E-13  2.2328E-17 -4.4132E-15
  1.3185E-04 -1.2187E-12  2.8467E-17 -5.6266E-15
  1.3976E-04 -1.5035E-12  3.5937E-17 -7.1030E-15
  1.4781E-04 -1.8399E-12  4.4961E-17 -8.8866E-15
  1.5600E-04 -2.2354E-12  5.5793E-17 -1.1028E-14
  1.6435E-04 -2.6977E-12  6.8721E-17 -1.3583E-14
  1.7284E-04 -3.2359E-12  8.4066E-17 -1.6616E-14
  1.8149E-04 -3.8597E-12  1.0219E-16 -2.0199E-14
  1.9029E-04 -4.5799E-12  1.2351E-16 -2.4412E-14
  1.9925E-04 -5.4085E-12  1.4847E-16 -2.9345E-14
  2.0837E-04 -6.3586E-12  1.7758E-16 -3.5099E-14
  2.1766E-04 -7.4446E-12  2.1141E-16 -4.1786E-14
  2.2711E-04 -8.6825E-12  2.5060E-16 -4.9532E-14
  2.3673E-04 -1.0090E-11  2.9585E-16 -5.8476E-14
  2.4653E-04 -1.1685E-11  3.4794E-16 -6.8772E-14
  2.5650E-04 -1.3490E-11  4.0775E-16 -8.0594E-14
  2.6665E-04 -1.5528E-11  4.7624E-16 -9.4131E-14
  2.7699E-04 -1.7823E-11  5.5448E-16 -1.0959E-13
  2.8751E-04 -2.0403E-11  6.4364E-16 -1.2722E-13
  2.9822E-04 -2.3298E-11  7.4504E-16 -1.4726E-13
  3.0912E-04 -2.6541E-11  8.6012E-16 -1.7001E-13
  3.2022E-04 -3.0168E-11  9.9046E-16 -1.9577E-13
  3.3152E-04 -3.4218E-11  1.1378E-15 -2.2490E-13
  3.4302E-04 -3.8733E-11  1.3042E-15 -2.5777E-13
  3.5473E-04 -4.3760E-11  1.4915E-15 -2.9481E-13
  3.6665E-04 -4.9350E-11  1.7024E-15 -3.3648E-13
  3.7878E-04 -5.5557E-11  1.9392E-15 -3.8328E-13
  3.9114E-04 -6.2441E-11  2.2048E-15 -4.3578E-13
  4.0371E-04 -7.0068E-11  2.5023E-15 -4.9458E-13
  4.1651E-04 -7.8508E-11  2.8351E-15 -5.6036E-13
  4.2955E-04 -8.7837E-11  3.2069E-15 -6.3385E-13
  4.4281E-04 -9.8141E-11  3.6218E-15 -7.1586E-13
  4.5632E-04 -1.0951E-10  4.0843E-15 -8.0727E-13
  4.7007E-04 -1.2204E-10  4.5992E-15 -9.0905E-13
  4.8406E-04 -1.3584E-10  5.1719E-15 -1.0222E-12
  4.9831E-04 -1.5102E-10  5.8082E-15 -1.1480E-12
  5.1281E-04 -1.6772E-10  6.5146E-15 -1.2876E-12
  5.2758E-04 -1.8606E-10  7.2979E-15 -1.4424E-12
  5.4261E-04 -2.0619E-10  8.1658E-15 -1.6140E-12
  5.5791E-04 -2.2828E-10  9.1266E-15 -1.8039E-12
  5.7349E-04 -2.5250E-10  1.0189E-14 -2.0139E-12
  5.8934E-04 -2.7902E-10  1.1364E-14 -2.2461E-12
  6.0549E-04 -3.0807E-10  1.2661E-14 -2.5025E-12
  6.2192E-04 -3.3984E-10  1.4092E-14 -2.7854E-12
  6.3865E-04 -3.7459E-10  1.5671E-14 -3.0974E-12
  6.5568E-04 -4.1257E-10  1.7411E-14 -3.4413E-12
  6.7302E-04 -4.5405E-10  1.9326E-14 -3.8199E-12
  6.9066E-04 -4.9934E-10  2.1435E-14 -4.2366E-12
  7.0863E-04 -5.4875E-10  2.3754E-14 -4.6950E-12
  7.2692E-04 -6.0265E-10  2.6302E-14 -5.1988E-12
  7.4554E-04 -6.6139E-10  2.9102E-14 -5.7522E-12
  7.6449E-04 -7.2540E-10  3.2177E-14 -6.3598E-12
  7.8379E-04 -7.9512E-10  3.5550E-14 -7.0266E-12
  8.0343E-04 -8.7101E-10  3.9250E-14 -7.7579E-12
  8.2343E-04 -9.5359E-10  4.3306E-14 -8.5595E-12
  8.4378E-04 -1.0434E-09  4.7749E-14 -9.4378E-12
  8.6450E-04 -1.1411E-09  5.2616E-14 -1.0400E-11
  8.8560E-04 -1.2473E-09  5.7942E-14 -1.1452E-11
  9.0707E-04 -1.3626E-09  6.3770E-14 -1.2604E-11
  9.2893E-04 -1.4879E-09  7.0144E-14 -1.3864E-11
  9.5119E-04 -1.6239E-09  7.7111E-14 -1.5241E-11
  9.7384E-04 -1.7716E-09  8.4724E-14 -1.6746E-11
  9.9691E-04 -1.9318E-09  9.3039E-14 -1.8390E-11
  1.0204E-03 -2.1055E-09  1.0212E-13 -2.0184E-11
  1.0443E-03 -2.2940E-09  1.1203E-13 -2.2143E-11
  1.0686E-03 -2.4982E-09  1.2284E-13 -2.4279E-11
  1.0934E-03 -2.7196E-09  1.3463E-13 -2.6610E-11
  1.1186E-03 -2.9595E-09  1.4748E-13 -2.9151E-11
  1.1443E-03 -3.2193E-09  1.6149E-13 -3.1920E-11
  1.1704E-03 -3.5006E-09  1.7676E-13 -3.4937E-11
  1.1970E-03 -3.8052E-09  1.9338E-13 -3.8223E-11
  1.2241E-03 -4.1348E-09  2.1149E-13 -4.1801E-11
  1.2516E-03 -4.4916E-09  2.3119E-13 -4.5696E-11
  1.2797E-03 -4.8775E-09  2.5263E-13 -4.9934E-11
  1.3083E-03 -5.2949E-09  2.7596E-13 -5.4544E-11
  1.3374E-03 -5.7462E-09  3.0133E-13 -5.9558E-11
  1.3670E-03 -6.2341E-09  3.2891E-13 -6.5010E-11
  1.3971E-03 -6.7616E-09  3.5889E-13 -7.0935E-11
  1.4278E-03 -7.3315E-09  3.9147E-13 -7.7375E-11
  1.4590E-03 -7.9474E-09  4.2686E-13 -8.4370E-11
  1.4908E-03 -8.6126E-09  4.6530E-13 -9.1969E-11
  1.5232E-03 -9.3312E-09  5.0705E-13 -1.0022E-10
  1.5561E-03 -1.0107E-08  5.5237E-13 -1.0918E-10
  1.5897E-03 -1.0945E-08  6.0156E-13 -1.1890E-10
  1.6238E-03 -1.1849E-08  6.5493E-13 -1.2945E-10
  1.6586E-03 -1.2825E-08  7.1284E-13 -1.4089E-10
  1.6940E-03 -1.3878E-08  7.7565E-13 -1.5331E-10
  1.7300E-03 -1.5015E-08  8.4376E-13 -1.6677E-10
  1.7667E-03 -1.6240E-08  9.1762E-13 -1.8137E-10
  1.8040E-03 -1.7563E-08  9.9767E-13 -1.9719E-10
  1.8420E-03 -1.8989E-08  1.0844E-12 -2.1434E-10
  1.8807E-03 -2.0526E-08  1.1785E-12 -2.3292E-10
  1.9201E-03 -2.2184E-08  1.2803E-12 -2.5306E-10
  1.9602E-03 -2.3971E-08  1.3906E-12 -2.7487E-10
  2.0010E-03 -2.5897E-08  1.5101E-12 -2.9848E-10
  2.0425E-03 -2.7973E-08  1.6395E-12 -3.2406E-10
  2.0848E-03 -3.0210E-08  1.7796E-12 -3.5175E-10
  2.1279E-03 -3.2621E-08  1.9313E-12 -3.8172E-10
  2.1717E-03 -3.5217E-08  2.0954E-12 -4.1416E-10
  2.2163E-03 -3.8014E-08  2.2730E-12 -4.4926E-10
  2.2618E-03 -4.1026E-08  2.4651E-12 -4.8724E-10
  2.3080E-03 -4.4270E-08  2.6730E-12 -5.2832E-10
  2.3551E-03 -4.7764E-08  2.8978E-12 -5.7277E-10
  2.4030E-03 -5.1525E-08  3.1410E-12 -6.2083E-10
  2.4518E-03 -5.5574E-08  3.4039E-12 -6.7280E-10
  2.5015E-03 -5.9933E-08  3.6882E-12 -7.2899E-10
  2.5520E-03 -6.4624E-08  3.9956E-12 -7.8974E-10
  2.6035E-03 -6.9673E-08  4.3278E-12 -8.5540E-10
  2.6559E-03 -7.5106E-08  4.6868E-12 -9.2636E-10
  2.7092E-03 -8.0953E-08  5.0748E-12 -1.0030E-09
  2.7635E-03 -8.7243E-08  5.4940E-12 -1.0859E-09
  2.8188E-03 -9.4010E-08  5.9469E-12 -1.1754E-09
  2.8750E-03 -1.0129E-07  6.4362E-12 -1.2721E-09
  2.9323E-03 -1.0912E-07  6.9647E-12 -1.3766E-09
  2.9906E-03 -1.1754E-07  7.5354E-12 -1.4894E-09
  3.0500E-03 -1.2660E-07  8.1517E-12 -1.6112E-09
  3.1104E-03 -1.3634E-07  8.8172E-12 -1.7427E-09
  3.1720E-03 -1.4681E-07  9.5357E-12 -1.8848E-09
  3.2346E-03 -1.5807E-07  1.0311E-11 -2.0381E-09
  3.2983E-03 -1.7017E-07  1.1149E-11 -2.2036E-09
  3.3632E-03 -1.8318E-07  1.2052E-11 -2.3822E-09
  3.4293E-03 -1.9717E-07  1.3028E-11 -2.5750E-09
  3.4966E-03 -2.1220E-07  1.4080E-11 -2.7830E-09
  3.5650E-03 -2.2835E-07  1.5216E-11 -3.0074E-09
  3.6347E-03 -2.4571E-07  1.6441E-11 -3.2496E-09
  3.7057E-03 -2.6437E-07  1.7763E-11 -3.5109E-09
  3.7779E-03 -2.8442E-07  1.9189E-11 -3.7927E-09
  3.8514E-03 -3.0595E-07  2.0727E-11 -4.0968E-09
  3.9263E-03 -3.2909E-07  2.2386E-11 -4.4246E-09
  4.0025E-03 -3.5394E-07  2.4175E-11 -4.7783E-09
  4.0801E-03 -3.8064E-07  2.6105E-11 -5.1596E-09
  4.1590E-03 -4.0932E-07  2.8185E-11 -5.5708E-09
  4.2394E-03 -4.4012E-07  3.0428E-11 -6.0142E-09
  4.3213E-03 -4.7319E-07  3.2847E-11 -6.4922E-09
  4.4046E-03 -5.0872E-07  3.5454E-11 -7.0075E-09
  4.4894E-03 -5.4686E-07  3.8264E-11 -7.5630E-09
  4.5757E-03 -5.8781E-07  4.1294E-11 -8.1618E-09
  4.6636E-03 -6.3178E-07  4.4559E-11 -8.8072E-09
  4.7531E-03 -6.7899E-07  4.8078E-11 -9.5028E-09
  4.8442E-03 -7.2967E-07  5.1871E-11 -1.0252E-08
  4.9369E-03 -7.8407E-07  5.5958E-11 -1.1060E-08
  5.0313E-03 -8.4246E-07  6.0362E-11 -1.1931E-08
  5.1274E-03 -9.0513E-07  6.5107E-11 -1.2868E-08
  5.2252E-03 -9.7239E-07  7.0219E-11 -1.3879E-08
  5.3248E-03 -1.0446E-06  7.5727E-11 -1.4967E-08
  5.4261E-03 -1.1220E-06  8.1660E-11 -1.6140E-08
  5.5293E-03 -1.2052E-06  8.8052E-11 -1.7404E-08
  5.6344E-03 -1.2943E-06  9.4937E-11 -1.8764E-08
  5.7413E-03 -1.3900E-06  1.0235E-10 -2.0230E-08
  5.8502E-03 -1.4927E-06  1.1034E-10 -2.1809E-08
  5.9610E-03 -1.6028E-06  1.1894E-10 -2.3509E-08
  6.0739E-03 -1.7209E-06  1.2821E-10 -2.5340E-08
  6.1887E-03 -1.8477E-06  1.3818E-10 -2.7312E-08
  6.3056E-03 -1.9836E-06  1.4892E-10 -2.9435E-08
  6.4247E-03 -2.1293E-06  1.6049E-10 -3.1721E-08
  6.5458E-03 -2.2856E-06  1.7294E-10 -3.4182E-08
  6.6692E-03 -2.4533E-06  1.8635E-10 -3.6833E-08
  6.7947E-03 -2.6330E-06  2.0079E-10 -3.9686E-08
  6.9226E-03 -2.8258E-06  2.1633E-10 -4.2758E-08
  7.0527E-03 -3.0324E-06  2.3306E-10 -4.6064E-08
  7.1852E-03 -3.2540E-06  2.5107E-10 -4.9624E-08
  7.3200E-03 -3.4915E-06  2.7046E-10 -5.3456E-08
  7.4573E-03 -3.7461E-06  2.9132E-10 -5.7580E-08
  7.5971E-03 -4.0190E-06  3.1378E-10 -6.2019E-08
  7.7393E-03 -4.3116E-06  3.3796E-10 -6.6797E-08
  7.8842E-03 -4.6251E-06  3.6397E-10 -7.1939E-08
  8.0316E-03 -4.9611E-06  3.9197E-10 -7.7473E-08
  8.1817E-03 -5.3211E-06  4.2210E-10 -8.3428E-08
  8.3345E-03 -5.7070E-06  4.5453E-10 -8.9837E-08
  8.4900E-03 -6.1204E-06  4.8942E-10 -9.6733E-08
  8.6484E-03 -6.5633E-06  5.2697E-10 -1.0415E-07
  8.8095E-03 -7.0379E-06  5.6737E-10 -1.1214E-07
  8.9736E-03 -7.5462E-06  6.1083E-10 -1.2073E-07
  9.1407E-03 -8.0908E-06  6.5760E-10 -1.2997E-07
  9.3107E-03 -8.6741E-06  7.0792E-10 -1.3992E-07
  9.4839E-03 -9.2989E-06  7.6206E-10 -1.5062E-07
  9.6601E-03 -9.9680E-06  8.2030E-10 -1.6213E-07
  9.8395E-03 -1.0685E-05  8.8295E-10 -1.7451E-07
  1.0022E-02 -1.1452E-05  9.5035E-10 -1.8783E-07
  1.0208E-02 -1.2274E-05  1.0229E-09 -2.0216E-07
  1.0397E-02 -1.3153E-05  1.1009E-09 -2.1758E-07
  1.0590E-02 -1.4095E-05  1.1847E-09 -2.3416E-07
  1.0786E-02 -1.5104E-05  1.2750E-09 -2.5199E-07
  1.0986E-02 -1.6183E-05  1.3720E-09 -2.7118E-07
  1.1189E-02 -1.7339E-05  1.4764E-09 -2.9181E-07
  1.1396E-02 -1.8575E-05  1.5887E-09 -3.1400E-07
  1.1607E-02 -1.9899E-05  1.7095E-09 -3.3787E-07
  1.1821E-02 -2.1315E-05  1.8394E-09 -3.6354E-07
  1.2039E-02 -2.2831E-05  1.9790E-09 -3.9114E-07
  1.2262E-02 -2.4452E-05  2.1292E-09 -4.2083E-07
  1.2488E-02 -2.6187E-05  2.2908E-09 -4.5276E-07
  1.2718E-02 -2.8044E-05  2.4645E-09 -4.8709E-07
  1.2952E-02 -3.0029E-05  2.6513E-09 -5.2401E-07
  1.3191E-02 -3.2153E-05  2.8522E-09 -5.6371E-07
  1.3434E-02 -3.4425E-05  3.0682E-09 -6.0640E-07
  1.3681E-02 -3.6855E-05  3.3004E-09 -6.5230E-07
  1.3933E-02 -3.9453E-05  3.5502E-09 -7.0166E-07
  1.4189E-02 -4.2231E-05  3.8187E-09 -7.5473E-07
  1.4450E-02 -4.5202E-05  4.1074E-09 -8.1179E-07
  1.4716E-02 -4.8378E-05  4.4179E-09 -8.7314E-07
  1.4986E-02 -5.1773E-05  4.7516E-09 -9.3910E-07
  1.5262E-02 -5.5402E-05  5.1105E-09 -1.0100E-06
  1.5542E-02 -5.9282E-05  5.4963E-09 -1.0863E-06
  1.5827E-02 -6.3427E-05  5.9110E-09 -1.1682E-06
  1.6118E-02 -6.7858E-05  6.3569E-09 -1.2564E-06
  1.6413E-02 -7.2592E-05  6.8363E-09 -1.3511E-06
  1.6714E-02 -7.7650E-05  7.3517E-09 -1.4529E-06
  1.7020E-02 -8.3054E-05  7.9057E-09 -1.5624E-06
  1.7332E-02 -8.8827E-05  8.5012E-09 -1.6801E-06
  1.7650E-02 -9.4993E-05  9.1415E-09 -1.8066E-06
  1.7973E-02 -1.0158E-04  9.8297E-09 -1.9426E-06
  1.8302E-02 -1.0861E-04  1.0569E-08 -2.0888E-06
  1.8637E-02 -1.1612E-04  1.1365E-08 -2.2460E-06
  1.8978E-02 -1.2414E-04  1.2219E-08 -2.4149E-06
  1.9325E-02 -1.3270E-04  1.3138E-08 -2.5965E-06
  1.9678E-02 -1.4184E-04  1.4126E-08 -2.7916E-06
  2.0038E-02 -1.5159E-04  1.5187E-08 -3.0014E-06
  2.0404E-02 -1.6200E-04  1.6328E-08 -3.2269E-06
  2.0777E-02 -1.7311E-04  1.7555E-08 -3.4692E-06
  2.1157E-02 -1.8496E-04  1.8873E-08 -3.7297E-06
  2.1543E-02 -1.9761E-04  2.0289E-08 -4.0096E-06
  2.1936E-02 -2.1110E-04  2.1812E-08 -4.3105E-06
  2.2337E-02 -2.2549E-04  2.3449E-08 -4.6339E-06
  2.2744E-02 -2.4084E-04  2.5207E-08 -4.9814E-06
  2.3159E-02 -2.5720E-04  2.7098E-08 -5.3549E-06
  2.3581E-02 -2.7466E-04  2.9129E-08 -5.7563E-06
  2.4011E-02 -2.9326E-04  3.1312E-08 -6.1877E-06
  2.4449E-02 -3.1309E-04  3.3659E-08 -6.6513E-06
  2.4895E-02 -3.3423E-04  3.6180E-08 -7.1496E-06
  2.5348E-02 -3.5676E-04  3.8890E-08 -7.6850E-06
  2.5810E-02 -3.8077E-04  4.1802E-08 -8.2604E-06
  2.6280E-02 -4.0635E-04  4.4932E-08 -8.8788E-06
  2.6759E-02 -4.3359E-04  4.8295E-08 -9.5432E-06
  2.7246E-02 -4.6262E-04  5.1909E-08 -1.0257E-05
  2.7742E-02 -4.9353E-04  5.5793E-08 -1.1025E-05
  2.8246E-02 -5.2644E-04  5.9966E-08 -1.1849E-05
  2.8760E-02 -5.6149E-04  6.4451E-08 -1.2735E-05
  2.9283E-02 -5.9880E-04  6.9270E-08 -1.3687E-05
  2.9816E-02 -6.3851E-04  7.4449E-08 -1.4710E-05
  3.0358E-02 -6.8077E-04  8.0013E-08 -1.5810E-05
  3.0910E-02 -7.2574E-04  8.5993E-08 -1.6991E-05
  3.1472E-02 -7.7359E-04  9.2418E-08 -1.8260E-05
  3.2044E-02 -8.2448E-04  9.9322E-08 -1.9624E-05
  3.2626E-02 -8.7861E-04  1.0674E-07 -2.1090E-05
  3.3219E-02 -9.3618E-04  1.1471E-07 -2.2664E-05
  3.3822E-02 -9.9739E-04  1.2328E-07 -2.4356E-05
  3.4437E-02 -1.0625E-03  1.3248E-07 -2.6174E-05
  3.5062E-02 -1.1316E-03  1.4237E-07 -2.8127E-05
  3.5699E-02 -1.2051E-03  1.5299E-07 -3.0226E-05
  3.6347E-02 -1.2832E-03  1.6441E-07 -3.2480E-05
  3.7006E-02 -1.3662E-03  1.7667E-07 -3.4903E-05
  3.7678E-02 -1.4543E-03  1.8985E-07 -3.7506E-05
  3.8362E-02 -1.5479E-03  2.0401E-07 -4.0302E-05
  3.9058E-02 -1.6472E-03  2.1922E-07 -4.3307E-05
  3.9766E-02 -1.7527E-03  2.3557E-07 -4.6535E-05
  4.0487E-02 -1.8646E-03  2.5313E-07 -5.0003E-05
  4.1222E-02 -1.9834E-03  2.7200E-07 -5.3729E-05
  4.1969E-02 -2.1095E-03  2.9227E-07 -5.7732E-05
  4.2730E-02 -2.2432E-03  3.1405E-07 -6.2032E-05
  4.3505E-02 -2.3850E-03  3.3745E-07 -6.6653E-05
  4.4293E-02 -2.5353E-03  3.6259E-07 -7.1616E-05
  4.5096E-02 -2.6947E-03  3.8959E-07 -7.6949E-05
  4.5913E-02 -2.8637E-03  4.1861E-07 -8.2678E-05
  4.6745E-02 -3.0427E-03  4.4979E-07 -8.8833E-05
  4.7592E-02 -3.2324E-03  4.8328E-07 -9.5444E-05
  4.8454E-02 -3.4332E-03  5.1926E-07 -1.0255E-04
  4.9332E-02 -3.6460E-03  5.5791E-07 -1.1018E-04
  5.0225E-02 -3.8712E-03  5.9944E-07 -1.1838E-04
  5.1134E-02 -4.1096E-03  6.4406E-07 -1.2718E-04
  5.2060E-02 -4.3619E-03  6.9199E-07 -1.3664E-04
  5.3003E-02 -4.6289E-03  7.4348E-07 -1.4680E-04
  5.3962E-02 -4.9112E-03  7.9880E-07 -1.5772E-04
  5.4939E-02 -5.2098E-03  8.5822E-07 -1.6945E-04
  5.5933E-02 -5.5255E-03  9.2206E-07 -1.8205E-04
  5.6946E-02 -5.8592E-03  9.9065E-07 -1.9558E-04
  5.7976E-02 -6.2117E-03  1.0643E-06 -2.1012E-04
  5.9025E-02 -6.5842E-03  1.1435E-06 -2.2573E-04
  6.0093E-02 -6.9777E-03  1.2285E-06 -2.4250E-04
  6.1180E-02 -7.3931E-03  1.3198E-06 -2.6052E-04
  6.2287E-02 -7.8316E-03  1.4180E-06 -2.7988E-04
  6.3413E-02 -8.2944E-03  1.5234E-06 -3.0067E-04
  6.4560E-02 -8.7826E-03  1.6366E-06 -3.2300E-04
  6.5728E-02 -9.2976E-03  1.7582E-06 -3.4699E-04
  6.6916E-02 -9.8406E-03  1.8889E-06 -3.7275E-04
  6.8126E-02 -1.0413E-02  2.0293E-06 -4.0043E-04
  6.9358E-02 -1.1016E-02  2.1801E-06 -4.3016E-04
  7.0612E-02 -1.1652E-02  2.3421E-06 -4.6209E-04
  7.1888E-02 -1.2321E-02  2.5161E-06 -4.9639E-04
  7.3188E-02 -1.3026E-02  2.7030E-06 -5.3323E-04
  7.4510E-02 -1.3768E-02  2.9038E-06 -5.7280E-04
  7.5857E-02 -1.4549E-02  3.1194E-06 -6.1530E-04
  7.7228E-02 -1.5370E-02  3.3511E-06 -6.6095E-04
  7.8623E-02 -1.6234E-02  3.6000E-06 -7.0998E-04
  8.0044E-02 -1.7142E-02  3.8673E-06 -7.6264E-04
  8.1490E-02 -1.8096E-02  4.1545E-06 -8.1920E-04
  8.2962E-02 -1.9098E-02  4.4630E-06 -8.7995E-04
  8.4461E-02 -2.0151E-02  4.7944E-06 -9.4519E-04
  8.5987E-02 -2.1257E-02  5.1503E-06 -1.0153E-03
  8.7540E-02 -2.2417E-02  5.5326E-06 -1.0905E-03
  8.9121E-02 -2.3634E-02  5.9433E-06 -1.1714E-03
  9.0730E-02 -2.4911E-02  6.3845E-06 -1.2582E-03
  9.2369E-02 -2.6249E-02  6.8584E-06 -1.3514E-03
  9.4037E-02 -2.7652E-02  7.3674E-06 -1.4516E-03
  9.5735E-02 -2.9121E-02  7.9142E-06 -1.5591E-03
  9.7464E-02 -3.0661E-02  8.5015E-06 -1.6746E-03
  9.9223E-02 -3.2272E-02  9.1323E-06 -1.7986E-03
  1.0101E-01 -3.3958E-02  9.8100E-06 -1.9318E-03
  1.0284E-01 -3.5722E-02  1.0538E-05 -2.0749E-03
  1.0469E-01 -3.7566E-02  1.1320E-05 -2.2285E-03
  1.0658E-01 -3.9494E-02  1.2160E-05 -2.3935E-03
  1.0851E-01 -4.1509E-02  1.3062E-05 -2.5707E-03
  1.1047E-01 -4.3613E-02  1.4031E-05 -2.7609E-03
  1.1246E-01 -4.5810E-02  1.5071E-05 -2.9652E-03
  1.1449E-01 -4.8102E-02  1.6189E-05 -3.1846E-03
  1.1656E-01 -5.0493E-02  1.7390E-05 -3.4202E-03
  1.1866E-01 -5.2986E-02  1.8680E-05 -3.6732E-03
  1.2080E-01 -5.5585E-02  2.0065E-05 -3.9449E-03
  1.2298E-01 -5.8292E-02  2.1553E-05 -4.2366E-03
  1.2520E-01 -6.1112E-02  2.3152E-05 -4.5499E-03
  1.2746E-01 -6.4046E-02  2.4869E-05 -4.8862E-03
  1.2976E-01 -6.7099E-02  2.6713E-05 -5.2474E-03
  1.3210E-01 -7.0274E-02  2.8694E-05 -5.6352E-03
  1.3448E-01 -7.3574E-02  3.0821E-05 -6.0515E-03
  1.3691E-01 -7.7003E-02  3.3106E-05 -6.4986E-03
  1.3938E-01 -8.0563E-02  3.5561E-05 -6.9786E-03
  1.4189E-01 -8.4259E-02  3.8197E-05 -7.4939E-03
  1.4445E-01 -8.8092E-02  4.1029E-05 -8.0473E-03
  1.4706E-01 -9.2068E-02  4.4071E-05 -8.6413E-03
  1.4971E-01 -9.6188E-02  4.7338E-05 -9.2791E-03
  1.5241E-01 -1.0046E-01  5.0847E-05 -9.9638E-03
  1.5516E-01 -1.0487E-01  5.4616E-05 -1.0699E-02
  1.5796E-01 -1.0945E-01  5.8665E-05 -1.1488E-02
  1.6080E-01 -1.1417E-01  6.3013E-05 -1.2335E-02
  1.6370E-01 -1.1906E-01  6.7684E-05 -1.3244E-02
  1.6666E-01 -1.2411E-01  7.2700E-05 -1.4221E-02
  1.6966E-01 -1.2932E-01  7.8089E-05 -1.5268E-02
  1.7272E-01 -1.3470E-01  8.3876E-05 -1.6393E-02
  1.7583E-01 -1.4024E-01  9.0093E-05 -1.7601E-02
  1.7900E-01 -1.4596E-01  9.6769E-05 -1.8896E-02
  1.8223E-01 -1.5184E-01  1.0394E-04 -2.0287E-02
  1.8552E-01 -1.5790E-01  1.1164E-04 -2.1780E-02
  1.8886E-01 -1.6413E-01  1.1992E-04 -2.3382E-02
  1.9227E-01 -1.7054E-01  1.2880E-04 -2.5102E-02
  1.9573E-01 -1.7712E-01  1.3835E-04 -2.6947E-02
  1.9926E-01 -1.8388E-01  1.4860E-04 -2.8927E-02
  2.0285E-01 -1.9081E-01  1.5961E-04 -3.1052E-02
  2.0651E-01 -1.9792E-01  1.7144E-04 -3.3332E-02
  2.1023E-01 -2.0520E-01  1.8414E-04 -3.5778E-02
  2.1402E-01 -2.1265E-01  1.9778E-04 -3.8403E-02
  2.1788E-01 -2.2028E-01  2.1244E-04 -4.1219E-02
  2.2181E-01 -2.2808E-01  2.2818E-04 -4.4241E-02
  2.2580E-01 -2.3605E-01  2.4508E-04 -4.7482E-02
  2.2987E-01 -2.4418E-01  2.6324E-04 -5.0959E-02
  2.3402E-01 -2.5248E-01  2.8274E-04 -5.4689E-02
  2.3823E-01 -2.6093E-01  3.0369E-04 -5.8689E-02
  2.4253E-01 -2.6954E-01  3.2619E-04 -6.2980E-02
  2.4690E-01 -2.7830E-01  3.5035E-04 -6.7582E-02
  2.5135E-01 -2.8721E-01  3.7630E-04 -7.2517E-02
  2.5588E-01 -2.9626E-01  4.0418E-04 -7.7808E-02
  2.6049E-01 -3.0544E-01  4.3412E-04 -8.3482E-02
  2.6518E-01 -3.1475E-01  4.6628E-04 -8.9566E-02
  2.6996E-01 -3.2418E-01  5.0082E-04 -9.6087E-02
  2.7482E-01 -3.3373E-01  5.3791E-04 -1.0308E-01
  2.7977E-01 -3.4338E-01  5.7776E-04 -1.1057E-01
  2.8482E-01 -3.5312E-01  6.2055E-04 -1.1860E-01
  2.8995E-01 -3.6296E-01  6.6651E-04 -1.2721E-01
  2.9517E-01 -3.7287E-01  7.1588E-04 -1.3643E-01
  3.0049E-01 -3.8285E-01  7.6890E-04 -1.4631E-01
  3.0590E-01 -3.9288E-01  8.2585E-04 -1.5690E-01
  3.1141E-01 -4.0296E-01  8.8701E-04 -1.6824E-01
  3.1702E-01 -4.1307E-01  9.5270E-04 -1.8038E-01
  3.2274E-01 -4.2320E-01  1.0232E-03 -1.9339E-01
  3.2855E-01 -4.3333E-01  1.0990E-03 -2.0731E-01
  3.3447E-01 -4.4346E-01  1.1804E-03 -2.2222E-01
  3.4049E-01 -4.5357E-01  1.2678E-03 -2.3817E-01
  3.4663E-01 -4.6364E-01  1.3617E-03 -2.5525E-01
  3.5287E-01 -4.7366E-01  1.4625E-03 -2.7352E-01
  3.5923E-01 -4.8361E-01  1.5708E-03 -2.9306E-01
  3.6570E-01 -4.9348E-01  1.6871E-03 -3.1396E-01
  3.7229E-01 -5.0325E-01  1.8120E-03 -3.3632E-01
  3.7899E-01 -5.1291E-01  1.9461E-03 -3.6021E-01
  3.8582E-01 -5.2243E-01  2.0902E-03 -3.8575E-01
  3.9277E-01 -5.3181E-01  2.2449E-03 -4.1305E-01
  3.9985E-01 -5.4102E-01  2.4110E-03 -4.4220E-01
  4.0705E-01 -5.5005E-01  2.5894E-03 -4.7334E-01
  4.1438E-01 -5.5888E-01  2.7810E-03 -5.0658E-01
  4.2184E-01 -5.6749E-01  2.9868E-03 -5.4206E-01
  4.2944E-01 -5.7586E-01  3.2078E-03 -5.7992E-01
  4.3718E-01 -5.8397E-01  3.4451E-03 -6.2030E-01
  4.4505E-01 -5.9179E-01  3.6999E-03 -6.6334E-01
  4.5306E-01 -5.9932E-01  3.9736E-03 -7.0922E-01
  4.6122E-01 -6.0651E-01  4.2674E-03 -7.5809E-01
  4.6953E-01 -6.1336E-01  4.5829E-03 -8.1013E-01
  4.7799E-01 -6.1984E-01  4.9217E-03 -8.6551E-01
  4.8660E-01 -6.2592E-01  5.2855E-03 -9.2443E-01
  4.9536E-01 -6.3158E-01  5.6761E-03 -9.8707E-01
  5.0428E-01 -6.3681E-01  6.0955E-03 -1.0536E+00
  5.1336E-01 -6.4158E-01  6.5457E-03 -1.1243E+00
  5.2261E-01 -6.4587E-01  7.0291E-03 -1.1993E+00
  5.3202E-01 -6.4967E-01  7.5481E-03 -1.2789E+00
  5.4160E-01 -6.5294E-01  8.1053E-03 -1.3632E+00
  5.5135E-01 -6.5568E-01  8.7034E-03 -1.4525E+00
  5.6128E-01 -6.5787E-01  9.3454E-03 -1.5469E+00
  5.7139E-01 -6.5948E-01  1.0035E-02 -1.6468E+00
  5.8168E-01 -6.6051E-01  1.0774E-02 -1.7523E+00
  5.9215E-01 -6.6092E-01  1.1568E-02 -1.8635E+00
  6.0282E-01 -6.6072E-01  1.2420E-02 -1.9808E+00
  6.1367E-01 -6.5988E-01  1.3335E-02 -2.1043E+00
  6.2472E-01 -6.5839E-01  1.4316E-02 -2.2342E+00
  6.3597E-01 -6.5624E-01  1.5369E-02 -2.3706E+00
  6.4742E-01 -6.5341E-01  1.6498E-02 -2.5136E+00
  6.5908E-01 -6.4990E-01  1.7710E-02 -2.6634E+00
  6.7095E-01 -6.4568E-01  1.9010E-02 -2.8200E+00
  6.8303E-01 -6.4077E-01  2.0404E-02 -2.9834E+00
  6.9533E-01 -6.3513E-01  2.1900E-02 -3.1537E+00
  7.0785E-01 -6.2877E-01  2.3504E-02 -3.3307E+00
  7.2060E-01 -6.2169E-01  2.5224E-02 -3.5144E+00
  7.3357E-01 -6.1386E-01  2.7067E-02 -3.7045E+00
  7.4678E-01 -6.0529E-01  2.9044E-02 -3.9007E+00
  7.6023E-01 -5.9598E-01  3.1163E-02 -4.1028E+00
  7.7391E-01 -5.8591E-01  3.3433E-02 -4.3102E+00
  7.8785E-01 -5.7509E-01  3.5866E-02 -4.5224E+00
  8.0203E-01 -5.6351E-01  3.8472E-02 -4.7388E+00
  8.1648E-01 -5.5117E-01  4.1263E-02 -4.9584E+00
  8.3118E-01 -5.3807E-01  4.4252E-02 -5.1804E+00
  8.4614E-01 -5.2421E-01  4.7453E-02 -5.4036E+00
  8.6138E-01 -5.0958E-01  5.0878E-02 -5.6268E+00
  8.7688E-01 -4.9420E-01  5.4544E-02 -5.8486E+00
  8.9267E-01 -4.7806E-01  5.8465E-02 -6.0673E+00
  9.0874E-01 -4.6116E-01  6.2660E-02 -6.2811E+00
  9.2511E-01 -4.4351E-01  6.7144E-02 -6.4880E+00
  9.4176E-01 -4.2511E-01  7.1937E-02 -6.6859E+00
  9.5872E-01 -4.0597E-01  7.7058E-02 -6.8724E+00
  9.7598E-01 -3.8608E-01  8.2527E-02 -7.0447E+00
  9.9355E-01 -3.6546E-01  8.8366E-02 -7.2002E+00
  1.0114E+00 -3.4411E-01  9.4597E-02 -7.3358E+00
  1.0296E+00 -3.2204E-01  1.0124E-01 -7.4484E+00
  1.0482E+00 -2.9926E-01  1.0833E-01 -7.5347E+00
  1.0671E+00 -2.7577E-01  1.1588E-01 -7.5913E+00
  1.0863E+00 -2.5158E-01  1.2392E-01 -7.6148E+00
  1.1058E+00 -2.2671E-01  1.3248E-01 -7.6016E+00
  1.1257E+00 -2.0116E-01  1.4158E-01 -7.5482E+00
  1.1460E+00 -1.7494E-01  1.5126E-01 -7.4512E+00
  1.1666E+00 -1.4808E-01  1.6153E-01 -7.3075E+00
  1.1876E+00 -1.2058E-01  1.7244E-01 -7.1140E+00
  1.2090E+00 -9.2453E-02  1.8400E-01 -6.8681E+00
  1.2308E+00 -6.3723E-02  1.9626E-01 -6.5678E+00
  1.2529E+00 -3.4408E-02  2.0922E-01 -6.2114E+00
  1.2755E+00 -4.5263E-03  2.2293E-01 -5.7980E+00
  1.2985E+00  2.5898E-02  2.3742E-01 -5.3276E+00
  1.3218E+00  5.6839E-02  2.5269E-01 -4.8012E+00
  1.3456E+00  8.8270E-02  2.6879E-01 -4.2207E+00
  1.3698E+00  1.2016E-01  2.8572E-01 -3.5894E+00
  1.3945E+00  1.5248E-01  3.0352E-01 -2.9119E+00
  1.4196E+00  1.8518E-01  3.2218E-01 -2.1942E+00
  1.4452E+00  2.1824E-01  3.4173E-01 -1.4439E+00
  1.4712E+00  2.5160E-01  3.6216E-01 -6.7012E-01
  1.4977E+00  2.8522E-01  3.8348E-01  1.1650E-01
  1.5246E+00  3.1906E-01  4.0568E-01  9.0375E-01
  1.5521E+00  3.5305E-01  4.2874E-01  1.6780E+00
  1.5800E+00  3.8714E-01  4.5264E-01  2.4245E+00
  1.6085E+00  4.2128E-01  4.7734E-01  3.1273E+00
  1.6374E+00  4.5539E-01  5.0281E-01  3.7701E+00
  1.6669E+00  4.8940E-01  5.2898E-01  4.3363E+00
  1.6969E+00  5.2325E-01  5.5579E-01  4.8099E+00
  1.7274E+00  5.5685E-01  5.8315E-01  5.1758E+00
  1.7585E+00  5.9011E-01  6.1097E-01  5.4208E+00
  1.7902E+00  6.2297E-01  6.3914E-01  5.5346E+00
  1.8224E+00  6.5531E-01  6.6754E-01  5.5105E+00
  1.8552E+00  6.8704E-01  6.9601E-01  5.3466E+00
  1.8886E+00  7.1806E-01  7.2441E-01  5.0465E+00
  1.9226E+00  7.4826E-01  7.5257E-01  4.6206E+00
  1.9572E+00  7.7753E-01  7.8030E-01  4.0865E+00
  1.9925E+00  8.0575E-01  8.0741E-01  3.4693E+00
  2.0283E+00  8.3278E-01  8.3371E-01  2.8018E+00
  2.0648E+00  8.5852E-01  8.5897E-01  2.1235E+00
  2.1020E+00  8.8280E-01  8.8299E-01  1.4783E+00
  2.1399E+00  9.0551E-01  9.0557E-01  9.1176E-01
  2.1784E+00  9.2649E-01  9.2650E-01  4.6514E-01
  2.2176E+00  9.4559E-01  9.4559E-01  1.6781E-01
  2.2575E+00  9.6265E-01  9.6265E-01  2.5689E-02
  2.2981E+00  9.7752E-01  9.7752E-01  6.5347E-03
  2.3395E+00  9.9002E-01  9.9002E-01  0.0000E+00
  2.3816E+00  1.0000E+00  1.0000E+00  0.0000E+00
  2.4245E+00  1.0073E+00  1.0073E+00  0.0000E+00
  2.4681E+00  1.0117E+00  1.0117E+00  0.0000E+00
  2.5126E+00  1.0131E+00  1.0131E+00  0.0000E+00
  2.5578E+00  1.0112E+00  1.0112E+00  0.0000E+00
  2.6038E+00  1.0060E+00  1.0060E+00  0.0000E+00
  2.6507E+00  9.9715E-01  9.9715E-01  0.0000E+00
  2.6984E+00  9.8463E-01  9.8463E-01  0.0000E+00
  2.7470E+00  9.6822E-01  9.6822E-01  0.0000E+00
  2.7964E+00  9.4779E-01  9.4779E-01  0.0000E+00
  2.8468E+00  9.2318E-01  9.2318E-01  0.0000E+00
  2.8980E+00  8.9430E-01  8.9430E-01  0.0000E+00
  2.9502E+00  8.6101E-01  8.6101E-01  0.0000E+00
  3.0033E+00  8.2325E-01  8.2325E-01  0.0000E+00
  3.0573E+00  7.8094E-01  7.8094E-01  0.0000E+00
  3.1124E+00  7.3406E-01  7.3406E-01  0.0000E+00
  3.1684E+00  6.8261E-01  6.8261E-01  0.0000E+00
  3.2254E+00  6.2660E-01  6.2660E-01  0.0000E+00
  3.2835E+00  5.6613E-01  5.6613E-01  0.0000E+00
  3.3426E+00  5.0130E-01  5.0130E-01  0.0000E+00
  3.4027E+00  4.3229E-01  4.3229E-01  0.0000E+00
  3.4640E+00  3.5934E-01  3.5934E-01  0.0000E+00
  3.5263E+00  2.8272E-01  2.8272E-01  0.0000E+00
  3.5898E+00  2.0279E-01  2.0279E-01  0.0000E+00
  3.6544E+00  1.1999E-01  1.1999E-01  0.0000E+00
  3.7202E+00  3.4810E-02  3.4810E-02  0.0000E+00
  3.7872E+00 -5.2168E-02 -5.2168E-02  0.0000E+00
  3.8553E+00 -1.4029E-01 -1.4029E-01  0.0000E+00
  3.9247E+00 -2.2880E-01 -2.2880E-01  0.0000E+00
  3.9954E+00 -3.1691E-01 -3.1691E-01  0.0000E+00
  4.0673E+00 -4.0369E-01 -4.0369E-01  0.0000E+00
  4.1405E+00 -4.8820E-01 -4.8820E-01  0.0000E+00
  4.2150E+00 -5.6940E-01 -5.6940E-01  0.0000E+00
  4.2909E+00 -6.4618E-01 -6.4618E-01  0.0000E+00
  4.3681E+00 -7.1742E-01 -7.1742E-01  0.0000E+00
  4.4468E+00 -7.8193E-01 -7.8193E-01  0.0000E+00
  4.5268E+00 -8.3855E-01 -8.3855E-01  0.0000E+00
  4.6083E+00 -8.8607E-01 -8.8607E-01  0.0000E+00
  4.6912E+00 -9.2334E-01 -9.2334E-01  0.0000E+00
  4.7757E+00 -9.4926E-01 -9.4926E-01  0.0000E+00
  4.8616E+00 -9.6282E-01 -9.6282E-01  0.0000E+00
  4.9491E+00 -9.6310E-01 -9.6310E-01  0.0000E+00
  5.0382E+00 -9.4935E-01 -9.4935E-01  0.0000E+00
  5.1289E+00 -9.2099E-01 -9.2099E-01  0.0000E+00
  5.2212E+00 -8.7765E-01 -8.7765E-01  0.0000E+00
  5.3152E+00 -8.1924E-01 -8.1924E-01  0.0000E+00
  5.4109E+00 -7.4593E-01 -7.4593E-01  0.0000E+00
  5.5083E+00 -6.5823E-01 -6.5823E-01  0.0000E+00
  5.6074E+00 -5.5698E-01 -5.5698E-01  0.0000E+00
  5.7083E+00 -4.4341E-01 -4.4341E-01  0.0000E+00
