 # l=           0 energy=  -4.9859719438877761     
  0.0000E+00  0.0000E+00  0.0000E+00  0.0000E+00
  5.5354E-06  2.1726E-06  1.0345E-04  1.0420E-04
  1.1171E-05  4.3843E-06  1.9537E-04  1.9677E-04
  1.6907E-05  6.6358E-06  2.8432E-04  2.8634E-04
  2.2747E-05  8.9278E-06  3.7187E-04  3.7451E-04
  2.8692E-05  1.1261E-05  4.5876E-04  4.6200E-04
  3.4743E-05  1.3636E-05  5.4541E-04  5.4927E-04
  4.0904E-05  1.6054E-05  6.3212E-04  6.3657E-04
  4.7176E-05  1.8516E-05  7.1905E-04  7.2412E-04
  5.3560E-05  2.1022E-05  8.0637E-04  8.1204E-04
  6.0060E-05  2.3573E-05  8.9419E-04  9.0047E-04
  6.6676E-05  2.6170E-05  9.8259E-04  9.8948E-04
  7.3412E-05  2.8813E-05  1.0717E-03  1.0792E-03
  8.0268E-05  3.1504E-05  1.1615E-03  1.1696E-03
  8.7249E-05  3.4244E-05  1.2521E-03  1.2608E-03
  9.4354E-05  3.7033E-05  1.3435E-03  1.3529E-03
  1.0159E-04  3.9872E-05  1.4359E-03  1.4459E-03
  1.0895E-04  4.2762E-05  1.5292E-03  1.5398E-03
  1.1645E-04  4.5704E-05  1.6235E-03  1.6348E-03
  1.2408E-04  4.8700E-05  1.7187E-03  1.7307E-03
  1.3185E-04  5.1749E-05  1.8151E-03  1.8277E-03
  1.3976E-04  5.4853E-05  1.9125E-03  1.9258E-03
  1.4781E-04  5.8012E-05  2.0111E-03  2.0250E-03
  1.5600E-04  6.1229E-05  2.1108E-03  2.1254E-03
  1.6435E-04  6.4504E-05  2.2116E-03  2.2269E-03
  1.7284E-04  6.7837E-05  2.3137E-03  2.3297E-03
  1.8149E-04  7.1231E-05  2.4170E-03  2.4337E-03
  1.9029E-04  7.4685E-05  2.5216E-03  2.5390E-03
  1.9925E-04  7.8202E-05  2.6275E-03  2.6456E-03
  2.0837E-04  8.1782E-05  2.7347E-03  2.7535E-03
  2.1766E-04  8.5427E-05  2.8432E-03  2.8628E-03
  2.2711E-04  8.9137E-05  2.9531E-03  2.9734E-03
  2.3673E-04  9.2914E-05  3.0644E-03  3.0855E-03
  2.4653E-04  9.6759E-05  3.1771E-03  3.1989E-03
  2.5650E-04  1.0067E-04  3.2913E-03  3.3139E-03
  2.6665E-04  1.0466E-04  3.4069E-03  3.4303E-03
  2.7699E-04  1.0871E-04  3.5240E-03  3.5482E-03
  2.8751E-04  1.1284E-04  3.6427E-03  3.6677E-03
  2.9822E-04  1.1705E-04  3.7629E-03  3.7887E-03
  3.0912E-04  1.2133E-04  3.8847E-03  3.9113E-03
  3.2022E-04  1.2568E-04  4.0080E-03  4.0355E-03
  3.3152E-04  1.3012E-04  4.1330E-03  4.1613E-03
  3.4302E-04  1.3463E-04  4.2596E-03  4.2888E-03
  3.5473E-04  1.3923E-04  4.3879E-03  4.4179E-03
  3.6665E-04  1.4391E-04  4.5179E-03  4.5488E-03
  3.7878E-04  1.4867E-04  4.6497E-03  4.6814E-03
  3.9114E-04  1.5352E-04  4.7831E-03  4.8157E-03
  4.0371E-04  1.5845E-04  4.9184E-03  4.9519E-03
  4.1651E-04  1.6348E-04  5.0554E-03  5.0898E-03
  4.2955E-04  1.6859E-04  5.1942E-03  5.2296E-03
  4.4281E-04  1.7380E-04  5.3349E-03  5.3712E-03
  4.5632E-04  1.7910E-04  5.4775E-03  5.5147E-03
  4.7007E-04  1.8449E-04  5.6219E-03  5.6601E-03
  4.8406E-04  1.8999E-04  5.7683E-03  5.8075E-03
  4.9831E-04  1.9558E-04  5.9166E-03  5.9568E-03
  5.1281E-04  2.0127E-04  6.0669E-03  6.1081E-03
  5.2758E-04  2.0707E-04  6.2192E-03  6.2613E-03
  5.4261E-04  2.1297E-04  6.3735E-03  6.4167E-03
  5.5791E-04  2.1897E-04  6.5298E-03  6.5740E-03
  5.7349E-04  2.2509E-04  6.6882E-03  6.7335E-03
  5.8934E-04  2.3131E-04  6.8487E-03  6.8950E-03
  6.0549E-04  2.3765E-04  7.0114E-03  7.0587E-03
  6.2192E-04  2.4410E-04  7.1761E-03  7.2246E-03
  6.3865E-04  2.5066E-04  7.3431E-03  7.3926E-03
  6.5568E-04  2.5735E-04  7.5122E-03  7.5629E-03
  6.7302E-04  2.6415E-04  7.6835E-03  7.7353E-03
  6.9066E-04  2.7108E-04  7.8571E-03  7.9100E-03
  7.0863E-04  2.7813E-04  8.0330E-03  8.0871E-03
  7.2692E-04  2.8531E-04  8.2111E-03  8.2664E-03
  7.4554E-04  2.9261E-04  8.3916E-03  8.4480E-03
  7.6449E-04  3.0005E-04  8.5744E-03  8.6320E-03
  7.8379E-04  3.0763E-04  8.7596E-03  8.8184E-03
  8.0343E-04  3.1534E-04  8.9472E-03  9.0072E-03
  8.2343E-04  3.2318E-04  9.1372E-03  9.1984E-03
  8.4378E-04  3.3117E-04  9.3296E-03  9.3921E-03
  8.6450E-04  3.3931E-04  9.5245E-03  9.5882E-03
  8.8560E-04  3.4759E-04  9.7218E-03  9.7869E-03
  9.0707E-04  3.5601E-04  9.9217E-03  9.9880E-03
  9.2893E-04  3.6459E-04  1.0124E-02  1.0192E-02
  9.5119E-04  3.7333E-04  1.0329E-02  1.0398E-02
  9.7384E-04  3.8222E-04  1.0537E-02  1.0607E-02
  9.9691E-04  3.9127E-04  1.0747E-02  1.0818E-02
  1.0204E-03  4.0049E-04  1.0960E-02  1.1033E-02
  1.0443E-03  4.0987E-04  1.1175E-02  1.1249E-02
  1.0686E-03  4.1942E-04  1.1393E-02  1.1469E-02
  1.0934E-03  4.2914E-04  1.1614E-02  1.1691E-02
  1.1186E-03  4.3904E-04  1.1837E-02  1.1916E-02
  1.1443E-03  4.4911E-04  1.2063E-02  1.2144E-02
  1.1704E-03  4.5937E-04  1.2292E-02  1.2374E-02
  1.1970E-03  4.6981E-04  1.2524E-02  1.2607E-02
  1.2241E-03  4.8043E-04  1.2759E-02  1.2843E-02
  1.2516E-03  4.9125E-04  1.2996E-02  1.3082E-02
  1.2797E-03  5.0227E-04  1.3236E-02  1.3323E-02
  1.3083E-03  5.1348E-04  1.3479E-02  1.3568E-02
  1.3374E-03  5.2489E-04  1.3725E-02  1.3815E-02
  1.3670E-03  5.3651E-04  1.3973E-02  1.4065E-02
  1.3971E-03  5.4834E-04  1.4225E-02  1.4319E-02
  1.4278E-03  5.6039E-04  1.4479E-02  1.4575E-02
  1.4590E-03  5.7264E-04  1.4736E-02  1.4833E-02
  1.4908E-03  5.8512E-04  1.4997E-02  1.5095E-02
  1.5232E-03  5.9783E-04  1.5260E-02  1.5360E-02
  1.5561E-03  6.1076E-04  1.5526E-02  1.5628E-02
  1.5897E-03  6.2392E-04  1.5795E-02  1.5899E-02
  1.6238E-03  6.3733E-04  1.6067E-02  1.6172E-02
  1.6586E-03  6.5097E-04  1.6342E-02  1.6449E-02
  1.6940E-03  6.6486E-04  1.6620E-02  1.6728E-02
  1.7300E-03  6.7900E-04  1.6901E-02  1.7011E-02
  1.7667E-03  6.9339E-04  1.7184E-02  1.7297E-02
  1.8040E-03  7.0804E-04  1.7471E-02  1.7585E-02
  1.8420E-03  7.2296E-04  1.7761E-02  1.7877E-02
  1.8807E-03  7.3814E-04  1.8054E-02  1.8171E-02
  1.9201E-03  7.5360E-04  1.8349E-02  1.8469E-02
  1.9602E-03  7.6934E-04  1.8648E-02  1.8769E-02
  2.0010E-03  7.8536E-04  1.8950E-02  1.9073E-02
  2.0425E-03  8.0166E-04  1.9254E-02  1.9379E-02
  2.0848E-03  8.1827E-04  1.9562E-02  1.9688E-02
  2.1279E-03  8.3517E-04  1.9872E-02  2.0001E-02
  2.1717E-03  8.5237E-04  2.0185E-02  2.0316E-02
  2.2163E-03  8.6988E-04  2.0501E-02  2.0634E-02
  2.2618E-03  8.8771E-04  2.0820E-02  2.0955E-02
  2.3080E-03  9.0586E-04  2.1142E-02  2.1279E-02
  2.3551E-03  9.2434E-04  2.1467E-02  2.1605E-02
  2.4030E-03  9.4315E-04  2.1795E-02  2.1935E-02
  2.4518E-03  9.6229E-04  2.2125E-02  2.2267E-02
  2.5015E-03  9.8179E-04  2.2458E-02  2.2602E-02
  2.5520E-03  1.0016E-03  2.2794E-02  2.2940E-02
  2.6035E-03  1.0218E-03  2.3132E-02  2.3280E-02
  2.6559E-03  1.0424E-03  2.3473E-02  2.3623E-02
  2.7092E-03  1.0633E-03  2.3817E-02  2.3969E-02
  2.7635E-03  1.0846E-03  2.4163E-02  2.4317E-02
  2.8188E-03  1.1063E-03  2.4511E-02  2.4667E-02
  2.8750E-03  1.1284E-03  2.4863E-02  2.5021E-02
  2.9323E-03  1.1509E-03  2.5216E-02  2.5376E-02
  2.9906E-03  1.1738E-03  2.5572E-02  2.5734E-02
  3.0500E-03  1.1971E-03  2.5930E-02  2.6094E-02
  3.1104E-03  1.2208E-03  2.6290E-02  2.6456E-02
  3.1720E-03  1.2449E-03  2.6653E-02  2.6821E-02
  3.2346E-03  1.2695E-03  2.7017E-02  2.7187E-02
  3.2983E-03  1.2945E-03  2.7383E-02  2.7556E-02
  3.3632E-03  1.3200E-03  2.7752E-02  2.7926E-02
  3.4293E-03  1.3459E-03  2.8122E-02  2.8298E-02
  3.4966E-03  1.3723E-03  2.8494E-02  2.8672E-02
  3.5650E-03  1.3992E-03  2.8867E-02  2.9047E-02
  3.6347E-03  1.4266E-03  2.9242E-02  2.9424E-02
  3.7057E-03  1.4544E-03  2.9618E-02  2.9803E-02
  3.7779E-03  1.4828E-03  2.9996E-02  3.0182E-02
  3.8514E-03  1.5116E-03  3.0375E-02  3.0563E-02
  3.9263E-03  1.5410E-03  3.0755E-02  3.0945E-02
  4.0025E-03  1.5709E-03  3.1135E-02  3.1328E-02
  4.0801E-03  1.6014E-03  3.1517E-02  3.1711E-02
  4.1590E-03  1.6324E-03  3.1899E-02  3.2095E-02
  4.2394E-03  1.6639E-03  3.2282E-02  3.2480E-02
  4.3213E-03  1.6960E-03  3.2665E-02  3.2865E-02
  4.4046E-03  1.7287E-03  3.3048E-02  3.3250E-02
  4.4894E-03  1.7620E-03  3.3431E-02  3.3635E-02
  4.5757E-03  1.7959E-03  3.3815E-02  3.4020E-02
  4.6636E-03  1.8304E-03  3.4197E-02  3.4405E-02
  4.7531E-03  1.8655E-03  3.4580E-02  3.4789E-02
  4.8442E-03  1.9013E-03  3.4961E-02  3.5172E-02
  4.9369E-03  1.9376E-03  3.5342E-02  3.5555E-02
  5.0313E-03  1.9747E-03  3.5721E-02  3.5936E-02
  5.1274E-03  2.0124E-03  3.6100E-02  3.6316E-02
  5.2252E-03  2.0508E-03  3.6476E-02  3.6694E-02
  5.3248E-03  2.0899E-03  3.6851E-02  3.7071E-02
  5.4261E-03  2.1297E-03  3.7224E-02  3.7445E-02
  5.5293E-03  2.1702E-03  3.7595E-02  3.7817E-02
  5.6344E-03  2.2114E-03  3.7963E-02  3.8187E-02
  5.7413E-03  2.2534E-03  3.8328E-02  3.8553E-02
  5.8502E-03  2.2961E-03  3.8690E-02  3.8917E-02
  5.9610E-03  2.3396E-03  3.9049E-02  3.9277E-02
  6.0739E-03  2.3839E-03  3.9404E-02  3.9633E-02
  6.1887E-03  2.4290E-03  3.9755E-02  3.9986E-02
  6.3056E-03  2.4748E-03  4.0102E-02  4.0334E-02
  6.4247E-03  2.5216E-03  4.0445E-02  4.0677E-02
  6.5458E-03  2.5691E-03  4.0782E-02  4.1016E-02
  6.6692E-03  2.6175E-03  4.1114E-02  4.1349E-02
  6.7947E-03  2.6668E-03  4.1441E-02  4.1676E-02
  6.9226E-03  2.7170E-03  4.1761E-02  4.1998E-02
  7.0527E-03  2.7681E-03  4.2075E-02  4.2313E-02
  7.1852E-03  2.8200E-03  4.2383E-02  4.2621E-02
  7.3200E-03  2.8730E-03  4.2683E-02  4.2922E-02
  7.4573E-03  2.9268E-03  4.2976E-02  4.3215E-02
  7.5971E-03  2.9817E-03  4.3261E-02  4.3500E-02
  7.7393E-03  3.0375E-03  4.3538E-02  4.3777E-02
  7.8842E-03  3.0944E-03  4.3805E-02  4.4045E-02
  8.0316E-03  3.1522E-03  4.4064E-02  4.4303E-02
  8.1817E-03  3.2111E-03  4.4313E-02  4.4552E-02
  8.3345E-03  3.2711E-03  4.4551E-02  4.4790E-02
  8.4900E-03  3.3322E-03  4.4779E-02  4.5018E-02
  8.6484E-03  3.3943E-03  4.4996E-02  4.5235E-02
  8.8095E-03  3.4576E-03  4.5201E-02  4.5439E-02
  8.9736E-03  3.5220E-03  4.5394E-02  4.5631E-02
  9.1407E-03  3.5875E-03  4.5575E-02  4.5811E-02
  9.3107E-03  3.6543E-03  4.5742E-02  4.5977E-02
  9.4839E-03  3.7222E-03  4.5895E-02  4.6129E-02
  9.6601E-03  3.7914E-03  4.6035E-02  4.6267E-02
  9.8395E-03  3.8618E-03  4.6159E-02  4.6390E-02
  1.0022E-02  3.9334E-03  4.6268E-02  4.6497E-02
  1.0208E-02  4.0064E-03  4.6361E-02  4.6588E-02
  1.0397E-02  4.0807E-03  4.6437E-02  4.6663E-02
  1.0590E-02  4.1563E-03  4.6496E-02  4.6720E-02
  1.0786E-02  4.2333E-03  4.6537E-02  4.6758E-02
  1.0986E-02  4.3116E-03  4.6560E-02  4.6779E-02
  1.1189E-02  4.3914E-03  4.6564E-02  4.6780E-02
  1.1396E-02  4.4726E-03  4.6548E-02  4.6761E-02
  1.1607E-02  4.5553E-03  4.6511E-02  4.6721E-02
  1.1821E-02  4.6394E-03  4.6454E-02  4.6660E-02
  1.2039E-02  4.7251E-03  4.6375E-02  4.6578E-02
  1.2262E-02  4.8123E-03  4.6274E-02  4.6473E-02
  1.2488E-02  4.9011E-03  4.6150E-02  4.6344E-02
  1.2718E-02  4.9914E-03  4.6002E-02  4.6192E-02
  1.2952E-02  5.0834E-03  4.5830E-02  4.6016E-02
  1.3191E-02  5.1771E-03  4.5633E-02  4.5814E-02
  1.3434E-02  5.2724E-03  4.5410E-02  4.5586E-02
  1.3681E-02  5.3695E-03  4.5161E-02  4.5331E-02
  1.3933E-02  5.4683E-03  4.4885E-02  4.5049E-02
  1.4189E-02  5.5689E-03  4.4581E-02  4.4740E-02
  1.4450E-02  5.6713E-03  4.4249E-02  4.4401E-02
  1.4716E-02  5.7755E-03  4.3887E-02  4.4033E-02
  1.4986E-02  5.8816E-03  4.3496E-02  4.3636E-02
  1.5262E-02  5.9896E-03  4.3075E-02  4.3207E-02
  1.5542E-02  6.0996E-03  4.2623E-02  4.2747E-02
  1.5827E-02  6.2115E-03  4.2139E-02  4.2255E-02
  1.6118E-02  6.3255E-03  4.1622E-02  4.1731E-02
  1.6413E-02  6.4415E-03  4.1073E-02  4.1173E-02
  1.6714E-02  6.5596E-03  4.0490E-02  4.0581E-02
  1.7020E-02  6.6798E-03  3.9873E-02  3.9955E-02
  1.7332E-02  6.8022E-03  3.9221E-02  3.9294E-02
  1.7650E-02  6.9267E-03  3.8534E-02  3.8597E-02
  1.7973E-02  7.0536E-03  3.7810E-02  3.7863E-02
  1.8302E-02  7.1827E-03  3.7051E-02  3.7093E-02
  1.8637E-02  7.3141E-03  3.6255E-02  3.6286E-02
  1.8978E-02  7.4479E-03  3.5421E-02  3.5441E-02
  1.9325E-02  7.5841E-03  3.4549E-02  3.4558E-02
  1.9678E-02  7.7227E-03  3.3639E-02  3.3636E-02
  2.0038E-02  7.8639E-03  3.2691E-02  3.2675E-02
  2.0404E-02  8.0075E-03  3.1703E-02  3.1674E-02
  2.0777E-02  8.1538E-03  3.0676E-02  3.0634E-02
  2.1157E-02  8.3027E-03  2.9610E-02  2.9554E-02
  2.1543E-02  8.4542E-03  2.8503E-02  2.8434E-02
  2.1936E-02  8.6085E-03  2.7357E-02  2.7273E-02
  2.2337E-02  8.7656E-03  2.6171E-02  2.6071E-02
  2.2744E-02  8.9255E-03  2.4944E-02  2.4829E-02
  2.3159E-02  9.0883E-03  2.3677E-02  2.3547E-02
  2.3581E-02  9.2540E-03  2.2370E-02  2.2223E-02
  2.4011E-02  9.4226E-03  2.1023E-02  2.0860E-02
  2.4449E-02  9.5944E-03  1.9636E-02  1.9455E-02
  2.4895E-02  9.7691E-03  1.8208E-02  1.8011E-02
  2.5348E-02  9.9471E-03  1.6742E-02  1.6526E-02
  2.5810E-02  1.0128E-02  1.5236E-02  1.5002E-02
  2.6280E-02  1.0313E-02  1.3692E-02  1.3439E-02
  2.6759E-02  1.0500E-02  1.2109E-02  1.1837E-02
  2.7246E-02  1.0691E-02  1.0489E-02  1.0197E-02
  2.7742E-02  1.0886E-02  8.8313E-03  8.5201E-03
  2.8246E-02  1.1084E-02  7.1379E-03  6.8062E-03
  2.8760E-02  1.1286E-02  5.4091E-03  5.0567E-03
  2.9283E-02  1.1491E-02  3.6459E-03  3.2724E-03
  2.9816E-02  1.1700E-02  1.8495E-03  1.4543E-03
  3.0358E-02  1.1912E-02  2.0839E-05 -3.9625E-04
  3.0910E-02  1.2129E-02 -1.8387E-03 -2.2781E-03
  3.1472E-02  1.2349E-02 -3.7278E-03 -4.1899E-03
  3.2044E-02  1.2573E-02 -5.6449E-03 -6.1301E-03
  3.2626E-02  1.2802E-02 -7.5885E-03 -8.0971E-03
  3.3219E-02  1.3034E-02 -9.5569E-03 -1.0089E-02
  3.3822E-02  1.3271E-02 -1.1548E-02 -1.2105E-02
  3.4437E-02  1.3512E-02 -1.3561E-02 -1.4141E-02
  3.5062E-02  1.3757E-02 -1.5592E-02 -1.6197E-02
  3.5699E-02  1.4006E-02 -1.7640E-02 -1.8270E-02
  3.6347E-02  1.4260E-02 -1.9702E-02 -2.0358E-02
  3.7006E-02  1.4519E-02 -2.1777E-02 -2.2458E-02
  3.7678E-02  1.4782E-02 -2.3860E-02 -2.4567E-02
  3.8362E-02  1.5050E-02 -2.5951E-02 -2.6684E-02
  3.9058E-02  1.5323E-02 -2.8045E-02 -2.8804E-02
  3.9766E-02  1.5601E-02 -3.0140E-02 -3.0926E-02
  4.0487E-02  1.5884E-02 -3.2233E-02 -3.3045E-02
  4.1222E-02  1.6172E-02 -3.4321E-02 -3.5159E-02
  4.1969E-02  1.6464E-02 -3.6399E-02 -3.7264E-02
  4.2730E-02  1.6763E-02 -3.8465E-02 -3.9357E-02
  4.3505E-02  1.7066E-02 -4.0515E-02 -4.1434E-02
  4.4293E-02  1.7375E-02 -4.2545E-02 -4.3491E-02
  4.5096E-02  1.7690E-02 -4.4552E-02 -4.5524E-02
  4.5913E-02  1.8010E-02 -4.6531E-02 -4.7530E-02
  4.6745E-02  1.8336E-02 -4.8478E-02 -4.9504E-02
  4.7592E-02  1.8668E-02 -5.0389E-02 -5.1442E-02
  4.8454E-02  1.9005E-02 -5.2259E-02 -5.3339E-02
  4.9332E-02  1.9349E-02 -5.4085E-02 -5.5191E-02
  5.0225E-02  1.9699E-02 -5.5861E-02 -5.6993E-02
  5.1134E-02  2.0055E-02 -5.7583E-02 -5.8741E-02
  5.2060E-02  2.0418E-02 -5.9246E-02 -6.0430E-02
  5.3003E-02  2.0787E-02 -6.0845E-02 -6.2055E-02
  5.3962E-02  2.1163E-02 -6.2376E-02 -6.3611E-02
  5.4939E-02  2.1545E-02 -6.3833E-02 -6.5093E-02
  5.5933E-02  2.1935E-02 -6.5212E-02 -6.6496E-02
  5.6946E-02  2.2331E-02 -6.6507E-02 -6.7815E-02
  5.7976E-02  2.2734E-02 -6.7714E-02 -6.9045E-02
  5.9025E-02  2.3145E-02 -6.8826E-02 -7.0181E-02
  6.0093E-02  2.3563E-02 -6.9840E-02 -7.1217E-02
  6.1180E-02  2.3988E-02 -7.0750E-02 -7.2149E-02
  6.2287E-02  2.4421E-02 -7.1552E-02 -7.2972E-02
  6.3413E-02  2.4862E-02 -7.2239E-02 -7.3680E-02
  6.4560E-02  2.5310E-02 -7.2808E-02 -7.4268E-02
  6.5728E-02  2.5767E-02 -7.3253E-02 -7.4733E-02
  6.6916E-02  2.6232E-02 -7.3570E-02 -7.5068E-02
  6.8126E-02  2.6705E-02 -7.3754E-02 -7.5269E-02
  6.9358E-02  2.7187E-02 -7.3800E-02 -7.5333E-02
  7.0612E-02  2.7677E-02 -7.3705E-02 -7.5253E-02
  7.1888E-02  2.8176E-02 -7.3463E-02 -7.5027E-02
  7.3188E-02  2.8684E-02 -7.3072E-02 -7.4651E-02
  7.4510E-02  2.9200E-02 -7.2528E-02 -7.4119E-02
  7.5857E-02  2.9726E-02 -7.1826E-02 -7.3430E-02
  7.7228E-02  3.0262E-02 -7.0964E-02 -7.2579E-02
  7.8623E-02  3.0807E-02 -6.9939E-02 -7.1565E-02
  8.0044E-02  3.1362E-02 -6.8748E-02 -7.0383E-02
  8.1490E-02  3.1926E-02 -6.7390E-02 -6.9033E-02
  8.2962E-02  3.2501E-02 -6.5861E-02 -6.7512E-02
  8.4461E-02  3.3086E-02 -6.4161E-02 -6.5818E-02
  8.5987E-02  3.3681E-02 -6.2288E-02 -6.3950E-02
  8.7540E-02  3.4287E-02 -6.0243E-02 -6.1909E-02
  8.9121E-02  3.4904E-02 -5.8024E-02 -5.9693E-02
  9.0730E-02  3.5531E-02 -5.5631E-02 -5.7303E-02
  9.2369E-02  3.6170E-02 -5.3067E-02 -5.4740E-02
  9.4037E-02  3.6820E-02 -5.0332E-02 -5.2004E-02
  9.5735E-02  3.7482E-02 -4.7427E-02 -4.9099E-02
  9.7464E-02  3.8155E-02 -4.4356E-02 -4.6026E-02
  9.9223E-02  3.8840E-02 -4.1122E-02 -4.2788E-02
  1.0101E-01  3.9538E-02 -3.7727E-02 -3.9390E-02
  1.0284E-01  4.0247E-02 -3.4176E-02 -3.5835E-02
  1.0469E-01  4.0970E-02 -3.0475E-02 -3.2128E-02
  1.0658E-01  4.1705E-02 -2.6629E-02 -2.8275E-02
  1.0851E-01  4.2453E-02 -2.2643E-02 -2.4282E-02
  1.1047E-01  4.3214E-02 -1.8525E-02 -2.0156E-02
  1.1246E-01  4.3989E-02 -1.4283E-02 -1.5905E-02
  1.1449E-01  4.4777E-02 -9.9235E-03 -1.1537E-02
  1.1656E-01  4.5579E-02 -5.4569E-03 -7.0611E-03
  1.1866E-01  4.6395E-02 -8.9223E-04 -2.4865E-03
  1.2080E-01  4.7226E-02  3.7602E-03  2.1762E-03
  1.2298E-01  4.8071E-02  8.4894E-03  6.9159E-03
  1.2520E-01  4.8931E-02  1.3284E-02  1.1721E-02
  1.2746E-01  4.9807E-02  1.8131E-02  1.6579E-02
  1.2976E-01  5.0697E-02  2.3019E-02  2.1478E-02
  1.3210E-01  5.1603E-02  2.7933E-02  2.6403E-02
  1.3448E-01  5.2525E-02  3.2860E-02  3.1340E-02
  1.3691E-01  5.3463E-02  3.7785E-02  3.6275E-02
  1.3938E-01  5.4417E-02  4.2694E-02  4.1193E-02
  1.4189E-01  5.5388E-02  4.7569E-02  4.6077E-02
  1.4445E-01  5.6376E-02  5.2396E-02  5.0912E-02
  1.4706E-01  5.7382E-02  5.7157E-02  5.5681E-02
  1.4971E-01  5.8404E-02  6.1837E-02  6.0367E-02
  1.5241E-01  5.9444E-02  6.6417E-02  6.4952E-02
  1.5516E-01  6.0503E-02  7.0881E-02  6.9420E-02
  1.5796E-01  6.1579E-02  7.5211E-02  7.3753E-02
  1.6080E-01  6.2674E-02  7.9389E-02  7.7931E-02
  1.6370E-01  6.3788E-02  8.3397E-02  8.1939E-02
  1.6666E-01  6.4922E-02  8.7218E-02  8.5757E-02
  1.6966E-01  6.6074E-02  9.0833E-02  8.9369E-02
  1.7272E-01  6.7247E-02  9.4226E-02  9.2755E-02
  1.7583E-01  6.8439E-02  9.7378E-02  9.5899E-02
  1.7900E-01  6.9652E-02  1.0027E-01  9.8783E-02
  1.8223E-01  7.0886E-02  1.0289E-01  1.0139E-01
  1.8552E-01  7.2140E-02  1.0522E-01  1.0371E-01
  1.8886E-01  7.3416E-02  1.0725E-01  1.0571E-01
  1.9227E-01  7.4713E-02  1.0895E-01  1.0740E-01
  1.9573E-01  7.6033E-02  1.1032E-01  1.0874E-01
  1.9926E-01  7.7375E-02  1.1134E-01  1.0974E-01
  2.0285E-01  7.8739E-02  1.1201E-01  1.1037E-01
  2.0651E-01  8.0126E-02  1.1229E-01  1.1062E-01
  2.1023E-01  8.1536E-02  1.1220E-01  1.1049E-01
  2.1402E-01  8.2970E-02  1.1171E-01  1.0997E-01
  2.1788E-01  8.4428E-02  1.1083E-01  1.0904E-01
  2.2181E-01  8.5910E-02  1.0954E-01  1.0771E-01
  2.2580E-01  8.7417E-02  1.0783E-01  1.0596E-01
  2.2987E-01  8.8948E-02  1.0572E-01  1.0379E-01
  2.3402E-01  9.0505E-02  1.0318E-01  1.0120E-01
  2.3823E-01  9.2087E-02  1.0023E-01  9.8189E-02
  2.4253E-01  9.3695E-02  9.6863E-02  9.4761E-02
  2.4690E-01  9.5329E-02  9.3083E-02  9.0917E-02
  2.5135E-01  9.6989E-02  8.8895E-02  8.6663E-02
  2.5588E-01  9.8677E-02  8.4305E-02  8.2004E-02
  2.6049E-01  1.0039E-01  7.9323E-02  7.6949E-02
  2.6518E-01  1.0213E-01  7.3958E-02  7.1510E-02
  2.6996E-01  1.0390E-01  6.8222E-02  6.5697E-02
  2.7482E-01  1.0570E-01  6.2131E-02  5.9527E-02
  2.7977E-01  1.0753E-01  5.5700E-02  5.3014E-02
  2.8482E-01  1.0938E-01  4.8946E-02  4.6178E-02
  2.8995E-01  1.1127E-01  4.1891E-02  3.9038E-02
  2.9517E-01  1.1318E-01  3.4554E-02  3.1616E-02
  3.0049E-01  1.1512E-01  2.6961E-02  2.3936E-02
  3.0590E-01  1.1709E-01  1.9135E-02  1.6022E-02
  3.1141E-01  1.1910E-01  1.1104E-02  7.9030E-03
  3.1702E-01  1.2113E-01  2.8955E-03 -3.9370E-04
  3.2274E-01  1.2319E-01 -5.4603E-03 -8.8376E-03
  3.2855E-01  1.2529E-01 -1.3932E-02 -1.7397E-02
  3.3447E-01  1.2741E-01 -2.2488E-02 -2.6040E-02
  3.4049E-01  1.2957E-01 -3.1095E-02 -3.4732E-02
  3.4663E-01  1.3176E-01 -3.9717E-02 -4.3439E-02
  3.5287E-01  1.3398E-01 -4.8320E-02 -5.2124E-02
  3.5923E-01  1.3623E-01 -5.6868E-02 -6.0752E-02
  3.6570E-01  1.3851E-01 -6.5324E-02 -6.9285E-02
  3.7229E-01  1.4083E-01 -7.3651E-02 -7.7686E-02
  3.7899E-01  1.4318E-01 -8.1812E-02 -8.5917E-02
  3.8582E-01  1.4556E-01 -8.9770E-02 -9.3942E-02
  3.9277E-01  1.4797E-01 -9.7489E-02 -1.0172E-01
  3.9985E-01  1.5042E-01 -1.0493E-01 -1.0922E-01
  4.0705E-01  1.5290E-01 -1.1206E-01 -1.1640E-01
  4.1438E-01  1.5541E-01 -1.1884E-01 -1.2323E-01
  4.2184E-01  1.5796E-01 -1.2524E-01 -1.2967E-01
  4.2944E-01  1.6053E-01 -1.3122E-01 -1.3569E-01
  4.3718E-01  1.6314E-01 -1.3676E-01 -1.4125E-01
  4.4505E-01  1.6579E-01 -1.4181E-01 -1.4633E-01
  4.5306E-01  1.6846E-01 -1.4635E-01 -1.5088E-01
  4.6122E-01  1.7117E-01 -1.5036E-01 -1.5489E-01
  4.6953E-01  1.7391E-01 -1.5380E-01 -1.5833E-01
  4.7799E-01  1.7668E-01 -1.5665E-01 -1.6117E-01
  4.8660E-01  1.7948E-01 -1.5888E-01 -1.6339E-01
  4.9536E-01  1.8232E-01 -1.6049E-01 -1.6496E-01
  5.0428E-01  1.8518E-01 -1.6144E-01 -1.6589E-01
  5.1336E-01  1.8808E-01 -1.6174E-01 -1.6613E-01
  5.2261E-01  1.9101E-01 -1.6136E-01 -1.6570E-01
  5.3202E-01  1.9396E-01 -1.6029E-01 -1.6457E-01
  5.4160E-01  1.9695E-01 -1.5854E-01 -1.6274E-01
  5.5135E-01  1.9997E-01 -1.5609E-01 -1.6022E-01
  5.6128E-01  2.0301E-01 -1.5296E-01 -1.5699E-01
  5.7139E-01  2.0608E-01 -1.4913E-01 -1.5306E-01
  5.8168E-01  2.0918E-01 -1.4462E-01 -1.4844E-01
  5.9215E-01  2.1231E-01 -1.3943E-01 -1.4314E-01
  6.0282E-01  2.1546E-01 -1.3359E-01 -1.3717E-01
  6.1367E-01  2.1863E-01 -1.2710E-01 -1.3054E-01
  6.2472E-01  2.2183E-01 -1.1997E-01 -1.2328E-01
  6.3597E-01  2.2506E-01 -1.1224E-01 -1.1539E-01
  6.4742E-01  2.2830E-01 -1.0392E-01 -1.0692E-01
  6.5908E-01  2.3157E-01 -9.5041E-02 -9.7874E-02
  6.7095E-01  2.3485E-01 -8.5627E-02 -8.8291E-02
  6.8303E-01  2.3816E-01 -7.5709E-02 -7.8197E-02
  6.9533E-01  2.4148E-01 -6.5318E-02 -6.7626E-02
  7.0785E-01  2.4482E-01 -5.4487E-02 -5.6611E-02
  7.2060E-01  2.4817E-01 -4.3252E-02 -4.5188E-02
  7.3357E-01  2.5154E-01 -3.1648E-02 -3.3394E-02
  7.4678E-01  2.5492E-01 -1.9713E-02 -2.1267E-02
  7.6023E-01  2.5831E-01 -7.4851E-03 -8.8447E-03
  7.7391E-01  2.6171E-01  4.9978E-03  3.8320E-03
  7.8785E-01  2.6512E-01  1.7696E-02  1.6723E-02
  8.0203E-01  2.6854E-01  3.0571E-02  2.9789E-02
  8.1648E-01  2.7196E-01  4.3582E-02  4.2990E-02
  8.3118E-01  2.7538E-01  5.6691E-02  5.6284E-02
  8.4614E-01  2.7881E-01  6.9859E-02  6.9633E-02
  8.6138E-01  2.8224E-01  8.3048E-02  8.2998E-02
  8.7688E-01  2.8567E-01  9.6222E-02  9.6340E-02
  8.9267E-01  2.8910E-01  1.0935E-01  1.0962E-01
  9.0874E-01  2.9252E-01  1.2238E-01  1.2281E-01
  9.2511E-01  2.9594E-01  1.3530E-01  1.3588E-01
  9.4176E-01  2.9935E-01  1.4807E-01  1.4878E-01
  9.5872E-01  3.0276E-01  1.6066E-01  1.6149E-01
  9.7598E-01  3.0617E-01  1.7305E-01  1.7398E-01
  9.9355E-01  3.0956E-01  1.8520E-01  1.8623E-01
  1.0114E+00  3.1295E-01  1.9710E-01  1.9822E-01
  1.0296E+00  3.1633E-01  2.0873E-01  2.0992E-01
  1.0482E+00  3.1970E-01  2.2007E-01  2.2131E-01
  1.0671E+00  3.2306E-01  2.3110E-01  2.3238E-01
  1.0863E+00  3.2642E-01  2.4181E-01  2.4311E-01
  1.1058E+00  3.2977E-01  2.5220E-01  2.5351E-01
  1.1257E+00  3.3312E-01  2.6225E-01  2.6355E-01
  1.1460E+00  3.3648E-01  2.7196E-01  2.7324E-01
  1.1666E+00  3.3983E-01  2.8134E-01  2.8258E-01
  1.1876E+00  3.4320E-01  2.9038E-01  2.9157E-01
  1.2090E+00  3.4657E-01  2.9908E-01  3.0021E-01
  1.2308E+00  3.4997E-01  3.0746E-01  3.0851E-01
  1.2529E+00  3.5339E-01  3.1552E-01  3.1648E-01
  1.2755E+00  3.5684E-01  3.2329E-01  3.2414E-01
  1.2985E+00  3.6035E-01  3.3076E-01  3.3151E-01
  1.3218E+00  3.6390E-01  3.3797E-01  3.3860E-01
  1.3456E+00  3.6753E-01  3.4493E-01  3.4544E-01
  1.3698E+00  3.7125E-01  3.5168E-01  3.5206E-01
  1.3945E+00  3.7507E-01  3.5824E-01  3.5849E-01
  1.4196E+00  3.7901E-01  3.6464E-01  3.6477E-01
  1.4452E+00  3.8310E-01  3.7093E-01  3.7093E-01
  1.4712E+00  3.8737E-01  3.7715E-01  3.7703E-01
  1.4977E+00  3.9185E-01  3.8333E-01  3.8311E-01
  1.5246E+00  3.9656E-01  3.8954E-01  3.8922E-01
  1.5521E+00  4.0156E-01  3.9583E-01  3.9542E-01
  1.5800E+00  4.0688E-01  4.0226E-01  4.0177E-01
  1.6085E+00  4.1257E-01  4.0890E-01  4.0835E-01
  1.6374E+00  4.1870E-01  4.1581E-01  4.1522E-01
  1.6669E+00  4.2532E-01  4.2309E-01  4.2247E-01
  1.6969E+00  4.3251E-01  4.3081E-01  4.3018E-01
  1.7274E+00  4.4034E-01  4.3907E-01  4.3845E-01
  1.7585E+00  4.4890E-01  4.4798E-01  4.4738E-01
  1.7902E+00  4.5830E-01  4.5764E-01  4.5707E-01
  1.8224E+00  4.6864E-01  4.6818E-01  4.6766E-01
  1.8552E+00  4.8004E-01  4.7974E-01  4.7928E-01
  1.8886E+00  4.9266E-01  4.9246E-01  4.9206E-01
  1.9226E+00  5.0663E-01  5.0651E-01  5.0618E-01
  1.9572E+00  5.2213E-01  5.2206E-01  5.2179E-01
  1.9925E+00  5.3934E-01  5.3931E-01  5.3910E-01
  2.0283E+00  5.5849E-01  5.5847E-01  5.5833E-01
  2.0648E+00  5.7980E-01  5.7980E-01  5.7970E-01
  2.1020E+00  6.0354E-01  6.0354E-01  6.0348E-01
  2.1399E+00  6.3000E-01  6.3000E-01  6.2996E-01
  2.1784E+00  6.5951E-01  6.5951E-01  6.5948E-01
  2.2176E+00  6.9243E-01  6.9243E-01  6.9241E-01
  2.2575E+00  7.2917E-01  7.2917E-01  7.2917E-01
  2.2981E+00  7.7022E-01  7.7022E-01  7.7022E-01
  2.3395E+00  8.1610E-01  8.1610E-01  8.1610E-01
  2.3816E+00  8.6742E-01  8.6742E-01  8.6742E-01
  2.4245E+00  9.2486E-01  9.2486E-01  9.2487E-01
  2.4681E+00  9.8922E-01  9.8922E-01  9.8923E-01
  2.5126E+00  1.0614E+00  1.0614E+00  1.0614E+00
  2.5578E+00  1.1424E+00  1.1424E+00  1.1425E+00
  2.6038E+00  1.2335E+00  1.2335E+00  1.2335E+00
  2.6507E+00  1.3360E+00  1.3360E+00  1.3360E+00
  2.6984E+00  1.4515E+00  1.4515E+00  1.4515E+00
  2.7470E+00  1.5818E+00  1.5818E+00  1.5818E+00
  2.7964E+00  1.7291E+00  1.7291E+00  1.7291E+00
