 -8.0000E+00  2.4194E+00  2.4191E+00  1.1789E+00  1.1788E+00
 -7.9679E+00  2.4118E+00  2.4115E+00  1.1778E+00  1.1777E+00
 -7.9359E+00  2.4042E+00  2.4039E+00  1.1766E+00  1.1766E+00
 -7.9038E+00  2.3966E+00  2.3962E+00  1.1755E+00  1.1754E+00
 -7.8717E+00  2.3889E+00  2.3885E+00  1.1744E+00  1.1743E+00
 -7.8397E+00  2.3811E+00  2.3808E+00  1.1732E+00  1.1731E+00
 -7.8076E+00  2.3734E+00  2.3730E+00  1.1720E+00  1.1720E+00
 -7.7756E+00  2.3655E+00  2.3651E+00  1.1708E+00  1.1708E+00
 -7.7435E+00  2.3577E+00  2.3573E+00  1.1696E+00  1.1696E+00
 -7.7114E+00  2.3497E+00  2.3493E+00  1.1684E+00  1.1684E+00
 -7.6794E+00  2.3418E+00  2.3414E+00  1.1672E+00  1.1671E+00
 -7.6473E+00  2.3337E+00  2.3333E+00  1.1660E+00  1.1659E+00
 -7.6152E+00  2.3257E+00  2.3253E+00  1.1647E+00  1.1646E+00
 -7.5832E+00  2.3176E+00  2.3171E+00  1.1634E+00  1.1634E+00
 -7.5511E+00  2.3094E+00  2.3090E+00  1.1622E+00  1.1621E+00
 -7.5190E+00  2.3012E+00  2.3007E+00  1.1609E+00  1.1608E+00
 -7.4870E+00  2.2929E+00  2.2925E+00  1.1595E+00  1.1595E+00
 -7.4549E+00  2.2845E+00  2.2841E+00  1.1582E+00  1.1581E+00
 -7.4228E+00  2.2761E+00  2.2757E+00  1.1568E+00  1.1568E+00
 -7.3908E+00  2.2677E+00  2.2673E+00  1.1555E+00  1.1554E+00
 -7.3587E+00  2.2592E+00  2.2588E+00  1.1541E+00  1.1540E+00
 -7.3267E+00  2.2506E+00  2.2502E+00  1.1527E+00  1.1526E+00
 -7.2946E+00  2.2420E+00  2.2415E+00  1.1512E+00  1.1512E+00
 -7.2625E+00  2.2333E+00  2.2328E+00  1.1498E+00  1.1497E+00
 -7.2305E+00  2.2245E+00  2.2240E+00  1.1483E+00  1.1482E+00
 -7.1984E+00  2.2156E+00  2.2152E+00  1.1468E+00  1.1468E+00
 -7.1663E+00  2.2067E+00  2.2063E+00  1.1453E+00  1.1452E+00
 -7.1343E+00  2.1977E+00  2.1973E+00  1.1438E+00  1.1437E+00
 -7.1022E+00  2.1887E+00  2.1882E+00  1.1422E+00  1.1421E+00
 -7.0701E+00  2.1795E+00  2.1791E+00  1.1406E+00  1.1406E+00
 -7.0381E+00  2.1703E+00  2.1699E+00  1.1390E+00  1.1390E+00
 -7.0060E+00  2.1610E+00  2.1606E+00  1.1374E+00  1.1373E+00
 -6.9739E+00  2.1516E+00  2.1512E+00  1.1357E+00  1.1357E+00
 -6.9419E+00  2.1422E+00  2.1417E+00  1.1340E+00  1.1340E+00
 -6.9098E+00  2.1326E+00  2.1321E+00  1.1323E+00  1.1322E+00
 -6.8778E+00  2.1229E+00  2.1225E+00  1.1306E+00  1.1305E+00
 -6.8457E+00  2.1132E+00  2.1127E+00  1.1288E+00  1.1287E+00
 -6.8136E+00  2.1033E+00  2.1029E+00  1.1270E+00  1.1269E+00
 -6.7816E+00  2.0934E+00  2.0929E+00  1.1251E+00  1.1251E+00
 -6.7495E+00  2.0833E+00  2.0828E+00  1.1233E+00  1.1232E+00
 -6.7174E+00  2.0731E+00  2.0727E+00  1.1214E+00  1.1213E+00
 -6.6854E+00  2.0628E+00  2.0624E+00  1.1194E+00  1.1193E+00
 -6.6533E+00  2.0524E+00  2.0520E+00  1.1174E+00  1.1173E+00
 -6.6212E+00  2.0419E+00  2.0414E+00  1.1154E+00  1.1153E+00
 -6.5892E+00  2.0313E+00  2.0308E+00  1.1133E+00  1.1132E+00
 -6.5571E+00  2.0205E+00  2.0200E+00  1.1112E+00  1.1111E+00
 -6.5251E+00  2.0096E+00  2.0091E+00  1.1091E+00  1.1090E+00
 -6.4930E+00  1.9985E+00  1.9980E+00  1.1068E+00  1.1068E+00
 -6.4609E+00  1.9873E+00  1.9868E+00  1.1046E+00  1.1045E+00
 -6.4289E+00  1.9759E+00  1.9754E+00  1.1023E+00  1.1022E+00
 -6.3968E+00  1.9644E+00  1.9639E+00  1.0999E+00  1.0998E+00
 -6.3647E+00  1.9527E+00  1.9522E+00  1.0975E+00  1.0974E+00
 -6.3327E+00  1.9408E+00  1.9403E+00  1.0950E+00  1.0949E+00
 -6.3006E+00  1.9288E+00  1.9283E+00  1.0925E+00  1.0924E+00
 -6.2685E+00  1.9165E+00  1.9160E+00  1.0899E+00  1.0898E+00
 -6.2365E+00  1.9041E+00  1.9036E+00  1.0872E+00  1.0871E+00
 -6.2044E+00  1.8914E+00  1.8909E+00  1.0844E+00  1.0843E+00
 -6.1723E+00  1.8785E+00  1.8781E+00  1.0816E+00  1.0815E+00
 -6.1403E+00  1.8654E+00  1.8650E+00  1.0787E+00  1.0786E+00
 -6.1082E+00  1.8521E+00  1.8516E+00  1.0757E+00  1.0756E+00
 -6.0762E+00  1.8385E+00  1.8380E+00  1.0726E+00  1.0725E+00
 -6.0441E+00  1.8246E+00  1.8242E+00  1.0694E+00  1.0693E+00
 -6.0120E+00  1.8105E+00  1.8100E+00  1.0662E+00  1.0660E+00
 -5.9800E+00  1.7960E+00  1.7956E+00  1.0628E+00  1.0627E+00
 -5.9479E+00  1.7813E+00  1.7808E+00  1.0593E+00  1.0591E+00
 -5.9158E+00  1.7662E+00  1.7657E+00  1.0556E+00  1.0555E+00
 -5.8838E+00  1.7508E+00  1.7503E+00  1.0518E+00  1.0517E+00
 -5.8517E+00  1.7350E+00  1.7345E+00  1.0479E+00  1.0478E+00
 -5.8196E+00  1.7188E+00  1.7183E+00  1.0439E+00  1.0437E+00
 -5.7876E+00  1.7022E+00  1.7017E+00  1.0396E+00  1.0395E+00
 -5.7555E+00  1.6851E+00  1.6847E+00  1.0352E+00  1.0351E+00
 -5.7234E+00  1.6676E+00  1.6671E+00  1.0306E+00  1.0305E+00
 -5.6914E+00  1.6496E+00  1.6491E+00  1.0258E+00  1.0257E+00
 -5.6593E+00  1.6310E+00  1.6305E+00  1.0208E+00  1.0207E+00
 -5.6273E+00  1.6118E+00  1.6114E+00  1.0155E+00  1.0154E+00
 -5.5952E+00  1.5921E+00  1.5916E+00  1.0100E+00  1.0098E+00
 -5.5631E+00  1.5716E+00  1.5712E+00  1.0041E+00  1.0040E+00
 -5.5311E+00  1.5505E+00  1.5501E+00  9.9798E-01  9.9785E-01
 -5.4990E+00  1.5286E+00  1.5281E+00  9.9147E-01  9.9134E-01
 -5.4669E+00  1.5058E+00  1.5054E+00  9.8458E-01  9.8445E-01
 -5.4349E+00  1.4822E+00  1.4818E+00  9.7726E-01  9.7713E-01
 -5.4028E+00  1.4575E+00  1.4571E+00  9.6947E-01  9.6933E-01
 -5.3707E+00  1.4318E+00  1.4314E+00  9.6114E-01  9.6101E-01
 -5.3387E+00  1.4050E+00  1.4046E+00  9.5222E-01  9.5208E-01
 -5.3066E+00  1.3768E+00  1.3764E+00  9.4263E-01  9.4249E-01
 -5.2745E+00  1.3473E+00  1.3469E+00  9.3228E-01  9.3214E-01
 -5.2425E+00  1.3162E+00  1.3158E+00  9.2107E-01  9.2093E-01
 -5.2104E+00  1.2834E+00  1.2830E+00  9.0887E-01  9.0873E-01
 -5.1784E+00  1.2487E+00  1.2483E+00  8.9554E-01  8.9540E-01
 -5.1463E+00  1.2119E+00  1.2115E+00  8.8090E-01  8.8076E-01
 -5.1142E+00  1.1727E+00  1.1724E+00  8.6473E-01  8.6459E-01
 -5.0822E+00  1.1309E+00  1.1306E+00  8.4676E-01  8.4662E-01
 -5.0501E+00  1.0861E+00  1.0858E+00  8.2667E-01  8.2652E-01
 -5.0180E+00  1.0380E+00  1.0377E+00  8.0403E-01  8.0388E-01
 -4.9860E+00  9.8595E-01  9.8565E-01  7.7832E-01  7.7817E-01
 -4.9539E+00  9.2948E-01  9.2920E-01  7.4886E-01  7.4872E-01
 -4.9218E+00  8.6789E-01  8.6763E-01  7.1479E-01  7.1464E-01
 -4.8898E+00  8.0033E-01  8.0009E-01  6.7494E-01  6.7480E-01
 -4.8577E+00  7.2576E-01  7.2555E-01  6.2781E-01  6.2767E-01
 -4.8257E+00  6.4290E-01  6.4270E-01  5.7137E-01  5.7123E-01
 -4.7936E+00  5.5010E-01  5.4992E-01  5.0292E-01  5.0278E-01
 -4.7615E+00  4.4526E-01  4.4511E-01  4.1890E-01  4.1878E-01
 -4.7295E+00  3.2564E-01  3.2552E-01  3.1481E-01  3.1471E-01
 -4.6974E+00  1.8762E-01  1.8753E-01  1.8546E-01  1.8538E-01
 -4.6653E+00  2.6254E-02  2.6197E-02  2.6248E-02  2.6191E-02
 -4.6333E+00 -1.6534E-01 -1.6536E-01 -1.6385E-01 -1.6388E-01
 -4.6012E+00 -3.9703E-01 -3.9702E-01 -3.7794E-01 -3.7794E-01
 -4.5691E+00 -6.8353E-01 -6.8350E-01 -5.9959E-01 -5.9957E-01
 -4.5371E+00 -1.0478E+00 -1.0477E+00 -8.0872E-01 -8.0870E-01
 -4.5050E+00 -1.5275E+00 -1.5275E+00 -9.9115E-01 -9.9114E-01
 -4.4729E+00 -2.1897E+00 -2.1898E+00 -1.1424E+00 -1.1424E+00
 -4.4409E+00 -3.1656E+00 -3.1660E+00 -1.2648E+00 -1.2649E+00
 -4.4088E+00 -4.7519E+00 -4.7530E+00 -1.3634E+00 -1.3634E+00
 -4.3768E+00 -7.7914E+00 -7.7954E+00 -1.4431E+00 -1.4432E+00
 -4.3447E+00 -1.6004E+01 -1.6024E+01 -1.5084E+00 -1.5085E+00
 -4.3126E+00 -1.1962E+02 -1.2090E+02 -1.5624E+00 -1.5625E+00
 -4.2806E+00  2.7025E+01  2.6954E+01 -1.6078E+00 -1.6079E+00
 -4.2485E+00  1.3218E+01  1.3199E+01 -1.6463E+00 -1.6464E+00
 -4.2164E+00  9.1696E+00  9.1601E+00 -1.6794E+00 -1.6795E+00
 -4.1844E+00  7.2322E+00  7.2259E+00 -1.7082E+00 -1.7083E+00
 -4.1523E+00  6.0939E+00  6.0892E+00 -1.7334E+00 -1.7336E+00
 -4.1202E+00  5.3434E+00  5.3396E+00 -1.7558E+00 -1.7559E+00
 -4.0882E+00  4.8102E+00  4.8071E+00 -1.7758E+00 -1.7759E+00
 -4.0561E+00  4.4112E+00  4.4084E+00 -1.7937E+00 -1.7939E+00
 -4.0240E+00  4.1007E+00  4.0982E+00 -1.8100E+00 -1.8101E+00
 -3.9920E+00  3.8516E+00  3.8493E+00 -1.8248E+00 -1.8250E+00
 -3.9599E+00  3.6470E+00  3.6449E+00 -1.8384E+00 -1.8386E+00
 -3.9279E+00  3.4755E+00  3.4736E+00 -1.8510E+00 -1.8511E+00
 -3.8958E+00  3.3294E+00  3.3276E+00 -1.8626E+00 -1.8627E+00
 -3.8637E+00  3.2032E+00  3.2015E+00 -1.8734E+00 -1.8735E+00
 -3.8317E+00  3.0928E+00  3.0912E+00 -1.8835E+00 -1.8837E+00
 -3.7996E+00  2.9953E+00  2.9938E+00 -1.8930E+00 -1.8932E+00
 -3.7675E+00  2.9084E+00  2.9069E+00 -1.9020E+00 -1.9021E+00
 -3.7355E+00  2.8302E+00  2.8287E+00 -1.9104E+00 -1.9106E+00
 -3.7034E+00  2.7593E+00  2.7579E+00 -1.9185E+00 -1.9186E+00
 -3.6713E+00  2.6947E+00  2.6934E+00 -1.9261E+00 -1.9263E+00
 -3.6393E+00  2.6355E+00  2.6342E+00 -1.9335E+00 -1.9336E+00
 -3.6072E+00  2.5808E+00  2.5796E+00 -1.9405E+00 -1.9406E+00
 -3.5752E+00  2.5302E+00  2.5289E+00 -1.9472E+00 -1.9474E+00
 -3.5431E+00  2.4830E+00  2.4818E+00 -1.9537E+00 -1.9538E+00
 -3.5110E+00  2.4389E+00  2.4377E+00 -1.9599E+00 -1.9601E+00
 -3.4790E+00  2.3975E+00  2.3963E+00 -1.9660E+00 -1.9661E+00
 -3.4469E+00  2.3584E+00  2.3573E+00 -1.9718E+00 -1.9720E+00
 -3.4148E+00  2.3215E+00  2.3204E+00 -1.9775E+00 -1.9777E+00
 -3.3828E+00  2.2866E+00  2.2855E+00 -1.9831E+00 -1.9832E+00
 -3.3507E+00  2.2533E+00  2.2522E+00 -1.9885E+00 -1.9887E+00
 -3.3186E+00  2.2216E+00  2.2205E+00 -1.9938E+00 -1.9939E+00
 -3.2866E+00  2.1912E+00  2.1902E+00 -1.9989E+00 -1.9991E+00
 -3.2545E+00  2.1621E+00  2.1611E+00 -2.0040E+00 -2.0042E+00
 -3.2224E+00  2.1342E+00  2.1332E+00 -2.0090E+00 -2.0092E+00
 -3.1904E+00  2.1073E+00  2.1063E+00 -2.0139E+00 -2.0140E+00
 -3.1583E+00  2.0814E+00  2.0804E+00 -2.0187E+00 -2.0189E+00
 -3.1263E+00  2.0563E+00  2.0554E+00 -2.0234E+00 -2.0236E+00
 -3.0942E+00  2.0321E+00  2.0311E+00 -2.0281E+00 -2.0283E+00
 -3.0621E+00  2.0085E+00  2.0076E+00 -2.0327E+00 -2.0329E+00
 -3.0301E+00  1.9857E+00  1.9848E+00 -2.0373E+00 -2.0375E+00
 -2.9980E+00  1.9634E+00  1.9625E+00 -2.0419E+00 -2.0421E+00
 -2.9659E+00  1.9418E+00  1.9409E+00 -2.0464E+00 -2.0466E+00
 -2.9339E+00  1.9206E+00  1.9198E+00 -2.0508E+00 -2.0510E+00
 -2.9018E+00  1.9000E+00  1.8991E+00 -2.0553E+00 -2.0555E+00
 -2.8697E+00  1.8798E+00  1.8790E+00 -2.0597E+00 -2.0599E+00
 -2.8377E+00  1.8601E+00  1.8592E+00 -2.0641E+00 -2.0643E+00
 -2.8056E+00  1.8407E+00  1.8399E+00 -2.0685E+00 -2.0686E+00
 -2.7735E+00  1.8217E+00  1.8209E+00 -2.0728E+00 -2.0730E+00
 -2.7415E+00  1.8030E+00  1.8022E+00 -2.0772E+00 -2.0774E+00
 -2.7094E+00  1.7847E+00  1.7839E+00 -2.0815E+00 -2.0817E+00
 -2.6774E+00  1.7666E+00  1.7659E+00 -2.0859E+00 -2.0861E+00
 -2.6453E+00  1.7489E+00  1.7481E+00 -2.0902E+00 -2.0904E+00
 -2.6132E+00  1.7313E+00  1.7306E+00 -2.0946E+00 -2.0948E+00
 -2.5812E+00  1.7141E+00  1.7133E+00 -2.0989E+00 -2.0991E+00
 -2.5491E+00  1.6970E+00  1.6963E+00 -2.1033E+00 -2.1035E+00
 -2.5170E+00  1.6802E+00  1.6795E+00 -2.1077E+00 -2.1079E+00
 -2.4850E+00  1.6635E+00  1.6628E+00 -2.1121E+00 -2.1122E+00
 -2.4529E+00  1.6470E+00  1.6463E+00 -2.1165E+00 -2.1166E+00
 -2.4208E+00  1.6307E+00  1.6301E+00 -2.1209E+00 -2.1211E+00
 -2.3888E+00  1.6146E+00  1.6139E+00 -2.1253E+00 -2.1255E+00
 -2.3567E+00  1.5986E+00  1.5979E+00 -2.1298E+00 -2.1300E+00
 -2.3246E+00  1.5827E+00  1.5821E+00 -2.1343E+00 -2.1345E+00
 -2.2926E+00  1.5670E+00  1.5664E+00 -2.1388E+00 -2.1390E+00
 -2.2605E+00  1.5514E+00  1.5508E+00 -2.1434E+00 -2.1435E+00
 -2.2285E+00  1.5359E+00  1.5353E+00 -2.1479E+00 -2.1481E+00
 -2.1964E+00  1.5205E+00  1.5199E+00 -2.1526E+00 -2.1527E+00
 -2.1643E+00  1.5052E+00  1.5046E+00 -2.1572E+00 -2.1574E+00
 -2.1323E+00  1.4899E+00  1.4894E+00 -2.1619E+00 -2.1621E+00
 -2.1002E+00  1.4748E+00  1.4742E+00 -2.1666E+00 -2.1668E+00
 -2.0681E+00  1.4597E+00  1.4592E+00 -2.1714E+00 -2.1716E+00
 -2.0361E+00  1.4447E+00  1.4442E+00 -2.1762E+00 -2.1764E+00
 -2.0040E+00  1.4298E+00  1.4293E+00 -2.1811E+00 -2.1813E+00
 -1.9719E+00  1.4149E+00  1.4144E+00 -2.1860E+00 -2.1862E+00
 -1.9399E+00  1.4001E+00  1.3996E+00 -2.1910E+00 -2.1912E+00
 -1.9078E+00  1.3853E+00  1.3848E+00 -2.1960E+00 -2.1962E+00
 -1.8758E+00  1.3706E+00  1.3701E+00 -2.2011E+00 -2.2013E+00
 -1.8437E+00  1.3559E+00  1.3554E+00 -2.2063E+00 -2.2064E+00
 -1.8116E+00  1.3412E+00  1.3408E+00 -2.2115E+00 -2.2116E+00
 -1.7796E+00  1.3266E+00  1.3262E+00 -2.2167E+00 -2.2169E+00
 -1.7475E+00  1.3120E+00  1.3116E+00 -2.2221E+00 -2.2222E+00
 -1.7154E+00  1.2974E+00  1.2970E+00 -2.2274E+00 -2.2276E+00
 -1.6834E+00  1.2829E+00  1.2825E+00 -2.2329E+00 -2.2331E+00
 -1.6513E+00  1.2683E+00  1.2679E+00 -2.2385E+00 -2.2386E+00
 -1.6192E+00  1.2538E+00  1.2534E+00 -2.2441E+00 -2.2442E+00
 -1.5872E+00  1.2392E+00  1.2389E+00 -2.2498E+00 -2.2499E+00
 -1.5551E+00  1.2247E+00  1.2244E+00 -2.2555E+00 -2.2557E+00
 -1.5230E+00  1.2102E+00  1.2098E+00 -2.2614E+00 -2.2615E+00
 -1.4910E+00  1.1957E+00  1.1953E+00 -2.2673E+00 -2.2675E+00
 -1.4589E+00  1.1811E+00  1.1808E+00 -2.2733E+00 -2.2735E+00
 -1.4269E+00  1.1666E+00  1.1663E+00 -2.2795E+00 -2.2796E+00
 -1.3948E+00  1.1520E+00  1.1517E+00 -2.2857E+00 -2.2858E+00
 -1.3627E+00  1.1374E+00  1.1372E+00 -2.2920E+00 -2.2921E+00
 -1.3307E+00  1.1229E+00  1.1226E+00 -2.2984E+00 -2.2985E+00
 -1.2986E+00  1.1083E+00  1.1080E+00 -2.3049E+00 -2.3050E+00
 -1.2665E+00  1.0936E+00  1.0934E+00 -2.3115E+00 -2.3116E+00
 -1.2345E+00  1.0790E+00  1.0788E+00 -2.3182E+00 -2.3183E+00
 -1.2024E+00  1.0643E+00  1.0641E+00 -2.3251E+00 -2.3252E+00
 -1.1703E+00  1.0496E+00  1.0494E+00 -2.3320E+00 -2.3321E+00
 -1.1383E+00  1.0349E+00  1.0347E+00 -2.3391E+00 -2.3392E+00
 -1.1062E+00  1.0201E+00  1.0199E+00 -2.3462E+00 -2.3463E+00
 -1.0741E+00  1.0053E+00  1.0051E+00 -2.3536E+00 -2.3536E+00
 -1.0421E+00  9.9045E-01  9.9029E-01 -2.3610E+00 -2.3611E+00
 -1.0100E+00  9.7556E-01  9.7541E-01 -2.3686E+00 -2.3686E+00
 -9.7796E-01  9.6063E-01  9.6049E-01 -2.3763E+00 -2.3763E+00
 -9.4589E-01  9.4566E-01  9.4553E-01 -2.3841E+00 -2.3842E+00
 -9.1383E-01  9.3063E-01  9.3052E-01 -2.3921E+00 -2.3922E+00
 -8.8176E-01  9.1556E-01  9.1545E-01 -2.4002E+00 -2.4003E+00
 -8.4970E-01  9.0044E-01  9.0034E-01 -2.4085E+00 -2.4086E+00
 -8.1764E-01  8.8526E-01  8.8517E-01 -2.4170E+00 -2.4170E+00
 -7.8557E-01  8.7003E-01  8.6995E-01 -2.4256E+00 -2.4256E+00
 -7.5351E-01  8.5473E-01  8.5466E-01 -2.4344E+00 -2.4344E+00
 -7.2144E-01  8.3938E-01  8.3932E-01 -2.4433E+00 -2.4433E+00
 -6.8938E-01  8.2396E-01  8.2391E-01 -2.4524E+00 -2.4524E+00
 -6.5731E-01  8.0848E-01  8.0844E-01 -2.4617E+00 -2.4617E+00
 -6.2525E-01  7.9294E-01  7.9290E-01 -2.4712E+00 -2.4712E+00
 -5.9319E-01  7.7732E-01  7.7729E-01 -2.4808E+00 -2.4809E+00
 -5.6112E-01  7.6163E-01  7.6161E-01 -2.4907E+00 -2.4907E+00
 -5.2906E-01  7.4587E-01  7.4585E-01 -2.5007E+00 -2.5008E+00
 -4.9699E-01  7.3003E-01  7.3002E-01 -2.5110E+00 -2.5110E+00
 -4.6493E-01  7.1412E-01  7.1411E-01 -2.5215E+00 -2.5215E+00
 -4.3287E-01  6.9813E-01  6.9812E-01 -2.5321E+00 -2.5321E+00
 -4.0080E-01  6.8205E-01  6.8204E-01 -2.5430E+00 -2.5430E+00
 -3.6874E-01  6.6589E-01  6.6589E-01 -2.5541E+00 -2.5541E+00
 -3.3667E-01  6.4964E-01  6.4964E-01 -2.5655E+00 -2.5655E+00
 -3.0461E-01  6.3330E-01  6.3330E-01 -2.5770E+00 -2.5770E+00
 -2.7255E-01  6.1687E-01  6.1688E-01 -2.5889E+00 -2.5889E+00
 -2.4048E-01  6.0035E-01  6.0035E-01 -2.6009E+00 -2.6009E+00
 -2.0842E-01  5.8374E-01  5.8373E-01 -2.6132E+00 -2.6132E+00
 -1.7635E-01  5.6702E-01  5.6701E-01 -2.6258E+00 -2.6258E+00
 -1.4429E-01  5.5021E-01  5.5019E-01 -2.6386E+00 -2.6386E+00
 -1.1222E-01  5.3329E-01  5.3327E-01 -2.6517E+00 -2.6517E+00
 -8.0160E-02  5.1626E-01  5.1624E-01 -2.6650E+00 -2.6650E+00
 -4.8096E-02  4.9913E-01  4.9910E-01 -2.6786E+00 -2.6787E+00
 -1.6032E-02  4.8189E-01  4.8185E-01 -2.6925E+00 -2.6926E+00
  1.6032E-02  4.6454E-01  4.6448E-01 -2.7067E+00 -2.7068E+00
  4.8096E-02  4.4707E-01  4.4700E-01 -2.7212E+00 -2.7212E+00
  8.0160E-02  4.2948E-01  4.2940E-01 -2.7359E+00 -2.7360E+00
  1.1222E-01  4.1177E-01  4.1167E-01 -2.7510E+00 -2.7511E+00
  1.4429E-01  3.9394E-01  3.9382E-01 -2.7663E+00 -2.7664E+00
  1.7635E-01  3.7598E-01  3.7584E-01 -2.7820E+00 -2.7821E+00
  2.0842E-01  3.5789E-01  3.5773E-01 -2.7979E+00 -2.7980E+00
  2.4048E-01  3.3967E-01  3.3949E-01 -2.8141E+00 -2.8143E+00
  2.7255E-01  3.2132E-01  3.2111E-01 -2.8307E+00 -2.8309E+00
  3.0461E-01  3.0283E-01  3.0259E-01 -2.8475E+00 -2.8478E+00
  3.3667E-01  2.8420E-01  2.8392E-01 -2.8647E+00 -2.8649E+00
  3.6874E-01  2.6542E-01  2.6511E-01 -2.8822E+00 -2.8824E+00
  4.0080E-01  2.4650E-01  2.4615E-01 -2.8999E+00 -2.9002E+00
  4.3287E-01  2.2743E-01  2.2704E-01 -2.9180E+00 -2.9183E+00
  4.6493E-01  2.0820E-01  2.0777E-01 -2.9363E+00 -2.9367E+00
  4.9699E-01  1.8882E-01  1.8834E-01 -2.9550E+00 -2.9554E+00
  5.2906E-01  1.6928E-01  1.6875E-01 -2.9739E+00 -2.9744E+00
  5.6112E-01  1.4957E-01  1.4899E-01 -2.9931E+00 -2.9937E+00
  5.9319E-01  1.2970E-01  1.2906E-01 -3.0126E+00 -3.0132E+00
  6.2525E-01  1.0965E-01  1.0895E-01 -3.0324E+00 -3.0331E+00
  6.5731E-01  8.9434E-02  8.8670E-02 -3.0524E+00 -3.0532E+00
  6.8938E-01  6.9037E-02  6.8203E-02 -3.0727E+00 -3.0735E+00
  7.2144E-01  4.8458E-02  4.7549E-02 -3.0932E+00 -3.0941E+00
  7.5351E-01  2.7693E-02  2.6704E-02 -3.1139E+00 -3.1149E+00
  7.8557E-01  6.7370E-03  5.6631E-03 -3.1349E+00 -3.1359E+00
  8.1764E-01 -1.4413E-02 -1.5577E-02 -3.1560E+00 -3.1572E+00
  8.4970E-01 -3.5762E-02 -3.7023E-02 -3.1773E+00 -3.1786E+00
  8.8176E-01 -5.7315E-02 -5.8677E-02 -3.1988E+00 -3.2002E+00
  9.1383E-01 -7.9075E-02 -8.0546E-02 -3.2205E+00 -3.2220E+00
  9.4589E-01 -1.0105E-01 -1.0263E-01 -3.2423E+00 -3.2439E+00
  9.7796E-01 -1.2324E-01 -1.2494E-01 -3.2642E+00 -3.2659E+00
  1.0100E+00 -1.4565E-01 -1.4749E-01 -3.2862E+00 -3.2880E+00
  1.0421E+00 -1.6829E-01 -1.7026E-01 -3.3083E+00 -3.3102E+00
  1.0741E+00 -1.9116E-01 -1.9328E-01 -3.3305E+00 -3.3325E+00
  1.1062E+00 -2.1427E-01 -2.1654E-01 -3.3527E+00 -3.3548E+00
  1.1383E+00 -2.3762E-01 -2.4006E-01 -3.3749E+00 -3.3772E+00
  1.1703E+00 -2.6122E-01 -2.6383E-01 -3.3971E+00 -3.3995E+00
  1.2024E+00 -2.8508E-01 -2.8786E-01 -3.4193E+00 -3.4219E+00
  1.2345E+00 -3.0920E-01 -3.1217E-01 -3.4415E+00 -3.4442E+00
  1.2665E+00 -3.3358E-01 -3.3676E-01 -3.4636E+00 -3.4664E+00
  1.2986E+00 -3.5823E-01 -3.6163E-01 -3.4856E+00 -3.4886E+00
  1.3307E+00 -3.8317E-01 -3.8679E-01 -3.5075E+00 -3.5107E+00
  1.3627E+00 -4.0839E-01 -4.1225E-01 -3.5293E+00 -3.5326E+00
  1.3948E+00 -4.3391E-01 -4.3801E-01 -3.5510E+00 -3.5544E+00
  1.4269E+00 -4.5972E-01 -4.6409E-01 -3.5725E+00 -3.5761E+00
  1.4589E+00 -4.8584E-01 -4.9049E-01 -3.5938E+00 -3.5976E+00
  1.4910E+00 -5.1228E-01 -5.1723E-01 -3.6150E+00 -3.6189E+00
  1.5230E+00 -5.3904E-01 -5.4430E-01 -3.6360E+00 -3.6400E+00
  1.5551E+00 -5.6613E-01 -5.7172E-01 -3.6567E+00 -3.6610E+00
  1.5872E+00 -5.9356E-01 -5.9949E-01 -3.6773E+00 -3.6816E+00
  1.6192E+00 -6.2134E-01 -6.2763E-01 -3.6976E+00 -3.7021E+00
  1.6513E+00 -6.4947E-01 -6.5615E-01 -3.7176E+00 -3.7223E+00
  1.6834E+00 -6.7797E-01 -6.8506E-01 -3.7374E+00 -3.7422E+00
  1.7154E+00 -7.0684E-01 -7.1436E-01 -3.7569E+00 -3.7619E+00
  1.7475E+00 -7.3610E-01 -7.4407E-01 -3.7761E+00 -3.7813E+00
  1.7796E+00 -7.6576E-01 -7.7420E-01 -3.7951E+00 -3.8004E+00
  1.8116E+00 -7.9581E-01 -8.0476E-01 -3.8138E+00 -3.8192E+00
  1.8437E+00 -8.2629E-01 -8.3577E-01 -3.8322E+00 -3.8378E+00
  1.8758E+00 -8.5719E-01 -8.6723E-01 -3.8502E+00 -3.8560E+00
  1.9078E+00 -8.8854E-01 -8.9916E-01 -3.8680E+00 -3.8739E+00
  1.9399E+00 -9.2033E-01 -9.3157E-01 -3.8855E+00 -3.8916E+00
  1.9719E+00 -9.5259E-01 -9.6448E-01 -3.9027E+00 -3.9089E+00
  2.0040E+00 -9.8532E-01 -9.9790E-01 -3.9196E+00 -3.9259E+00
  2.0361E+00 -1.0185E+00 -1.0319E+00 -3.9362E+00 -3.9427E+00
  2.0681E+00 -1.0523E+00 -1.0663E+00 -3.9525E+00 -3.9591E+00
  2.1002E+00 -1.0865E+00 -1.1014E+00 -3.9684E+00 -3.9752E+00
  2.1323E+00 -1.1213E+00 -1.1370E+00 -3.9841E+00 -3.9910E+00
  2.1643E+00 -1.1566E+00 -1.1733E+00 -3.9995E+00 -4.0065E+00
  2.1964E+00 -1.1925E+00 -1.2101E+00 -4.0146E+00 -4.0218E+00
  2.2285E+00 -1.2290E+00 -1.2476E+00 -4.0294E+00 -4.0367E+00
  2.2605E+00 -1.2661E+00 -1.2857E+00 -4.0439E+00 -4.0513E+00
  2.2926E+00 -1.3037E+00 -1.3245E+00 -4.0581E+00 -4.0657E+00
  2.3246E+00 -1.3421E+00 -1.3640E+00 -4.0720E+00 -4.0798E+00
  2.3567E+00 -1.3810E+00 -1.4042E+00 -4.0857E+00 -4.0936E+00
  2.3888E+00 -1.4207E+00 -1.4452E+00 -4.0991E+00 -4.1071E+00
  2.4208E+00 -1.4611E+00 -1.4869E+00 -4.1122E+00 -4.1203E+00
  2.4529E+00 -1.5021E+00 -1.5294E+00 -4.1250E+00 -4.1333E+00
  2.4850E+00 -1.5440E+00 -1.5728E+00 -4.1376E+00 -4.1461E+00
  2.5170E+00 -1.5865E+00 -1.6170E+00 -4.1500E+00 -4.1585E+00
  2.5491E+00 -1.6299E+00 -1.6621E+00 -4.1621E+00 -4.1708E+00
  2.5812E+00 -1.6741E+00 -1.7081E+00 -4.1739E+00 -4.1828E+00
  2.6132E+00 -1.7192E+00 -1.7551E+00 -4.1855E+00 -4.1945E+00
  2.6453E+00 -1.7651E+00 -1.8031E+00 -4.1969E+00 -4.2060E+00
  2.6774E+00 -1.8119E+00 -1.8520E+00 -4.2081E+00 -4.2173E+00
  2.7094E+00 -1.8597E+00 -1.9021E+00 -4.2190E+00 -4.2284E+00
  2.7415E+00 -1.9084E+00 -1.9532E+00 -4.2297E+00 -4.2392E+00
  2.7735E+00 -1.9581E+00 -2.0055E+00 -4.2402E+00 -4.2498E+00
  2.8056E+00 -2.0089E+00 -2.0590E+00 -4.2505E+00 -4.2603E+00
  2.8377E+00 -2.0608E+00 -2.1138E+00 -4.2606E+00 -4.2705E+00
  2.8697E+00 -2.1137E+00 -2.1698E+00 -4.2705E+00 -4.2805E+00
  2.9018E+00 -2.1679E+00 -2.2272E+00 -4.2802E+00 -4.2904E+00
  2.9339E+00 -2.2232E+00 -2.2859E+00 -4.2897E+00 -4.3000E+00
  2.9659E+00 -2.2798E+00 -2.3462E+00 -4.2990E+00 -4.3095E+00
  2.9980E+00 -2.3377E+00 -2.4079E+00 -4.3082E+00 -4.3188E+00
  3.0301E+00 -2.3970E+00 -2.4713E+00 -4.3172E+00 -4.3279E+00
  3.0621E+00 -2.4577E+00 -2.5363E+00 -4.3260E+00 -4.3368E+00
  3.0942E+00 -2.5198E+00 -2.6031E+00 -4.3346E+00 -4.3456E+00
  3.1263E+00 -2.5834E+00 -2.6717E+00 -4.3431E+00 -4.3542E+00
  3.1583E+00 -2.6487E+00 -2.7421E+00 -4.3514E+00 -4.3627E+00
  3.1904E+00 -2.7156E+00 -2.8146E+00 -4.3596E+00 -4.3710E+00
  3.2224E+00 -2.7842E+00 -2.8892E+00 -4.3676E+00 -4.3792E+00
  3.2545E+00 -2.8546E+00 -2.9660E+00 -4.3754E+00 -4.3872E+00
  3.2866E+00 -2.9269E+00 -3.0451E+00 -4.3832E+00 -4.3951E+00
  3.3186E+00 -3.0012E+00 -3.1266E+00 -4.3908E+00 -4.4028E+00
  3.3507E+00 -3.0775E+00 -3.2107E+00 -4.3982E+00 -4.4105E+00
  3.3828E+00 -3.1560E+00 -3.2974E+00 -4.4055E+00 -4.4179E+00
  3.4148E+00 -3.2367E+00 -3.3870E+00 -4.4127E+00 -4.4253E+00
  3.4469E+00 -3.3198E+00 -3.4796E+00 -4.4198E+00 -4.4325E+00
  3.4790E+00 -3.4054E+00 -3.5753E+00 -4.4268E+00 -4.4397E+00
  3.5110E+00 -3.4936E+00 -3.6744E+00 -4.4336E+00 -4.4467E+00
  3.5431E+00 -3.5845E+00 -3.7770E+00 -4.4403E+00 -4.4536E+00
  3.5752E+00 -3.6782E+00 -3.8833E+00 -4.4469E+00 -4.4604E+00
  3.6072E+00 -3.7750E+00 -3.9936E+00 -4.4534E+00 -4.4670E+00
  3.6393E+00 -3.8750E+00 -4.1081E+00 -4.4598E+00 -4.4736E+00
  3.6713E+00 -3.9783E+00 -4.2270E+00 -4.4661E+00 -4.4801E+00
  3.7034E+00 -4.0852E+00 -4.3508E+00 -4.4723E+00 -4.4865E+00
  3.7355E+00 -4.1958E+00 -4.4796E+00 -4.4784E+00 -4.4928E+00
  3.7675E+00 -4.3103E+00 -4.6138E+00 -4.4844E+00 -4.4989E+00
  3.7996E+00 -4.4290E+00 -4.7538E+00 -4.4903E+00 -4.5051E+00
  3.8317E+00 -4.5521E+00 -4.9000E+00 -4.4961E+00 -4.5111E+00
  3.8637E+00 -4.6800E+00 -5.0529E+00 -4.5019E+00 -4.5170E+00
  3.8958E+00 -4.8128E+00 -5.2129E+00 -4.5075E+00 -4.5229E+00
  3.9279E+00 -4.9509E+00 -5.3806E+00 -4.5131E+00 -4.5286E+00
  3.9599E+00 -5.0946E+00 -5.5566E+00 -4.5186E+00 -4.5343E+00
  3.9920E+00 -5.2444E+00 -5.7416E+00 -4.5240E+00 -4.5400E+00
  4.0240E+00 -5.4005E+00 -5.9363E+00 -4.5293E+00 -4.5455E+00
  4.0561E+00 -5.5636E+00 -6.1414E+00 -4.5345E+00 -4.5510E+00
  4.0882E+00 -5.7339E+00 -6.3581E+00 -4.5397E+00 -4.5564E+00
  4.1202E+00 -5.9122E+00 -6.5872E+00 -4.5448E+00 -4.5617E+00
  4.1523E+00 -6.0989E+00 -6.8299E+00 -4.5499E+00 -4.5670E+00
  4.1844E+00 -6.2947E+00 -7.0876E+00 -4.5548E+00 -4.5722E+00
  4.2164E+00 -6.5003E+00 -7.3617E+00 -4.5597E+00 -4.5774E+00
  4.2485E+00 -6.7165E+00 -7.6538E+00 -4.5646E+00 -4.5825E+00
  4.2806E+00 -6.9441E+00 -7.9661E+00 -4.5694E+00 -4.5875E+00
  4.3126E+00 -7.1843E+00 -8.3005E+00 -4.5741E+00 -4.5925E+00
  4.3447E+00 -7.4379E+00 -8.6597E+00 -4.5787E+00 -4.5974E+00
  4.3768E+00 -7.7063E+00 -9.0466E+00 -4.5833E+00 -4.6023E+00
  4.4088E+00 -7.9908E+00 -9.4647E+00 -4.5879E+00 -4.6071E+00
  4.4409E+00 -8.2929E+00 -9.9180E+00 -4.5924E+00 -4.6119E+00
  4.4729E+00 -8.6144E+00 -1.0411E+01 -4.5968E+00 -4.6166E+00
  4.5050E+00 -8.9573E+00 -1.0950E+01 -4.6012E+00 -4.6213E+00
  4.5371E+00 -9.3238E+00 -1.1541E+01 -4.6055E+00 -4.6260E+00
  4.5691E+00 -9.7164E+00 -1.2192E+01 -4.6098E+00 -4.6306E+00
  4.6012E+00 -1.0138E+01 -1.2914E+01 -4.6141E+00 -4.6351E+00
  4.6333E+00 -1.0593E+01 -1.3719E+01 -4.6183E+00 -4.6396E+00
  4.6653E+00 -1.1084E+01 -1.4622E+01 -4.6224E+00 -4.6441E+00
  4.6974E+00 -1.1616E+01 -1.5642E+01 -4.6265E+00 -4.6485E+00
  4.7295E+00 -1.2196E+01 -1.6804E+01 -4.6306E+00 -4.6529E+00
  4.7615E+00 -1.2828E+01 -1.8141E+01 -4.6346E+00 -4.6573E+00
  4.7936E+00 -1.3522E+01 -1.9695E+01 -4.6386E+00 -4.6617E+00
  4.8257E+00 -1.4287E+01 -2.1524E+01 -4.6425E+00 -4.6660E+00
  4.8577E+00 -1.5134E+01 -2.3711E+01 -4.6464E+00 -4.6702E+00
  4.8898E+00 -1.6078E+01 -2.6370E+01 -4.6503E+00 -4.6745E+00
  4.9218E+00 -1.7136E+01 -2.9674E+01 -4.6541E+00 -4.6787E+00
  4.9539E+00 -1.8330E+01 -3.3894E+01 -4.6579E+00 -4.6829E+00
  4.9860E+00 -1.9689E+01 -3.9471E+01 -4.6616E+00 -4.6871E+00
  5.0180E+00 -2.1251E+01 -4.7189E+01 -4.6654E+00 -4.6912E+00
  5.0501E+00 -2.3062E+01 -5.8576E+01 -4.6691E+00 -4.6953E+00
  5.0822E+00 -2.5191E+01 -7.7073E+01 -4.6727E+00 -4.6994E+00
  5.1142E+00 -2.7728E+01 -1.1237E+02 -4.6763E+00 -4.7035E+00
  5.1463E+00 -3.0804E+01 -2.0648E+02 -4.6799E+00 -4.7075E+00
  5.1784E+00 -3.4611E+01 -1.2408E+03 -4.6835E+00 -4.7116E+00
  5.2104E+00 -3.9446E+01  3.1115E+02 -4.6870E+00 -4.7156E+00
  5.2425E+00 -4.5793E+01  1.3855E+02 -4.6906E+00 -4.7196E+00
  5.2745E+00 -5.4493E+01  8.9235E+01 -4.6940E+00 -4.7236E+00
  5.3066E+00 -6.7155E+01  6.5869E+01 -4.6975E+00 -4.7276E+00
  5.3387E+00 -8.7288E+01  5.2235E+01 -4.7009E+00 -4.7315E+00
  5.3707E+00 -1.2428E+02  4.3297E+01 -4.7043E+00 -4.7355E+00
  5.4028E+00 -2.1457E+02  3.6985E+01 -4.7077E+00 -4.7394E+00
  5.4349E+00 -7.7078E+02  3.2288E+01 -4.7111E+00 -4.7434E+00
  5.4669E+00  4.8938E+02  2.8656E+01 -4.7144E+00 -4.7473E+00
  5.4990E+00  1.8647E+02  2.5762E+01 -4.7178E+00 -4.7512E+00
  5.5311E+00  1.1545E+02  2.3402E+01 -4.7211E+00 -4.7551E+00
  5.5631E+00  8.3750E+01  2.1439E+01 -4.7243E+00 -4.7590E+00
  5.5952E+00  6.5790E+01  1.9782E+01 -4.7276E+00 -4.7629E+00
  5.6273E+00  5.4227E+01  1.8362E+01 -4.7308E+00 -4.7668E+00
  5.6593E+00  4.6159E+01  1.7133E+01 -4.7340E+00 -4.7707E+00
  5.6914E+00  4.0208E+01  1.6057E+01 -4.7373E+00 -4.7746E+00
  5.7234E+00  3.5637E+01  1.5108E+01 -4.7404E+00 -4.7785E+00
  5.7555E+00  3.2015E+01  1.4264E+01 -4.7436E+00 -4.7824E+00
  5.7876E+00  2.9075E+01  1.3508E+01 -4.7468E+00 -4.7863E+00
  5.8196E+00  2.6639E+01  1.2827E+01 -4.7499E+00 -4.7902E+00
  5.8517E+00  2.4588E+01  1.2211E+01 -4.7530E+00 -4.7941E+00
  5.8838E+00  2.2837E+01  1.1649E+01 -4.7561E+00 -4.7980E+00
  5.9158E+00  2.1324E+01  1.1136E+01 -4.7592E+00 -4.8019E+00
  5.9479E+00  2.0004E+01  1.0664E+01 -4.7623E+00 -4.8059E+00
  5.9800E+00  1.8842E+01  1.0230E+01 -4.7654E+00 -4.8098E+00
  6.0120E+00  1.7811E+01  9.8276E+00 -4.7685E+00 -4.8138E+00
  6.0441E+00  1.6890E+01  9.4543E+00 -4.7715E+00 -4.8178E+00
  6.0762E+00  1.6062E+01  9.1069E+00 -4.7746E+00 -4.8218E+00
  6.1082E+00  1.5313E+01  8.7825E+00 -4.7776E+00 -4.8258E+00
  6.1403E+00  1.4633E+01  8.4788E+00 -4.7806E+00 -4.8298E+00
  6.1723E+00  1.4012E+01  8.1938E+00 -4.7836E+00 -4.8338E+00
  6.2044E+00  1.3443E+01  7.9258E+00 -4.7866E+00 -4.8379E+00
  6.2365E+00  1.2919E+01  7.6731E+00 -4.7896E+00 -4.8420E+00
  6.2685E+00  1.2435E+01  7.4344E+00 -4.7926E+00 -4.8461E+00
  6.3006E+00  1.1988E+01  7.2086E+00 -4.7956E+00 -4.8502E+00
  6.3327E+00  1.1571E+01  6.9944E+00 -4.7986E+00 -4.8544E+00
  6.3647E+00  1.1184E+01  6.7909E+00 -4.8016E+00 -4.8586E+00
  6.3968E+00  1.0822E+01  6.5973E+00 -4.8045E+00 -4.8628E+00
  6.4289E+00  1.0483E+01  6.4129E+00 -4.8075E+00 -4.8671E+00
  6.4609E+00  1.0164E+01  6.2368E+00 -4.8105E+00 -4.8714E+00
  6.4930E+00  9.8651E+00  6.0685E+00 -4.8134E+00 -4.8757E+00
  6.5251E+00  9.5830E+00  5.9074E+00 -4.8164E+00 -4.8801E+00
  6.5571E+00  9.3167E+00  5.7530E+00 -4.8193E+00 -4.8845E+00
  6.5892E+00  9.0648E+00  5.6049E+00 -4.8223E+00 -4.8889E+00
  6.6212E+00  8.8261E+00  5.4625E+00 -4.8252E+00 -4.8935E+00
  6.6533E+00  8.5996E+00  5.3255E+00 -4.8282E+00 -4.8980E+00
  6.6854E+00  8.3844E+00  5.1936E+00 -4.8311E+00 -4.9026E+00
  6.7174E+00  8.1795E+00  5.0665E+00 -4.8340E+00 -4.9073E+00
  6.7495E+00  7.9842E+00  4.9437E+00 -4.8370E+00 -4.9120E+00
  6.7816E+00  7.7978E+00  4.8251E+00 -4.8399E+00 -4.9167E+00
  6.8136E+00  7.6197E+00  4.7104E+00 -4.8429E+00 -4.9216E+00
  6.8457E+00  7.4493E+00  4.5994E+00 -4.8458E+00 -4.9265E+00
  6.8778E+00  7.2861E+00  4.4918E+00 -4.8488E+00 -4.9314E+00
  6.9098E+00  7.1296E+00  4.3874E+00 -4.8517E+00 -4.9365E+00
  6.9419E+00  6.9794E+00  4.2861E+00 -4.8547E+00 -4.9416E+00
  6.9739E+00  6.8350E+00  4.1877E+00 -4.8577E+00 -4.9468E+00
  7.0060E+00  6.6962E+00  4.0920E+00 -4.8606E+00 -4.9521E+00
  7.0381E+00  6.5626E+00  3.9988E+00 -4.8636E+00 -4.9574E+00
  7.0701E+00  6.4338E+00  3.9081E+00 -4.8666E+00 -4.9629E+00
  7.1022E+00  6.3097E+00  3.8197E+00 -4.8696E+00 -4.9684E+00
  7.1343E+00  6.1898E+00  3.7334E+00 -4.8726E+00 -4.9741E+00
  7.1663E+00  6.0740E+00  3.6492E+00 -4.8756E+00 -4.9799E+00
  7.1984E+00  5.9621E+00  3.5670E+00 -4.8786E+00 -4.9857E+00
  7.2305E+00  5.8539E+00  3.4865E+00 -4.8816E+00 -4.9917E+00
  7.2625E+00  5.7490E+00  3.4079E+00 -4.8846E+00 -4.9978E+00
  7.2946E+00  5.6475E+00  3.3308E+00 -4.8876E+00 -5.0041E+00
  7.3267E+00  5.5490E+00  3.2554E+00 -4.8907E+00 -5.0104E+00
  7.3587E+00  5.4535E+00  3.1814E+00 -4.8937E+00 -5.0169E+00
  7.3908E+00  5.3608E+00  3.1089E+00 -4.8968E+00 -5.0236E+00
  7.4228E+00  5.2707E+00  3.0377E+00 -4.8999E+00 -5.0304E+00
  7.4549E+00  5.1832E+00  2.9677E+00 -4.9030E+00 -5.0374E+00
  7.4870E+00  5.0981E+00  2.8990E+00 -4.9061E+00 -5.0446E+00
  7.5190E+00  5.0153E+00  2.8314E+00 -4.9092E+00 -5.0519E+00
  7.5511E+00  4.9346E+00  2.7650E+00 -4.9123E+00 -5.0594E+00
  7.5832E+00  4.8561E+00  2.6995E+00 -4.9155E+00 -5.0672E+00
  7.6152E+00  4.7795E+00  2.6350E+00 -4.9186E+00 -5.0751E+00
  7.6473E+00  4.7048E+00  2.5715E+00 -4.9218E+00 -5.0833E+00
  7.6794E+00  4.6320E+00  2.5088E+00 -4.9250E+00 -5.0917E+00
  7.7114E+00  4.5609E+00  2.4469E+00 -4.9282E+00 -5.1004E+00
  7.7435E+00  4.4915E+00  2.3859E+00 -4.9315E+00 -5.1093E+00
  7.7756E+00  4.4236E+00  2.3256E+00 -4.9347E+00 -5.1185E+00
  7.8076E+00  4.3573E+00  2.2660E+00 -4.9380E+00 -5.1280E+00
  7.8397E+00  4.2925E+00  2.2070E+00 -4.9413E+00 -5.1378E+00
  7.8717E+00  4.2290E+00  2.1487E+00 -4.9446E+00 -5.1480E+00
  7.9038E+00  4.1670E+00  2.0910E+00 -4.9479E+00 -5.1585E+00
  7.9359E+00  4.1062E+00  2.0338E+00 -4.9513E+00 -5.1694E+00
  7.9679E+00  4.0466E+00  1.9771E+00 -4.9547E+00 -5.1807E+00
  8.0000E+00  3.9883E+00  1.9210E+00 -4.9581E+00 -5.1924E+00
