  0.0000000E+00 -0.0000000E+00 -0.0000000E+00
  6.5667805E-07 -3.9709041E-04 -1.1120348E-06
  1.3178477E-06 -7.4588781E-04 -2.2316790E-06
  1.9835396E-06 -1.0808415E-03 -3.3589709E-06
  2.6537847E-06 -1.4081005E-03 -4.4939767E-06
  3.3286143E-06 -1.7317795E-03 -5.6367591E-06
  4.0080595E-06 -2.0535498E-03 -6.7873436E-06
  4.6921520E-06 -2.3746877E-03 -7.9457980E-06
  5.3809237E-06 -2.6964603E-03 -9.1121869E-06
  6.0744064E-06 -3.0196837E-03 -1.0286537E-05
  6.7726324E-06 -3.3450807E-03 -1.1468938E-05
  7.4756342E-06 -3.6733217E-03 -1.2659430E-05
  8.1834444E-06 -4.0049994E-03 -1.3858022E-05
  8.8960959E-06 -4.3406443E-03 -1.5064850E-05
  9.6136218E-06 -4.6807604E-03 -1.6279958E-05
  1.0336055E-05 -5.0258202E-03 -1.7503323E-05
  1.1063431E-05 -5.3762719E-03 -1.8735071E-05
  1.1795781E-05 -5.7325449E-03 -1.9975243E-05
  1.2533140E-05 -6.0950519E-03 -2.1223900E-05
  1.3275543E-05 -6.4641918E-03 -2.2481142E-05
  1.4023023E-05 -6.8403516E-03 -2.3746930E-05
  1.4775617E-05 -7.2239072E-03 -2.5021364E-05
  1.5533358E-05 -7.6152247E-03 -2.6304570E-05
  1.6296281E-05 -8.0146614E-03 -2.7596508E-05
  1.7064423E-05 -8.4225659E-03 -2.8897280E-05
  1.7837819E-05 -8.8392788E-03 -3.0207004E-05
  1.8616505E-05 -9.2651330E-03 -3.1525627E-05
  1.9400517E-05 -9.7004536E-03 -3.2853277E-05
  2.0189892E-05 -1.0145558E-02 -3.4190062E-05
  2.0984665E-05 -1.0600756E-02 -3.5535921E-05
  2.1784875E-05 -1.1066350E-02 -3.6891019E-05
  2.2590558E-05 -1.1542635E-02 -3.8255391E-05
  2.3401752E-05 -1.2029897E-02 -3.9629082E-05
  2.4218494E-05 -1.2528415E-02 -4.1012174E-05
  2.5040823E-05 -1.3038459E-02 -4.2404718E-05
  2.5868776E-05 -1.3560290E-02 -4.3806823E-05
  2.6702393E-05 -1.4094162E-02 -4.5218449E-05
  2.7541711E-05 -1.4640319E-02 -4.6639763E-05
  2.8386770E-05 -1.5198994E-02 -4.8070839E-05
  2.9237609E-05 -1.5770413E-02 -4.9511658E-05
  3.0094267E-05 -1.6354791E-02 -5.0962359E-05
  3.0956785E-05 -1.6952332E-02 -5.2422961E-05
  3.1825203E-05 -1.7563230E-02 -5.3893536E-05
  3.2699560E-05 -1.8187669E-02 -5.5374209E-05
  3.3579898E-05 -1.8825820E-02 -5.6865007E-05
  3.4466257E-05 -1.9477845E-02 -5.8365969E-05
  3.5358679E-05 -2.0143891E-02 -5.9877228E-05
  3.6257205E-05 -2.0824096E-02 -6.1398821E-05
  3.7161876E-05 -2.1518583E-02 -6.2930763E-05
  3.8072736E-05 -2.2227464E-02 -6.4473285E-05
  3.8989825E-05 -2.2950838E-02 -6.6026328E-05
  3.9913187E-05 -2.3688790E-02 -6.7589897E-05
  4.0842865E-05 -2.4441391E-02 -6.9164295E-05
  4.1778902E-05 -2.5208701E-02 -7.0749415E-05
  4.2721341E-05 -2.5990762E-02 -7.2345288E-05
  4.3670226E-05 -2.6787605E-02 -7.3952194E-05
  4.4625602E-05 -2.7599245E-02 -7.5570085E-05
  4.5587512E-05 -2.8425684E-02 -7.7198946E-05
  4.6556001E-05 -2.9266907E-02 -7.8839006E-05
  4.7531115E-05 -3.0122886E-02 -8.0490354E-05
  4.8512898E-05 -3.0993578E-02 -8.2152919E-05
  4.9501396E-05 -3.1878924E-02 -8.3826827E-05
  5.0496656E-05 -3.2778851E-02 -8.5512205E-05
  5.1498723E-05 -3.3693268E-02 -8.7209163E-05
  5.2507644E-05 -3.4622072E-02 -8.8917698E-05
  5.3523466E-05 -3.5565143E-02 -9.0637873E-05
  5.4546236E-05 -3.6522346E-02 -9.2369914E-05
  5.5576002E-05 -3.7493532E-02 -9.4113753E-05
  5.6612811E-05 -3.8478534E-02 -9.5869455E-05
  5.7656711E-05 -3.9477173E-02 -9.7637208E-05
  5.8707752E-05 -4.0489252E-02 -9.9417096E-05
  5.9765982E-05 -4.1514561E-02 -1.0120916E-04
  6.0831450E-05 -4.2552875E-02 -1.0301343E-04
  6.1904205E-05 -4.3603955E-02 -1.0483005E-04
  6.2984298E-05 -4.4667545E-02 -1.0665911E-04
  6.4071779E-05 -4.5743379E-02 -1.0850066E-04
  6.5166697E-05 -4.6831172E-02 -1.1035481E-04
  6.6269105E-05 -4.7930630E-02 -1.1222168E-04
  6.7379053E-05 -4.9041442E-02 -1.1410130E-04
  6.8496593E-05 -5.0163287E-02 -1.1599374E-04
  6.9621777E-05 -5.1295830E-02 -1.1789917E-04
  7.0754657E-05 -5.2438722E-02 -1.1981759E-04
  7.1895286E-05 -5.3591605E-02 -1.2174919E-04
  7.3043716E-05 -5.4754108E-02 -1.2369397E-04
  7.4200001E-05 -5.5925847E-02 -1.2565203E-04
  7.5364195E-05 -5.7106431E-02 -1.2762354E-04
  7.6536353E-05 -5.8295456E-02 -1.2960847E-04
  7.7716527E-05 -5.9492508E-02 -1.3160701E-04
  7.8904774E-05 -6.0697166E-02 -1.3361921E-04
  8.0101148E-05 -6.1908999E-02 -1.3564518E-04
  8.1305705E-05 -6.3127567E-02 -1.3768504E-04
  8.2518501E-05 -6.4352423E-02 -1.3973874E-04
  8.3739592E-05 -6.5583113E-02 -1.4180657E-04
  8.4969036E-05 -6.6819176E-02 -1.4388861E-04
  8.6206888E-05 -6.8060145E-02 -1.4598482E-04
  8.7453208E-05 -6.9305548E-02 -1.4809537E-04
  8.8708052E-05 -7.0554906E-02 -1.5022027E-04
  8.9971479E-05 -7.1807740E-02 -1.5235980E-04
  9.1243547E-05 -7.3063563E-02 -1.5451402E-04
  9.2524317E-05 -7.4321887E-02 -1.5668287E-04
  9.3813846E-05 -7.5582221E-02 -1.5886658E-04
  9.5112196E-05 -7.6844073E-02 -1.6106527E-04
  9.6419426E-05 -7.8106949E-02 -1.6327893E-04
  9.7735598E-05 -7.9370355E-02 -1.6550775E-04
  9.9060772E-05 -8.0633795E-02 -1.6775188E-04
  1.0039501E-04 -8.1896776E-02 -1.7001130E-04
  1.0173837E-04 -8.3158806E-02 -1.7228617E-04
  1.0309093E-04 -8.4419393E-02 -1.7457661E-04
  1.0445273E-04 -8.5678049E-02 -1.7688274E-04
  1.0582385E-04 -8.6934288E-02 -1.7920461E-04
  1.0720434E-04 -8.8187629E-02 -1.8154236E-04
  1.0859428E-04 -8.9437593E-02 -1.8389616E-04
  1.0999373E-04 -9.0683708E-02 -1.8626598E-04
  1.1140275E-04 -9.1925505E-02 -1.8865201E-04
  1.1282140E-04 -9.3162523E-02 -1.9105444E-04
  1.1424976E-04 -9.4394306E-02 -1.9347331E-04
  1.1568789E-04 -9.5620404E-02 -1.9590861E-04
  1.1713585E-04 -9.6840376E-02 -1.9836054E-04
  1.1859372E-04 -9.8053788E-02 -2.0082941E-04
  1.2006156E-04 -9.9260214E-02 -2.0331517E-04
  1.2153944E-04 -1.0045924E-01 -2.0581776E-04
  1.2302743E-04 -1.0165045E-01 -2.0833757E-04
  1.2452559E-04 -1.0283345E-01 -2.1087458E-04
  1.2603401E-04 -1.0400786E-01 -2.1342893E-04
  1.2755274E-04 -1.0517329E-01 -2.1600086E-04
  1.2908186E-04 -1.0632937E-01 -2.1859027E-04
  1.3062143E-04 -1.0747575E-01 -2.2119745E-04
  1.3217154E-04 -1.0861209E-01 -2.2382241E-04
  1.3373225E-04 -1.0973804E-01 -2.2646536E-04
  1.3530364E-04 -1.1085330E-01 -2.2912640E-04
  1.3688577E-04 -1.1195753E-01 -2.3180559E-04
  1.3847872E-04 -1.1305046E-01 -2.3450317E-04
  1.4008258E-04 -1.1413179E-01 -2.3721916E-04
  1.4169740E-04 -1.1520125E-01 -2.3995372E-04
  1.4332326E-04 -1.1625858E-01 -2.4270703E-04
  1.4496025E-04 -1.1730353E-01 -2.4547910E-04
  1.4660843E-04 -1.1833587E-01 -2.4827016E-04
  1.4826789E-04 -1.1935537E-01 -2.5108036E-04
  1.4993869E-04 -1.2036183E-01 -2.5390977E-04
  1.5162093E-04 -1.2135506E-01 -2.5675848E-04
  1.5331467E-04 -1.2233487E-01 -2.5962665E-04
  1.5502000E-04 -1.2330109E-01 -2.6251456E-04
  1.5673699E-04 -1.2425357E-01 -2.6542216E-04
  1.5846572E-04 -1.2519217E-01 -2.6834958E-04
  1.6020628E-04 -1.2611676E-01 -2.7129710E-04
  1.6195874E-04 -1.2702722E-01 -2.7426477E-04
  1.6372319E-04 -1.2792345E-01 -2.7725274E-04
  1.6549971E-04 -1.2880536E-01 -2.8026114E-04
  1.6728838E-04 -1.2967288E-01 -2.8329009E-04
  1.6908928E-04 -1.3052593E-01 -2.8633975E-04
  1.7090250E-04 -1.3136448E-01 -2.8941036E-04
  1.7272813E-04 -1.3218848E-01 -2.9250193E-04
  1.7456624E-04 -1.3299790E-01 -2.9561460E-04
  1.7641692E-04 -1.3379274E-01 -2.9874860E-04
  1.7828026E-04 -1.3457298E-01 -3.0190404E-04
  1.8015635E-04 -1.3533864E-01 -3.0508104E-04
  1.8204527E-04 -1.3608973E-01 -3.0827976E-04
  1.8394711E-04 -1.3682629E-01 -3.1150037E-04
  1.8586195E-04 -1.3754837E-01 -3.1474305E-04
  1.8778990E-04 -1.3825601E-01 -3.1800789E-04
  1.8973103E-04 -1.3894928E-01 -3.2129502E-04
  1.9168544E-04 -1.3962824E-01 -3.2460464E-04
  1.9365321E-04 -1.4029300E-01 -3.2793696E-04
  1.9563445E-04 -1.4094364E-01 -3.3129200E-04
  1.9762923E-04 -1.4158025E-01 -3.3467000E-04
  1.9963766E-04 -1.4220296E-01 -3.3807120E-04
  2.0165983E-04 -1.4281189E-01 -3.4149555E-04
  2.0369583E-04 -1.4340716E-01 -3.4494331E-04
  2.0574576E-04 -1.4398891E-01 -3.4841477E-04
  2.0780970E-04 -1.4455729E-01 -3.5190991E-04
  2.0988777E-04 -1.4511244E-01 -3.5542888E-04
  2.1198004E-04 -1.4565454E-01 -3.5897201E-04
  2.1408663E-04 -1.4618374E-01 -3.6253939E-04
  2.1620763E-04 -1.4670021E-01 -3.6613114E-04
  2.1834313E-04 -1.4720415E-01 -3.6974743E-04
  2.2049324E-04 -1.4769573E-01 -3.7338849E-04
  2.2265806E-04 -1.4817514E-01 -3.7705444E-04
  2.2483768E-04 -1.4864259E-01 -3.8074542E-04
  2.2703221E-04 -1.4909827E-01 -3.8446173E-04
  2.2924175E-04 -1.4954238E-01 -3.8820342E-04
  2.3146641E-04 -1.4997515E-01 -3.9197072E-04
  2.3370628E-04 -1.5039679E-01 -3.9576378E-04
  2.3596147E-04 -1.5080751E-01 -3.9958275E-04
  2.3823209E-04 -1.5120753E-01 -4.0342785E-04
  2.4051824E-04 -1.5159709E-01 -4.0729924E-04
  2.4282002E-04 -1.5197641E-01 -4.1119720E-04
  2.4513755E-04 -1.5234573E-01 -4.1512179E-04
  2.4747093E-04 -1.5270528E-01 -4.1907312E-04
  2.4982027E-04 -1.5305528E-01 -4.2305154E-04
  2.5218568E-04 -1.5339600E-01 -4.2705722E-04
  2.5456726E-04 -1.5372765E-01 -4.3109024E-04
  2.5696514E-04 -1.5405049E-01 -4.3515086E-04
  2.5937942E-04 -1.5436476E-01 -4.3923928E-04
  2.6181021E-04 -1.5467070E-01 -4.4335559E-04
  2.6425763E-04 -1.5496855E-01 -4.4750013E-04
  2.6672179E-04 -1.5525857E-01 -4.5167303E-04
  2.6920280E-04 -1.5554100E-01 -4.5587440E-04
  2.7170078E-04 -1.5581607E-01 -4.6010456E-04
  2.7421585E-04 -1.5608405E-01 -4.6436363E-04
  2.7674812E-04 -1.5634517E-01 -4.6865178E-04
  2.7929771E-04 -1.5659968E-01 -4.7296937E-04
  2.8186474E-04 -1.5684782E-01 -4.7731646E-04
  2.8444933E-04 -1.5708985E-01 -4.8169322E-04
  2.8705160E-04 -1.5732599E-01 -4.8609999E-04
  2.8967166E-04 -1.5755649E-01 -4.9053686E-04
  2.9230965E-04 -1.5778159E-01 -4.9500407E-04
  2.9496568E-04 -1.5800154E-01 -4.9950190E-04
  2.9763987E-04 -1.5821656E-01 -5.0403044E-04
  3.0033236E-04 -1.5842690E-01 -5.0858991E-04
  3.0304326E-04 -1.5863279E-01 -5.1318063E-04
  3.0577271E-04 -1.5883446E-01 -5.1780276E-04
  3.0852082E-04 -1.5903214E-01 -5.2245648E-04
  3.1128773E-04 -1.5922605E-01 -5.2714205E-04
  3.1407357E-04 -1.5941643E-01 -5.3185960E-04
  3.1687846E-04 -1.5960350E-01 -5.3660949E-04
  3.1970254E-04 -1.5978748E-01 -5.4139191E-04
  3.2254593E-04 -1.5996858E-01 -5.4620690E-04
  3.2540877E-04 -1.6014703E-01 -5.5105490E-04
  3.2829119E-04 -1.6032303E-01 -5.5593613E-04
  3.3119333E-04 -1.6049680E-01 -5.6085065E-04
  3.3411532E-04 -1.6066855E-01 -5.6579876E-04
  3.3705729E-04 -1.6083848E-01 -5.7078081E-04
  3.4001939E-04 -1.6100679E-01 -5.7579693E-04
  3.4300174E-04 -1.6117368E-01 -5.8084728E-04
  3.4600450E-04 -1.6133935E-01 -5.8593219E-04
  3.4902779E-04 -1.6150399E-01 -5.9105197E-04
  3.5207176E-04 -1.6166779E-01 -5.9620668E-04
  3.5513656E-04 -1.6183095E-01 -6.0139663E-04
  3.5822231E-04 -1.6199363E-01 -6.0662217E-04
  3.6132917E-04 -1.6215604E-01 -6.1188340E-04
  3.6445728E-04 -1.6231833E-01 -6.1718062E-04
  3.6760679E-04 -1.6248070E-01 -6.2251403E-04
  3.7077784E-04 -1.6264330E-01 -6.2788399E-04
  3.7397058E-04 -1.6280632E-01 -6.3329069E-04
  3.7718516E-04 -1.6296991E-01 -6.3873428E-04
  3.8042172E-04 -1.6313423E-01 -6.4421517E-04
  3.8368042E-04 -1.6329946E-01 -6.4973352E-04
  3.8696141E-04 -1.6346574E-01 -6.5528962E-04
  3.9026485E-04 -1.6363322E-01 -6.6088377E-04
  3.9359087E-04 -1.6380207E-01 -6.6651613E-04
  3.9693965E-04 -1.6397242E-01 -6.7218700E-04
  4.0031133E-04 -1.6414442E-01 -6.7789671E-04
  4.0370608E-04 -1.6431821E-01 -6.8364550E-04
  4.0712404E-04 -1.6449392E-01 -6.8943350E-04
  4.1056538E-04 -1.6467170E-01 -6.9526111E-04
  4.1403026E-04 -1.6485168E-01 -7.0112866E-04
  4.1751884E-04 -1.6503399E-01 -7.0703632E-04
  4.2103128E-04 -1.6521874E-01 -7.1298436E-04
  4.2456774E-04 -1.6540607E-01 -7.1897310E-04
  4.2812840E-04 -1.6559610E-01 -7.2500279E-04
  4.3171340E-04 -1.6578894E-01 -7.3107371E-04
  4.3532293E-04 -1.6598472E-01 -7.3718619E-04
  4.3895715E-04 -1.6618353E-01 -7.4334044E-04
  4.4261622E-04 -1.6638550E-01 -7.4953683E-04
  4.4630033E-04 -1.6659073E-01 -7.5577557E-04
  4.5000963E-04 -1.6679932E-01 -7.6205696E-04
  4.5374430E-04 -1.6701138E-01 -7.6838136E-04
  4.5750452E-04 -1.6722700E-01 -7.7474904E-04
  4.6129045E-04 -1.6744629E-01 -7.8116022E-04
  4.6510228E-04 -1.6766934E-01 -7.8761524E-04
  4.6894019E-04 -1.6789623E-01 -7.9411444E-04
  4.7280434E-04 -1.6812707E-01 -8.0065807E-04
  4.7669492E-04 -1.6836193E-01 -8.0724650E-04
  4.8061212E-04 -1.6860091E-01 -8.1387998E-04
  4.8455611E-04 -1.6884408E-01 -8.2055881E-04
  4.8852707E-04 -1.6909153E-01 -8.2728336E-04
  4.9252520E-04 -1.6934334E-01 -8.3405385E-04
  4.9655067E-04 -1.6959958E-01 -8.4087067E-04
  5.0060367E-04 -1.6986032E-01 -8.4773416E-04
  5.0468440E-04 -1.7012565E-01 -8.5464457E-04
  5.0879304E-04 -1.7039562E-01 -8.6160221E-04
  5.1292978E-04 -1.7067032E-01 -8.6860746E-04
  5.1709482E-04 -1.7094979E-01 -8.7566064E-04
  5.2128834E-04 -1.7123412E-01 -8.8276205E-04
  5.2551055E-04 -1.7152337E-01 -8.8991204E-04
  5.2976163E-04 -1.7181759E-01 -8.9711094E-04
  5.3404180E-04 -1.7211684E-01 -9.0435906E-04
  5.3835123E-04 -1.7242119E-01 -9.1165674E-04
  5.4269015E-04 -1.7273069E-01 -9.1900439E-04
  5.4705874E-04 -1.7304539E-01 -9.2640229E-04
  5.5145721E-04 -1.7336535E-01 -9.3385073E-04
  5.5588577E-04 -1.7369061E-01 -9.4135015E-04
  5.6034462E-04 -1.7402124E-01 -9.4890088E-04
  5.6483396E-04 -1.7435728E-01 -9.5650325E-04
  5.6935402E-04 -1.7469877E-01 -9.6415762E-04
  5.7390498E-04 -1.7504576E-01 -9.7186434E-04
  5.7848708E-04 -1.7539830E-01 -9.7962377E-04
  5.8310052E-04 -1.7575643E-01 -9.8743625E-04
  5.8774551E-04 -1.7612020E-01 -9.9530221E-04
  5.9242227E-04 -1.7648963E-01 -1.0032220E-03
  5.9713102E-04 -1.7686478E-01 -1.0111959E-03
  6.0187198E-04 -1.7724568E-01 -1.0192243E-03
  6.0664537E-04 -1.7763238E-01 -1.0273077E-03
  6.1145140E-04 -1.7802489E-01 -1.0354463E-03
  6.1629031E-04 -1.7842327E-01 -1.0436407E-03
  6.2116232E-04 -1.7882755E-01 -1.0518910E-03
  6.2606765E-04 -1.7923776E-01 -1.0601978E-03
  6.3100653E-04 -1.7965392E-01 -1.0685615E-03
  6.3597919E-04 -1.8007609E-01 -1.0769823E-03
  6.4098586E-04 -1.8050427E-01 -1.0854607E-03
  6.4602678E-04 -1.8093852E-01 -1.0939971E-03
  6.5110218E-04 -1.8137884E-01 -1.1025919E-03
  6.5621229E-04 -1.8182528E-01 -1.1112455E-03
  6.6135736E-04 -1.8227786E-01 -1.1199583E-03
  6.6653761E-04 -1.8273660E-01 -1.1287306E-03
  6.7175330E-04 -1.8320154E-01 -1.1375630E-03
  6.7700467E-04 -1.8367269E-01 -1.1464558E-03
  6.8229195E-04 -1.8415009E-01 -1.1554094E-03
  6.8761539E-04 -1.8463376E-01 -1.1644242E-03
  6.9297525E-04 -1.8512371E-01 -1.1735008E-03
  6.9837177E-04 -1.8561998E-01 -1.1826394E-03
  7.0380520E-04 -1.8612258E-01 -1.1918405E-03
  7.0927579E-04 -1.8663154E-01 -1.2011045E-03
  7.1478380E-04 -1.8714688E-01 -1.2104319E-03
  7.2032949E-04 -1.8766862E-01 -1.2198231E-03
  7.2591310E-04 -1.8819678E-01 -1.2292785E-03
  7.3153491E-04 -1.8873137E-01 -1.2387986E-03
  7.3719517E-04 -1.8927243E-01 -1.2483838E-03
  7.4289415E-04 -1.8981996E-01 -1.2580346E-03
  7.4863210E-04 -1.9037398E-01 -1.2677514E-03
  7.5440930E-04 -1.9093452E-01 -1.2775347E-03
  7.6022602E-04 -1.9150160E-01 -1.2873848E-03
  7.6608252E-04 -1.9207522E-01 -1.2973024E-03
  7.7197908E-04 -1.9265540E-01 -1.3072877E-03
  7.7791597E-04 -1.9324217E-01 -1.3173414E-03
  7.8389347E-04 -1.9383554E-01 -1.3274639E-03
  7.8991186E-04 -1.9443552E-01 -1.3376555E-03
  7.9597141E-04 -1.9504214E-01 -1.3479169E-03
  8.0207240E-04 -1.9565540E-01 -1.3582485E-03
  8.0821513E-04 -1.9627532E-01 -1.3686508E-03
  8.1439987E-04 -1.9690191E-01 -1.3791241E-03
  8.2062691E-04 -1.9753520E-01 -1.3896691E-03
  8.2689654E-04 -1.9817520E-01 -1.4002863E-03
  8.3320906E-04 -1.9882191E-01 -1.4109761E-03
  8.3956476E-04 -1.9947536E-01 -1.4217389E-03
  8.4596392E-04 -2.0013556E-01 -1.4325754E-03
  8.5240686E-04 -2.0080252E-01 -1.4434861E-03
  8.5889386E-04 -2.0147626E-01 -1.4544713E-03
  8.6542524E-04 -2.0215678E-01 -1.4655317E-03
  8.7200129E-04 -2.0284411E-01 -1.4766677E-03
  8.7862231E-04 -2.0353826E-01 -1.4878800E-03
  8.8528863E-04 -2.0423924E-01 -1.4991689E-03
  8.9200054E-04 -2.0494706E-01 -1.5105350E-03
  8.9875836E-04 -2.0566173E-01 -1.5219788E-03
  9.0556240E-04 -2.0638328E-01 -1.5335009E-03
  9.1241298E-04 -2.0711170E-01 -1.5451019E-03
  9.1931042E-04 -2.0784702E-01 -1.5567822E-03
  9.2625503E-04 -2.0858925E-01 -1.5685424E-03
  9.3324714E-04 -2.0933839E-01 -1.5803830E-03
  9.4028708E-04 -2.1009447E-01 -1.5923046E-03
  9.4737517E-04 -2.1085750E-01 -1.6043077E-03
  9.5451175E-04 -2.1162748E-01 -1.6163930E-03
  9.6169713E-04 -2.1240443E-01 -1.6285609E-03
  9.6893167E-04 -2.1318836E-01 -1.6408120E-03
  9.7621568E-04 -2.1397929E-01 -1.6531470E-03
  9.8354952E-04 -2.1477722E-01 -1.6655662E-03
  9.9093352E-04 -2.1558217E-01 -1.6780705E-03
  9.9836802E-04 -2.1639416E-01 -1.6906603E-03
  1.0058534E-03 -2.1721318E-01 -1.7033361E-03
  1.0133899E-03 -2.1803927E-01 -1.7160987E-03
  1.0209780E-03 -2.1887242E-01 -1.7289486E-03
  1.0286180E-03 -2.1971265E-01 -1.7418864E-03
  1.0363103E-03 -2.2055998E-01 -1.7549126E-03
  1.0440552E-03 -2.2141441E-01 -1.7680280E-03
  1.0518530E-03 -2.2227596E-01 -1.7812330E-03
  1.0597042E-03 -2.2314464E-01 -1.7945284E-03
  1.0676091E-03 -2.2402046E-01 -1.8079148E-03
  1.0755680E-03 -2.2490343E-01 -1.8213926E-03
  1.0835814E-03 -2.2579358E-01 -1.8349627E-03
  1.0916496E-03 -2.2669090E-01 -1.8486256E-03
  1.0997730E-03 -2.2759542E-01 -1.8623819E-03
  1.1079520E-03 -2.2850714E-01 -1.8762324E-03
  1.1161869E-03 -2.2942608E-01 -1.8901775E-03
  1.1244781E-03 -2.3035225E-01 -1.9042181E-03
  1.1328260E-03 -2.3128566E-01 -1.9183547E-03
  1.1412310E-03 -2.3222632E-01 -1.9325880E-03
  1.1496936E-03 -2.3317426E-01 -1.9469186E-03
  1.1582140E-03 -2.3412948E-01 -1.9613472E-03
  1.1667926E-03 -2.3509199E-01 -1.9758746E-03
  1.1754300E-03 -2.3606180E-01 -1.9905013E-03
  1.1841264E-03 -2.3703894E-01 -2.0052280E-03
  1.1928823E-03 -2.3802341E-01 -2.0200555E-03
  1.2016981E-03 -2.3901522E-01 -2.0349844E-03
  1.2105742E-03 -2.4001439E-01 -2.0500154E-03
  1.2195110E-03 -2.4102093E-01 -2.0651492E-03
  1.2285090E-03 -2.4203486E-01 -2.0803866E-03
  1.2375685E-03 -2.4305619E-01 -2.0957281E-03
  1.2466899E-03 -2.4408492E-01 -2.1111746E-03
  1.2558738E-03 -2.4512108E-01 -2.1267267E-03
  1.2651204E-03 -2.4616468E-01 -2.1423852E-03
  1.2744303E-03 -2.4721572E-01 -2.1581508E-03
  1.2838039E-03 -2.4827423E-01 -2.1740243E-03
  1.2932416E-03 -2.4934022E-01 -2.1900063E-03
  1.3027438E-03 -2.5041370E-01 -2.2060976E-03
  1.3123111E-03 -2.5149468E-01 -2.2222990E-03
  1.3219437E-03 -2.5258318E-01 -2.2386112E-03
  1.3316423E-03 -2.5367921E-01 -2.2550350E-03
  1.3414072E-03 -2.5478279E-01 -2.2715712E-03
  1.3512389E-03 -2.5589392E-01 -2.2882203E-03
  1.3611378E-03 -2.5701262E-01 -2.3049835E-03
  1.3711045E-03 -2.5813891E-01 -2.3218612E-03
  1.3811393E-03 -2.5927280E-01 -2.3388544E-03
  1.3912427E-03 -2.6041430E-01 -2.3559639E-03
  1.4014153E-03 -2.6156343E-01 -2.3731903E-03
  1.4116574E-03 -2.6272019E-01 -2.3905346E-03
  1.4219696E-03 -2.6388461E-01 -2.4079975E-03
  1.4323523E-03 -2.6505670E-01 -2.4255799E-03
  1.4428061E-03 -2.6623646E-01 -2.4432825E-03
  1.4533313E-03 -2.6742392E-01 -2.4611062E-03
  1.4639285E-03 -2.6861909E-01 -2.4790518E-03
  1.4745982E-03 -2.6982198E-01 -2.4971202E-03
  1.4853409E-03 -2.7103261E-01 -2.5153121E-03
  1.4961571E-03 -2.7225099E-01 -2.5336285E-03
  1.5070473E-03 -2.7347713E-01 -2.5520702E-03
  1.5180119E-03 -2.7471104E-01 -2.5706379E-03
  1.5290515E-03 -2.7595275E-01 -2.5893328E-03
  1.5401667E-03 -2.7720226E-01 -2.6081554E-03
  1.5513579E-03 -2.7845959E-01 -2.6271068E-03
  1.5626256E-03 -2.7972475E-01 -2.6461879E-03
  1.5739704E-03 -2.8099775E-01 -2.6653994E-03
  1.5853928E-03 -2.8227862E-01 -2.6847423E-03
  1.5968933E-03 -2.8356735E-01 -2.7042176E-03
  1.6084724E-03 -2.8486398E-01 -2.7238261E-03
  1.6201308E-03 -2.8616850E-01 -2.7435686E-03
  1.6318689E-03 -2.8748093E-01 -2.7634463E-03
  1.6436873E-03 -2.8880129E-01 -2.7834598E-03
  1.6555866E-03 -2.9012960E-01 -2.8036103E-03
  1.6675672E-03 -2.9146585E-01 -2.8238986E-03
  1.6796298E-03 -2.9281007E-01 -2.8443257E-03
  1.6917748E-03 -2.9416227E-01 -2.8648924E-03
  1.7040030E-03 -2.9552246E-01 -2.8855999E-03
  1.7163148E-03 -2.9689066E-01 -2.9064490E-03
  1.7287108E-03 -2.9826688E-01 -2.9274407E-03
  1.7411915E-03 -2.9965112E-01 -2.9485759E-03
  1.7537577E-03 -3.0104342E-01 -2.9698558E-03
  1.7664098E-03 -3.0244377E-01 -2.9912812E-03
  1.7791484E-03 -3.0385219E-01 -3.0128531E-03
  1.7919742E-03 -3.0526869E-01 -3.0345726E-03
  1.8048877E-03 -3.0669329E-01 -3.0564406E-03
  1.8178895E-03 -3.0812600E-01 -3.0784582E-03
  1.8309803E-03 -3.0956682E-01 -3.1006264E-03
  1.8441606E-03 -3.1101578E-01 -3.1229463E-03
  1.8574310E-03 -3.1247288E-01 -3.1454188E-03
  1.8707922E-03 -3.1393814E-01 -3.1680450E-03
  1.8842448E-03 -3.1541156E-01 -3.1908260E-03
  1.8977894E-03 -3.1689317E-01 -3.2137628E-03
  1.9114267E-03 -3.1838297E-01 -3.2368564E-03
  1.9251572E-03 -3.1988097E-01 -3.2601081E-03
  1.9389816E-03 -3.2138718E-01 -3.2835188E-03
  1.9529006E-03 -3.2290162E-01 -3.3070895E-03
  1.9669149E-03 -3.2442430E-01 -3.3308216E-03
  1.9810249E-03 -3.2595522E-01 -3.3547159E-03
  1.9952315E-03 -3.2749440E-01 -3.3787737E-03
  2.0095352E-03 -3.2904185E-01 -3.4029960E-03
  2.0239368E-03 -3.3059757E-01 -3.4273840E-03
  2.0384369E-03 -3.3216159E-01 -3.4519388E-03
  2.0530361E-03 -3.3373390E-01 -3.4766616E-03
  2.0677353E-03 -3.3531453E-01 -3.5015534E-03
  2.0825349E-03 -3.3690347E-01 -3.5266156E-03
  2.0974358E-03 -3.3850074E-01 -3.5518491E-03
  2.1124386E-03 -3.4010634E-01 -3.5772552E-03
  2.1275440E-03 -3.4172029E-01 -3.6028352E-03
  2.1427528E-03 -3.4334260E-01 -3.6285900E-03
  2.1580655E-03 -3.4497327E-01 -3.6545211E-03
  2.1734830E-03 -3.4661231E-01 -3.6806295E-03
  2.1890060E-03 -3.4825973E-01 -3.7069165E-03
  2.2046351E-03 -3.4991553E-01 -3.7333832E-03
  2.2203711E-03 -3.5157974E-01 -3.7600310E-03
  2.2362148E-03 -3.5325234E-01 -3.7868611E-03
  2.2521668E-03 -3.5493335E-01 -3.8138747E-03
  2.2682280E-03 -3.5662278E-01 -3.8410730E-03
  2.2843990E-03 -3.5832064E-01 -3.8684574E-03
  2.3006806E-03 -3.6002692E-01 -3.8960291E-03
  2.3170735E-03 -3.6174164E-01 -3.9237894E-03
  2.3335786E-03 -3.6346479E-01 -3.9517396E-03
  2.3501966E-03 -3.6519640E-01 -3.9798809E-03
  2.3669283E-03 -3.6693645E-01 -4.0082147E-03
  2.3837743E-03 -3.6868496E-01 -4.0367423E-03
  2.4007357E-03 -3.7044193E-01 -4.0654651E-03
  2.4178130E-03 -3.7220737E-01 -4.0943843E-03
  2.4350071E-03 -3.7398127E-01 -4.1235013E-03
  2.4523189E-03 -3.7576365E-01 -4.1528174E-03
  2.4697490E-03 -3.7755450E-01 -4.1823341E-03
  2.4872984E-03 -3.7935383E-01 -4.2120527E-03
  2.5049678E-03 -3.8116164E-01 -4.2419745E-03
  2.5227580E-03 -3.8297793E-01 -4.2721010E-03
  2.5406700E-03 -3.8480270E-01 -4.3024336E-03
  2.5587044E-03 -3.8663596E-01 -4.3329736E-03
  2.5768622E-03 -3.8847771E-01 -4.3637226E-03
  2.5951442E-03 -3.9032794E-01 -4.3946818E-03
  2.6135513E-03 -3.9218666E-01 -4.4258528E-03
  2.6320842E-03 -3.9405387E-01 -4.4572370E-03
  2.6507439E-03 -3.9592956E-01 -4.4888359E-03
  2.6695313E-03 -3.9781374E-01 -4.5206509E-03
  2.6884471E-03 -3.9970640E-01 -4.5526835E-03
  2.7074924E-03 -4.0160754E-01 -4.5849352E-03
  2.7266678E-03 -4.0351716E-01 -4.6174075E-03
  2.7459745E-03 -4.0543525E-01 -4.6501019E-03
  2.7654132E-03 -4.0736182E-01 -4.6830200E-03
  2.7849849E-03 -4.0929685E-01 -4.7161631E-03
  2.8046904E-03 -4.1124035E-01 -4.7495330E-03
  2.8245307E-03 -4.1319231E-01 -4.7831312E-03
  2.8445067E-03 -4.1515272E-01 -4.8169591E-03
  2.8646194E-03 -4.1712158E-01 -4.8510184E-03
  2.8848696E-03 -4.1909889E-01 -4.8853107E-03
  2.9052583E-03 -4.2108462E-01 -4.9198376E-03
  2.9257865E-03 -4.2307879E-01 -4.9546006E-03
  2.9464551E-03 -4.2508137E-01 -4.9896013E-03
  2.9672650E-03 -4.2709236E-01 -5.0248415E-03
  2.9882173E-03 -4.2911176E-01 -5.0603227E-03
  3.0093129E-03 -4.3113955E-01 -5.0960466E-03
  3.0305528E-03 -4.3317572E-01 -5.1320149E-03
  3.0519380E-03 -4.3522026E-01 -5.1682291E-03
  3.0734695E-03 -4.3727316E-01 -5.2046911E-03
  3.0951482E-03 -4.3933441E-01 -5.2414025E-03
  3.1169752E-03 -4.4140400E-01 -5.2783649E-03
  3.1389515E-03 -4.4348191E-01 -5.3155802E-03
  3.1610781E-03 -4.4556812E-01 -5.3530500E-03
  3.1833560E-03 -4.4766263E-01 -5.3907761E-03
  3.2057863E-03 -4.4976542E-01 -5.4287603E-03
  3.2283701E-03 -4.5187647E-01 -5.4670043E-03
  3.2511083E-03 -4.5399577E-01 -5.5055098E-03
  3.2740020E-03 -4.5612329E-01 -5.5442788E-03
  3.2970524E-03 -4.5825903E-01 -5.5833129E-03
  3.3202603E-03 -4.6040296E-01 -5.6226140E-03
  3.3436271E-03 -4.6255506E-01 -5.6621839E-03
  3.3671536E-03 -4.6471532E-01 -5.7020244E-03
  3.3908411E-03 -4.6688371E-01 -5.7421375E-03
  3.4146906E-03 -4.6906022E-01 -5.7825249E-03
  3.4387032E-03 -4.7124481E-01 -5.8231886E-03
  3.4628801E-03 -4.7343747E-01 -5.8641304E-03
  3.4872223E-03 -4.7563817E-01 -5.9053523E-03
  3.5117310E-03 -4.7784689E-01 -5.9468561E-03
  3.5364074E-03 -4.8006361E-01 -5.9886438E-03
  3.5612525E-03 -4.8228829E-01 -6.0307173E-03
  3.5862676E-03 -4.8452091E-01 -6.0730786E-03
  3.6114538E-03 -4.8676144E-01 -6.1157296E-03
  3.6368122E-03 -4.8900986E-01 -6.1586724E-03
  3.6623441E-03 -4.9126614E-01 -6.2019089E-03
  3.6880506E-03 -4.9353024E-01 -6.2454411E-03
  3.7139330E-03 -4.9580213E-01 -6.2892711E-03
  3.7399924E-03 -4.9808179E-01 -6.3334008E-03
  3.7662300E-03 -5.0036917E-01 -6.3778324E-03
  3.7926471E-03 -5.0266425E-01 -6.4225680E-03
  3.8192448E-03 -5.0496699E-01 -6.4676095E-03
  3.8460245E-03 -5.0727736E-01 -6.5129591E-03
  3.8729874E-03 -5.0959531E-01 -6.5586188E-03
  3.9001347E-03 -5.1192082E-01 -6.6045909E-03
  3.9274677E-03 -5.1425384E-01 -6.6508775E-03
  3.9549876E-03 -5.1659434E-01 -6.6974806E-03
  3.9826958E-03 -5.1894226E-01 -6.7444025E-03
  4.0105935E-03 -5.2129759E-01 -6.7916453E-03
  4.0386820E-03 -5.2366026E-01 -6.8392112E-03
  4.0669626E-03 -5.2603024E-01 -6.8871026E-03
  4.0954366E-03 -5.2840748E-01 -6.9353214E-03
  4.1241054E-03 -5.3079195E-01 -6.9838701E-03
  4.1529703E-03 -5.3318358E-01 -7.0327509E-03
  4.1820327E-03 -5.3558234E-01 -7.0819660E-03
  4.2112938E-03 -5.3798818E-01 -7.1315177E-03
  4.2407550E-03 -5.4040104E-01 -7.1814084E-03
  4.2704178E-03 -5.4282088E-01 -7.2316403E-03
  4.3002834E-03 -5.4524764E-01 -7.2822158E-03
  4.3303534E-03 -5.4768128E-01 -7.3331372E-03
  4.3606290E-03 -5.5012173E-01 -7.3844069E-03
  4.3911117E-03 -5.5256895E-01 -7.4360273E-03
  4.4218028E-03 -5.5502288E-01 -7.4880008E-03
  4.4527039E-03 -5.5748346E-01 -7.5403298E-03
  4.4838164E-03 -5.5995063E-01 -7.5930167E-03
  4.5151417E-03 -5.6242433E-01 -7.6460640E-03
  4.5466812E-03 -5.6490450E-01 -7.6994741E-03
  4.5784364E-03 -5.6739109E-01 -7.7532496E-03
  4.6104089E-03 -5.6988402E-01 -7.8073928E-03
  4.6426000E-03 -5.7238323E-01 -7.8619064E-03
  4.6750113E-03 -5.7488867E-01 -7.9167929E-03
  4.7076444E-03 -5.7740025E-01 -7.9720548E-03
  4.7405006E-03 -5.7991791E-01 -8.0276946E-03
  4.7735815E-03 -5.8244159E-01 -8.0837151E-03
  4.8068887E-03 -5.8497122E-01 -8.1401187E-03
  4.8404237E-03 -5.8750671E-01 -8.1969081E-03
  4.8741881E-03 -5.9004800E-01 -8.2540860E-03
  4.9081835E-03 -5.9259502E-01 -8.3116549E-03
  4.9424114E-03 -5.9514768E-01 -8.3696176E-03
  4.9768733E-03 -5.9770592E-01 -8.4279768E-03
  5.0115710E-03 -6.0026965E-01 -8.4867352E-03
  5.0465061E-03 -6.0283879E-01 -8.5458954E-03
  5.0816800E-03 -6.0541327E-01 -8.6054603E-03
  5.1170946E-03 -6.0799299E-01 -8.6654327E-03
  5.1527514E-03 -6.1057788E-01 -8.7258152E-03
  5.1886520E-03 -6.1316786E-01 -8.7866108E-03
  5.2247983E-03 -6.1576282E-01 -8.8478222E-03
  5.2611917E-03 -6.1836270E-01 -8.9094522E-03
  5.2978341E-03 -6.2096739E-01 -8.9715039E-03
  5.3347271E-03 -6.2357681E-01 -9.0339799E-03
  5.3718725E-03 -6.2619087E-01 -9.0968833E-03
  5.4092719E-03 -6.2880946E-01 -9.1602170E-03
  5.4469272E-03 -6.3143250E-01 -9.2239838E-03
  5.4848399E-03 -6.3405990E-01 -9.2881868E-03
  5.5230121E-03 -6.3669154E-01 -9.3528290E-03
  5.5614453E-03 -6.3932733E-01 -9.4179133E-03
  5.6001413E-03 -6.4196718E-01 -9.4834428E-03
  5.6391021E-03 -6.4461098E-01 -9.5494205E-03
  5.6783293E-03 -6.4725862E-01 -9.6158494E-03
  5.7178248E-03 -6.4991000E-01 -9.6827328E-03
  5.7575905E-03 -6.5256502E-01 -9.7500736E-03
  5.7976282E-03 -6.5522356E-01 -9.8178751E-03
  5.8379397E-03 -6.5788551E-01 -9.8861403E-03
  5.8785270E-03 -6.6055077E-01 -9.9548725E-03
  5.9193919E-03 -6.6321922E-01 -1.0024075E-02
  5.9605362E-03 -6.6589074E-01 -1.0093750E-02
  6.0019620E-03 -6.6856522E-01 -1.0163903E-02
  6.0436712E-03 -6.7124255E-01 -1.0234535E-02
  6.0856656E-03 -6.7392259E-01 -1.0305650E-02
  6.1279472E-03 -6.7660524E-01 -1.0377251E-02
  6.1705181E-03 -6.7929037E-01 -1.0449343E-02
  6.2133801E-03 -6.8197785E-01 -1.0521927E-02
  6.2565353E-03 -6.8466756E-01 -1.0595008E-02
  6.2999857E-03 -6.8735937E-01 -1.0668589E-02
  6.3437333E-03 -6.9005316E-01 -1.0742673E-02
  6.3877801E-03 -6.9274879E-01 -1.0817264E-02
  6.4321282E-03 -6.9544613E-01 -1.0892365E-02
  6.4767796E-03 -6.9814505E-01 -1.0967980E-02
  6.5217364E-03 -7.0084542E-01 -1.1044111E-02
  6.5670007E-03 -7.0354708E-01 -1.1120764E-02
  6.6125746E-03 -7.0624992E-01 -1.1197941E-02
  6.6584602E-03 -7.0895378E-01 -1.1275646E-02
  6.7046597E-03 -7.1165853E-01 -1.1353882E-02
  6.7511752E-03 -7.1436402E-01 -1.1432654E-02
  6.7980088E-03 -7.1707011E-01 -1.1511964E-02
  6.8451628E-03 -7.1977665E-01 -1.1591817E-02
  6.8926393E-03 -7.2248350E-01 -1.1672216E-02
  6.9404405E-03 -7.2519049E-01 -1.1753165E-02
  6.9885687E-03 -7.2789749E-01 -1.1834668E-02
  7.0370261E-03 -7.3060434E-01 -1.1916728E-02
  7.0858149E-03 -7.3331089E-01 -1.1999349E-02
  7.1349374E-03 -7.3601697E-01 -1.2082536E-02
  7.1843959E-03 -7.3872244E-01 -1.2166291E-02
  7.2341927E-03 -7.4142713E-01 -1.2250620E-02
  7.2843301E-03 -7.4413088E-01 -1.2335525E-02
  7.3348104E-03 -7.4683353E-01 -1.2421011E-02
  7.3856360E-03 -7.4953492E-01 -1.2507082E-02
  7.4368093E-03 -7.5223488E-01 -1.2593741E-02
  7.4883325E-03 -7.5493324E-01 -1.2680993E-02
  7.5402082E-03 -7.5762984E-01 -1.2768842E-02
  7.5924387E-03 -7.6032450E-01 -1.2857292E-02
  7.6450265E-03 -7.6301706E-01 -1.2946347E-02
  7.6979739E-03 -7.6570734E-01 -1.3036011E-02
  7.7512835E-03 -7.6839517E-01 -1.3126289E-02
  7.8049577E-03 -7.7108036E-01 -1.3217184E-02
  7.8589990E-03 -7.7376276E-01 -1.3308700E-02
  7.9134100E-03 -7.7644216E-01 -1.3400843E-02
  7.9681932E-03 -7.7911841E-01 -1.3493616E-02
  8.0233510E-03 -7.8179130E-01 -1.3587023E-02
  8.0788861E-03 -7.8446067E-01 -1.3681069E-02
  8.1348011E-03 -7.8712633E-01 -1.3775759E-02
  8.1910985E-03 -7.8978809E-01 -1.3871096E-02
  8.2477810E-03 -7.9244576E-01 -1.3967086E-02
  8.3048512E-03 -7.9509917E-01 -1.4063732E-02
  8.3623117E-03 -7.9774811E-01 -1.4161039E-02
  8.4201652E-03 -8.0039240E-01 -1.4259012E-02
  8.4784145E-03 -8.0303184E-01 -1.4357655E-02
  8.5370622E-03 -8.0566625E-01 -1.4456972E-02
  8.5961110E-03 -8.0829543E-01 -1.4556969E-02
  8.6555637E-03 -8.1091919E-01 -1.4657650E-02
  8.7154230E-03 -8.1353733E-01 -1.4759020E-02
  8.7756918E-03 -8.1614965E-01 -1.4861083E-02
  8.8363728E-03 -8.1875595E-01 -1.4963844E-02
  8.8974689E-03 -8.2135604E-01 -1.5067308E-02
  8.9589828E-03 -8.2394972E-01 -1.5171480E-02
  9.0209175E-03 -8.2653679E-01 -1.5276364E-02
  9.0832758E-03 -8.2911704E-01 -1.5381966E-02
  9.1460607E-03 -8.3169027E-01 -1.5488290E-02
  9.2092749E-03 -8.3425629E-01 -1.5595341E-02
  9.2729216E-03 -8.3681488E-01 -1.5703125E-02
  9.3370035E-03 -8.3936585E-01 -1.5811645E-02
  9.4015238E-03 -8.4190899E-01 -1.5920909E-02
  9.4664854E-03 -8.4444409E-01 -1.6030919E-02
  9.5318914E-03 -8.4697095E-01 -1.6141682E-02
  9.5977446E-03 -8.4948937E-01 -1.6253203E-02
  9.6640484E-03 -8.5199913E-01 -1.6365486E-02
  9.7308056E-03 -8.5450004E-01 -1.6478538E-02
  9.7980194E-03 -8.5699188E-01 -1.6592363E-02
  9.8656930E-03 -8.5947445E-01 -1.6706966E-02
  9.9338294E-03 -8.6194755E-01 -1.6822354E-02
  1.0002432E-02 -8.6441096E-01 -1.6938530E-02
  1.0071504E-02 -8.6686448E-01 -1.7055502E-02
  1.0141048E-02 -8.6930791E-01 -1.7173273E-02
  1.0211068E-02 -8.7174104E-01 -1.7291850E-02
  1.0281566E-02 -8.7416367E-01 -1.7411238E-02
  1.0352547E-02 -8.7657558E-01 -1.7531443E-02
  1.0424014E-02 -8.7897659E-01 -1.7652470E-02
  1.0495969E-02 -8.8136647E-01 -1.7774325E-02
  1.0568416E-02 -8.8374504E-01 -1.7897013E-02
  1.0641359E-02 -8.8611208E-01 -1.8020541E-02
  1.0714801E-02 -8.8846740E-01 -1.8144914E-02
  1.0788745E-02 -8.9081081E-01 -1.8270137E-02
  1.0863195E-02 -8.9314209E-01 -1.8396217E-02
  1.0938155E-02 -8.9546106E-01 -1.8523159E-02
  1.1013627E-02 -8.9776751E-01 -1.8650970E-02
  1.1089615E-02 -9.0006126E-01 -1.8779655E-02
  1.1166123E-02 -9.0234211E-01 -1.8909220E-02
  1.1243154E-02 -9.0460987E-01 -1.9039671E-02
  1.1320712E-02 -9.0686436E-01 -1.9171015E-02
  1.1398800E-02 -9.0910538E-01 -1.9303258E-02
  1.1477423E-02 -9.1133275E-01 -1.9436404E-02
  1.1556583E-02 -9.1354630E-01 -1.9570462E-02
  1.1636285E-02 -9.1574583E-01 -1.9705437E-02
  1.1716532E-02 -9.1793118E-01 -1.9841335E-02
  1.1797328E-02 -9.2010216E-01 -1.9978162E-02
  1.1878677E-02 -9.2225862E-01 -2.0115926E-02
  1.1960582E-02 -9.2440037E-01 -2.0254631E-02
  1.2043047E-02 -9.2652727E-01 -2.0394286E-02
  1.2126076E-02 -9.2863913E-01 -2.0534896E-02
  1.2209673E-02 -9.3073581E-01 -2.0676468E-02
  1.2293842E-02 -9.3281716E-01 -2.0819008E-02
  1.2378586E-02 -9.3488301E-01 -2.0962523E-02
  1.2463911E-02 -9.3693324E-01 -2.1107020E-02
  1.2549818E-02 -9.3896769E-01 -2.1252506E-02
  1.2636314E-02 -9.4098622E-01 -2.1398986E-02
  1.2723401E-02 -9.4298871E-01 -2.1546469E-02
  1.2811084E-02 -9.4497503E-01 -2.1694960E-02
  1.2899366E-02 -9.4694505E-01 -2.1844468E-02
  1.2988252E-02 -9.4889866E-01 -2.1994998E-02
  1.3077747E-02 -9.5083575E-01 -2.2146557E-02
  1.3167853E-02 -9.5275620E-01 -2.2299154E-02
  1.3258576E-02 -9.5465993E-01 -2.2452794E-02
  1.3349919E-02 -9.5654683E-01 -2.2607485E-02
  1.3441887E-02 -9.5841681E-01 -2.2763235E-02
  1.3534484E-02 -9.6026980E-01 -2.2920049E-02
  1.3627714E-02 -9.6210572E-01 -2.3077937E-02
  1.3721582E-02 -9.6392450E-01 -2.3236905E-02
  1.3816092E-02 -9.6572608E-01 -2.3396960E-02
  1.3911249E-02 -9.6751041E-01 -2.3558110E-02
  1.4007056E-02 -9.6927744E-01 -2.3720362E-02
  1.4103519E-02 -9.7102714E-01 -2.3883724E-02
  1.4200642E-02 -9.7275947E-01 -2.4048204E-02
  1.4298428E-02 -9.7447441E-01 -2.4213809E-02
  1.4396884E-02 -9.7617196E-01 -2.4380547E-02
  1.4496013E-02 -9.7785210E-01 -2.4548425E-02
  1.4595820E-02 -9.7951484E-01 -2.4717452E-02
  1.4696310E-02 -9.8116020E-01 -2.4887635E-02
  1.4797487E-02 -9.8278820E-01 -2.5058982E-02
  1.4899356E-02 -9.8439886E-01 -2.5231501E-02
  1.5001922E-02 -9.8599225E-01 -2.5405201E-02
  1.5105189E-02 -9.8756841E-01 -2.5580089E-02
  1.5209163E-02 -9.8912740E-01 -2.5756173E-02
  1.5313848E-02 -9.9066930E-01 -2.5933461E-02
  1.5419249E-02 -9.9219420E-01 -2.6111963E-02
  1.5525371E-02 -9.9370219E-01 -2.6291686E-02
  1.5632219E-02 -9.9519338E-01 -2.6472638E-02
  1.5739797E-02 -9.9666791E-01 -2.6654828E-02
  1.5848112E-02 -9.9812589E-01 -2.6838264E-02
  1.5957167E-02 -9.9956747E-01 -2.7022955E-02
  1.6066968E-02 -1.0009928E+00 -2.7208910E-02
  1.6177520E-02 -1.0024021E+00 -2.7396136E-02
  1.6288829E-02 -1.0037955E+00 -2.7584644E-02
  1.6400898E-02 -1.0051732E+00 -2.7774441E-02
  1.6513734E-02 -1.0065355E+00 -2.7965537E-02
  1.6627342E-02 -1.0078825E+00 -2.8157939E-02
  1.6741727E-02 -1.0092145E+00 -2.8351658E-02
  1.6856895E-02 -1.0105317E+00 -2.8546703E-02
  1.6972850E-02 -1.0118345E+00 -2.8743081E-02
  1.7089598E-02 -1.0131231E+00 -2.8940803E-02
  1.7207145E-02 -1.0143979E+00 -2.9139878E-02
  1.7325496E-02 -1.0156590E+00 -2.9340315E-02
  1.7444656E-02 -1.0169069E+00 -2.9542122E-02
  1.7564631E-02 -1.0181420E+00 -2.9745311E-02
  1.7685427E-02 -1.0193646E+00 -2.9949889E-02
  1.7807050E-02 -1.0205750E+00 -3.0155867E-02
  1.7929504E-02 -1.0217737E+00 -3.0363254E-02
  1.8052795E-02 -1.0229612E+00 -3.0572060E-02
  1.8176930E-02 -1.0241379E+00 -3.0782294E-02
  1.8301914E-02 -1.0253041E+00 -3.0993967E-02
  1.8427753E-02 -1.0264606E+00 -3.1207088E-02
  1.8554452E-02 -1.0276076E+00 -3.1421666E-02
  1.8682019E-02 -1.0287459E+00 -3.1637713E-02
  1.8810457E-02 -1.0298758E+00 -3.1855238E-02
  1.8939775E-02 -1.0309981E+00 -3.2074251E-02
  1.9069976E-02 -1.0321133E+00 -3.2294762E-02
  1.9201069E-02 -1.0332221E+00 -3.2516782E-02
  1.9333057E-02 -1.0343250E+00 -3.2740321E-02
  1.9465949E-02 -1.0354229E+00 -3.2965389E-02
  1.9599750E-02 -1.0365164E+00 -3.3191997E-02
  1.9734466E-02 -1.0376062E+00 -3.3420155E-02
  1.9870103E-02 -1.0386931E+00 -3.3649875E-02
  2.0006668E-02 -1.0397780E+00 -3.3881166E-02
  2.0144167E-02 -1.0408617E+00 -3.4114039E-02
  2.0282607E-02 -1.0419450E+00 -3.4348505E-02
  2.0421993E-02 -1.0430288E+00 -3.4584576E-02
  2.0562333E-02 -1.0441142E+00 -3.4822262E-02
  2.0703633E-02 -1.0452021E+00 -3.5061574E-02
  2.0845899E-02 -1.0462934E+00 -3.5302523E-02
  2.0989138E-02 -1.0473894E+00 -3.5545120E-02
  2.1133357E-02 -1.0484910E+00 -3.5789378E-02
  2.1278563E-02 -1.0495995E+00 -3.6035306E-02
  2.1424761E-02 -1.0507161E+00 -3.6282918E-02
  2.1571960E-02 -1.0518419E+00 -3.6532223E-02
  2.1720165E-02 -1.0529783E+00 -3.6783234E-02
  2.1869384E-02 -1.0541267E+00 -3.7035962E-02
  2.2019624E-02 -1.0552884E+00 -3.7290420E-02
  2.2170892E-02 -1.0564648E+00 -3.7546618E-02
  2.2323194E-02 -1.0576575E+00 -3.7804570E-02
  2.2476537E-02 -1.0588680E+00 -3.8064286E-02
  2.2630930E-02 -1.0600979E+00 -3.8325779E-02
  2.2786379E-02 -1.0613489E+00 -3.8589061E-02
  2.2942890E-02 -1.0626227E+00 -3.8854145E-02
  2.3100473E-02 -1.0639211E+00 -3.9121043E-02
  2.3259133E-02 -1.0652458E+00 -3.9389766E-02
  2.3418878E-02 -1.0665988E+00 -3.9660329E-02
  2.3579716E-02 -1.0679820E+00 -3.9932742E-02
  2.3741655E-02 -1.0693974E+00 -4.0207020E-02
  2.3904700E-02 -1.0708470E+00 -4.0483174E-02
  2.4068861E-02 -1.0723329E+00 -4.0761217E-02
  2.4234145E-02 -1.0738572E+00 -4.1041163E-02
  2.4400560E-02 -1.0754221E+00 -4.1323025E-02
  2.4568112E-02 -1.0770299E+00 -4.1606815E-02
  2.4736811E-02 -1.0786827E+00 -4.1892547E-02
  2.4906663E-02 -1.0803830E+00 -4.2180234E-02
  2.5077678E-02 -1.0821329E+00 -4.2469890E-02
  2.5249862E-02 -1.0839348E+00 -4.2761527E-02
  2.5423223E-02 -1.0857911E+00 -4.3055161E-02
  2.5597771E-02 -1.0877042E+00 -4.3350803E-02
  2.5773512E-02 -1.0896765E+00 -4.3648468E-02
  2.5950456E-02 -1.0917103E+00 -4.3948170E-02
  2.6128609E-02 -1.0938080E+00 -4.4249923E-02
  2.6307981E-02 -1.0959720E+00 -4.4553741E-02
  2.6488580E-02 -1.0982046E+00 -4.4859637E-02
  2.6670415E-02 -1.1005082E+00 -4.5167627E-02
  2.6853493E-02 -1.1028851E+00 -4.5477725E-02
  2.7037823E-02 -1.1053374E+00 -4.5789944E-02
  2.7223414E-02 -1.1078674E+00 -4.6104300E-02
  2.7410275E-02 -1.1104772E+00 -4.6420807E-02
  2.7598413E-02 -1.1131689E+00 -4.6739480E-02
  2.7787839E-02 -1.1159443E+00 -4.7060333E-02
  2.7978560E-02 -1.1188056E+00 -4.7383383E-02
  2.8170585E-02 -1.1217544E+00 -4.7708642E-02
  2.8363924E-02 -1.1247924E+00 -4.8036128E-02
  2.8558586E-02 -1.1279213E+00 -4.8365855E-02
  2.8754578E-02 -1.1311425E+00 -4.8697838E-02
  2.8951912E-02 -1.1344574E+00 -4.9032093E-02
  2.9150595E-02 -1.1378672E+00 -4.9368636E-02
  2.9350637E-02 -1.1413731E+00 -4.9707481E-02
  2.9552047E-02 -1.1449759E+00 -5.0048646E-02
  2.9754835E-02 -1.1486766E+00 -5.0392145E-02
  2.9959010E-02 -1.1524757E+00 -5.0737995E-02
  3.0164582E-02 -1.1563739E+00 -5.1086212E-02
  3.0371559E-02 -1.1603714E+00 -5.1436812E-02
  3.0579953E-02 -1.1644685E+00 -5.1789812E-02
  3.0789771E-02 -1.1686653E+00 -5.2145227E-02
  3.1001025E-02 -1.1729615E+00 -5.2503075E-02
  3.1213724E-02 -1.1773570E+00 -5.2863371E-02
  3.1427877E-02 -1.1818514E+00 -5.3226134E-02
  3.1643496E-02 -1.1864440E+00 -5.3591379E-02
  3.1860589E-02 -1.1911340E+00 -5.3959125E-02
  3.2079167E-02 -1.1959206E+00 -5.4329387E-02
  3.2299240E-02 -1.2008028E+00 -5.4702183E-02
  3.2520818E-02 -1.2057792E+00 -5.5077531E-02
  3.2743912E-02 -1.2108485E+00 -5.5455447E-02
  3.2968532E-02 -1.2160093E+00 -5.5835951E-02
  3.3194688E-02 -1.2212597E+00 -5.6219059E-02
  3.3422391E-02 -1.2265981E+00 -5.6604788E-02
  3.3651652E-02 -1.2320225E+00 -5.6993158E-02
  3.3882480E-02 -1.2375309E+00 -5.7384187E-02
  3.4114888E-02 -1.2431209E+00 -5.7777892E-02
  3.4348885E-02 -1.2487905E+00 -5.8174291E-02
  3.4584482E-02 -1.2545370E+00 -5.8573404E-02
  3.4821691E-02 -1.2603581E+00 -5.8975249E-02
  3.5060523E-02 -1.2662511E+00 -5.9379844E-02
  3.5300988E-02 -1.2722133E+00 -5.9787209E-02
  3.5543097E-02 -1.2782419E+00 -6.0197362E-02
  3.5786863E-02 -1.2843342E+00 -6.0610323E-02
  3.6032296E-02 -1.2904871E+00 -6.1026111E-02
  3.6279408E-02 -1.2966978E+00 -6.1444745E-02
  3.6528210E-02 -1.3029631E+00 -6.1866245E-02
  3.6778714E-02 -1.3092802E+00 -6.2290630E-02
  3.7030931E-02 -1.3156458E+00 -6.2717920E-02
  3.7284874E-02 -1.3220570E+00 -6.3148135E-02
  3.7540553E-02 -1.3285105E+00 -6.3581295E-02
  3.7797981E-02 -1.3350033E+00 -6.4017421E-02
  3.8057170E-02 -1.3415324E+00 -6.4456532E-02
  3.8318131E-02 -1.3480945E+00 -6.4898650E-02
  3.8580878E-02 -1.3546865E+00 -6.5343794E-02
  3.8845422E-02 -1.3613055E+00 -6.5791986E-02
  3.9111775E-02 -1.3679484E+00 -6.6243246E-02
  3.9379950E-02 -1.3746121E+00 -6.6697596E-02
  3.9649959E-02 -1.3812936E+00 -6.7155056E-02
  3.9921815E-02 -1.3879901E+00 -6.7615649E-02
  4.0195530E-02 -1.3946986E+00 -6.8079394E-02
  4.0471118E-02 -1.4014162E+00 -6.8546315E-02
  4.0748591E-02 -1.4081402E+00 -6.9016433E-02
  4.1027961E-02 -1.4148676E+00 -6.9489770E-02
  4.1309243E-02 -1.4215958E+00 -6.9966347E-02
  4.1592448E-02 -1.4283221E+00 -7.0446188E-02
  4.1877590E-02 -1.4350438E+00 -7.0929314E-02
  4.2164683E-02 -1.4417584E+00 -7.1415749E-02
  4.2453739E-02 -1.4484631E+00 -7.1905514E-02
  4.2744773E-02 -1.4551557E+00 -7.2398632E-02
  4.3037797E-02 -1.4618335E+00 -7.2895128E-02
  4.3332825E-02 -1.4684941E+00 -7.3395023E-02
  4.3629872E-02 -1.4751351E+00 -7.3898341E-02
  4.3928950E-02 -1.4817543E+00 -7.4405106E-02
  4.4230073E-02 -1.4883492E+00 -7.4915342E-02
  4.4533256E-02 -1.4949177E+00 -7.5429071E-02
  4.4838514E-02 -1.5014574E+00 -7.5946319E-02
  4.5145858E-02 -1.5079662E+00 -7.6467109E-02
  4.5455306E-02 -1.5144419E+00 -7.6991465E-02
  4.5766869E-02 -1.5208825E+00 -7.7519413E-02
  4.6080564E-02 -1.5272858E+00 -7.8050976E-02
  4.6396404E-02 -1.5336498E+00 -7.8586180E-02
  4.6714405E-02 -1.5399724E+00 -7.9125049E-02
  4.7034581E-02 -1.5462517E+00 -7.9667609E-02
  4.7356946E-02 -1.5524858E+00 -8.0213885E-02
  4.7681517E-02 -1.5586726E+00 -8.0763903E-02
  4.8008308E-02 -1.5648104E+00 -8.1317688E-02
  4.8337334E-02 -1.5708973E+00 -8.1875266E-02
  4.8668610E-02 -1.5769314E+00 -8.2436664E-02
  4.9002152E-02 -1.5829110E+00 -8.3001907E-02
  4.9337976E-02 -1.5888343E+00 -8.3571021E-02
  4.9676096E-02 -1.5946995E+00 -8.4144035E-02
  5.0016529E-02 -1.6005050E+00 -8.4720973E-02
  5.0359291E-02 -1.6062491E+00 -8.5301864E-02
  5.0704397E-02 -1.6119301E+00 -8.5886734E-02
  5.1051864E-02 -1.6175464E+00 -8.6475611E-02
  5.1401707E-02 -1.6230964E+00 -8.7068522E-02
  5.1753943E-02 -1.6285786E+00 -8.7665495E-02
  5.2108589E-02 -1.6339915E+00 -8.8266558E-02
  5.2465660E-02 -1.6393334E+00 -8.8871739E-02
  5.2825173E-02 -1.6446030E+00 -8.9481066E-02
  5.3187146E-02 -1.6497989E+00 -9.0094568E-02
  5.3551594E-02 -1.6549195E+00 -9.0712274E-02
  5.3918535E-02 -1.6599635E+00 -9.1334212E-02
  5.4287986E-02 -1.6649296E+00 -9.1960412E-02
  5.4659963E-02 -1.6698164E+00 -9.2590902E-02
  5.5034486E-02 -1.6746227E+00 -9.3225713E-02
  5.5411569E-02 -1.6793471E+00 -9.3864874E-02
  5.5791232E-02 -1.6839885E+00 -9.4508415E-02
  5.6173492E-02 -1.6885457E+00 -9.5156366E-02
  5.6558366E-02 -1.6930175E+00 -9.5808757E-02
  5.6945873E-02 -1.6974028E+00 -9.6465619E-02
  5.7336031E-02 -1.7017005E+00 -9.7126983E-02
  5.7728857E-02 -1.7059096E+00 -9.7792880E-02
  5.8124369E-02 -1.7100290E+00 -9.8463341E-02
  5.8522587E-02 -1.7140579E+00 -9.9138397E-02
  5.8923529E-02 -1.7179952E+00 -9.9818080E-02
  5.9327213E-02 -1.7218401E+00 -1.0050242E-01
  5.9733659E-02 -1.7255919E+00 -1.0119145E-01
  6.0142884E-02 -1.7292496E+00 -1.0188521E-01
  6.0554909E-02 -1.7328126E+00 -1.0258372E-01
  6.0969751E-02 -1.7362802E+00 -1.0328702E-01
  6.1387431E-02 -1.7396518E+00 -1.0399514E-01
  6.1807968E-02 -1.7429268E+00 -1.0470812E-01
  6.2231381E-02 -1.7461047E+00 -1.0542598E-01
  6.2657691E-02 -1.7491850E+00 -1.0614877E-01
  6.3086916E-02 -1.7521674E+00 -1.0687651E-01
  6.3519077E-02 -1.7550516E+00 -1.0760924E-01
  6.3954194E-02 -1.7578372E+00 -1.0834699E-01
  6.4392287E-02 -1.7605241E+00 -1.0908980E-01
  6.4833377E-02 -1.7631122E+00 -1.0983771E-01
  6.5277483E-02 -1.7656014E+00 -1.1059074E-01
  6.5724628E-02 -1.7679918E+00 -1.1134894E-01
  6.6174830E-02 -1.7702835E+00 -1.1211234E-01
  6.6628112E-02 -1.7724768E+00 -1.1288098E-01
  6.7084494E-02 -1.7745718E+00 -1.1365488E-01
  6.7543998E-02 -1.7765690E+00 -1.1443410E-01
  6.8006645E-02 -1.7784689E+00 -1.1521865E-01
  6.8472456E-02 -1.7802720E+00 -1.1600859E-01
  6.8941454E-02 -1.7819789E+00 -1.1680395E-01
  6.9413659E-02 -1.7835906E+00 -1.1760476E-01
  6.9889094E-02 -1.7851077E+00 -1.1841107E-01
  7.0367781E-02 -1.7865314E+00 -1.1922291E-01
  7.0849742E-02 -1.7878627E+00 -1.2004031E-01
  7.1334999E-02 -1.7891028E+00 -1.2086333E-01
  7.1823576E-02 -1.7902530E+00 -1.2169199E-01
  7.2315495E-02 -1.7913147E+00 -1.2252634E-01
  7.2810778E-02 -1.7922897E+00 -1.2336641E-01
  7.3309448E-02 -1.7931794E+00 -1.2421225E-01
  7.3811530E-02 -1.7939858E+00 -1.2506389E-01
  7.4317046E-02 -1.7947108E+00 -1.2592137E-01
  7.4826019E-02 -1.7953566E+00 -1.2678474E-01
  7.5338474E-02 -1.7959253E+00 -1.2765404E-01
  7.5854434E-02 -1.7964194E+00 -1.2852930E-01
  7.6373922E-02 -1.7968413E+00 -1.2941056E-01
  7.6896964E-02 -1.7971938E+00 -1.3029788E-01
  7.7423584E-02 -1.7974797E+00 -1.3119129E-01
  7.7953806E-02 -1.7977020E+00 -1.3209083E-01
  7.8487654E-02 -1.7978639E+00 -1.3299654E-01
  7.9025154E-02 -1.7979687E+00 -1.3390848E-01
  7.9566330E-02 -1.7980199E+00 -1.3482667E-01
  8.0111207E-02 -1.7980211E+00 -1.3575117E-01
  8.0659812E-02 -1.7979763E+00 -1.3668201E-01
  8.1212169E-02 -1.7978895E+00 -1.3761925E-01
  8.1768304E-02 -1.7977649E+00 -1.3856292E-01
  8.2328242E-02 -1.7976069E+00 -1.3951308E-01
  8.2892011E-02 -1.7974202E+00 -1.4046976E-01
  8.3459636E-02 -1.7972096E+00 -1.4143301E-01
  8.4031143E-02 -1.7969801E+00 -1.4240287E-01
  8.4606559E-02 -1.7967370E+00 -1.4337940E-01
  8.5185911E-02 -1.7964857E+00 -1.4436263E-01
  8.5769226E-02 -1.7962319E+00 -1.4535262E-01
  8.6356531E-02 -1.7959815E+00 -1.4634941E-01
  8.6947852E-02 -1.7957407E+00 -1.4735305E-01
  8.7543218E-02 -1.7955159E+00 -1.4836358E-01
  8.8142656E-02 -1.7953136E+00 -1.4938105E-01
  8.8746195E-02 -1.7951408E+00 -1.5040552E-01
  8.9353861E-02 -1.7950045E+00 -1.5143703E-01
  8.9965684E-02 -1.7949121E+00 -1.5247563E-01
  9.0581692E-02 -1.7948712E+00 -1.5352136E-01
  9.1201913E-02 -1.7948896E+00 -1.5457428E-01
  9.1826376E-02 -1.7949754E+00 -1.5563444E-01
  9.2455110E-02 -1.7951369E+00 -1.5670189E-01
  9.3088145E-02 -1.7953826E+00 -1.5777667E-01
  9.3725510E-02 -1.7957214E+00 -1.5885884E-01
  9.4367234E-02 -1.7961621E+00 -1.5994845E-01
  9.5013347E-02 -1.7967139E+00 -1.6104556E-01
  9.5663880E-02 -1.7973862E+00 -1.6215021E-01
  9.6318862E-02 -1.7981883E+00 -1.6326245E-01
  9.6978325E-02 -1.7991299E+00 -1.6438235E-01
  9.7642298E-02 -1.8002207E+00 -1.6550994E-01
  9.8310812E-02 -1.8014704E+00 -1.6664529E-01
  9.8983899E-02 -1.8028887E+00 -1.6778845E-01
  9.9661590E-02 -1.8044853E+00 -1.6893948E-01
  1.0034392E-01 -1.8062700E+00 -1.7009842E-01
  1.0103091E-01 -1.8082523E+00 -1.7126534E-01
  1.0172260E-01 -1.8104415E+00 -1.7244029E-01
  1.0241902E-01 -1.8128467E+00 -1.7362332E-01
  1.0312021E-01 -1.8154767E+00 -1.7481449E-01
  1.0382619E-01 -1.8183399E+00 -1.7601386E-01
  1.0453700E-01 -1.8214444E+00 -1.7722148E-01
  1.0525268E-01 -1.8247976E+00 -1.7843742E-01
  1.0597324E-01 -1.8284063E+00 -1.7966173E-01
  1.0669874E-01 -1.8322768E+00 -1.8089446E-01
  1.0742920E-01 -1.8364144E+00 -1.8213568E-01
  1.0816466E-01 -1.8408237E+00 -1.8338545E-01
  1.0890514E-01 -1.8455083E+00 -1.8464383E-01
  1.0965069E-01 -1.8504709E+00 -1.8591087E-01
  1.1040134E-01 -1.8557131E+00 -1.8718664E-01
  1.1115713E-01 -1.8612353E+00 -1.8847119E-01
  1.1191808E-01 -1.8670368E+00 -1.8976459E-01
  1.1268424E-01 -1.8731155E+00 -1.9106691E-01
  1.1345564E-01 -1.8794682E+00 -1.9237819E-01
  1.1423231E-01 -1.8860904E+00 -1.9369851E-01
  1.1501430E-01 -1.8929761E+00 -1.9502793E-01
  1.1580164E-01 -1.9001184E+00 -1.9636651E-01
  1.1659436E-01 -1.9075089E+00 -1.9771431E-01
  1.1739250E-01 -1.9151382E+00 -1.9907141E-01
  1.1819610E-01 -1.9229957E+00 -2.0043786E-01
  1.1900520E-01 -1.9310701E+00 -2.0181373E-01
  1.1981983E-01 -1.9393491E+00 -2.0319909E-01
  1.2064004E-01 -1.9478197E+00 -2.0459400E-01
  1.2146586E-01 -1.9564685E+00 -2.0599853E-01
  1.2229732E-01 -1.9652816E+00 -2.0741274E-01
  1.2313447E-01 -1.9742451E+00 -2.0883672E-01
  1.2397735E-01 -1.9833449E+00 -2.1027051E-01
  1.2482599E-01 -1.9925671E+00 -2.1171419E-01
  1.2568043E-01 -2.0018979E+00 -2.1316784E-01
  1.2654073E-01 -2.0113241E+00 -2.1463152E-01
  1.2740690E-01 -2.0208328E+00 -2.1610529E-01
  1.2827900E-01 -2.0304117E+00 -2.1758924E-01
  1.2915706E-01 -2.0400491E+00 -2.1908343E-01
  1.3004114E-01 -2.0497338E+00 -2.2058794E-01
  1.3093125E-01 -2.0594554E+00 -2.2210283E-01
  1.3182746E-01 -2.0692040E+00 -2.2362819E-01
  1.3272979E-01 -2.0789702E+00 -2.2516408E-01
  1.3363830E-01 -2.0887452E+00 -2.2671057E-01
  1.3455302E-01 -2.0985207E+00 -2.2826775E-01
  1.3547400E-01 -2.1082887E+00 -2.2983568E-01
  1.3640128E-01 -2.1180416E+00 -2.3141445E-01
  1.3733490E-01 -2.1277719E+00 -2.3300412E-01
  1.3827490E-01 -2.1374724E+00 -2.3460478E-01
  1.3922134E-01 -2.1471359E+00 -2.3621650E-01
  1.4017424E-01 -2.1567554E+00 -2.3783937E-01
  1.4113367E-01 -2.1663239E+00 -2.3947345E-01
  1.4209966E-01 -2.1758341E+00 -2.4111883E-01
  1.4307226E-01 -2.1852789E+00 -2.4277558E-01
  1.4405150E-01 -2.1946510E+00 -2.4444380E-01
  1.4503745E-01 -2.2039431E+00 -2.4612355E-01
  1.4603014E-01 -2.2131477E+00 -2.4781492E-01
  1.4702962E-01 -2.2222571E+00 -2.4951799E-01
  1.4803593E-01 -2.2312637E+00 -2.5123284E-01
  1.4904913E-01 -2.2401597E+00 -2.5295957E-01
  1.5006926E-01 -2.2489374E+00 -2.5469824E-01
  1.5109637E-01 -2.2575890E+00 -2.5644894E-01
  1.5213050E-01 -2.2661066E+00 -2.5821177E-01
  1.5317170E-01 -2.2744824E+00 -2.5998680E-01
  1.5422003E-01 -2.2827088E+00 -2.6177412E-01
  1.5527553E-01 -2.2907781E+00 -2.6357382E-01
  1.5633824E-01 -2.2986827E+00 -2.6538598E-01
  1.5740823E-01 -2.3064154E+00 -2.6721070E-01
  1.5848553E-01 -2.3139688E+00 -2.6904806E-01
  1.5957021E-01 -2.3213360E+00 -2.7089815E-01
  1.6066230E-01 -2.3285102E+00 -2.7276107E-01
  1.6176186E-01 -2.3354847E+00 -2.7463689E-01
  1.6286894E-01 -2.3422531E+00 -2.7652572E-01
  1.6398359E-01 -2.3488093E+00 -2.7842764E-01
  1.6510587E-01 -2.3551475E+00 -2.8034276E-01
  1.6623583E-01 -2.3612618E+00 -2.8227115E-01
  1.6737351E-01 -2.3671470E+00 -2.8421292E-01
  1.6851898E-01 -2.3727979E+00 -2.8616816E-01
  1.6967227E-01 -2.3782095E+00 -2.8813696E-01
  1.7083346E-01 -2.3833774E+00 -2.9011943E-01
  1.7200259E-01 -2.3882970E+00 -2.9211565E-01
  1.7317972E-01 -2.3929642E+00 -2.9412573E-01
  1.7436490E-01 -2.3973752E+00 -2.9614977E-01
  1.7555818E-01 -2.4015263E+00 -2.9818786E-01
  1.7675963E-01 -2.4054140E+00 -3.0024010E-01
  1.7796929E-01 -2.4090353E+00 -3.0230659E-01
  1.7918723E-01 -2.4123871E+00 -3.0438744E-01
  1.8041350E-01 -2.4154669E+00 -3.0648275E-01
  1.8164816E-01 -2.4182720E+00 -3.0859261E-01
  1.8289126E-01 -2.4208004E+00 -3.1071714E-01
  1.8414286E-01 -2.4230499E+00 -3.1285643E-01
  1.8540303E-01 -2.4250189E+00 -3.1501060E-01
  1.8667181E-01 -2.4267057E+00 -3.1717974E-01
  1.8794927E-01 -2.4281091E+00 -3.1936397E-01
  1.8923547E-01 -2.4292281E+00 -3.2156338E-01
  1.9053047E-01 -2.4300619E+00 -3.2377810E-01
  1.9183432E-01 -2.4306098E+00 -3.2600822E-01
  1.9314710E-01 -2.4308716E+00 -3.2825386E-01
  1.9446885E-01 -2.4308472E+00 -3.3051512E-01
  1.9579964E-01 -2.4305369E+00 -3.3279213E-01
  1.9713953E-01 -2.4299412E+00 -3.3508498E-01
  1.9848859E-01 -2.4290609E+00 -3.3739380E-01
  1.9984688E-01 -2.4278970E+00 -3.3971870E-01
  2.0121446E-01 -2.4264509E+00 -3.4205978E-01
  2.0259139E-01 -2.4247243E+00 -3.4441717E-01
  2.0397774E-01 -2.4227193E+00 -3.4679099E-01
  2.0537357E-01 -2.4204382E+00 -3.4918134E-01
  2.0677895E-01 -2.4178836E+00 -3.5158835E-01
  2.0819394E-01 -2.4150587E+00 -3.5401213E-01
  2.0961861E-01 -2.4119669E+00 -3.5645281E-01
  2.1105303E-01 -2.4086118E+00 -3.5891051E-01
  2.1249725E-01 -2.4049979E+00 -3.6138534E-01
  2.1395136E-01 -2.4011295E+00 -3.6387742E-01
  2.1541540E-01 -2.3970118E+00 -3.6638689E-01
  2.1688947E-01 -2.3926502E+00 -3.6891386E-01
  2.1837361E-01 -2.3880504E+00 -3.7145846E-01
  2.1986791E-01 -2.3832189E+00 -3.7402082E-01
  2.2137243E-01 -2.3781624E+00 -3.7660105E-01
  2.2288724E-01 -2.3728881E+00 -3.7919929E-01
  2.2441241E-01 -2.3674037E+00 -3.8181567E-01
  2.2594801E-01 -2.3617175E+00 -3.8445031E-01
  2.2749411E-01 -2.3558381E+00 -3.8710335E-01
  2.2905079E-01 -2.3497747E+00 -3.8977491E-01
  2.3061812E-01 -2.3435371E+00 -3.9246512E-01
  2.3219617E-01 -2.3371355E+00 -3.9517413E-01
  2.3378501E-01 -2.3305806E+00 -3.9790206E-01
  2.3538472E-01 -2.3238838E+00 -4.0064904E-01
  2.3699537E-01 -2.3170569E+00 -4.0341521E-01
  2.3861704E-01 -2.3101125E+00 -4.0620072E-01
  2.4024980E-01 -2.3030635E+00 -4.0900569E-01
  2.4189372E-01 -2.2959236E+00 -4.1183026E-01
  2.4354889E-01 -2.2887072E+00 -4.1467457E-01
  2.4521539E-01 -2.2814291E+00 -4.1753876E-01
  2.4689328E-01 -2.2741051E+00 -4.2042298E-01
  2.4858264E-01 -2.2667516E+00 -4.2332736E-01
  2.5028357E-01 -2.2593859E+00 -4.2625204E-01
  2.5199612E-01 -2.2520260E+00 -4.2919718E-01
  2.5372039E-01 -2.2446909E+00 -4.3216290E-01
  2.5545646E-01 -2.2374007E+00 -4.3514937E-01
  2.5720439E-01 -2.2301766E+00 -4.3815672E-01
  2.5896429E-01 -2.2230409E+00 -4.4118511E-01
  2.6073622E-01 -2.2160171E+00 -4.4423467E-01
  2.6252027E-01 -2.2091304E+00 -4.4730557E-01
  2.6431652E-01 -2.2024071E+00 -4.5039794E-01
  2.6612506E-01 -2.1958753E+00 -4.5351195E-01
  2.6794597E-01 -2.1895649E+00 -4.5664773E-01
  2.6977934E-01 -2.1835073E+00 -4.5980546E-01
  2.7162524E-01 -2.1777360E+00 -4.6298526E-01
  2.7348377E-01 -2.1722862E+00 -4.6618732E-01
  2.7535501E-01 -2.1671948E+00 -4.6941176E-01
  2.7723905E-01 -2.1625008E+00 -4.7265877E-01
  2.7913598E-01 -2.1582447E+00 -4.7592848E-01
  2.8104588E-01 -2.1544684E+00 -4.7922106E-01
  2.8296885E-01 -2.1512152E+00 -4.8253667E-01
  2.8490497E-01 -2.1485291E+00 -4.8587547E-01
  2.8685433E-01 -2.1464547E+00 -4.8923762E-01
  2.8881702E-01 -2.1450362E+00 -4.9262327E-01
  2.9079314E-01 -2.1443169E+00 -4.9603260E-01
  2.9278278E-01 -2.1443385E+00 -4.9946577E-01
  2.9478602E-01 -2.1451400E+00 -5.0292293E-01
  2.9680297E-01 -2.1467565E+00 -5.0640426E-01
  2.9883371E-01 -2.1492182E+00 -5.0990992E-01
  3.0087834E-01 -2.1525492E+00 -5.1344007E-01
  3.0293696E-01 -2.1567657E+00 -5.1699489E-01
  3.0500965E-01 -2.1618754E+00 -5.2057455E-01
  3.0709653E-01 -2.1678761E+00 -5.2417920E-01
  3.0919767E-01 -2.1747546E+00 -5.2780902E-01
  3.1131319E-01 -2.1824863E+00 -5.3146419E-01
  3.1344318E-01 -2.1910347E+00 -5.3514487E-01
  3.1558774E-01 -2.2003519E+00 -5.3885123E-01
  3.1774697E-01 -2.2103793E+00 -5.4258345E-01
  3.1992096E-01 -2.2210491E+00 -5.4634170E-01
  3.2210983E-01 -2.2322858E+00 -5.5012615E-01
  3.2431366E-01 -2.2440089E+00 -5.5393699E-01
  3.2653257E-01 -2.2561356E+00 -5.5777438E-01
  3.2876666E-01 -2.2685831E+00 -5.6163850E-01
  3.3101603E-01 -2.2812719E+00 -5.6552953E-01
  3.3328078E-01 -2.2941276E+00 -5.6944764E-01
  3.3556103E-01 -2.3070835E+00 -5.7339301E-01
  3.3785687E-01 -2.3200817E+00 -5.7736583E-01
  3.4016841E-01 -2.3330741E+00 -5.8136626E-01
  3.4249576E-01 -2.3460227E+00 -5.8539449E-01
  3.4483904E-01 -2.3588992E+00 -5.8945070E-01
  3.4719834E-01 -2.3716843E+00 -5.9353507E-01
  3.4957378E-01 -2.3843666E+00 -5.9764778E-01
  3.5196546E-01 -2.3969416E+00 -6.0178901E-01
  3.5437350E-01 -2.4094096E+00 -6.0595894E-01
  3.5679802E-01 -2.4217751E+00 -6.1015776E-01
  3.5923912E-01 -2.4340449E+00 -6.1438564E-01
  3.6169691E-01 -2.4462276E+00 -6.1864276E-01
  3.6417152E-01 -2.4583318E+00 -6.2292932E-01
  3.6666305E-01 -2.4703660E+00 -6.2724549E-01
  3.6917162E-01 -2.4823376E+00 -6.3159146E-01
  3.7169735E-01 -2.4942528E+00 -6.3596740E-01
  3.7424036E-01 -2.5061157E+00 -6.4037351E-01
  3.7680076E-01 -2.5179288E+00 -6.4480996E-01
  3.7937868E-01 -2.5296923E+00 -6.4927694E-01
  3.8197422E-01 -2.5414046E+00 -6.5377463E-01
  3.8458752E-01 -2.5530619E+00 -6.5830321E-01
  3.8721870E-01 -2.5646588E+00 -6.6286287E-01
  3.8986787E-01 -2.5761878E+00 -6.6745378E-01
  3.9253516E-01 -2.5876400E+00 -6.7207614E-01
  3.9522069E-01 -2.5990051E+00 -6.7673012E-01
  3.9792459E-01 -2.6102715E+00 -6.8141591E-01
  4.0064699E-01 -2.6214267E+00 -6.8613368E-01
  4.0338801E-01 -2.6324571E+00 -6.9088362E-01
  4.0614778E-01 -2.6433487E+00 -6.9566590E-01
  4.0892642E-01 -2.6540869E+00 -7.0048072E-01
  4.1172407E-01 -2.6646570E+00 -7.0532823E-01
  4.1454085E-01 -2.6750441E+00 -7.1020863E-01
  4.1737690E-01 -2.6852334E+00 -7.1512210E-01
  4.2023235E-01 -2.6952102E+00 -7.2006880E-01
  4.2310733E-01 -2.7049605E+00 -7.2504891E-01
  4.2600197E-01 -2.7144702E+00 -7.3006261E-01
  4.2891641E-01 -2.7237263E+00 -7.3511008E-01
  4.3185079E-01 -2.7327162E+00 -7.4019148E-01
  4.3480523E-01 -2.7414279E+00 -7.4530699E-01
  4.3777989E-01 -2.7498504E+00 -7.5045677E-01
  4.4077489E-01 -2.7579733E+00 -7.5564100E-01
  4.4379038E-01 -2.7657871E+00 -7.6085984E-01
  4.4682649E-01 -2.7732831E+00 -7.6611346E-01
  4.4988337E-01 -2.7804533E+00 -7.7140203E-01
  4.5296115E-01 -2.7872907E+00 -7.7672570E-01
  4.5605999E-01 -2.7937889E+00 -7.8208463E-01
  4.5918003E-01 -2.7999424E+00 -7.8747899E-01
  4.6232140E-01 -2.8057464E+00 -7.9290893E-01
  4.6548426E-01 -2.8111968E+00 -7.9837460E-01
  4.6866876E-01 -2.8162902E+00 -8.0387616E-01
  4.7187503E-01 -2.8210237E+00 -8.0941376E-01
  4.7510324E-01 -2.8253952E+00 -8.1498755E-01
  4.7835353E-01 -2.8294030E+00 -8.2059767E-01
  4.8162604E-01 -2.8330461E+00 -8.2624426E-01
  4.8492095E-01 -2.8363239E+00 -8.3192746E-01
  4.8823838E-01 -2.8392363E+00 -8.3764741E-01
  4.9157851E-01 -2.8417837E+00 -8.4340424E-01
  4.9494149E-01 -2.8439668E+00 -8.4919809E-01
  4.9832746E-01 -2.8457868E+00 -8.5502908E-01
  5.0173660E-01 -2.8472453E+00 -8.6089733E-01
  5.0516906E-01 -2.8483442E+00 -8.6680297E-01
  5.0862499E-01 -2.8490857E+00 -8.7274611E-01
  5.1210456E-01 -2.8494724E+00 -8.7872687E-01
  5.1560793E-01 -2.8495072E+00 -8.8474535E-01
  5.1913526E-01 -2.8491931E+00 -8.9080166E-01
  5.2268672E-01 -2.8485337E+00 -8.9689589E-01
  5.2626247E-01 -2.8475327E+00 -9.0302815E-01
  5.2986268E-01 -2.8461941E+00 -9.0919853E-01
  5.3348751E-01 -2.8445220E+00 -9.1540711E-01
  5.3713714E-01 -2.8425210E+00 -9.2165397E-01
  5.4081173E-01 -2.8401958E+00 -9.2793920E-01
  5.4451145E-01 -2.8375513E+00 -9.3426286E-01
  5.4823648E-01 -2.8345928E+00 -9.4062502E-01
  5.5198698E-01 -2.8313257E+00 -9.4702573E-01
  5.5576314E-01 -2.8277556E+00 -9.5346507E-01
  5.5956513E-01 -2.8238884E+00 -9.5994306E-01
  5.6339312E-01 -2.8197302E+00 -9.6645976E-01
  5.6724730E-01 -2.8152873E+00 -9.7301520E-01
  5.7112783E-01 -2.8105664E+00 -9.7960941E-01
  5.7503491E-01 -2.8055740E+00 -9.8624241E-01
  5.7896872E-01 -2.8003172E+00 -9.9291422E-01
  5.8292943E-01 -2.7948032E+00 -9.9962484E-01
  5.8691723E-01 -2.7890395E+00 -1.0063743E+00
  5.9093231E-01 -2.7830335E+00 -1.0131625E+00
  5.9497484E-01 -2.7767931E+00 -1.0199896E+00
  5.9904503E-01 -2.7703263E+00 -1.0268554E+00
  6.0314306E-01 -2.7636414E+00 -1.0337600E+00
  6.0726912E-01 -2.7567469E+00 -1.0407032E+00
  6.1142340E-01 -2.7496512E+00 -1.0476852E+00
  6.1560610E-01 -2.7423634E+00 -1.0547057E+00
  6.1981740E-01 -2.7348923E+00 -1.0617647E+00
  6.2405751E-01 -2.7272472E+00 -1.0688622E+00
  6.2832662E-01 -2.7194376E+00 -1.0759980E+00
  6.3262493E-01 -2.7114729E+00 -1.0831721E+00
  6.3695264E-01 -2.7033630E+00 -1.0903844E+00
  6.4130995E-01 -2.6951178E+00 -1.0976347E+00
  6.4569706E-01 -2.6867473E+00 -1.1049229E+00
  6.5011419E-01 -2.6782619E+00 -1.1122489E+00
  6.5456152E-01 -2.6696719E+00 -1.1196125E+00
  6.5903927E-01 -2.6609878E+00 -1.1270135E+00
  6.6354765E-01 -2.6522204E+00 -1.1344518E+00
  6.6808687E-01 -2.6433805E+00 -1.1419272E+00
  6.7265713E-01 -2.6344789E+00 -1.1494395E+00
  6.7725866E-01 -2.6255267E+00 -1.1569884E+00
  6.8189165E-01 -2.6165350E+00 -1.1645738E+00
  6.8655634E-01 -2.6075150E+00 -1.1721953E+00
  6.9125293E-01 -2.5984780E+00 -1.1798528E+00
  6.9598165E-01 -2.5894353E+00 -1.1875459E+00
  7.0074271E-01 -2.5803983E+00 -1.1952744E+00
  7.0553633E-01 -2.5713783E+00 -1.2030380E+00
  7.1036275E-01 -2.5623867E+00 -1.2108363E+00
  7.1522217E-01 -2.5534350E+00 -1.2186689E+00
  7.2011483E-01 -2.5445344E+00 -1.2265357E+00
  7.2504096E-01 -2.5356964E+00 -1.2344361E+00
  7.3000078E-01 -2.5269320E+00 -1.2423699E+00
  7.3499452E-01 -2.5182526E+00 -1.2503365E+00
  7.4002243E-01 -2.5096691E+00 -1.2583356E+00
  7.4508472E-01 -2.5011923E+00 -1.2663667E+00
  7.5018164E-01 -2.4928331E+00 -1.2744293E+00
  7.5531341E-01 -2.4846019E+00 -1.2825231E+00
  7.6048029E-01 -2.4765090E+00 -1.2906474E+00
  7.6568251E-01 -2.4685643E+00 -1.2988018E+00
  7.7092032E-01 -2.4607776E+00 -1.3069857E+00
  7.7619394E-01 -2.4531583E+00 -1.3151986E+00
  7.8150364E-01 -2.4457153E+00 -1.3234399E+00
  7.8684966E-01 -2.4384571E+00 -1.3317089E+00
  7.9223224E-01 -2.4313920E+00 -1.3400050E+00
  7.9765164E-01 -2.4245274E+00 -1.3483276E+00
  8.0310811E-01 -2.4178704E+00 -1.3566760E+00
  8.0860190E-01 -2.4114274E+00 -1.3650496E+00
  8.1413326E-01 -2.4052043E+00 -1.3734475E+00
  8.1970246E-01 -2.3992062E+00 -1.3818690E+00
  8.2530975E-01 -2.3934375E+00 -1.3903134E+00
  8.3095539E-01 -2.3879020E+00 -1.3987799E+00
  8.3663965E-01 -2.3826024E+00 -1.4072675E+00
  8.4236279E-01 -2.3775409E+00 -1.4157756E+00
  8.4812507E-01 -2.3727187E+00 -1.4243031E+00
  8.5392677E-01 -2.3681361E+00 -1.4328492E+00
  8.5976815E-01 -2.3637927E+00 -1.4414130E+00
  8.6564948E-01 -2.3596872E+00 -1.4499934E+00
  8.7157104E-01 -2.3558172E+00 -1.4585895E+00
  8.7753310E-01 -2.3521796E+00 -1.4672002E+00
  8.8353595E-01 -2.3487705E+00 -1.4758245E+00
  8.8957985E-01 -2.3455850E+00 -1.4844613E+00
  8.9566509E-01 -2.3426177E+00 -1.4931095E+00
  9.0179195E-01 -2.3398620E+00 -1.5017679E+00
  9.0796072E-01 -2.3373109E+00 -1.5104354E+00
  9.1417168E-01 -2.3349568E+00 -1.5191107E+00
  9.2042513E-01 -2.3327913E+00 -1.5277925E+00
  9.2672135E-01 -2.3308054E+00 -1.5364797E+00
  9.3306063E-01 -2.3289898E+00 -1.5451708E+00
  9.3944327E-01 -2.3273347E+00 -1.5538645E+00
  9.4586957E-01 -2.3258300E+00 -1.5625594E+00
  9.5233982E-01 -2.3244652E+00 -1.5712541E+00
  9.5885433E-01 -2.3232296E+00 -1.5799471E+00
  9.6541340E-01 -2.3221126E+00 -1.5886369E+00
  9.7201733E-01 -2.3211031E+00 -1.5973220E+00
  9.7866643E-01 -2.3201902E+00 -1.6060008E+00
  9.8536100E-01 -2.3193629E+00 -1.6146716E+00
  9.9210137E-01 -2.3186104E+00 -1.6233328E+00
  9.9888784E-01 -2.3179220E+00 -1.6319827E+00
  1.0057207E+00 -2.3172868E+00 -1.6406195E+00
  1.0126004E+00 -2.3166946E+00 -1.6492415E+00
  1.0195270E+00 -2.3161350E+00 -1.6578468E+00
  1.0265011E+00 -2.3155979E+00 -1.6664335E+00
  1.0335229E+00 -2.3150737E+00 -1.6749997E+00
  1.0405926E+00 -2.3145527E+00 -1.6835434E+00
  1.0477108E+00 -2.3140256E+00 -1.6920626E+00
  1.0548776E+00 -2.3134835E+00 -1.7005552E+00
  1.0620935E+00 -2.3129176E+00 -1.7090191E+00
  1.0693587E+00 -2.3123195E+00 -1.7174521E+00
  1.0766736E+00 -2.3116810E+00 -1.7258519E+00
  1.0840385E+00 -2.3109943E+00 -1.7342163E+00
  1.0914538E+00 -2.3102516E+00 -1.7425429E+00
  1.0989198E+00 -2.3094458E+00 -1.7508293E+00
  1.1064369E+00 -2.3085697E+00 -1.7590730E+00
  1.1140054E+00 -2.3076165E+00 -1.7672715E+00
  1.1216257E+00 -2.3065797E+00 -1.7754220E+00
  1.1292981E+00 -2.3054530E+00 -1.7835221E+00
  1.1370230E+00 -2.3042303E+00 -1.7915688E+00
  1.1448007E+00 -2.3029059E+00 -1.7995594E+00
  1.1526316E+00 -2.3014741E+00 -1.8074909E+00
  1.1605161E+00 -2.2999296E+00 -1.8153602E+00
  1.1684545E+00 -2.2982674E+00 -1.8231644E+00
  1.1764472E+00 -2.2964826E+00 -1.8309002E+00
  1.1844946E+00 -2.2945705E+00 -1.8385643E+00
  1.1925970E+00 -2.2925268E+00 -1.8461532E+00
  1.2007548E+00 -2.2903472E+00 -1.8536636E+00
  1.2089684E+00 -2.2880277E+00 -1.8610916E+00
  1.2172382E+00 -2.2855647E+00 -1.8684336E+00
  1.2255646E+00 -2.2829544E+00 -1.8756857E+00
  1.2339479E+00 -2.2801938E+00 -1.8828438E+00
  1.2423886E+00 -2.2772795E+00 -1.8899038E+00
  1.2508870E+00 -2.2742087E+00 -1.8968613E+00
  1.2594435E+00 -2.2709787E+00 -1.9037118E+00
  1.2680586E+00 -2.2675870E+00 -1.9104506E+00
  1.2767325E+00 -2.2640314E+00 -1.9170730E+00
  1.2854658E+00 -2.2603097E+00 -1.9235737E+00
  1.2942589E+00 -2.2564201E+00 -1.9299477E+00
  1.3031120E+00 -2.2523608E+00 -1.9361894E+00
  1.3120258E+00 -2.2481306E+00 -1.9422931E+00
  1.3210005E+00 -2.2437279E+00 -1.9482530E+00
  1.3300366E+00 -2.2391519E+00 -1.9540629E+00
  1.3391345E+00 -2.2344015E+00 -1.9597163E+00
  1.3482946E+00 -2.2294762E+00 -1.9652067E+00
  1.3575174E+00 -2.2243754E+00 -1.9705270E+00
  1.3668032E+00 -2.2190988E+00 -1.9756701E+00
  1.3761526E+00 -2.2136462E+00 -1.9806284E+00
  1.3855659E+00 -2.2080179E+00 -1.9853942E+00
  1.3950436E+00 -2.2022139E+00 -1.9899593E+00
  1.4045862E+00 -2.1962348E+00 -1.9943152E+00
  1.4141940E+00 -2.1900812E+00 -1.9984533E+00
  1.4238675E+00 -2.1837539E+00 -2.0023646E+00
  1.4336072E+00 -2.1772539E+00 -2.0060395E+00
  1.4434135E+00 -2.1705823E+00 -2.0094685E+00
  1.4532868E+00 -2.1637406E+00 -2.0126415E+00
  1.4632277E+00 -2.1567301E+00 -2.0155482E+00
  1.4732366E+00 -2.1495527E+00 -2.0181782E+00
  1.4833140E+00 -2.1422102E+00 -2.0205204E+00
  1.4934603E+00 -2.1347048E+00 -2.0225638E+00
  1.5036760E+00 -2.1270386E+00 -2.0242970E+00
  1.5139615E+00 -2.1192141E+00 -2.0257085E+00
  1.5243174E+00 -2.1112338E+00 -2.0267866E+00
  1.5347442E+00 -2.1031007E+00 -2.0275194E+00
  1.5452422E+00 -2.0948177E+00 -2.0278950E+00
  1.5558121E+00 -2.0863879E+00 -2.0279016E+00
  1.5664543E+00 -2.0778147E+00 -2.0275271E+00
  1.5771692E+00 -2.0691017E+00 -2.0267600E+00
  1.5879575E+00 -2.0602525E+00 -2.0255886E+00
  1.5988195E+00 -2.0512710E+00 -2.0240017E+00
  1.6097558E+00 -2.0421615E+00 -2.0219884E+00
  1.6207670E+00 -2.0329281E+00 -2.0195385E+00
  1.6318534E+00 -2.0235755E+00 -2.0166421E+00
  1.6430157E+00 -2.0141081E+00 -2.0132904E+00
  1.6542543E+00 -2.0045310E+00 -2.0094753E+00
  1.6655698E+00 -1.9948491E+00 -2.0051898E+00
  1.6769627E+00 -1.9850678E+00 -2.0004280E+00
  1.6884335E+00 -1.9751924E+00 -1.9951856E+00
  1.6999828E+00 -1.9652286E+00 -1.9894595E+00
  1.7116110E+00 -1.9551822E+00 -1.9832487E+00
  1.7233188E+00 -1.9450591E+00 -1.9765536E+00
  1.7351067E+00 -1.9348656E+00 -1.9693769E+00
  1.7469752E+00 -1.9246080E+00 -1.9617233E+00
  1.7589249E+00 -1.9142927E+00 -1.9535998E+00
  1.7709563E+00 -1.9039264E+00 -1.9450160E+00
  1.7830700E+00 -1.8935160E+00 -1.9359838E+00
  1.7952666E+00 -1.8830682E+00 -1.9265176E+00
  1.8075466E+00 -1.8725902E+00 -1.9166347E+00
  1.8199106E+00 -1.8620891E+00 -1.9063547E+00
  1.8323591E+00 -1.8515724E+00 -1.8957000E+00
  1.8448928E+00 -1.8410472E+00 -1.8846954E+00
  1.8575123E+00 -1.8305211E+00 -1.8733683E+00
  1.8702180E+00 -1.8200016E+00 -1.8617482E+00
  1.8830107E+00 -1.8094964E+00 -1.8498669E+00
  1.8958908E+00 -1.7990129E+00 -1.8377580E+00
  1.9088591E+00 -1.7885590E+00 -1.8254569E+00
  1.9219160E+00 -1.7781422E+00 -1.8130003E+00
  1.9350623E+00 -1.7677703E+00 -1.8004262E+00
  1.9482984E+00 -1.7574510E+00 -1.7877738E+00
  1.9616251E+00 -1.7471920E+00 -1.7750827E+00
  1.9750430E+00 -1.7370009E+00 -1.7623932E+00
  1.9885526E+00 -1.7268854E+00 -1.7497456E+00
  2.0021547E+00 -1.7168532E+00 -1.7371805E+00
  2.0158497E+00 -1.7069120E+00 -1.7247382E+00
  2.0296385E+00 -1.6970693E+00 -1.7124585E+00
  2.0435216E+00 -1.6873328E+00 -1.7003805E+00
  2.0574996E+00 -1.6777101E+00 -1.6885423E+00
  2.0715732E+00 -1.6682090E+00 -1.6769803E+00
  2.0857431E+00 -1.6588372E+00 -1.6657291E+00
  2.1000099E+00 -1.6496025E+00 -1.6548201E+00
  2.1143743E+00 -1.6405127E+00 -1.6442810E+00
  2.1288369E+00 -1.6315758E+00 -1.6341345E+00
  2.1433985E+00 -1.6228000E+00 -1.6243962E+00
  2.1580596E+00 -1.6141936E+00 -1.6150735E+00
  2.1728211E+00 -1.6057649E+00 -1.6061623E+00
  2.1876835E+00 -1.5975226E+00 -1.5976453E+00
  2.2026475E+00 -1.5894756E+00 -1.5894887E+00
  2.2177140E+00 -1.5816328E+00 -1.5816278E+00
  2.2328834E+00 -1.5740035E+00 -1.5740013E+00
  2.2481566E+00 -1.5665972E+00 -1.5665978E+00
  2.2635343E+00 -1.5594233E+00 -1.5594238E+00
  2.2790172E+00 -1.5524915E+00 -1.5524910E+00
  2.2946060E+00 -1.5458115E+00 -1.5458116E+00
  2.3103014E+00 -1.5393931E+00 -1.5393931E+00
  2.3261041E+00 -1.5332459E+00 -1.5332459E+00
  2.3420149E+00 -1.5273790E+00 -1.5273790E+00
  2.3580346E+00 -1.5218017E+00 -1.5218017E+00
  2.3741638E+00 -1.5165224E+00 -1.5165224E+00
  2.3904034E+00 -1.5115491E+00 -1.5115491E+00
  2.4067540E+00 -1.5068888E+00 -1.5068888E+00
  2.4232165E+00 -1.5025478E+00 -1.5025478E+00
  2.4397916E+00 -1.4985312E+00 -1.4985312E+00
  2.4564800E+00 -1.4948427E+00 -1.4948427E+00
  2.4732826E+00 -1.4914848E+00 -1.4914848E+00
  2.4902001E+00 -1.4884584E+00 -1.4884584E+00
  2.5072333E+00 -1.4857627E+00 -1.4857627E+00
  2.5243831E+00 -1.4833952E+00 -1.4833952E+00
  2.5416501E+00 -1.4813516E+00 -1.4813516E+00
  2.5590352E+00 -1.4796260E+00 -1.4796260E+00
  2.5765393E+00 -1.4782104E+00 -1.4782104E+00
  2.5941631E+00 -1.4770953E+00 -1.4770953E+00
  2.6119074E+00 -1.4762695E+00 -1.4762695E+00
  2.6297731E+00 -1.4757202E+00 -1.4757202E+00
  2.6477610E+00 -1.4754335E+00 -1.4754335E+00
  2.6658719E+00 -1.4753939E+00 -1.4753939E+00
  2.6841067E+00 -1.4755854E+00 -1.4755854E+00
  2.7024662E+00 -1.4759908E+00 -1.4759908E+00
  2.7209513E+00 -1.4765926E+00 -1.4765926E+00
  2.7395628E+00 -1.4773728E+00 -1.4773728E+00
  2.7583016E+00 -1.4783135E+00 -1.4783135E+00
  2.7771686E+00 -1.4793966E+00 -1.4793966E+00
  2.7961647E+00 -1.4806045E+00 -1.4806045E+00
  2.8152907E+00 -1.4819199E+00 -1.4819199E+00
  2.8345474E+00 -1.4833263E+00 -1.4833263E+00
  2.8539360E+00 -1.4848075E+00 -1.4848075E+00
  2.8734571E+00 -1.4863485E+00 -1.4863485E+00
  2.8931117E+00 -1.4879350E+00 -1.4879350E+00
  2.9129008E+00 -1.4895536E+00 -1.4895536E+00
  2.9328252E+00 -1.4911919E+00 -1.4911919E+00
  2.9528859E+00 -1.4928384E+00 -1.4928384E+00
  2.9730839E+00 -1.4944826E+00 -1.4944826E+00
  2.9934199E+00 -1.4961149E+00 -1.4961149E+00
  3.0138951E+00 -1.4977264E+00 -1.4977264E+00
  3.0345103E+00 -1.4993092E+00 -1.4993092E+00
  3.0552665E+00 -1.5008560E+00 -1.5008560E+00
  3.0761647E+00 -1.5023603E+00 -1.5023603E+00
  3.0972059E+00 -1.5038163E+00 -1.5038163E+00
  3.1183909E+00 -1.5052185E+00 -1.5052185E+00
  3.1397209E+00 -1.5065620E+00 -1.5065620E+00
  3.1611967E+00 -1.5078424E+00 -1.5078424E+00
  3.1828195E+00 -1.5090557E+00 -1.5090557E+00
  3.2045901E+00 -1.5101980E+00 -1.5101980E+00
  3.2265096E+00 -1.5112659E+00 -1.5112659E+00
  3.2485791E+00 -1.5122560E+00 -1.5122560E+00
  3.2707995E+00 -1.5131651E+00 -1.5131651E+00
  3.2931719E+00 -1.5139904E+00 -1.5139904E+00
  3.3156973E+00 -1.5147288E+00 -1.5147288E+00
  3.3383768E+00 -1.5153775E+00 -1.5153775E+00
  3.3612115E+00 -1.5159337E+00 -1.5159337E+00
  3.3842023E+00 -1.5163945E+00 -1.5163945E+00
  3.4073503E+00 -1.5167573E+00 -1.5167573E+00
  3.4306567E+00 -1.5170192E+00 -1.5170192E+00
  3.4541225E+00 -1.5171773E+00 -1.5171773E+00
  3.4777488E+00 -1.5172287E+00 -1.5172287E+00
  3.5015367E+00 -1.5171706E+00 -1.5171706E+00
  3.5254873E+00 -1.5169999E+00 -1.5169999E+00
  3.5496017E+00 -1.5167135E+00 -1.5167135E+00
  3.5738811E+00 -1.5163083E+00 -1.5163083E+00
  3.5983265E+00 -1.5157811E+00 -1.5157811E+00
  3.6229392E+00 -1.5151285E+00 -1.5151285E+00
  3.6477202E+00 -1.5143471E+00 -1.5143471E+00
  3.6726706E+00 -1.5134335E+00 -1.5134335E+00
  3.6977918E+00 -1.5123841E+00 -1.5123841E+00
  3.7230847E+00 -1.5111951E+00 -1.5111951E+00
  3.7485507E+00 -1.5098627E+00 -1.5098627E+00
  3.7741908E+00 -1.5083830E+00 -1.5083830E+00
  3.8000064E+00 -1.5067520E+00 -1.5067520E+00
  3.8259984E+00 -1.5049656E+00 -1.5049656E+00
  3.8521683E+00 -1.5030194E+00 -1.5030194E+00
  3.8785172E+00 -1.5009091E+00 -1.5009091E+00
  3.9050463E+00 -1.4986303E+00 -1.4986303E+00
  3.9317568E+00 -1.4961782E+00 -1.4961782E+00
  3.9586501E+00 -1.4935482E+00 -1.4935482E+00
  3.9857273E+00 -1.4907355E+00 -1.4907355E+00
  4.0129897E+00 -1.4877351E+00 -1.4877351E+00
  4.0404385E+00 -1.4845420E+00 -1.4845420E+00
  4.0680751E+00 -1.4811512E+00 -1.4811512E+00
  4.0959008E+00 -1.4775574E+00 -1.4775574E+00
  4.1239167E+00 -1.4737555E+00 -1.4737555E+00
  4.1521243E+00 -1.4697403E+00 -1.4697403E+00
  4.1805249E+00 -1.4655066E+00 -1.4655066E+00
  4.2091196E+00 -1.4610491E+00 -1.4610491E+00
  4.2379100E+00 -1.4563628E+00 -1.4563628E+00
  4.2668973E+00 -1.4514427E+00 -1.4514427E+00
  4.2960828E+00 -1.4462839E+00 -1.4462839E+00
  4.3254680E+00 -1.4408818E+00 -1.4408818E+00
  4.3550542E+00 -1.4352320E+00 -1.4352320E+00
  4.3848427E+00 -1.4293304E+00 -1.4293304E+00
  4.4148350E+00 -1.4231733E+00 -1.4231733E+00
  4.4450324E+00 -1.4167574E+00 -1.4167574E+00
  4.4754364E+00 -1.4100799E+00 -1.4100799E+00
  4.5060483E+00 -1.4031387E+00 -1.4031387E+00
  4.5368696E+00 -1.3959320E+00 -1.3959320E+00
  4.5679017E+00 -1.3884590E+00 -1.3884590E+00
  4.5991461E+00 -1.3807197E+00 -1.3807197E+00
  4.6306042E+00 -1.3727147E+00 -1.3727147E+00
  4.6622774E+00 -1.3644456E+00 -1.3644456E+00
  4.6941673E+00 -1.3559150E+00 -1.3559150E+00
  4.7262753E+00 -1.3471264E+00 -1.3471264E+00
  4.7586029E+00 -1.3380846E+00 -1.3380846E+00
  4.7911517E+00 -1.3287951E+00 -1.3287951E+00
  4.8239230E+00 -1.3192648E+00 -1.3192648E+00
  4.8569186E+00 -1.3095016E+00 -1.3095016E+00
  4.8901398E+00 -1.2995144E+00 -1.2995144E+00
  4.9235882E+00 -1.2893135E+00 -1.2893135E+00
  4.9572654E+00 -1.2789099E+00 -1.2789099E+00
  4.9911730E+00 -1.2683160E+00 -1.2683160E+00
  5.0253125E+00 -1.2575449E+00 -1.2575449E+00
  5.0596854E+00 -1.2466108E+00 -1.2466108E+00
  5.0942935E+00 -1.2355287E+00 -1.2355287E+00
  5.1291383E+00 -1.2243143E+00 -1.2243143E+00
  5.1642215E+00 -1.2129842E+00 -1.2129842E+00
  5.1995446E+00 -1.2015552E+00 -1.2015552E+00
  5.2351093E+00 -1.1900450E+00 -1.1900450E+00
  5.2709173E+00 -1.1784712E+00 -1.1784712E+00
  5.3069702E+00 -1.1668520E+00 -1.1668520E+00
  5.3432696E+00 -1.1552055E+00 -1.1552055E+00
  5.3798174E+00 -1.1435499E+00 -1.1435499E+00
  5.4166152E+00 -1.1319032E+00 -1.1319032E+00
  5.4536646E+00 -1.1202833E+00 -1.1202833E+00
  5.4909674E+00 -1.1087074E+00 -1.1087074E+00
  5.5285254E+00 -1.0971927E+00 -1.0971927E+00
  5.5663403E+00 -1.0857554E+00 -1.0857554E+00
  5.6044139E+00 -1.0744115E+00 -1.0744115E+00
  5.6427478E+00 -1.0631759E+00 -1.0631759E+00
  5.6813440E+00 -1.0520628E+00 -1.0520628E+00
  5.7202041E+00 -1.0410856E+00 -1.0410856E+00
  5.7593300E+00 -1.0302566E+00 -1.0302566E+00
  5.7987236E+00 -1.0195872E+00 -1.0195872E+00
  5.8383866E+00 -1.0090879E+00 -1.0090879E+00
  5.8783209E+00 -9.9876780E-01 -9.9876780E-01
  5.9185283E+00 -9.8863521E-01 -9.8863521E-01
  5.9590107E+00 -9.7869720E-01 -9.7869720E-01
  5.9997701E+00 -9.6895975E-01 -9.6895975E-01
  6.0408082E+00 -9.5942772E-01 -9.5942772E-01
  6.0821270E+00 -9.5010487E-01 -9.5010487E-01
  6.1237285E+00 -9.4099385E-01 -9.4099385E-01
  6.1656144E+00 -9.3209623E-01 -9.3209623E-01
  6.2077869E+00 -9.2341253E-01 -9.2341253E-01
  6.2502478E+00 -9.1494224E-01 -9.1494224E-01
  6.2929992E+00 -9.0668386E-01 -9.0668386E-01
  6.3360430E+00 -8.9863491E-01 -8.9863491E-01
  6.3793811E+00 -8.9079204E-01 -8.9079204E-01
  6.4230157E+00 -8.8315098E-01 -8.8315098E-01
  6.4669488E+00 -8.7570665E-01 -8.7570665E-01
  6.5111823E+00 -8.6845321E-01 -8.6845321E-01
  6.5557184E+00 -8.6138407E-01 -8.6138407E-01
  6.6005592E+00 -8.5449200E-01 -8.5449200E-01
  6.6457066E+00 -8.4776911E-01 -8.4776911E-01
  6.6911628E+00 -8.4120700E-01 -8.4120700E-01
  6.7369300E+00 -8.3479674E-01 -8.3479674E-01
  6.7830101E+00 -8.2852896E-01 -8.2852896E-01
  6.8294055E+00 -8.2239392E-01 -8.2239392E-01
  6.8761182E+00 -8.1638155E-01 -8.1638155E-01
  6.9231504E+00 -8.1048150E-01 -8.1048150E-01
  6.9705043E+00 -8.0468325E-01 -8.0468325E-01
  7.0181821E+00 -7.9897611E-01 -7.9897611E-01
  7.0661860E+00 -7.9334930E-01 -7.9334930E-01
  7.1145182E+00 -7.8779205E-01 -7.8779205E-01
  7.1631811E+00 -7.8229357E-01 -7.8229357E-01
  7.2121767E+00 -7.7684319E-01 -7.7684319E-01
  7.2615075E+00 -7.7143036E-01 -7.7143036E-01
  7.3111757E+00 -7.6604473E-01 -7.6604473E-01
  7.3611836E+00 -7.6067620E-01 -7.6067620E-01
  7.4115336E+00 -7.5531492E-01 -7.5531492E-01
  7.4622280E+00 -7.4995143E-01 -7.4995143E-01
  7.5132691E+00 -7.4457659E-01 -7.4457659E-01
  7.5646593E+00 -7.3918171E-01 -7.3918171E-01
  7.6164010E+00 -7.3375854E-01 -7.3375854E-01
  7.6684966E+00 -7.2829930E-01 -7.2829930E-01
  7.7209486E+00 -7.2279673E-01 -7.2279673E-01
  7.7737593E+00 -7.1724410E-01 -7.1724410E-01
  7.8269312E+00 -7.1163525E-01 -7.1163525E-01
  7.8804668E+00 -7.0596456E-01 -7.0596456E-01
  7.9343686E+00 -7.0022703E-01 -7.0022703E-01
  7.9886391E+00 -6.9441824E-01 -6.9441824E-01
  8.0432808E+00 -6.8853435E-01 -6.8853435E-01
  8.0982962E+00 -6.8257214E-01 -6.8257214E-01
  8.1536879E+00 -6.7652899E-01 -6.7652899E-01
  8.2094585E+00 -6.7040286E-01 -6.7040286E-01
  8.2656105E+00 -6.6419228E-01 -6.6419228E-01
  8.3221466E+00 -6.5789637E-01 -6.5789637E-01
  8.3790694E+00 -6.5151479E-01 -6.5151479E-01
  8.4363816E+00 -6.4504774E-01 -6.4504774E-01
  8.4940857E+00 -6.3849591E-01 -6.3849591E-01
  8.5521846E+00 -6.3186050E-01 -6.3186050E-01
  8.6106808E+00 -6.2514316E-01 -6.2514316E-01
  8.6695771E+00 -6.1834598E-01 -6.1834598E-01
  8.7288763E+00 -6.1147145E-01 -6.1147145E-01
  8.7885811E+00 -6.0452245E-01 -6.0452245E-01
  8.8486942E+00 -5.9750219E-01 -5.9750219E-01
  8.9092185E+00 -5.9041422E-01 -5.9041422E-01
  8.9701568E+00 -5.8326233E-01 -5.8326233E-01
  9.0315119E+00 -5.7605062E-01 -5.7605062E-01
  9.0932867E+00 -5.6878336E-01 -5.6878336E-01
  9.1554840E+00 -5.6146506E-01 -5.6146506E-01
  9.2181067E+00 -5.5410036E-01 -5.5410036E-01
  9.2811577E+00 -5.4669404E-01 -5.4669404E-01
  9.3446400E+00 -5.3925099E-01 -5.3925099E-01
  9.4085565E+00 -5.3177619E-01 -5.3177619E-01
  9.4729102E+00 -5.2427467E-01 -5.2427467E-01
  9.5377040E+00 -5.1675147E-01 -5.1675147E-01
  9.6029410E+00 -5.0921165E-01 -5.0921165E-01
  9.6686243E+00 -5.0166027E-01 -5.0166027E-01
  9.7347568E+00 -4.9410235E-01 -4.9410235E-01
  9.8013416E+00 -4.8654283E-01 -4.8654283E-01
  9.8683819E+00 -4.7898662E-01 -4.7898662E-01
  9.9358807E+00 -4.7143853E-01 -4.7143853E-01
  1.0003841E+01 -4.6390325E-01 -4.6390325E-01
  1.0072267E+01 -4.5638541E-01 -4.5638541E-01
  1.0141160E+01 -4.4888946E-01 -4.4888946E-01
  1.0210524E+01 -4.4141976E-01 -4.4141976E-01
  1.0280363E+01 -4.3398051E-01 -4.3398051E-01
  1.0350680E+01 -4.2657578E-01 -4.2657578E-01
  1.0421478E+01 -4.1920946E-01 -4.1920946E-01
  1.0492760E+01 -4.1188531E-01 -4.1188531E-01
  1.0564529E+01 -4.0460691E-01 -4.0460691E-01
  1.0636789E+01 -3.9737768E-01 -3.9737768E-01
  1.0709544E+01 -3.9020088E-01 -3.9020088E-01
  1.0782796E+01 -3.8307958E-01 -3.8307958E-01
  1.0856550E+01 -3.7601672E-01 -3.7601672E-01
  1.0930807E+01 -3.6901503E-01 -3.6901503E-01
  1.1005573E+01 -3.6207710E-01 -3.6207710E-01
  1.1080850E+01 -3.5520535E-01 -3.5520535E-01
  1.1156642E+01 -3.4840204E-01 -3.4840204E-01
  1.1232952E+01 -3.4166924E-01 -3.4166924E-01
  1.1309784E+01 -3.3500891E-01 -3.3500891E-01
  1.1387142E+01 -3.2842282E-01 -3.2842282E-01
  1.1465029E+01 -3.2191260E-01 -3.2191260E-01
  1.1543449E+01 -3.1547973E-01 -3.1547973E-01
  1.1622405E+01 -3.0912556E-01 -3.0912556E-01
  1.1701901E+01 -3.0285128E-01 -3.0285128E-01
  1.1781940E+01 -2.9665797E-01 -2.9665797E-01
  1.1862528E+01 -2.9054657E-01 -2.9054657E-01
  1.1943666E+01 -2.8451789E-01 -2.8451789E-01
  1.2025360E+01 -2.7857262E-01 -2.7857262E-01
  1.2107612E+01 -2.7271135E-01 -2.7271135E-01
  1.2190427E+01 -2.6693455E-01 -2.6693455E-01
  1.2273808E+01 -2.6124258E-01 -2.6124258E-01
  1.2357759E+01 -2.5563571E-01 -2.5563571E-01
  1.2442285E+01 -2.5011411E-01 -2.5011411E-01
  1.2527389E+01 -2.4467787E-01 -2.4467787E-01
  1.2613075E+01 -2.3932696E-01 -2.3932696E-01
  1.2699347E+01 -2.3406132E-01 -2.3406132E-01
  1.2786209E+01 -2.2888077E-01 -2.2888077E-01
  1.2873665E+01 -2.2378507E-01 -2.2378507E-01
  1.2961720E+01 -2.1877393E-01 -2.1877393E-01
  1.3050377E+01 -2.1384698E-01 -2.1384698E-01
  1.3139640E+01 -2.0900378E-01 -2.0900378E-01
  1.3229514E+01 -2.0424386E-01 -2.0424386E-01
  1.3320002E+01 -1.9956668E-01 -1.9956668E-01
  1.3411109E+01 -1.9497166E-01 -1.9497166E-01
  1.3502840E+01 -1.9045818E-01 -1.9045818E-01
  1.3595198E+01 -1.8602555E-01 -1.8602555E-01
  1.3688187E+01 -1.8167309E-01 -1.8167309E-01
  1.3781813E+01 -1.7740004E-01 -1.7740004E-01
  1.3876079E+01 -1.7320564E-01 -1.7320564E-01
  1.3970990E+01 -1.6908908E-01 -1.6908908E-01
  1.4066550E+01 -1.6504955E-01 -1.6504955E-01
  1.4162763E+01 -1.6108619E-01 -1.6108619E-01
  1.4259635E+01 -1.5719814E-01 -1.5719814E-01
  1.4357169E+01 -1.5338450E-01 -1.5338450E-01
  1.4455371E+01 -1.4964438E-01 -1.4964438E-01
  1.4554244E+01 -1.4597685E-01 -1.4597685E-01
  1.4653793E+01 -1.4238100E-01 -1.4238100E-01
  1.4754024E+01 -1.3885588E-01 -1.3885588E-01
  1.4854939E+01 -1.3540055E-01 -1.3540055E-01
  1.4956545E+01 -1.3201406E-01 -1.3201406E-01
  1.5058846E+01 -1.2869546E-01 -1.2869546E-01
  1.5161847E+01 -1.2544378E-01 -1.2544378E-01
  1.5265552E+01 -1.2225806E-01 -1.2225806E-01
  1.5369967E+01 -1.1913734E-01 -1.1913734E-01
  1.5475096E+01 -1.1608067E-01 -1.1608067E-01
  1.5580944E+01 -1.1308709E-01 -1.1308709E-01
  1.5687516E+01 -1.1015564E-01 -1.1015564E-01
  1.5794816E+01 -1.0728537E-01 -1.0728537E-01
  1.5902851E+01 -1.0447534E-01 -1.0447534E-01
  1.6011625E+01 -1.0172459E-01 -1.0172459E-01
  1.6121142E+01 -9.9032213E-02 -9.9032213E-02
  1.6231409E+01 -9.6397262E-02 -9.6397262E-02
  1.6342430E+01 -9.3818823E-02 -9.3818823E-02
  1.6454210E+01 -9.1295982E-02 -9.1295982E-02
  1.6566755E+01 -8.8827834E-02 -8.8827834E-02
  1.6680069E+01 -8.6413484E-02 -8.6413484E-02
  1.6794159E+01 -8.4052044E-02 -8.4052044E-02
  1.6909029E+01 -8.1742637E-02 -8.1742637E-02
  1.7024685E+01 -7.9484395E-02 -7.9484395E-02
  1.7141132E+01 -7.7276459E-02 -7.7276459E-02
  1.7258375E+01 -7.5117979E-02 -7.5117979E-02
  1.7376420E+01 -7.3008118E-02 -7.3008118E-02
  1.7495273E+01 -7.0946045E-02 -7.0946045E-02
  1.7614938E+01 -6.8930943E-02 -6.8930943E-02
  1.7735422E+01 -6.6962002E-02 -6.6962002E-02
  1.7856730E+01 -6.5038424E-02 -6.5038424E-02
  1.7978868E+01 -6.3159419E-02 -6.3159419E-02
  1.8101841E+01 -6.1324210E-02 -6.1324210E-02
  1.8225656E+01 -5.9532028E-02 -5.9532028E-02
  1.8350317E+01 -5.7782113E-02 -5.7782113E-02
  1.8475831E+01 -5.6073717E-02 -5.6073717E-02
  1.8602203E+01 -5.4406101E-02 -5.4406101E-02
  1.8729440E+01 -5.2778536E-02 -5.2778536E-02
  1.8857547E+01 -5.1190300E-02 -5.1190300E-02
  1.8986530E+01 -4.9640684E-02 -4.9640684E-02
  1.9116396E+01 -4.8128985E-02 -4.8128985E-02
  1.9247149E+01 -4.6654512E-02 -4.6654512E-02
  1.9378798E+01 -4.5216581E-02 -4.5216581E-02
  1.9511346E+01 -4.3814517E-02 -4.3814517E-02
  1.9644801E+01 -4.2447655E-02 -4.2447655E-02
  1.9779169E+01 -4.1115338E-02 -4.1115338E-02
  1.9914456E+01 -3.9816916E-02 -3.9816916E-02
  2.0050669E+01 -3.8551750E-02 -3.8551750E-02
  2.0187813E+01 -3.7319206E-02 -3.7319206E-02
  2.0325895E+01 -3.6118661E-02 -3.6118661E-02
  2.0464921E+01 -3.4949498E-02 -3.4949498E-02
  2.0604899E+01 -3.3811109E-02 -3.3811109E-02
  2.0745833E+01 -3.2702893E-02 -3.2702893E-02
  2.0887732E+01 -3.1624257E-02 -3.1624257E-02
  2.1030602E+01 -3.0574615E-02 -3.0574615E-02
  2.1174448E+01 -2.9553388E-02 -2.9553388E-02
  2.1319279E+01 -2.8560006E-02 -2.8560006E-02
  2.1465100E+01 -2.7593905E-02 -2.7593905E-02
  2.1611918E+01 -2.6654527E-02 -2.6654527E-02
  2.1759741E+01 -2.5741323E-02 -2.5741323E-02
  2.1908575E+01 -2.4853751E-02 -2.4853751E-02
  2.2058427E+01 -2.3991274E-02 -2.3991274E-02
  2.2209304E+01 -2.3153364E-02 -2.3153364E-02
  2.2361212E+01 -2.2339497E-02 -2.2339497E-02
  2.2514160E+01 -2.1549159E-02 -2.1549159E-02
  2.2668154E+01 -2.0781841E-02 -2.0781841E-02
  2.2823201E+01 -2.0037039E-02 -2.0037039E-02
  2.2979309E+01 -1.9314259E-02 -1.9314259E-02
  2.3136484E+01 -1.8613011E-02 -1.8613011E-02
  2.3294735E+01 -1.7932813E-02 -1.7932813E-02
  2.3454068E+01 -1.7273188E-02 -1.7273188E-02
  2.3614490E+01 -1.6633666E-02 -1.6633666E-02
  2.3776010E+01 -1.6013785E-02 -1.6013785E-02
  2.3938635E+01 -1.5413086E-02 -1.5413086E-02
  2.4102372E+01 -1.4831121E-02 -1.4831121E-02
  2.4267229E+01 -1.4267444E-02 -1.4267444E-02
  2.4433214E+01 -1.3721617E-02 -1.3721617E-02
  2.4600334E+01 -1.3193210E-02 -1.3193210E-02
  2.4768597E+01 -1.2681797E-02 -1.2681797E-02
  2.4938011E+01 -1.2186959E-02 -1.2186959E-02
  2.5108583E+01 -1.1708284E-02 -1.1708284E-02
  2.5280323E+01 -1.1245365E-02 -1.1245365E-02
  2.5453237E+01 -1.0797803E-02 -1.0797803E-02
  2.5627334E+01 -1.0365204E-02 -1.0365204E-02
  2.5802621E+01 -9.9471803E-03 -9.9471803E-03
  2.5979108E+01 -9.5433514E-03 -9.5433514E-03
  2.6156801E+01 -9.1533423E-03 -9.1533423E-03
  2.6335710E+01 -8.7767844E-03 -8.7767844E-03
  2.6515843E+01 -8.4133154E-03 -8.4133154E-03
  2.6697208E+01 -8.0625792E-03 -8.0625792E-03
  2.6879813E+01 -7.7242261E-03 -7.7242261E-03
  2.7063667E+01 -7.3979122E-03 -7.3979122E-03
  2.7248779E+01 -7.0833003E-03 -7.0833003E-03
  2.7435157E+01 -6.7800589E-03 -6.7800589E-03
  2.7622810E+01 -6.4878629E-03 -6.4878629E-03
  2.7811746E+01 -6.2063934E-03 -6.2063934E-03
  2.8001974E+01 -5.9353375E-03 -5.9353375E-03
  2.8193504E+01 -5.6743883E-03 -5.6743883E-03
  2.8386344E+01 -5.4232452E-03 -5.4232452E-03
  2.8580503E+01 -5.1816135E-03 -5.1816135E-03
  2.8775989E+01 -4.9492046E-03 -4.9492046E-03
  2.8972813E+01 -4.7257356E-03 -4.7257356E-03
  2.9170983E+01 -4.5109300E-03 -4.5109300E-03
  2.9370509E+01 -4.3045168E-03 -4.3045168E-03
  2.9571399E+01 -4.1062311E-03 -4.1062311E-03
  2.9773663E+01 -3.9158137E-03 -3.9158137E-03
  2.9977311E+01 -3.7330114E-03 -3.7330114E-03
  3.0182352E+01 -3.5575766E-03 -3.5575766E-03
  3.0388795E+01 -3.3892673E-03 -3.3892673E-03
  3.0596650E+01 -3.2278473E-03 -3.2278473E-03
  3.0805927E+01 -3.0730860E-03 -3.0730860E-03
  3.1016635E+01 -2.9247583E-03 -2.9247583E-03
  3.1228784E+01 -2.7826446E-03 -2.7826446E-03
  3.1442385E+01 -2.6465308E-03 -2.6465308E-03
  3.1657447E+01 -2.5162080E-03 -2.5162080E-03
  3.1873979E+01 -2.3914729E-03 -2.3914729E-03
  3.2091993E+01 -2.2721273E-03 -2.2721273E-03
  3.2311497E+01 -2.1579781E-03 -2.1579781E-03
  3.2532504E+01 -2.0488375E-03 -2.0488375E-03
  3.2755021E+01 -1.9445227E-03 -1.9445227E-03
  3.2979061E+01 -1.8448559E-03 -1.8448559E-03
  3.3204633E+01 -1.7496641E-03 -1.7496641E-03
  3.3431748E+01 -1.6587795E-03 -1.6587795E-03
  3.3660417E+01 -1.5720386E-03 -1.5720386E-03
  3.3890649E+01 -1.4892830E-03 -1.4892830E-03
  3.4122457E+01 -1.4103588E-03 -1.4103588E-03
  3.4355849E+01 -1.3351165E-03 -1.3351165E-03
  3.4590839E+01 -1.2634115E-03 -1.2634115E-03
  3.4827435E+01 -1.1951030E-03 -1.1951030E-03
  3.5065650E+01 -1.1300551E-03 -1.1300551E-03
  3.5305494E+01 -1.0681359E-03 -1.0681359E-03
  3.5546978E+01 -1.0092175E-03 -1.0092175E-03
  3.5790115E+01 -9.5317630E-04 -9.5317630E-04
  3.6034914E+01 -8.9989271E-04 -8.9989271E-04
  3.6281388E+01 -8.4925099E-04 -8.4925099E-04
  3.6529547E+01 -8.0113924E-04 -8.0113924E-04
  3.6779404E+01 -7.5544934E-04 -7.5544934E-04
  3.7030970E+01 -7.1207685E-04 -7.1207685E-04
  3.7284257E+01 -6.7092091E-04 -6.7092091E-04
  3.7539276E+01 -6.3188420E-04 -6.3188420E-04
  3.7796039E+01 -5.9487280E-04 -5.9487280E-04
  3.8054558E+01 -5.5979618E-04 -5.5979618E-04
  3.8314846E+01 -5.2656705E-04 -5.2656705E-04
  3.8576914E+01 -4.9510132E-04 -4.9510132E-04
  3.8840775E+01 -4.6531801E-04 -4.6531801E-04
  3.9106440E+01 -4.3713916E-04 -4.3713916E-04
  3.9373923E+01 -4.1048979E-04 -4.1048979E-04
  3.9643235E+01 -3.8529775E-04 -3.8529775E-04
  3.9914389E+01 -3.6149370E-04 -3.6149370E-04
  4.0187397E+01 -3.3901103E-04 -3.3901103E-04
  4.0462273E+01 -3.1778574E-04 -3.1778574E-04
  4.0739030E+01 -2.9775642E-04 -2.9775642E-04
  4.1017679E+01 -2.7886412E-04 -2.7886412E-04
  4.1298234E+01 -2.6105234E-04 -2.6105234E-04
  4.1580708E+01 -2.4426688E-04 -2.4426688E-04
  4.1865114E+01 -2.2845584E-04 -2.2845584E-04
  4.2151465E+01 -2.1356949E-04 -2.1356949E-04
  4.2439775E+01 -1.9956025E-04 -1.9956025E-04
  4.2730057E+01 -1.8638259E-04 -1.8638259E-04
  4.3022324E+01 -1.7399297E-04 -1.7399297E-04
  4.3316591E+01 -1.6234977E-04 -1.6234977E-04
  4.3612870E+01 -1.5141324E-04 -1.5141324E-04
  4.3911176E+01 -1.4114540E-04 -1.4114540E-04
  4.4211522E+01 -1.3151004E-04 -1.3151004E-04
  4.4513922E+01 -1.2247258E-04 -1.2247258E-04
  4.4818391E+01 -1.1400009E-04 -1.1400009E-04
  4.5124942E+01 -1.0606115E-04 -1.0606115E-04
  4.5433590E+01 -9.8625859E-05 -9.8625859E-05
  4.5744349E+01 -9.1665753E-05 -9.1665753E-05
  4.6057234E+01 -8.5153742E-05 -8.5153742E-05
  4.6372259E+01 -7.9064066E-05 -7.9064066E-05
  4.6689438E+01 -7.3372244E-05 -7.3372244E-05
  4.7008787E+01 -6.8055017E-05 -6.8055017E-05
  4.7330320E+01 -6.3090305E-05 -6.3090305E-05
  4.7654053E+01 -5.8457154E-05 -5.8457154E-05
  4.7980000E+01 -5.4135692E-05 -5.4135692E-05
  4.8308176E+01 -5.0107082E-05 -5.0107082E-05
  4.8638597E+01 -4.6353476E-05 -4.6353476E-05
  4.8971278E+01 -4.2857978E-05 -4.2857978E-05
  4.9306234E+01 -3.9604596E-05 -3.9604596E-05
  4.9643481E+01 -3.6578207E-05 -3.6578207E-05
  4.9983036E+01 -3.3764514E-05 -3.3764514E-05
  5.0324912E+01 -3.1150010E-05 -3.1150010E-05
  5.0669127E+01 -2.8721943E-05 -2.8721943E-05
  5.1015697E+01 -2.6468279E-05 -2.6468279E-05
  5.1364636E+01 -2.4377667E-05 -2.4377667E-05
  5.1715963E+01 -2.2439411E-05 -2.2439411E-05
  5.2069693E+01 -2.0643432E-05 -2.0643432E-05
  5.2425842E+01 -1.8980243E-05 -1.8980243E-05
  5.2784427E+01 -1.7440916E-05 -1.7440916E-05
  5.3145464E+01 -1.6017059E-05 -1.6017059E-05
  5.3508971E+01 -1.4700781E-05 -1.4700781E-05
  5.3874965E+01 -1.3484674E-05 -1.3484674E-05
  5.4243462E+01 -1.2361782E-05 -1.2361782E-05
  5.4614479E+01 -1.1325582E-05 -1.1325582E-05
  5.4988034E+01 -1.0369957E-05 -1.0369957E-05
  5.5364144E+01 -9.4891775E-06 -9.4891775E-06
  5.5742826E+01 -8.6778778E-06 -8.6778778E-06
  5.6124099E+01 -7.9310370E-06 -7.9310370E-06
  5.6507980E+01 -7.2439603E-06 -7.2439603E-06
  5.6894486E+01 -6.6122598E-06 -6.6122598E-06
  5.7283636E+01 -6.0318374E-06 -6.0318374E-06
  5.7675447E+01 -5.4988684E-06 -5.4988684E-06
  5.8069939E+01 -5.0097850E-06 -5.0097850E-06
  5.8467128E+01 -4.5612618E-06 -4.5612618E-06
  5.8867035E+01 -4.1502009E-06 -4.1502009E-06
  5.9269677E+01 -3.7737184E-06 -3.7737184E-06
  5.9675072E+01 -3.4291317E-06 -3.4291317E-06
  6.0083241E+01 -3.1139465E-06 -3.1139465E-06
  6.0494201E+01 -2.8258458E-06 -2.8258458E-06
  6.0907973E+01 -2.5626784E-06 -2.5626784E-06
  6.1324574E+01 -2.3224483E-06 -2.3224483E-06
  6.1744025E+01 -2.1033051E-06 -2.1033051E-06
  6.2166345E+01 -1.9035344E-06 -1.9035344E-06
  6.2591554E+01 -1.7215489E-06 -1.7215489E-06
  6.3019670E+01 -1.5558801E-06 -1.5558801E-06
  6.3450716E+01 -1.4051700E-06 -1.4051700E-06
  6.3884709E+01 -1.2681644E-06 -1.2681644E-06
  6.4321671E+01 -1.1437050E-06 -1.1437050E-06
  6.4761621E+01 -1.0307235E-06 -1.0307235E-06
  6.5204581E+01 -9.2823488E-07 -9.2823488E-07
  6.5650571E+01 -8.3533169E-07 -8.3533169E-07
  6.6099611E+01 -7.5117865E-07 -7.5117865E-07
  6.6551722E+01 -6.7500741E-07 -6.7500741E-07
  6.7006926E+01 -6.0611171E-07 -6.0611171E-07
  6.7465243E+01 -5.4384285E-07 -5.4384285E-07
  6.7926695E+01 -4.8760547E-07 -4.8760547E-07
  6.8391304E+01 -4.3685356E-07 -4.3685356E-07
  6.8859090E+01 -3.9108675E-07 -3.9108675E-07
  6.9330076E+01 -3.4984687E-07 -3.4984687E-07
  6.9804283E+01 -3.1271471E-07 -3.1271471E-07
  7.0281734E+01 -2.7930697E-07 -2.7930697E-07
  7.0762450E+01 -2.4927353E-07 -2.4927353E-07
  7.1246455E+01 -2.2229478E-07 -2.2229478E-07
  7.1733770E+01 -1.9807920E-07 -1.9807920E-07
  7.2224418E+01 -1.7636113E-07 -1.7636113E-07
  7.2718422E+01 -1.5689867E-07 -1.5689867E-07
  7.3215805E+01 -1.3947171E-07 -1.3947171E-07
  7.3716590E+01 -1.2388019E-07 -1.2388019E-07
  7.4220801E+01 -1.0994238E-07 -1.0994238E-07
  7.4728460E+01 -9.7493388E-08 -9.7493388E-08
  7.5239591E+01 -8.6383732E-08 -8.6383732E-08
  7.5754218E+01 -7.6477998E-08 -7.6477998E-08
  7.6272366E+01 -6.7653705E-08 -6.7653705E-08
  7.6794057E+01 -5.9800462E-08 -5.9800462E-08
  7.7319317E+01 -5.2817169E-08 -5.2817169E-08
  7.7848169E+01 -4.6616866E-08 -4.6616866E-08
  7.8380639E+01 -4.1111106E-08 -4.1111106E-08
  7.8916751E+01 -3.6223897E-08 -3.6223897E-08
  7.9456529E+01 -3.1889556E-08 -3.1889556E-08
  8.0000000E+01 -2.8048941E-08 -2.8048941E-08
