   0.0000000E+00  -3.7408361E+05   0.0000000E+00
   6.5667805E-07   1.0655586E+06   1.8506447E-27
   1.3178477E-06   1.1227984E+06   3.0017458E-26
   1.9835396E-06   9.0104199E+05   1.5405526E-25
   2.6537847E-06   8.5918869E+05   4.9360076E-25
   3.3286143E-06   8.1163107E+05   1.2217066E-24
   4.0080595E-06   7.6850568E+05   2.5683233E-24
   4.6921520E-06   7.3513436E+05   4.8239339E-24
   5.3809237E-06   7.0728732E+05   8.3433482E-24
   6.0744064E-06   6.8341006E+05   1.3549660E-23
   6.7726324E-06   6.6268261E+05   2.0938379E-23
   7.4756342E-06   6.4444906E+05   3.1081731E-23
   8.1834444E-06   6.2820463E+05   4.4633154E-23
   8.8960959E-06   6.1359806E+05   6.2331971E-23
   9.6136218E-06   6.0035774E+05   8.5008269E-23
   1.0336055E-05   5.8827156E+05   1.1358798E-22
   1.1063431E-05   5.7717176E+05   1.4909816E-22
   1.1795781E-05   5.6692341E+05   1.9267253E-22
   1.2533140E-05   5.5741660E+05   2.4555716E-22
   1.3275543E-05   5.4856072E+05   3.0911649E-22
   1.4023023E-05   5.4028025E+05   3.8483952E-22
   1.4775617E-05   5.3251169E+05   4.7434628E-22
   1.5533358E-05   5.2520115E+05   5.7939453E-22
   1.6296281E-05   5.1830257E+05   7.0188682E-22
   1.7064423E-05   5.1177626E+05   8.4387768E-22
   1.7837819E-05   5.0558782E+05   1.0075812E-21
   1.8616505E-05   4.9970729E+05   1.1953791E-21
   1.9400517E-05   4.9410835E+05   1.4098284E-21
   2.0189892E-05   4.8876786E+05   1.6536705E-21
   2.0984665E-05   4.8366529E+05   1.9298397E-21
   2.1784875E-05   4.7878240E+05   2.2414721E-21
   2.2590558E-05   4.7410293E+05   2.5919158E-21
   2.3401752E-05   4.6961227E+05   2.9847402E-21
   2.4218494E-05   4.6529730E+05   3.4237465E-21
   2.5040823E-05   4.6114618E+05   3.9129783E-21
   2.5868776E-05   4.5714819E+05   4.4567326E-21
   2.6702393E-05   4.5329360E+05   5.0595717E-21
   2.7541711E-05   4.4957355E+05   5.7263343E-21
   2.8386770E-05   4.4597996E+05   6.4621486E-21
   2.9237609E-05   4.4250543E+05   7.2724449E-21
   3.0094267E-05   4.3914318E+05   8.1629689E-21
   3.0956785E-05   4.3588696E+05   9.1397953E-21
   3.1825203E-05   4.3273104E+05   1.0209342E-20
   3.2699560E-05   4.2967011E+05   1.1378387E-20
   3.3579898E-05   4.2669927E+05   1.2654079E-20
   3.4466257E-05   4.2381398E+05   1.4043959E-20
   3.5358679E-05   4.2101003E+05   1.5555973E-20
   3.6257205E-05   4.1828350E+05   1.7198490E-20
   3.7161876E-05   4.1563073E+05   1.8980322E-20
   3.8072736E-05   4.1304834E+05   2.0910739E-20
   3.8989825E-05   4.1053314E+05   2.2999489E-20
   3.9913187E-05   4.0808216E+05   2.5256821E-20
   4.0842865E-05   4.0569262E+05   2.7693500E-20
   4.1778902E-05   4.0336192E+05   3.0320833E-20
   4.2721341E-05   4.0108761E+05   3.3150688E-20
   4.3670226E-05   3.9886738E+05   3.6195519E-20
   4.4625602E-05   3.9669907E+05   3.9468387E-20
   4.5587512E-05   3.9458065E+05   4.2982987E-20
   4.6556001E-05   3.9251019E+05   4.6753671E-20
   4.7531115E-05   3.9048588E+05   5.0795476E-20
   4.8512898E-05   3.8850600E+05   5.5124151E-20
   4.9501396E-05   3.8656892E+05   5.9756182E-20
   5.0496656E-05   3.8467312E+05   6.4708826E-20
   5.1498723E-05   3.8281714E+05   7.0000137E-20
   5.2507644E-05   3.8099960E+05   7.5648998E-20
   5.3523466E-05   3.7921919E+05   8.1675155E-20
   5.4546236E-05   3.7747466E+05   8.8099247E-20
   5.5576002E-05   3.7576484E+05   9.4942845E-20
   5.6612811E-05   3.7408859E+05   1.0222848E-19
   5.7656711E-05   3.7244485E+05   1.0997970E-19
   5.8707752E-05   3.7083259E+05   1.1822106E-19
   5.9765982E-05   3.6925085E+05   1.2697823E-19
   6.0831450E-05   3.6769869E+05   1.3627799E-19
   6.1904205E-05   3.6617523E+05   1.4614826E-19
   6.2984298E-05   3.6467962E+05   1.5661820E-19
   6.4071779E-05   3.6321105E+05   1.6771819E-19
   6.5166697E-05   3.6176874E+05   1.7947993E-19
   6.6269105E-05   3.6035196E+05   1.9193645E-19
   6.7379053E-05   3.5896000E+05   2.0512220E-19
   6.8496593E-05   3.5759217E+05   2.1907304E-19
   6.9621777E-05   3.5624783E+05   2.3382636E-19
   7.0754657E-05   3.5492634E+05   2.4942108E-19
   7.1895286E-05   3.5362712E+05   2.6589777E-19
   7.3043716E-05   3.5234957E+05   2.8329863E-19
   7.4200001E-05   3.5109316E+05   3.0166762E-19
   7.5364195E-05   3.4985734E+05   3.2105047E-19
   7.6536353E-05   3.4864161E+05   3.4149480E-19
   7.7716527E-05   3.4744547E+05   3.6305012E-19
   7.8904774E-05   3.4626845E+05   3.8576796E-19
   8.0101148E-05   3.4511010E+05   4.0970192E-19
   8.1305705E-05   3.4396997E+05   4.3490772E-19
   8.2518501E-05   3.4284764E+05   4.6144332E-19
   8.3739592E-05   3.4174271E+05   4.8936895E-19
   8.4969036E-05   3.4065479E+05   5.1874725E-19
   8.6206888E-05   3.3958348E+05   5.4964328E-19
   8.7453208E-05   3.3852843E+05   5.8212469E-19
   8.8708052E-05   3.3748929E+05   6.1626175E-19
   8.9971479E-05   3.3646570E+05   6.5212745E-19
   9.1243547E-05   3.3545735E+05   6.8979762E-19
   9.2524317E-05   3.3446392E+05   7.2935101E-19
   9.3813846E-05   3.3348509E+05   7.7086941E-19
   9.5112196E-05   3.3252056E+05   8.1443772E-19
   9.6419426E-05   3.3157006E+05   8.6014410E-19
   9.7735598E-05   3.3063331E+05   9.0808006E-19
   9.9060772E-05   3.2971002E+05   9.5834056E-19
   1.0039501E-04   3.2879995E+05   1.0110242E-18
   1.0173837E-04   3.2790283E+05   1.0662332E-18
   1.0309093E-04   3.2701843E+05   1.1240737E-18
   1.0445273E-04   3.2614651E+05   1.1846559E-18
   1.0582385E-04   3.2528683E+05   1.2480938E-18
   1.0720434E-04   3.2443918E+05   1.3145060E-18
   1.0859428E-04   3.2360334E+05   1.3840153E-18
   1.0999373E-04   3.2277910E+05   1.4567490E-18
   1.1140275E-04   3.2196625E+05   1.5328393E-18
   1.1282140E-04   3.2116461E+05   1.6124230E-18
   1.1424976E-04   3.2037397E+05   1.6956422E-18
   1.1568789E-04   3.1959415E+05   1.7826439E-18
   1.1713585E-04   3.1882498E+05   1.8735807E-18
   1.1859372E-04   3.1806628E+05   1.9686106E-18
   1.2006156E-04   3.1731787E+05   2.0678973E-18
   1.2153944E-04   3.1657960E+05   2.1716107E-18
   1.2302743E-04   3.1585130E+05   2.2799264E-18
   1.2452559E-04   3.1513282E+05   2.3930267E-18
   1.2603401E-04   3.1442400E+05   2.5111001E-18
   1.2755274E-04   3.1372471E+05   2.6343422E-18
   1.2908186E-04   3.1303479E+05   2.7629553E-18
   1.3062143E-04   3.1235411E+05   2.8971490E-18
   1.3217154E-04   3.1168253E+05   3.0371404E-18
   1.3373225E-04   3.1101992E+05   3.1831542E-18
   1.3530364E-04   3.1036616E+05   3.3354231E-18
   1.3688577E-04   3.0972111E+05   3.4941880E-18
   1.3847872E-04   3.0908466E+05   3.6596982E-18
   1.4008258E-04   3.0845670E+05   3.8322119E-18
   1.4169740E-04   3.0783710E+05   4.0119963E-18
   1.4332326E-04   3.0722576E+05   4.1993278E-18
   1.4496025E-04   3.0662256E+05   4.3944926E-18
   1.4660843E-04   3.0602740E+05   4.5977868E-18
   1.4826789E-04   3.0544019E+05   4.8095168E-18
   1.4993869E-04   3.0486081E+05   5.0299995E-18
   1.5162093E-04   3.0428917E+05   5.2595629E-18
   1.5331467E-04   3.0372519E+05   5.4985464E-18
   1.5502000E-04   3.0316875E+05   5.7473008E-18
   1.5673699E-04   3.0261979E+05   6.0061892E-18
   1.5846572E-04   3.0207820E+05   6.2755870E-18
   1.6020628E-04   3.0154390E+05   6.5558826E-18
   1.6195874E-04   3.0101681E+05   6.8474775E-18
   1.6372319E-04   3.0049686E+05   7.1507871E-18
   1.6549971E-04   2.9998395E+05   7.4662408E-18
   1.6728838E-04   2.9947802E+05   7.7942825E-18
   1.6908928E-04   2.9897898E+05   8.1353713E-18
   1.7090250E-04   2.9848678E+05   8.4899818E-18
   1.7272813E-04   2.9800133E+05   8.8586046E-18
   1.7456624E-04   2.9752256E+05   9.2417469E-18
   1.7641692E-04   2.9705042E+05   9.6399330E-18
   1.7828026E-04   2.9658483E+05   1.0053705E-17
   1.8015635E-04   2.9612574E+05   1.0483622E-17
   1.8204527E-04   2.9567307E+05   1.0930264E-17
   1.8394711E-04   2.9522677E+05   1.1394228E-17
   1.8586195E-04   2.9478678E+05   1.1876133E-17
   1.8778990E-04   2.9435304E+05   1.2376617E-17
   1.8973103E-04   2.9392550E+05   1.2896341E-17
   1.9168544E-04   2.9350410E+05   1.3435986E-17
   1.9365321E-04   2.9308879E+05   1.3996256E-17
   1.9563445E-04   2.9267951E+05   1.4577880E-17
   1.9762923E-04   2.9227623E+05   1.5181609E-17
   1.9963766E-04   2.9187888E+05   1.5808220E-17
   2.0165983E-04   2.9148742E+05   1.6458516E-17
   2.0369583E-04   2.9110180E+05   1.7133324E-17
   2.0574576E-04   2.9072199E+05   1.7833501E-17
   2.0780970E-04   2.9034792E+05   1.8559930E-17
   2.0988777E-04   2.8997957E+05   1.9313526E-17
   2.1198004E-04   2.8961689E+05   2.0095229E-17
   2.1408663E-04   2.8925984E+05   2.0906014E-17
   2.1620763E-04   2.8890837E+05   2.1746887E-17
   2.1834313E-04   2.8856246E+05   2.2618885E-17
   2.2049324E-04   2.8822206E+05   2.3523080E-17
   2.2265806E-04   2.8788714E+05   2.4460578E-17
   2.2483768E-04   2.8755766E+05   2.5432523E-17
   2.2703221E-04   2.8723358E+05   2.6440094E-17
   2.2924175E-04   2.8691488E+05   2.7484507E-17
   2.3146641E-04   2.8660152E+05   2.8567022E-17
   2.3370628E-04   2.8629346E+05   2.9688934E-17
   2.3596147E-04   2.8599069E+05   3.0851583E-17
   2.3823209E-04   2.8569316E+05   3.2056352E-17
   2.4051824E-04   2.8540084E+05   3.3304668E-17
   2.4282002E-04   2.8511372E+05   3.4598003E-17
   2.4513755E-04   2.8483176E+05   3.5937877E-17
   2.4747093E-04   2.8455494E+05   3.7325860E-17
   2.4982027E-04   2.8428322E+05   3.8763568E-17
   2.5218568E-04   2.8401659E+05   4.0252674E-17
   2.5456726E-04   2.8375502E+05   4.1794900E-17
   2.5696514E-04   2.8349848E+05   4.3392026E-17
   2.5937942E-04   2.8324695E+05   4.5045886E-17
   2.6181021E-04   2.8300042E+05   4.6758374E-17
   2.6425763E-04   2.8275885E+05   4.8531444E-17
   2.6672179E-04   2.8252222E+05   5.0367112E-17
   2.6920280E-04   2.8229053E+05   5.2267457E-17
   2.7170078E-04   2.8206374E+05   5.4234624E-17
   2.7421585E-04   2.8184184E+05   5.6270826E-17
   2.7674812E-04   2.8162480E+05   5.8378348E-17
   2.7929771E-04   2.8141262E+05   6.0559543E-17
   2.8186474E-04   2.8120527E+05   6.2816841E-17
   2.8444933E-04   2.8100273E+05   6.5152748E-17
   2.8705160E-04   2.8080500E+05   6.7569847E-17
   2.8967166E-04   2.8061205E+05   7.0070806E-17
   2.9230965E-04   2.8042387E+05   7.2658373E-17
   2.9496568E-04   2.8024044E+05   7.5335384E-17
   2.9763987E-04   2.8006176E+05   7.8104762E-17
   3.0033236E-04   2.7988780E+05   8.0969525E-17
   3.0304326E-04   2.7971855E+05   8.3932781E-17
   3.0577271E-04   2.7955401E+05   8.6997738E-17
   3.0852082E-04   2.7939416E+05   9.0167703E-17
   3.1128773E-04   2.7923898E+05   9.3446085E-17
   3.1407357E-04   2.7908847E+05   9.6836403E-17
   3.1687846E-04   2.7894262E+05   1.0034228E-16
   3.1970254E-04   2.7880141E+05   1.0396746E-16
   3.2254593E-04   2.7866484E+05   1.0771578E-16
   3.2540877E-04   2.7853289E+05   1.1159124E-16
   3.2829119E-04   2.7840557E+05   1.1559792E-16
   3.3119333E-04   2.7828285E+05   1.1974004E-16
   3.3411532E-04   2.7816474E+05   1.2402197E-16
   3.3705729E-04   2.7805122E+05   1.2844819E-16
   3.4001939E-04   2.7794228E+05   1.3302333E-16
   3.4300174E-04   2.7783793E+05   1.3775215E-16
   3.4600450E-04   2.7773815E+05   1.4263959E-16
   3.4902779E-04   2.7764294E+05   1.4769069E-16
   3.5207176E-04   2.7755229E+05   1.5291070E-16
   3.5513656E-04   2.7746620E+05   1.5830499E-16
   3.5822231E-04   2.7738466E+05   1.6387912E-16
   3.6132917E-04   2.7730767E+05   1.6963880E-16
   3.6445728E-04   2.7723523E+05   1.7558994E-16
   3.6760679E-04   2.7716732E+05   1.8173861E-16
   3.7077784E-04   2.7710396E+05   1.8809107E-16
   3.7397058E-04   2.7704512E+05   1.9465379E-16
   3.7718516E-04   2.7699082E+05   2.0143340E-16
   3.8042172E-04   2.7694105E+05   2.0843677E-16
   3.8368042E-04   2.7689581E+05   2.1567096E-16
   3.8696141E-04   2.7685509E+05   2.2314325E-16
   3.9026485E-04   2.7681890E+05   2.3086114E-16
   3.9359087E-04   2.7678723E+05   2.3883237E-16
   3.9693965E-04   2.7676008E+05   2.4706489E-16
   4.0031133E-04   2.7673746E+05   2.5556693E-16
   4.0370608E-04   2.7671936E+05   2.6434692E-16
   4.0712404E-04   2.7670578E+05   2.7341359E-16
   4.1056538E-04   2.7669673E+05   2.8277592E-16
   4.1403026E-04   2.7669221E+05   2.9244315E-16
   4.1751884E-04   2.7669221E+05   3.0242481E-16
   4.2103128E-04   2.7669673E+05   3.1273073E-16
   4.2456774E-04   2.7670579E+05   3.2337102E-16
   4.2812840E-04   2.7671938E+05   3.3435611E-16
   4.3171340E-04   2.7673751E+05   3.4569672E-16
   4.3532293E-04   2.7676017E+05   3.5740392E-16
   4.3895715E-04   2.7678738E+05   3.6948910E-16
   4.4261622E-04   2.7681912E+05   3.8196401E-16
   4.4630033E-04   2.7685542E+05   3.9484073E-16
   4.5000963E-04   2.7689627E+05   4.0813172E-16
   4.5374430E-04   2.7694167E+05   4.2184981E-16
   4.5750452E-04   2.7699163E+05   4.3600822E-16
   4.6129045E-04   2.7704616E+05   4.5062055E-16
   4.6510228E-04   2.7710526E+05   4.6570084E-16
   4.6894019E-04   2.7716893E+05   4.8126352E-16
   4.7280434E-04   2.7723719E+05   4.9732347E-16
   4.7669492E-04   2.7731003E+05   5.1389602E-16
   4.8061212E-04   2.7738747E+05   5.3099694E-16
   4.8455611E-04   2.7746950E+05   5.4864248E-16
   4.8852707E-04   2.7755614E+05   5.6684939E-16
   4.9252520E-04   2.7764739E+05   5.8563491E-16
   4.9655067E-04   2.7774327E+05   6.0501680E-16
   5.0060367E-04   2.7784377E+05   6.2501333E-16
   5.0468440E-04   2.7794890E+05   6.4564334E-16
   5.0879304E-04   2.7805868E+05   6.6692623E-16
   5.1292978E-04   2.7817311E+05   6.8888197E-16
   5.1709482E-04   2.7829219E+05   7.1153111E-16
   5.2128834E-04   2.7841595E+05   7.3489485E-16
   5.2551055E-04   2.7854438E+05   7.5899499E-16
   5.2976163E-04   2.7867750E+05   7.8385399E-16
   5.3404180E-04   2.7881532E+05   8.0949497E-16
   5.3835123E-04   2.7895783E+05   8.3594176E-16
   5.4269015E-04   2.7910507E+05   8.6321886E-16
   5.4705874E-04   2.7925703E+05   8.9135154E-16
   5.5145721E-04   2.7941372E+05   9.2036578E-16
   5.5588577E-04   2.7957516E+05   9.5028835E-16
   5.6034462E-04   2.7974135E+05   9.8114681E-16
   5.6483396E-04   2.7991232E+05   1.0129696E-15
   5.6935402E-04   2.8008806E+05   1.0457858E-15
   5.7390498E-04   2.8026859E+05   1.0796256E-15
   5.7848708E-04   2.8045392E+05   1.1145199E-15
   5.8310052E-04   2.8064407E+05   1.1505007E-15
   5.8774551E-04   2.8083904E+05   1.1876008E-15
   5.9242227E-04   2.8103885E+05   1.2258539E-15
   5.9713102E-04   2.8124351E+05   1.2652949E-15
   6.0187198E-04   2.8145304E+05   1.3059595E-15
   6.0664537E-04   2.8166744E+05   1.3478847E-15
   6.1145140E-04   2.8188673E+05   1.3911085E-15
   6.1629031E-04   2.8211093E+05   1.4356698E-15
   6.2116232E-04   2.8234004E+05   1.4816090E-15
   6.2606765E-04   2.8257408E+05   1.5289675E-15
   6.3100653E-04   2.8281307E+05   1.5777879E-15
   6.3597919E-04   2.8305702E+05   1.6281141E-15
   6.4098586E-04   2.8330594E+05   1.6799913E-15
   6.4602678E-04   2.8355984E+05   1.7334659E-15
   6.5110218E-04   2.8381876E+05   1.7885860E-15
   6.5621229E-04   2.8408269E+05   1.8454007E-15
   6.6135736E-04   2.8435165E+05   1.9039607E-15
   6.6653761E-04   2.8462567E+05   1.9643184E-15
   6.7175330E-04   2.8490475E+05   2.0265274E-15
   6.7700467E-04   2.8518891E+05   2.0906431E-15
   6.8229195E-04   2.8547817E+05   2.1567223E-15
   6.8761539E-04   2.8577254E+05   2.2248237E-15
   6.9297525E-04   2.8607205E+05   2.2950077E-15
   6.9837177E-04   2.8637670E+05   2.3673363E-15
   7.0380520E-04   2.8668652E+05   2.4418734E-15
   7.0927579E-04   2.8700151E+05   2.5186847E-15
   7.1478380E-04   2.8732171E+05   2.5978381E-15
   7.2032949E-04   2.8764712E+05   2.6794030E-15
   7.2591310E-04   2.8797777E+05   2.7634513E-15
   7.3153491E-04   2.8831367E+05   2.8500567E-15
   7.3719517E-04   2.8865484E+05   2.9392952E-15
   7.4289415E-04   2.8900130E+05   3.0312449E-15
   7.4863210E-04   2.8935307E+05   3.1259863E-15
   7.5440930E-04   2.8971016E+05   3.2236021E-15
   7.6022602E-04   2.9007260E+05   3.3241776E-15
   7.6608252E-04   2.9044040E+05   3.4278003E-15
   7.7197908E-04   2.9081359E+05   3.5345606E-15
   7.7791597E-04   2.9119218E+05   3.6445513E-15
   7.8389347E-04   2.9157619E+05   3.7578678E-15
   7.8991186E-04   2.9196565E+05   3.8746087E-15
   7.9597141E-04   2.9236056E+05   3.9948749E-15
   8.0207240E-04   2.9276096E+05   4.1187707E-15
   8.0821513E-04   2.9316687E+05   4.2464032E-15
   8.1439987E-04   2.9357830E+05   4.3778825E-15
   8.2062691E-04   2.9399527E+05   4.5133223E-15
   8.2689654E-04   2.9441781E+05   4.6528392E-15
   8.3320906E-04   2.9484594E+05   4.7965534E-15
   8.3956476E-04   2.9527967E+05   4.9445884E-15
   8.4596392E-04   2.9571903E+05   5.0970715E-15
   8.5240686E-04   2.9616405E+05   5.2541335E-15
   8.5889386E-04   2.9661474E+05   5.4159091E-15
   8.6542524E-04   2.9707112E+05   5.5825368E-15
   8.7200129E-04   2.9753322E+05   5.7541593E-15
   8.7862231E-04   2.9800106E+05   5.9309231E-15
   8.8528863E-04   2.9847467E+05   6.1129793E-15
   8.9200054E-04   2.9895405E+05   6.3004832E-15
   8.9875836E-04   2.9943925E+05   6.4935945E-15
   9.0556240E-04   2.9993027E+05   6.6924776E-15
   9.1241298E-04   3.0042715E+05   6.8973017E-15
   9.1931042E-04   3.0092991E+05   7.1082409E-15
   9.2625503E-04   3.0143856E+05   7.3254741E-15
   9.3324714E-04   3.0195314E+05   7.5491856E-15
   9.4028708E-04   3.0247367E+05   7.7795649E-15
   9.4737517E-04   3.0300016E+05   8.0168071E-15
   9.5451175E-04   3.0353266E+05   8.2611128E-15
   9.6169713E-04   3.0407117E+05   8.5126883E-15
   9.6893167E-04   3.0461573E+05   8.7717461E-15
   9.7621568E-04   3.0516635E+05   9.0385045E-15
   9.8354952E-04   3.0572307E+05   9.3131884E-15
   9.9093352E-04   3.0628590E+05   9.5960289E-15
   9.9836802E-04   3.0685488E+05   9.8872639E-15
   1.0058534E-03   3.0743003E+05   1.0187138E-14
   1.0133899E-03   3.0801136E+05   1.0495904E-14
   1.0209780E-03   3.0859892E+05   1.0813819E-14
   1.0286180E-03   3.0919272E+05   1.1141151E-14
   1.0363103E-03   3.0979279E+05   1.1478173E-14
   1.0440552E-03   3.1039915E+05   1.1825168E-14
   1.0518530E-03   3.1101183E+05   1.2182426E-14
   1.0597042E-03   3.1163086E+05   1.2550244E-14
   1.0676091E-03   3.1225625E+05   1.2928930E-14
   1.0755680E-03   3.1288805E+05   1.3318801E-14
   1.0835814E-03   3.1352627E+05   1.3720179E-14
   1.0916496E-03   3.1417094E+05   1.4133401E-14
   1.0997730E-03   3.1482209E+05   1.4558808E-14
   1.1079520E-03   3.1547974E+05   1.4996756E-14
   1.1161869E-03   3.1614392E+05   1.5447607E-14
   1.1244781E-03   3.1681466E+05   1.5911737E-14
   1.1328260E-03   3.1749198E+05   1.6389529E-14
   1.1412310E-03   3.1817591E+05   1.6881379E-14
   1.1496936E-03   3.1886648E+05   1.7387695E-14
   1.1582140E-03   3.1956371E+05   1.7908896E-14
   1.1667926E-03   3.2026763E+05   1.8445412E-14
   1.1754300E-03   3.2097828E+05   1.8997686E-14
   1.1841264E-03   3.2169566E+05   1.9566175E-14
   1.1928823E-03   3.2241982E+05   2.0151347E-14
   1.2016981E-03   3.2315078E+05   2.0753685E-14
   1.2105742E-03   3.2388857E+05   2.1373684E-14
   1.2195110E-03   3.2463321E+05   2.2011855E-14
   1.2285090E-03   3.2538474E+05   2.2668723E-14
   1.2375685E-03   3.2614317E+05   2.3344827E-14
   1.2466899E-03   3.2690855E+05   2.4040722E-14
   1.2558738E-03   3.2768089E+05   2.4756980E-14
   1.2651204E-03   3.2846022E+05   2.5494188E-14
   1.2744303E-03   3.2924658E+05   2.6252950E-14
   1.2838039E-03   3.3003998E+05   2.7033888E-14
   1.2932416E-03   3.3084046E+05   2.7837639E-14
   1.3027438E-03   3.3164804E+05   2.8664863E-14
   1.3123111E-03   3.3246276E+05   2.9516234E-14
   1.3219437E-03   3.3328464E+05   3.0392448E-14
   1.3316423E-03   3.3411371E+05   3.1294221E-14
   1.3414072E-03   3.3494999E+05   3.2222286E-14
   1.3512389E-03   3.3579351E+05   3.3177402E-14
   1.3611378E-03   3.3664431E+05   3.4160345E-14
   1.3711045E-03   3.3750241E+05   3.5171917E-14
   1.3811393E-03   3.3836783E+05   3.6212939E-14
   1.3912427E-03   3.3924061E+05   3.7284259E-14
   1.4014153E-03   3.4012078E+05   3.8386746E-14
   1.4116574E-03   3.4100835E+05   3.9521295E-14
   1.4219696E-03   3.4190336E+05   4.0688828E-14
   1.4323523E-03   3.4280584E+05   4.1890290E-14
   1.4428061E-03   3.4371581E+05   4.3126656E-14
   1.4533313E-03   3.4463330E+05   4.4398927E-14
   1.4639285E-03   3.4555835E+05   4.5708133E-14
   1.4745982E-03   3.4649096E+05   4.7055333E-14
   1.4853409E-03   3.4743118E+05   4.8441616E-14
   1.4961571E-03   3.4837904E+05   4.9868101E-14
   1.5070473E-03   3.4933455E+05   5.1335942E-14
   1.5180119E-03   3.5029774E+05   5.2846322E-14
   1.5290515E-03   3.5126865E+05   5.4400460E-14
   1.5401667E-03   3.5224729E+05   5.5999609E-14
   1.5513579E-03   3.5323370E+05   5.7645056E-14
   1.5626256E-03   3.5422790E+05   5.9338127E-14
   1.5739704E-03   3.5522992E+05   6.1080184E-14
   1.5853928E-03   3.5623978E+05   6.2872629E-14
   1.5968933E-03   3.5725752E+05   6.4716901E-14
   1.6084724E-03   3.5828315E+05   6.6614484E-14
   1.6201308E-03   3.5931671E+05   6.8566900E-14
   1.6318689E-03   3.6035821E+05   7.0575717E-14
   1.6436873E-03   3.6140769E+05   7.2642545E-14
   1.6555866E-03   3.6246516E+05   7.4769041E-14
   1.6675672E-03   3.6353066E+05   7.6956910E-14
   1.6796298E-03   3.6460421E+05   7.9207903E-14
   1.6917748E-03   3.6568583E+05   8.1523823E-14
   1.7040030E-03   3.6677555E+05   8.3906521E-14
   1.7163148E-03   3.6787340E+05   8.6357903E-14
   1.7287108E-03   3.6897939E+05   8.8879928E-14
   1.7411915E-03   3.7009355E+05   9.1474611E-14
   1.7537577E-03   3.7121590E+05   9.4144022E-14
   1.7664098E-03   3.7234648E+05   9.6890293E-14
   1.7791484E-03   3.7348529E+05   9.9715612E-14
   1.7919742E-03   3.7463236E+05   1.0262223E-13
   1.8048877E-03   3.7578772E+05   1.0561247E-13
   1.8178895E-03   3.7695139E+05   1.0868871E-13
   1.8309803E-03   3.7812338E+05   1.1185339E-13
   1.8441606E-03   3.7930373E+05   1.1510905E-13
   1.8574310E-03   3.8049244E+05   1.1845825E-13
   1.8707922E-03   3.8168955E+05   1.2190367E-13
   1.8842448E-03   3.8289507E+05   1.2544805E-13
   1.8977894E-03   3.8410903E+05   1.2909419E-13
   1.9114267E-03   3.8533143E+05   1.3284500E-13
   1.9251572E-03   3.8656231E+05   1.3670345E-13
   1.9389816E-03   3.8780168E+05   1.4067259E-13
   1.9529006E-03   3.8904955E+05   1.4475558E-13
   1.9669149E-03   3.9030595E+05   1.4895565E-13
   1.9810249E-03   3.9157090E+05   1.5327613E-13
   1.9952315E-03   3.9284440E+05   1.5772043E-13
   2.0095352E-03   3.9412648E+05   1.6229207E-13
   2.0239368E-03   3.9541716E+05   1.6699468E-13
   2.0384369E-03   3.9671645E+05   1.7183196E-13
   2.0530361E-03   3.9802436E+05   1.7680774E-13
   2.0677353E-03   3.9934090E+05   1.8192595E-13
   2.0825349E-03   4.0066610E+05   1.8719064E-13
   2.0974358E-03   4.0199997E+05   1.9260594E-13
   2.1124386E-03   4.0334252E+05   1.9817615E-13
   2.1275440E-03   4.0469375E+05   2.0390565E-13
   2.1427528E-03   4.0605369E+05   2.0979895E-13
   2.1580655E-03   4.0742235E+05   2.1586071E-13
   2.1734830E-03   4.0879973E+05   2.2209569E-13
   2.1890060E-03   4.1018584E+05   2.2850881E-13
   2.2046351E-03   4.1158070E+05   2.3510511E-13
   2.2203711E-03   4.1298431E+05   2.4188977E-13
   2.2362148E-03   4.1439668E+05   2.4886815E-13
   2.2521668E-03   4.1581781E+05   2.5604571E-13
   2.2682280E-03   4.1724773E+05   2.6342811E-13
   2.2843990E-03   4.1868642E+05   2.7102113E-13
   2.3006806E-03   4.2013389E+05   2.7883075E-13
   2.3170735E-03   4.2159015E+05   2.8686309E-13
   2.3335786E-03   4.2305521E+05   2.9512445E-13
   2.3501966E-03   4.2452906E+05   3.0362131E-13
   2.3669283E-03   4.2601171E+05   3.1236034E-13
   2.3837743E-03   4.2750315E+05   3.2134837E-13
   2.4007357E-03   4.2900339E+05   3.3059246E-13
   2.4178130E-03   4.3051243E+05   3.4009984E-13
   2.4350071E-03   4.3203026E+05   3.4987796E-13
   2.4523189E-03   4.3355689E+05   3.5993446E-13
   2.4697490E-03   4.3509230E+05   3.7027722E-13
   2.4872984E-03   4.3663650E+05   3.8091432E-13
   2.5049678E-03   4.3818948E+05   3.9185407E-13
   2.5227580E-03   4.3975123E+05   4.0310504E-13
   2.5406700E-03   4.4132175E+05   4.1467599E-13
   2.5587044E-03   4.4290103E+05   4.2657598E-13
   2.5768622E-03   4.4448905E+05   4.3881428E-13
   2.5951442E-03   4.4608581E+05   4.5140046E-13
   2.6135513E-03   4.4769129E+05   4.6434433E-13
   2.6320842E-03   4.4930549E+05   4.7765598E-13
   2.6507439E-03   4.5092839E+05   4.9134579E-13
   2.6695313E-03   4.5255997E+05   5.0542443E-13
   2.6884471E-03   4.5420022E+05   5.1990287E-13
   2.7074924E-03   4.5584912E+05   5.3479239E-13
   2.7266678E-03   4.5750666E+05   5.5010458E-13
   2.7459745E-03   4.5917280E+05   5.6585135E-13
   2.7654132E-03   4.6084754E+05   5.8204496E-13
   2.7849849E-03   4.6253085E+05   5.9869800E-13
   2.8046904E-03   4.6422270E+05   6.1582343E-13
   2.8245307E-03   4.6592308E+05   6.3343455E-13
   2.8445067E-03   4.6763195E+05   6.5154506E-13
   2.8646194E-03   4.6934929E+05   6.7016902E-13
   2.8848696E-03   4.7107506E+05   6.8932089E-13
   2.9052583E-03   4.7280925E+05   7.0901555E-13
   2.9257865E-03   4.7455181E+05   7.2926828E-13
   2.9464551E-03   4.7630271E+05   7.5009480E-13
   2.9672650E-03   4.7806192E+05   7.7151126E-13
   2.9882173E-03   4.7982941E+05   7.9353427E-13
   3.0093129E-03   4.8160513E+05   8.1618091E-13
   3.0305528E-03   4.8338904E+05   8.3946872E-13
   3.0519380E-03   4.8518111E+05   8.6341576E-13
   3.0734695E-03   4.8698129E+05   8.8804056E-13
   3.0951482E-03   4.8878953E+05   9.1336220E-13
   3.1169752E-03   4.9060580E+05   9.3940028E-13
   3.1389515E-03   4.9243005E+05   9.6617495E-13
   3.1610781E-03   4.9426222E+05   9.9370693E-13
   3.1833560E-03   4.9610226E+05   1.0220175E-12
   3.2057863E-03   4.9795012E+05   1.0511286E-12
   3.2283701E-03   4.9980576E+05   1.0810627E-12
   3.2511083E-03   5.0166910E+05   1.1118429E-12
   3.2740020E-03   5.0354010E+05   1.1434931E-12
   3.2970524E-03   5.0541869E+05   1.1760376E-12
   3.3202603E-03   5.0730481E+05   1.2095016E-12
   3.3436271E-03   5.0919840E+05   1.2439109E-12
   3.3671536E-03   5.1109939E+05   1.2792922E-12
   3.3908411E-03   5.1300771E+05   1.3156727E-12
   3.4146906E-03   5.1492330E+05   1.3530804E-12
   3.4387032E-03   5.1684609E+05   1.3915442E-12
   3.4628801E-03   5.1877599E+05   1.4310938E-12
   3.4872223E-03   5.2071293E+05   1.4717597E-12
   3.5117310E-03   5.2265685E+05   1.5135732E-12
   3.5364074E-03   5.2460765E+05   1.5565665E-12
   3.5612525E-03   5.2656525E+05   1.6007728E-12
   3.5862676E-03   5.2852957E+05   1.6462260E-12
   3.6114538E-03   5.3050052E+05   1.6929612E-12
   3.6368122E-03   5.3247802E+05   1.7410144E-12
   3.6623441E-03   5.3446198E+05   1.7904225E-12
   3.6880506E-03   5.3645229E+05   1.8412235E-12
   3.7139330E-03   5.3844887E+05   1.8934566E-12
   3.7399924E-03   5.4045161E+05   1.9471618E-12
   3.7662300E-03   5.4246042E+05   2.0023806E-12
   3.7926471E-03   5.4447519E+05   2.0591552E-12
   3.8192448E-03   5.4649582E+05   2.1175294E-12
   3.8460245E-03   5.4852220E+05   2.1775481E-12
   3.8729874E-03   5.5055423E+05   2.2392572E-12
   3.9001347E-03   5.5259178E+05   2.3027042E-12
   3.9274677E-03   5.5463474E+05   2.3679379E-12
   3.9549876E-03   5.5668299E+05   2.4350082E-12
   3.9826958E-03   5.5873643E+05   2.5039667E-12
   4.0105935E-03   5.6079491E+05   2.5748662E-12
   4.0386820E-03   5.6285832E+05   2.6477613E-12
   4.0669626E-03   5.6492653E+05   2.7227076E-12
   4.0954366E-03   5.6699940E+05   2.7997629E-12
   4.1241054E-03   5.6907681E+05   2.8789860E-12
   4.1529703E-03   5.7115861E+05   2.9604378E-12
   4.1820327E-03   5.7324467E+05   3.0441806E-12
   4.2112938E-03   5.7533485E+05   3.1302786E-12
   4.2407550E-03   5.7742900E+05   3.2187977E-12
   4.2704178E-03   5.7952697E+05   3.3098058E-12
   4.3002834E-03   5.8162861E+05   3.4033726E-12
   4.3303534E-03   5.8373377E+05   3.4995696E-12
   4.3606290E-03   5.8584229E+05   3.5984705E-12
   4.3911117E-03   5.8795402E+05   3.7001509E-12
   4.4218028E-03   5.9006879E+05   3.8046887E-12
   4.4527039E-03   5.9218643E+05   3.9121638E-12
   4.4838164E-03   5.9430678E+05   4.0226585E-12
   4.5151417E-03   5.9642966E+05   4.1362571E-12
   4.5466812E-03   5.9855491E+05   4.2530466E-12
   4.5784364E-03   6.0068234E+05   4.3731161E-12
   4.6104089E-03   6.0281177E+05   4.4965576E-12
   4.6426000E-03   6.0494302E+05   4.6234652E-12
   4.6750113E-03   6.0707590E+05   4.7539359E-12
   4.7076444E-03   6.0921022E+05   4.8880694E-12
   4.7405006E-03   6.1134579E+05   5.0259681E-12
   4.7735815E-03   6.1348241E+05   5.1677373E-12
   4.8068887E-03   6.1561989E+05   5.3134851E-12
   4.8404237E-03   6.1775801E+05   5.4633229E-12
   4.8741881E-03   6.1989657E+05   5.6173650E-12
   4.9081835E-03   6.2203537E+05   5.7757288E-12
   4.9424114E-03   6.2417419E+05   5.9385352E-12
   4.9768733E-03   6.2631280E+05   6.1059084E-12
   5.0115710E-03   6.2845100E+05   6.2779759E-12
   5.0465061E-03   6.3058857E+05   6.4548690E-12
   5.0816800E-03   6.3272526E+05   6.6367225E-12
   5.1170946E-03   6.3486086E+05   6.8236749E-12
   5.1527514E-03   6.3699513E+05   7.0158689E-12
   5.1886520E-03   6.3912783E+05   7.2134507E-12
   5.2247983E-03   6.4125873E+05   7.4165708E-12
   5.2611917E-03   6.4338758E+05   7.6253841E-12
   5.2978341E-03   6.4551413E+05   7.8400495E-12
   5.3347271E-03   6.4763814E+05   8.0607304E-12
   5.3718725E-03   6.4975934E+05   8.2875948E-12
   5.4092719E-03   6.5187749E+05   8.5208154E-12
   5.4469272E-03   6.5399232E+05   8.7605697E-12
   5.4848399E-03   6.5610356E+05   9.0070402E-12
   5.5230121E-03   6.5821096E+05   9.2604142E-12
   5.5614453E-03   6.6031423E+05   9.5208846E-12
   5.6001413E-03   6.6241311E+05   9.7886494E-12
   5.6391021E-03   6.6450731E+05   1.0063912E-11
   5.6783293E-03   6.6659655E+05   1.0346882E-11
   5.7178248E-03   6.6868056E+05   1.0637775E-11
   5.7575905E-03   6.7075903E+05   1.0936811E-11
   5.7976282E-03   6.7283168E+05   1.1244218E-11
   5.8379397E-03   6.7489822E+05   1.1560229E-11
   5.8785270E-03   6.7695833E+05   1.1885085E-11
   5.9193919E-03   6.7901173E+05   1.2219032E-11
   5.9605362E-03   6.8105810E+05   1.2562324E-11
   6.0019620E-03   6.8309713E+05   1.2915221E-11
   6.0436712E-03   6.8512852E+05   1.3277992E-11
   6.0856656E-03   6.8715194E+05   1.3650911E-11
   6.1279472E-03   6.8916708E+05   1.4034263E-11
   6.1705181E-03   6.9117361E+05   1.4428338E-11
   6.2133801E-03   6.9317121E+05   1.4833434E-11
   6.2565353E-03   6.9515954E+05   1.5249860E-11
   6.2999857E-03   6.9713828E+05   1.5677931E-11
   6.3437333E-03   6.9910709E+05   1.6117972E-11
   6.3877801E-03   7.0106562E+05   1.6570316E-11
   6.4321282E-03   7.0301353E+05   1.7035308E-11
   6.4767796E-03   7.0495048E+05   1.7513298E-11
   6.5217364E-03   7.0687612E+05   1.8004650E-11
   6.5670007E-03   7.0879010E+05   1.8509737E-11
   6.6125746E-03   7.1069205E+05   1.9028940E-11
   6.6584602E-03   7.1258163E+05   1.9562654E-11
   6.7046597E-03   7.1445846E+05   2.0111282E-11
   6.7511752E-03   7.1632219E+05   2.0675241E-11
   6.7980088E-03   7.1817244E+05   2.1254958E-11
   6.8451628E-03   7.2000884E+05   2.1850871E-11
   6.8926393E-03   7.2183102E+05   2.2463433E-11
   6.9404405E-03   7.2363861E+05   2.3093106E-11
   6.9885687E-03   7.2543122E+05   2.3740369E-11
   7.0370261E-03   7.2720847E+05   2.4405710E-11
   7.0858149E-03   7.2896998E+05   2.5089633E-11
   7.1349374E-03   7.3071535E+05   2.5792657E-11
   7.1843959E-03   7.3244419E+05   2.6515313E-11
   7.2341927E-03   7.3415613E+05   2.7258147E-11
   7.2843301E-03   7.3585074E+05   2.8021723E-11
   7.3348104E-03   7.3752765E+05   2.8806617E-11
   7.3856360E-03   7.3918645E+05   2.9613424E-11
   7.4368093E-03   7.4082673E+05   3.0442753E-11
   7.4883325E-03   7.4244809E+05   3.1295232E-11
   7.5402082E-03   7.4405012E+05   3.2171505E-11
   7.5924387E-03   7.4563242E+05   3.3072236E-11
   7.6450265E-03   7.4719457E+05   3.3998104E-11
   7.6979739E-03   7.4873615E+05   3.4949810E-11
   7.7512835E-03   7.5025676E+05   3.5928073E-11
   7.8049577E-03   7.5175597E+05   3.6933633E-11
   7.8589990E-03   7.5323337E+05   3.7967249E-11
   7.9134100E-03   7.5468854E+05   3.9029702E-11
   7.9681932E-03   7.5612105E+05   4.0121795E-11
   8.0233510E-03   7.5753048E+05   4.1244353E-11
   8.0788861E-03   7.5891640E+05   4.2398224E-11
   8.1348011E-03   7.6027839E+05   4.3584280E-11
   8.1910985E-03   7.6161602E+05   4.4803415E-11
   8.2477810E-03   7.6292886E+05   4.6056551E-11
   8.3048512E-03   7.6421648E+05   4.7344634E-11
   8.3623117E-03   7.6547846E+05   4.8668636E-11
   8.4201652E-03   7.6671436E+05   5.0029557E-11
   8.4784145E-03   7.6792374E+05   5.1428424E-11
   8.5370622E-03   7.6910618E+05   5.2866292E-11
   8.5961110E-03   7.7026125E+05   5.4344247E-11
   8.6555637E-03   7.7138850E+05   5.5863404E-11
   8.7154230E-03   7.7248751E+05   5.7424909E-11
   8.7756918E-03   7.7355784E+05   5.9029940E-11
   8.8363728E-03   7.7459906E+05   6.0679708E-11
   8.8974689E-03   7.7561074E+05   6.2375458E-11
   8.9589828E-03   7.7659244E+05   6.4118467E-11
   9.0209175E-03   7.7754373E+05   6.5910052E-11
   9.0832758E-03   7.7846418E+05   6.7751562E-11
   9.1460607E-03   7.7935335E+05   6.9644386E-11
   9.2092749E-03   7.8021083E+05   7.1589951E-11
   9.2729216E-03   7.8103617E+05   7.3589725E-11
   9.3370035E-03   7.8182895E+05   7.5645213E-11
   9.4015238E-03   7.8258875E+05   7.7757966E-11
   9.4664854E-03   7.8331513E+05   7.9929576E-11
   9.5318914E-03   7.8400767E+05   8.2161679E-11
   9.5977446E-03   7.8466596E+05   8.4455957E-11
   9.6640484E-03   7.8528956E+05   8.6814139E-11
   9.7308056E-03   7.8587807E+05   8.9238002E-11
   9.7980194E-03   7.8643107E+05   9.1729371E-11
   9.8656930E-03   7.8694814E+05   9.4290123E-11
   9.9338294E-03   7.8742887E+05   9.6922186E-11
   1.0002432E-02   7.8787285E+05   9.9627544E-11
   1.0071504E-02   7.8827969E+05   1.0240823E-10
   1.0141048E-02   7.8864897E+05   1.0526635E-10
   1.0211068E-02   7.8898030E+05   1.0820404E-10
   1.0281566E-02   7.8927328E+05   1.1122352E-10
   1.0352547E-02   7.8952752E+05   1.1432706E-10
   1.0424014E-02   7.8974264E+05   1.1751700E-10
   1.0495969E-02   7.8991824E+05   1.2079574E-10
   1.0568416E-02   7.9005395E+05   1.2416574E-10
   1.0641359E-02   7.9014940E+05   1.2762955E-10
   1.0714801E-02   7.9020420E+05   1.3118977E-10
   1.0788745E-02   7.9021800E+05   1.3484908E-10
   1.0863195E-02   7.9019044E+05   1.3861023E-10
   1.0938155E-02   7.9012115E+05   1.4247605E-10
   1.1013627E-02   7.9000978E+05   1.4644944E-10
   1.1089615E-02   7.8985600E+05   1.5053341E-10
   1.1166123E-02   7.8965946E+05   1.5473102E-10
   1.1243154E-02   7.8941983E+05   1.5904543E-10
   1.1320712E-02   7.8913678E+05   1.6347987E-10
   1.1398800E-02   7.8880998E+05   1.6803770E-10
   1.1477423E-02   7.8843913E+05   1.7272232E-10
   1.1556583E-02   7.8802391E+05   1.7753728E-10
   1.1636285E-02   7.8756403E+05   1.8248618E-10
   1.1716532E-02   7.8705918E+05   1.8757274E-10
   1.1797328E-02   7.8650909E+05   1.9280080E-10
   1.1878677E-02   7.8591347E+05   1.9817428E-10
   1.1960582E-02   7.8527206E+05   2.0369721E-10
   1.2043047E-02   7.8458458E+05   2.0937376E-10
   1.2126076E-02   7.8385078E+05   2.1520818E-10
   1.2209673E-02   7.8307043E+05   2.2120487E-10
   1.2293842E-02   7.8224327E+05   2.2736832E-10
   1.2378586E-02   7.8136907E+05   2.3370316E-10
   1.2463911E-02   7.8044763E+05   2.4021417E-10
   1.2549818E-02   7.7947872E+05   2.4690622E-10
   1.2636314E-02   7.7846215E+05   2.5378435E-10
   1.2723401E-02   7.7739772E+05   2.6085372E-10
   1.2811084E-02   7.7628524E+05   2.6811964E-10
   1.2899366E-02   7.7512456E+05   2.7558758E-10
   1.2988252E-02   7.7391550E+05   2.8326313E-10
   1.3077747E-02   7.7265792E+05   2.9115206E-10
   1.3167853E-02   7.7135166E+05   2.9926031E-10
   1.3258576E-02   7.6999661E+05   3.0759394E-10
   1.3349919E-02   7.6859264E+05   3.1615923E-10
   1.3441887E-02   7.6713965E+05   3.2496260E-10
   1.3534484E-02   7.6563754E+05   3.3401067E-10
   1.3627714E-02   7.6408622E+05   3.4331022E-10
   1.3721582E-02   7.6248562E+05   3.5286824E-10
   1.3816092E-02   7.6083568E+05   3.6269189E-10
   1.3911249E-02   7.5913636E+05   3.7278856E-10
   1.4007056E-02   7.5738761E+05   3.8316582E-10
   1.4103519E-02   7.5558941E+05   3.9383147E-10
   1.4200642E-02   7.5374175E+05   4.0479349E-10
   1.4298428E-02   7.5184464E+05   4.1606013E-10
   1.4396884E-02   7.4989809E+05   4.2763983E-10
   1.4496013E-02   7.4790212E+05   4.3954128E-10
   1.4595820E-02   7.4585678E+05   4.5177342E-10
   1.4696310E-02   7.4376213E+05   4.6434541E-10
   1.4797487E-02   7.4161822E+05   4.7726670E-10
   1.4899356E-02   7.3942516E+05   4.9054697E-10
   1.5001922E-02   7.3718303E+05   5.0419618E-10
   1.5105189E-02   7.3489195E+05   5.1822458E-10
   1.5209163E-02   7.3255204E+05   5.3264269E-10
   1.5313848E-02   7.3016344E+05   5.4746131E-10
   1.5419249E-02   7.2772631E+05   5.6269157E-10
   1.5525371E-02   7.2524082E+05   5.7834488E-10
   1.5632219E-02   7.2270715E+05   5.9443299E-10
   1.5739797E-02   7.2012550E+05   6.1096796E-10
   1.5848112E-02   7.1749609E+05   6.2796218E-10
   1.5957167E-02   7.1481914E+05   6.4542840E-10
   1.6066968E-02   7.1209491E+05   6.6337971E-10
   1.6177520E-02   7.0932366E+05   6.8182957E-10
   1.6288829E-02   7.0650565E+05   7.0079182E-10
   1.6400898E-02   7.0364118E+05   7.2028067E-10
   1.6513734E-02   7.0073057E+05   7.4031072E-10
   1.6627342E-02   6.9777412E+05   7.6089700E-10
   1.6741727E-02   6.9477219E+05   7.8205492E-10
   1.6856895E-02   6.9172513E+05   8.0380036E-10
   1.6972850E-02   6.8863330E+05   8.2614961E-10
   1.7089598E-02   6.8549709E+05   8.4911941E-10
   1.7207145E-02   6.8231692E+05   8.7272698E-10
   1.7325496E-02   6.7909318E+05   8.9699002E-10
   1.7444656E-02   6.7582633E+05   9.2192670E-10
   1.7564631E-02   6.7251681E+05   9.4755571E-10
   1.7685427E-02   6.6916508E+05   9.7389626E-10
   1.7807050E-02   6.6577163E+05   1.0009681E-09
   1.7929504E-02   6.6233696E+05   1.0287914E-09
   1.8052795E-02   6.5886158E+05   1.0573872E-09
   1.8176930E-02   6.5534602E+05   1.0867768E-09
   1.8301914E-02   6.5179083E+05   1.1169822E-09
   1.8427753E-02   6.4819656E+05   1.1480261E-09
   1.8554452E-02   6.4456380E+05   1.1799317E-09
   1.8682019E-02   6.4089314E+05   1.2127229E-09
   1.8810457E-02   6.3718519E+05   1.2464243E-09
   1.8939775E-02   6.3344056E+05   1.2810611E-09
   1.9069976E-02   6.2965991E+05   1.3166593E-09
   1.9201069E-02   6.2584387E+05   1.3532455E-09
   1.9333057E-02   6.2199313E+05   1.3908472E-09
   1.9465949E-02   6.1810837E+05   1.4294924E-09
   1.9599750E-02   6.1419028E+05   1.4692101E-09
   1.9734466E-02   6.1023959E+05   1.5100301E-09
   1.9870103E-02   6.0625701E+05   1.5519830E-09
   2.0006668E-02   6.0224329E+05   1.5951001E-09
   2.0144167E-02   5.9819918E+05   1.6394137E-09
   2.0282607E-02   5.9412547E+05   1.6849570E-09
   2.0421993E-02   5.9002292E+05   1.7317642E-09
   2.0562333E-02   5.8589234E+05   1.7798701E-09
   2.0703633E-02   5.8173454E+05   1.8293110E-09
   2.0845899E-02   5.7755035E+05   1.8801237E-09
   2.0989138E-02   5.7334059E+05   1.9323464E-09
   2.1133357E-02   5.6910612E+05   1.9860181E-09
   2.1278563E-02   5.6484780E+05   2.0411790E-09
   2.1424761E-02   5.6056650E+05   2.0978703E-09
   2.1571960E-02   5.5626311E+05   2.1561346E-09
   2.1720165E-02   5.5193852E+05   2.2160154E-09
   2.1869384E-02   5.4759364E+05   2.2775576E-09
   2.2019624E-02   5.4322939E+05   2.3408071E-09
   2.2170892E-02   5.3884670E+05   2.4058114E-09
   2.2323194E-02   5.3444649E+05   2.4726192E-09
   2.2476537E-02   5.3002973E+05   2.5412803E-09
   2.2630930E-02   5.2559737E+05   2.6118462E-09
   2.2786379E-02   5.2115037E+05   2.6843697E-09
   2.2942890E-02   5.1668971E+05   2.7589051E-09
   2.3100473E-02   5.1221637E+05   2.8355082E-09
   2.3259133E-02   5.0773135E+05   2.9142362E-09
   2.3418878E-02   5.0323563E+05   2.9951481E-09
   2.3579716E-02   4.9873022E+05   3.0783044E-09
   2.3741655E-02   4.9421613E+05   3.1637674E-09
   2.3904700E-02   4.8969439E+05   3.2516010E-09
   2.4068861E-02   4.8516601E+05   3.3418709E-09
   2.4234145E-02   4.8063202E+05   3.4346447E-09
   2.4400560E-02   4.7609345E+05   3.5299917E-09
   2.4568112E-02   4.7155134E+05   3.6279834E-09
   2.4736811E-02   4.6700672E+05   3.7286929E-09
   2.4906663E-02   4.6246065E+05   3.8321958E-09
   2.5077678E-02   4.5791416E+05   3.9385694E-09
   2.5249862E-02   4.5336830E+05   4.0478933E-09
   2.5423223E-02   4.4882412E+05   4.1602492E-09
   2.5597771E-02   4.4428268E+05   4.2757213E-09
   2.5773512E-02   4.3974502E+05   4.3943959E-09
   2.5950456E-02   4.3521220E+05   4.5163618E-09
   2.6128609E-02   4.3068526E+05   4.6417102E-09
   2.6307981E-02   4.2616525E+05   4.7705349E-09
   2.6488580E-02   4.2165323E+05   4.9029323E-09
   2.6670415E-02   4.1715023E+05   5.0390014E-09
   2.6853493E-02   4.1265730E+05   5.1788440E-09
   2.7037823E-02   4.0817548E+05   5.3225647E-09
   2.7223414E-02   4.0370581E+05   5.4702709E-09
   2.7410275E-02   3.9924931E+05   5.6220733E-09
   2.7598413E-02   3.9480701E+05   5.7780852E-09
   2.7787839E-02   3.9037994E+05   5.9384235E-09
   2.7978560E-02   3.8596911E+05   6.1032081E-09
   2.8170585E-02   3.8157552E+05   6.2725621E-09
   2.8363924E-02   3.7720019E+05   6.4466123E-09
   2.8558586E-02   3.7284409E+05   6.6254888E-09
   2.8754578E-02   3.6850822E+05   6.8093254E-09
   2.8951912E-02   3.6419354E+05   6.9982597E-09
   2.9150595E-02   3.5990104E+05   7.1924329E-09
   2.9350637E-02   3.5563165E+05   7.3919903E-09
   2.9552047E-02   3.5138634E+05   7.5970811E-09
   2.9754835E-02   3.4716603E+05   7.8078587E-09
   2.9959010E-02   3.4297164E+05   8.0244807E-09
   3.0164582E-02   3.3880409E+05   8.2471092E-09
   3.0371559E-02   3.3466427E+05   8.4759106E-09
   3.0579953E-02   3.3055306E+05   8.7110561E-09
   3.0789771E-02   3.2647134E+05   8.9527215E-09
   3.1001025E-02   3.2241996E+05   9.2010876E-09
   3.1213724E-02   3.1839977E+05   9.4563400E-09
   3.1427877E-02   3.1441157E+05   9.7186698E-09
   3.1643496E-02   3.1045619E+05   9.9882731E-09
   3.1860589E-02   3.0653442E+05   1.0265352E-08
   3.2079167E-02   3.0264702E+05   1.0550112E-08
   3.2299240E-02   2.9879477E+05   1.0842768E-08
   3.2520818E-02   2.9497839E+05   1.1143539E-08
   3.2743912E-02   2.9119860E+05   1.1452648E-08
   3.2968532E-02   2.8745612E+05   1.1770328E-08
   3.3194688E-02   2.8375161E+05   1.2096815E-08
   3.3422391E-02   2.8008575E+05   1.2432355E-08
   3.3651652E-02   2.7645917E+05   1.2777197E-08
   3.3882480E-02   2.7287250E+05   1.3131601E-08
   3.4114888E-02   2.6932633E+05   1.3495830E-08
   3.4348885E-02   2.6582124E+05   1.3870158E-08
   3.4584482E-02   2.6235780E+05   1.4254864E-08
   3.4821691E-02   2.5893652E+05   1.4650236E-08
   3.5060523E-02   2.5555793E+05   1.5056570E-08
   3.5300988E-02   2.5222251E+05   1.5474169E-08
   3.5543097E-02   2.4893072E+05   1.5903346E-08
   3.5786863E-02   2.4568302E+05   1.6344422E-08
   3.6032296E-02   2.4247980E+05   1.6797727E-08
   3.6279408E-02   2.3932147E+05   1.7263600E-08
   3.6528210E-02   2.3620839E+05   1.7742389E-08
   3.6778714E-02   2.3314091E+05   1.8234452E-08
   3.7030931E-02   2.3011934E+05   1.8740158E-08
   3.7284874E-02   2.2714398E+05   1.9259885E-08
   3.7540553E-02   2.2421510E+05   1.9794021E-08
   3.7797981E-02   2.2133292E+05   2.0342966E-08
   3.8057170E-02   2.1849768E+05   2.0907130E-08
   3.8318131E-02   2.1570955E+05   2.1486936E-08
   3.8580878E-02   2.1296871E+05   2.2082817E-08
   3.8845422E-02   2.1027529E+05   2.2695219E-08
   3.9111775E-02   2.0762940E+05   2.3324600E-08
   3.9379950E-02   2.0503112E+05   2.3971430E-08
   3.9649959E-02   2.0248051E+05   2.4636195E-08
   3.9921815E-02   1.9997761E+05   2.5319390E-08
   4.0195530E-02   1.9752241E+05   2.6021528E-08
   4.0471118E-02   1.9511490E+05   2.6743133E-08
   4.0748591E-02   1.9275502E+05   2.7484745E-08
   4.1027961E-02   1.9044271E+05   2.8246919E-08
   4.1309243E-02   1.8817786E+05   2.9030225E-08
   4.1592448E-02   1.8596033E+05   2.9835249E-08
   4.1877590E-02   1.8378999E+05   3.0662594E-08
   4.2164683E-02   1.8166664E+05   3.1512879E-08
   4.2453739E-02   1.7959009E+05   3.2386739E-08
   4.2744773E-02   1.7756010E+05   3.3284828E-08
   4.3037797E-02   1.7557641E+05   3.4207820E-08
   4.3332825E-02   1.7363873E+05   3.5156403E-08
   4.3629872E-02   1.7174678E+05   3.6131288E-08
   4.3928950E-02   1.6990020E+05   3.7133205E-08
   4.4230073E-02   1.6809864E+05   3.8162904E-08
   4.4533256E-02   1.6634172E+05   3.9221154E-08
   4.4838514E-02   1.6462904E+05   4.0308748E-08
   4.5145858E-02   1.6296016E+05   4.1426499E-08
   4.5455306E-02   1.6133464E+05   4.2575245E-08
   4.5766869E-02   1.5975199E+05   4.3755846E-08
   4.6080564E-02   1.5821172E+05   4.4969183E-08
   4.6396404E-02   1.5671331E+05   4.6216167E-08
   4.6714405E-02   1.5525622E+05   4.7497730E-08
   4.7034581E-02   1.5383989E+05   4.8814832E-08
   4.7356946E-02   1.5246372E+05   5.0168458E-08
   4.7681517E-02   1.5112712E+05   5.1559623E-08
   4.8008308E-02   1.4982947E+05   5.2989366E-08
   4.8337334E-02   1.4857011E+05   5.4458760E-08
   4.8668610E-02   1.4734840E+05   5.5968903E-08
   4.9002152E-02   1.4616364E+05   5.7520927E-08
   4.9337976E-02   1.4501515E+05   5.9115994E-08
   4.9676096E-02   1.4390221E+05   6.0755297E-08
   5.0016529E-02   1.4282409E+05   6.2440066E-08
   5.0359291E-02   1.4178004E+05   6.4171560E-08
   5.0704397E-02   1.4076930E+05   6.5951078E-08
   5.1051864E-02   1.3979111E+05   6.7779951E-08
   5.1401707E-02   1.3884466E+05   6.9659549E-08
   5.1753943E-02   1.3792916E+05   7.1591281E-08
   5.2108589E-02   1.3704380E+05   7.3576593E-08
   5.2465660E-02   1.3618775E+05   7.5616973E-08
   5.2825173E-02   1.3536017E+05   7.7713948E-08
   5.3187146E-02   1.3456022E+05   7.9869090E-08
   5.3551594E-02   1.3378705E+05   8.2084013E-08
   5.3918535E-02   1.3303978E+05   8.4360378E-08
   5.4287986E-02   1.3231755E+05   8.6699889E-08
   5.4659963E-02   1.3161948E+05   8.9104299E-08
   5.5034486E-02   1.3094469E+05   9.1575411E-08
   5.5411569E-02   1.3029227E+05   9.4115076E-08
   5.5791232E-02   1.2966135E+05   9.6725197E-08
   5.6173492E-02   1.2905102E+05   9.9407732E-08
   5.6558366E-02   1.2846037E+05   1.0216469E-07
   5.6945873E-02   1.2788851E+05   1.0499814E-07
   5.7336031E-02   1.2733453E+05   1.0791020E-07
   5.7728857E-02   1.2679752E+05   1.1090306E-07
   5.8124369E-02   1.2627658E+05   1.1397896E-07
   5.8522587E-02   1.2577080E+05   1.1714021E-07
   5.8923529E-02   1.2527928E+05   1.2038918E-07
   5.9327213E-02   1.2480113E+05   1.2372830E-07
   5.9733659E-02   1.2433543E+05   1.2716008E-07
   6.0142884E-02   1.2388130E+05   1.3068709E-07
   6.0554909E-02   1.2343786E+05   1.3431198E-07
   6.0969751E-02   1.2300422E+05   1.3803747E-07
   6.1387431E-02   1.2257950E+05   1.4186635E-07
   6.1807968E-02   1.2216285E+05   1.4580149E-07
   6.2231381E-02   1.2175339E+05   1.4984586E-07
   6.2657691E-02   1.2135029E+05   1.5400247E-07
   6.3086916E-02   1.2095270E+05   1.5827445E-07
   6.3519077E-02   1.2055979E+05   1.6266501E-07
   6.3954194E-02   1.2017074E+05   1.6717745E-07
   6.4392287E-02   1.1978475E+05   1.7181514E-07
   6.4833377E-02   1.1940102E+05   1.7658158E-07
   6.5277483E-02   1.1901878E+05   1.8148033E-07
   6.5724628E-02   1.1863726E+05   1.8651508E-07
   6.6174830E-02   1.1825570E+05   1.9168961E-07
   6.6628112E-02   1.1787338E+05   1.9700781E-07
   6.7084494E-02   1.1748958E+05   2.0247366E-07
   6.7543998E-02   1.1710358E+05   2.0809128E-07
   6.8006645E-02   1.1671472E+05   2.1386488E-07
   6.8472456E-02   1.1632231E+05   2.1979880E-07
   6.8941454E-02   1.1592572E+05   2.2589750E-07
   6.9413659E-02   1.1552432E+05   2.3216556E-07
   6.9889094E-02   1.1511750E+05   2.3860769E-07
   7.0367781E-02   1.1470466E+05   2.4522874E-07
   7.0849742E-02   1.1428524E+05   2.5203368E-07
   7.1334999E-02   1.1385870E+05   2.5902763E-07
   7.1823576E-02   1.1342451E+05   2.6621584E-07
   7.2315495E-02   1.1298217E+05   2.7360371E-07
   7.2810778E-02   1.1253119E+05   2.8119682E-07
   7.3309448E-02   1.1207113E+05   2.8900086E-07
   7.3811530E-02   1.1160154E+05   2.9702170E-07
   7.4317046E-02   1.1112202E+05   3.0526539E-07
   7.4826019E-02   1.1063218E+05   3.1373811E-07
   7.5338474E-02   1.1013165E+05   3.2244626E-07
   7.5854434E-02   1.0962011E+05   3.3139637E-07
   7.6373922E-02   1.0909723E+05   3.4059519E-07
   7.6896964E-02   1.0856273E+05   3.5004964E-07
   7.7423584E-02   1.0801635E+05   3.5976683E-07
   7.7953806E-02   1.0745784E+05   3.6975409E-07
   7.8487654E-02   1.0688699E+05   3.8001894E-07
   7.9025154E-02   1.0630362E+05   3.9056910E-07
   7.9566330E-02   1.0570756E+05   4.0141253E-07
   8.0111207E-02   1.0509867E+05   4.1255738E-07
   8.0659812E-02   1.0447684E+05   4.2401207E-07
   8.1212169E-02   1.0384198E+05   4.3578521E-07
   8.1768304E-02   1.0319403E+05   4.4788569E-07
   8.2328242E-02   1.0253296E+05   4.6032263E-07
   8.2892011E-02   1.0185874E+05   4.7310540E-07
   8.3459636E-02   1.0117140E+05   4.8624363E-07
   8.4031143E-02   1.0047096E+05   4.9974725E-07
   8.4606559E-02   9.9757487E+04   5.1362642E-07
   8.5185911E-02   9.9031066E+04   5.2789163E-07
   8.5769226E-02   9.8291803E+04   5.4255364E-07
   8.6356531E-02   9.7539829E+04   5.5762351E-07
   8.6947852E-02   9.6775297E+04   5.7311261E-07
   8.7543218E-02   9.5998381E+04   5.8903264E-07
   8.8142656E-02   9.5209281E+04   6.0539562E-07
   8.8746195E-02   9.4408215E+04   6.2221390E-07
   8.9353861E-02   9.3595422E+04   6.3950018E-07
   8.9965684E-02   9.2771164E+04   6.5726754E-07
   9.0581692E-02   9.1935722E+04   6.7552937E-07
   9.1201913E-02   9.1089394E+04   6.9429950E-07
   9.1826376E-02   9.0232499E+04   7.1359211E-07
   9.2455110E-02   8.9365375E+04   7.3342177E-07
   9.3088145E-02   8.8488375E+04   7.5380349E-07
   9.3725510E-02   8.7601871E+04   7.7475268E-07
   9.4367234E-02   8.6706251E+04   7.9628518E-07
   9.5013347E-02   8.5801916E+04   8.1841728E-07
   9.5663880E-02   8.4889284E+04   8.4116574E-07
   9.6318862E-02   8.3968787E+04   8.6454777E-07
   9.6978325E-02   8.3040870E+04   8.8858107E-07
   9.7642298E-02   8.2105990E+04   9.1328384E-07
   9.8310812E-02   8.1164615E+04   9.3867479E-07
   9.8983899E-02   8.0217224E+04   9.6477315E-07
   9.9661590E-02   7.9264309E+04   9.9159870E-07
   1.0034392E-01   7.8306366E+04   1.0191718E-06
   1.0103091E-01   7.7343903E+04   1.0475132E-06
   1.0172260E-01   7.6377435E+04   1.0766446E-06
   1.0241902E-01   7.5407482E+04   1.1065880E-06
   1.0312021E-01   7.4434572E+04   1.1373661E-06
   1.0382619E-01   7.3459234E+04   1.1690023E-06
   1.0453700E-01   7.2482006E+04   1.2015205E-06
   1.0525268E-01   7.1503424E+04   1.2349455E-06
   1.0597324E-01   7.0524030E+04   1.2693026E-06
   1.0669874E-01   6.9544366E+04   1.3046180E-06
   1.0742920E-01   6.8564974E+04   1.3409184E-06
   1.0816466E-01   6.7586395E+04   1.3782315E-06
   1.0890514E-01   6.6609170E+04   1.4165855E-06
   1.0965069E-01   6.5633837E+04   1.4560097E-06
   1.1040134E-01   6.4660931E+04   1.4965341E-06
   1.1115713E-01   6.3690983E+04   1.5381894E-06
   1.1191808E-01   6.2724520E+04   1.5810074E-06
   1.1268424E-01   6.1762062E+04   1.6250206E-06
   1.1345564E-01   6.0804124E+04   1.6702626E-06
   1.1423231E-01   5.9851213E+04   1.7167678E-06
   1.1501430E-01   5.8903828E+04   1.7645716E-06
   1.1580164E-01   5.7962459E+04   1.8137105E-06
   1.1659436E-01   5.7027589E+04   1.8642218E-06
   1.1739250E-01   5.6099688E+04   1.9161442E-06
   1.1819610E-01   5.5179216E+04   1.9695172E-06
   1.1900520E-01   5.4266621E+04   2.0243816E-06
   1.1981983E-01   5.3362341E+04   2.0807791E-06
   1.2064004E-01   5.2466799E+04   2.1387529E-06
   1.2146586E-01   5.1580405E+04   2.1983472E-06
   1.2229732E-01   5.0703555E+04   2.2596075E-06
   1.2313447E-01   4.9836633E+04   2.3225807E-06
   1.2397735E-01   4.8980004E+04   2.3873148E-06
   1.2482599E-01   4.8134020E+04   2.4538594E-06
   1.2568043E-01   4.7299017E+04   2.5222654E-06
   1.2654073E-01   4.6475314E+04   2.5925851E-06
   1.2740690E-01   4.5663214E+04   2.6648723E-06
   1.2827900E-01   4.4863002E+04   2.7391823E-06
   1.2915706E-01   4.4074946E+04   2.8155721E-06
   1.3004114E-01   4.3299297E+04   2.8941003E-06
   1.3093125E-01   4.2536287E+04   2.9748269E-06
   1.3182746E-01   4.1786130E+04   3.0578139E-06
   1.3272979E-01   4.1049022E+04   3.1431249E-06
   1.3363830E-01   4.0325141E+04   3.2308255E-06
   1.3455302E-01   3.9614644E+04   3.3209828E-06
   1.3547400E-01   3.8917673E+04   3.4136662E-06
   1.3640128E-01   3.8234347E+04   3.5089468E-06
   1.3733490E-01   3.7564770E+04   3.6068979E-06
   1.3827490E-01   3.6909024E+04   3.7075947E-06
   1.3922134E-01   3.6267174E+04   3.8111148E-06
   1.4017424E-01   3.5639265E+04   3.9175377E-06
   1.4113367E-01   3.5025326E+04   4.0269453E-06
   1.4209966E-01   3.4425364E+04   4.1394220E-06
   1.4307226E-01   3.3839371E+04   4.2550544E-06
   1.4405150E-01   3.3267318E+04   4.3739315E-06
   1.4503745E-01   3.2709161E+04   4.4961451E-06
   1.4603014E-01   3.2164836E+04   4.6217893E-06
   1.4702962E-01   3.1634264E+04   4.7509612E-06
   1.4803593E-01   3.1117347E+04   4.8837605E-06
   1.4904913E-01   3.0613971E+04   5.0202898E-06
   1.5006926E-01   3.0124008E+04   5.1606545E-06
   1.5109637E-01   2.9647312E+04   5.3049632E-06
   1.5213050E-01   2.9183722E+04   5.4533275E-06
   1.5317170E-01   2.8733064E+04   5.6058621E-06
   1.5422003E-01   2.8295147E+04   5.7626852E-06
   1.5527553E-01   2.7869768E+04   5.9239183E-06
   1.5633824E-01   2.7456712E+04   6.0896862E-06
   1.5740823E-01   2.7055748E+04   6.2601175E-06
   1.5848553E-01   2.6666637E+04   6.4353444E-06
   1.5957021E-01   2.6289125E+04   6.6155029E-06
   1.6066230E-01   2.5922950E+04   6.8007329E-06
   1.6176186E-01   2.5567838E+04   6.9911782E-06
   1.6286894E-01   2.5223507E+04   7.1869869E-06
   1.6398359E-01   2.4889664E+04   7.3883113E-06
   1.6510587E-01   2.4566011E+04   7.5953079E-06
   1.6623583E-01   2.4252241E+04   7.8081380E-06
   1.6737351E-01   2.3948039E+04   8.0269673E-06
   1.6851898E-01   2.3653085E+04   8.2519664E-06
   1.6967227E-01   2.3367054E+04   8.4833106E-06
   1.7083346E-01   2.3089617E+04   8.7211805E-06
   1.7200259E-01   2.2820440E+04   8.9657618E-06
   1.7317972E-01   2.2559185E+04   9.2172455E-06
   1.7436490E-01   2.2305513E+04   9.4758281E-06
   1.7555818E-01   2.2059083E+04   9.7417118E-06
   1.7675963E-01   2.1819552E+04   1.0015105E-05
   1.7796929E-01   2.1586577E+04   1.0296221E-05
   1.7918723E-01   2.1359816E+04   1.0585280E-05
   1.8041350E-01   2.1138927E+04   1.0882510E-05
   1.8164816E-01   2.0923571E+04   1.1188142E-05
   1.8289126E-01   2.0713408E+04   1.1502417E-05
   1.8414286E-01   2.0508105E+04   1.1825582E-05
   1.8540303E-01   2.0307329E+04   1.2157891E-05
   1.8667181E-01   2.0110754E+04   1.2499604E-05
   1.8794927E-01   1.9918058E+04   1.2850992E-05
   1.8923547E-01   1.9728921E+04   1.3212329E-05
   1.9053047E-01   1.9543034E+04   1.3583902E-05
   1.9183432E-01   1.9360091E+04   1.3966002E-05
   1.9314710E-01   1.9179794E+04   1.4358932E-05
   1.9446885E-01   1.9001852E+04   1.4763000E-05
   1.9579964E-01   1.8825981E+04   1.5178528E-05
   1.9713953E-01   1.8651908E+04   1.5605842E-05
   1.9848859E-01   1.8479365E+04   1.6045281E-05
   1.9984688E-01   1.8308097E+04   1.6497193E-05
   2.0121446E-01   1.8137855E+04   1.6961935E-05
   2.0259139E-01   1.7968401E+04   1.7439876E-05
   2.0397774E-01   1.7799508E+04   1.7931395E-05
   2.0537357E-01   1.7630958E+04   1.8436883E-05
   2.0677895E-01   1.7462545E+04   1.8956739E-05
   2.0819394E-01   1.7294073E+04   1.9491378E-05
   2.0961861E-01   1.7125357E+04   2.0041225E-05
   2.1105303E-01   1.6956224E+04   2.0606718E-05
   2.1249725E-01   1.6786510E+04   2.1188306E-05
   2.1395136E-01   1.6616067E+04   2.1786454E-05
   2.1541540E-01   1.6444753E+04   2.2401639E-05
   2.1688947E-01   1.6272443E+04   2.3034351E-05
   2.1837361E-01   1.6099019E+04   2.3685097E-05
   2.1986791E-01   1.5924379E+04   2.4354397E-05
   2.2137243E-01   1.5748429E+04   2.5042785E-05
   2.2288724E-01   1.5571090E+04   2.5750814E-05
   2.2441241E-01   1.5392290E+04   2.6479051E-05
   2.2594801E-01   1.5211974E+04   2.7228080E-05
   2.2749411E-01   1.5030093E+04   2.7998503E-05
   2.2905079E-01   1.4846613E+04   2.8790937E-05
   2.3061812E-01   1.4661509E+04   2.9606020E-05
   2.3219617E-01   1.4474768E+04   3.0444409E-05
   2.3378501E-01   1.4286386E+04   3.1306778E-05
   2.3538472E-01   1.4096371E+04   3.2193822E-05
   2.3699537E-01   1.3904741E+04   3.3106257E-05
   2.3861704E-01   1.3711521E+04   3.4044820E-05
   2.4024980E-01   1.3516749E+04   3.5010268E-05
   2.4189372E-01   1.3320470E+04   3.6003383E-05
   2.4354889E-01   1.3122739E+04   3.7024967E-05
   2.4521539E-01   1.2923618E+04   3.8075850E-05
   2.4689328E-01   1.2723180E+04   3.9156883E-05
   2.4858264E-01   1.2521501E+04   4.0268942E-05
   2.5028357E-01   1.2318669E+04   4.1412932E-05
   2.5199612E-01   1.2114776E+04   4.2589781E-05
   2.5372039E-01   1.1909921E+04   4.3800448E-05
   2.5545646E-01   1.1704211E+04   4.5045919E-05
   2.5720439E-01   1.1497755E+04   4.6327207E-05
   2.5896429E-01   1.1290670E+04   4.7645360E-05
   2.6073622E-01   1.1083077E+04   4.9001452E-05
   2.6252027E-01   1.0875101E+04   5.0396591E-05
   2.6431652E-01   1.0666872E+04   5.1831920E-05
   2.6612506E-01   1.0458521E+04   5.3308613E-05
   2.6794597E-01   1.0250183E+04   5.4827880E-05
   2.6977934E-01   1.0041997E+04   5.6390968E-05
   2.7162524E-01   9.8341026E+03   5.7999158E-05
   2.7348377E-01   9.6266404E+03   5.9653774E-05
   2.7535501E-01   9.4197530E+03   6.1356175E-05
   2.7723905E-01   9.2135835E+03   6.3107762E-05
   2.7913598E-01   9.0082751E+03   6.4909980E-05
   2.8104588E-01   8.8039709E+03   6.6764315E-05
   2.8296885E-01   8.6008133E+03   6.8672297E-05
   2.8490497E-01   8.3989437E+03   7.0635502E-05
   2.8685433E-01   8.1985018E+03   7.2655555E-05
   2.8881702E-01   7.9996258E+03   7.4734127E-05
   2.9079314E-01   7.8024515E+03   7.6872941E-05
   2.9278278E-01   7.6071120E+03   7.9073771E-05
   2.9478602E-01   7.4137377E+03   8.1338443E-05
   2.9680297E-01   7.2224553E+03   8.3668840E-05
   2.9883371E-01   7.0333883E+03   8.6066900E-05
   3.0087834E-01   6.8466558E+03   8.8534619E-05
   3.0293696E-01   6.6623732E+03   9.1074054E-05
   3.0500965E-01   6.4806509E+03   9.3687323E-05
   3.0709653E-01   6.3015948E+03   9.6376607E-05
   3.0919767E-01   6.1253058E+03   9.9144154E-05
   3.1131319E-01   5.9518796E+03   1.0199228E-04
   3.1344318E-01   5.7814064E+03   1.0492337E-04
   3.1558774E-01   5.6139710E+03   1.0793987E-04
   3.1774697E-01   5.4496526E+03   1.1104433E-04
   3.1992096E-01   5.2885244E+03   1.1423934E-04
   3.2210983E-01   5.1306540E+03   1.1752759E-04
   3.2431366E-01   4.9761029E+03   1.2091185E-04
   3.2653257E-01   4.8249266E+03   1.2439497E-04
   3.2876666E-01   4.6771750E+03   1.2797988E-04
   3.3101603E-01   4.5328914E+03   1.3166960E-04
   3.3328078E-01   4.3921138E+03   1.3546726E-04
   3.3556103E-01   4.2548737E+03   1.3937606E-04
   3.3785687E-01   4.1211971E+03   1.4339930E-04
   3.4016841E-01   3.9911038E+03   1.4754041E-04
   3.4249576E-01   3.8646082E+03   1.5180287E-04
   3.4483904E-01   3.7417186E+03   1.5619031E-04
   3.4719834E-01   3.6224380E+03   1.6070646E-04
   3.4957378E-01   3.5067636E+03   1.6535515E-04
   3.5196546E-01   3.3946873E+03   1.7014034E-04
   3.5437350E-01   3.2861956E+03   1.7506609E-04
   3.5679802E-01   3.1812698E+03   1.8013661E-04
   3.5923912E-01   3.0798861E+03   1.8535622E-04
   3.6169691E-01   2.9820158E+03   1.9072938E-04
   3.6417152E-01   2.8876254E+03   1.9626067E-04
   3.6666305E-01   2.7966767E+03   2.0195482E-04
   3.6917162E-01   2.7091272E+03   2.0781670E-04
   3.7169735E-01   2.6249301E+03   2.1385135E-04
   3.7424036E-01   2.5440343E+03   2.2006391E-04
   3.7680076E-01   2.4663851E+03   2.2645974E-04
   3.7937868E-01   2.3919240E+03   2.3304430E-04
   3.8197422E-01   2.3205891E+03   2.3982327E-04
   3.8458752E-01   2.2523151E+03   2.4680248E-04
   3.8721870E-01   2.1870340E+03   2.5398791E-04
   3.8986787E-01   2.1246746E+03   2.6138577E-04
   3.9253516E-01   2.0651634E+03   2.6900242E-04
   3.9522069E-01   2.0084246E+03   2.7684443E-04
   3.9792459E-01   1.9543801E+03   2.8491858E-04
   4.0064699E-01   1.9029501E+03   2.9323182E-04
   4.0338801E-01   1.8540530E+03   3.0179135E-04
   4.0614778E-01   1.8076059E+03   3.1060457E-04
   4.0892642E-01   1.7635247E+03   3.1967909E-04
   4.1172407E-01   1.7217244E+03   3.2902277E-04
   4.1454085E-01   1.6821190E+03   3.3864371E-04
   4.1737690E-01   1.6446224E+03   3.4855025E-04
   4.2023235E-01   1.6091479E+03   3.5875097E-04
   4.2310733E-01   1.5756087E+03   3.6925473E-04
   4.2600197E-01   1.5439183E+03   3.8007064E-04
   4.2891641E-01   1.5139903E+03   3.9120809E-04
   4.3185079E-01   1.4857388E+03   4.0267677E-04
   4.3480523E-01   1.4590787E+03   4.1448664E-04
   4.3777989E-01   1.4339258E+03   4.2664796E-04
   4.4077489E-01   1.4101967E+03   4.3917133E-04
   4.4379038E-01   1.3878093E+03   4.5206764E-04
   4.4682649E-01   1.3666829E+03   4.6534812E-04
   4.4988337E-01   1.3467382E+03   4.7902432E-04
   4.5296115E-01   1.3278975E+03   4.9310817E-04
   4.5605999E-01   1.3100848E+03   5.0761194E-04
   4.5918003E-01   1.2932260E+03   5.2254825E-04
   4.6232140E-01   1.2772491E+03   5.3793014E-04
   4.6548426E-01   1.2620839E+03   5.5377101E-04
   4.6866876E-01   1.2476625E+03   5.7008467E-04
   4.7187503E-01   1.2339193E+03   5.8688534E-04
   4.7510324E-01   1.2207909E+03   6.0418768E-04
   4.7835353E-01   1.2082162E+03   6.2200676E-04
   4.8162604E-01   1.1961366E+03   6.4035814E-04
   4.8492095E-01   1.1844960E+03   6.5925780E-04
   4.8823838E-01   1.1732407E+03   6.7872223E-04
   4.9157851E-01   1.1623196E+03   6.9876838E-04
   4.9494149E-01   1.1516842E+03   7.1941373E-04
   4.9832746E-01   1.1412883E+03   7.4067627E-04
   5.0173660E-01   1.1310885E+03   7.6257451E-04
   5.0516906E-01   1.1210438E+03   7.8512752E-04
   5.0862499E-01   1.1111159E+03   8.0835493E-04
   5.1210456E-01   1.1012688E+03   8.3227694E-04
   5.1560793E-01   1.0914693E+03   8.5691436E-04
   5.1913526E-01   1.0816862E+03   8.8228861E-04
   5.2268672E-01   1.0718912E+03   9.0842171E-04
   5.2626247E-01   1.0620581E+03   9.3533636E-04
   5.2986268E-01   1.0521631E+03   9.6305589E-04
   5.3348751E-01   1.0421846E+03   9.9160434E-04
   5.3713714E-01   1.0321034E+03   1.0210064E-03
   5.4081173E-01   1.0219022E+03   1.0512876E-03
   5.4451145E-01   1.0115662E+03   1.0824740E-03
   5.4823648E-01   1.0010821E+03   1.1145926E-03
   5.5198698E-01   9.9043889E+02   1.1476711E-03
   5.5576314E-01   9.7962743E+02   1.1817380E-03
   5.5956513E-01   9.6864026E+02   1.2168226E-03
   5.6339312E-01   9.5747172E+02   1.2529550E-03
   5.6724730E-01   9.4611775E+02   1.2901664E-03
   5.7112783E-01   9.3457590E+02   1.3284885E-03
   5.7503491E-01   9.2284516E+02   1.3679541E-03
   5.7896872E-01   9.1092594E+02   1.4085970E-03
   5.8292943E-01   8.9881997E+02   1.4504519E-03
   5.8691723E-01   8.8653020E+02   1.4935543E-03
   5.9093231E-01   8.7406077E+02   1.5379410E-03
   5.9497484E-01   8.6141684E+02   1.5836494E-03
   5.9904503E-01   8.4860461E+02   1.6307184E-03
   6.0314306E-01   8.3563115E+02   1.6791877E-03
   6.0726912E-01   8.2250441E+02   1.7290981E-03
   6.1142340E-01   8.0923306E+02   1.7804915E-03
   6.1560610E-01   7.9582647E+02   1.8334111E-03
   6.1981740E-01   7.8229462E+02   1.8879012E-03
   6.2405751E-01   7.6864801E+02   1.9440071E-03
   6.2832662E-01   7.5489762E+02   2.0017756E-03
   6.3262493E-01   7.4105484E+02   2.0612546E-03
   6.3695264E-01   7.2713139E+02   2.1224932E-03
   6.4130995E-01   7.1313924E+02   2.1855419E-03
   6.4569706E-01   6.9909062E+02   2.2504526E-03
   6.5011419E-01   6.8499787E+02   2.3172783E-03
   6.5456152E-01   6.7087345E+02   2.3860735E-03
   6.5903927E-01   6.5672988E+02   2.4568943E-03
   6.6354765E-01   6.4257967E+02   2.5297979E-03
   6.6808687E-01   6.2843526E+02   2.6048431E-03
   6.7265713E-01   6.1430904E+02   2.6820901E-03
   6.7725866E-01   6.0021323E+02   2.7616008E-03
   6.8189165E-01   5.8615990E+02   2.8434384E-03
   6.8655634E-01   5.7216091E+02   2.9276678E-03
   6.9125293E-01   5.5822786E+02   3.0143553E-03
   6.9598165E-01   5.4437210E+02   3.1035690E-03
   7.0074271E-01   5.3060466E+02   3.1953784E-03
   7.0553633E-01   5.1693627E+02   3.2898548E-03
   7.1036275E-01   5.0337728E+02   3.3870712E-03
   7.1522217E-01   4.8993768E+02   3.4871021E-03
   7.2011483E-01   4.7662709E+02   3.5900238E-03
   7.2504096E-01   4.6345471E+02   3.6959143E-03
   7.3000078E-01   4.5042931E+02   3.8048533E-03
   7.3499452E-01   4.3755925E+02   3.9169222E-03
   7.4002243E-01   4.2485244E+02   4.0322044E-03
   7.4508472E-01   4.1231634E+02   4.1507847E-03
   7.5018164E-01   3.9995796E+02   4.2727499E-03
   7.5531341E-01   3.8778386E+02   4.3981886E-03
   7.6048029E-01   3.7580013E+02   4.5271911E-03
   7.6568251E-01   3.6401239E+02   4.6598494E-03
   7.7092032E-01   3.5242584E+02   4.7962574E-03
   7.7619394E-01   3.4104517E+02   4.9365108E-03
   7.8150364E-01   3.2987465E+02   5.0807070E-03
   7.8684966E-01   3.1891811E+02   5.2289452E-03
   7.9223224E-01   3.0817890E+02   5.3813264E-03
   7.9765164E-01   2.9765997E+02   5.5379531E-03
   8.0310811E-01   2.8736384E+02   5.6989297E-03
   8.0860190E-01   2.7729259E+02   5.8643623E-03
   8.1413326E-01   2.6744792E+02   6.0343585E-03
   8.1970246E-01   2.5783112E+02   6.2090277E-03
   8.2530975E-01   2.4844309E+02   6.3884806E-03
   8.3095539E-01   2.3928439E+02   6.5728296E-03
   8.3663965E-01   2.3035518E+02   6.7621885E-03
   8.4236279E-01   2.2165530E+02   6.9566725E-03
   8.4812507E-01   2.1318426E+02   7.1563983E-03
   8.5392677E-01   2.0494125E+02   7.3614835E-03
   8.5976815E-01   1.9692513E+02   7.5720472E-03
   8.6564948E-01   1.8913452E+02   7.7882094E-03
   8.7157104E-01   1.8156773E+02   8.0100911E-03
   8.7753310E-01   1.7422282E+02   8.2378143E-03
   8.8353595E-01   1.6709762E+02   8.4715015E-03
   8.8957985E-01   1.6018971E+02   8.7112762E-03
   8.9566509E-01   1.5349647E+02   8.9572620E-03
   9.0179195E-01   1.4701508E+02   9.2095830E-03
   9.0796072E-01   1.4074254E+02   9.4683635E-03
   9.1417168E-01   1.3467566E+02   9.7337278E-03
   9.2042513E-01   1.2881111E+02   1.0005800E-02
   9.2672135E-01   1.2314542E+02   1.0284703E-02
   9.3306063E-01   1.1767499E+02   1.0570561E-02
   9.3944327E-01   1.1239610E+02   1.0863496E-02
   9.4586957E-01   1.0730492E+02   1.1163629E-02
   9.5233982E-01   1.0239755E+02   1.1471079E-02
   9.5885433E-01   9.7669996E+01   1.1785965E-02
   9.6541340E-01   9.3118208E+01   1.2108403E-02
   9.7201733E-01   8.8738076E+01   1.2438506E-02
   9.7866643E-01   8.4525447E+01   1.2776387E-02
   9.8536100E-01   8.0476136E+01   1.3122154E-02
   9.9210137E-01   7.6585932E+01   1.3475911E-02
   9.9888784E-01   7.2850610E+01   1.3837759E-02
   1.0057207E+00   6.9265942E+01   1.4207798E-02
   1.0126004E+00   6.5827701E+01   1.4586117E-02
   1.0195270E+00   6.2531669E+01   1.4972807E-02
   1.0265011E+00   5.9373651E+01   1.5367947E-02
   1.0335229E+00   5.6349473E+01   1.5771615E-02
   1.0405926E+00   5.3454997E+01   1.6183879E-02
   1.0477108E+00   5.0686118E+01   1.6604801E-02
   1.0548776E+00   4.8038780E+01   1.7034437E-02
   1.0620935E+00   4.5508972E+01   1.7472831E-02
   1.0693587E+00   4.3092740E+01   1.7920021E-02
   1.0766736E+00   4.0786184E+01   1.8376033E-02
   1.0840385E+00   3.8585471E+01   1.8840885E-02
   1.0914538E+00   3.6486831E+01   1.9314580E-02
   1.0989198E+00   3.4486563E+01   1.9797113E-02
   1.1064369E+00   3.2581038E+01   2.0288464E-02
   1.1140054E+00   3.0766703E+01   2.0788599E-02
   1.1216257E+00   2.9040080E+01   2.1297470E-02
   1.1292981E+00   2.7397771E+01   2.1815015E-02
   1.1370230E+00   2.5836457E+01   2.2341153E-02
   1.1448007E+00   2.4352902E+01   2.2875786E-02
   1.1526316E+00   2.2943952E+01   2.3418800E-02
   1.1605161E+00   2.1606538E+01   2.3970058E-02
   1.1684545E+00   2.0337671E+01   2.4529405E-02
   1.1764472E+00   1.9134451E+01   2.5096664E-02
   1.1844946E+00   1.7994061E+01   2.5671634E-02
   1.1925970E+00   1.6913768E+01   2.6254091E-02
   1.2007548E+00   1.5890925E+01   2.6843785E-02
   1.2089684E+00   1.4922965E+01   2.7440440E-02
   1.2172382E+00   1.4007409E+01   2.8043753E-02
   1.2255646E+00   1.3141858E+01   2.8653392E-02
   1.2339479E+00   1.2323996E+01   2.9268993E-02
   1.2423886E+00   1.1551585E+01   2.9890162E-02
   1.2508870E+00   1.0822470E+01   3.0516473E-02
   1.2594435E+00   1.0134572E+01   3.1147464E-02
   1.2680586E+00   9.4858905E+00   3.1782637E-02
   1.2767325E+00   8.8744997E+00   3.2421461E-02
   1.2854658E+00   8.2985482E+00   3.3063362E-02
   1.2942589E+00   7.7562573E+00   3.3707729E-02
   1.3031120E+00   7.2459193E+00   3.4353910E-02
   1.3120258E+00   6.7658958E+00   3.5001211E-02
   1.3210005E+00   6.3146161E+00   3.5648894E-02
   1.3300366E+00   5.8905754E+00   3.6296177E-02
   1.3391345E+00   5.4923331E+00   3.6942232E-02
   1.3482946E+00   5.1185109E+00   3.7586184E-02
   1.3575174E+00   4.7677913E+00   3.8227111E-02
   1.3668032E+00   4.4389155E+00   3.8864042E-02
   1.3761526E+00   4.1306816E+00   3.9495954E-02
   1.3855659E+00   3.8419429E+00   4.0121778E-02
   1.3950436E+00   3.5716061E+00   4.0740390E-02
   1.4045862E+00   3.3186296E+00   4.1350616E-02
   1.4141940E+00   3.0820214E+00   4.1951230E-02
   1.4238675E+00   2.8608376E+00   4.2540955E-02
   1.4336072E+00   2.6541806E+00   4.3118461E-02
   1.4434135E+00   2.4611975E+00   4.3682367E-02
   1.4532868E+00   2.2810781E+00   4.4231239E-02
   1.4632277E+00   2.1130534E+00   4.4763594E-02
   1.4732366E+00   1.9563942E+00   4.5277901E-02
   1.4833140E+00   1.8104091E+00   4.5772578E-02
   1.4934603E+00   1.6744433E+00   4.6245999E-02
   1.5036760E+00   1.5478767E+00   4.6696492E-02
   1.5139615E+00   1.4301227E+00   4.7122344E-02
   1.5243174E+00   1.3206266E+00   4.7521804E-02
   1.5347442E+00   1.2188644E+00   4.7893084E-02
   1.5452422E+00   1.1243411E+00   4.8234364E-02
   1.5558121E+00   1.0365896E+00   4.8543798E-02
   1.5664543E+00   9.5516941E-01   4.8819517E-02
   1.5771692E+00   8.7966515E-01   4.9059634E-02
   1.5879575E+00   8.0968569E-01   4.9262252E-02
   1.5988195E+00   7.4486275E-01   4.9425471E-02
   1.6097558E+00   6.8484986E-01   4.9547394E-02
   1.6207670E+00   6.2932121E-01   4.9626136E-02
   1.6318534E+00   5.7797069E-01   4.9659831E-02
   1.6430157E+00   5.3051079E-01   4.9646648E-02
   1.6542543E+00   4.8667171E-01   4.9584794E-02
   1.6655698E+00   4.4620037E-01   4.9472532E-02
   1.6769627E+00   4.0885955E-01   4.9308189E-02
   1.6884335E+00   3.7442704E-01   4.9090171E-02
   1.6999828E+00   3.4269478E-01   4.8816980E-02
   1.7116110E+00   3.1346814E-01   4.8487225E-02
   1.7233188E+00   2.8656510E-01   4.8099640E-02
   1.7351067E+00   2.6181559E-01   4.7653104E-02
   1.7469752E+00   2.3906079E-01   4.7146653E-02
   1.7589249E+00   2.1815246E-01   4.6579506E-02
   1.7709563E+00   1.9895236E-01   4.5951079E-02
   1.7830700E+00   1.8133161E-01   4.5261012E-02
   1.7952666E+00   1.6517018E-01   4.4509181E-02
   1.8075466E+00   1.5035631E-01   4.3695732E-02
   1.8199106E+00   1.3678603E-01   4.2821092E-02
   1.8323591E+00   1.2436268E-01   4.1886000E-02
   1.8448928E+00   1.1299646E-01   4.0891524E-02
   1.8575123E+00   1.0260395E-01   3.9839089E-02
   1.8702180E+00   9.3107788E-02   3.8730495E-02
   1.8830107E+00   8.4436196E-02   3.7567941E-02
   1.8958908E+00   7.6522670E-02   3.6354042E-02
   1.9088591E+00   6.9305617E-02   3.5091853E-02
   1.9219160E+00   6.2728030E-02   3.3784881E-02
   1.9350623E+00   5.6737185E-02   3.2437101E-02
   1.9482984E+00   5.1284348E-02   3.1052965E-02
   1.9616251E+00   4.6324506E-02   2.9637409E-02
   1.9750430E+00   4.1816110E-02   2.8195854E-02
   1.9885526E+00   3.7720834E-02   2.6734199E-02
   2.0021547E+00   3.4003349E-02   2.5258809E-02
   2.0158497E+00   3.0631113E-02   2.3776493E-02
   2.0296385E+00   2.7574169E-02   2.2294470E-02
   2.0435216E+00   2.4804962E-02   2.0820329E-02
   2.0574996E+00   2.2298160E-02   1.9361962E-02
   2.0715732E+00   2.0030494E-02   1.7927499E-02
   2.0857431E+00   1.7980606E-02   1.6525203E-02
   2.1000099E+00   1.6128904E-02   1.5163361E-02
   2.1143743E+00   1.4457428E-02   1.3850140E-02
   2.1288369E+00   1.2949729E-02   1.2593417E-02
   2.1433985E+00   1.1590751E-02   1.1400576E-02
   2.1580596E+00   1.0366723E-02   1.0278267E-02
   2.1728211E+00   9.2650585E-03   9.2321274E-03
   2.1876835E+00   8.2742638E-03   8.2664457E-03
   2.2026475E+00   7.3838491E-03   7.3837815E-03
   2.2177140E+00   6.5842488E-03   6.5845177E-03
   2.2328834E+00   5.8667469E-03   5.8663457E-03
   2.2481566E+00   5.2234068E-03   5.2236729E-03
   2.2635343E+00   4.6470082E-03   4.6470082E-03
   2.2790172E+00   4.1309868E-03   4.1309868E-03
   2.2946060E+00   3.6693793E-03   3.6693793E-03
   2.3103014E+00   3.2567734E-03   3.2567734E-03
   2.3261041E+00   2.8882597E-03   2.8882597E-03
   2.3420149E+00   2.5593895E-03   2.5593895E-03
   2.3580346E+00   2.2661342E-03   2.2661342E-03
   2.3741638E+00   2.0048486E-03   2.0048486E-03
   2.3904034E+00   1.7722375E-03   1.7722375E-03
   2.4067540E+00   1.5653240E-03   1.5653240E-03
   2.4232165E+00   1.3814215E-03   1.3814215E-03
   2.4397916E+00   1.2181069E-03   1.2181069E-03
   2.4564800E+00   1.0731970E-03   1.0731970E-03
   2.4732826E+00   9.4472616E-04   9.4472616E-04
   2.4902001E+00   8.3092625E-04   8.3092625E-04
   2.5072333E+00   7.3020807E-04   7.3020807E-04
   2.5243831E+00   6.4114456E-04   6.4114456E-04
   2.5416501E+00   5.6245532E-04   5.6245532E-04
   2.5590352E+00   4.9299254E-04   4.9299254E-04
   2.5765393E+00   4.3172823E-04   4.3172823E-04
   2.5941631E+00   3.7774247E-04   3.7774247E-04
   2.6119074E+00   3.3021282E-04   3.3021282E-04
   2.6297731E+00   2.8840463E-04   2.8840463E-04
   2.6477610E+00   2.5166228E-04   2.5166228E-04
   2.6658719E+00   2.1940122E-04   2.1940122E-04
   2.6841067E+00   1.9110071E-04   1.9110071E-04
   2.7024662E+00   1.6629733E-04   1.6629733E-04
   2.7209513E+00   1.4457902E-04   1.4457902E-04
   2.7395628E+00   1.2557972E-04   1.2557972E-04
   2.7583016E+00   1.0897460E-04   1.0897460E-04
   2.7771686E+00   9.4475625E-05   9.4475625E-05
   2.7961647E+00   8.1827665E-05   8.1827665E-05
   2.8152907E+00   7.0804942E-05   7.0804942E-05
   2.8345474E+00   6.1207851E-05   6.1207851E-05
   2.8539360E+00   5.2860091E-05   5.2860091E-05
   2.8734571E+00   4.5606100E-05   4.5606100E-05
   2.8931117E+00   3.9308751E-05   3.9308751E-05
   2.9129008E+00   3.3847282E-05   3.3847282E-05
   2.9328252E+00   2.9115454E-05   2.9115454E-05
   2.9528859E+00   2.5019893E-05   2.5019893E-05
   2.9730839E+00   2.1478620E-05   2.1478620E-05
   2.9934199E+00   1.8419726E-05   1.8419726E-05
   3.0138951E+00   1.5780208E-05   1.5780208E-05
   3.0345103E+00   1.3504914E-05   1.3504914E-05
   3.0552665E+00   1.1545620E-05   1.1545620E-05
   3.0761647E+00   9.8602015E-06   9.8602015E-06
   3.0972059E+00   8.4119017E-06   8.4119017E-06
   3.1183909E+00   7.1686794E-06   7.1686794E-06
   3.1397209E+00   6.1026350E-06   6.1026350E-06
   3.1611967E+00   5.1895007E-06   5.1895007E-06
   3.1828195E+00   4.4081905E-06   4.4081905E-06
   3.2045901E+00   3.7404027E-06   3.7404027E-06
   3.2265096E+00   3.1702697E-06   3.1702697E-06
   3.2485791E+00   2.6840492E-06   2.6840492E-06
   3.2707995E+00   2.2698529E-06   2.2698529E-06
   3.2931719E+00   1.9174079E-06   1.9174079E-06
   3.3156973E+00   1.6178466E-06   1.6178466E-06
   3.3383768E+00   1.3635238E-06   1.3635238E-06
   3.3612115E+00   1.1478553E-06   1.1478553E-06
   3.3842023E+00   9.6517713E-07   9.6517713E-07
   3.4073503E+00   8.1062283E-07   8.1062283E-07
   3.4306567E+00   6.8001573E-07   6.8001573E-07
   3.4541225E+00   5.6977554E-07   5.6977554E-07
   3.4777488E+00   4.7683675E-07   4.7683675E-07
   3.5015367E+00   3.9857775E-07   3.9857775E-07
   3.5254873E+00   3.3275924E-07   3.3275924E-07
   3.5496017E+00   2.7747075E-07   2.7747075E-07
   3.5738811E+00   2.3108438E-07   2.3108438E-07
   3.5983265E+00   1.9221466E-07   1.9221466E-07
   3.6229392E+00   1.5968391E-07   1.5968391E-07
   3.6477202E+00   1.3249234E-07   1.3249234E-07
   3.6726706E+00   1.0979221E-07   1.0979221E-07
   3.6977918E+00   9.0865598E-08   9.0865598E-08
   3.7230847E+00   7.5105344E-08   7.5105344E-08
   3.7485507E+00   6.1998567E-08   6.1998567E-08
   3.7741908E+00   5.1112600E-08   5.1112600E-08
   3.8000064E+00   4.2082919E-08   4.2082919E-08
   3.8259984E+00   3.4602804E-08   3.4602804E-08
   3.8521683E+00   2.8414516E-08   2.8414516E-08
   3.8785172E+00   2.3301760E-08   2.3301760E-08
   3.9050463E+00   1.9083260E-08   1.9083260E-08
   3.9317568E+00   1.5607298E-08   1.5607298E-08
   3.9586501E+00   1.2747060E-08   1.2747060E-08
   3.9857273E+00   1.0396695E-08   1.0396695E-08
   4.0129897E+00   8.4679716E-09   8.4679716E-09
   4.0404385E+00   6.8874429E-09   6.8874429E-09
   4.0680751E+00   5.5940574E-09   5.5940574E-09
   4.0959008E+00   4.5371361E-09   4.5371361E-09
   4.1239167E+00   3.6746702E-09   3.6746702E-09
   4.1521243E+00   2.9718865E-09   2.9718865E-09
   4.1805249E+00   2.4000428E-09   2.4000428E-09
   4.2091196E+00   1.9354156E-09   1.9354156E-09
   4.2379100E+00   1.5584522E-09   1.5584522E-09
   4.2668973E+00   1.2530612E-09   1.2530612E-09
   4.2960828E+00   1.0060187E-09   1.0060187E-09
   4.3254680E+00   8.0647375E-10   8.0647375E-10
   4.3550542E+00   6.4553568E-10   6.4553568E-10
   4.3848427E+00   5.1593080E-10   5.1593080E-10
   4.4148350E+00   4.1171735E-10   4.1171735E-10
   4.4450324E+00   3.2804898E-10   3.2804898E-10
   4.4754364E+00   2.6097883E-10   2.6097883E-10
   4.5060483E+00   2.0729755E-10   2.0729755E-10
   4.5368696E+00   1.6439951E-10   1.6439951E-10
   4.5679017E+00   1.3017258E-10   1.3017258E-10
   4.5991461E+00   1.0290731E-10   1.0290731E-10
   4.6306042E+00   8.1222390E-11   8.1222390E-11
   4.6622774E+00   6.4003420E-11   6.4003420E-11
   4.6941673E+00   5.0352783E-11   5.0352783E-11
   4.7262753E+00   3.9548648E-11   3.9548648E-11
   4.7586029E+00   3.1011489E-11   3.1011489E-11
   4.7911517E+00   2.4276793E-11   2.4276793E-11
   4.8239230E+00   1.8972853E-11   1.8972853E-11
   4.8569186E+00   1.4802716E-11   1.4802716E-11
   4.8901398E+00   1.1529554E-11   1.1529554E-11
   4.9235882E+00   8.9648008E-12   8.9648008E-12
   4.9572654E+00   6.9585803E-12   6.9585803E-12
   4.9911730E+00   5.3919671E-12   5.3919671E-12
   5.0253125E+00   4.1707593E-12   4.1707593E-12
   5.0596854E+00   3.2204681E-12   3.2204681E-12
   5.0942935E+00   2.4822957E-12   2.4822957E-12
   5.1291383E+00   1.9099119E-12   1.9099119E-12
   5.1642215E+00   1.4668747E-12   1.4668747E-12
   5.1995446E+00   1.1245718E-12   1.1245718E-12
   5.2351093E+00   8.6057834E-13   8.6057834E-13
   5.2709173E+00   6.5735083E-13   6.5735083E-13
   5.3069702E+00   5.0118969E-13   5.0118969E-13
   5.3432696E+00   3.8141664E-13   3.8141664E-13
   5.3798174E+00   2.8972383E-13   2.8972383E-13
   5.4166152E+00   2.1965967E-13   2.1965967E-13
   5.4536646E+00   1.6622348E-13   1.6622348E-13
   5.4909674E+00   1.2554655E-13   1.2554655E-13
   5.5285254E+00   9.4641571E-14   9.4641571E-14
   5.5663403E+00   7.1206261E-14   7.1206261E-14
   5.6044139E+00   5.3469711E-14   5.3469711E-14
   5.6427478E+00   4.0072388E-14   4.0072388E-14
   5.6813440E+00   2.9972613E-14   2.9972613E-14
   5.7202041E+00   2.2373826E-14   2.2373826E-14
   5.7593300E+00   1.6668110E-14   1.6668110E-14
   5.7987236E+00   1.2392449E-14   1.2392449E-14
   5.8383866E+00   9.1948948E-15   9.1948948E-15
   5.8783209E+00   6.8084671E-15   6.8084671E-15
   5.9185283E+00   5.0310539E-15   5.0310539E-15
   5.9590107E+00   3.7099642E-15   3.7099642E-15
   5.9997701E+00   2.7300815E-15   2.7300815E-15
   6.0408082E+00   2.0047981E-15   2.0047981E-15
   6.0821270E+00   1.4690913E-15   1.4690913E-15
   6.1237285E+00   1.0742464E-15   1.0742464E-15
   6.1656144E+00   7.8384448E-16   7.8384448E-16
   6.2077869E+00   5.7071675E-16   5.7071675E-16
   6.2502478E+00   4.1463869E-16   4.1463869E-16
   6.2929992E+00   3.0058775E-16   3.0058775E-16
   6.3360430E+00   2.1742960E-16   2.1742960E-16
   6.3793811E+00   1.5692988E-16   1.5692988E-16
   6.4230157E+00   1.1301233E-16   1.1301233E-16
   6.4669488E+00   8.1203130E-17   8.1203130E-17
   6.5111823E+00   5.8215680E-17   5.8215680E-17
   6.5557184E+00   4.1640975E-17   4.1640975E-17
   6.6005592E+00   2.9717272E-17   2.9717272E-17
   6.6457066E+00   2.1159113E-17   2.1159113E-17
   6.6911628E+00   1.5030719E-17   1.5030719E-17
   6.7369300E+00   1.0652439E-17   1.0652439E-17
   6.7830101E+00   7.5317964E-18   7.5317964E-18
   6.8294055E+00   5.3127751E-18   5.3127751E-18
   6.8761182E+00   3.7386147E-18   3.7386147E-18
   6.9231504E+00   2.6245776E-18   2.6245776E-18
   6.9705043E+00   1.8380636E-18   1.8380636E-18
   7.0181821E+00   1.2841240E-18   1.2841240E-18
   7.0661860E+00   8.9493504E-19   8.9493504E-19
   7.1145182E+00   6.2216705E-19   6.2216705E-19
   7.1631811E+00   4.3146559E-19   4.3146559E-19
   7.2121767E+00   2.9847066E-19   2.9847066E-19
   7.2615075E+00   2.0595202E-19   2.0595202E-19
   7.3111757E+00   1.4175290E-19   1.4175290E-19
   7.3611836E+00   9.7317689E-20   9.7317689E-20
   7.4115336E+00   6.6640465E-20   6.6640465E-20
   7.4622280E+00   4.5515885E-20   4.5515885E-20
   7.5132691E+00   3.1006948E-20   3.1006948E-20
   7.5646593E+00   2.1067758E-20   2.1067758E-20
   7.6164010E+00   1.4276873E-20   1.4276873E-20
   7.6684966E+00   9.6492923E-21   9.6492923E-21
   7.7209486E+00   6.5042536E-21   6.5042536E-21
   7.7737593E+00   4.3725129E-21   4.3725129E-21
   7.8269312E+00   2.9314892E-21   2.9314892E-21
   7.8804668E+00   1.9600220E-21   1.9600220E-21
   7.9343686E+00   1.3068955E-21   1.3068955E-21
   7.9886391E+00   8.6900002E-22   8.6900002E-22
   8.0432808E+00   5.7622137E-22   5.7622137E-22
   8.0982962E+00   3.8101421E-22   3.8101421E-22
   8.1536879E+00   2.5122831E-22   2.5122831E-22
   8.2094585E+00   1.6518146E-22   1.6518146E-22
   8.2656105E+00   1.0829502E-22   1.0829502E-22
   8.3221466E+00   7.0795279E-23   7.0795279E-23
   8.3790694E+00   4.6146594E-23   4.6146594E-23
   8.4363816E+00   2.9992029E-23   2.9992029E-23
   8.4940857E+00   1.9435426E-23   1.9435426E-23
   8.5521846E+00   1.2557278E-23   1.2557278E-23
   8.6106808E+00   8.0891189E-24   8.0891189E-24
   8.6695771E+00   5.1951999E-24   5.1951999E-24
   8.7288763E+00   3.3265158E-24   3.3265158E-24
   8.7885811E+00   2.1235092E-24   2.1235092E-24
   8.8486942E+00   1.3514088E-24   1.3514088E-24
   8.9092185E+00   8.5738965E-25   8.5738965E-25
   8.9701568E+00   5.4227466E-25   5.4227466E-25
   9.0315119E+00   3.4190123E-25   3.4190123E-25
   9.0932867E+00   2.1488837E-25   2.1488837E-25
   9.1554840E+00   1.3463147E-25   1.3463147E-25
   9.2181067E+00   8.4079907E-26   8.4079907E-26
   9.2811577E+00   5.2340785E-26   5.2340785E-26
   9.3446400E+00   3.2477380E-26   3.2477380E-26
   9.4085565E+00   2.0086525E-26   2.0086525E-26
   9.4729102E+00   1.2382318E-26   1.2382318E-26
   9.5377040E+00   7.6078612E-27   7.6078612E-27
   9.6029410E+00   4.6588298E-27   4.6588298E-27
   9.6686243E+00   2.8433793E-27   2.8433793E-27
   9.7347568E+00   1.7295234E-27   1.7295234E-27
   9.8013416E+00   1.0484355E-27   1.0484355E-27
   9.8683819E+00   6.3338893E-28   6.3338893E-28
   9.9358807E+00   3.8133137E-28   3.8133137E-28
   1.0003841E+01   2.2878505E-28   2.2878505E-28
   1.0072267E+01   1.3678405E-28   1.3678405E-28
   1.0141160E+01   8.1492116E-29   8.1492116E-29
   1.0210524E+01   4.8379080E-29   4.8379080E-29
   1.0280363E+01   2.8618769E-29   2.8618769E-29
   1.0350680E+01   1.6868833E-29   1.6868833E-29
   1.0421478E+01   9.9071606E-30   9.9071606E-30
   1.0492760E+01   5.7973926E-30   5.7973926E-30
   1.0564529E+01   3.3800627E-30   3.3800627E-30
   1.0636789E+01   1.9634257E-30   1.9634257E-30
   1.0709544E+01   1.1362945E-30   1.1362945E-30
   1.0782796E+01   6.5515343E-31   6.5515343E-31
   1.0856550E+01   3.7632213E-31   3.7632213E-31
   1.0930807E+01   2.1534259E-31   2.1534259E-31
   1.1005573E+01   1.2275588E-31   1.2275588E-31
   1.1080850E+01   6.9708471E-32   6.9708471E-32
   1.1156642E+01   3.9431956E-32   3.9431956E-32
   1.1232952E+01   2.2218724E-32   2.2218724E-32
   1.1309784E+01   1.2470572E-32   1.2470572E-32
   1.1387142E+01   6.9716973E-33   6.9716973E-33
   1.1465029E+01   3.8820742E-33   3.8820742E-33
   1.1543449E+01   2.1530323E-33   2.1530323E-33
   1.1622405E+01   1.1892873E-33   1.1892873E-33
   1.1701901E+01   6.5427543E-34   6.5427543E-34
   1.1781940E+01   3.5847595E-34   3.5847595E-34
   1.1862528E+01   1.9560182E-34   1.9560182E-34
   1.1943666E+01   1.0628867E-34   1.0628867E-34
   1.2025360E+01   5.7516392E-35   5.7516392E-35
   1.2107612E+01   3.0993659E-35   3.0993659E-35
   1.2190427E+01   1.6630895E-35   1.6630895E-35
   1.2273808E+01   8.8860864E-36   8.8860864E-36
   1.2357759E+01   4.7276412E-36   4.7276412E-36
   1.2442285E+01   2.5044067E-36   2.5044067E-36
   1.2527389E+01   1.3209270E-36   1.3209270E-36
   1.2613075E+01   6.9367090E-37   6.9367090E-37
   1.2699347E+01   3.6267358E-37   3.6267358E-37
   1.2786209E+01   1.8877874E-37   1.8877874E-37
   1.2873665E+01   9.7825445E-38   9.7825445E-38
   1.2961720E+01   5.0466007E-38   5.0466007E-38
   1.3050377E+01   2.5916782E-38   2.5916782E-38
   1.3139640E+01   1.3249053E-38   1.3249053E-38
   1.3229514E+01   6.7421241E-39   6.7421241E-39
   1.3320002E+01   3.4150979E-39   3.4150979E-39
   1.3411109E+01   1.7218305E-39   1.7218305E-39
   1.3502840E+01   8.6406158E-40   8.6406158E-40
   1.3595198E+01   4.3157089E-40   4.3157089E-40
   1.3688187E+01   2.1453530E-40   2.1453530E-40
   1.3781813E+01   1.0613790E-40   1.0613790E-40
   1.3876079E+01   5.2258046E-41   5.2258046E-41
   1.3970990E+01   2.5605454E-41   2.5605454E-41
   1.4066550E+01   1.2485159E-41   1.2485159E-41
   1.4162763E+01   6.0579196E-42   6.0579196E-42
   1.4259635E+01   2.9248672E-42   2.9248672E-42
   1.4357169E+01   1.4051652E-42   1.4051652E-42
   1.4455371E+01   6.7169540E-43   6.7169540E-43
   1.4554244E+01   3.1946720E-43   3.1946720E-43
   1.4653793E+01   1.5117296E-43   1.5117296E-43
   1.4754024E+01   7.1170623E-44   7.1170623E-44
   1.4854939E+01   3.3334279E-44   3.3334279E-44
   1.4956545E+01   1.5532083E-44   1.5532083E-44
   1.5058846E+01   7.1994823E-45   7.1994823E-45
   1.5161847E+01   3.3196344E-45   3.3196344E-45
   1.5265552E+01   1.5225832E-45   1.5225832E-45
   1.5369967E+01   6.9463696E-46   6.9463696E-46
   1.5475096E+01   3.1521360E-46   3.1521360E-46
   1.5580944E+01   1.4226769E-46   1.4226769E-46
   1.5687516E+01   6.3862486E-47   6.3862486E-47
   1.5794816E+01   2.8510668E-47   2.8510668E-47
   1.5902851E+01   1.2658280E-47   1.2658280E-47
   1.6011625E+01   5.5889639E-48   5.5889639E-48
   1.6121142E+01   2.4539217E-48   2.4539217E-48
   1.6231409E+01   1.0713901E-48   1.0713901E-48
   1.6342430E+01   4.6512943E-49   4.6512943E-49
   1.6454210E+01   2.0077964E-49   2.0077964E-49
   1.6566755E+01   8.6173065E-50   8.6173065E-50
   1.6680069E+01   3.6771540E-50   3.6771540E-50
   1.6794159E+01   1.5599951E-50   1.5599951E-50
   1.6909029E+01   6.5794333E-51   6.5794333E-51
   1.7024685E+01   2.7586085E-51   2.7586085E-51
   1.7141132E+01   1.1497684E-51   1.1497684E-51
   1.7258375E+01   4.7635608E-52   4.7635608E-52
   1.7376420E+01   1.9617164E-52   1.9617164E-52
   1.7495273E+01   8.0298221E-53   8.0298221E-53
   1.7614938E+01   3.2668014E-53   3.2668014E-53
   1.7735422E+01   1.3208954E-53   1.3208954E-53
   1.7856730E+01   5.3079232E-54   5.3079232E-54
   1.7978868E+01   2.1196926E-54   2.1196926E-54
   1.8101841E+01   8.4119086E-55   8.4119086E-55
   1.8225656E+01   3.3171942E-55   3.3171942E-55
   1.8350317E+01   1.2998195E-55   1.2998195E-55
   1.8475831E+01   5.0607161E-56   5.0607161E-56
   1.8602203E+01   1.9576658E-56   1.9576658E-56
   1.8729440E+01   7.5239079E-57   7.5239079E-57
   1.8857547E+01   2.8728128E-57   2.8728128E-57
   1.8986530E+01   1.0897091E-57   1.0897091E-57
   1.9116396E+01   4.1061373E-58   4.1061373E-58
   1.9247149E+01   1.5369375E-58   1.5369375E-58
   1.9378798E+01   5.7142445E-59   5.7142445E-59
   1.9511346E+01   2.1101881E-59   2.1101881E-59
   1.9644801E+01   7.7396796E-60   7.7396796E-60
   1.9779169E+01   2.8193167E-60   2.8193167E-60
   1.9914456E+01   1.0199133E-60   1.0199133E-60
   2.0050669E+01   3.6640420E-61   3.6640420E-61
   2.0187813E+01   1.3071174E-61   1.3071174E-61
   2.0325895E+01   4.6302526E-62   4.6302526E-62
   2.0464921E+01   1.6285817E-62   1.6285817E-62
   2.0604899E+01   5.6873232E-63   5.6873232E-63
   2.0745833E+01   1.9718757E-63   1.9718757E-63
   2.0887732E+01   6.7873679E-64   6.7873679E-64
   2.1030602E+01   2.3192553E-64   2.3192553E-64
   2.1174448E+01   7.8668893E-65   7.8668893E-65
   2.1319279E+01   2.6487567E-65   2.6487567E-65
   2.1465100E+01   8.8520403E-66   8.8520403E-66
   2.1611918E+01   2.9361929E-66   2.9361929E-66
   2.1759741E+01   9.6659174E-67   9.6659174E-67
   2.1908575E+01   3.1578838E-67   3.1578838E-67
   2.2058427E+01   1.0238135E-67   1.0238135E-67
   2.2209304E+01   3.2937769E-68   3.2937769E-68
   2.2361212E+01   1.0514602E-68   1.0514602E-68
   2.2514160E+01   3.3303772E-69   3.3303772E-69
   2.2668154E+01   1.0465798E-69   1.0465798E-69
   2.2823201E+01   3.2629160E-70   3.2629160E-70
   2.2979309E+01   1.0091833E-70   1.0091833E-70
   2.3136484E+01   3.0962841E-71   3.0962841E-71
   2.3294735E+01   9.4231000E-72   9.4231000E-72
   2.3454068E+01   2.8444911E-72   2.8444911E-72
   2.3614490E+01   8.5162522E-73   8.5162522E-73
   2.3776010E+01   2.5287200E-73   2.5287200E-73
   2.3938635E+01   7.4462270E-74   7.4462270E-74
   2.4102372E+01   2.1743521E-74   2.1743521E-74
   2.4267229E+01   6.2958761E-75   6.2958761E-75
   2.4433214E+01   1.8075469E-75   1.8075469E-75
   2.4600334E+01   5.1452240E-76   5.1452240E-76
   2.4768597E+01   1.4520259E-76   1.4520259E-76
   2.4938011E+01   4.0623152E-77   4.0623152E-77
   2.5108583E+01   1.1266154E-77   1.1266154E-77
   2.5280323E+01   0.0000000E+00   0.0000000E+00
   2.5453237E+01   0.0000000E+00   0.0000000E+00
   2.5627334E+01   0.0000000E+00   0.0000000E+00
   2.5802621E+01   0.0000000E+00   0.0000000E+00
   2.5979108E+01   0.0000000E+00   0.0000000E+00
   2.6156801E+01   0.0000000E+00   0.0000000E+00
   2.6335710E+01   0.0000000E+00   0.0000000E+00
   2.6515843E+01   0.0000000E+00   0.0000000E+00
   2.6697208E+01   0.0000000E+00   0.0000000E+00
   2.6879813E+01   0.0000000E+00   0.0000000E+00
   2.7063667E+01   0.0000000E+00   0.0000000E+00
   2.7248779E+01   0.0000000E+00   0.0000000E+00
   2.7435157E+01   0.0000000E+00   0.0000000E+00
   2.7622810E+01   0.0000000E+00   0.0000000E+00
   2.7811746E+01   0.0000000E+00   0.0000000E+00
   2.8001974E+01   0.0000000E+00   0.0000000E+00
   2.8193504E+01   0.0000000E+00   0.0000000E+00
   2.8386344E+01   0.0000000E+00   0.0000000E+00
   2.8580503E+01   0.0000000E+00   0.0000000E+00
   2.8775989E+01   0.0000000E+00   0.0000000E+00
   2.8972813E+01   0.0000000E+00   0.0000000E+00
   2.9170983E+01   0.0000000E+00   0.0000000E+00
   2.9370509E+01   0.0000000E+00   0.0000000E+00
   2.9571399E+01   0.0000000E+00   0.0000000E+00
   2.9773663E+01   0.0000000E+00   0.0000000E+00
   2.9977311E+01   0.0000000E+00   0.0000000E+00
   3.0182352E+01   0.0000000E+00   0.0000000E+00
   3.0388795E+01   0.0000000E+00   0.0000000E+00
   3.0596650E+01   0.0000000E+00   0.0000000E+00
   3.0805927E+01   0.0000000E+00   0.0000000E+00
   3.1016635E+01   0.0000000E+00   0.0000000E+00
   3.1228784E+01   0.0000000E+00   0.0000000E+00
   3.1442385E+01   0.0000000E+00   0.0000000E+00
   3.1657447E+01   0.0000000E+00   0.0000000E+00
   3.1873979E+01   0.0000000E+00   0.0000000E+00
   3.2091993E+01   0.0000000E+00   0.0000000E+00
   3.2311497E+01   0.0000000E+00   0.0000000E+00
   3.2532504E+01   0.0000000E+00   0.0000000E+00
   3.2755021E+01   0.0000000E+00   0.0000000E+00
   3.2979061E+01   0.0000000E+00   0.0000000E+00
   3.3204633E+01   0.0000000E+00   0.0000000E+00
   3.3431748E+01   0.0000000E+00   0.0000000E+00
   3.3660417E+01   0.0000000E+00   0.0000000E+00
   3.3890649E+01   0.0000000E+00   0.0000000E+00
   3.4122457E+01   0.0000000E+00   0.0000000E+00
   3.4355849E+01   0.0000000E+00   0.0000000E+00
   3.4590839E+01   0.0000000E+00   0.0000000E+00
   3.4827435E+01   0.0000000E+00   0.0000000E+00
   3.5065650E+01   0.0000000E+00   0.0000000E+00
   3.5305494E+01   0.0000000E+00   0.0000000E+00
   3.5546978E+01   0.0000000E+00   0.0000000E+00
   3.5790115E+01   0.0000000E+00   0.0000000E+00
   3.6034914E+01   0.0000000E+00   0.0000000E+00
   3.6281388E+01   0.0000000E+00   0.0000000E+00
   3.6529547E+01   0.0000000E+00   0.0000000E+00
   3.6779404E+01   0.0000000E+00   0.0000000E+00
   3.7030970E+01   0.0000000E+00   0.0000000E+00
   3.7284257E+01   0.0000000E+00   0.0000000E+00
   3.7539276E+01   0.0000000E+00   0.0000000E+00
   3.7796039E+01   0.0000000E+00   0.0000000E+00
   3.8054558E+01   0.0000000E+00   0.0000000E+00
   3.8314846E+01   0.0000000E+00   0.0000000E+00
   3.8576914E+01   0.0000000E+00   0.0000000E+00
   3.8840775E+01   0.0000000E+00   0.0000000E+00
   3.9106440E+01   0.0000000E+00   0.0000000E+00
   3.9373923E+01   0.0000000E+00   0.0000000E+00
   3.9643235E+01   0.0000000E+00   0.0000000E+00
   3.9914389E+01   0.0000000E+00   0.0000000E+00
   4.0187397E+01   0.0000000E+00   0.0000000E+00
   4.0462273E+01   0.0000000E+00   0.0000000E+00
   4.0739030E+01   0.0000000E+00   0.0000000E+00
   4.1017679E+01   0.0000000E+00   0.0000000E+00
   4.1298234E+01   0.0000000E+00   0.0000000E+00
   4.1580708E+01   0.0000000E+00   0.0000000E+00
   4.1865114E+01   0.0000000E+00   0.0000000E+00
   4.2151465E+01   0.0000000E+00   0.0000000E+00
   4.2439775E+01   0.0000000E+00   0.0000000E+00
   4.2730057E+01   0.0000000E+00   0.0000000E+00
   4.3022324E+01   0.0000000E+00   0.0000000E+00
   4.3316591E+01   0.0000000E+00   0.0000000E+00
   4.3612870E+01   0.0000000E+00   0.0000000E+00
   4.3911176E+01   0.0000000E+00   0.0000000E+00
   4.4211522E+01   0.0000000E+00   0.0000000E+00
   4.4513922E+01   0.0000000E+00   0.0000000E+00
   4.4818391E+01   0.0000000E+00   0.0000000E+00
   4.5124942E+01   0.0000000E+00   0.0000000E+00
   4.5433590E+01   0.0000000E+00   0.0000000E+00
   4.5744349E+01   0.0000000E+00   0.0000000E+00
   4.6057234E+01   0.0000000E+00   0.0000000E+00
   4.6372259E+01   0.0000000E+00   0.0000000E+00
   4.6689438E+01   0.0000000E+00   0.0000000E+00
   4.7008787E+01   0.0000000E+00   0.0000000E+00
   4.7330320E+01   0.0000000E+00   0.0000000E+00
   4.7654053E+01   0.0000000E+00   0.0000000E+00
   4.7980000E+01   0.0000000E+00   0.0000000E+00
   4.8308176E+01   0.0000000E+00   0.0000000E+00
   4.8638597E+01   0.0000000E+00   0.0000000E+00
   4.8971278E+01   0.0000000E+00   0.0000000E+00
   4.9306234E+01   0.0000000E+00   0.0000000E+00
   4.9643481E+01   0.0000000E+00   0.0000000E+00
   4.9983036E+01   0.0000000E+00   0.0000000E+00
   5.0324912E+01   0.0000000E+00   0.0000000E+00
   5.0669127E+01   0.0000000E+00   0.0000000E+00
   5.1015697E+01   0.0000000E+00   0.0000000E+00
   5.1364636E+01   0.0000000E+00   0.0000000E+00
   5.1715963E+01   0.0000000E+00   0.0000000E+00
   5.2069693E+01   0.0000000E+00   0.0000000E+00
   5.2425842E+01   0.0000000E+00   0.0000000E+00
   5.2784427E+01   0.0000000E+00   0.0000000E+00
   5.3145464E+01   0.0000000E+00   0.0000000E+00
   5.3508971E+01   0.0000000E+00   0.0000000E+00
   5.3874965E+01   0.0000000E+00   0.0000000E+00
   5.4243462E+01   0.0000000E+00   0.0000000E+00
   5.4614479E+01   0.0000000E+00   0.0000000E+00
   5.4988034E+01   0.0000000E+00   0.0000000E+00
   5.5364144E+01   0.0000000E+00   0.0000000E+00
   5.5742826E+01   0.0000000E+00   0.0000000E+00
   5.6124099E+01   0.0000000E+00   0.0000000E+00
   5.6507980E+01   0.0000000E+00   0.0000000E+00
   5.6894486E+01   0.0000000E+00   0.0000000E+00
   5.7283636E+01   0.0000000E+00   0.0000000E+00
   5.7675447E+01   0.0000000E+00   0.0000000E+00
   5.8069939E+01   0.0000000E+00   0.0000000E+00
   5.8467128E+01   0.0000000E+00   0.0000000E+00
   5.8867035E+01   0.0000000E+00   0.0000000E+00
   5.9269677E+01   0.0000000E+00   0.0000000E+00
   5.9675072E+01   0.0000000E+00   0.0000000E+00
   6.0083241E+01   0.0000000E+00   0.0000000E+00
   6.0494201E+01   0.0000000E+00   0.0000000E+00
   6.0907973E+01   0.0000000E+00   0.0000000E+00
   6.1324574E+01   0.0000000E+00   0.0000000E+00
   6.1744025E+01   0.0000000E+00   0.0000000E+00
   6.2166345E+01   0.0000000E+00   0.0000000E+00
   6.2591554E+01   0.0000000E+00   0.0000000E+00
   6.3019670E+01   0.0000000E+00   0.0000000E+00
   6.3450716E+01   0.0000000E+00   0.0000000E+00
   6.3884709E+01   0.0000000E+00   0.0000000E+00
   6.4321671E+01   0.0000000E+00   0.0000000E+00
   6.4761621E+01   0.0000000E+00   0.0000000E+00
   6.5204581E+01   0.0000000E+00   0.0000000E+00
   6.5650571E+01   0.0000000E+00   0.0000000E+00
   6.6099611E+01   0.0000000E+00   0.0000000E+00
   6.6551722E+01   0.0000000E+00   0.0000000E+00
   6.7006926E+01   0.0000000E+00   0.0000000E+00
   6.7465243E+01   0.0000000E+00   0.0000000E+00
   6.7926695E+01   0.0000000E+00   0.0000000E+00
   6.8391304E+01   0.0000000E+00   0.0000000E+00
   6.8859090E+01   0.0000000E+00   0.0000000E+00
   6.9330076E+01   0.0000000E+00   0.0000000E+00
   6.9804283E+01   0.0000000E+00   0.0000000E+00
   7.0281734E+01   0.0000000E+00   0.0000000E+00
   7.0762450E+01   0.0000000E+00   0.0000000E+00
   7.1246455E+01   0.0000000E+00   0.0000000E+00
   7.1733770E+01   0.0000000E+00   0.0000000E+00
   7.2224418E+01   0.0000000E+00   0.0000000E+00
   7.2718422E+01   0.0000000E+00   0.0000000E+00
   7.3215805E+01   0.0000000E+00   0.0000000E+00
   7.3716590E+01   0.0000000E+00   0.0000000E+00
   7.4220801E+01   0.0000000E+00   0.0000000E+00
   7.4728460E+01   0.0000000E+00   0.0000000E+00
   7.5239591E+01   0.0000000E+00   0.0000000E+00
   7.5754218E+01   0.0000000E+00   0.0000000E+00
   7.6272366E+01   0.0000000E+00   0.0000000E+00
   7.6794057E+01   0.0000000E+00   0.0000000E+00
   7.7319317E+01   0.0000000E+00   0.0000000E+00
   7.7848169E+01   0.0000000E+00   0.0000000E+00
   7.8380639E+01   0.0000000E+00   0.0000000E+00
   7.8916751E+01   0.0000000E+00   0.0000000E+00
   7.9456529E+01   0.0000000E+00   0.0000000E+00
   8.0000000E+01   0.0000000E+00   0.0000000E+00
