  0.0000000E+00  5.41938926502169416E+00
  6.5667805E-07  5.41941876503376374E+00
  1.3178477E-06  5.41942123907606188E+00
  1.9835396E-06  5.41941675873061435E+00
  2.6537847E-06  5.41941580029455494E+00
  3.3286143E-06  5.41941924478012815E+00
  4.0080595E-06  5.41941797004584203E+00
  4.6921520E-06  5.41941707075716916E+00
  5.3809237E-06  5.41941840428979127E+00
  6.0744064E-06  5.41941671080881626E+00
  6.7726324E-06  5.41941809873823654E+00
  7.4756342E-06  5.41941969077466457E+00
  8.1834444E-06  5.41941577517241591E+00
  8.8960959E-06  5.41941675792941879E+00
  9.6136218E-06  5.41942017598026826E+00
  1.0336055E-05  5.41941801457244043E+00
  1.1063431E-05  5.41941738743710921E+00
  1.1795781E-05  5.41941685803703788E+00
  1.2533140E-05  5.41941651180629069E+00
  1.3275543E-05  5.41941956503614719E+00
  1.4023023E-05  5.41941849524455943E+00
  1.4775617E-05  5.41941679327101866E+00
  1.5533358E-05  5.41941872372911959E+00
  1.6296281E-05  5.41941773322103248E+00
  1.7064423E-05  5.41941671358478860E+00
  1.7837819E-05  5.41941880498519524E+00
  1.8616505E-05  5.41941758216839453E+00
  1.9400517E-05  5.41941686885500573E+00
  2.0189892E-05  5.41941887470777495E+00
  2.0984665E-05  5.41941739006163825E+00
  2.1784875E-05  5.41941759448143845E+00
  2.2590558E-05  5.41941801923474920E+00
  2.3401752E-05  5.41941783088480200E+00
  2.4218494E-05  5.41941789238527338E+00
  2.5040823E-05  5.41941757971031102E+00
  2.5868776E-05  5.41941872642532907E+00
  2.6702393E-05  5.41941723847921608E+00
  2.7541711E-05  5.41941698761720403E+00
  2.8386770E-05  5.41941817398294212E+00
  2.9237609E-05  5.41941775143677074E+00
  3.0094267E-05  5.41941825450833470E+00
  3.0956785E-05  5.41941802561388197E+00
  3.1825203E-05  5.41941726643323207E+00
  3.2699560E-05  5.41941774353845584E+00
  3.3579898E-05  5.41941813248579329E+00
  3.4466257E-05  5.41941757578217587E+00
  3.5358679E-05  5.41941789026010934E+00
  3.6257205E-05  5.41941809849611733E+00
  3.7161876E-05  5.41941673705657490E+00
  3.8072736E-05  5.41941810561562409E+00
  3.8989825E-05  5.41941866142780970E+00
  3.9913187E-05  5.41941678032170948E+00
  4.0842865E-05  5.41941826518290615E+00
  4.1778902E-05  5.41941857321175924E+00
  4.2721341E-05  5.41941677451807813E+00
  4.3670226E-05  5.41941774022618539E+00
  4.4625602E-05  5.41941853345250824E+00
  4.5587512E-05  5.41941719283062717E+00
  4.6556001E-05  5.41941716382317207E+00
  4.7531115E-05  5.41941859384069602E+00
  4.8512898E-05  5.41941836087304551E+00
  4.9501396E-05  5.41941756592629531E+00
  5.0496656E-05  5.41941719803126176E+00
  5.1498723E-05  5.41941786997462760E+00
  5.2507644E-05  5.41941794532082532E+00
  5.3523466E-05  5.41941716182686317E+00
  5.4546236E-05  5.41941823884815399E+00
  5.5576002E-05  5.41941838926295727E+00
  5.6612811E-05  5.41941741041009983E+00
  5.7656711E-05  5.41941719180166981E+00
  5.8707752E-05  5.41941771986754350E+00
  5.9765982E-05  5.41941827259315101E+00
  6.0831450E-05  5.41941788588256212E+00
  6.1904205E-05  5.41941774277457000E+00
  6.2984298E-05  5.41941782017345020E+00
  6.4071779E-05  5.41941760810488216E+00
  6.5166697E-05  5.41941743778023621E+00
  6.6269105E-05  5.41941790682295998E+00
  6.7379053E-05  5.41941797351882926E+00
  6.8496593E-05  5.41941760881577572E+00
  6.9621777E-05  5.41941782788244986E+00
  7.0754657E-05  5.41941748153521097E+00
  7.1895286E-05  5.41941781997928373E+00
  7.3043716E-05  5.41941787368090111E+00
  7.4200001E-05  5.41941754338476223E+00
  7.5364195E-05  5.41941802926489924E+00
  7.6536353E-05  5.41941769705521459E+00
  7.7716527E-05  5.41941769291384112E+00
  7.8904774E-05  5.41941771912925141E+00
  8.0101148E-05  5.41941768419042269E+00
  8.1305705E-05  5.41941819110796175E+00
  8.2518501E-05  5.41941722854379115E+00
  8.3739592E-05  5.41941730103463382E+00
  8.4969036E-05  5.41941805854067038E+00
  8.6206888E-05  5.41941803635997132E+00
  8.7453208E-05  5.41941814729333160E+00
  8.8708052E-05  5.41941720550520412E+00
  8.9971479E-05  5.41941736336577851E+00
  9.1243547E-05  5.41941810083289877E+00
  9.2524317E-05  5.41941769070537127E+00
  9.3813846E-05  5.41941759906478904E+00
  9.5112196E-05  5.41941792066257477E+00
  9.6419426E-05  5.41941754594141134E+00
  9.7735598E-05  5.41941741475263417E+00
  9.9060772E-05  5.41941792539204847E+00
  1.0039501E-04  5.41941780566350939E+00
  1.0173837E-04  5.41941763767216855E+00
  1.0309093E-04  5.41941762823735917E+00
  1.0445273E-04  5.41941775766247602E+00
  1.0582385E-04  5.41941766867017449E+00
  1.0720434E-04  5.41941753096979362E+00
  1.0859428E-04  5.41941789989617817E+00
  1.0999373E-04  5.41941765037185252E+00
  1.1140275E-04  5.41941728008264612E+00
  1.1282140E-04  5.41941770935875589E+00
  1.1424976E-04  5.41941817463976427E+00
  1.1568789E-04  5.41941767123125029E+00
  1.1713585E-04  5.41941692154688859E+00
  1.1859372E-04  5.41941759478518392E+00
  1.2006156E-04  5.41941828020880667E+00
  1.2153944E-04  5.41941756418400278E+00
  1.2302743E-04  5.41941769689385211E+00
  1.2452559E-04  5.41941753609328991E+00
  1.2603401E-04  5.41941729860657073E+00
  1.2755274E-04  5.41941781924532506E+00
  1.2908186E-04  5.41941758315283462E+00
  1.3062143E-04  5.41941773591565656E+00
  1.3217154E-04  5.41941752938987698E+00
  1.3373225E-04  5.41941753589543662E+00
  1.3530364E-04  5.41941768894398912E+00
  1.3688577E-04  5.41941743102240281E+00
  1.3847872E-04  5.41941772584957793E+00
  1.4008258E-04  5.41941761481454964E+00
  1.4169740E-04  5.41941754072085757E+00
  1.4332326E-04  5.41941773087589151E+00
  1.4496025E-04  5.41941740244328685E+00
  1.4660843E-04  5.41941736904500004E+00
  1.4826789E-04  5.41941757322703666E+00
  1.4993869E-04  5.41941776143949294E+00
  1.5162093E-04  5.41941756080645209E+00
  1.5331467E-04  5.41941723936996489E+00
  1.5502000E-04  5.41941771014860851E+00
  1.5673699E-04  5.41941773911631941E+00
  1.5846572E-04  5.41941737452000183E+00
  1.6020628E-04  5.41941744213088583E+00
  1.6195874E-04  5.41941752833198986E+00
  1.6372319E-04  5.41941753178752617E+00
  1.6549971E-04  5.41941755832760741E+00
  1.6728838E-04  5.41941737571894233E+00
  1.6908928E-04  5.41941721199992799E+00
  1.7090250E-04  5.41941754311081869E+00
  1.7272813E-04  5.41941761754612816E+00
  1.7456624E-04  5.41941740795625826E+00
  1.7641692E-04  5.41941748329390371E+00
  1.7828026E-04  5.41941749952621077E+00
  1.8015635E-04  5.41941745214351744E+00
  1.8204527E-04  5.41941733502479739E+00
  1.8394711E-04  5.41941728040638537E+00
  1.8586195E-04  5.41941747552624342E+00
  1.8778990E-04  5.41941754565712763E+00
  1.8973103E-04  5.41941736914915673E+00
  1.9168544E-04  5.41941723454262814E+00
  1.9365321E-04  5.41941745215062465E+00
  1.9563445E-04  5.41941729622416712E+00
  1.9762923E-04  5.41941720369797597E+00
  1.9963766E-04  5.41941758402529583E+00
  2.0165983E-04  5.41941736907389249E+00
  2.0369583E-04  5.41941710416841715E+00
  2.0574576E-04  5.41941743018448907E+00
  2.0780970E-04  5.41941747058491785E+00
  2.0988777E-04  5.41941709609695632E+00
  2.1198004E-04  5.41941717950830526E+00
  2.1408663E-04  5.41941734076866943E+00
  2.1620763E-04  5.41941736805779684E+00
  2.1834313E-04  5.41941724659687551E+00
  2.2049324E-04  5.41941727801090423E+00
  2.2265806E-04  5.41941724193383934E+00
  2.2483768E-04  5.41941704430483462E+00
  2.2703221E-04  5.41941720099583435E+00
  2.2924175E-04  5.41941719650433917E+00
  2.3146641E-04  5.41941724236118816E+00
  2.3370628E-04  5.41941724983638640E+00
  2.3596147E-04  5.41941715935645529E+00
  2.3823209E-04  5.41941707338754330E+00
  2.4051824E-04  5.41941693445497830E+00
  2.4282002E-04  5.41941719027330215E+00
  2.4513755E-04  5.41941731752670552E+00
  2.4747093E-04  5.41941702353217991E+00
  2.4982027E-04  5.41941699090779672E+00
  2.5218568E-04  5.41941714192984225E+00
  2.5456726E-04  5.41941703557368015E+00
  2.5696514E-04  5.41941702624229027E+00
  2.5937942E-04  5.41941709531967231E+00
  2.6181021E-04  5.41941688885668515E+00
  2.6425763E-04  5.41941694860547862E+00
  2.6672179E-04  5.41941707450886501E+00
  2.6920280E-04  5.41941692815649212E+00
  2.7170078E-04  5.41941699999352977E+00
  2.7421585E-04  5.41941694738180146E+00
  2.7674812E-04  5.41941674341727087E+00
  2.7929771E-04  5.41941691654653734E+00
  2.8186474E-04  5.41941696872191958E+00
  2.8444933E-04  5.41941679324458114E+00
  2.8705160E-04  5.41941687791387938E+00
  2.8967166E-04  5.41941682884954457E+00
  2.9230965E-04  5.41941674001200902E+00
  2.9496568E-04  5.41941690322456004E+00
  2.9763987E-04  5.41941683186688916E+00
  3.0033236E-04  5.41941664838550885E+00
  3.0304326E-04  5.41941668388731568E+00
  3.0577271E-04  5.41941671358009103E+00
  3.0852082E-04  5.41941671466332409E+00
  3.1128773E-04  5.41941674362219761E+00
  3.1407357E-04  5.41941653909506282E+00
  3.1687846E-04  5.41941659217469951E+00
  3.1970254E-04  5.41941677220702633E+00
  3.2254593E-04  5.41941651834245697E+00
  3.2540877E-04  5.41941648754443861E+00
  3.2829119E-04  5.41941667407316174E+00
  3.3119333E-04  5.41941655073557715E+00
  3.3411532E-04  5.41941636939769733E+00
  3.3705729E-04  5.41941647067674381E+00
  3.4001939E-04  5.41941656175228115E+00
  3.4300174E-04  5.41941640212727993E+00
  3.4600450E-04  5.41941630830855647E+00
  3.4902779E-04  5.41941646703399016E+00
  3.5207176E-04  5.41941636788320924E+00
  3.5513656E-04  5.41941623292828911E+00
  3.5822231E-04  5.41941632628998793E+00
  3.6132917E-04  5.41941631484697339E+00
  3.6445728E-04  5.41941628626255323E+00
  3.6760679E-04  5.41941614894602974E+00
  3.7077784E-04  5.41941619899618754E+00
  3.7397058E-04  5.41941626256741316E+00
  3.7718516E-04  5.41941611469628626E+00
  3.8042172E-04  5.41941610585765954E+00
  3.8368042E-04  5.41941604617393757E+00
  3.8696141E-04  5.41941601138043971E+00
  3.9026485E-04  5.41941606183723135E+00
  3.9359087E-04  5.41941600768503573E+00
  3.9693965E-04  5.41941589813915670E+00
  4.0031133E-04  5.41941594661336357E+00
  4.0370608E-04  5.41941602166263170E+00
  4.0712404E-04  5.41941583937051696E+00
  4.1056538E-04  5.41941572459494481E+00
  4.1403026E-04  5.41941579447332344E+00
  4.1751884E-04  5.41941579723961908E+00
  4.2103128E-04  5.41941572856963383E+00
  4.2456774E-04  5.41941572206699362E+00
  4.2812840E-04  5.41941565802646519E+00
  4.3171340E-04  5.41941560269583444E+00
  4.3532293E-04  5.41941560442502190E+00
  4.3895715E-04  5.41941552089527612E+00
  4.4261622E-04  5.41941552497741696E+00
  4.4630033E-04  5.41941547776342247E+00
  4.5000963E-04  5.41941537700882225E+00
  4.5374430E-04  5.41941538714556525E+00
  4.5750452E-04  5.41941541606873400E+00
  4.6129045E-04  5.41941534630213706E+00
  4.6510228E-04  5.41941525545426739E+00
  4.6894019E-04  5.41941521905657453E+00
  4.7280434E-04  5.41941514265631685E+00
  4.7669492E-04  5.41941515059267509E+00
  4.8061212E-04  5.41941511346244287E+00
  4.8455611E-04  5.41941504003368824E+00
  4.8852707E-04  5.41941504482391156E+00
  4.9252520E-04  5.41941494895263176E+00
  4.9655067E-04  5.41941486991222998E+00
  5.0060367E-04  5.41941489035535540E+00
  5.0468440E-04  5.41941486502495007E+00
  5.0879304E-04  5.41941476090748964E+00
  5.1292978E-04  5.41941469552065946E+00
  5.1709482E-04  5.41941468057449427E+00
  5.2128834E-04  5.41941462377785221E+00
  5.2551055E-04  5.41941456695922952E+00
  5.2976163E-04  5.41941453249547767E+00
  5.3404180E-04  5.41941446845754449E+00
  5.3835123E-04  5.41941436757177186E+00
  5.4269015E-04  5.41941435760849899E+00
  5.4705874E-04  5.41941434471261729E+00
  5.5145721E-04  5.41941422642511750E+00
  5.5588577E-04  5.41941416038525592E+00
  5.6034462E-04  5.41941412064622785E+00
  5.6483396E-04  5.41941407232627714E+00
  5.6935402E-04  5.41941401709124992E+00
  5.7390498E-04  5.41941395479991783E+00
  5.7848708E-04  5.41941388621964393E+00
  5.8310052E-04  5.41941379071965379E+00
  5.8774551E-04  5.41941375596923614E+00
  5.9242227E-04  5.41941371329447019E+00
  5.9713102E-04  5.41941361063338878E+00
  6.0187198E-04  5.41941356882234704E+00
  6.0664537E-04  5.41941350361741581E+00
  6.1145140E-04  5.41941342262897940E+00
  6.1629031E-04  5.41941334202220837E+00
  6.2116232E-04  5.41941324451373951E+00
  6.2606765E-04  5.41941323226861549E+00
  6.3100653E-04  5.41941318089793622E+00
  6.3597919E-04  5.41941303570989952E+00
  6.4098586E-04  5.41941296054278787E+00
  6.4602678E-04  5.41941294461490486E+00
  6.5110218E-04  5.41941284459557782E+00
  6.5621229E-04  5.41941273662523049E+00
  6.6135736E-04  5.41941269593001440E+00
  6.6653761E-04  5.41941260015998516E+00
  6.7175330E-04  5.41941248459767078E+00
  6.7700467E-04  5.41941244617140772E+00
  6.8229195E-04  5.41941235405562871E+00
  6.8761539E-04  5.41941223458049670E+00
  6.9297525E-04  5.41941219952826447E+00
  6.9837177E-04  5.41941211410874057E+00
  7.0380520E-04  5.41941198810125702E+00
  7.0927579E-04  5.41941188254059991E+00
  7.1478380E-04  5.41941180920277166E+00
  7.2032949E-04  5.41941173686937105E+00
  7.2591310E-04  5.41941162480542893E+00
  7.3153491E-04  5.41941153656722108E+00
  7.3719517E-04  5.41941142504591600E+00
  7.4289415E-04  5.41941132874420894E+00
  7.4863210E-04  5.41941124646905514E+00
  7.5440930E-04  5.41941112263792668E+00
  7.6022602E-04  5.41941103918767286E+00
  7.6608252E-04  5.41941093515351202E+00
  7.7197908E-04  5.41941079761011846E+00
  7.7791597E-04  5.41941071350333736E+00
  7.8389347E-04  5.41941062267483886E+00
  7.8991186E-04  5.41941048977518491E+00
  7.9597141E-04  5.41941035310520203E+00
  8.0207240E-04  5.41941026242767077E+00
  8.0821513E-04  5.41941016526149966E+00
  8.1439987E-04  5.41941000258682148E+00
  8.2062691E-04  5.41940989475481327E+00
  8.2689654E-04  5.41940981965636226E+00
  8.3320906E-04  5.41940967905587545E+00
  8.3956476E-04  5.41940952872846271E+00
  8.4596392E-04  5.41940940128570947E+00
  8.5240686E-04  5.41940927758240232E+00
  8.5889386E-04  5.41940916985619658E+00
  8.6542524E-04  5.41940902377298084E+00
  8.7200129E-04  5.41940887640286650E+00
  8.7862231E-04  5.41940876664095406E+00
  8.8528863E-04  5.41940861123353113E+00
  8.9200054E-04  5.41940848109309758E+00
  8.9875836E-04  5.41940834041148456E+00
  9.0556240E-04  5.41940817913828443E+00
  9.1241298E-04  5.41940803956370232E+00
  9.1931042E-04  5.41940788437284215E+00
  9.2625503E-04  5.41940774052588825E+00
  9.3324714E-04  5.41940760389621445E+00
  9.4028708E-04  5.41940745091290133E+00
  9.4737517E-04  5.41940727896155483E+00
  9.5451175E-04  5.41940711571717237E+00
  9.6169713E-04  5.41940694760303732E+00
  9.6893167E-04  5.41940679364013445E+00
  9.7621568E-04  5.41940665034416025E+00
  9.8354952E-04  5.41940646373573909E+00
  9.9093352E-04  5.41940627507735151E+00
  9.9836802E-04  5.41940612558338319E+00
  1.0058534E-03  5.41940593874416798E+00
  1.0133899E-03  5.41940574398116848E+00
  1.0209780E-03  5.41940559853935255E+00
  1.0286180E-03  5.41940540521547653E+00
  1.0363103E-03  5.41940519541073673E+00
  1.0440552E-03  5.41940502447443873E+00
  1.0518530E-03  5.41940483668257578E+00
  1.0597042E-03  5.41940463067296641E+00
  1.0676091E-03  5.41940443636878211E+00
  1.0755680E-03  5.41940423733214249E+00
  1.0835814E-03  5.41940404069261916E+00
  1.0916496E-03  5.41940383557523475E+00
  1.0997730E-03  5.41940361497163003E+00
  1.1079520E-03  5.41940340966629464E+00
  1.1161869E-03  5.41940319691623706E+00
  1.1244781E-03  5.41940296562541590E+00
  1.1328260E-03  5.41940274969135771E+00
  1.1412310E-03  5.41940254927690646E+00
  1.1496936E-03  5.41940231126519834E+00
  1.1582140E-03  5.41940205803515607E+00
  1.1667926E-03  5.41940183471889014E+00
  1.1754300E-03  5.41940161281533772E+00
  1.1841264E-03  5.41940136424826413E+00
  1.1928823E-03  5.41940110587212764E+00
  1.2016981E-03  5.41940087090577638E+00
  1.2105742E-03  5.41940062169983072E+00
  1.2195110E-03  5.41940034855949193E+00
  1.2285090E-03  5.41940011496617835E+00
  1.2375685E-03  5.41939985904982446E+00
  1.2466899E-03  5.41939956793967603E+00
  1.2558738E-03  5.41939930342747989E+00
  1.2651204E-03  5.41939903401857492E+00
  1.2744303E-03  5.41939875574314467E+00
  1.2838039E-03  5.41939847745930336E+00
  1.2932416E-03  5.41939819038801485E+00
  1.3027438E-03  5.41939789777131242E+00
  1.3123111E-03  5.41939760498201384E+00
  1.3219437E-03  5.41939730717121471E+00
  1.3316423E-03  5.41939702035683180E+00
  1.3414072E-03  5.41939671220335573E+00
  1.3512389E-03  5.41939637186363399E+00
  1.3611378E-03  5.41939606632685322E+00
  1.3711045E-03  5.41939576608569862E+00
  1.3811393E-03  5.41939543662955003E+00
  1.3912427E-03  5.41939511156648734E+00
  1.4014153E-03  5.41939476897806127E+00
  1.4116574E-03  5.41939442068910271E+00
  1.4219696E-03  5.41939409441098974E+00
  1.4323523E-03  5.41939375063726025E+00
  1.4428061E-03  5.41939338628410905E+00
  1.4533313E-03  5.41939302949077550E+00
  1.4639285E-03  5.41939267198096442E+00
  1.4745982E-03  5.41939230058855603E+00
  1.4853409E-03  5.41939193128916319E+00
  1.4961571E-03  5.41939155510666204E+00
  1.5070473E-03  5.41939116280877986E+00
  1.5180119E-03  5.41939077284722437E+00
  1.5290515E-03  5.41939038657401095E+00
  1.5401667E-03  5.41938998124939353E+00
  1.5513579E-03  5.41938957934050602E+00
  1.5626256E-03  5.41938917553332900E+00
  1.5739704E-03  5.41938874206929988E+00
  1.5853928E-03  5.41938831811787747E+00
  1.5968933E-03  5.41938790232465539E+00
  1.6084724E-03  5.41938746391801729E+00
  1.6201308E-03  5.41938701653737631E+00
  1.6318689E-03  5.41938657050995332E+00
  1.6436873E-03  5.41938611564312112E+00
  1.6555866E-03  5.41938565264038719E+00
  1.6675672E-03  5.41938519003256225E+00
  1.6796298E-03  5.41938472264979154E+00
  1.6917748E-03  5.41938424089307969E+00
  1.7040030E-03  5.41938374354124264E+00
  1.7163148E-03  5.41938324785667014E+00
  1.7287108E-03  5.41938275746707987E+00
  1.7411915E-03  5.41938224869105500E+00
  1.7537577E-03  5.41938172751881453E+00
  1.7664098E-03  5.41938120649996247E+00
  1.7791484E-03  5.41938068535346495E+00
  1.7919742E-03  5.41938014478132413E+00
  1.8048877E-03  5.41937958986394364E+00
  1.8178895E-03  5.41937904434441364E+00
  1.8309803E-03  5.41937848265256150E+00
  1.8441606E-03  5.41937790963716370E+00
  1.8574310E-03  5.41937734480818811E+00
  1.8707922E-03  5.41937675900799132E+00
  1.8842448E-03  5.41937615736010159E+00
  1.8977894E-03  5.41937555977613528E+00
  1.9114267E-03  5.41937495230167698E+00
  1.9251572E-03  5.41937433484628084E+00
  1.9389816E-03  5.41937371074448038E+00
  1.9529006E-03  5.41937307274129232E+00
  1.9669149E-03  5.41937242570577737E+00
  1.9810249E-03  5.41937177305038986E+00
  1.9952315E-03  5.41937111249592363E+00
  2.0095352E-03  5.41937044095203646E+00
  2.0239368E-03  5.41936975766942730E+00
  2.0384369E-03  5.41936906757814985E+00
  2.0530361E-03  5.41936836633767260E+00
  2.0677353E-03  5.41936765395280950E+00
  2.0825349E-03  5.41936693693558702E+00
  2.0974358E-03  5.41936620736972507E+00
  2.1124386E-03  5.41936546225820059E+00
  2.1275440E-03  5.41936471282814303E+00
  2.1427528E-03  5.41936395315112573E+00
  2.1580655E-03  5.41936317792879496E+00
  2.1734830E-03  5.41936239319335478E+00
  2.1890060E-03  5.41936160351363228E+00
  2.2046351E-03  5.41936079735125276E+00
  2.2203711E-03  5.41935997567891992E+00
  2.2362148E-03  5.41935914993075407E+00
  2.2521668E-03  5.41935831161791270E+00
  2.2682280E-03  5.41935745900225108E+00
  2.2843990E-03  5.41935659553401372E+00
  2.3006806E-03  5.41935571882143741E+00
  2.3170735E-03  5.41935483149645325E+00
  2.3335786E-03  5.41935393437587187E+00
  2.3501966E-03  5.41935301753412091E+00
  2.3669283E-03  5.41935209155037434E+00
  2.3837743E-03  5.41935115608192319E+00
  2.4007357E-03  5.41935019988328559E+00
  2.4178130E-03  5.41934923354026221E+00
  2.4350071E-03  5.41934826215679433E+00
  2.4523189E-03  5.41934726748072659E+00
  2.4697490E-03  5.41934625489973598E+00
  2.4872984E-03  5.41934523822071146E+00
  2.5049678E-03  5.41934420696793762E+00
  2.5227580E-03  5.41934315612489392E+00
  2.5406700E-03  5.41934208827024566E+00
  2.5587044E-03  5.41934101270198099E+00
  2.5768622E-03  5.41933992068704562E+00
  2.5951442E-03  5.41933880537073431E+00
  2.6135513E-03  5.41933768312654163E+00
  2.6320842E-03  5.41933654722696012E+00
  2.6507439E-03  5.41933538864424413E+00
  2.6695313E-03  5.41933421703859786E+00
  2.6884471E-03  5.41933302660571403E+00
  2.7074924E-03  5.41933181895459715E+00
  2.7266678E-03  5.41933059830962183E+00
  2.7459745E-03  5.41932936046300817E+00
  2.7654132E-03  5.41932810414803079E+00
  2.7849849E-03  5.41932682861866333E+00
  2.8046904E-03  5.41932553543305495E+00
  2.8245307E-03  5.41932422671592562E+00
  2.8445067E-03  5.41932289948588242E+00
  2.8646194E-03  5.41932155105888835E+00
  2.8848696E-03  5.41932018454687814E+00
  2.9052583E-03  5.41931880014242928E+00
  2.9257865E-03  5.41931739849701799E+00
  2.9464551E-03  5.41931597371626417E+00
  2.9672650E-03  5.41931452762398713E+00
  2.9882173E-03  5.41931306689087311E+00
  3.0093129E-03  5.41931158223135778E+00
  3.0305528E-03  5.41931007571767331E+00
  3.0519380E-03  5.41930855228635178E+00
  3.0734695E-03  5.41930700481377414E+00
  3.0951482E-03  5.41930543382988450E+00
  3.1169752E-03  5.41930384437696055E+00
  3.1389515E-03  5.41930223522917309E+00
  3.1610781E-03  5.41930059810693443E+00
  3.1833560E-03  5.41929893692217934E+00
  3.2057863E-03  5.41929725888816538E+00
  3.2283701E-03  5.41929555450740352E+00
  3.2511083E-03  5.41929382445122787E+00
  3.2740020E-03  5.41929207329568996E+00
  3.2970524E-03  5.41929029752036318E+00
  3.3202603E-03  5.41928849611633723E+00
  3.3436271E-03  5.41928666898058786E+00
  3.3671536E-03  5.41928481778861304E+00
  3.3908411E-03  5.41928293816202356E+00
  3.4146906E-03  5.41928103307927511E+00
  3.4387032E-03  5.41927910621384523E+00
  3.4628801E-03  5.41927714942258199E+00
  3.4872223E-03  5.41927516347046101E+00
  3.5117310E-03  5.41927315008417043E+00
  3.5364074E-03  5.41927111038959897E+00
  3.5612525E-03  5.41926904342669680E+00
  3.5862676E-03  5.41926694522409047E+00
  3.6114538E-03  5.41926481897835099E+00
  3.6368122E-03  5.41926266280046587E+00
  3.6623441E-03  5.41926047691218393E+00
  3.6880506E-03  5.41925826167165070E+00
  3.7139330E-03  5.41925601404972923E+00
  3.7399924E-03  5.41925373399143240E+00
  3.7662300E-03  5.41925142277063543E+00
  3.7926471E-03  5.41924908330013988E+00
  3.8192448E-03  5.41924670906605144E+00
  3.8460245E-03  5.41924429949402064E+00
  3.8729874E-03  5.41924185837436134E+00
  3.9001347E-03  5.41923938316967124E+00
  3.9274677E-03  5.41923687345479532E+00
  3.9549876E-03  5.41923432871108002E+00
  3.9826958E-03  5.41923175004231172E+00
  4.0105935E-03  5.41922913422177732E+00
  4.0386820E-03  5.41922648074146096E+00
  4.0669626E-03  5.41922379274979704E+00
  4.0954366E-03  5.41922106715859453E+00
  4.1241054E-03  5.41921830249397729E+00
  4.1529703E-03  5.41921550015400477E+00
  4.1820327E-03  5.41921265933258045E+00
  4.2112938E-03  5.41920977754086319E+00
  4.2407550E-03  5.41920685594411111E+00
  4.2704178E-03  5.41920389624749710E+00
  4.3002834E-03  5.41920089355119394E+00
  4.3303534E-03  5.41919784903464219E+00
  4.3606290E-03  5.41919476341640216E+00
  4.3911117E-03  5.41919163297036732E+00
  4.4218028E-03  5.41918846050056580E+00
  4.4527039E-03  5.41918524409796643E+00
  4.4838164E-03  5.41918198375389171E+00
  4.5151417E-03  5.41917867701536249E+00
  4.5466812E-03  5.41917532259117429E+00
  4.5784364E-03  5.41917192475502674E+00
  4.6104089E-03  5.41916847909829613E+00
  4.6426000E-03  5.41916498513639588E+00
  4.6750113E-03  5.41916144311590831E+00
  4.7076444E-03  5.41915785097686165E+00
  4.7405006E-03  5.41915420980059093E+00
  4.7735815E-03  5.41915051822214355E+00
  4.8068887E-03  5.41914677536880873E+00
  4.8404237E-03  5.41914298050666954E+00
  4.8741881E-03  5.41913913306059669E+00
  4.9081835E-03  5.41913523226961935E+00
  4.9424114E-03  5.41913127711325071E+00
  4.9768733E-03  5.41912726755145702E+00
  5.0115710E-03  5.41912320294812044E+00
  5.0465061E-03  5.41911908138253651E+00
  5.0816800E-03  5.41911490135037877E+00
  5.1170946E-03  5.41911066558520371E+00
  5.1527514E-03  5.41910637126773231E+00
  5.1886520E-03  5.41910201534167602E+00
  5.2247983E-03  5.41909760053153011E+00
  5.2611917E-03  5.41909312438429858E+00
  5.2978341E-03  5.41908858582635222E+00
  5.3347271E-03  5.41908398490581877E+00
  5.3718725E-03  5.41907931996009395E+00
  5.4092719E-03  5.41907459095294808E+00
  5.4469272E-03  5.41906979517761211E+00
  5.4848399E-03  5.41906493363017638E+00
  5.5230121E-03  5.41906000636498852E+00
  5.5614453E-03  5.41905500839140242E+00
  5.6001413E-03  5.41904994149985342E+00
  5.6391021E-03  5.41904480660351506E+00
  5.6783293E-03  5.41903959924146594E+00
  5.7178248E-03  5.41903431912978917E+00
  5.7575905E-03  5.41902896672533885E+00
  5.7976282E-03  5.41902354061078384E+00
  5.8379397E-03  5.41901803852543740E+00
  5.8785270E-03  5.41901246021323502E+00
  5.9193919E-03  5.41900680564007065E+00
  5.9605362E-03  5.41900107250635799E+00
  6.0019620E-03  5.41899526044177637E+00
  6.0436712E-03  5.41898936685440802E+00
  6.0856656E-03  5.41898339134927109E+00
  6.1279472E-03  5.41897733514385749E+00
  6.1705181E-03  5.41897119452766329E+00
  6.2133801E-03  5.41896496751709122E+00
  6.2565353E-03  5.41895865573275781E+00
  6.2999857E-03  5.41895225645898737E+00
  6.3437333E-03  5.41894576818779683E+00
  6.3877801E-03  5.41893919136788682E+00
  6.4321282E-03  5.41893252235431611E+00
  6.4767796E-03  5.41892576103235957E+00
  6.5217364E-03  5.41891890707570312E+00
  6.5670007E-03  5.41891195799686454E+00
  6.6125746E-03  5.41890491305574873E+00
  6.6584602E-03  5.41889777051226584E+00
  6.7046597E-03  5.41889052850946573E+00
  6.7511752E-03  5.41888318730875085E+00
  6.7980088E-03  5.41887574508774428E+00
  6.8451628E-03  5.41886819877025427E+00
  6.8926393E-03  5.41886054842769482E+00
  6.9404405E-03  5.41885279278549792E+00
  6.9885687E-03  5.41884492999839917E+00
  7.0370261E-03  5.41883695795362108E+00
  7.0858149E-03  5.41882887561242832E+00
  7.1349374E-03  5.41882068273460682E+00
  7.1843959E-03  5.41881237615834532E+00
  7.2341927E-03  5.41880395431557993E+00
  7.2843301E-03  5.41879541624231909E+00
  7.3348104E-03  5.41878676024194039E+00
  7.3856360E-03  5.41877798480223305E+00
  7.4368093E-03  5.41876908823403980E+00
  7.4883325E-03  5.41876006889220641E+00
  7.5402082E-03  5.41875092455897711E+00
  7.5924387E-03  5.41874165355361459E+00
  7.6450265E-03  5.41873225506377310E+00
  7.6979739E-03  5.41872272718121906E+00
  7.7512835E-03  5.41871306706830058E+00
  7.8049577E-03  5.41870327319701595E+00
  7.8589990E-03  5.41869334448862094E+00
  7.9134100E-03  5.41868327930839389E+00
  7.9681932E-03  5.41867307451807356E+00
  8.0233510E-03  5.41866272846240449E+00
  8.0788861E-03  5.41865224033205894E+00
  8.1348011E-03  5.41864160672617690E+00
  8.1910985E-03  5.41863082609439228E+00
  8.2477810E-03  5.41861989765842988E+00
  8.3048512E-03  5.41860881814331030E+00
  8.3623117E-03  5.41859758481149001E+00
  8.4201652E-03  5.41858619685378340E+00
  8.4784145E-03  5.41857465190741827E+00
  8.5370622E-03  5.41856294757900159E+00
  8.5961110E-03  5.41855108155479037E+00
  8.6555637E-03  5.41853905150077875E+00
  8.7154230E-03  5.41852685602191908E+00
  8.7756918E-03  5.41851449180491329E+00
  8.8363728E-03  5.41850195695668369E+00
  8.8974689E-03  5.41848924950870181E+00
  8.9589828E-03  5.41847636615287875E+00
  9.0209175E-03  5.41846330523211872E+00
  9.0832758E-03  5.41845006434083487E+00
  9.1460607E-03  5.41843664057707919E+00
  9.2092749E-03  5.41842303146498772E+00
  9.2729216E-03  5.41840923464449009E+00
  9.3370035E-03  5.41839524791116833E+00
  9.4015238E-03  5.41838106766026328E+00
  9.4664854E-03  5.41836669183842634E+00
  9.5318914E-03  5.41835211814237283E+00
  9.5977446E-03  5.41833734263216726E+00
  9.6640484E-03  5.41832236390818345E+00
  9.7308056E-03  5.41830717916222415E+00
  9.7980194E-03  5.41829178406644907E+00
  9.8656930E-03  5.41827617642434411E+00
  9.9338294E-03  5.41826035412953022E+00
  1.0002432E-02  5.41824431352299118E+00
  1.0071504E-02  5.41822805160180021E+00
  1.0141048E-02  5.41821156560357942E+00
  1.0211068E-02  5.41819485205910389E+00
  1.0281566E-02  5.41817790820909284E+00
  1.0352547E-02  5.41816073047964242E+00
  1.0424014E-02  5.41814331585575282E+00
  1.0495969E-02  5.41812566172688914E+00
  1.0568416E-02  5.41810776378739867E+00
  1.0641359E-02  5.41808961874206130E+00
  1.0714801E-02  5.41807122391643503E+00
  1.0788745E-02  5.41805257570265386E+00
  1.0863195E-02  5.41803367021301430E+00
  1.0938155E-02  5.41801450381822036E+00
  1.1013627E-02  5.41799507345474307E+00
  1.1089615E-02  5.41797537550550867E+00
  1.1166123E-02  5.41795540575640189E+00
  1.1243154E-02  5.41793516072289272E+00
  1.1320712E-02  5.41791463682425167E+00
  1.1398800E-02  5.41789382987334900E+00
  1.1477423E-02  5.41787273628815669E+00
  1.1556583E-02  5.41785135205529311E+00
  1.1636285E-02  5.41782967299522422E+00
  1.1716532E-02  5.41780769528800654E+00
  1.1797328E-02  5.41778541465351005E+00
  1.1878677E-02  5.41776282697157896E+00
  1.1960582E-02  5.41773992799840887E+00
  1.2043047E-02  5.41771671356655027E+00
  1.2126076E-02  5.41769317943228756E+00
  1.2209673E-02  5.41766932093486364E+00
  1.2293842E-02  5.41764513355676325E+00
  1.2378586E-02  5.41762061299461450E+00
  1.2463911E-02  5.41759575481511391E+00
  1.2549818E-02  5.41757055402797860E+00
  1.2636314E-02  5.41754500592690924E+00
  1.2723401E-02  5.41751910609940612E+00
  1.2811084E-02  5.41749284956952160E+00
  1.2899366E-02  5.41746623126627114E+00
  1.2988252E-02  5.41743924611888428E+00
  1.3077747E-02  5.41741188929790329E+00
  1.3167853E-02  5.41738415600663714E+00
  1.3258576E-02  5.41735604052354791E+00
  1.3349919E-02  5.41732753762025521E+00
  1.3441887E-02  5.41729864258031935E+00
  1.3534484E-02  5.41726934943053529E+00
  1.3627714E-02  5.41723965240066274E+00
  1.3721582E-02  5.41720954685407996E+00
  1.3816092E-02  5.41717902693075803E+00
  1.3911249E-02  5.41714808635866518E+00
  1.4007056E-02  5.41711671980817755E+00
  1.4103519E-02  5.41708492136054964E+00
  1.4200642E-02  5.41705268508451265E+00
  1.4298428E-02  5.41702000501091874E+00
  1.4396884E-02  5.41698687481266372E+00
  1.4496013E-02  5.41695328851406899E+00
  1.4595820E-02  5.41691923987702939E+00
  1.4696310E-02  5.41688472239289531E+00
  1.4797487E-02  5.41684972977249934E+00
  1.4899356E-02  5.41681425544853745E+00
  1.5001922E-02  5.41677829261428734E+00
  1.5105189E-02  5.41674183476123616E+00
  1.5209163E-02  5.41670487511761678E+00
  1.5313848E-02  5.41666740664992119E+00
  1.5419249E-02  5.41662942246219981E+00
  1.5525371E-02  5.41659091548098104E+00
  1.5632219E-02  5.41655187828773599E+00
  1.5739797E-02  5.41651230389345084E+00
  1.5848112E-02  5.41647218493247795E+00
  1.5957167E-02  5.41643151360212283E+00
  1.6066968E-02  5.41639028272753986E+00
  1.6177520E-02  5.41634848431869376E+00
  1.6288829E-02  5.41630611051812849E+00
  1.6400898E-02  5.41626315379970436E+00
  1.6513734E-02  5.41621960580048878E+00
  1.6627342E-02  5.41617545855099447E+00
  1.6741727E-02  5.41613070393898610E+00
  1.6856895E-02  5.41608533334843223E+00
  1.6972850E-02  5.41603933846639762E+00
  1.7089598E-02  5.41599271076868405E+00
  1.7207145E-02  5.41594544142631040E+00
  1.7325496E-02  5.41589752167513439E+00
  1.7444656E-02  5.41584894270831008E+00
  1.7564631E-02  5.41579969537463679E+00
  1.7685427E-02  5.41574977044714867E+00
  1.7807050E-02  5.41569915872754315E+00
  1.7929504E-02  5.41564785073709398E+00
  1.8052795E-02  5.41559583673835920E+00
  1.8176930E-02  5.41554310727106092E+00
  1.8301914E-02  5.41548965265377813E+00
  1.8427753E-02  5.41543546249947294E+00
  1.8554452E-02  5.41538052688824845E+00
  1.8682019E-02  5.41532483584155511E+00
  1.8810457E-02  5.41526837863157695E+00
  1.8939775E-02  5.41521114483900234E+00
  1.9069976E-02  5.41515312397801640E+00
  1.9201069E-02  5.41509430496841659E+00
  1.9333057E-02  5.41503467698311525E+00
  1.9465949E-02  5.41497422906417647E+00
  1.9599750E-02  5.41491294971089854E+00
  1.9734466E-02  5.41485082760853853E+00
  1.9870103E-02  5.41478785123191297E+00
  2.0006668E-02  5.41472400875323956E+00
  2.0144167E-02  5.41465928846118061E+00
  2.0282607E-02  5.41459367807256342E+00
  2.0421993E-02  5.41452716542920776E+00
  2.0562333E-02  5.41445973841062056E+00
  2.0703633E-02  5.41439138413730081E+00
  2.0845899E-02  5.41432208993578801E+00
  2.0989138E-02  5.41425184305413687E+00
  2.1133357E-02  5.41418063036934072E+00
  2.1278563E-02  5.41410843858738833E+00
  2.1424761E-02  5.41403525423488130E+00
  2.1571960E-02  5.41396106374419084E+00
  2.1720165E-02  5.41388585324095040E+00
  2.1869384E-02  5.41380960884278117E+00
  2.2019624E-02  5.41373231633602447E+00
  2.2170892E-02  5.41365396128139231E+00
  2.2323194E-02  5.41357452913119275E+00
  2.2476537E-02  5.41349400505908385E+00
  2.2630930E-02  5.41341237412355358E+00
  2.2786379E-02  5.41332962116063410E+00
  2.2942890E-02  5.41324573077846072E+00
  2.3100473E-02  5.41316068729120126E+00
  2.3259133E-02  5.41307447495759675E+00
  2.3418878E-02  5.41298707775601429E+00
  2.3579716E-02  5.41289847930611412E+00
  2.3741655E-02  5.41280866325541687E+00
  2.3904700E-02  5.41271761291509534E+00
  2.4068861E-02  5.41262531127019653E+00
  2.4234145E-02  5.41253174115692204E+00
  2.4400560E-02  5.41243688516798294E+00
  2.4568112E-02  5.41234072578954528E+00
  2.4736811E-02  5.41224324509759391E+00
  2.4906663E-02  5.41214442481441704E+00
  2.5077678E-02  5.41204424669872175E+00
  2.5249862E-02  5.41194269221793256E+00
  2.5423223E-02  5.41183974232153009E+00
  2.5597771E-02  5.41173537790198100E+00
  2.5773512E-02  5.41162957969150238E+00
  2.5950456E-02  5.41152232792439492E+00
  2.6128609E-02  5.41141360264591675E+00
  2.6307981E-02  5.41130338373439912E+00
  2.6488580E-02  5.41119165066529551E+00
  2.6670415E-02  5.41107838266476016E+00
  2.6853493E-02  5.41096355871688051E+00
  2.7037823E-02  5.41084715747467904E+00
  2.7223414E-02  5.41072915730856341E+00
  2.7410275E-02  5.41060953633462827E+00
  2.7598413E-02  5.41048827230166030E+00
  2.7787839E-02  5.41036534267645397E+00
  2.7978560E-02  5.41024072466499728E+00
  2.8170585E-02  5.41011439509787362E+00
  2.8363924E-02  5.40998633054295919E+00
  2.8558586E-02  5.40985650717733257E+00
  2.8754578E-02  5.40972490088666369E+00
  2.8951912E-02  5.40959148734122053E+00
  2.9150595E-02  5.40945624168969097E+00
  2.9350637E-02  5.40931913876271864E+00
  2.9552047E-02  5.40918015328769020E+00
  2.9754835E-02  5.40903925932721918E+00
  2.9959010E-02  5.40889643069975179E+00
  3.0164582E-02  5.40875164108407258E+00
  3.0371559E-02  5.40860486345860902E+00
  3.0579953E-02  5.40845607056877409E+00
  3.0789771E-02  5.40830523490155102E+00
  3.1001025E-02  5.40815232844515936E+00
  3.1213724E-02  5.40799732281569234E+00
  3.1427877E-02  5.40784018925759646E+00
  3.1643496E-02  5.40768089861609536E+00
  3.1860589E-02  5.40751942137115460E+00
  3.2079167E-02  5.40735572758179206E+00
  3.2299240E-02  5.40718978685367002E+00
  3.2520818E-02  5.40702156843183968E+00
  3.2743912E-02  5.40685104114481963E+00
  3.2968532E-02  5.40667817336024381E+00
  3.3194688E-02  5.40650293301737328E+00
  3.3422391E-02  5.40632528762944364E+00
  3.3651652E-02  5.40614520429504353E+00
  3.3882480E-02  5.40596264962753903E+00
  3.4114888E-02  5.40577758979277156E+00
  3.4348885E-02  5.40558999047662159E+00
  3.4584482E-02  5.40539981693537008E+00
  3.4821691E-02  5.40520703395983837E+00
  3.5060523E-02  5.40501160575873651E+00
  3.5300988E-02  5.40481349618445162E+00
  3.5543097E-02  5.40461266855980238E+00
  3.5786863E-02  5.40440908563194977E+00
  3.6032296E-02  5.40420270972367156E+00
  3.6279408E-02  5.40399350261214195E+00
  3.6528210E-02  5.40378142557472163E+00
  3.6778714E-02  5.40356643933934322E+00
  3.7030931E-02  5.40334850405585421E+00
  3.7284874E-02  5.40312757944926769E+00
  3.7540553E-02  5.40290362465468288E+00
  3.7797981E-02  5.40267659809335665E+00
  3.8057170E-02  5.40244645780186161E+00
  3.8318131E-02  5.40221316130004769E+00
  3.8580878E-02  5.40197666532175091E+00
  3.8845422E-02  5.40173692608396738E+00
  3.9111775E-02  5.40149389931001878E+00
  3.9379950E-02  5.40124754003754237E+00
  3.9649959E-02  5.40099780267305452E+00
  3.9921815E-02  5.40074464104977370E+00
  4.0195530E-02  5.40048800834847942E+00
  4.0471118E-02  5.40022785712044850E+00
  4.0748591E-02  5.39996413928026264E+00
  4.1027961E-02  5.39969680607340763E+00
  4.1309243E-02  5.39942580810047712E+00
  4.1592448E-02  5.39915109525306214E+00
  4.1877590E-02  5.39887261677911923E+00
  4.2164683E-02  5.39859032124296156E+00
  4.2453739E-02  5.39830415646217610E+00
  4.2744773E-02  5.39801406959321373E+00
  4.3037797E-02  5.39772000707200839E+00
  4.3332825E-02  5.39742191457230991E+00
  4.3629872E-02  5.39711973704296977E+00
  4.3928950E-02  5.39681341869145115E+00
  4.4230073E-02  5.39650290298911628E+00
  4.4533256E-02  5.39618813262401087E+00
  4.4838514E-02  5.39586904946127621E+00
  4.5145858E-02  5.39554559465352845E+00
  4.5455306E-02  5.39521770852617522E+00
  4.5766869E-02  5.39488533054497932E+00
  4.6080564E-02  5.39454839943345554E+00
  4.6396404E-02  5.39420685304548364E+00
  4.6714405E-02  5.39386062838282232E+00
  4.7034581E-02  5.39350966162482770E+00
  4.7356946E-02  5.39315388803355589E+00
  4.7681517E-02  5.39279324206066679E+00
  4.8008308E-02  5.39242765724623041E+00
  4.8337334E-02  5.39205706616605696E+00
  4.8668610E-02  5.39168140057373257E+00
  4.9002152E-02  5.39130059128414274E+00
  4.9337976E-02  5.39091456812110348E+00
  4.9676096E-02  5.39052325997543846E+00
  5.0016529E-02  5.39012659483000434E+00
  5.0359291E-02  5.38972449965156741E+00
  5.0704397E-02  5.38931690039995903E+00
  5.1051864E-02  5.38890372207095325E+00
  5.1401707E-02  5.38848488862698893E+00
  5.1753943E-02  5.38806032300385773E+00
  5.2108589E-02  5.38762994710001486E+00
  5.2465660E-02  5.38719368177148894E+00
  5.2825173E-02  5.38675144676710360E+00
  5.3187146E-02  5.38630316079160654E+00
  5.3551594E-02  5.38584874146187076E+00
  5.3918535E-02  5.38538810519479494E+00
  5.4287986E-02  5.38492116737327198E+00
  5.4659963E-02  5.38444784224082795E+00
  5.5034486E-02  5.38396804280298813E+00
  5.5411569E-02  5.38348168094745816E+00
  5.5791232E-02  5.38298866738827186E+00
  5.6173492E-02  5.38248891159920717E+00
  5.6558366E-02  5.38198232183571523E+00
  5.6945873E-02  5.38146880514803794E+00
  5.7336031E-02  5.38094826731580866E+00
  5.7728857E-02  5.38042061284251538E+00
  5.8124369E-02  5.37988574495348182E+00
  5.8522587E-02  5.37934356557457782E+00
  5.8923529E-02  5.37879397532233750E+00
  5.9327213E-02  5.37823687344597712E+00
  5.9733659E-02  5.37767215785597319E+00
  6.0142884E-02  5.37709972511244949E+00
  6.0554909E-02  5.37651947034601374E+00
  6.0969751E-02  5.37593128730948600E+00
  6.1387431E-02  5.37533506832261754E+00
  6.1807968E-02  5.37473070422822286E+00
  6.2231381E-02  5.37411808445548456E+00
  6.2657691E-02  5.37349709692006705E+00
  6.3086916E-02  5.37286762803174511E+00
  6.3519077E-02  5.37222956268628238E+00
  6.3954194E-02  5.37158278422711888E+00
  6.4392287E-02  5.37092717445535683E+00
  6.4833377E-02  5.37026261357156542E+00
  6.5277483E-02  5.36958898017140029E+00
  6.5724628E-02  5.36890615122459813E+00
  6.6174830E-02  5.36821400207050559E+00
  6.6628112E-02  5.36751240636609150E+00
  6.7084494E-02  5.36680123607943926E+00
  6.7543998E-02  5.36608036148209777E+00
  6.8006645E-02  5.36534965108618689E+00
  6.8472456E-02  5.36460897166544637E+00
  6.8941454E-02  5.36385818822099658E+00
  6.9413659E-02  5.36309716393853808E+00
  6.9889094E-02  5.36232576018563201E+00
  7.0367781E-02  5.36154383647341870E+00
  7.0849742E-02  5.36075125043959133E+00
  7.1334999E-02  5.35994785785272665E+00
  7.1823576E-02  5.35913351253428427E+00
  7.2315495E-02  5.35830806634086976E+00
  7.2810778E-02  5.35747136919944378E+00
  7.3309448E-02  5.35662326902993691E+00
  7.3811530E-02  5.35576361171593351E+00
  7.4317046E-02  5.35489224109957629E+00
  7.4826019E-02  5.35400899894602755E+00
  7.5338474E-02  5.35311372492911630E+00
  7.5854434E-02  5.35220625658757676E+00
  7.6373922E-02  5.35128642931096898E+00
  7.6896964E-02  5.35035407630722748E+00
  7.7423584E-02  5.34940902855663847E+00
  7.7953806E-02  5.34845111481007329E+00
  7.8487654E-02  5.34748016157497741E+00
  7.9025154E-02  5.34649599304987966E+00
  7.9566330E-02  5.34549843107848766E+00
  8.0111207E-02  5.34448729517538368E+00
  8.0659812E-02  5.34346240249333704E+00
  8.1212169E-02  5.34242356773946181E+00
  8.1768304E-02  5.34137060317342005E+00
  8.2328242E-02  5.34030331860085106E+00
  8.2892011E-02  5.33922152131517702E+00
  8.3459636E-02  5.33812501605299072E+00
  8.4031143E-02  5.33701360500298172E+00
  8.4606559E-02  5.33588708775407561E+00
  8.5185911E-02  5.33474526123339654E+00
  8.5769226E-02  5.33358791971976931E+00
  8.6356531E-02  5.33241485479033361E+00
  8.6947852E-02  5.33122585528338000E+00
  8.7543218E-02  5.33002070726853550E+00
  8.8142656E-02  5.32879919400822821E+00
  8.8746195E-02  5.32756109593557703E+00
  8.9353861E-02  5.32630619059590149E+00
  8.9965684E-02  5.32503425263698915E+00
  9.0581692E-02  5.32374505376753770E+00
  9.1201913E-02  5.32243836268973336E+00
  9.1826376E-02  5.32111394510534819E+00
  9.2455110E-02  5.31977156366429327E+00
  9.3088145E-02  5.31841097791216733E+00
  9.3725510E-02  5.31703194426681414E+00
  9.4367234E-02  5.31563421597463481E+00
  9.5013347E-02  5.31421754308350014E+00
  9.5663880E-02  5.31278167238526855E+00
  9.6318862E-02  5.31132634737709086E+00
  9.6978325E-02  5.30985130824924489E+00
  9.7642298E-02  5.30835629181331559E+00
  9.8310812E-02  5.30684103146483110E+00
  9.8983899E-02  5.30530525716629064E+00
  9.9661590E-02  5.30374869538029881E+00
  1.0034392E-01  5.30217106903652180E+00
  1.0103091E-01  5.30057209748940750E+00
  1.0172260E-01  5.29895149647712227E+00
  1.0241902E-01  5.29730897808006951E+00
  1.0312021E-01  5.29564425066387923E+00
  1.0382619E-01  5.29395701884978021E+00
  1.0453700E-01  5.29224698346802747E+00
  1.0525268E-01  5.29051384150466397E+00
  1.0597324E-01  5.28875728606331297E+00
  1.0669874E-01  5.28697700632496126E+00
  1.0742920E-01  5.28517268748034841E+00
  1.0816466E-01  5.28334401070367132E+00
  1.0890514E-01  5.28149065310492727E+00
  1.0965069E-01  5.27961228766779556E+00
  1.1040134E-01  5.27770858321482539E+00
  1.1115713E-01  5.27577920434951775E+00
  1.1191808E-01  5.27382381142108692E+00
  1.1268424E-01  5.27184206046191672E+00
  1.1345564E-01  5.26983360313800286E+00
  1.1423231E-01  5.26779808670885963E+00
  1.1501430E-01  5.26573515397287650E+00
  1.1580164E-01  5.26364444321371394E+00
  1.1659436E-01  5.26152558814638383E+00
  1.1739250E-01  5.25937821787288939E+00
  1.1819610E-01  5.25720195682512870E+00
  1.1900520E-01  5.25499642471553763E+00
  1.1981983E-01  5.25276123648448756E+00
  1.2064004E-01  5.25049600223310708E+00
  1.2146586E-01  5.24820032718987761E+00
  1.2229732E-01  5.24587381165443034E+00
  1.2313447E-01  5.24351605091872575E+00
  1.2397735E-01  5.24112663523821354E+00
  1.2482599E-01  5.23870514976917168E+00
  1.2568043E-01  5.23625117450491562E+00
  1.2654073E-01  5.23376428422989104E+00
  1.2740690E-01  5.23124404845515745E+00
  1.2827900E-01  5.22869003136728772E+00
  1.2915706E-01  5.22610179176741063E+00
  1.3004114E-01  5.22347888301317909E+00
  1.3093125E-01  5.22082085296528220E+00
  1.3182746E-01  5.21812724391996063E+00
  1.3272979E-01  5.21539759256116575E+00
  1.3363830E-01  5.21263142989704598E+00
  1.3455302E-01  5.20982828119029850E+00
  1.3547400E-01  5.20698766591692852E+00
  1.3640128E-01  5.20410909769395058E+00
  1.3733490E-01  5.20119208421832901E+00
  1.3827490E-01  5.19823612721508699E+00
  1.3922134E-01  5.19524072236629575E+00
  1.4017424E-01  5.19220535925323290E+00
  1.4113367E-01  5.18912952130119898E+00
  1.4209966E-01  5.18601268570842766E+00
  1.4307226E-01  5.18285432338607865E+00
  1.4405150E-01  5.17965389890092887E+00
  1.4503745E-01  5.17641087040829717E+00
  1.4603014E-01  5.17312468959065352E+00
  1.4702962E-01  5.16979480159164417E+00
  1.4803593E-01  5.16642064495956177E+00
  1.4904913E-01  5.16300165157927360E+00
  1.5006926E-01  5.15953724660594570E+00
  1.5109637E-01  5.15602684841070591E+00
  1.5213050E-01  5.15246986850926714E+00
  1.5317170E-01  5.14886571149889871E+00
  1.5422003E-01  5.14521377499750532E+00
  1.5527553E-01  5.14151344957615297E+00
  1.5633824E-01  5.13776411870046257E+00
  1.5740823E-01  5.13396515866208158E+00
  1.5848553E-01  5.13011593851287362E+00
  1.5957021E-01  5.12621582000772591E+00
  1.6066230E-01  5.12226415753670761E+00
  1.6176186E-01  5.11826029805854965E+00
  1.6286894E-01  5.11420358104274708E+00
  1.6398359E-01  5.11009333840114444E+00
  1.6510587E-01  5.10592889442807696E+00
  1.6623583E-01  5.10170956573539236E+00
  1.6737351E-01  5.09743466118618116E+00
  1.6851898E-01  5.09310348184094686E+00
  1.6967227E-01  5.08871532088443779E+00
  1.7083346E-01  5.08426946357002230E+00
  1.7200259E-01  5.07976518715801273E+00
  1.7317972E-01  5.07520176084973063E+00
  1.7436490E-01  5.07057844573069261E+00
  1.7555818E-01  5.06589449470696795E+00
  1.7675963E-01  5.06114915244897556E+00
  1.7796929E-01  5.05634165532658297E+00
  1.7918723E-01  5.05147123135214215E+00
  1.8041350E-01  5.04653710012711265E+00
  1.8164816E-01  5.04153847277622802E+00
  1.8289126E-01  5.03647455189360826E+00
  1.8414286E-01  5.03134453148979244E+00
  1.8540303E-01  5.02614759693045787E+00
  1.8667181E-01  5.02088292488612087E+00
  1.8794927E-01  5.01554968327654827E+00
  1.8923547E-01  5.01014703121801208E+00
  1.9053047E-01  5.00467411897253012E+00
  1.9183432E-01  4.99913008789373325E+00
  1.9314710E-01  4.99351407038291661E+00
  1.9446885E-01  4.98782518983459866E+00
  1.9579964E-01  4.98206256059379449E+00
  1.9713953E-01  4.97622528790976482E+00
  1.9848859E-01  4.97031246788576286E+00
  1.9984688E-01  4.96432318744408807E+00
  2.0121446E-01  4.95825652428165586E+00
  2.0259139E-01  4.95211154682577259E+00
  2.0397774E-01  4.94588731419990602E+00
  2.0537357E-01  4.93958287618961389E+00
  2.0677895E-01  4.93319727320240720E+00
  2.0819394E-01  4.92672953623603416E+00
  2.0961861E-01  4.92017868685101956E+00
  2.1105303E-01  4.91354373714011405E+00
  2.1249725E-01  4.90682368969796734E+00
  2.1395136E-01  4.90001753760141145E+00
  2.1541540E-01  4.89312426438810455E+00
  2.1688947E-01  4.88614284403253940E+00
  2.1837361E-01  4.87907224093114067E+00
  2.1986791E-01  4.87191140988888716E+00
  2.2137243E-01  4.86465929610682313E+00
  2.2288724E-01  4.85731483517169771E+00
  2.2441241E-01  4.84987695305263777E+00
  2.2594801E-01  4.84234456609777020E+00
  2.2749411E-01  4.83471658103253432E+00
  2.2905079E-01  4.82699189496539294E+00
  2.3061812E-01  4.81916939539570244E+00
  2.3219617E-01  4.81124796022191603E+00
  2.3378501E-01  4.80322645775850798E+00
  2.3538472E-01  4.79510374675255857E+00
  2.3699537E-01  4.78687867640507925E+00
  2.3861704E-01  4.77855008640179069E+00
  2.4024980E-01  4.77011680693826090E+00
  2.4189372E-01  4.76157765875716965E+00
  2.4354889E-01  4.75293145319029531E+00
  2.4521539E-01  4.74417699219749611E+00
  2.4689328E-01  4.73531306841944222E+00
  2.4858264E-01  4.72633846523150680E+00
  2.5028357E-01  4.71725195680209453E+00
  2.5199612E-01  4.70805230815709308E+00
  2.5372039E-01  4.69873827524966270E+00
  2.5545646E-01  4.68930860503946523E+00
  2.5720439E-01  4.67976203557004311E+00
  2.5896429E-01  4.67009729605813462E+00
  2.6073622E-01  4.66031310699044443E+00
  2.6252027E-01  4.65040818021991686E+00
  2.6431652E-01  4.64038121907664713E+00
  2.6612506E-01  4.63023091848043844E+00
  2.6794597E-01  4.61995596506164041E+00
  2.6977934E-01  4.60955503729230287E+00
  2.7162524E-01  4.59902680561880128E+00
  2.7348377E-01  4.58836993260819792E+00
  2.7535501E-01  4.57758307310071100E+00
  2.7723905E-01  4.56666487436694712E+00
  2.7913598E-01  4.55561397627885523E+00
  2.8104588E-01  4.54442901148808609E+00
  2.8296885E-01  4.53310860560889850E+00
  2.8490497E-01  4.52165137741558709E+00
  2.8685433E-01  4.51005593904985780E+00
  2.8881702E-01  4.49832089623138920E+00
  2.9079314E-01  4.48644484848461822E+00
  2.9278278E-01  4.47442638937596193E+00
  2.9478602E-01  4.46226410675551666E+00
  2.9680297E-01  4.44995658301629238E+00
  2.9883371E-01  4.43750239536297908E+00
  3.0087834E-01  4.42490011608837985E+00
  3.0293696E-01  4.41214831286660925E+00
  3.0500965E-01  4.39924554905624010E+00
  3.0709653E-01  4.38619038401515393E+00
  3.0919767E-01  4.37298137342857629E+00
  3.1131319E-01  4.35961706965234796E+00
  3.1344318E-01  4.34609602206733925E+00
  3.1558774E-01  4.33241677744609621E+00
  3.1774697E-01  4.31857788033785095E+00
  3.1992096E-01  4.30457787346505594E+00
  3.2210983E-01  4.29041529813497657E+00
  3.2431366E-01  4.27608869466829677E+00
  3.2653257E-01  4.26159660284023190E+00
  3.2876666E-01  4.24693756233926489E+00
  3.3101603E-01  4.23211011324382813E+00
  3.3328078E-01  4.21711279651289317E+00
  3.3556103E-01  4.20194415449445202E+00
  3.3785687E-01  4.18660273145215278E+00
  3.4016841E-01  4.17108707410936663E+00
  3.4249576E-01  4.15539573221202385E+00
  3.4483904E-01  4.13952725910916897E+00
  3.4719834E-01  4.12348021235308781E+00
  3.4957378E-01  4.10725315431956517E+00
  3.5196546E-01  4.09084465284747001E+00
  3.5437350E-01  4.07425328189841629E+00
  3.5679802E-01  4.05747762223821873E+00
  3.5923912E-01  4.04051626213879533E+00
  3.6169691E-01  4.02336779810170952E+00
  3.6417152E-01  4.00603083560481110E+00
  3.6666305E-01  3.98850398987024723E+00
  3.6917162E-01  3.97078588665597509E+00
  3.7169735E-01  3.95287516307124021E+00
  3.7424036E-01  3.93477046841557820E+00
  3.7680076E-01  3.91647046504156737E+00
  3.7937868E-01  3.89797382924294711E+00
  3.8197422E-01  3.87927925216893499E+00
  3.8458752E-01  3.86038544076303181E+00
  3.8721870E-01  3.84129111872802786E+00
  3.8986787E-01  3.82199502751838560E+00
  3.9253516E-01  3.80249592735899133E+00
  3.9522069E-01  3.78279259829239312E+00
  3.9792459E-01  3.76288384125352282E+00
  4.0064699E-01  3.74276847917183941E+00
  4.0338801E-01  3.72244535810429644E+00
  4.0614778E-01  3.70191334839631203E+00
  4.0892642E-01  3.68117134587252925E+00
  4.1172407E-01  3.66021827305889547E+00
  4.1454085E-01  3.63905308043352882E+00
  4.1737690E-01  3.61767474771012099E+00
  4.2023235E-01  3.59608228515154860E+00
  4.2310733E-01  3.57427473491659375E+00
  4.2600197E-01  3.55225117243847732E+00
  4.2891641E-01  3.53001070783391091E+00
  4.3185079E-01  3.50755248734821956E+00
  4.3480523E-01  3.48487569483237891E+00
  4.3777989E-01  3.46197955325201212E+00
  4.4077489E-01  3.43886332623333679E+00
  4.4379038E-01  3.41552631964100240E+00
  4.4682649E-01  3.39196788319103248E+00
  4.4988337E-01  3.36818741209913863E+00
  4.5296115E-01  3.34418434876245962E+00
  4.5605999E-01  3.31995818447857705E+00
  4.5918003E-01  3.29550846119807650E+00
  4.6232140E-01  3.27083477331365025E+00
  4.6548426E-01  3.24593676948463727E+00
  4.6866876E-01  3.22081415449643949E+00
  4.7187503E-01  3.19546669115803583E+00
  4.7510324E-01  3.16989420223305185E+00
  4.7835353E-01  3.14409657240742302E+00
  4.8162604E-01  3.11807375029405520E+00
  4.8492095E-01  3.09182575047171904E+00
  4.8823838E-01  3.06535265556068914E+00
  4.9157851E-01  3.03865461833340156E+00
  4.9494149E-01  3.01173186386066360E+00
  4.9832746E-01  2.98458469169308849E+00
  5.0173660E-01  2.95721347807733848E+00
  5.0516906E-01  2.92961867820659894E+00
  5.0862499E-01  2.90180082850492438E+00
  5.1210456E-01  2.87376054894654809E+00
  5.1560793E-01  2.84549854540649827E+00
  5.1913526E-01  2.81701561204454753E+00
  5.2268672E-01  2.78831263372171057E+00
  5.2626247E-01  2.75939058844689900E+00
  5.2986268E-01  2.73025054985426907E+00
  5.3348751E-01  2.70089368971017896E+00
  5.3713714E-01  2.67132128044899497E+00
  5.4081173E-01  2.64153469773611871E+00
  5.4451145E-01  2.61153542305748365E+00
  5.4823648E-01  2.58132504633452386E+00
  5.5198698E-01  2.55090526856316435E+00
  5.5576314E-01  2.52027790447546396E+00
  5.5956513E-01  2.48944488522206786E+00
  5.6339312E-01  2.45840826107492605E+00
  5.6724730E-01  2.42717020414750273E+00
  5.7112783E-01  2.39573301113106130E+00
  5.7503491E-01  2.36409910604569662E+00
  5.7896872E-01  2.33227104300307175E+00
  5.8292943E-01  2.30025150897951480E+00
  5.8691723E-01  2.26804332659730079E+00
  5.9093231E-01  2.23564945691114625E+00
  5.9497484E-01  2.20307300219707614E+00
  5.9904503E-01  2.17031720874292455E+00
  6.0314306E-01  2.13738546963586273E+00
  6.0726912E-01  2.10428132754369734E+00
  6.1142340E-01  2.07100847748908423E+00
  6.1560610E-01  2.03757076961128725E+00
  6.1981740E-01  2.00397221191304320E+00
  6.2405751E-01  1.97021697298904930E+00
  6.2832662E-01  1.93630938473228809E+00
  6.3262493E-01  1.90225394501309286E+00
  6.3695264E-01  1.86805532032943344E+00
  6.4130995E-01  1.83371834842292047E+00
  6.4569706E-01  1.79924804085422840E+00
  6.5011419E-01  1.76464958553662110E+00
  6.5456152E-01  1.72992834922144190E+00
  6.5903927E-01  1.69508987992969384E+00
  6.6354765E-01  1.66013990932582156E+00
  6.6808687E-01  1.62508435502802806E+00
  6.7265713E-01  1.58992932284935806E+00
  6.7725866E-01  1.55468110896362655E+00
  6.8189165E-01  1.51934620199097403E+00
  6.8655634E-01  1.48393128499650206E+00
  6.9125293E-01  1.44844323739498737E+00
  6.9598165E-01  1.41288913675620265E+00
  7.0074271E-01  1.37727626050337659E+00
  7.0553633E-01  1.34161208749766869E+00
  7.1036275E-01  1.30590429950184395E+00
  7.1522217E-01  1.27016078251557429E+00
  7.2011483E-01  1.23438962797431429E+00
  7.2504096E-01  1.19859913380431649E+00
  7.3000078E-01  1.16279780532543087E+00
  7.3499452E-01  1.12699435599330733E+00
  7.4002243E-01  1.09119770797231275E+00
  7.4508472E-01  1.05541699253105636E+00
  7.5018164E-01  1.01966155025047800E+00
  7.5531341E-01  9.83940931035577449E-01
  7.6048029E-01  9.48264893922237340E-01
  7.6568251E-01  9.12643406668055768E-01
  7.7092032E-01  8.77086645118174912E-01
  7.7619394E-01  8.41604992336047353E-01
  7.8150364E-01  8.06209037488151647E-01
  7.8684966E-01  7.70909574472990133E-01
  7.9223224E-01  7.35717600283259610E-01
  7.9765164E-01  7.00644313090230120E-01
  8.0310811E-01  6.65701110039642052E-01
  8.0860190E-01  6.30899584747375952E-01
  8.1413326E-01  5.96251524484124551E-01
  8.1970246E-01  5.61768907037413556E-01
  8.2530975E-01  5.27463897238411916E-01
  8.3095539E-01  4.93348843142933924E-01
  8.3663965E-01  4.59436271854325395E-01
  8.4236279E-01  4.25738884975530640E-01
  8.4812507E-01  3.92269553679204408E-01
  8.5392677E-01  3.59041313382765792E-01
  8.5976815E-01  3.26067358016725539E-01
  8.6564948E-01  2.93361033873876631E-01
  8.7157104E-01  2.60935833026360087E-01
  8.7753310E-01  2.28805386299194419E-01
  8.8353595E-01  1.96983455787193618E-01
  8.8957985E-01  1.65483926903008838E-01
  8.9566509E-01  1.34320799944271096E-01
  9.0179195E-01  1.03508181167303787E-01
  9.0796072E-01  7.30602733554939904E-02
  9.1417168E-01  4.29913658700699641E-02
  9.2042513E-01  1.33158241713589968E-02
  9.2672135E-01 -1.59519212009101123E-02
  9.3306063E-01 -4.47973861999993034E-02
  9.3944327E-01 -7.32060454087592322E-02
  9.4586957E-01 -1.01163344751082088E-01
  9.5233982E-01 -1.28654714789309094E-01
  9.5885433E-01 -1.55665584618002728E-01
  9.6541340E-01 -1.82181396364093862E-01
  9.7201733E-01 -2.08187620303244142E-01
  9.7866643E-01 -2.33669770601807963E-01
  9.8536100E-01 -2.58613421692905188E-01
  9.9210137E-01 -2.83004225295389489E-01
  9.9888784E-01 -3.06827928083238333E-01
  1.0057207E+00 -3.30070390012543791E-01
  1.0126004E+00 -3.52717603312829808E-01
  1.0195270E+00 -3.74755712148331144E-01
  1.0265011E+00 -3.96171032954532321E-01
  1.0335229E+00 -4.16950075454099955E-01
  1.0405926E+00 -4.37079564355612071E-01
  1.0477108E+00 -4.56546461737632969E-01
  1.0548776E+00 -4.75337990119426290E-01
  1.0620935E+00 -4.93441656218668978E-01
  1.0693587E+00 -5.10845275395222731E-01
  1.0766736E+00 -5.27536996778740552E-01
  1.0840385E+00 -5.43505329076637067E-01
  1.0914538E+00 -5.58739167057071606E-01
  1.0989198E+00 -5.73227818700211778E-01
  1.1064369E+00 -5.86961033009305910E-01
  1.1140054E+00 -5.99929028470883696E-01
  1.1216257E+00 -6.12122522151445692E-01
  1.1292981E+00 -6.23532759415504012E-01
  1.1370230E+00 -6.34151544247956833E-01
  1.1448007E+00 -6.43971270159859999E-01
  1.1526316E+00 -6.52984951655024570E-01
  1.1605161E+00 -6.61186256230521407E-01
  1.1684545E+00 -6.68569536880926352E-01
  1.1764472E+00 -6.75129865073349156E-01
  1.1844946E+00 -6.80863064154102804E-01
  1.1925970E+00 -6.85765743144447493E-01
  1.2007548E+00 -6.89835330878372233E-01
  1.2089684E+00 -6.93070110428761543E-01
  1.2172382E+00 -6.95469253763046802E-01
  1.2255646E+00 -6.97032856563150838E-01
  1.2339479E+00 -6.97761973137064007E-01
  1.2423886E+00 -6.97658651342522029E-01
  1.2508870E+00 -6.96725967435014026E-01
  1.2594435E+00 -6.94968060742751081E-01
  1.2680586E+00 -6.92390168064169753E-01
  1.2767325E+00 -6.88998657670326198E-01
  1.2854658E+00 -6.84801062785828751E-01
  1.2942589E+00 -6.79806114411611317E-01
  1.3031120E+00 -6.74023773336388188E-01
  1.3120258E+00 -6.67465261175023694E-01
  1.3210005E+00 -6.60143090256546272E-01
  1.3300366E+00 -6.52071092168924782E-01
  1.3391345E+00 -6.43264444753609110E-01
  1.3482946E+00 -6.33739697326789253E-01
  1.3575174E+00 -6.23514793886766783E-01
  1.3668032E+00 -6.12609094048071734E-01
  1.3761526E+00 -6.01043391428172202E-01
  1.3855659E+00 -5.88839929187796041E-01
  1.3950436E+00 -5.76022412410715057E-01
  1.4045862E+00 -5.62616016989006207E-01
  1.4141940E+00 -5.48647394651241016E-01
  1.4238675E+00 -5.34144673759109123E-01
  1.4336072E+00 -5.19137455470575548E-01
  1.4434135E+00 -5.03656804845776573E-01
  1.4532868E+00 -4.87735236452977394E-01
  1.4632277E+00 -4.71406694004222582E-01
  1.4732366E+00 -4.54706523535720220E-01
  1.4833140E+00 -4.37671439621859670E-01
  1.4934603E+00 -4.20339484094180427E-01
  1.5036760E+00 -4.02749976721380909E-01
  1.5139615E+00 -3.84943457286391122E-01
  1.5243174E+00 -3.66961618491368102E-01
  1.5347442E+00 -3.48847229109928714E-01
  1.5452422E+00 -3.30644046806683189E-01
  1.5558121E+00 -3.12396720051820898E-01
  1.5664543E+00 -2.94150678571973578E-01
  1.5771692E+00 -2.75952011807861830E-01
  1.5879575E+00 -2.57847334886791124E-01
  1.5988195E+00 -2.39883641677194448E-01
  1.6097558E+00 -2.22108144564273580E-01
  1.6207670E+00 -2.04568100683744925E-01
  1.6318534E+00 -1.87310624465585412E-01
  1.6430157E+00 -1.70382486487748730E-01
  1.6542543E+00 -1.53829898805258991E-01
  1.6655698E+00 -1.37698287116901130E-01
  1.6769627E+00 -1.22032050367168715E-01
  1.6884335E+00 -1.06874308606121959E-01
  1.6999828E+00 -9.22666402140915887E-02
  1.7116110E+00 -7.82488098804922094E-02
  1.7233188E+00 -6.48584890007571913E-02
  1.7351067E+00 -5.21309704493960191E-02
  1.7469752E+00 -4.00988799486520081E-02
  1.7589249E+00 -2.87918864910242205E-02
  1.7709563E+00 -1.82364144612254080E-02
  1.7830700E+00 -8.45536024056710821E-03
  1.7952666E+00  5.32183861163140997E-04
  1.8075466E+00  8.71119551716146440E-03
  1.8199106E+00  1.60709754002790021E-02
  1.8323591E+00  2.26053847391221516E-02
  1.8448928E+00  2.83130650737279804E-02
  1.8575123E+00  3.31976381351951066E-02
  1.8702180E+00  3.72678840338935488E-02
  1.8830107E+00  4.05378961413699543E-02
  1.8958908E+00  4.30272111525365694E-02
  1.9088591E+00  4.47609127171389939E-02
  1.9219160E+00  4.57697057375239316E-02
  1.9350623E+00  4.60899464333802272E-02
  1.9482984E+00  4.57635969178793595E-02
  1.9616251E+00  4.48381229898490719E-02
  1.9750430E+00  4.33663393619034554E-02
  1.9885526E+00  4.14061931456576673E-02
  2.0021547E+00  3.90204723285376837E-02
  2.0158497E+00  3.62764222614753440E-02
  2.0296385E+00  3.32452491226708224E-02
  2.0435216E+00  3.00014849332271745E-02
  2.0574996E+00  2.66221842712182355E-02
  2.0715732E+00  2.31859185556302916E-02
  2.0857431E+00  1.97715298887530949E-02
  2.1000099E+00  1.64566033178084187E-02
  2.1143743E+00  1.33156141545094971E-02
  2.1288369E+00  1.04177059501575388E-02
  2.1433985E+00  7.82405491619274709E-03
  2.1580596E+00  5.58477791204755811E-03
  2.1728211E+00  3.73534329962520346E-03
  2.1876835E+00  2.29244639311348194E-03
  2.2026475E+00  1.24966376889557940E-03
  2.2177140E+00  5.66828384522656352E-04
  2.2328834E+00  1.81655700800881621E-04
  2.2481566E+00  2.49750335182724680E-05
  2.2635343E+00  0.00000000000000000E+00
  2.2790172E+00  0.00000000000000000E+00
  2.2946060E+00  0.00000000000000000E+00
  2.3103014E+00  0.00000000000000000E+00
  2.3261041E+00  0.00000000000000000E+00
  2.3420149E+00  0.00000000000000000E+00
  2.3580346E+00  0.00000000000000000E+00
  2.3741638E+00  0.00000000000000000E+00
  2.3904034E+00  0.00000000000000000E+00
  2.4067540E+00  0.00000000000000000E+00
  2.4232165E+00  0.00000000000000000E+00
