 # l=           3 basis function with energy     2.0000000000000000     
  0.0000E+00 -0.0000E+00  0.0000E+00  0.0000E+00
  6.5668E-07 -1.8754E-20  4.0404E-26  2.6868E-25
  1.3178E-06 -2.2519E-19  6.5536E-25  4.3579E-24
  1.9835E-06 -9.6874E-19  3.3634E-24  2.2366E-23
  2.6538E-06 -2.7375E-18  1.0777E-23  7.1661E-23
  3.3286E-06 -6.1446E-18  2.6673E-23  1.7737E-22
  4.0081E-06 -1.1923E-17  5.6073E-23  3.7287E-22
  4.6922E-06 -2.0923E-17  1.0532E-22  7.0034E-22
  5.3809E-06 -3.4113E-17  1.8216E-22  1.2113E-21
  6.0744E-06 -5.2579E-17  2.9582E-22  1.9671E-21
  6.7726E-06 -7.7530E-17  4.5714E-22  3.0398E-21
  7.4756E-06 -1.1029E-16  6.7859E-22  4.5124E-21
  8.1834E-06 -1.5233E-16  9.7445E-22  6.4798E-21
  8.8961E-06 -2.0522E-16  1.3609E-21  9.0493E-21
  9.6136E-06 -2.7069E-16  1.8559E-21  1.2341E-20
  1.0336E-05 -3.5059E-16  2.4799E-21  1.6491E-20
  1.1063E-05 -4.4692E-16  3.2552E-21  2.1646E-20
  1.1796E-05 -5.6182E-16  4.2065E-21  2.7972E-20
  1.2533E-05 -6.9760E-16  5.3611E-21  3.5650E-20
  1.3276E-05 -8.5670E-16  6.7488E-21  4.4877E-20
  1.4023E-05 -1.0417E-15  8.4020E-21  5.5871E-20
  1.4776E-05 -1.2555E-15  1.0356E-20  6.8865E-20
  1.5533E-05 -1.5010E-15  1.2650E-20  8.4116E-20
  1.6296E-05 -1.7812E-15  1.5324E-20  1.0190E-19
  1.7064E-05 -2.0996E-15  1.8424E-20  1.2251E-19
  1.7838E-05 -2.4597E-15  2.1998E-20  1.4628E-19
  1.8617E-05 -2.8651E-15  2.6098E-20  1.7354E-19
  1.9401E-05 -3.3198E-15  3.0780E-20  2.0468E-19
  2.0190E-05 -3.8279E-15  3.6104E-20  2.4008E-19
  2.0985E-05 -4.3939E-15  4.2133E-20  2.8017E-19
  2.1785E-05 -5.0222E-15  4.8937E-20  3.2542E-19
  2.2591E-05 -5.7177E-15  5.6588E-20  3.7629E-19
  2.3402E-05 -6.4854E-15  6.5164E-20  4.3332E-19
  2.4218E-05 -7.3308E-15  7.4749E-20  4.9706E-19
  2.5041E-05 -8.2594E-15  8.5430E-20  5.6808E-19
  2.5869E-05 -9.2770E-15  9.7302E-20  6.4703E-19
  2.6702E-05 -1.0390E-14  1.1046E-19  7.3454E-19
  2.7542E-05 -1.1604E-14  1.2502E-19  8.3135E-19
  2.8387E-05 -1.2927E-14  1.4108E-19  9.3817E-19
  2.9238E-05 -1.4366E-14  1.5878E-19  1.0558E-18
  3.0094E-05 -1.5927E-14  1.7822E-19  1.1851E-18
  3.0957E-05 -1.7619E-14  1.9954E-19  1.3269E-18
  3.1825E-05 -1.9449E-14  2.2290E-19  1.4822E-18
  3.2700E-05 -2.1427E-14  2.4842E-19  1.6519E-18
  3.3580E-05 -2.3560E-14  2.7627E-19  1.8371E-18
  3.4466E-05 -2.5859E-14  3.0661E-19  2.0389E-18
  3.5359E-05 -2.8332E-14  3.3963E-19  2.2584E-18
  3.6257E-05 -3.0990E-14  3.7549E-19  2.4969E-18
  3.7162E-05 -3.3843E-14  4.1439E-19  2.7555E-18
  3.8073E-05 -3.6902E-14  4.5653E-19  3.0358E-18
  3.8990E-05 -4.0179E-14  5.0214E-19  3.3390E-18
  3.9913E-05 -4.3684E-14  5.5142E-19  3.6668E-18
  4.0843E-05 -4.7431E-14  6.0462E-19  4.0205E-18
  4.1779E-05 -5.1433E-14  6.6198E-19  4.4020E-18
  4.2721E-05 -5.5701E-14  7.2376E-19  4.8128E-18
  4.3670E-05 -6.0252E-14  7.9024E-19  5.2548E-18
  4.4626E-05 -6.5098E-14  8.6169E-19  5.7300E-18
  4.5588E-05 -7.0254E-14  9.3843E-19  6.2402E-18
  4.6556E-05 -7.5738E-14  1.0207E-18  6.7877E-18
  4.7531E-05 -8.1563E-14  1.1090E-18  7.3745E-18
  4.8513E-05 -8.7748E-14  1.2035E-18  8.0029E-18
  4.9501E-05 -9.4310E-14  1.3046E-18  8.6754E-18
  5.0497E-05 -1.0127E-13  1.4128E-18  9.3944E-18
  5.1499E-05 -1.0864E-13  1.5283E-18  1.0163E-17
  5.2508E-05 -1.1644E-13  1.6516E-18  1.0983E-17
  5.3523E-05 -1.2470E-13  1.7832E-18  1.1858E-17
  5.4546E-05 -1.3343E-13  1.9234E-18  1.2790E-17
  5.5576E-05 -1.4266E-13  2.0728E-18  1.3784E-17
  5.6613E-05 -1.5241E-13  2.2319E-18  1.4841E-17
  5.7657E-05 -1.6270E-13  2.4011E-18  1.5967E-17
  5.8708E-05 -1.7356E-13  2.5811E-18  1.7163E-17
  5.9766E-05 -1.8502E-13  2.7723E-18  1.8435E-17
  6.0831E-05 -1.9709E-13  2.9753E-18  1.9785E-17
  6.1904E-05 -2.0981E-13  3.1908E-18  2.1218E-17
  6.2984E-05 -2.2320E-13  3.4194E-18  2.2738E-17
  6.4072E-05 -2.3729E-13  3.6617E-18  2.4349E-17
  6.5167E-05 -2.5212E-13  3.9185E-18  2.6057E-17
  6.6269E-05 -2.6772E-13  4.1905E-18  2.7865E-17
  6.7379E-05 -2.8411E-13  4.4783E-18  2.9779E-17
  6.8497E-05 -3.0133E-13  4.7829E-18  3.1805E-17
  6.9622E-05 -3.1942E-13  5.1050E-18  3.3947E-17
  7.0755E-05 -3.3842E-13  5.4455E-18  3.6211E-17
  7.1895E-05 -3.5835E-13  5.8052E-18  3.8603E-17
  7.3044E-05 -3.7926E-13  6.1851E-18  4.1129E-17
  7.4200E-05 -4.0119E-13  6.5862E-18  4.3796E-17
  7.5364E-05 -4.2417E-13  7.0093E-18  4.6610E-17
  7.6536E-05 -4.4826E-13  7.4557E-18  4.9578E-17
  7.7717E-05 -4.7350E-13  7.9263E-18  5.2707E-17
  7.8905E-05 -4.9993E-13  8.4223E-18  5.6006E-17
  8.0101E-05 -5.2760E-13  8.9448E-18  5.9480E-17
  8.1306E-05 -5.5655E-13  9.4951E-18  6.3140E-17
  8.2519E-05 -5.8685E-13  1.0074E-17  6.6992E-17
  8.3740E-05 -6.1854E-13  1.0684E-17  7.1046E-17
  8.4969E-05 -6.5167E-13  1.1326E-17  7.5311E-17
  8.6207E-05 -6.8631E-13  1.2000E-17  7.9797E-17
  8.7453E-05 -7.2250E-13  1.2709E-17  8.4512E-17
  8.8708E-05 -7.6031E-13  1.3455E-17  8.9468E-17
  8.9971E-05 -7.9981E-13  1.4238E-17  9.4675E-17
  9.1244E-05 -8.4105E-13  1.5060E-17  1.0014E-16
  9.2524E-05 -8.8410E-13  1.5924E-17  1.0589E-16
  9.3814E-05 -9.2903E-13  1.6830E-17  1.1191E-16
  9.5112E-05 -9.7591E-13  1.7781E-17  1.1824E-16
  9.6419E-05 -1.0248E-12  1.8779E-17  1.2488E-16
  9.7736E-05 -1.0758E-12  1.9826E-17  1.3183E-16
  9.9061E-05 -1.1290E-12  2.0923E-17  1.3913E-16
  1.0040E-04 -1.1844E-12  2.2073E-17  1.4678E-16
  1.0174E-04 -1.2422E-12  2.3279E-17  1.5479E-16
  1.0309E-04 -1.3024E-12  2.4541E-17  1.6319E-16
  1.0445E-04 -1.3651E-12  2.5864E-17  1.7199E-16
  1.0582E-04 -1.4304E-12  2.7249E-17  1.8120E-16
  1.0720E-04 -1.4984E-12  2.8699E-17  1.9084E-16
  1.0859E-04 -1.5692E-12  3.0217E-17  2.0093E-16
  1.0999E-04 -1.6428E-12  3.1804E-17  2.1149E-16
  1.1140E-04 -1.7195E-12  3.3466E-17  2.2254E-16
  1.1282E-04 -1.7993E-12  3.5203E-17  2.3409E-16
  1.1425E-04 -1.8823E-12  3.7020E-17  2.4617E-16
  1.1569E-04 -1.9686E-12  3.8920E-17  2.5880E-16
  1.1714E-04 -2.0584E-12  4.0905E-17  2.7201E-16
  1.1859E-04 -2.1517E-12  4.2980E-17  2.8580E-16
  1.2006E-04 -2.2487E-12  4.5147E-17  3.0022E-16
  1.2154E-04 -2.3495E-12  4.7412E-17  3.1527E-16
  1.2303E-04 -2.4543E-12  4.9776E-17  3.3100E-16
  1.2453E-04 -2.5632E-12  5.2246E-17  3.4742E-16
  1.2603E-04 -2.6762E-12  5.4824E-17  3.6456E-16
  1.2755E-04 -2.7937E-12  5.7514E-17  3.8245E-16
  1.2908E-04 -2.9157E-12  6.0322E-17  4.0112E-16
  1.3062E-04 -3.0423E-12  6.3252E-17  4.2061E-16
  1.3217E-04 -3.1738E-12  6.6308E-17  4.4093E-16
  1.3373E-04 -3.3103E-12  6.9496E-17  4.6213E-16
  1.3530E-04 -3.4520E-12  7.2821E-17  4.8423E-16
  1.3689E-04 -3.5990E-12  7.6287E-17  5.0728E-16
  1.3848E-04 -3.7515E-12  7.9900E-17  5.3131E-16
  1.4008E-04 -3.9097E-12  8.3667E-17  5.5636E-16
  1.4170E-04 -4.0738E-12  8.7592E-17  5.8246E-16
  1.4332E-04 -4.2441E-12  9.1682E-17  6.0966E-16
  1.4496E-04 -4.4206E-12  9.5943E-17  6.3799E-16
  1.4661E-04 -4.6036E-12  1.0038E-16  6.6750E-16
  1.4827E-04 -4.7934E-12  1.0500E-16  6.9824E-16
  1.4994E-04 -4.9901E-12  1.0982E-16  7.3025E-16
  1.5162E-04 -5.1939E-12  1.1483E-16  7.6358E-16
  1.5331E-04 -5.4052E-12  1.2005E-16  7.9827E-16
  1.5502E-04 -5.6241E-12  1.2548E-16  8.3439E-16
  1.5674E-04 -5.8510E-12  1.3113E-16  8.7197E-16
  1.5847E-04 -6.0860E-12  1.3701E-16  9.1109E-16
  1.6021E-04 -6.3294E-12  1.4313E-16  9.5178E-16
  1.6196E-04 -6.5815E-12  1.4950E-16  9.9411E-16
  1.6372E-04 -6.8426E-12  1.5612E-16  1.0381E-15
  1.6550E-04 -7.1130E-12  1.6301E-16  1.0839E-15
  1.6729E-04 -7.3930E-12  1.7017E-16  1.1316E-15
  1.6909E-04 -7.6828E-12  1.7762E-16  1.1811E-15
  1.7090E-04 -7.9828E-12  1.8536E-16  1.2326E-15
  1.7273E-04 -8.2934E-12  1.9341E-16  1.2861E-15
  1.7457E-04 -8.6148E-12  2.0177E-16  1.3417E-15
  1.7642E-04 -8.9474E-12  2.1046E-16  1.3995E-15
  1.7828E-04 -9.2915E-12  2.1950E-16  1.4596E-15
  1.8016E-04 -9.6476E-12  2.2888E-16  1.5220E-15
  1.8205E-04 -1.0016E-11  2.3864E-16  1.5868E-15
  1.8395E-04 -1.0397E-11  2.4876E-16  1.6542E-15
  1.8586E-04 -1.0791E-11  2.5929E-16  1.7242E-15
  1.8779E-04 -1.1199E-11  2.7021E-16  1.7968E-15
  1.8973E-04 -1.1621E-11  2.8156E-16  1.8723E-15
  1.9169E-04 -1.2057E-11  2.9334E-16  1.9506E-15
  1.9365E-04 -1.2507E-11  3.0557E-16  2.0320E-15
  1.9563E-04 -1.2974E-11  3.1827E-16  2.1164E-15
  1.9763E-04 -1.3455E-11  3.3145E-16  2.2041E-15
  1.9964E-04 -1.3954E-11  3.4513E-16  2.2950E-15
  2.0166E-04 -1.4468E-11  3.5933E-16  2.3894E-15
  2.0370E-04 -1.5000E-11  3.7406E-16  2.4874E-15
  2.0575E-04 -1.5550E-11  3.8935E-16  2.5891E-15
  2.0781E-04 -1.6119E-11  4.0521E-16  2.6945E-15
  2.0989E-04 -1.6706E-11  4.2166E-16  2.8039E-15
  2.1198E-04 -1.7313E-11  4.3873E-16  2.9174E-15
  2.1409E-04 -1.7940E-11  4.5643E-16  3.0351E-15
  2.1621E-04 -1.8587E-11  4.7479E-16  3.1572E-15
  2.1834E-04 -1.9256E-11  4.9383E-16  3.2838E-15
  2.2049E-04 -1.9947E-11  5.1357E-16  3.4151E-15
  2.2266E-04 -2.0661E-11  5.3404E-16  3.5512E-15
  2.2484E-04 -2.1398E-11  5.5526E-16  3.6923E-15
  2.2703E-04 -2.2159E-11  5.7725E-16  3.8386E-15
  2.2924E-04 -2.2945E-11  6.0006E-16  3.9902E-15
  2.3147E-04 -2.3756E-11  6.2369E-16  4.1473E-15
  2.3371E-04 -2.4594E-11  6.4818E-16  4.3102E-15
  2.3596E-04 -2.5459E-11  6.7357E-16  4.4790E-15
  2.3823E-04 -2.6352E-11  6.9987E-16  4.6539E-15
  2.4052E-04 -2.7273E-11  7.2712E-16  4.8351E-15
  2.4282E-04 -2.8225E-11  7.5536E-16  5.0229E-15
  2.4514E-04 -2.9207E-11  7.8461E-16  5.2174E-15
  2.4747E-04 -3.0220E-11  8.1492E-16  5.4189E-15
  2.4982E-04 -3.1266E-11  8.4631E-16  5.6277E-15
  2.5219E-04 -3.2346E-11  8.7882E-16  5.8439E-15
  2.5457E-04 -3.3459E-11  9.1249E-16  6.0678E-15
  2.5697E-04 -3.4608E-11  9.4736E-16  6.2996E-15
  2.5938E-04 -3.5794E-11  9.8346E-16  6.5397E-15
  2.6181E-04 -3.7017E-11  1.0209E-15  6.7883E-15
  2.6426E-04 -3.8279E-11  1.0596E-15  7.0458E-15
  2.6672E-04 -3.9581E-11  1.0996E-15  7.3123E-15
  2.6920E-04 -4.0924E-11  1.1411E-15  7.5882E-15
  2.7170E-04 -4.2309E-11  1.1841E-15  7.8737E-15
  2.7422E-04 -4.3737E-11  1.2285E-15  8.1694E-15
  2.7675E-04 -4.5210E-11  1.2745E-15  8.4753E-15
  2.7930E-04 -4.6730E-11  1.3222E-15  8.7920E-15
  2.8186E-04 -4.8296E-11  1.3714E-15  9.1197E-15
  2.8445E-04 -4.9912E-11  1.4224E-15  9.4588E-15
  2.8705E-04 -5.1578E-11  1.4752E-15  9.8097E-15
  2.8967E-04 -5.3296E-11  1.5298E-15  1.0173E-14
  2.9231E-04 -5.5066E-11  1.5863E-15  1.0548E-14
  2.9497E-04 -5.6892E-11  1.6448E-15  1.0937E-14
  2.9764E-04 -5.8774E-11  1.7052E-15  1.1339E-14
  3.0033E-04 -6.0715E-11  1.7678E-15  1.1755E-14
  3.0304E-04 -6.2715E-11  1.8325E-15  1.2185E-14
  3.0577E-04 -6.4777E-11  1.8994E-15  1.2630E-14
  3.0852E-04 -6.6902E-11  1.9686E-15  1.3090E-14
  3.1129E-04 -6.9092E-11  2.0402E-15  1.3566E-14
  3.1407E-04 -7.1349E-11  2.1142E-15  1.4059E-14
  3.1688E-04 -7.3675E-11  2.1907E-15  1.4568E-14
  3.1970E-04 -7.6072E-11  2.2699E-15  1.5094E-14
  3.2255E-04 -7.8543E-11  2.3517E-15  1.5638E-14
  3.2541E-04 -8.1088E-11  2.4363E-15  1.6201E-14
  3.2829E-04 -8.3711E-11  2.5238E-15  1.6782E-14
  3.3119E-04 -8.6414E-11  2.6142E-15  1.7384E-14
  3.3412E-04 -8.9198E-11  2.7077E-15  1.8005E-14
  3.3706E-04 -9.2067E-11  2.8043E-15  1.8648E-14
  3.4002E-04 -9.5022E-11  2.9042E-15  1.9312E-14
  3.4300E-04 -9.8067E-11  3.0075E-15  1.9999E-14
  3.4600E-04 -1.0120E-10  3.1142E-15  2.0708E-14
  3.4903E-04 -1.0443E-10  3.2245E-15  2.1442E-14
  3.5207E-04 -1.0776E-10  3.3384E-15  2.2199E-14
  3.5514E-04 -1.1119E-10  3.4562E-15  2.2983E-14
  3.5822E-04 -1.1472E-10  3.5779E-15  2.3792E-14
  3.6133E-04 -1.1836E-10  3.7036E-15  2.4628E-14
  3.6446E-04 -1.2210E-10  3.8336E-15  2.5492E-14
  3.6761E-04 -1.2596E-10  3.9678E-15  2.6385E-14
  3.7078E-04 -1.2993E-10  4.1065E-15  2.7307E-14
  3.7397E-04 -1.3402E-10  4.2498E-15  2.8260E-14
  3.7719E-04 -1.3823E-10  4.3978E-15  2.9244E-14
  3.8042E-04 -1.4257E-10  4.5507E-15  3.0261E-14
  3.8368E-04 -1.4703E-10  4.7086E-15  3.1311E-14
  3.8696E-04 -1.5163E-10  4.8718E-15  3.2396E-14
  3.9026E-04 -1.5636E-10  5.0403E-15  3.3516E-14
  3.9359E-04 -1.6124E-10  5.2143E-15  3.4674E-14
  3.9694E-04 -1.6625E-10  5.3940E-15  3.5869E-14
  4.0031E-04 -1.7142E-10  5.5797E-15  3.7103E-14
  4.0371E-04 -1.7674E-10  5.7714E-15  3.8378E-14
  4.0712E-04 -1.8221E-10  5.9693E-15  3.9694E-14
  4.1057E-04 -1.8785E-10  6.1737E-15  4.1053E-14
  4.1403E-04 -1.9365E-10  6.3848E-15  4.2457E-14
  4.1752E-04 -1.9962E-10  6.6027E-15  4.3906E-14
  4.2103E-04 -2.0576E-10  6.8277E-15  4.5402E-14
  4.2457E-04 -2.1209E-10  7.0600E-15  4.6947E-14
  4.2813E-04 -2.1860E-10  7.2998E-15  4.8542E-14
  4.3171E-04 -2.2530E-10  7.5474E-15  5.0188E-14
  4.3532E-04 -2.3219E-10  7.8030E-15  5.1888E-14
  4.3896E-04 -2.3929E-10  8.0669E-15  5.3642E-14
  4.4262E-04 -2.4659E-10  8.3392E-15  5.5453E-14
  4.4630E-04 -2.5411E-10  8.6204E-15  5.7323E-14
  4.5001E-04 -2.6184E-10  8.9105E-15  5.9252E-14
  4.5374E-04 -2.6980E-10  9.2100E-15  6.1244E-14
  4.5750E-04 -2.7799E-10  9.5191E-15  6.3299E-14
  4.6129E-04 -2.8642E-10  9.8382E-15  6.5421E-14
  4.6510E-04 -2.9509E-10  1.0167E-14  6.7610E-14
  4.6894E-04 -3.0401E-10  1.0507E-14  6.9869E-14
  4.7280E-04 -3.1319E-10  1.0858E-14  7.2201E-14
  4.7669E-04 -3.2263E-10  1.1220E-14  7.4607E-14
  4.8061E-04 -3.3235E-10  1.1593E-14  7.7090E-14
  4.8456E-04 -3.4234E-10  1.1978E-14  7.9651E-14
  4.8853E-04 -3.5263E-10  1.2376E-14  8.2295E-14
  4.9253E-04 -3.6320E-10  1.2786E-14  8.5022E-14
  4.9655E-04 -3.7409E-10  1.3209E-14  8.7836E-14
  5.0060E-04 -3.8528E-10  1.3646E-14  9.0739E-14
  5.0468E-04 -3.9680E-10  1.4096E-14  9.3734E-14
  5.0879E-04 -4.0864E-10  1.4561E-14  9.6824E-14
  5.1293E-04 -4.2083E-10  1.5040E-14  1.0001E-13
  5.1709E-04 -4.3336E-10  1.5534E-14  1.0330E-13
  5.2129E-04 -4.4625E-10  1.6045E-14  1.0669E-13
  5.2551E-04 -4.5951E-10  1.6571E-14  1.1019E-13
  5.2976E-04 -4.7315E-10  1.7113E-14  1.1380E-13
  5.3404E-04 -4.8718E-10  1.7673E-14  1.1752E-13
  5.3835E-04 -5.0160E-10  1.8251E-14  1.2136E-13
  5.4269E-04 -5.1644E-10  1.8846E-14  1.2532E-13
  5.4706E-04 -5.3170E-10  1.9460E-14  1.2941E-13
  5.5146E-04 -5.4739E-10  2.0094E-14  1.3362E-13
  5.5589E-04 -5.6353E-10  2.0747E-14  1.3796E-13
  5.6034E-04 -5.8012E-10  2.1421E-14  1.4244E-13
  5.6483E-04 -5.9719E-10  2.2116E-14  1.4706E-13
  5.6935E-04 -6.1474E-10  2.2832E-14  1.5183E-13
  5.7390E-04 -6.3278E-10  2.3571E-14  1.5674E-13
  5.7849E-04 -6.5134E-10  2.4333E-14  1.6181E-13
  5.8310E-04 -6.7042E-10  2.5118E-14  1.6703E-13
  5.8775E-04 -6.9004E-10  2.5928E-14  1.7241E-13
  5.9242E-04 -7.1021E-10  2.6763E-14  1.7797E-13
  5.9713E-04 -7.3095E-10  2.7625E-14  1.8369E-13
  6.0187E-04 -7.5228E-10  2.8512E-14  1.8960E-13
  6.0665E-04 -7.7420E-10  2.9428E-14  1.9568E-13
  6.1145E-04 -7.9675E-10  3.0371E-14  2.0196E-13
  6.1629E-04 -8.1992E-10  3.1344E-14  2.0843E-13
  6.2116E-04 -8.4375E-10  3.2347E-14  2.1510E-13
  6.2607E-04 -8.6825E-10  3.3381E-14  2.2197E-13
  6.3101E-04 -8.9344E-10  3.4447E-14  2.2906E-13
  6.3598E-04 -9.1933E-10  3.5546E-14  2.3637E-13
  6.4099E-04 -9.4595E-10  3.6678E-14  2.4390E-13
  6.4603E-04 -9.7331E-10  3.7846E-14  2.5166E-13
  6.5110E-04 -1.0014E-09  3.9049E-14  2.5967E-13
  6.5621E-04 -1.0304E-09  4.0290E-14  2.6791E-13
  6.6136E-04 -1.0601E-09  4.1568E-14  2.7642E-13
  6.6654E-04 -1.0906E-09  4.2886E-14  2.8518E-13
  6.7175E-04 -1.1220E-09  4.4244E-14  2.9421E-13
  6.7700E-04 -1.1543E-09  4.5644E-14  3.0352E-13
  6.8229E-04 -1.1875E-09  4.7087E-14  3.1311E-13
  6.8762E-04 -1.2216E-09  4.8573E-14  3.2300E-13
  6.9298E-04 -1.2567E-09  5.0106E-14  3.3319E-13
  6.9837E-04 -1.2927E-09  5.1685E-14  3.4369E-13
  7.0381E-04 -1.3298E-09  5.3312E-14  3.5451E-13
  7.0928E-04 -1.3678E-09  5.4989E-14  3.6566E-13
  7.1478E-04 -1.4070E-09  5.6717E-14  3.7715E-13
  7.2033E-04 -1.4472E-09  5.8498E-14  3.8899E-13
  7.2591E-04 -1.4885E-09  6.0333E-14  4.0120E-13
  7.3153E-04 -1.5310E-09  6.2224E-14  4.1377E-13
  7.3720E-04 -1.5746E-09  6.4172E-14  4.2672E-13
  7.4289E-04 -1.6195E-09  6.6180E-14  4.4007E-13
  7.4863E-04 -1.6656E-09  6.8248E-14  4.5383E-13
  7.5441E-04 -1.7130E-09  7.0379E-14  4.6800E-13
  7.6023E-04 -1.7617E-09  7.2575E-14  4.8260E-13
  7.6608E-04 -1.8117E-09  7.4837E-14  4.9765E-13
  7.7198E-04 -1.8632E-09  7.7168E-14  5.1314E-13
  7.7792E-04 -1.9160E-09  7.9570E-14  5.2911E-13
  7.8389E-04 -1.9703E-09  8.2044E-14  5.4556E-13
  7.8991E-04 -2.0261E-09  8.4592E-14  5.6251E-13
  7.9597E-04 -2.0835E-09  8.7218E-14  5.7997E-13
  8.0207E-04 -2.1424E-09  8.9923E-14  5.9796E-13
  8.0822E-04 -2.2029E-09  9.2710E-14  6.1649E-13
  8.1440E-04 -2.2652E-09  9.5580E-14  6.3558E-13
  8.2063E-04 -2.3291E-09  9.8537E-14  6.5524E-13
  8.2690E-04 -2.3948E-09  1.0158E-13  6.7550E-13
  8.3321E-04 -2.4623E-09  1.0472E-13  6.9636E-13
  8.3956E-04 -2.5316E-09  1.0795E-13  7.1785E-13
  8.4596E-04 -2.6029E-09  1.1128E-13  7.3999E-13
  8.5241E-04 -2.6761E-09  1.1471E-13  7.6279E-13
  8.5889E-04 -2.7513E-09  1.1824E-13  7.8628E-13
  8.6543E-04 -2.8286E-09  1.2188E-13  8.1047E-13
  8.7200E-04 -2.9081E-09  1.2563E-13  8.3538E-13
  8.7862E-04 -2.9896E-09  1.2949E-13  8.6105E-13
  8.8529E-04 -3.0735E-09  1.3346E-13  8.8748E-13
  8.9200E-04 -3.1596E-09  1.3756E-13  9.1470E-13
  8.9876E-04 -3.2481E-09  1.4177E-13  9.4273E-13
  9.0556E-04 -3.3390E-09  1.4611E-13  9.7161E-13
  9.1241E-04 -3.4324E-09  1.5059E-13  1.0013E-12
  9.1931E-04 -3.5284E-09  1.5519E-13  1.0320E-12
  9.2626E-04 -3.6269E-09  1.5993E-13  1.0635E-12
  9.3325E-04 -3.7282E-09  1.6482E-13  1.0960E-12
  9.4029E-04 -3.8323E-09  1.6985E-13  1.1294E-12
  9.4738E-04 -3.9391E-09  1.7503E-13  1.1639E-12
  9.5451E-04 -4.0489E-09  1.8036E-13  1.1993E-12
  9.6170E-04 -4.1617E-09  1.8585E-13  1.2359E-12
  9.6893E-04 -4.2776E-09  1.9151E-13  1.2735E-12
  9.7622E-04 -4.3966E-09  1.9733E-13  1.3122E-12
  9.8355E-04 -4.5189E-09  2.0333E-13  1.3521E-12
  9.9093E-04 -4.6445E-09  2.0951E-13  1.3931E-12
  9.9837E-04 -4.7736E-09  2.1586E-13  1.4354E-12
  1.0059E-03 -4.9061E-09  2.2241E-13  1.4790E-12
  1.0134E-03 -5.0423E-09  2.2915E-13  1.5238E-12
  1.0210E-03 -5.1822E-09  2.3609E-13  1.5699E-12
  1.0286E-03 -5.3258E-09  2.4324E-13  1.6175E-12
  1.0363E-03 -5.4734E-09  2.5060E-13  1.6664E-12
  1.0441E-03 -5.6250E-09  2.5817E-13  1.7168E-12
  1.0519E-03 -5.7807E-09  2.6597E-13  1.7686E-12
  1.0597E-03 -5.9407E-09  2.7400E-13  1.8220E-12
  1.0676E-03 -6.1049E-09  2.8227E-13  1.8770E-12
  1.0756E-03 -6.2737E-09  2.9078E-13  1.9336E-12
  1.0836E-03 -6.4470E-09  2.9955E-13  1.9919E-12
  1.0916E-03 -6.6251E-09  3.0857E-13  2.0519E-12
  1.0998E-03 -6.8079E-09  3.1785E-13  2.1136E-12
  1.1080E-03 -6.9957E-09  3.2742E-13  2.1772E-12
  1.1162E-03 -7.1887E-09  3.3726E-13  2.2427E-12
  1.1245E-03 -7.3868E-09  3.4739E-13  2.3101E-12
  1.1328E-03 -7.5903E-09  3.5782E-13  2.3794E-12
  1.1412E-03 -7.7993E-09  3.6856E-13  2.4508E-12
  1.1497E-03 -8.0140E-09  3.7962E-13  2.5243E-12
  1.1582E-03 -8.2345E-09  3.9100E-13  2.6000E-12
  1.1668E-03 -8.4610E-09  4.0271E-13  2.6779E-12
  1.1754E-03 -8.6936E-09  4.1477E-13  2.7581E-12
  1.1841E-03 -8.9325E-09  4.2718E-13  2.8406E-12
  1.1929E-03 -9.1778E-09  4.3995E-13  2.9256E-12
  1.2017E-03 -9.4298E-09  4.5310E-13  3.0130E-12
  1.2106E-03 -9.6886E-09  4.6664E-13  3.1030E-12
  1.2195E-03 -9.9543E-09  4.8057E-13  3.1957E-12
  1.2285E-03 -1.0227E-08  4.9491E-13  3.2910E-12
  1.2376E-03 -1.0508E-08  5.0967E-13  3.3892E-12
  1.2467E-03 -1.0796E-08  5.2487E-13  3.4902E-12
  1.2559E-03 -1.1091E-08  5.4051E-13  3.5942E-12
  1.2651E-03 -1.1395E-08  5.5660E-13  3.7012E-12
  1.2744E-03 -1.1707E-08  5.7317E-13  3.8114E-12
  1.2838E-03 -1.2027E-08  5.9022E-13  3.9248E-12
  1.2932E-03 -1.2356E-08  6.0776E-13  4.0414E-12
  1.3027E-03 -1.2694E-08  6.2582E-13  4.1615E-12
  1.3123E-03 -1.3040E-08  6.4441E-13  4.2851E-12
  1.3219E-03 -1.3397E-08  6.6354E-13  4.4123E-12
  1.3316E-03 -1.3762E-08  6.8323E-13  4.5433E-12
  1.3414E-03 -1.4138E-08  7.0349E-13  4.6780E-12
  1.3512E-03 -1.4524E-08  7.2434E-13  4.8167E-12
  1.3611E-03 -1.4920E-08  7.4580E-13  4.9594E-12
  1.3711E-03 -1.5327E-08  7.6789E-13  5.1062E-12
  1.3811E-03 -1.5744E-08  7.9062E-13  5.2574E-12
  1.3912E-03 -1.6173E-08  8.1401E-13  5.4129E-12
  1.4014E-03 -1.6614E-08  8.3808E-13  5.5729E-12
  1.4117E-03 -1.7066E-08  8.6285E-13  5.7377E-12
  1.4220E-03 -1.7531E-08  8.8834E-13  5.9072E-12
  1.4324E-03 -1.8008E-08  9.1457E-13  6.0816E-12
  1.4428E-03 -1.8498E-08  9.4156E-13  6.2611E-12
  1.4533E-03 -1.9001E-08  9.6934E-13  6.4458E-12
  1.4639E-03 -1.9517E-08  9.9792E-13  6.6359E-12
  1.4746E-03 -2.0047E-08  1.0273E-12  6.8314E-12
  1.4853E-03 -2.0592E-08  1.0576E-12  7.0327E-12
  1.4962E-03 -2.1151E-08  1.0887E-12  7.2398E-12
  1.5070E-03 -2.1726E-08  1.1208E-12  7.4529E-12
  1.5180E-03 -2.2315E-08  1.1538E-12  7.6722E-12
  1.5291E-03 -2.2921E-08  1.1877E-12  7.8978E-12
  1.5402E-03 -2.3542E-08  1.2226E-12  8.1300E-12
  1.5514E-03 -2.4181E-08  1.2585E-12  8.3688E-12
  1.5626E-03 -2.4836E-08  1.2955E-12  8.6146E-12
  1.5740E-03 -2.5509E-08  1.3335E-12  8.8675E-12
  1.5854E-03 -2.6200E-08  1.3727E-12  9.1278E-12
  1.5969E-03 -2.6910E-08  1.4129E-12  9.3955E-12
  1.6085E-03 -2.7639E-08  1.4544E-12  9.6710E-12
  1.6201E-03 -2.8387E-08  1.4970E-12  9.9545E-12
  1.6319E-03 -2.9155E-08  1.5408E-12  1.0246E-11
  1.6437E-03 -2.9944E-08  1.5860E-12  1.0546E-11
  1.6556E-03 -3.0754E-08  1.6324E-12  1.0855E-11
  1.6676E-03 -3.1585E-08  1.6802E-12  1.1173E-11
  1.6796E-03 -3.2439E-08  1.7293E-12  1.1499E-11
  1.6918E-03 -3.3316E-08  1.7799E-12  1.1836E-11
  1.7040E-03 -3.4216E-08  1.8319E-12  1.2181E-11
  1.7163E-03 -3.5140E-08  1.8854E-12  1.2537E-11
  1.7287E-03 -3.6089E-08  1.9405E-12  1.2903E-11
  1.7412E-03 -3.7063E-08  1.9971E-12  1.3280E-11
  1.7538E-03 -3.8064E-08  2.0554E-12  1.3668E-11
  1.7664E-03 -3.9091E-08  2.1153E-12  1.4066E-11
  1.7791E-03 -4.0145E-08  2.1770E-12  1.4477E-11
  1.7920E-03 -4.1228E-08  2.2405E-12  1.4899E-11
  1.8049E-03 -4.2340E-08  2.3058E-12  1.5333E-11
  1.8179E-03 -4.3481E-08  2.3729E-12  1.5779E-11
  1.8310E-03 -4.4653E-08  2.4420E-12  1.6239E-11
  1.8442E-03 -4.5856E-08  2.5131E-12  1.6711E-11
  1.8574E-03 -4.7091E-08  2.5862E-12  1.7198E-11
  1.8708E-03 -4.8360E-08  2.6614E-12  1.7698E-11
  1.8842E-03 -4.9662E-08  2.7388E-12  1.8212E-11
  1.8978E-03 -5.0999E-08  2.8184E-12  1.8742E-11
  1.9114E-03 -5.2371E-08  2.9003E-12  1.9286E-11
  1.9252E-03 -5.3780E-08  2.9846E-12  1.9846E-11
  1.9390E-03 -5.5227E-08  3.0712E-12  2.0423E-11
  1.9529E-03 -5.6712E-08  3.1604E-12  2.1015E-11
  1.9669E-03 -5.8237E-08  3.2521E-12  2.1625E-11
  1.9810E-03 -5.9803E-08  3.3464E-12  2.2252E-11
  1.9952E-03 -6.1411E-08  3.4434E-12  2.2898E-11
  2.0095E-03 -6.3061E-08  3.5432E-12  2.3561E-11
  2.0239E-03 -6.4755E-08  3.6459E-12  2.4244E-11
  2.0384E-03 -6.6495E-08  3.7515E-12  2.4946E-11
  2.0530E-03 -6.8280E-08  3.8601E-12  2.5669E-11
  2.0677E-03 -7.0114E-08  3.9719E-12  2.6412E-11
  2.0825E-03 -7.1996E-08  4.0868E-12  2.7176E-11
  2.0974E-03 -7.3928E-08  4.2050E-12  2.7962E-11
  2.1124E-03 -7.5912E-08  4.3267E-12  2.8771E-11
  2.1275E-03 -7.7949E-08  4.4517E-12  2.9603E-11
  2.1428E-03 -8.0040E-08  4.5804E-12  3.0458E-11
  2.1581E-03 -8.2187E-08  4.7127E-12  3.1338E-11
  2.1735E-03 -8.4390E-08  4.8489E-12  3.2243E-11
  2.1890E-03 -8.6653E-08  4.9889E-12  3.3175E-11
  2.2046E-03 -8.8975E-08  5.1329E-12  3.4132E-11
  2.2204E-03 -9.1360E-08  5.2810E-12  3.5117E-11
  2.2362E-03 -9.3808E-08  5.4334E-12  3.6130E-11
  2.2522E-03 -9.6321E-08  5.5901E-12  3.7172E-11
  2.2682E-03 -9.8901E-08  5.7513E-12  3.8244E-11
  2.2844E-03 -1.0155E-07  5.9170E-12  3.9346E-11
  2.3007E-03 -1.0427E-07  6.0875E-12  4.0480E-11
  2.3171E-03 -1.0706E-07  6.2629E-12  4.1646E-11
  2.3336E-03 -1.0993E-07  6.4433E-12  4.2846E-11
  2.3502E-03 -1.1287E-07  6.6288E-12  4.4079E-11
  2.3669E-03 -1.1589E-07  6.8196E-12  4.5348E-11
  2.3838E-03 -1.1899E-07  7.0158E-12  4.6653E-11
  2.4007E-03 -1.2217E-07  7.2176E-12  4.7995E-11
  2.4178E-03 -1.2544E-07  7.4252E-12  4.9375E-11
  2.4350E-03 -1.2879E-07  7.6387E-12  5.0795E-11
  2.4523E-03 -1.3223E-07  7.8582E-12  5.2255E-11
  2.4697E-03 -1.3577E-07  8.0840E-12  5.3756E-11
  2.4873E-03 -1.3940E-07  8.3162E-12  5.5300E-11
  2.5050E-03 -1.4312E-07  8.5551E-12  5.6889E-11
  2.5228E-03 -1.4695E-07  8.8007E-12  5.8522E-11
  2.5407E-03 -1.5087E-07  9.0533E-12  6.0202E-11
  2.5587E-03 -1.5490E-07  9.3131E-12  6.1929E-11
  2.5769E-03 -1.5904E-07  9.5803E-12  6.3706E-11
  2.5951E-03 -1.6328E-07  9.8551E-12  6.5533E-11
  2.6136E-03 -1.6764E-07  1.0138E-11  6.7413E-11
  2.6321E-03 -1.7212E-07  1.0428E-11  6.9345E-11
  2.6507E-03 -1.7671E-07  1.0727E-11  7.1333E-11
  2.6695E-03 -1.8143E-07  1.1035E-11  7.3376E-11
  2.6884E-03 -1.8627E-07  1.1351E-11  7.5478E-11
  2.7075E-03 -1.9124E-07  1.1676E-11  7.7640E-11
  2.7267E-03 -1.9634E-07  1.2010E-11  7.9863E-11
  2.7460E-03 -2.0157E-07  1.2354E-11  8.2149E-11
  2.7654E-03 -2.0695E-07  1.2707E-11  8.4500E-11
  2.7850E-03 -2.1246E-07  1.3071E-11  8.6918E-11
  2.8047E-03 -2.1813E-07  1.3445E-11  8.9404E-11
  2.8245E-03 -2.2394E-07  1.3829E-11  9.1961E-11
  2.8445E-03 -2.2991E-07  1.4225E-11  9.4590E-11
  2.8646E-03 -2.3604E-07  1.4631E-11  9.7294E-11
  2.8849E-03 -2.4232E-07  1.5049E-11  1.0007E-10
  2.9053E-03 -2.4878E-07  1.5479E-11  1.0293E-10
  2.9258E-03 -2.5541E-07  1.5922E-11  1.0587E-10
  2.9465E-03 -2.6221E-07  1.6376E-11  1.0890E-10
  2.9673E-03 -2.6919E-07  1.6844E-11  1.1201E-10
  2.9882E-03 -2.7636E-07  1.7325E-11  1.1520E-10
  3.0093E-03 -2.8371E-07  1.7819E-11  1.1849E-10
  3.0306E-03 -2.9126E-07  1.8327E-11  1.2187E-10
  3.0519E-03 -2.9902E-07  1.8850E-11  1.2535E-10
  3.0735E-03 -3.0697E-07  1.9388E-11  1.2892E-10
  3.0951E-03 -3.1514E-07  1.9941E-11  1.3260E-10
  3.1170E-03 -3.2352E-07  2.0509E-11  1.3638E-10
  3.1390E-03 -3.3213E-07  2.1094E-11  1.4027E-10
  3.1611E-03 -3.4096E-07  2.1695E-11  1.4426E-10
  3.1834E-03 -3.5003E-07  2.2313E-11  1.4837E-10
  3.2058E-03 -3.5933E-07  2.2948E-11  1.5260E-10
  3.2284E-03 -3.6889E-07  2.3602E-11  1.5695E-10
  3.2511E-03 -3.7869E-07  2.4274E-11  1.6141E-10
  3.2740E-03 -3.8876E-07  2.4965E-11  1.6601E-10
  3.2971E-03 -3.9909E-07  2.5675E-11  1.7073E-10
  3.3203E-03 -4.0969E-07  2.6406E-11  1.7559E-10
  3.3436E-03 -4.2058E-07  2.7157E-11  1.8059E-10
  3.3672E-03 -4.3175E-07  2.7930E-11  1.8572E-10
  3.3908E-03 -4.4322E-07  2.8724E-11  1.9101E-10
  3.4147E-03 -4.5499E-07  2.9541E-11  1.9644E-10
  3.4387E-03 -4.6707E-07  3.0380E-11  2.0202E-10
  3.4629E-03 -4.7947E-07  3.1244E-11  2.0776E-10
  3.4872E-03 -4.9220E-07  3.2132E-11  2.1367E-10
  3.5117E-03 -5.0527E-07  3.3045E-11  2.1974E-10
  3.5364E-03 -5.1868E-07  3.3983E-11  2.2598E-10
  3.5613E-03 -5.3244E-07  3.4948E-11  2.3240E-10
  3.5863E-03 -5.4657E-07  3.5941E-11  2.3899E-10
  3.6115E-03 -5.6108E-07  3.6961E-11  2.4578E-10
  3.6368E-03 -5.7596E-07  3.8010E-11  2.5275E-10
  3.6623E-03 -5.9124E-07  3.9089E-11  2.5993E-10
  3.6881E-03 -6.0692E-07  4.0198E-11  2.6730E-10
  3.7139E-03 -6.2301E-07  4.1338E-11  2.7489E-10
  3.7400E-03 -6.3953E-07  4.2511E-11  2.8268E-10
  3.7662E-03 -6.5649E-07  4.3716E-11  2.9070E-10
  3.7926E-03 -6.7389E-07  4.4956E-11  2.9894E-10
  3.8192E-03 -6.9175E-07  4.6230E-11  3.0742E-10
  3.8460E-03 -7.1009E-07  4.7540E-11  3.1613E-10
  3.8730E-03 -7.2890E-07  4.8888E-11  3.2509E-10
  3.9001E-03 -7.4822E-07  5.0273E-11  3.3430E-10
  3.9275E-03 -7.6804E-07  5.1697E-11  3.4377E-10
  3.9550E-03 -7.8839E-07  5.3161E-11  3.5351E-10
  3.9827E-03 -8.0927E-07  5.4667E-11  3.6352E-10
  4.0106E-03 -8.3070E-07  5.6215E-11  3.7381E-10
  4.0387E-03 -8.5270E-07  5.7806E-11  3.8439E-10
  4.0670E-03 -8.7528E-07  5.9442E-11  3.9527E-10
  4.0954E-03 -8.9845E-07  6.1124E-11  4.0646E-10
  4.1241E-03 -9.2223E-07  6.2854E-11  4.1796E-10
  4.1530E-03 -9.4664E-07  6.4632E-11  4.2978E-10
  4.1820E-03 -9.7169E-07  6.6461E-11  4.4194E-10
  4.2113E-03 -9.9740E-07  6.8340E-11  4.5444E-10
  4.2408E-03 -1.0238E-06  7.0273E-11  4.6729E-10
  4.2704E-03 -1.0509E-06  7.2260E-11  4.8050E-10
  4.3003E-03 -1.0787E-06  7.4302E-11  4.9409E-10
  4.3304E-03 -1.1072E-06  7.6402E-11  5.0805E-10
  4.3606E-03 -1.1365E-06  7.8562E-11  5.2241E-10
  4.3911E-03 -1.1665E-06  8.0781E-11  5.3717E-10
  4.4218E-03 -1.1974E-06  8.3064E-11  5.5235E-10
  4.4527E-03 -1.2290E-06  8.5410E-11  5.6795E-10
  4.4838E-03 -1.2615E-06  8.7822E-11  5.8399E-10
  4.5151E-03 -1.2949E-06  9.0302E-11  6.0048E-10
  4.5467E-03 -1.3291E-06  9.2852E-11  6.1744E-10
  4.5784E-03 -1.3642E-06  9.5473E-11  6.3487E-10
  4.6104E-03 -1.4002E-06  9.8168E-11  6.5279E-10
  4.6426E-03 -1.4372E-06  1.0094E-10  6.7121E-10
  4.6750E-03 -1.4752E-06  1.0379E-10  6.9015E-10
  4.7076E-03 -1.5141E-06  1.0672E-10  7.0963E-10
  4.7405E-03 -1.5541E-06  1.0973E-10  7.2964E-10
  4.7736E-03 -1.5952E-06  1.1282E-10  7.5023E-10
  4.8069E-03 -1.6373E-06  1.1600E-10  7.7138E-10
  4.8404E-03 -1.6805E-06  1.1927E-10  7.9314E-10
  4.8742E-03 -1.7248E-06  1.2264E-10  8.1550E-10
  4.9082E-03 -1.7704E-06  1.2609E-10  8.3849E-10
  4.9424E-03 -1.8171E-06  1.2965E-10  8.6212E-10
  4.9769E-03 -1.8650E-06  1.3330E-10  8.8642E-10
  5.0116E-03 -1.9142E-06  1.3706E-10  9.1140E-10
  5.0465E-03 -1.9647E-06  1.4092E-10  9.3708E-10
  5.0817E-03 -2.0165E-06  1.4489E-10  9.6348E-10
  5.1171E-03 -2.0697E-06  1.4897E-10  9.9062E-10
  5.1528E-03 -2.1242E-06  1.5317E-10  1.0185E-09
  5.1887E-03 -2.1802E-06  1.5748E-10  1.0472E-09
  5.2248E-03 -2.2377E-06  1.6192E-10  1.0767E-09
  5.2612E-03 -2.2967E-06  1.6647E-10  1.1070E-09
  5.2978E-03 -2.3572E-06  1.7116E-10  1.1382E-09
  5.3347E-03 -2.4193E-06  1.7598E-10  1.1702E-09
  5.3719E-03 -2.4830E-06  1.8093E-10  1.2031E-09
  5.4093E-03 -2.5485E-06  1.8602E-10  1.2370E-09
  5.4469E-03 -2.6156E-06  1.9126E-10  1.2718E-09
  5.4848E-03 -2.6844E-06  1.9664E-10  1.3076E-09
  5.5230E-03 -2.7551E-06  2.0217E-10  1.3444E-09
  5.5614E-03 -2.8277E-06  2.0786E-10  1.3822E-09
  5.6001E-03 -2.9021E-06  2.1370E-10  1.4211E-09
  5.6391E-03 -2.9785E-06  2.1971E-10  1.4610E-09
  5.6783E-03 -3.0569E-06  2.2589E-10  1.5021E-09
  5.7178E-03 -3.1373E-06  2.3224E-10  1.5443E-09
  5.7576E-03 -3.2198E-06  2.3877E-10  1.5877E-09
  5.7976E-03 -3.3045E-06  2.4548E-10  1.6324E-09
  5.8379E-03 -3.3914E-06  2.5238E-10  1.6782E-09
  5.8785E-03 -3.4806E-06  2.5947E-10  1.7254E-09
  5.9194E-03 -3.5721E-06  2.6676E-10  1.7739E-09
  5.9605E-03 -3.6660E-06  2.7425E-10  1.8237E-09
  6.0020E-03 -3.7624E-06  2.8196E-10  1.8749E-09
  6.0437E-03 -3.8613E-06  2.8988E-10  1.9276E-09
  6.0857E-03 -3.9627E-06  2.9802E-10  1.9817E-09
  6.1279E-03 -4.0668E-06  3.0639E-10  2.0374E-09
  6.1705E-03 -4.1737E-06  3.1499E-10  2.0946E-09
  6.2134E-03 -4.2833E-06  3.2383E-10  2.1534E-09
  6.2565E-03 -4.3958E-06  3.3292E-10  2.2138E-09
  6.3000E-03 -4.5112E-06  3.4227E-10  2.2760E-09
  6.3437E-03 -4.6296E-06  3.5188E-10  2.3399E-09
  6.3878E-03 -4.7511E-06  3.6175E-10  2.4055E-09
  6.4321E-03 -4.8758E-06  3.7190E-10  2.4730E-09
  6.4768E-03 -5.0038E-06  3.8234E-10  2.5424E-09
  6.5217E-03 -5.1350E-06  3.9306E-10  2.6138E-09
  6.5670E-03 -5.2697E-06  4.0409E-10  2.6871E-09
  6.6126E-03 -5.4079E-06  4.1542E-10  2.7624E-09
  6.6585E-03 -5.5498E-06  4.2708E-10  2.8399E-09
  6.7047E-03 -5.6953E-06  4.3905E-10  2.9196E-09
  6.7512E-03 -5.8446E-06  4.5136E-10  3.0014E-09
  6.7980E-03 -5.9978E-06  4.6402E-10  3.0856E-09
  6.8452E-03 -6.1549E-06  4.7703E-10  3.1721E-09
  6.8926E-03 -6.3162E-06  4.9040E-10  3.2610E-09
  6.9404E-03 -6.4817E-06  5.0415E-10  3.3524E-09
  6.9886E-03 -6.6514E-06  5.1828E-10  3.4464E-09
  7.0370E-03 -6.8256E-06  5.3280E-10  3.5430E-09
  7.0858E-03 -7.0043E-06  5.4773E-10  3.6423E-09
  7.1349E-03 -7.1877E-06  5.6308E-10  3.7443E-09
  7.1844E-03 -7.3758E-06  5.7886E-10  3.8492E-09
  7.2342E-03 -7.5688E-06  5.9507E-10  3.9570E-09
  7.2843E-03 -7.7669E-06  6.1174E-10  4.0679E-09
  7.3348E-03 -7.9701E-06  6.2887E-10  4.1818E-09
  7.3856E-03 -8.1785E-06  6.4649E-10  4.2989E-09
  7.4368E-03 -8.3924E-06  6.6459E-10  4.4193E-09
  7.4883E-03 -8.6118E-06  6.8320E-10  4.5431E-09
  7.5402E-03 -8.8369E-06  7.0233E-10  4.6703E-09
  7.5924E-03 -9.0679E-06  7.2199E-10  4.8010E-09
  7.6450E-03 -9.3049E-06  7.4220E-10  4.9354E-09
  7.6980E-03 -9.5480E-06  7.6298E-10  5.0736E-09
  7.7513E-03 -9.7974E-06  7.8434E-10  5.2156E-09
  7.8050E-03 -1.0053E-05  8.0629E-10  5.3616E-09
  7.8590E-03 -1.0316E-05  8.2885E-10  5.5116E-09
  7.9134E-03 -1.0585E-05  8.5204E-10  5.6658E-09
  7.9682E-03 -1.0861E-05  8.7588E-10  5.8244E-09
  8.0234E-03 -1.1145E-05  9.0039E-10  5.9873E-09
  8.0789E-03 -1.1436E-05  9.2558E-10  6.1548E-09
  8.1348E-03 -1.1734E-05  9.5147E-10  6.3270E-09
  8.1911E-03 -1.2040E-05  9.7808E-10  6.5040E-09
  8.2478E-03 -1.2354E-05  1.0054E-09  6.6859E-09
  8.3049E-03 -1.2676E-05  1.0336E-09  6.8728E-09
  8.3623E-03 -1.3006E-05  1.0625E-09  7.0650E-09
  8.4202E-03 -1.3345E-05  1.0922E-09  7.2626E-09
  8.4784E-03 -1.3693E-05  1.1227E-09  7.4656E-09
  8.5371E-03 -1.4049E-05  1.1541E-09  7.6744E-09
  8.5961E-03 -1.4415E-05  1.1864E-09  7.8889E-09
  8.6556E-03 -1.4791E-05  1.2195E-09  8.1094E-09
  8.7154E-03 -1.5176E-05  1.2536E-09  8.3361E-09
  8.7757E-03 -1.5571E-05  1.2886E-09  8.5691E-09
  8.8364E-03 -1.5976E-05  1.3246E-09  8.8085E-09
  8.8975E-03 -1.6391E-05  1.3617E-09  9.0547E-09
  8.9590E-03 -1.6817E-05  1.3997E-09  9.3077E-09
  9.0209E-03 -1.7255E-05  1.4388E-09  9.5678E-09
  9.0833E-03 -1.7703E-05  1.4790E-09  9.8351E-09
  9.1461E-03 -1.8163E-05  1.5203E-09  1.0110E-08
  9.2093E-03 -1.8635E-05  1.5628E-09  1.0392E-08
  9.2729E-03 -1.9119E-05  1.6065E-09  1.0682E-08
  9.3370E-03 -1.9616E-05  1.6513E-09  1.0981E-08
  9.4015E-03 -2.0125E-05  1.6974E-09  1.1288E-08
  9.4665E-03 -2.0648E-05  1.7449E-09  1.1603E-08
  9.5319E-03 -2.1184E-05  1.7936E-09  1.1927E-08
  9.5977E-03 -2.1733E-05  1.8437E-09  1.2260E-08
  9.6640E-03 -2.2297E-05  1.8951E-09  1.2602E-08
  9.7308E-03 -2.2875E-05  1.9480E-09  1.2954E-08
  9.7980E-03 -2.3468E-05  2.0024E-09  1.3316E-08
  9.8657E-03 -2.4077E-05  2.0583E-09  1.3687E-08
  9.9338E-03 -2.4700E-05  2.1158E-09  1.4069E-08
  1.0002E-02 -2.5340E-05  2.1748E-09  1.4462E-08
  1.0072E-02 -2.5997E-05  2.2355E-09  1.4866E-08
  1.0141E-02 -2.6670E-05  2.2979E-09  1.5280E-08
  1.0211E-02 -2.7360E-05  2.3620E-09  1.5707E-08
  1.0282E-02 -2.8068E-05  2.4279E-09  1.6145E-08
  1.0353E-02 -2.8794E-05  2.4957E-09  1.6596E-08
  1.0424E-02 -2.9539E-05  2.5653E-09  1.7059E-08
  1.0496E-02 -3.0303E-05  2.6369E-09  1.7535E-08
  1.0568E-02 -3.1087E-05  2.7104E-09  1.8024E-08
  1.0641E-02 -3.1890E-05  2.7860E-09  1.8526E-08
  1.0715E-02 -3.2714E-05  2.8638E-09  1.9043E-08
  1.0789E-02 -3.3559E-05  2.9436E-09  1.9574E-08
  1.0863E-02 -3.4426E-05  3.0257E-09  2.0120E-08
  1.0938E-02 -3.5314E-05  3.1101E-09  2.0681E-08
  1.1014E-02 -3.6226E-05  3.1968E-09  2.1258E-08
  1.1090E-02 -3.7160E-05  3.2860E-09  2.1851E-08
  1.1166E-02 -3.8119E-05  3.3776E-09  2.2460E-08
  1.1243E-02 -3.9102E-05  3.4718E-09  2.3086E-08
  1.1321E-02 -4.0110E-05  3.5686E-09  2.3730E-08
  1.1399E-02 -4.1143E-05  3.6680E-09  2.4391E-08
  1.1477E-02 -4.2203E-05  3.7703E-09  2.5071E-08
  1.1557E-02 -4.3290E-05  3.8754E-09  2.5770E-08
  1.1636E-02 -4.4405E-05  3.9834E-09  2.6489E-08
  1.1717E-02 -4.5548E-05  4.0944E-09  2.7227E-08
  1.1797E-02 -4.6720E-05  4.2085E-09  2.7986E-08
  1.1879E-02 -4.7922E-05  4.3258E-09  2.8765E-08
  1.1961E-02 -4.9154E-05  4.4464E-09  2.9567E-08
  1.2043E-02 -5.0418E-05  4.5703E-09  3.0391E-08
  1.2126E-02 -5.1714E-05  4.6976E-09  3.1238E-08
  1.2210E-02 -5.3042E-05  4.8285E-09  3.2108E-08
  1.2294E-02 -5.4405E-05  4.9630E-09  3.3003E-08
  1.2379E-02 -5.5801E-05  5.1013E-09  3.3922E-08
  1.2464E-02 -5.7234E-05  5.2434E-09  3.4867E-08
  1.2550E-02 -5.8702E-05  5.3894E-09  3.5838E-08
  1.2636E-02 -6.0208E-05  5.5395E-09  3.6837E-08
  1.2723E-02 -6.1751E-05  5.6938E-09  3.7863E-08
  1.2811E-02 -6.3334E-05  5.8524E-09  3.8917E-08
  1.2899E-02 -6.4957E-05  6.0154E-09  4.0001E-08
  1.2988E-02 -6.6621E-05  6.1829E-09  4.1115E-08
  1.3078E-02 -6.8327E-05  6.3551E-09  4.2260E-08
  1.3168E-02 -7.0076E-05  6.5321E-09  4.3437E-08
  1.3259E-02 -7.1869E-05  6.7139E-09  4.4646E-08
  1.3350E-02 -7.3707E-05  6.9009E-09  4.5889E-08
  1.3442E-02 -7.5592E-05  7.0930E-09  4.7167E-08
  1.3534E-02 -7.7524E-05  7.2905E-09  4.8480E-08
  1.3628E-02 -7.9505E-05  7.4934E-09  4.9829E-08
  1.3722E-02 -8.1535E-05  7.7020E-09  5.1216E-08
  1.3816E-02 -8.3617E-05  7.9164E-09  5.2642E-08
  1.3911E-02 -8.5751E-05  8.1368E-09  5.4107E-08
  1.4007E-02 -8.7939E-05  8.3632E-09  5.5613E-08
  1.4104E-02 -9.0182E-05  8.5960E-09  5.7161E-08
  1.4201E-02 -9.2481E-05  8.8352E-09  5.8752E-08
  1.4298E-02 -9.4838E-05  9.0811E-09  6.0387E-08
  1.4397E-02 -9.7253E-05  9.3338E-09  6.2068E-08
  1.4496E-02 -9.9730E-05  9.5936E-09  6.3795E-08
  1.4596E-02 -1.0227E-04  9.8605E-09  6.5570E-08
  1.4696E-02 -1.0487E-04  1.0135E-08  6.7394E-08
  1.4797E-02 -1.0754E-04  1.0417E-08  6.9269E-08
  1.4899E-02 -1.1027E-04  1.0707E-08  7.1196E-08
  1.5002E-02 -1.1307E-04  1.1005E-08  7.3177E-08
  1.5105E-02 -1.1595E-04  1.1311E-08  7.5213E-08
  1.5209E-02 -1.1889E-04  1.1625E-08  7.7305E-08
  1.5314E-02 -1.2191E-04  1.1949E-08  7.9456E-08
  1.5419E-02 -1.2500E-04  1.2281E-08  8.1666E-08
  1.5525E-02 -1.2817E-04  1.2623E-08  8.3937E-08
  1.5632E-02 -1.3142E-04  1.2974E-08  8.6272E-08
  1.5740E-02 -1.3475E-04  1.3334E-08  8.8671E-08
  1.5848E-02 -1.3816E-04  1.3705E-08  9.1137E-08
  1.5957E-02 -1.4166E-04  1.4086E-08  9.3672E-08
  1.6067E-02 -1.4525E-04  1.4478E-08  9.6276E-08
  1.6178E-02 -1.4892E-04  1.4881E-08  9.8954E-08
  1.6289E-02 -1.5269E-04  1.5295E-08  1.0171E-07
  1.6401E-02 -1.5655E-04  1.5720E-08  1.0453E-07
  1.6514E-02 -1.6050E-04  1.6157E-08  1.0744E-07
  1.6627E-02 -1.6455E-04  1.6606E-08  1.1043E-07
  1.6742E-02 -1.6871E-04  1.7068E-08  1.1350E-07
  1.6857E-02 -1.7296E-04  1.7542E-08  1.1665E-07
  1.6973E-02 -1.7732E-04  1.8030E-08  1.1989E-07
  1.7090E-02 -1.8179E-04  1.8531E-08  1.2323E-07
  1.7207E-02 -1.8637E-04  1.9046E-08  1.2665E-07
  1.7325E-02 -1.9107E-04  1.9576E-08  1.3017E-07
  1.7445E-02 -1.9587E-04  2.0120E-08  1.3379E-07
  1.7565E-02 -2.0080E-04  2.0679E-08  1.3751E-07
  1.7685E-02 -2.0585E-04  2.1254E-08  1.4133E-07
  1.7807E-02 -2.1102E-04  2.1844E-08  1.4526E-07
  1.7930E-02 -2.1632E-04  2.2451E-08  1.4930E-07
  1.8053E-02 -2.2176E-04  2.3075E-08  1.5345E-07
  1.8177E-02 -2.2732E-04  2.3716E-08  1.5771E-07
  1.8302E-02 -2.3302E-04  2.4375E-08  1.6209E-07
  1.8428E-02 -2.3886E-04  2.5053E-08  1.6660E-07
  1.8554E-02 -2.4485E-04  2.5749E-08  1.7122E-07
  1.8682E-02 -2.5098E-04  2.6464E-08  1.7598E-07
  1.8810E-02 -2.5726E-04  2.7200E-08  1.8087E-07
  1.8940E-02 -2.6370E-04  2.7955E-08  1.8590E-07
  1.9070E-02 -2.7029E-04  2.8732E-08  1.9106E-07
  1.9201E-02 -2.7705E-04  2.9530E-08  1.9637E-07
  1.9333E-02 -2.8397E-04  3.0350E-08  2.0182E-07
  1.9466E-02 -2.9106E-04  3.1193E-08  2.0743E-07
  1.9600E-02 -2.9832E-04  3.2060E-08  2.1319E-07
  1.9734E-02 -3.0576E-04  3.2950E-08  2.1911E-07
  1.9870E-02 -3.1338E-04  3.3866E-08  2.2520E-07
  2.0007E-02 -3.2119E-04  3.4806E-08  2.3145E-07
  2.0144E-02 -3.2918E-04  3.5773E-08  2.3788E-07
  2.0283E-02 -3.3737E-04  3.6766E-08  2.4449E-07
  2.0422E-02 -3.4576E-04  3.7787E-08  2.5128E-07
  2.0562E-02 -3.5436E-04  3.8837E-08  2.5826E-07
  2.0704E-02 -3.6316E-04  3.9915E-08  2.6543E-07
  2.0846E-02 -3.7217E-04  4.1024E-08  2.7280E-07
  2.0989E-02 -3.8141E-04  4.2163E-08  2.8037E-07
  2.1133E-02 -3.9087E-04  4.3334E-08  2.8816E-07
  2.1279E-02 -4.0055E-04  4.4537E-08  2.9616E-07
  2.1425E-02 -4.1047E-04  4.5773E-08  3.0438E-07
  2.1572E-02 -4.2063E-04  4.7044E-08  3.1283E-07
  2.1720E-02 -4.3104E-04  4.8350E-08  3.2152E-07
  2.1869E-02 -4.4169E-04  4.9693E-08  3.3045E-07
  2.2020E-02 -4.5261E-04  5.1072E-08  3.3962E-07
  2.2171E-02 -4.6378E-04  5.2490E-08  3.4905E-07
  2.2323E-02 -4.7523E-04  5.3947E-08  3.5874E-07
  2.2477E-02 -4.8695E-04  5.5445E-08  3.6870E-07
  2.2631E-02 -4.9895E-04  5.6984E-08  3.7893E-07
  2.2786E-02 -5.1124E-04  5.8565E-08  3.8945E-07
  2.2943E-02 -5.2382E-04  6.0191E-08  4.0026E-07
  2.3100E-02 -5.3671E-04  6.1862E-08  4.1137E-07
  2.3259E-02 -5.4990E-04  6.3578E-08  4.2279E-07
  2.3419E-02 -5.6341E-04  6.5343E-08  4.3452E-07
  2.3580E-02 -5.7724E-04  6.7157E-08  4.4658E-07
  2.3742E-02 -5.9141E-04  6.9020E-08  4.5897E-07
  2.3905E-02 -6.0591E-04  7.0936E-08  4.7171E-07
  2.4069E-02 -6.2075E-04  7.2904E-08  4.8480E-07
  2.4234E-02 -6.3595E-04  7.4927E-08  4.9825E-07
  2.4401E-02 -6.5151E-04  7.7006E-08  5.1208E-07
  2.4568E-02 -6.6744E-04  7.9143E-08  5.2629E-07
  2.4737E-02 -6.8375E-04  8.1339E-08  5.4089E-07
  2.4907E-02 -7.0045E-04  8.3596E-08  5.5590E-07
  2.5078E-02 -7.1754E-04  8.5916E-08  5.7133E-07
  2.5250E-02 -7.3503E-04  8.8299E-08  5.8718E-07
  2.5423E-02 -7.5294E-04  9.0749E-08  6.0347E-07
  2.5598E-02 -7.7128E-04  9.3267E-08  6.2021E-07
  2.5774E-02 -7.9004E-04  9.5854E-08  6.3742E-07
  2.5950E-02 -8.0925E-04  9.8514E-08  6.5510E-07
  2.6129E-02 -8.2891E-04  1.0125E-07  6.7328E-07
  2.6308E-02 -8.4904E-04  1.0406E-07  6.9195E-07
  2.6489E-02 -8.6964E-04  1.0694E-07  7.1115E-07
  2.6670E-02 -8.9072E-04  1.0991E-07  7.3088E-07
  2.6853E-02 -9.1229E-04  1.1296E-07  7.5115E-07
  2.7038E-02 -9.3438E-04  1.1609E-07  7.7198E-07
  2.7223E-02 -9.5698E-04  1.1931E-07  7.9340E-07
  2.7410E-02 -9.8010E-04  1.2262E-07  8.1540E-07
  2.7598E-02 -1.0038E-03  1.2602E-07  8.3802E-07
  2.7788E-02 -1.0280E-03  1.2952E-07  8.6126E-07
  2.7979E-02 -1.0528E-03  1.3311E-07  8.8515E-07
  2.8171E-02 -1.0781E-03  1.3680E-07  9.0970E-07
  2.8364E-02 -1.1041E-03  1.4059E-07  9.3493E-07
  2.8559E-02 -1.1307E-03  1.4449E-07  9.6085E-07
  2.8755E-02 -1.1578E-03  1.4850E-07  9.8750E-07
  2.8952E-02 -1.1856E-03  1.5262E-07  1.0149E-06
  2.9151E-02 -1.2141E-03  1.5685E-07  1.0430E-06
  2.9351E-02 -1.2432E-03  1.6120E-07  1.0720E-06
  2.9552E-02 -1.2730E-03  1.6567E-07  1.1017E-06
  2.9755E-02 -1.3035E-03  1.7026E-07  1.1322E-06
  2.9959E-02 -1.3346E-03  1.7498E-07  1.1636E-06
  3.0165E-02 -1.3665E-03  1.7983E-07  1.1959E-06
  3.0372E-02 -1.3991E-03  1.8482E-07  1.2290E-06
  3.0580E-02 -1.4325E-03  1.8994E-07  1.2631E-06
  3.0790E-02 -1.4667E-03  1.9521E-07  1.2981E-06
  3.1001E-02 -1.5016E-03  2.0062E-07  1.3341E-06
  3.1214E-02 -1.5373E-03  2.0618E-07  1.3711E-06
  3.1428E-02 -1.5739E-03  2.1190E-07  1.4091E-06
  3.1643E-02 -1.6112E-03  2.1777E-07  1.4482E-06
  3.1861E-02 -1.6495E-03  2.2381E-07  1.4883E-06
  3.2079E-02 -1.6886E-03  2.3001E-07  1.5296E-06
  3.2299E-02 -1.7286E-03  2.3639E-07  1.5720E-06
  3.2521E-02 -1.7695E-03  2.4294E-07  1.6156E-06
  3.2744E-02 -1.8113E-03  2.4968E-07  1.6603E-06
  3.2969E-02 -1.8541E-03  2.5660E-07  1.7064E-06
  3.3195E-02 -1.8978E-03  2.6371E-07  1.7537E-06
  3.3422E-02 -1.9426E-03  2.7102E-07  1.8023E-06
  3.3652E-02 -1.9883E-03  2.7853E-07  1.8522E-06
  3.3882E-02 -2.0351E-03  2.8625E-07  1.9036E-06
  3.4115E-02 -2.0830E-03  2.9418E-07  1.9563E-06
  3.4349E-02 -2.1319E-03  3.0234E-07  2.0105E-06
  3.4584E-02 -2.1819E-03  3.1072E-07  2.0663E-06
  3.4822E-02 -2.2331E-03  3.1933E-07  2.1235E-06
  3.5061E-02 -2.2853E-03  3.2818E-07  2.1824E-06
  3.5301E-02 -2.3388E-03  3.3727E-07  2.2429E-06
  3.5543E-02 -2.3935E-03  3.4662E-07  2.3050E-06
  3.5787E-02 -2.4493E-03  3.5622E-07  2.3689E-06
  3.6032E-02 -2.5065E-03  3.6609E-07  2.4345E-06
  3.6279E-02 -2.5649E-03  3.7624E-07  2.5020E-06
  3.6528E-02 -2.6245E-03  3.8666E-07  2.5713E-06
  3.6779E-02 -2.6856E-03  3.9738E-07  2.6426E-06
  3.7031E-02 -2.7479E-03  4.0839E-07  2.7158E-06
  3.7285E-02 -2.8117E-03  4.1970E-07  2.7910E-06
  3.7541E-02 -2.8769E-03  4.3133E-07  2.8684E-06
  3.7798E-02 -2.9435E-03  4.4328E-07  2.9478E-06
  3.8057E-02 -3.0115E-03  4.5556E-07  3.0295E-06
  3.8318E-02 -3.0811E-03  4.6818E-07  3.1135E-06
  3.8581E-02 -3.1522E-03  4.8115E-07  3.1997E-06
  3.8845E-02 -3.2249E-03  4.9448E-07  3.2884E-06
  3.9112E-02 -3.2991E-03  5.0818E-07  3.3795E-06
  3.9380E-02 -3.3750E-03  5.2226E-07  3.4731E-06
  3.9650E-02 -3.4525E-03  5.3673E-07  3.5693E-06
  3.9922E-02 -3.5318E-03  5.5160E-07  3.6682E-06
  4.0196E-02 -3.6127E-03  5.6687E-07  3.7698E-06
  4.0471E-02 -3.6954E-03  5.8258E-07  3.8742E-06
  4.0749E-02 -3.7799E-03  5.9871E-07  3.9815E-06
  4.1028E-02 -3.8663E-03  6.1530E-07  4.0918E-06
  4.1309E-02 -3.9545E-03  6.3234E-07  4.2052E-06
  4.1592E-02 -4.0446E-03  6.4986E-07  4.3216E-06
  4.1878E-02 -4.1367E-03  6.6786E-07  4.4413E-06
  4.2165E-02 -4.2307E-03  6.8635E-07  4.5644E-06
  4.2454E-02 -4.3268E-03  7.0536E-07  4.6908E-06
  4.2745E-02 -4.4249E-03  7.2490E-07  4.8207E-06
  4.3038E-02 -4.5251E-03  7.4497E-07  4.9542E-06
  4.3333E-02 -4.6275E-03  7.6561E-07  5.0914E-06
  4.3630E-02 -4.7321E-03  7.8681E-07  5.2324E-06
  4.3929E-02 -4.8389E-03  8.0860E-07  5.3773E-06
  4.4230E-02 -4.9479E-03  8.3099E-07  5.5263E-06
  4.4533E-02 -5.0593E-03  8.5400E-07  5.6793E-06
  4.4839E-02 -5.1731E-03  8.7765E-07  5.8366E-06
  4.5146E-02 -5.2892E-03  9.0196E-07  5.9982E-06
  4.5455E-02 -5.4078E-03  9.2693E-07  6.1643E-06
  4.5767E-02 -5.5289E-03  9.5260E-07  6.3350E-06
  4.6081E-02 -5.6526E-03  9.7898E-07  6.5104E-06
  4.6396E-02 -5.7788E-03  1.0061E-06  6.6907E-06
  4.6714E-02 -5.9077E-03  1.0339E-06  6.8760E-06
  4.7035E-02 -6.0393E-03  1.0626E-06  7.0664E-06
  4.7357E-02 -6.1737E-03  1.0920E-06  7.2620E-06
  4.7682E-02 -6.3108E-03  1.1222E-06  7.4631E-06
  4.8008E-02 -6.4509E-03  1.1533E-06  7.6697E-06
  4.8337E-02 -6.5938E-03  1.1852E-06  7.8821E-06
  4.8669E-02 -6.7397E-03  1.2180E-06  8.1003E-06
  4.9002E-02 -6.8886E-03  1.2518E-06  8.3246E-06
  4.9338E-02 -7.0405E-03  1.2864E-06  8.5551E-06
  4.9676E-02 -7.1957E-03  1.3220E-06  8.7919E-06
  5.0017E-02 -7.3540E-03  1.3586E-06  9.0353E-06
  5.0359E-02 -7.5155E-03  1.3962E-06  9.2854E-06
  5.0704E-02 -7.6804E-03  1.4349E-06  9.5425E-06
  5.1052E-02 -7.8486E-03  1.4746E-06  9.8067E-06
  5.1402E-02 -8.0203E-03  1.5154E-06  1.0078E-05
  5.1754E-02 -8.1955E-03  1.5574E-06  1.0357E-05
  5.2109E-02 -8.3742E-03  1.6005E-06  1.0644E-05
  5.2466E-02 -8.5566E-03  1.6448E-06  1.0938E-05
  5.2825E-02 -8.7426E-03  1.6903E-06  1.1241E-05
  5.3187E-02 -8.9324E-03  1.7371E-06  1.1552E-05
  5.3552E-02 -9.1260E-03  1.7852E-06  1.1872E-05
  5.3919E-02 -9.3236E-03  1.8346E-06  1.2201E-05
  5.4288E-02 -9.5251E-03  1.8854E-06  1.2538E-05
  5.4660E-02 -9.7306E-03  1.9375E-06  1.2886E-05
  5.5034E-02 -9.9402E-03  1.9912E-06  1.3242E-05
  5.5412E-02 -1.0154E-02  2.0463E-06  1.3609E-05
  5.5791E-02 -1.0372E-02  2.1029E-06  1.3985E-05
  5.6173E-02 -1.0594E-02  2.1611E-06  1.4372E-05
  5.6558E-02 -1.0821E-02  2.2209E-06  1.4770E-05
  5.6946E-02 -1.1052E-02  2.2824E-06  1.5179E-05
  5.7336E-02 -1.1288E-02  2.3455E-06  1.5599E-05
  5.7729E-02 -1.1529E-02  2.4104E-06  1.6031E-05
  5.8124E-02 -1.1774E-02  2.4771E-06  1.6474E-05
  5.8523E-02 -1.2024E-02  2.5457E-06  1.6930E-05
  5.8924E-02 -1.2279E-02  2.6161E-06  1.7399E-05
  5.9327E-02 -1.2538E-02  2.6885E-06  1.7880E-05
  5.9734E-02 -1.2803E-02  2.7629E-06  1.8375E-05
  6.0143E-02 -1.3073E-02  2.8393E-06  1.8883E-05
  6.0555E-02 -1.3348E-02  2.9179E-06  1.9406E-05
  6.0970E-02 -1.3629E-02  2.9986E-06  1.9943E-05
  6.1387E-02 -1.3915E-02  3.0816E-06  2.0495E-05
  6.1808E-02 -1.4206E-02  3.1668E-06  2.1062E-05
  6.2231E-02 -1.4503E-02  3.2545E-06  2.1644E-05
  6.2658E-02 -1.4806E-02  3.3445E-06  2.2243E-05
  6.3087E-02 -1.5114E-02  3.4370E-06  2.2859E-05
  6.3519E-02 -1.5428E-02  3.5321E-06  2.3491E-05
  6.3954E-02 -1.5748E-02  3.6298E-06  2.4141E-05
  6.4392E-02 -1.6075E-02  3.7302E-06  2.4809E-05
  6.4833E-02 -1.6407E-02  3.8334E-06  2.5495E-05
  6.5277E-02 -1.6746E-02  3.9395E-06  2.6200E-05
  6.5725E-02 -1.7090E-02  4.0484E-06  2.6925E-05
  6.6175E-02 -1.7442E-02  4.1604E-06  2.7670E-05
  6.6628E-02 -1.7800E-02  4.2755E-06  2.8436E-05
  6.7084E-02 -1.8164E-02  4.3938E-06  2.9222E-05
  6.7544E-02 -1.8535E-02  4.5153E-06  3.0031E-05
  6.8007E-02 -1.8914E-02  4.6402E-06  3.0861E-05
  6.8472E-02 -1.9299E-02  4.7685E-06  3.1715E-05
  6.8941E-02 -1.9691E-02  4.9004E-06  3.2592E-05
  6.9414E-02 -2.0090E-02  5.0359E-06  3.3494E-05
  6.9889E-02 -2.0497E-02  5.1752E-06  3.4420E-05
  7.0368E-02 -2.0911E-02  5.3183E-06  3.5372E-05
  7.0850E-02 -2.1332E-02  5.4654E-06  3.6350E-05
  7.1335E-02 -2.1761E-02  5.6166E-06  3.7356E-05
  7.1824E-02 -2.2198E-02  5.7719E-06  3.8389E-05
  7.2315E-02 -2.2643E-02  5.9315E-06  3.9450E-05
  7.2811E-02 -2.3095E-02  6.0955E-06  4.0542E-05
  7.3309E-02 -2.3556E-02  6.2641E-06  4.1663E-05
  7.3812E-02 -2.4025E-02  6.4373E-06  4.2815E-05
  7.4317E-02 -2.4502E-02  6.6153E-06  4.3999E-05
  7.4826E-02 -2.4988E-02  6.7982E-06  4.5216E-05
  7.5338E-02 -2.5482E-02  6.9862E-06  4.6466E-05
  7.5854E-02 -2.5985E-02  7.1793E-06  4.7751E-05
  7.6374E-02 -2.6497E-02  7.3778E-06  4.9071E-05
  7.6897E-02 -2.7017E-02  7.5818E-06  5.0428E-05
  7.7424E-02 -2.7547E-02  7.7914E-06  5.1822E-05
  7.7954E-02 -2.8086E-02  8.0069E-06  5.3255E-05
  7.8488E-02 -2.8634E-02  8.2282E-06  5.4728E-05
  7.9025E-02 -2.9191E-02  8.4557E-06  5.6241E-05
  7.9566E-02 -2.9758E-02  8.6894E-06  5.7796E-05
  8.0111E-02 -3.0335E-02  8.9297E-06  5.9394E-05
  8.0660E-02 -3.0922E-02  9.1765E-06  6.1036E-05
  8.1212E-02 -3.1518E-02  9.4302E-06  6.2723E-05
  8.1768E-02 -3.2125E-02  9.6908E-06  6.4457E-05
  8.2328E-02 -3.2742E-02  9.9587E-06  6.6239E-05
  8.2892E-02 -3.3369E-02  1.0234E-05  6.8070E-05
  8.3460E-02 -3.4006E-02  1.0517E-05  6.9952E-05
  8.4031E-02 -3.4654E-02  1.0808E-05  7.1886E-05
  8.4607E-02 -3.5313E-02  1.1106E-05  7.3873E-05
  8.5186E-02 -3.5983E-02  1.1413E-05  7.5915E-05
  8.5769E-02 -3.6664E-02  1.1729E-05  7.8013E-05
  8.6357E-02 -3.7356E-02  1.2053E-05  8.0169E-05
  8.6948E-02 -3.8059E-02  1.2386E-05  8.2385E-05
  8.7543E-02 -3.8774E-02  1.2728E-05  8.4662E-05
  8.8143E-02 -3.9500E-02  1.3080E-05  8.7002E-05
  8.8746E-02 -4.0238E-02  1.3441E-05  8.9407E-05
  8.9354E-02 -4.0988E-02  1.3813E-05  9.1878E-05
  8.9966E-02 -4.1750E-02  1.4194E-05  9.4417E-05
  9.0582E-02 -4.2524E-02  1.4587E-05  9.7026E-05
  9.1202E-02 -4.3310E-02  1.4990E-05  9.9708E-05
  9.1826E-02 -4.4108E-02  1.5404E-05  1.0246E-04
  9.2455E-02 -4.4919E-02  1.5830E-05  1.0529E-04
  9.3088E-02 -4.5743E-02  1.6267E-05  1.0820E-04
  9.3726E-02 -4.6580E-02  1.6716E-05  1.1119E-04
  9.4367E-02 -4.7429E-02  1.7178E-05  1.1427E-04
  9.5013E-02 -4.8292E-02  1.7653E-05  1.1742E-04
  9.5664E-02 -4.9168E-02  1.8140E-05  1.2067E-04
  9.6319E-02 -5.0057E-02  1.8642E-05  1.2400E-04
  9.6978E-02 -5.0960E-02  1.9156E-05  1.2743E-04
  9.7642E-02 -5.1876E-02  1.9686E-05  1.3095E-04
  9.8311E-02 -5.2806E-02  2.0229E-05  1.3457E-04
  9.8984E-02 -5.3751E-02  2.0788E-05  1.3828E-04
  9.9662E-02 -5.4709E-02  2.1362E-05  1.4210E-04
  1.0034E-01 -5.5681E-02  2.1952E-05  1.4603E-04
  1.0103E-01 -5.6668E-02  2.2559E-05  1.5006E-04
  1.0172E-01 -5.7670E-02  2.3182E-05  1.5421E-04
  1.0242E-01 -5.8686E-02  2.3822E-05  1.5847E-04
  1.0312E-01 -5.9716E-02  2.4480E-05  1.6284E-04
  1.0383E-01 -6.0762E-02  2.5156E-05  1.6734E-04
  1.0454E-01 -6.1823E-02  2.5851E-05  1.7196E-04
  1.0525E-01 -6.2898E-02  2.6564E-05  1.7671E-04
  1.0597E-01 -6.3990E-02  2.7298E-05  1.8159E-04
  1.0670E-01 -6.5096E-02  2.8052E-05  1.8661E-04
  1.0743E-01 -6.6218E-02  2.8826E-05  1.9176E-04
  1.0816E-01 -6.7356E-02  2.9622E-05  1.9706E-04
  1.0891E-01 -6.8510E-02  3.0440E-05  2.0250E-04
  1.0965E-01 -6.9680E-02  3.1280E-05  2.0809E-04
  1.1040E-01 -7.0865E-02  3.2144E-05  2.1384E-04
  1.1116E-01 -7.2067E-02  3.3031E-05  2.1974E-04
  1.1192E-01 -7.3285E-02  3.3943E-05  2.2581E-04
  1.1268E-01 -7.4520E-02  3.4880E-05  2.3204E-04
  1.1346E-01 -7.5771E-02  3.5843E-05  2.3845E-04
  1.1423E-01 -7.7039E-02  3.6832E-05  2.4503E-04
  1.1501E-01 -7.8324E-02  3.7849E-05  2.5180E-04
  1.1580E-01 -7.9626E-02  3.8894E-05  2.5875E-04
  1.1659E-01 -8.0945E-02  3.9967E-05  2.6589E-04
  1.1739E-01 -8.2280E-02  4.1070E-05  2.7323E-04
  1.1820E-01 -8.3633E-02  4.2204E-05  2.8077E-04
  1.1901E-01 -8.5004E-02  4.3368E-05  2.8852E-04
  1.1982E-01 -8.6392E-02  4.4565E-05  2.9649E-04
  1.2064E-01 -8.7797E-02  4.5795E-05  3.0467E-04
  1.2147E-01 -8.9220E-02  4.7059E-05  3.1308E-04
  1.2230E-01 -9.0661E-02  4.8357E-05  3.2172E-04
  1.2313E-01 -9.2120E-02  4.9691E-05  3.3059E-04
  1.2398E-01 -9.3596E-02  5.1062E-05  3.3972E-04
  1.2483E-01 -9.5091E-02  5.2471E-05  3.4909E-04
  1.2568E-01 -9.6603E-02  5.3918E-05  3.5872E-04
  1.2654E-01 -9.8134E-02  5.5406E-05  3.6862E-04
  1.2741E-01 -9.9683E-02  5.6934E-05  3.7879E-04
  1.2828E-01 -1.0125E-01  5.8505E-05  3.8924E-04
  1.2916E-01 -1.0284E-01  6.0118E-05  3.9998E-04
  1.3004E-01 -1.0444E-01  6.1777E-05  4.1102E-04
  1.3093E-01 -1.0606E-01  6.3480E-05  4.2235E-04
  1.3183E-01 -1.0770E-01  6.5231E-05  4.3400E-04
  1.3273E-01 -1.0936E-01  6.7030E-05  4.4597E-04
  1.3364E-01 -1.1104E-01  6.8878E-05  4.5828E-04
  1.3455E-01 -1.1274E-01  7.0778E-05  4.7091E-04
  1.3547E-01 -1.1446E-01  7.2729E-05  4.8390E-04
  1.3640E-01 -1.1619E-01  7.4735E-05  4.9725E-04
  1.3733E-01 -1.1794E-01  7.6795E-05  5.1096E-04
  1.3827E-01 -1.1972E-01  7.8912E-05  5.2505E-04
  1.3922E-01 -1.2151E-01  8.1088E-05  5.3953E-04
  1.4017E-01 -1.2332E-01  8.3323E-05  5.5440E-04
  1.4113E-01 -1.2515E-01  8.5620E-05  5.6969E-04
  1.4210E-01 -1.2699E-01  8.7980E-05  5.8539E-04
  1.4307E-01 -1.2886E-01  9.0405E-05  6.0153E-04
  1.4405E-01 -1.3075E-01  9.2897E-05  6.1811E-04
  1.4504E-01 -1.3265E-01  9.5457E-05  6.3515E-04
  1.4603E-01 -1.3457E-01  9.8087E-05  6.5266E-04
  1.4703E-01 -1.3652E-01  1.0079E-04  6.7065E-04
  1.4804E-01 -1.3848E-01  1.0357E-04  6.8913E-04
  1.4905E-01 -1.4046E-01  1.0642E-04  7.0812E-04
  1.5007E-01 -1.4246E-01  1.0935E-04  7.2764E-04
  1.5110E-01 -1.4447E-01  1.1237E-04  7.4769E-04
  1.5213E-01 -1.4651E-01  1.1546E-04  7.6829E-04
  1.5317E-01 -1.4856E-01  1.1864E-04  7.8945E-04
  1.5422E-01 -1.5064E-01  1.2191E-04  8.1120E-04
  1.5528E-01 -1.5273E-01  1.2527E-04  8.3355E-04
  1.5634E-01 -1.5484E-01  1.2872E-04  8.5651E-04
  1.5741E-01 -1.5697E-01  1.3226E-04  8.8011E-04
  1.5849E-01 -1.5911E-01  1.3591E-04  9.0435E-04
  1.5957E-01 -1.6128E-01  1.3965E-04  9.2925E-04
  1.6066E-01 -1.6346E-01  1.4349E-04  9.5485E-04
  1.6176E-01 -1.6566E-01  1.4744E-04  9.8114E-04
  1.6287E-01 -1.6788E-01  1.5150E-04  1.0082E-03
  1.6398E-01 -1.7012E-01  1.5567E-04  1.0359E-03
  1.6511E-01 -1.7237E-01  1.5996E-04  1.0644E-03
  1.6624E-01 -1.7464E-01  1.6436E-04  1.0937E-03
  1.6737E-01 -1.7693E-01  1.6889E-04  1.1238E-03
  1.6852E-01 -1.7924E-01  1.7353E-04  1.1548E-03
  1.6967E-01 -1.8156E-01  1.7831E-04  1.1866E-03
  1.7083E-01 -1.8390E-01  1.8322E-04  1.2192E-03
  1.7200E-01 -1.8625E-01  1.8826E-04  1.2528E-03
  1.7318E-01 -1.8863E-01  1.9344E-04  1.2872E-03
  1.7436E-01 -1.9102E-01  1.9876E-04  1.3227E-03
  1.7556E-01 -1.9342E-01  2.0423E-04  1.3591E-03
  1.7676E-01 -1.9584E-01  2.0985E-04  1.3964E-03
  1.7797E-01 -1.9828E-01  2.1562E-04  1.4349E-03
  1.7919E-01 -2.0073E-01  2.2155E-04  1.4743E-03
  1.8041E-01 -2.0319E-01  2.2764E-04  1.5149E-03
  1.8165E-01 -2.0567E-01  2.3390E-04  1.5565E-03
  1.8289E-01 -2.0817E-01  2.4033E-04  1.5993E-03
  1.8414E-01 -2.1068E-01  2.4694E-04  1.6433E-03
  1.8540E-01 -2.1320E-01  2.5373E-04  1.6885E-03
  1.8667E-01 -2.1574E-01  2.6070E-04  1.7349E-03
  1.8795E-01 -2.1829E-01  2.6787E-04  1.7826E-03
  1.8924E-01 -2.2086E-01  2.7523E-04  1.8316E-03
  1.9053E-01 -2.2343E-01  2.8280E-04  1.8819E-03
  1.9183E-01 -2.2602E-01  2.9057E-04  1.9337E-03
  1.9315E-01 -2.2863E-01  2.9855E-04  1.9868E-03
  1.9447E-01 -2.3124E-01  3.0675E-04  2.0414E-03
  1.9580E-01 -2.3386E-01  3.1518E-04  2.0974E-03
  1.9714E-01 -2.3650E-01  3.2384E-04  2.1551E-03
  1.9849E-01 -2.3915E-01  3.3273E-04  2.2143E-03
  1.9985E-01 -2.4181E-01  3.4187E-04  2.2751E-03
  2.0121E-01 -2.4447E-01  3.5126E-04  2.3375E-03
  2.0259E-01 -2.4715E-01  3.6090E-04  2.4017E-03
  2.0398E-01 -2.4984E-01  3.7081E-04  2.4677E-03
  2.0537E-01 -2.5253E-01  3.8099E-04  2.5354E-03
  2.0678E-01 -2.5524E-01  3.9145E-04  2.6050E-03
  2.0819E-01 -2.5795E-01  4.0220E-04  2.6765E-03
  2.0962E-01 -2.6067E-01  4.1323E-04  2.7499E-03
  2.1105E-01 -2.6339E-01  4.2457E-04  2.8254E-03
  2.1250E-01 -2.6613E-01  4.3622E-04  2.9029E-03
  2.1395E-01 -2.6887E-01  4.4819E-04  2.9825E-03
  2.1542E-01 -2.7161E-01  4.6049E-04  3.0643E-03
  2.1689E-01 -2.7436E-01  4.7312E-04  3.1483E-03
  2.1837E-01 -2.7711E-01  4.8609E-04  3.2347E-03
  2.1987E-01 -2.7987E-01  4.9942E-04  3.3233E-03
  2.2137E-01 -2.8264E-01  5.1312E-04  3.4144E-03
  2.2289E-01 -2.8540E-01  5.2718E-04  3.5080E-03
  2.2441E-01 -2.8817E-01  5.4164E-04  3.6041E-03
  2.2595E-01 -2.9094E-01  5.5648E-04  3.7029E-03
  2.2749E-01 -2.9371E-01  5.7173E-04  3.8043E-03
  2.2905E-01 -2.9648E-01  5.8740E-04  3.9085E-03
  2.3062E-01 -2.9925E-01  6.0349E-04  4.0156E-03
  2.3220E-01 -3.0203E-01  6.2003E-04  4.1255E-03
  2.3379E-01 -3.0480E-01  6.3701E-04  4.2385E-03
  2.3538E-01 -3.0757E-01  6.5446E-04  4.3545E-03
  2.3700E-01 -3.1034E-01  6.7238E-04  4.4737E-03
  2.3862E-01 -3.1310E-01  6.9079E-04  4.5961E-03
  2.4025E-01 -3.1587E-01  7.0970E-04  4.7219E-03
  2.4189E-01 -3.1863E-01  7.2913E-04  4.8510E-03
  2.4355E-01 -3.2138E-01  7.4908E-04  4.9837E-03
  2.4522E-01 -3.2413E-01  7.6958E-04  5.1200E-03
  2.4689E-01 -3.2687E-01  7.9064E-04  5.2600E-03
  2.4858E-01 -3.2961E-01  8.1227E-04  5.4038E-03
  2.5028E-01 -3.3234E-01  8.3449E-04  5.5514E-03
  2.5200E-01 -3.3506E-01  8.5731E-04  5.7031E-03
  2.5372E-01 -3.3778E-01  8.8075E-04  5.8589E-03
  2.5546E-01 -3.4048E-01  9.0483E-04  6.0190E-03
  2.5720E-01 -3.4318E-01  9.2957E-04  6.1833E-03
  2.5896E-01 -3.4586E-01  9.5497E-04  6.3522E-03
  2.6074E-01 -3.4854E-01  9.8107E-04  6.5256E-03
  2.6252E-01 -3.5120E-01  1.0079E-03  6.7037E-03
  2.6432E-01 -3.5385E-01  1.0354E-03  6.8866E-03
  2.6613E-01 -3.5648E-01  1.0637E-03  7.0744E-03
  2.6795E-01 -3.5911E-01  1.0927E-03  7.2674E-03
  2.6978E-01 -3.6172E-01  1.1226E-03  7.4655E-03
  2.7163E-01 -3.6431E-01  1.1532E-03  7.6690E-03
  2.7348E-01 -3.6689E-01  1.1847E-03  7.8780E-03
  2.7536E-01 -3.6945E-01  1.2170E-03  8.0927E-03
  2.7724E-01 -3.7199E-01  1.2502E-03  8.3131E-03
  2.7914E-01 -3.7451E-01  1.2843E-03  8.5395E-03
  2.8105E-01 -3.7702E-01  1.3194E-03  8.7720E-03
  2.8297E-01 -3.7951E-01  1.3553E-03  9.0108E-03
  2.8490E-01 -3.8197E-01  1.3923E-03  9.2560E-03
  2.8685E-01 -3.8442E-01  1.4302E-03  9.5078E-03
  2.8882E-01 -3.8684E-01  1.4692E-03  9.7664E-03
  2.9079E-01 -3.8924E-01  1.5092E-03  1.0032E-02
  2.9278E-01 -3.9162E-01  1.5504E-03  1.0305E-02
  2.9479E-01 -3.9397E-01  1.5926E-03  1.0585E-02
  2.9680E-01 -3.9630E-01  1.6360E-03  1.0872E-02
  2.9883E-01 -3.9860E-01  1.6805E-03  1.1167E-02
  3.0088E-01 -4.0088E-01  1.7262E-03  1.1471E-02
  3.0294E-01 -4.0312E-01  1.7732E-03  1.1782E-02
  3.0501E-01 -4.0535E-01  1.8214E-03  1.2102E-02
  3.0710E-01 -4.0754E-01  1.8710E-03  1.2430E-02
  3.0920E-01 -4.0970E-01  1.9219E-03  1.2767E-02
  3.1131E-01 -4.1183E-01  1.9741E-03  1.3113E-02
  3.1344E-01 -4.1394E-01  2.0278E-03  1.3468E-02
  3.1559E-01 -4.1601E-01  2.0829E-03  1.3833E-02
  3.1775E-01 -4.1804E-01  2.1395E-03  1.4208E-02
  3.1992E-01 -4.2005E-01  2.1976E-03  1.4592E-02
  3.2211E-01 -4.2202E-01  2.2572E-03  1.4987E-02
  3.2431E-01 -4.2396E-01  2.3185E-03  1.5392E-02
  3.2653E-01 -4.2586E-01  2.3814E-03  1.5809E-02
  3.2877E-01 -4.2772E-01  2.4461E-03  1.6236E-02
  3.3102E-01 -4.2955E-01  2.5124E-03  1.6674E-02
  3.3328E-01 -4.3134E-01  2.5805E-03  1.7125E-02
  3.3556E-01 -4.3309E-01  2.6505E-03  1.7587E-02
  3.3786E-01 -4.3480E-01  2.7223E-03  1.8061E-02
  3.4017E-01 -4.3647E-01  2.7961E-03  1.8548E-02
  3.4250E-01 -4.3810E-01  2.8719E-03  1.9048E-02
  3.4484E-01 -4.3969E-01  2.9496E-03  1.9562E-02
  3.4720E-01 -4.4124E-01  3.0295E-03  2.0089E-02
  3.4957E-01 -4.4274E-01  3.1115E-03  2.0629E-02
  3.5197E-01 -4.4420E-01  3.1957E-03  2.1184E-02
  3.5437E-01 -4.4562E-01  3.2821E-03  2.1754E-02
  3.5680E-01 -4.4699E-01  3.3708E-03  2.2339E-02
  3.5924E-01 -4.4831E-01  3.4620E-03  2.2939E-02
  3.6170E-01 -4.4959E-01  3.5555E-03  2.3555E-02
  3.6417E-01 -4.5082E-01  3.6516E-03  2.4187E-02
  3.6666E-01 -4.5201E-01  3.7502E-03  2.4836E-02
  3.6917E-01 -4.5315E-01  3.8514E-03  2.5502E-02
  3.7170E-01 -4.5424E-01  3.9554E-03  2.6186E-02
  3.7424E-01 -4.5527E-01  4.0621E-03  2.6887E-02
  3.7680E-01 -4.5626E-01  4.1716E-03  2.7606E-02
  3.7938E-01 -4.5720E-01  4.2841E-03  2.8345E-02
  3.8197E-01 -4.5809E-01  4.3996E-03  2.9103E-02
  3.8459E-01 -4.5893E-01  4.5181E-03  2.9880E-02
  3.8722E-01 -4.5971E-01  4.6398E-03  3.0678E-02
  3.8987E-01 -4.6044E-01  4.7647E-03  3.1497E-02
  3.9254E-01 -4.6112E-01  4.8929E-03  3.2336E-02
  3.9522E-01 -4.6175E-01  5.0245E-03  3.3198E-02
  3.9792E-01 -4.6232E-01  5.1596E-03  3.4082E-02
  4.0065E-01 -4.6283E-01  5.2983E-03  3.4989E-02
  4.0339E-01 -4.6330E-01  5.4407E-03  3.5920E-02
  4.0615E-01 -4.6370E-01  5.5868E-03  3.6874E-02
  4.0893E-01 -4.6405E-01  5.7368E-03  3.7853E-02
  4.1172E-01 -4.6435E-01  5.8908E-03  3.8858E-02
  4.1454E-01 -4.6458E-01  6.0488E-03  3.9888E-02
  4.1738E-01 -4.6477E-01  6.2110E-03  4.0945E-02
  4.2023E-01 -4.6489E-01  6.3775E-03  4.2029E-02
  4.2311E-01 -4.6496E-01  6.5483E-03  4.3140E-02
  4.2600E-01 -4.6496E-01  6.7237E-03  4.4280E-02
  4.2892E-01 -4.6491E-01  6.9036E-03  4.5450E-02
  4.3185E-01 -4.6480E-01  7.0883E-03  4.6649E-02
  4.3481E-01 -4.6464E-01  7.2779E-03  4.7878E-02
  4.3778E-01 -4.6441E-01  7.4724E-03  4.9139E-02
  4.4077E-01 -4.6412E-01  7.6721E-03  5.0432E-02
  4.4379E-01 -4.6378E-01  7.8770E-03  5.1758E-02
  4.4683E-01 -4.6337E-01  8.0872E-03  5.3117E-02
  4.4988E-01 -4.6290E-01  8.3030E-03  5.4511E-02
  4.5296E-01 -4.6238E-01  8.5244E-03  5.5939E-02
  4.5606E-01 -4.6179E-01  8.7515E-03  5.7404E-02
  4.5918E-01 -4.6114E-01  8.9847E-03  5.8906E-02
  4.6232E-01 -4.6043E-01  9.2239E-03  6.0445E-02
  4.6548E-01 -4.5966E-01  9.4693E-03  6.2022E-02
  4.6867E-01 -4.5883E-01  9.7211E-03  6.3639E-02
  4.7188E-01 -4.5794E-01  9.9795E-03  6.5296E-02
  4.7510E-01 -4.5699E-01  1.0245E-02  6.6995E-02
  4.7835E-01 -4.5597E-01  1.0517E-02  6.8735E-02
  4.8163E-01 -4.5490E-01  1.0796E-02  7.0519E-02
  4.8492E-01 -4.5376E-01  1.1082E-02  7.2347E-02
  4.8824E-01 -4.5256E-01  1.1376E-02  7.4219E-02
  4.9158E-01 -4.5130E-01  1.1677E-02  7.6138E-02
  4.9494E-01 -4.4997E-01  1.1986E-02  7.8104E-02
  4.9833E-01 -4.4859E-01  1.2303E-02  8.0117E-02
  5.0174E-01 -4.4714E-01  1.2629E-02  8.2180E-02
  5.0517E-01 -4.4563E-01  1.2962E-02  8.4293E-02
  5.0862E-01 -4.4406E-01  1.3305E-02  8.6457E-02
  5.1210E-01 -4.4243E-01  1.3656E-02  8.8674E-02
  5.1561E-01 -4.4073E-01  1.4016E-02  9.0944E-02
  5.1914E-01 -4.3898E-01  1.4385E-02  9.3268E-02
  5.2269E-01 -4.3716E-01  1.4764E-02  9.5648E-02
  5.2626E-01 -4.3528E-01  1.5153E-02  9.8085E-02
  5.2986E-01 -4.3334E-01  1.5551E-02  1.0058E-01
  5.3349E-01 -4.3134E-01  1.5960E-02  1.0313E-01
  5.3714E-01 -4.2927E-01  1.6379E-02  1.0575E-01
  5.4081E-01 -4.2715E-01  1.6809E-02  1.0843E-01
  5.4451E-01 -4.2496E-01  1.7250E-02  1.1116E-01
  5.4824E-01 -4.2271E-01  1.7702E-02  1.1397E-01
  5.5199E-01 -4.2041E-01  1.8165E-02  1.1684E-01
  5.5576E-01 -4.1804E-01  1.8640E-02  1.1977E-01
  5.5957E-01 -4.1561E-01  1.9128E-02  1.2277E-01
  5.6339E-01 -4.1312E-01  1.9627E-02  1.2585E-01
  5.6725E-01 -4.1057E-01  2.0140E-02  1.2899E-01
  5.7113E-01 -4.0796E-01  2.0665E-02  1.3220E-01
  5.7503E-01 -4.0529E-01  2.1204E-02  1.3549E-01
  5.7897E-01 -4.0255E-01  2.1756E-02  1.3885E-01
  5.8293E-01 -3.9976E-01  2.2322E-02  1.4229E-01
  5.8692E-01 -3.9691E-01  2.2902E-02  1.4581E-01
  5.9093E-01 -3.9400E-01  2.3496E-02  1.4940E-01
  5.9497E-01 -3.9103E-01  2.4106E-02  1.5307E-01
  5.9905E-01 -3.8801E-01  2.4731E-02  1.5683E-01
  6.0314E-01 -3.8492E-01  2.5371E-02  1.6067E-01
  6.0727E-01 -3.8177E-01  2.6028E-02  1.6459E-01
  6.1142E-01 -3.7857E-01  2.6701E-02  1.6859E-01
  6.1561E-01 -3.7531E-01  2.7390E-02  1.7269E-01
  6.1982E-01 -3.7199E-01  2.8097E-02  1.7687E-01
  6.2406E-01 -3.6861E-01  2.8821E-02  1.8114E-01
  6.2833E-01 -3.6517E-01  2.9563E-02  1.8550E-01
  6.3262E-01 -3.6168E-01  3.0324E-02  1.8995E-01
  6.3695E-01 -3.5813E-01  3.1103E-02  1.9450E-01
  6.4131E-01 -3.5452E-01  3.1901E-02  1.9914E-01
  6.4570E-01 -3.5086E-01  3.2719E-02  2.0387E-01
  6.5011E-01 -3.4714E-01  3.3557E-02  2.0871E-01
  6.5456E-01 -3.4336E-01  3.4416E-02  2.1364E-01
  6.5904E-01 -3.3952E-01  3.5295E-02  2.1867E-01
  6.6355E-01 -3.3564E-01  3.6196E-02  2.2380E-01
  6.6809E-01 -3.3169E-01  3.7119E-02  2.2904E-01
  6.7266E-01 -3.2769E-01  3.8065E-02  2.3438E-01
  6.7726E-01 -3.2363E-01  3.9033E-02  2.3982E-01
  6.8189E-01 -3.1952E-01  4.0025E-02  2.4537E-01
  6.8656E-01 -3.1536E-01  4.1041E-02  2.5102E-01
  6.9125E-01 -3.1113E-01  4.2081E-02  2.5678E-01
  6.9598E-01 -3.0686E-01  4.3146E-02  2.6265E-01
  7.0074E-01 -3.0253E-01  4.4237E-02  2.6863E-01
  7.0554E-01 -2.9815E-01  4.5354E-02  2.7472E-01
  7.1036E-01 -2.9371E-01  4.6497E-02  2.8092E-01
  7.1522E-01 -2.8922E-01  4.7668E-02  2.8723E-01
  7.2011E-01 -2.8467E-01  4.8867E-02  2.9365E-01
  7.2504E-01 -2.8008E-01  5.0094E-02  3.0019E-01
  7.3000E-01 -2.7542E-01  5.1350E-02  3.0684E-01
  7.3499E-01 -2.7072E-01  5.2636E-02  3.1360E-01
  7.4002E-01 -2.6596E-01  5.3953E-02  3.2047E-01
  7.4508E-01 -2.6116E-01  5.5300E-02  3.2747E-01
  7.5018E-01 -2.5630E-01  5.6679E-02  3.3457E-01
  7.5531E-01 -2.5138E-01  5.8090E-02  3.4179E-01
  7.6048E-01 -2.4642E-01  5.9534E-02  3.4912E-01
  7.6568E-01 -2.4140E-01  6.1011E-02  3.5657E-01
  7.7092E-01 -2.3633E-01  6.2523E-02  3.6413E-01
  7.7619E-01 -2.3121E-01  6.4070E-02  3.7181E-01
  7.8150E-01 -2.2604E-01  6.5652E-02  3.7960E-01
  7.8685E-01 -2.2082E-01  6.7271E-02  3.8750E-01
  7.9223E-01 -2.1555E-01  6.8927E-02  3.9551E-01
  7.9765E-01 -2.1022E-01  7.0621E-02  4.0363E-01
  8.0311E-01 -2.0485E-01  7.2354E-02  4.1186E-01
  8.0860E-01 -1.9943E-01  7.4126E-02  4.2020E-01
  8.1413E-01 -1.9395E-01  7.5938E-02  4.2864E-01
  8.1970E-01 -1.8843E-01  7.7791E-02  4.3719E-01
  8.2531E-01 -1.8285E-01  7.9686E-02  4.4584E-01
  8.3096E-01 -1.7723E-01  8.1623E-02  4.5459E-01
  8.3664E-01 -1.7155E-01  8.3603E-02  4.6344E-01
  8.4236E-01 -1.6583E-01  8.5628E-02  4.7239E-01
  8.4813E-01 -1.6005E-01  8.7698E-02  4.8143E-01
  8.5393E-01 -1.5423E-01  8.9813E-02  4.9055E-01
  8.5977E-01 -1.4836E-01  9.1975E-02  4.9977E-01
  8.6565E-01 -1.4243E-01  9.4185E-02  5.0907E-01
  8.7157E-01 -1.3646E-01  9.6443E-02  5.1845E-01
  8.7753E-01 -1.3044E-01  9.8750E-02  5.2790E-01
  8.8354E-01 -1.2437E-01  1.0111E-01  5.3743E-01
  8.8958E-01 -1.1825E-01  1.0352E-01  5.4703E-01
  8.9567E-01 -1.1209E-01  1.0598E-01  5.5668E-01
  9.0179E-01 -1.0587E-01  1.0849E-01  5.6640E-01
  9.0796E-01 -9.9605E-02  1.1106E-01  5.7616E-01
  9.1417E-01 -9.3292E-02  1.1368E-01  5.8597E-01
  9.2043E-01 -8.6930E-02  1.1635E-01  5.9583E-01
  9.2672E-01 -8.0519E-02  1.1909E-01  6.0571E-01
  9.3306E-01 -7.4060E-02  1.2188E-01  6.1563E-01
  9.3944E-01 -6.7553E-02  1.2473E-01  6.2556E-01
  9.4587E-01 -6.0997E-02  1.2763E-01  6.3551E-01
  9.5234E-01 -5.4393E-02  1.3060E-01  6.4546E-01
  9.5885E-01 -4.7741E-02  1.3363E-01  6.5541E-01
  9.6541E-01 -4.1041E-02  1.3672E-01  6.6535E-01
  9.7202E-01 -3.4292E-02  1.3988E-01  6.7527E-01
  9.7867E-01 -2.7496E-02  1.4310E-01  6.8516E-01
  9.8536E-01 -2.0651E-02  1.4638E-01  6.9501E-01
  9.9210E-01 -1.3759E-02  1.4973E-01  7.0482E-01
  9.9889E-01 -6.8187E-03  1.5314E-01  7.1456E-01
  1.0057E+00  1.6944E-04  1.5663E-01  7.2424E-01
  1.0126E+00  7.2053E-03  1.6018E-01  7.3383E-01
  1.0195E+00  1.4289E-02  1.6380E-01  7.4334E-01
  1.0265E+00  2.1420E-02  1.6749E-01  7.5274E-01
  1.0335E+00  2.8599E-02  1.7125E-01  7.6203E-01
  1.0406E+00  3.5825E-02  1.7509E-01  7.7119E-01
  1.0477E+00  4.3099E-02  1.7900E-01  7.8020E-01
  1.0549E+00  5.0420E-02  1.8298E-01  7.8907E-01
  1.0621E+00  5.7789E-02  1.8704E-01  7.9776E-01
  1.0694E+00  6.5205E-02  1.9117E-01  8.0628E-01
  1.0767E+00  7.2667E-02  1.9538E-01  8.1459E-01
  1.0840E+00  8.0177E-02  1.9967E-01  8.2270E-01
  1.0915E+00  8.7734E-02  2.0404E-01  8.3058E-01
  1.0989E+00  9.5338E-02  2.0848E-01  8.3823E-01
  1.1064E+00  1.0299E-01  2.1301E-01  8.4561E-01
  1.1140E+00  1.1069E-01  2.1762E-01  8.5272E-01
  1.1216E+00  1.1843E-01  2.2230E-01  8.5955E-01
  1.1293E+00  1.2622E-01  2.2707E-01  8.6607E-01
  1.1370E+00  1.3405E-01  2.3193E-01  8.7227E-01
  1.1448E+00  1.4194E-01  2.3686E-01  8.7813E-01
  1.1526E+00  1.4986E-01  2.4189E-01  8.8364E-01
  1.1605E+00  1.5784E-01  2.4699E-01  8.8878E-01
  1.1685E+00  1.6586E-01  2.5218E-01  8.9353E-01
  1.1764E+00  1.7392E-01  2.5746E-01  8.9787E-01
  1.1845E+00  1.8203E-01  2.6283E-01  9.0179E-01
  1.1926E+00  1.9019E-01  2.6828E-01  9.0527E-01
  1.2008E+00  1.9838E-01  2.7382E-01  9.0830E-01
  1.2090E+00  2.0663E-01  2.7945E-01  9.1085E-01
  1.2172E+00  2.1492E-01  2.8516E-01  9.1291E-01
  1.2256E+00  2.2325E-01  2.9097E-01  9.1447E-01
  1.2339E+00  2.3162E-01  2.9686E-01  9.1550E-01
  1.2424E+00  2.4004E-01  3.0285E-01  9.1600E-01
  1.2509E+00  2.4850E-01  3.0892E-01  9.1594E-01
  1.2594E+00  2.5700E-01  3.1508E-01  9.1532E-01
  1.2681E+00  2.6555E-01  3.2133E-01  9.1410E-01
  1.2767E+00  2.7413E-01  3.2768E-01  9.1230E-01
  1.2855E+00  2.8276E-01  3.3411E-01  9.0988E-01
  1.2943E+00  2.9143E-01  3.4063E-01  9.0683E-01
  1.3031E+00  3.0014E-01  3.4724E-01  9.0316E-01
  1.3120E+00  3.0889E-01  3.5395E-01  8.9883E-01
  1.3210E+00  3.1768E-01  3.6074E-01  8.9385E-01
  1.3300E+00  3.2650E-01  3.6762E-01  8.8820E-01
  1.3391E+00  3.3537E-01  3.7458E-01  8.8188E-01
  1.3483E+00  3.4427E-01  3.8164E-01  8.7488E-01
  1.3575E+00  3.5321E-01  3.8878E-01  8.6719E-01
  1.3668E+00  3.6218E-01  3.9601E-01  8.5882E-01
  1.3762E+00  3.7119E-01  4.0333E-01  8.4974E-01
  1.3856E+00  3.8023E-01  4.1073E-01  8.3998E-01
  1.3950E+00  3.8931E-01  4.1822E-01  8.2952E-01
  1.4046E+00  3.9842E-01  4.2579E-01  8.1836E-01
  1.4142E+00  4.0756E-01  4.3344E-01  8.0652E-01
  1.4239E+00  4.1673E-01  4.4117E-01  7.9399E-01
  1.4336E+00  4.2593E-01  4.4898E-01  7.8079E-01
  1.4434E+00  4.3516E-01  4.5687E-01  7.6692E-01
  1.4533E+00  4.4442E-01  4.6484E-01  7.5239E-01
  1.4632E+00  4.5371E-01  4.7289E-01  7.3722E-01
  1.4732E+00  4.6302E-01  4.8101E-01  7.2143E-01
  1.4833E+00  4.7235E-01  4.8920E-01  7.0502E-01
  1.4935E+00  4.8171E-01  4.9746E-01  6.8803E-01
  1.5037E+00  4.9109E-01  5.0579E-01  6.7047E-01
  1.5140E+00  5.0049E-01  5.1419E-01  6.5237E-01
  1.5243E+00  5.0991E-01  5.2265E-01  6.3376E-01
  1.5347E+00  5.1934E-01  5.3117E-01  6.1466E-01
  1.5452E+00  5.2880E-01  5.3975E-01  5.9511E-01
  1.5558E+00  5.3826E-01  5.4840E-01  5.7515E-01
  1.5665E+00  5.4774E-01  5.5709E-01  5.5480E-01
  1.5772E+00  5.5722E-01  5.6584E-01  5.3411E-01
  1.5880E+00  5.6672E-01  5.7464E-01  5.1313E-01
  1.5988E+00  5.7622E-01  5.8348E-01  4.9189E-01
  1.6098E+00  5.8573E-01  5.9237E-01  4.7044E-01
  1.6208E+00  5.9524E-01  6.0129E-01  4.4883E-01
  1.6319E+00  6.0475E-01  6.1026E-01  4.2712E-01
  1.6430E+00  6.1426E-01  6.1925E-01  4.0534E-01
  1.6543E+00  6.2377E-01  6.2828E-01  3.8357E-01
  1.6656E+00  6.3326E-01  6.3734E-01  3.6185E-01
  1.6770E+00  6.4275E-01  6.4641E-01  3.4023E-01
  1.6884E+00  6.5223E-01  6.5551E-01  3.1879E-01
  1.7000E+00  6.6170E-01  6.6462E-01  2.9757E-01
  1.7116E+00  6.7114E-01  6.7375E-01  2.7664E-01
  1.7233E+00  6.8057E-01  6.8288E-01  2.5606E-01
  1.7351E+00  6.8998E-01  6.9201E-01  2.3588E-01
  1.7470E+00  6.9935E-01  7.0114E-01  2.1617E-01
  1.7589E+00  7.0870E-01  7.1027E-01  1.9698E-01
  1.7710E+00  7.1802E-01  7.1938E-01  1.7838E-01
  1.7831E+00  7.2731E-01  7.2848E-01  1.6041E-01
  1.7953E+00  7.3655E-01  7.3756E-01  1.4313E-01
  1.8075E+00  7.4575E-01  7.4662E-01  1.2660E-01
  1.8199E+00  7.5491E-01  7.5564E-01  1.1086E-01
  1.8324E+00  7.6402E-01  7.6464E-01  9.5954E-02
  1.8449E+00  7.7307E-01  7.7359E-01  8.1924E-02
  1.8575E+00  7.8206E-01  7.8250E-01  6.8805E-02
  1.8702E+00  7.9100E-01  7.9135E-01  5.6628E-02
  1.8830E+00  7.9986E-01  8.0016E-01  4.5417E-02
  1.8959E+00  8.0866E-01  8.0890E-01  3.5192E-02
  1.9089E+00  8.1738E-01  8.1757E-01  2.5962E-02
  1.9219E+00  8.2603E-01  8.2618E-01  1.7733E-02
  1.9351E+00  8.3459E-01  8.3470E-01  1.0501E-02
  1.9483E+00  8.4306E-01  8.4315E-01  4.2548E-03
  1.9616E+00  8.5143E-01  8.5150E-01 -1.0269E-03
  1.9750E+00  8.5971E-01  8.5976E-01 -5.3726E-03
  1.9886E+00  8.6788E-01  8.6792E-01 -8.8203E-03
  2.0022E+00  8.7595E-01  8.7597E-01 -1.1417E-02
  2.0158E+00  8.8389E-01  8.8391E-01 -1.3218E-02
  2.0296E+00  8.9172E-01  8.9173E-01 -1.4289E-02
  2.0435E+00  8.9942E-01  8.9943E-01 -1.4702E-02
  2.0575E+00  9.0698E-01  9.0699E-01 -1.4537E-02
  2.0716E+00  9.1441E-01  9.1441E-01 -1.3882E-02
  2.0857E+00  9.2169E-01  9.2170E-01 -1.2828E-02
  2.1000E+00  9.2882E-01  9.2882E-01 -1.1472E-02
  2.1144E+00  9.3580E-01  9.3580E-01 -9.9121E-03
  2.1288E+00  9.4260E-01  9.4260E-01 -8.2471E-03
  2.1434E+00  9.4924E-01  9.4924E-01 -6.5721E-03
  2.1581E+00  9.5569E-01  9.5569E-01 -4.9762E-03
  2.1728E+00  9.6196E-01  9.6196E-01 -3.5387E-03
  2.1877E+00  9.6804E-01  9.6804E-01 -2.3245E-03
  2.2026E+00  9.7391E-01  9.7391E-01 -1.3790E-03
  2.2177E+00  9.7958E-01  9.7958E-01 -7.2251E-04
  2.2329E+00  9.8503E-01  9.8503E-01 -3.4310E-04
  2.2482E+00  9.9026E-01  9.9026E-01 -1.8581E-04
  2.2635E+00  9.9525E-01  9.9525E-01  0.0000E+00
  2.2790E+00  1.0000E+00  1.0000E+00  0.0000E+00
  2.2946E+00  1.0045E+00  1.0045E+00  0.0000E+00
  2.3103E+00  1.0087E+00  1.0087E+00  0.0000E+00
  2.3261E+00  1.0127E+00  1.0127E+00  0.0000E+00
  2.3420E+00  1.0164E+00  1.0164E+00  0.0000E+00
  2.3580E+00  1.0198E+00  1.0198E+00  0.0000E+00
  2.3742E+00  1.0230E+00  1.0230E+00  0.0000E+00
  2.3904E+00  1.0258E+00  1.0258E+00  0.0000E+00
  2.4068E+00  1.0283E+00  1.0283E+00  0.0000E+00
  2.4232E+00  1.0305E+00  1.0305E+00  0.0000E+00
  2.4398E+00  1.0323E+00  1.0323E+00  0.0000E+00
  2.4565E+00  1.0339E+00  1.0339E+00  0.0000E+00
  2.4733E+00  1.0350E+00  1.0350E+00  0.0000E+00
  2.4902E+00  1.0358E+00  1.0358E+00  0.0000E+00
  2.5072E+00  1.0362E+00  1.0362E+00  0.0000E+00
  2.5244E+00  1.0363E+00  1.0363E+00  0.0000E+00
  2.5417E+00  1.0360E+00  1.0360E+00  0.0000E+00
  2.5590E+00  1.0352E+00  1.0352E+00  0.0000E+00
  2.5765E+00  1.0340E+00  1.0340E+00  0.0000E+00
  2.5942E+00  1.0325E+00  1.0325E+00  0.0000E+00
  2.6119E+00  1.0304E+00  1.0304E+00  0.0000E+00
  2.6298E+00  1.0280E+00  1.0280E+00  0.0000E+00
  2.6478E+00  1.0251E+00  1.0251E+00  0.0000E+00
  2.6659E+00  1.0217E+00  1.0217E+00  0.0000E+00
  2.6841E+00  1.0178E+00  1.0178E+00  0.0000E+00
  2.7025E+00  1.0135E+00  1.0135E+00  0.0000E+00
  2.7210E+00  1.0086E+00  1.0086E+00  0.0000E+00
  2.7396E+00  1.0033E+00  1.0033E+00  0.0000E+00
  2.7583E+00  9.9740E-01  9.9740E-01  0.0000E+00
  2.7772E+00  9.9100E-01  9.9100E-01  0.0000E+00
  2.7962E+00  9.8407E-01  9.8407E-01  0.0000E+00
  2.8153E+00  9.7658E-01  9.7658E-01  0.0000E+00
  2.8345E+00  9.6854E-01  9.6854E-01  0.0000E+00
  2.8539E+00  9.5993E-01  9.5993E-01  0.0000E+00
  2.8735E+00  9.5075E-01  9.5075E-01  0.0000E+00
  2.8931E+00  9.4098E-01  9.4098E-01  0.0000E+00
  2.9129E+00  9.3061E-01  9.3061E-01  0.0000E+00
  2.9328E+00  9.1965E-01  9.1965E-01  0.0000E+00
  2.9529E+00  9.0807E-01  9.0807E-01  0.0000E+00
  2.9731E+00  8.9588E-01  8.9588E-01  0.0000E+00
  2.9934E+00  8.8307E-01  8.8307E-01  0.0000E+00
  3.0139E+00  8.6962E-01  8.6962E-01  0.0000E+00
  3.0345E+00  8.5554E-01  8.5554E-01  0.0000E+00
  3.0553E+00  8.4081E-01  8.4081E-01  0.0000E+00
  3.0762E+00  8.2544E-01  8.2544E-01  0.0000E+00
  3.0972E+00  8.0942E-01  8.0942E-01  0.0000E+00
  3.1184E+00  7.9274E-01  7.9274E-01  0.0000E+00
  3.1397E+00  7.7540E-01  7.7540E-01  0.0000E+00
  3.1612E+00  7.5740E-01  7.5740E-01  0.0000E+00
  3.1828E+00  7.3874E-01  7.3874E-01  0.0000E+00
