 # l=           0 basis function with energy   -0.34367397742664652     
  0.0000E+00  0.0000E+00 -0.0000E+00  0.0000E+00
  6.5668E-07 -3.2647E-05 -3.4529E-07 -1.9397E-06
  1.3178E-06 -5.9233E-05 -6.9294E-07 -3.8926E-06
  1.9835E-06 -8.4028E-05 -1.0430E-06 -5.8589E-06
  2.6538E-06 -1.0778E-04 -1.3954E-06 -7.8386E-06
  3.3286E-06 -1.3081E-04 -1.7502E-06 -9.8319E-06
  4.0081E-06 -1.5332E-04 -2.1075E-06 -1.1839E-05
  4.6922E-06 -1.7544E-04 -2.4672E-06 -1.3859E-05
  5.3809E-06 -1.9723E-04 -2.8293E-06 -1.5894E-05
  6.0744E-06 -2.1876E-04 -3.1940E-06 -1.7942E-05
  6.7726E-06 -2.4009E-04 -3.5611E-06 -2.0005E-05
  7.4756E-06 -2.6123E-04 -3.9308E-06 -2.2081E-05
  8.1834E-06 -2.8223E-04 -4.3029E-06 -2.4172E-05
  8.8961E-06 -3.0311E-04 -4.6776E-06 -2.6277E-05
  9.6136E-06 -3.2388E-04 -5.0549E-06 -2.8396E-05
  1.0336E-05 -3.4457E-04 -5.4348E-06 -3.0530E-05
  1.1063E-05 -3.6519E-04 -5.8172E-06 -3.2679E-05
  1.1796E-05 -3.8574E-04 -6.2023E-06 -3.4842E-05
  1.2533E-05 -4.0625E-04 -6.5900E-06 -3.7020E-05
  1.3276E-05 -4.2672E-04 -6.9804E-06 -3.9213E-05
  1.4023E-05 -4.4717E-04 -7.3734E-06 -4.1421E-05
  1.4776E-05 -4.6759E-04 -7.7691E-06 -4.3644E-05
  1.5533E-05 -4.8799E-04 -8.1676E-06 -4.5882E-05
  1.6296E-05 -5.0839E-04 -8.5687E-06 -4.8135E-05
  1.7064E-05 -5.2878E-04 -8.9726E-06 -5.0404E-05
  1.7838E-05 -5.4918E-04 -9.3793E-06 -5.2689E-05
  1.8617E-05 -5.6959E-04 -9.7887E-06 -5.4989E-05
  1.9401E-05 -5.9001E-04 -1.0201E-05 -5.7304E-05
  2.0190E-05 -6.1044E-04 -1.0616E-05 -5.9636E-05
  2.0985E-05 -6.3090E-04 -1.1034E-05 -6.1984E-05
  2.1785E-05 -6.5138E-04 -1.1455E-05 -6.4347E-05
  2.2591E-05 -6.7188E-04 -1.1878E-05 -6.6727E-05
  2.3402E-05 -6.9242E-04 -1.2305E-05 -6.9123E-05
  2.4218E-05 -7.1299E-04 -1.2734E-05 -7.1535E-05
  2.5041E-05 -7.3360E-04 -1.3167E-05 -7.3964E-05
  2.5869E-05 -7.5425E-04 -1.3602E-05 -7.6410E-05
  2.6702E-05 -7.7494E-04 -1.4040E-05 -7.8872E-05
  2.7542E-05 -7.9567E-04 -1.4482E-05 -8.1351E-05
  2.8387E-05 -8.1645E-04 -1.4926E-05 -8.3848E-05
  2.9238E-05 -8.3728E-04 -1.5373E-05 -8.6361E-05
  3.0094E-05 -8.5816E-04 -1.5824E-05 -8.8891E-05
  3.0957E-05 -8.7909E-04 -1.6277E-05 -9.1439E-05
  3.1825E-05 -9.0008E-04 -1.6734E-05 -9.4004E-05
  3.2700E-05 -9.2113E-04 -1.7194E-05 -9.6586E-05
  3.3580E-05 -9.4223E-04 -1.7657E-05 -9.9187E-05
  3.4466E-05 -9.6339E-04 -1.8123E-05 -1.0180E-04
  3.5359E-05 -9.8462E-04 -1.8592E-05 -1.0444E-04
  3.6257E-05 -1.0059E-03 -1.9064E-05 -1.0709E-04
  3.7162E-05 -1.0273E-03 -1.9540E-05 -1.0977E-04
  3.8073E-05 -1.0487E-03 -2.0019E-05 -1.1246E-04
  3.8990E-05 -1.0702E-03 -2.0501E-05 -1.1517E-04
  3.9913E-05 -1.0917E-03 -2.0987E-05 -1.1789E-04
  4.0843E-05 -1.1134E-03 -2.1476E-05 -1.2064E-04
  4.1779E-05 -1.1351E-03 -2.1968E-05 -1.2340E-04
  4.2721E-05 -1.1568E-03 -2.2463E-05 -1.2619E-04
  4.3670E-05 -1.1787E-03 -2.2962E-05 -1.2899E-04
  4.4626E-05 -1.2006E-03 -2.3465E-05 -1.3181E-04
  4.5588E-05 -1.2226E-03 -2.3970E-05 -1.3465E-04
  4.6556E-05 -1.2447E-03 -2.4480E-05 -1.3751E-04
  4.7531E-05 -1.2669E-03 -2.4992E-05 -1.4040E-04
  4.8513E-05 -1.2891E-03 -2.5509E-05 -1.4330E-04
  4.9501E-05 -1.3115E-03 -2.6028E-05 -1.4621E-04
  5.0497E-05 -1.3339E-03 -2.6552E-05 -1.4915E-04
  5.1499E-05 -1.3564E-03 -2.7078E-05 -1.5211E-04
  5.2508E-05 -1.3790E-03 -2.7609E-05 -1.5509E-04
  5.3523E-05 -1.4016E-03 -2.8143E-05 -1.5810E-04
  5.4546E-05 -1.4244E-03 -2.8681E-05 -1.6112E-04
  5.5576E-05 -1.4472E-03 -2.9222E-05 -1.6416E-04
  5.6613E-05 -1.4702E-03 -2.9768E-05 -1.6722E-04
  5.7657E-05 -1.4932E-03 -3.0316E-05 -1.7030E-04
  5.8708E-05 -1.5163E-03 -3.0869E-05 -1.7341E-04
  5.9766E-05 -1.5396E-03 -3.1425E-05 -1.7653E-04
  6.0831E-05 -1.5629E-03 -3.1986E-05 -1.7968E-04
  6.1904E-05 -1.5863E-03 -3.2550E-05 -1.8285E-04
  6.2984E-05 -1.6098E-03 -3.3118E-05 -1.8604E-04
  6.4072E-05 -1.6334E-03 -3.3689E-05 -1.8925E-04
  6.5167E-05 -1.6571E-03 -3.4265E-05 -1.9249E-04
  6.6269E-05 -1.6809E-03 -3.4845E-05 -1.9574E-04
  6.7379E-05 -1.7048E-03 -3.5428E-05 -1.9902E-04
  6.8497E-05 -1.7288E-03 -3.6016E-05 -2.0232E-04
  6.9622E-05 -1.7529E-03 -3.6608E-05 -2.0565E-04
  7.0755E-05 -1.7771E-03 -3.7203E-05 -2.0899E-04
  7.1895E-05 -1.8014E-03 -3.7803E-05 -2.1236E-04
  7.3044E-05 -1.8258E-03 -3.8407E-05 -2.1575E-04
  7.4200E-05 -1.8503E-03 -3.9015E-05 -2.1917E-04
  7.5364E-05 -1.8750E-03 -3.9627E-05 -2.2261E-04
  7.6536E-05 -1.8997E-03 -4.0243E-05 -2.2607E-04
  7.7717E-05 -1.9245E-03 -4.0864E-05 -2.2956E-04
  7.8905E-05 -1.9495E-03 -4.1489E-05 -2.3307E-04
  8.0101E-05 -1.9746E-03 -4.2118E-05 -2.3660E-04
  8.1306E-05 -1.9997E-03 -4.2751E-05 -2.4016E-04
  8.2519E-05 -2.0250E-03 -4.3389E-05 -2.4374E-04
  8.3740E-05 -2.0504E-03 -4.4031E-05 -2.4735E-04
  8.4969E-05 -2.0759E-03 -4.4677E-05 -2.5098E-04
  8.6207E-05 -2.1016E-03 -4.5328E-05 -2.5463E-04
  8.7453E-05 -2.1273E-03 -4.5984E-05 -2.5832E-04
  8.8708E-05 -2.1532E-03 -4.6643E-05 -2.6202E-04
  8.9971E-05 -2.1792E-03 -4.7308E-05 -2.6575E-04
  9.1244E-05 -2.2053E-03 -4.7977E-05 -2.6951E-04
  9.2524E-05 -2.2315E-03 -4.8650E-05 -2.7329E-04
  9.3814E-05 -2.2578E-03 -4.9328E-05 -2.7710E-04
  9.5112E-05 -2.2843E-03 -5.0011E-05 -2.8094E-04
  9.6419E-05 -2.3109E-03 -5.0698E-05 -2.8480E-04
  9.7736E-05 -2.3376E-03 -5.1390E-05 -2.8869E-04
  9.9061E-05 -2.3644E-03 -5.2087E-05 -2.9260E-04
  1.0040E-04 -2.3914E-03 -5.2789E-05 -2.9654E-04
  1.0174E-04 -2.4184E-03 -5.3495E-05 -3.0051E-04
  1.0309E-04 -2.4456E-03 -5.4206E-05 -3.0451E-04
  1.0445E-04 -2.4730E-03 -5.4922E-05 -3.0853E-04
  1.0582E-04 -2.5004E-03 -5.5643E-05 -3.1258E-04
  1.0720E-04 -2.5280E-03 -5.6369E-05 -3.1666E-04
  1.0859E-04 -2.5558E-03 -5.7100E-05 -3.2076E-04
  1.0999E-04 -2.5836E-03 -5.7836E-05 -3.2489E-04
  1.1140E-04 -2.6116E-03 -5.8577E-05 -3.2906E-04
  1.1282E-04 -2.6397E-03 -5.9322E-05 -3.3325E-04
  1.1425E-04 -2.6680E-03 -6.0074E-05 -3.3747E-04
  1.1569E-04 -2.6964E-03 -6.0830E-05 -3.4171E-04
  1.1714E-04 -2.7249E-03 -6.1591E-05 -3.4599E-04
  1.1859E-04 -2.7535E-03 -6.2358E-05 -3.5030E-04
  1.2006E-04 -2.7823E-03 -6.3129E-05 -3.5463E-04
  1.2154E-04 -2.8113E-03 -6.3906E-05 -3.5900E-04
  1.2303E-04 -2.8403E-03 -6.4689E-05 -3.6339E-04
  1.2453E-04 -2.8695E-03 -6.5477E-05 -3.6782E-04
  1.2603E-04 -2.8989E-03 -6.6270E-05 -3.7227E-04
  1.2755E-04 -2.9284E-03 -6.7068E-05 -3.7676E-04
  1.2908E-04 -2.9580E-03 -6.7872E-05 -3.8128E-04
  1.3062E-04 -2.9878E-03 -6.8682E-05 -3.8582E-04
  1.3217E-04 -3.0177E-03 -6.9497E-05 -3.9040E-04
  1.3373E-04 -3.0478E-03 -7.0318E-05 -3.9501E-04
  1.3530E-04 -3.0780E-03 -7.1144E-05 -3.9965E-04
  1.3689E-04 -3.1084E-03 -7.1976E-05 -4.0433E-04
  1.3848E-04 -3.1389E-03 -7.2813E-05 -4.0903E-04
  1.4008E-04 -3.1695E-03 -7.3657E-05 -4.1377E-04
  1.4170E-04 -3.2004E-03 -7.4506E-05 -4.1854E-04
  1.4332E-04 -3.2313E-03 -7.5361E-05 -4.2334E-04
  1.4496E-04 -3.2624E-03 -7.6221E-05 -4.2818E-04
  1.4661E-04 -3.2937E-03 -7.7088E-05 -4.3305E-04
  1.4827E-04 -3.3251E-03 -7.7961E-05 -4.3795E-04
  1.4994E-04 -3.3567E-03 -7.8839E-05 -4.4288E-04
  1.5162E-04 -3.3884E-03 -7.9724E-05 -4.4785E-04
  1.5331E-04 -3.4203E-03 -8.0614E-05 -4.5285E-04
  1.5502E-04 -3.4523E-03 -8.1511E-05 -4.5789E-04
  1.5674E-04 -3.4845E-03 -8.2414E-05 -4.6296E-04
  1.5847E-04 -3.5169E-03 -8.3323E-05 -4.6807E-04
  1.6021E-04 -3.5494E-03 -8.4238E-05 -4.7321E-04
  1.6196E-04 -3.5821E-03 -8.5159E-05 -4.7839E-04
  1.6372E-04 -3.6149E-03 -8.6087E-05 -4.8360E-04
  1.6550E-04 -3.6479E-03 -8.7021E-05 -4.8885E-04
  1.6729E-04 -3.6811E-03 -8.7962E-05 -4.9413E-04
  1.6909E-04 -3.7144E-03 -8.8909E-05 -4.9945E-04
  1.7090E-04 -3.7479E-03 -8.9862E-05 -5.0480E-04
  1.7273E-04 -3.7816E-03 -9.0822E-05 -5.1020E-04
  1.7457E-04 -3.8154E-03 -9.1788E-05 -5.1563E-04
  1.7642E-04 -3.8494E-03 -9.2762E-05 -5.2109E-04
  1.7828E-04 -3.8835E-03 -9.3741E-05 -5.2660E-04
  1.8016E-04 -3.9179E-03 -9.4728E-05 -5.3214E-04
  1.8205E-04 -3.9524E-03 -9.5721E-05 -5.3772E-04
  1.8395E-04 -3.9871E-03 -9.6721E-05 -5.4333E-04
  1.8586E-04 -4.0219E-03 -9.7728E-05 -5.4899E-04
  1.8779E-04 -4.0569E-03 -9.8742E-05 -5.5469E-04
  1.8973E-04 -4.0921E-03 -9.9762E-05 -5.6042E-04
  1.9169E-04 -4.1275E-03 -1.0079E-04 -5.6619E-04
  1.9365E-04 -4.1631E-03 -1.0182E-04 -5.7200E-04
  1.9563E-04 -4.1988E-03 -1.0287E-04 -5.7786E-04
  1.9763E-04 -4.2347E-03 -1.0392E-04 -5.8375E-04
  1.9964E-04 -4.2708E-03 -1.0497E-04 -5.8968E-04
  2.0166E-04 -4.3071E-03 -1.0603E-04 -5.9565E-04
  2.0370E-04 -4.3435E-03 -1.0711E-04 -6.0167E-04
  2.0575E-04 -4.3802E-03 -1.0818E-04 -6.0772E-04
  2.0781E-04 -4.4170E-03 -1.0927E-04 -6.1382E-04
  2.0989E-04 -4.4540E-03 -1.1036E-04 -6.1996E-04
  2.1198E-04 -4.4912E-03 -1.1146E-04 -6.2614E-04
  2.1409E-04 -4.5286E-03 -1.1257E-04 -6.3236E-04
  2.1621E-04 -4.5661E-03 -1.1368E-04 -6.3862E-04
  2.1834E-04 -4.6039E-03 -1.1481E-04 -6.4493E-04
  2.2049E-04 -4.6418E-03 -1.1594E-04 -6.5128E-04
  2.2266E-04 -4.6800E-03 -1.1708E-04 -6.5768E-04
  2.2484E-04 -4.7183E-03 -1.1822E-04 -6.6412E-04
  2.2703E-04 -4.7568E-03 -1.1938E-04 -6.7060E-04
  2.2924E-04 -4.7955E-03 -1.2054E-04 -6.7712E-04
  2.3147E-04 -4.8344E-03 -1.2171E-04 -6.8369E-04
  2.3371E-04 -4.8735E-03 -1.2288E-04 -6.9031E-04
  2.3596E-04 -4.9128E-03 -1.2407E-04 -6.9697E-04
  2.3823E-04 -4.9523E-03 -1.2526E-04 -7.0368E-04
  2.4052E-04 -4.9920E-03 -1.2647E-04 -7.1043E-04
  2.4282E-04 -5.0319E-03 -1.2768E-04 -7.1723E-04
  2.4514E-04 -5.0721E-03 -1.2890E-04 -7.2408E-04
  2.4747E-04 -5.1124E-03 -1.3012E-04 -7.3097E-04
  2.4982E-04 -5.1529E-03 -1.3136E-04 -7.3791E-04
  2.5219E-04 -5.1936E-03 -1.3260E-04 -7.4489E-04
  2.5457E-04 -5.2345E-03 -1.3385E-04 -7.5193E-04
  2.5697E-04 -5.2756E-03 -1.3511E-04 -7.5901E-04
  2.5938E-04 -5.3169E-03 -1.3638E-04 -7.6614E-04
  2.6181E-04 -5.3585E-03 -1.3766E-04 -7.7332E-04
  2.6426E-04 -5.4002E-03 -1.3895E-04 -7.8055E-04
  2.6672E-04 -5.4422E-03 -1.4024E-04 -7.8783E-04
  2.6920E-04 -5.4844E-03 -1.4155E-04 -7.9516E-04
  2.7170E-04 -5.5268E-03 -1.4286E-04 -8.0254E-04
  2.7422E-04 -5.5694E-03 -1.4419E-04 -8.0997E-04
  2.7675E-04 -5.6122E-03 -1.4552E-04 -8.1745E-04
  2.7930E-04 -5.6552E-03 -1.4686E-04 -8.2498E-04
  2.8186E-04 -5.6985E-03 -1.4821E-04 -8.3256E-04
  2.8445E-04 -5.7419E-03 -1.4957E-04 -8.4019E-04
  2.8705E-04 -5.7856E-03 -1.5093E-04 -8.4788E-04
  2.8967E-04 -5.8295E-03 -1.5231E-04 -8.5562E-04
  2.9231E-04 -5.8736E-03 -1.5370E-04 -8.6341E-04
  2.9497E-04 -5.9180E-03 -1.5510E-04 -8.7126E-04
  2.9764E-04 -5.9626E-03 -1.5650E-04 -8.7915E-04
  3.0033E-04 -6.0074E-03 -1.5792E-04 -8.8711E-04
  3.0304E-04 -6.0524E-03 -1.5934E-04 -8.9512E-04
  3.0577E-04 -6.0977E-03 -1.6078E-04 -9.0318E-04
  3.0852E-04 -6.1431E-03 -1.6222E-04 -9.1129E-04
  3.1129E-04 -6.1889E-03 -1.6368E-04 -9.1947E-04
  3.1407E-04 -6.2348E-03 -1.6514E-04 -9.2770E-04
  3.1688E-04 -6.2810E-03 -1.6662E-04 -9.3598E-04
  3.1970E-04 -6.3274E-03 -1.6810E-04 -9.4432E-04
  3.2255E-04 -6.3740E-03 -1.6960E-04 -9.5272E-04
  3.2541E-04 -6.4209E-03 -1.7110E-04 -9.6118E-04
  3.2829E-04 -6.4680E-03 -1.7262E-04 -9.6969E-04
  3.3119E-04 -6.5154E-03 -1.7414E-04 -9.7826E-04
  3.3412E-04 -6.5630E-03 -1.7568E-04 -9.8689E-04
  3.3706E-04 -6.6108E-03 -1.7723E-04 -9.9558E-04
  3.4002E-04 -6.6589E-03 -1.7879E-04 -1.0043E-03
  3.4300E-04 -6.7072E-03 -1.8035E-04 -1.0131E-03
  3.4600E-04 -6.7557E-03 -1.8193E-04 -1.0220E-03
  3.4903E-04 -6.8045E-03 -1.8352E-04 -1.0309E-03
  3.5207E-04 -6.8536E-03 -1.8512E-04 -1.0399E-03
  3.5514E-04 -6.9029E-03 -1.8673E-04 -1.0490E-03
  3.5822E-04 -6.9524E-03 -1.8836E-04 -1.0581E-03
  3.6133E-04 -7.0022E-03 -1.8999E-04 -1.0673E-03
  3.6446E-04 -7.0522E-03 -1.9163E-04 -1.0765E-03
  3.6761E-04 -7.1025E-03 -1.9329E-04 -1.0858E-03
  3.7078E-04 -7.1531E-03 -1.9496E-04 -1.0952E-03
  3.7397E-04 -7.2039E-03 -1.9664E-04 -1.1046E-03
  3.7719E-04 -7.2549E-03 -1.9833E-04 -1.1141E-03
  3.8042E-04 -7.3062E-03 -2.0003E-04 -1.1237E-03
  3.8368E-04 -7.3578E-03 -2.0174E-04 -1.1333E-03
  3.8696E-04 -7.4096E-03 -2.0347E-04 -1.1430E-03
  3.9026E-04 -7.4617E-03 -2.0520E-04 -1.1527E-03
  3.9359E-04 -7.5141E-03 -2.0695E-04 -1.1626E-03
  3.9694E-04 -7.5667E-03 -2.0871E-04 -1.1725E-03
  4.0031E-04 -7.6195E-03 -2.1049E-04 -1.1824E-03
  4.0371E-04 -7.6727E-03 -2.1227E-04 -1.1924E-03
  4.0712E-04 -7.7261E-03 -2.1407E-04 -1.2025E-03
  4.1057E-04 -7.7797E-03 -2.1588E-04 -1.2127E-03
  4.1403E-04 -7.8337E-03 -2.1770E-04 -1.2229E-03
  4.1752E-04 -7.8879E-03 -2.1953E-04 -1.2332E-03
  4.2103E-04 -7.9423E-03 -2.2138E-04 -1.2436E-03
  4.2457E-04 -7.9971E-03 -2.2324E-04 -1.2541E-03
  4.2813E-04 -8.0521E-03 -2.2511E-04 -1.2646E-03
  4.3171E-04 -8.1074E-03 -2.2700E-04 -1.2752E-03
  4.3532E-04 -8.1630E-03 -2.2890E-04 -1.2858E-03
  4.3896E-04 -8.2188E-03 -2.3081E-04 -1.2966E-03
  4.4262E-04 -8.2749E-03 -2.3273E-04 -1.3074E-03
  4.4630E-04 -8.3314E-03 -2.3467E-04 -1.3183E-03
  4.5001E-04 -8.3880E-03 -2.3662E-04 -1.3292E-03
  4.5374E-04 -8.4450E-03 -2.3858E-04 -1.3402E-03
  4.5750E-04 -8.5022E-03 -2.4056E-04 -1.3514E-03
  4.6129E-04 -8.5598E-03 -2.4255E-04 -1.3625E-03
  4.6510E-04 -8.6176E-03 -2.4455E-04 -1.3738E-03
  4.6894E-04 -8.6757E-03 -2.4657E-04 -1.3851E-03
  4.7280E-04 -8.7341E-03 -2.4860E-04 -1.3965E-03
  4.7669E-04 -8.7928E-03 -2.5065E-04 -1.4080E-03
  4.8061E-04 -8.8517E-03 -2.5271E-04 -1.4196E-03
  4.8456E-04 -8.9110E-03 -2.5478E-04 -1.4313E-03
  4.8853E-04 -8.9705E-03 -2.5687E-04 -1.4430E-03
  4.9253E-04 -9.0304E-03 -2.5897E-04 -1.4548E-03
  4.9655E-04 -9.0905E-03 -2.6109E-04 -1.4667E-03
  5.0060E-04 -9.1510E-03 -2.6322E-04 -1.4787E-03
  5.0468E-04 -9.2117E-03 -2.6537E-04 -1.4907E-03
  5.0879E-04 -9.2727E-03 -2.6753E-04 -1.5028E-03
  5.1293E-04 -9.3341E-03 -2.6970E-04 -1.5151E-03
  5.1709E-04 -9.3957E-03 -2.7189E-04 -1.5274E-03
  5.2129E-04 -9.4576E-03 -2.7410E-04 -1.5398E-03
  5.2551E-04 -9.5199E-03 -2.7632E-04 -1.5522E-03
  5.2976E-04 -9.5824E-03 -2.7855E-04 -1.5648E-03
  5.3404E-04 -9.6453E-03 -2.8080E-04 -1.5774E-03
  5.3835E-04 -9.7084E-03 -2.8307E-04 -1.5902E-03
  5.4269E-04 -9.7719E-03 -2.8535E-04 -1.6030E-03
  5.4706E-04 -9.8357E-03 -2.8765E-04 -1.6159E-03
  5.5146E-04 -9.8998E-03 -2.8996E-04 -1.6289E-03
  5.5589E-04 -9.9642E-03 -2.9229E-04 -1.6419E-03
  5.6034E-04 -1.0029E-02 -2.9463E-04 -1.6551E-03
  5.6483E-04 -1.0094E-02 -2.9699E-04 -1.6684E-03
  5.6935E-04 -1.0159E-02 -2.9937E-04 -1.6817E-03
  5.7390E-04 -1.0225E-02 -3.0176E-04 -1.6952E-03
  5.7849E-04 -1.0291E-02 -3.0417E-04 -1.7087E-03
  5.8310E-04 -1.0357E-02 -3.0660E-04 -1.7223E-03
  5.8775E-04 -1.0424E-02 -3.0904E-04 -1.7361E-03
  5.9242E-04 -1.0491E-02 -3.1150E-04 -1.7499E-03
  5.9713E-04 -1.0558E-02 -3.1398E-04 -1.7638E-03
  6.0187E-04 -1.0626E-02 -3.1647E-04 -1.7778E-03
  6.0665E-04 -1.0694E-02 -3.1898E-04 -1.7919E-03
  6.1145E-04 -1.0762E-02 -3.2151E-04 -1.8061E-03
  6.1629E-04 -1.0830E-02 -3.2405E-04 -1.8204E-03
  6.2116E-04 -1.0899E-02 -3.2661E-04 -1.8348E-03
  6.2607E-04 -1.0968E-02 -3.2919E-04 -1.8492E-03
  6.3101E-04 -1.1038E-02 -3.3179E-04 -1.8638E-03
  6.3598E-04 -1.1108E-02 -3.3440E-04 -1.8785E-03
  6.4099E-04 -1.1178E-02 -3.3704E-04 -1.8933E-03
  6.4603E-04 -1.1249E-02 -3.3969E-04 -1.9082E-03
  6.5110E-04 -1.1320E-02 -3.4236E-04 -1.9232E-03
  6.5621E-04 -1.1391E-02 -3.4504E-04 -1.9383E-03
  6.6136E-04 -1.1462E-02 -3.4775E-04 -1.9535E-03
  6.6654E-04 -1.1534E-02 -3.5047E-04 -1.9688E-03
  6.7175E-04 -1.1607E-02 -3.5321E-04 -1.9842E-03
  6.7700E-04 -1.1679E-02 -3.5597E-04 -1.9997E-03
  6.8229E-04 -1.1752E-02 -3.5875E-04 -2.0153E-03
  6.8762E-04 -1.1825E-02 -3.6155E-04 -2.0310E-03
  6.9298E-04 -1.1899E-02 -3.6437E-04 -2.0469E-03
  6.9837E-04 -1.1973E-02 -3.6721E-04 -2.0628E-03
  7.0381E-04 -1.2047E-02 -3.7007E-04 -2.0789E-03
  7.0928E-04 -1.2122E-02 -3.7294E-04 -2.0950E-03
  7.1478E-04 -1.2197E-02 -3.7584E-04 -2.1113E-03
  7.2033E-04 -1.2273E-02 -3.7876E-04 -2.1277E-03
  7.2591E-04 -1.2348E-02 -3.8169E-04 -2.1442E-03
  7.3153E-04 -1.2424E-02 -3.8465E-04 -2.1608E-03
  7.3720E-04 -1.2501E-02 -3.8762E-04 -2.1775E-03
  7.4289E-04 -1.2578E-02 -3.9062E-04 -2.1943E-03
  7.4863E-04 -1.2655E-02 -3.9364E-04 -2.2113E-03
  7.5441E-04 -1.2732E-02 -3.9667E-04 -2.2283E-03
  7.6023E-04 -1.2810E-02 -3.9973E-04 -2.2455E-03
  7.6608E-04 -1.2888E-02 -4.0281E-04 -2.2628E-03
  7.7198E-04 -1.2967E-02 -4.0591E-04 -2.2802E-03
  7.7792E-04 -1.3046E-02 -4.0903E-04 -2.2978E-03
  7.8389E-04 -1.3125E-02 -4.1218E-04 -2.3154E-03
  7.8991E-04 -1.3205E-02 -4.1534E-04 -2.3332E-03
  7.9597E-04 -1.3285E-02 -4.1853E-04 -2.3511E-03
  8.0207E-04 -1.3366E-02 -4.2174E-04 -2.3691E-03
  8.0822E-04 -1.3446E-02 -4.2497E-04 -2.3873E-03
  8.1440E-04 -1.3528E-02 -4.2822E-04 -2.4055E-03
  8.2063E-04 -1.3609E-02 -4.3149E-04 -2.4239E-03
  8.2690E-04 -1.3691E-02 -4.3479E-04 -2.4424E-03
  8.3321E-04 -1.3773E-02 -4.3811E-04 -2.4611E-03
  8.3956E-04 -1.3856E-02 -4.4145E-04 -2.4799E-03
  8.4596E-04 -1.3939E-02 -4.4481E-04 -2.4988E-03
  8.5241E-04 -1.4023E-02 -4.4820E-04 -2.5178E-03
  8.5889E-04 -1.4106E-02 -4.5161E-04 -2.5370E-03
  8.6543E-04 -1.4190E-02 -4.5505E-04 -2.5563E-03
  8.7200E-04 -1.4275E-02 -4.5851E-04 -2.5757E-03
  8.7862E-04 -1.4360E-02 -4.6199E-04 -2.5952E-03
  8.8529E-04 -1.4445E-02 -4.6549E-04 -2.6149E-03
  8.9200E-04 -1.4531E-02 -4.6902E-04 -2.6347E-03
  8.9876E-04 -1.4617E-02 -4.7257E-04 -2.6547E-03
  9.0556E-04 -1.4704E-02 -4.7615E-04 -2.6748E-03
  9.1241E-04 -1.4790E-02 -4.7975E-04 -2.6950E-03
  9.1931E-04 -1.4878E-02 -4.8338E-04 -2.7154E-03
  9.2626E-04 -1.4965E-02 -4.8703E-04 -2.7359E-03
  9.3325E-04 -1.5053E-02 -4.9071E-04 -2.7566E-03
  9.4029E-04 -1.5142E-02 -4.9441E-04 -2.7774E-03
  9.4738E-04 -1.5231E-02 -4.9814E-04 -2.7983E-03
  9.5451E-04 -1.5320E-02 -5.0189E-04 -2.8194E-03
  9.6170E-04 -1.5409E-02 -5.0567E-04 -2.8406E-03
  9.6893E-04 -1.5499E-02 -5.0947E-04 -2.8620E-03
  9.7622E-04 -1.5590E-02 -5.1330E-04 -2.8835E-03
  9.8355E-04 -1.5680E-02 -5.1716E-04 -2.9052E-03
  9.9093E-04 -1.5772E-02 -5.2104E-04 -2.9270E-03
  9.9837E-04 -1.5863E-02 -5.2495E-04 -2.9489E-03
  1.0059E-03 -1.5955E-02 -5.2889E-04 -2.9710E-03
  1.0134E-03 -1.6047E-02 -5.3285E-04 -2.9933E-03
  1.0210E-03 -1.6140E-02 -5.3684E-04 -3.0157E-03
  1.0286E-03 -1.6233E-02 -5.4086E-04 -3.0383E-03
  1.0363E-03 -1.6327E-02 -5.4490E-04 -3.0610E-03
  1.0441E-03 -1.6421E-02 -5.4897E-04 -3.0839E-03
  1.0519E-03 -1.6515E-02 -5.5307E-04 -3.1069E-03
  1.0597E-03 -1.6610E-02 -5.5720E-04 -3.1301E-03
  1.0676E-03 -1.6705E-02 -5.6136E-04 -3.1535E-03
  1.0756E-03 -1.6801E-02 -5.6554E-04 -3.1770E-03
  1.0836E-03 -1.6897E-02 -5.6976E-04 -3.2006E-03
  1.0916E-03 -1.6993E-02 -5.7400E-04 -3.2245E-03
  1.0998E-03 -1.7090E-02 -5.7827E-04 -3.2485E-03
  1.1080E-03 -1.7187E-02 -5.8257E-04 -3.2726E-03
  1.1162E-03 -1.7284E-02 -5.8690E-04 -3.2969E-03
  1.1245E-03 -1.7382E-02 -5.9126E-04 -3.3214E-03
  1.1328E-03 -1.7481E-02 -5.9565E-04 -3.3461E-03
  1.1412E-03 -1.7580E-02 -6.0007E-04 -3.3709E-03
  1.1497E-03 -1.7679E-02 -6.0452E-04 -3.3959E-03
  1.1582E-03 -1.7779E-02 -6.0900E-04 -3.4211E-03
  1.1668E-03 -1.7879E-02 -6.1351E-04 -3.4464E-03
  1.1754E-03 -1.7979E-02 -6.1805E-04 -3.4719E-03
  1.1841E-03 -1.8080E-02 -6.2262E-04 -3.4976E-03
  1.1929E-03 -1.8181E-02 -6.2723E-04 -3.5235E-03
  1.2017E-03 -1.8283E-02 -6.3186E-04 -3.5495E-03
  1.2106E-03 -1.8385E-02 -6.3653E-04 -3.5757E-03
  1.2195E-03 -1.8487E-02 -6.4123E-04 -3.6021E-03
  1.2285E-03 -1.8590E-02 -6.4596E-04 -3.6287E-03
  1.2376E-03 -1.8694E-02 -6.5072E-04 -3.6555E-03
  1.2467E-03 -1.8797E-02 -6.5552E-04 -3.6824E-03
  1.2559E-03 -1.8902E-02 -6.6035E-04 -3.7095E-03
  1.2651E-03 -1.9006E-02 -6.6521E-04 -3.7368E-03
  1.2744E-03 -1.9111E-02 -6.7011E-04 -3.7643E-03
  1.2838E-03 -1.9217E-02 -6.7503E-04 -3.7920E-03
  1.2932E-03 -1.9322E-02 -6.8000E-04 -3.8199E-03
  1.3027E-03 -1.9429E-02 -6.8499E-04 -3.8480E-03
  1.3123E-03 -1.9535E-02 -6.9002E-04 -3.8762E-03
  1.3219E-03 -1.9642E-02 -6.9509E-04 -3.9047E-03
  1.3316E-03 -1.9750E-02 -7.0019E-04 -3.9333E-03
  1.3414E-03 -1.9858E-02 -7.0532E-04 -3.9622E-03
  1.3512E-03 -1.9966E-02 -7.1049E-04 -3.9912E-03
  1.3611E-03 -2.0075E-02 -7.1570E-04 -4.0205E-03
  1.3711E-03 -2.0184E-02 -7.2094E-04 -4.0499E-03
  1.3811E-03 -2.0293E-02 -7.2621E-04 -4.0795E-03
  1.3912E-03 -2.0403E-02 -7.3153E-04 -4.1094E-03
  1.4014E-03 -2.0514E-02 -7.3688E-04 -4.1394E-03
  1.4117E-03 -2.0625E-02 -7.4226E-04 -4.1697E-03
  1.4220E-03 -2.0736E-02 -7.4768E-04 -4.2001E-03
  1.4324E-03 -2.0847E-02 -7.5314E-04 -4.2308E-03
  1.4428E-03 -2.0959E-02 -7.5864E-04 -4.2617E-03
  1.4533E-03 -2.1072E-02 -7.6417E-04 -4.2928E-03
  1.4639E-03 -2.1185E-02 -7.6974E-04 -4.3241E-03
  1.4746E-03 -2.1298E-02 -7.7536E-04 -4.3556E-03
  1.4853E-03 -2.1412E-02 -7.8100E-04 -4.3873E-03
  1.4962E-03 -2.1526E-02 -7.8669E-04 -4.4193E-03
  1.5070E-03 -2.1640E-02 -7.9242E-04 -4.4514E-03
  1.5180E-03 -2.1755E-02 -7.9818E-04 -4.4838E-03
  1.5291E-03 -2.1871E-02 -8.0399E-04 -4.5164E-03
  1.5402E-03 -2.1986E-02 -8.0983E-04 -4.5493E-03
  1.5514E-03 -2.2103E-02 -8.1572E-04 -4.5823E-03
  1.5626E-03 -2.2219E-02 -8.2164E-04 -4.6156E-03
  1.5740E-03 -2.2336E-02 -8.2761E-04 -4.6491E-03
  1.5854E-03 -2.2454E-02 -8.3361E-04 -4.6829E-03
  1.5969E-03 -2.2571E-02 -8.3966E-04 -4.7168E-03
  1.6085E-03 -2.2690E-02 -8.4575E-04 -4.7510E-03
  1.6201E-03 -2.2808E-02 -8.5188E-04 -4.7855E-03
  1.6319E-03 -2.2927E-02 -8.5805E-04 -4.8201E-03
  1.6437E-03 -2.3047E-02 -8.6426E-04 -4.8550E-03
  1.6556E-03 -2.3166E-02 -8.7052E-04 -4.8902E-03
  1.6676E-03 -2.3287E-02 -8.7682E-04 -4.9256E-03
  1.6796E-03 -2.3407E-02 -8.8316E-04 -4.9612E-03
  1.6918E-03 -2.3528E-02 -8.8955E-04 -4.9971E-03
  1.7040E-03 -2.3650E-02 -8.9598E-04 -5.0332E-03
  1.7163E-03 -2.3772E-02 -9.0245E-04 -5.0696E-03
  1.7287E-03 -2.3894E-02 -9.0897E-04 -5.1062E-03
  1.7412E-03 -2.4016E-02 -9.1553E-04 -5.1430E-03
  1.7538E-03 -2.4139E-02 -9.2214E-04 -5.1802E-03
  1.7664E-03 -2.4263E-02 -9.2879E-04 -5.2175E-03
  1.7791E-03 -2.4387E-02 -9.3549E-04 -5.2552E-03
  1.7920E-03 -2.4511E-02 -9.4223E-04 -5.2930E-03
  1.8049E-03 -2.4635E-02 -9.4902E-04 -5.3312E-03
  1.8179E-03 -2.4760E-02 -9.5586E-04 -5.3696E-03
  1.8310E-03 -2.4886E-02 -9.6274E-04 -5.4082E-03
  1.8442E-03 -2.5011E-02 -9.6967E-04 -5.4472E-03
  1.8574E-03 -2.5138E-02 -9.7665E-04 -5.4864E-03
  1.8708E-03 -2.5264E-02 -9.8368E-04 -5.5258E-03
  1.8842E-03 -2.5391E-02 -9.9075E-04 -5.5656E-03
  1.8978E-03 -2.5518E-02 -9.9787E-04 -5.6056E-03
  1.9114E-03 -2.5646E-02 -1.0050E-03 -5.6459E-03
  1.9252E-03 -2.5774E-02 -1.0123E-03 -5.6864E-03
  1.9390E-03 -2.5902E-02 -1.0195E-03 -5.7273E-03
  1.9529E-03 -2.6031E-02 -1.0268E-03 -5.7684E-03
  1.9669E-03 -2.6160E-02 -1.0342E-03 -5.8098E-03
  1.9810E-03 -2.6290E-02 -1.0416E-03 -5.8514E-03
  1.9952E-03 -2.6419E-02 -1.0491E-03 -5.8934E-03
  2.0095E-03 -2.6550E-02 -1.0566E-03 -5.9357E-03
  2.0239E-03 -2.6680E-02 -1.0642E-03 -5.9782E-03
  2.0384E-03 -2.6811E-02 -1.0718E-03 -6.0210E-03
  2.0530E-03 -2.6942E-02 -1.0795E-03 -6.0641E-03
  2.0677E-03 -2.7074E-02 -1.0872E-03 -6.1076E-03
  2.0825E-03 -2.7206E-02 -1.0950E-03 -6.1513E-03
  2.0974E-03 -2.7338E-02 -1.1028E-03 -6.1953E-03
  2.1124E-03 -2.7471E-02 -1.1107E-03 -6.2396E-03
  2.1275E-03 -2.7604E-02 -1.1187E-03 -6.2842E-03
  2.1428E-03 -2.7737E-02 -1.1267E-03 -6.3291E-03
  2.1581E-03 -2.7871E-02 -1.1347E-03 -6.3744E-03
  2.1735E-03 -2.8005E-02 -1.1428E-03 -6.4199E-03
  2.1890E-03 -2.8139E-02 -1.1510E-03 -6.4658E-03
  2.2046E-03 -2.8274E-02 -1.1592E-03 -6.5119E-03
  2.2204E-03 -2.8409E-02 -1.1675E-03 -6.5584E-03
  2.2362E-03 -2.8544E-02 -1.1758E-03 -6.6052E-03
  2.2522E-03 -2.8680E-02 -1.1842E-03 -6.6523E-03
  2.2682E-03 -2.8816E-02 -1.1926E-03 -6.6998E-03
  2.2844E-03 -2.8952E-02 -1.2012E-03 -6.7475E-03
  2.3007E-03 -2.9088E-02 -1.2097E-03 -6.7956E-03
  2.3171E-03 -2.9225E-02 -1.2183E-03 -6.8440E-03
  2.3336E-03 -2.9362E-02 -1.2270E-03 -6.8928E-03
  2.3502E-03 -2.9500E-02 -1.2357E-03 -6.9419E-03
  2.3669E-03 -2.9638E-02 -1.2445E-03 -6.9913E-03
  2.3838E-03 -2.9776E-02 -1.2534E-03 -7.0410E-03
  2.4007E-03 -2.9914E-02 -1.2623E-03 -7.0911E-03
  2.4178E-03 -3.0052E-02 -1.2713E-03 -7.1416E-03
  2.4350E-03 -3.0191E-02 -1.2803E-03 -7.1924E-03
  2.4523E-03 -3.0330E-02 -1.2894E-03 -7.2435E-03
  2.4697E-03 -3.0470E-02 -1.2986E-03 -7.2950E-03
  2.4873E-03 -3.0609E-02 -1.3078E-03 -7.3468E-03
  2.5050E-03 -3.0749E-02 -1.3171E-03 -7.3990E-03
  2.5228E-03 -3.0889E-02 -1.3265E-03 -7.4516E-03
  2.5407E-03 -3.1030E-02 -1.3359E-03 -7.5045E-03
  2.5587E-03 -3.1170E-02 -1.3454E-03 -7.5577E-03
  2.5769E-03 -3.1311E-02 -1.3549E-03 -7.6114E-03
  2.5951E-03 -3.1452E-02 -1.3645E-03 -7.6654E-03
  2.6136E-03 -3.1594E-02 -1.3742E-03 -7.7197E-03
  2.6321E-03 -3.1735E-02 -1.3840E-03 -7.7745E-03
  2.6507E-03 -3.1877E-02 -1.3938E-03 -7.8296E-03
  2.6695E-03 -3.2019E-02 -1.4037E-03 -7.8851E-03
  2.6884E-03 -3.2161E-02 -1.4136E-03 -7.9410E-03
  2.7075E-03 -3.2303E-02 -1.4236E-03 -7.9972E-03
  2.7267E-03 -3.2446E-02 -1.4337E-03 -8.0539E-03
  2.7460E-03 -3.2589E-02 -1.4438E-03 -8.1109E-03
  2.7654E-03 -3.2732E-02 -1.4541E-03 -8.1683E-03
  2.7850E-03 -3.2875E-02 -1.4644E-03 -8.2261E-03
  2.8047E-03 -3.3018E-02 -1.4747E-03 -8.2843E-03
  2.8245E-03 -3.3162E-02 -1.4852E-03 -8.3429E-03
  2.8445E-03 -3.3305E-02 -1.4957E-03 -8.4019E-03
  2.8646E-03 -3.3449E-02 -1.5062E-03 -8.4613E-03
  2.8849E-03 -3.3593E-02 -1.5169E-03 -8.5211E-03
  2.9053E-03 -3.3737E-02 -1.5276E-03 -8.5814E-03
  2.9258E-03 -3.3881E-02 -1.5384E-03 -8.6420E-03
  2.9465E-03 -3.4025E-02 -1.5493E-03 -8.7030E-03
  2.9673E-03 -3.4170E-02 -1.5602E-03 -8.7645E-03
  2.9882E-03 -3.4314E-02 -1.5712E-03 -8.8264E-03
  3.0093E-03 -3.4459E-02 -1.5823E-03 -8.8887E-03
  3.0306E-03 -3.4604E-02 -1.5935E-03 -8.9514E-03
  3.0519E-03 -3.4749E-02 -1.6047E-03 -9.0146E-03
  3.0735E-03 -3.4894E-02 -1.6160E-03 -9.0782E-03
  3.0951E-03 -3.5038E-02 -1.6274E-03 -9.1422E-03
  3.1170E-03 -3.5184E-02 -1.6389E-03 -9.2067E-03
  3.1390E-03 -3.5329E-02 -1.6505E-03 -9.2716E-03
  3.1611E-03 -3.5474E-02 -1.6621E-03 -9.3370E-03
  3.1834E-03 -3.5619E-02 -1.6738E-03 -9.4028E-03
  3.2058E-03 -3.5764E-02 -1.6856E-03 -9.4690E-03
  3.2284E-03 -3.5909E-02 -1.6975E-03 -9.5357E-03
  3.2511E-03 -3.6055E-02 -1.7094E-03 -9.6029E-03
  3.2740E-03 -3.6200E-02 -1.7215E-03 -9.6705E-03
  3.2971E-03 -3.6345E-02 -1.7336E-03 -9.7386E-03
  3.3203E-03 -3.6491E-02 -1.7458E-03 -9.8071E-03
  3.3436E-03 -3.6636E-02 -1.7581E-03 -9.8762E-03
  3.3672E-03 -3.6781E-02 -1.7705E-03 -9.9456E-03
  3.3908E-03 -3.6926E-02 -1.7829E-03 -1.0016E-02
  3.4147E-03 -3.7071E-02 -1.7955E-03 -1.0086E-02
  3.4387E-03 -3.7216E-02 -1.8081E-03 -1.0157E-02
  3.4629E-03 -3.7362E-02 -1.8208E-03 -1.0228E-02
  3.4872E-03 -3.7506E-02 -1.8336E-03 -1.0300E-02
  3.5117E-03 -3.7651E-02 -1.8465E-03 -1.0373E-02
  3.5364E-03 -3.7796E-02 -1.8595E-03 -1.0446E-02
  3.5613E-03 -3.7941E-02 -1.8725E-03 -1.0519E-02
  3.5863E-03 -3.8085E-02 -1.8857E-03 -1.0593E-02
  3.6115E-03 -3.8230E-02 -1.8989E-03 -1.0667E-02
  3.6368E-03 -3.8374E-02 -1.9122E-03 -1.0742E-02
  3.6623E-03 -3.8518E-02 -1.9257E-03 -1.0818E-02
  3.6881E-03 -3.8662E-02 -1.9392E-03 -1.0893E-02
  3.7139E-03 -3.8806E-02 -1.9528E-03 -1.0970E-02
  3.7400E-03 -3.8949E-02 -1.9665E-03 -1.1047E-02
  3.7662E-03 -3.9093E-02 -1.9803E-03 -1.1124E-02
  3.7926E-03 -3.9236E-02 -1.9942E-03 -1.1202E-02
  3.8192E-03 -3.9379E-02 -2.0082E-03 -1.1281E-02
  3.8460E-03 -3.9522E-02 -2.0222E-03 -1.1360E-02
  3.8730E-03 -3.9664E-02 -2.0364E-03 -1.1440E-02
  3.9001E-03 -3.9807E-02 -2.0507E-03 -1.1520E-02
  3.9275E-03 -3.9949E-02 -2.0651E-03 -1.1601E-02
  3.9550E-03 -4.0090E-02 -2.0795E-03 -1.1682E-02
  3.9827E-03 -4.0232E-02 -2.0941E-03 -1.1764E-02
  4.0106E-03 -4.0373E-02 -2.1088E-03 -1.1846E-02
  4.0387E-03 -4.0514E-02 -2.1235E-03 -1.1929E-02
  4.0670E-03 -4.0654E-02 -2.1384E-03 -1.2013E-02
  4.0954E-03 -4.0794E-02 -2.1534E-03 -1.2097E-02
  4.1241E-03 -4.0934E-02 -2.1685E-03 -1.2181E-02
  4.1530E-03 -4.1074E-02 -2.1836E-03 -1.2267E-02
  4.1820E-03 -4.1213E-02 -2.1989E-03 -1.2353E-02
  4.2113E-03 -4.1351E-02 -2.2143E-03 -1.2439E-02
  4.2408E-03 -4.1490E-02 -2.2298E-03 -1.2526E-02
  4.2704E-03 -4.1627E-02 -2.2454E-03 -1.2614E-02
  4.3003E-03 -4.1765E-02 -2.2611E-03 -1.2702E-02
  4.3304E-03 -4.1902E-02 -2.2769E-03 -1.2791E-02
  4.3606E-03 -4.2038E-02 -2.2928E-03 -1.2880E-02
  4.3911E-03 -4.2174E-02 -2.3088E-03 -1.2970E-02
  4.4218E-03 -4.2309E-02 -2.3250E-03 -1.3061E-02
  4.4527E-03 -4.2444E-02 -2.3412E-03 -1.3152E-02
  4.4838E-03 -4.2579E-02 -2.3576E-03 -1.3244E-02
  4.5151E-03 -4.2712E-02 -2.3741E-03 -1.3336E-02
  4.5467E-03 -4.2846E-02 -2.3906E-03 -1.3430E-02
  4.5784E-03 -4.2978E-02 -2.4073E-03 -1.3523E-02
  4.6104E-03 -4.3110E-02 -2.4242E-03 -1.3618E-02
  4.6426E-03 -4.3242E-02 -2.4411E-03 -1.3713E-02
  4.6750E-03 -4.3373E-02 -2.4581E-03 -1.3809E-02
  4.7076E-03 -4.3503E-02 -2.4753E-03 -1.3905E-02
  4.7405E-03 -4.3632E-02 -2.4926E-03 -1.4002E-02
  4.7736E-03 -4.3761E-02 -2.5099E-03 -1.4100E-02
  4.8069E-03 -4.3889E-02 -2.5275E-03 -1.4198E-02
  4.8404E-03 -4.4017E-02 -2.5451E-03 -1.4297E-02
  4.8742E-03 -4.4143E-02 -2.5628E-03 -1.4397E-02
  4.9082E-03 -4.4269E-02 -2.5807E-03 -1.4497E-02
  4.9424E-03 -4.4394E-02 -2.5987E-03 -1.4598E-02
  4.9769E-03 -4.4518E-02 -2.6168E-03 -1.4700E-02
  5.0116E-03 -4.4642E-02 -2.6351E-03 -1.4803E-02
  5.0465E-03 -4.4765E-02 -2.6534E-03 -1.4906E-02
  5.0817E-03 -4.4886E-02 -2.6719E-03 -1.5010E-02
  5.1171E-03 -4.5007E-02 -2.6906E-03 -1.5114E-02
  5.1528E-03 -4.5127E-02 -2.7093E-03 -1.5220E-02
  5.1887E-03 -4.5247E-02 -2.7282E-03 -1.5326E-02
  5.2248E-03 -4.5365E-02 -2.7472E-03 -1.5432E-02
  5.2612E-03 -4.5482E-02 -2.7663E-03 -1.5540E-02
  5.2978E-03 -4.5598E-02 -2.7856E-03 -1.5648E-02
  5.3347E-03 -4.5714E-02 -2.8050E-03 -1.5757E-02
  5.3719E-03 -4.5828E-02 -2.8245E-03 -1.5867E-02
  5.4093E-03 -4.5941E-02 -2.8442E-03 -1.5977E-02
  5.4469E-03 -4.6053E-02 -2.8640E-03 -1.6088E-02
  5.4848E-03 -4.6164E-02 -2.8839E-03 -1.6200E-02
  5.5230E-03 -4.6274E-02 -2.9040E-03 -1.6313E-02
  5.5614E-03 -4.6383E-02 -2.9242E-03 -1.6427E-02
  5.6001E-03 -4.6491E-02 -2.9445E-03 -1.6541E-02
  5.6391E-03 -4.6597E-02 -2.9650E-03 -1.6656E-02
  5.6783E-03 -4.6703E-02 -2.9856E-03 -1.6772E-02
  5.7178E-03 -4.6807E-02 -3.0064E-03 -1.6889E-02
  5.7576E-03 -4.6910E-02 -3.0273E-03 -1.7006E-02
  5.7976E-03 -4.7012E-02 -3.0484E-03 -1.7124E-02
  5.8379E-03 -4.7112E-02 -3.0696E-03 -1.7243E-02
  5.8785E-03 -4.7211E-02 -3.0909E-03 -1.7363E-02
  5.9194E-03 -4.7309E-02 -3.1124E-03 -1.7484E-02
  5.9605E-03 -4.7405E-02 -3.1340E-03 -1.7605E-02
  6.0020E-03 -4.7500E-02 -3.1558E-03 -1.7728E-02
  6.0437E-03 -4.7594E-02 -3.1777E-03 -1.7851E-02
  6.0857E-03 -4.7686E-02 -3.1998E-03 -1.7975E-02
  6.1279E-03 -4.7777E-02 -3.2220E-03 -1.8100E-02
  6.1705E-03 -4.7866E-02 -3.2444E-03 -1.8226E-02
  6.2134E-03 -4.7954E-02 -3.2669E-03 -1.8352E-02
  6.2565E-03 -4.8040E-02 -3.2896E-03 -1.8480E-02
  6.3000E-03 -4.8124E-02 -3.3125E-03 -1.8608E-02
  6.3437E-03 -4.8207E-02 -3.3355E-03 -1.8737E-02
  6.3878E-03 -4.8289E-02 -3.3586E-03 -1.8867E-02
  6.4321E-03 -4.8369E-02 -3.3820E-03 -1.8998E-02
  6.4768E-03 -4.8447E-02 -3.4054E-03 -1.9130E-02
  6.5217E-03 -4.8523E-02 -3.4291E-03 -1.9263E-02
  6.5670E-03 -4.8598E-02 -3.4529E-03 -1.9397E-02
  6.6126E-03 -4.8671E-02 -3.4768E-03 -1.9531E-02
  6.6585E-03 -4.8742E-02 -3.5010E-03 -1.9667E-02
  6.7047E-03 -4.8812E-02 -3.5252E-03 -1.9803E-02
  6.7512E-03 -4.8879E-02 -3.5497E-03 -1.9941E-02
  6.7980E-03 -4.8945E-02 -3.5743E-03 -2.0079E-02
  6.8452E-03 -4.9009E-02 -3.5991E-03 -2.0218E-02
  6.8926E-03 -4.9071E-02 -3.6241E-03 -2.0358E-02
  6.9404E-03 -4.9131E-02 -3.6492E-03 -2.0499E-02
  6.9886E-03 -4.9189E-02 -3.6745E-03 -2.0642E-02
  7.0370E-03 -4.9245E-02 -3.7000E-03 -2.0785E-02
  7.0858E-03 -4.9299E-02 -3.7256E-03 -2.0929E-02
  7.1349E-03 -4.9350E-02 -3.7515E-03 -2.1074E-02
  7.1844E-03 -4.9400E-02 -3.7775E-03 -2.1220E-02
  7.2342E-03 -4.9448E-02 -3.8036E-03 -2.1367E-02
  7.2843E-03 -4.9493E-02 -3.8300E-03 -2.1515E-02
  7.3348E-03 -4.9537E-02 -3.8565E-03 -2.1664E-02
  7.3856E-03 -4.9578E-02 -3.8833E-03 -2.1814E-02
  7.4368E-03 -4.9617E-02 -3.9102E-03 -2.1965E-02
  7.4883E-03 -4.9653E-02 -3.9373E-03 -2.2118E-02
  7.5402E-03 -4.9688E-02 -3.9645E-03 -2.2271E-02
  7.5924E-03 -4.9720E-02 -3.9920E-03 -2.2425E-02
  7.6450E-03 -4.9749E-02 -4.0196E-03 -2.2580E-02
  7.6980E-03 -4.9776E-02 -4.0475E-03 -2.2737E-02
  7.7513E-03 -4.9801E-02 -4.0755E-03 -2.2894E-02
  7.8050E-03 -4.9823E-02 -4.1037E-03 -2.3053E-02
  7.8590E-03 -4.9843E-02 -4.1321E-03 -2.3212E-02
  7.9134E-03 -4.9860E-02 -4.1607E-03 -2.3373E-02
  7.9682E-03 -4.9875E-02 -4.1895E-03 -2.3535E-02
  8.0234E-03 -4.9887E-02 -4.2185E-03 -2.3698E-02
  8.0789E-03 -4.9896E-02 -4.2477E-03 -2.3862E-02
  8.1348E-03 -4.9903E-02 -4.2771E-03 -2.4027E-02
  8.1911E-03 -4.9907E-02 -4.3067E-03 -2.4193E-02
  8.2478E-03 -4.9908E-02 -4.3365E-03 -2.4360E-02
  8.3049E-03 -4.9907E-02 -4.3665E-03 -2.4529E-02
  8.3623E-03 -4.9902E-02 -4.3967E-03 -2.4699E-02
  8.4202E-03 -4.9895E-02 -4.4271E-03 -2.4870E-02
  8.4784E-03 -4.9885E-02 -4.4578E-03 -2.5042E-02
  8.5371E-03 -4.9872E-02 -4.4886E-03 -2.5215E-02
  8.5961E-03 -4.9856E-02 -4.5196E-03 -2.5389E-02
  8.6556E-03 -4.9837E-02 -4.5509E-03 -2.5565E-02
  8.7154E-03 -4.9815E-02 -4.5824E-03 -2.5742E-02
  8.7757E-03 -4.9790E-02 -4.6140E-03 -2.5919E-02
  8.8364E-03 -4.9762E-02 -4.6459E-03 -2.6099E-02
  8.8975E-03 -4.9731E-02 -4.6781E-03 -2.6279E-02
  8.9590E-03 -4.9697E-02 -4.7104E-03 -2.6461E-02
  9.0209E-03 -4.9659E-02 -4.7430E-03 -2.6644E-02
  9.0833E-03 -4.9618E-02 -4.7757E-03 -2.6828E-02
  9.1461E-03 -4.9574E-02 -4.8088E-03 -2.7013E-02
  9.2093E-03 -4.9527E-02 -4.8420E-03 -2.7200E-02
  9.2729E-03 -4.9476E-02 -4.8754E-03 -2.7388E-02
  9.3370E-03 -4.9422E-02 -4.9091E-03 -2.7577E-02
  9.4015E-03 -4.9365E-02 -4.9430E-03 -2.7768E-02
  9.4665E-03 -4.9304E-02 -4.9772E-03 -2.7959E-02
  9.5319E-03 -4.9239E-02 -5.0116E-03 -2.8153E-02
  9.5977E-03 -4.9171E-02 -5.0462E-03 -2.8347E-02
  9.6640E-03 -4.9100E-02 -5.0811E-03 -2.8543E-02
  9.7308E-03 -4.9025E-02 -5.1161E-03 -2.8740E-02
  9.7980E-03 -4.8946E-02 -5.1515E-03 -2.8939E-02
  9.8657E-03 -4.8864E-02 -5.1871E-03 -2.9138E-02
  9.9338E-03 -4.8777E-02 -5.2229E-03 -2.9340E-02
  1.0002E-02 -4.8688E-02 -5.2589E-03 -2.9542E-02
  1.0072E-02 -4.8594E-02 -5.2952E-03 -2.9746E-02
  1.0141E-02 -4.8496E-02 -5.3318E-03 -2.9951E-02
  1.0211E-02 -4.8395E-02 -5.3686E-03 -3.0158E-02
  1.0282E-02 -4.8290E-02 -5.4057E-03 -3.0366E-02
  1.0353E-02 -4.8181E-02 -5.4430E-03 -3.0576E-02
  1.0424E-02 -4.8067E-02 -5.4806E-03 -3.0787E-02
  1.0496E-02 -4.7950E-02 -5.5184E-03 -3.1000E-02
  1.0568E-02 -4.7829E-02 -5.5565E-03 -3.1213E-02
  1.0641E-02 -4.7704E-02 -5.5948E-03 -3.1429E-02
  1.0715E-02 -4.7574E-02 -5.6334E-03 -3.1646E-02
  1.0789E-02 -4.7441E-02 -5.6723E-03 -3.1864E-02
  1.0863E-02 -4.7303E-02 -5.7114E-03 -3.2084E-02
  1.0938E-02 -4.7161E-02 -5.7508E-03 -3.2305E-02
  1.1014E-02 -4.7014E-02 -5.7905E-03 -3.2528E-02
  1.1090E-02 -4.6864E-02 -5.8304E-03 -3.2752E-02
  1.1166E-02 -4.6709E-02 -5.8707E-03 -3.2978E-02
  1.1243E-02 -4.6549E-02 -5.9111E-03 -3.3206E-02
  1.1321E-02 -4.6386E-02 -5.9519E-03 -3.3435E-02
  1.1399E-02 -4.6217E-02 -5.9930E-03 -3.3665E-02
  1.1477E-02 -4.6045E-02 -6.0343E-03 -3.3898E-02
  1.1557E-02 -4.5867E-02 -6.0759E-03 -3.4131E-02
  1.1636E-02 -4.5686E-02 -6.1178E-03 -3.4367E-02
  1.1717E-02 -4.5499E-02 -6.1600E-03 -3.4604E-02
  1.1797E-02 -4.5308E-02 -6.2024E-03 -3.4842E-02
  1.1879E-02 -4.5112E-02 -6.2452E-03 -3.5082E-02
  1.1961E-02 -4.4912E-02 -6.2882E-03 -3.5324E-02
  1.2043E-02 -4.4707E-02 -6.3316E-03 -3.5568E-02
  1.2126E-02 -4.4497E-02 -6.3752E-03 -3.5813E-02
  1.2210E-02 -4.4282E-02 -6.4192E-03 -3.6060E-02
  1.2294E-02 -4.4062E-02 -6.4634E-03 -3.6308E-02
  1.2379E-02 -4.3838E-02 -6.5080E-03 -3.6558E-02
  1.2464E-02 -4.3608E-02 -6.5528E-03 -3.6810E-02
  1.2550E-02 -4.3374E-02 -6.5980E-03 -3.7064E-02
  1.2636E-02 -4.3135E-02 -6.6434E-03 -3.7319E-02
  1.2723E-02 -4.2890E-02 -6.6892E-03 -3.7576E-02
  1.2811E-02 -4.2641E-02 -6.7353E-03 -3.7835E-02
  1.2899E-02 -4.2386E-02 -6.7817E-03 -3.8096E-02
  1.2988E-02 -4.2127E-02 -6.8284E-03 -3.8358E-02
  1.3078E-02 -4.1862E-02 -6.8754E-03 -3.8623E-02
  1.3168E-02 -4.1592E-02 -6.9228E-03 -3.8889E-02
  1.3259E-02 -4.1317E-02 -6.9705E-03 -3.9157E-02
  1.3350E-02 -4.1036E-02 -7.0185E-03 -3.9426E-02
  1.3442E-02 -4.0750E-02 -7.0668E-03 -3.9698E-02
  1.3534E-02 -4.0459E-02 -7.1155E-03 -3.9971E-02
  1.3628E-02 -4.0163E-02 -7.1645E-03 -4.0246E-02
  1.3722E-02 -3.9861E-02 -7.2138E-03 -4.0524E-02
  1.3816E-02 -3.9554E-02 -7.2635E-03 -4.0803E-02
  1.3911E-02 -3.9242E-02 -7.3135E-03 -4.1083E-02
  1.4007E-02 -3.8924E-02 -7.3639E-03 -4.1366E-02
  1.4104E-02 -3.8600E-02 -7.4146E-03 -4.1651E-02
  1.4201E-02 -3.8271E-02 -7.4656E-03 -4.1938E-02
  1.4298E-02 -3.7937E-02 -7.5170E-03 -4.2226E-02
  1.4397E-02 -3.7597E-02 -7.5687E-03 -4.2517E-02
  1.4496E-02 -3.7251E-02 -7.6208E-03 -4.2810E-02
  1.4596E-02 -3.6900E-02 -7.6733E-03 -4.3104E-02
  1.4696E-02 -3.6543E-02 -7.7261E-03 -4.3401E-02
  1.4797E-02 -3.6180E-02 -7.7793E-03 -4.3700E-02
  1.4899E-02 -3.5812E-02 -7.8328E-03 -4.4000E-02
  1.5002E-02 -3.5438E-02 -7.8867E-03 -4.4303E-02
  1.5105E-02 -3.5059E-02 -7.9410E-03 -4.4608E-02
  1.5209E-02 -3.4673E-02 -7.9956E-03 -4.4915E-02
  1.5314E-02 -3.4282E-02 -8.0506E-03 -4.5224E-02
  1.5419E-02 -3.3885E-02 -8.1060E-03 -4.5535E-02
  1.5525E-02 -3.3483E-02 -8.1618E-03 -4.5848E-02
  1.5632E-02 -3.3074E-02 -8.2179E-03 -4.6164E-02
  1.5740E-02 -3.2660E-02 -8.2745E-03 -4.6481E-02
  1.5848E-02 -3.2240E-02 -8.3314E-03 -4.6801E-02
  1.5957E-02 -3.1814E-02 -8.3887E-03 -4.7123E-02
  1.6067E-02 -3.1382E-02 -8.4464E-03 -4.7447E-02
  1.6178E-02 -3.0944E-02 -8.5045E-03 -4.7773E-02
  1.6289E-02 -3.0501E-02 -8.5630E-03 -4.8102E-02
  1.6401E-02 -3.0051E-02 -8.6219E-03 -4.8433E-02
  1.6514E-02 -2.9596E-02 -8.6811E-03 -4.8766E-02
  1.6627E-02 -2.9134E-02 -8.7408E-03 -4.9101E-02
  1.6742E-02 -2.8667E-02 -8.8009E-03 -4.9439E-02
  1.6857E-02 -2.8194E-02 -8.8615E-03 -4.9779E-02
  1.6973E-02 -2.7714E-02 -8.9224E-03 -5.0121E-02
  1.7090E-02 -2.7229E-02 -8.9837E-03 -5.0466E-02
  1.7207E-02 -2.6738E-02 -9.0455E-03 -5.0813E-02
  1.7325E-02 -2.6241E-02 -9.1077E-03 -5.1162E-02
  1.7445E-02 -2.5738E-02 -9.1703E-03 -5.1514E-02
  1.7565E-02 -2.5229E-02 -9.2333E-03 -5.1868E-02
  1.7685E-02 -2.4714E-02 -9.2968E-03 -5.2224E-02
  1.7807E-02 -2.4193E-02 -9.3607E-03 -5.2583E-02
  1.7930E-02 -2.3666E-02 -9.4250E-03 -5.2944E-02
  1.8053E-02 -2.3133E-02 -9.4898E-03 -5.3308E-02
  1.8177E-02 -2.2595E-02 -9.5550E-03 -5.3675E-02
  1.8302E-02 -2.2050E-02 -9.6207E-03 -5.4044E-02
  1.8428E-02 -2.1499E-02 -9.6868E-03 -5.4415E-02
  1.8554E-02 -2.0943E-02 -9.7534E-03 -5.4789E-02
  1.8682E-02 -2.0380E-02 -9.8204E-03 -5.5165E-02
  1.8810E-02 -1.9812E-02 -9.8879E-03 -5.5544E-02
  1.8940E-02 -1.9238E-02 -9.9558E-03 -5.5926E-02
  1.9070E-02 -1.8658E-02 -1.0024E-02 -5.6310E-02
  1.9201E-02 -1.8072E-02 -1.0093E-02 -5.6697E-02
  1.9333E-02 -1.7480E-02 -1.0162E-02 -5.7086E-02
  1.9466E-02 -1.6883E-02 -1.0232E-02 -5.7479E-02
  1.9600E-02 -1.6279E-02 -1.0303E-02 -5.7873E-02
  1.9734E-02 -1.5670E-02 -1.0373E-02 -5.8271E-02
  1.9870E-02 -1.5055E-02 -1.0445E-02 -5.8671E-02
  2.0007E-02 -1.4435E-02 -1.0516E-02 -5.9074E-02
  2.0144E-02 -1.3809E-02 -1.0589E-02 -5.9480E-02
  2.0283E-02 -1.3177E-02 -1.0661E-02 -5.9888E-02
  2.0422E-02 -1.2539E-02 -1.0734E-02 -6.0300E-02
  2.0562E-02 -1.1896E-02 -1.0808E-02 -6.0714E-02
  2.0704E-02 -1.1247E-02 -1.0882E-02 -6.1131E-02
  2.0846E-02 -1.0593E-02 -1.0957E-02 -6.1550E-02
  2.0989E-02 -9.9337E-03 -1.1032E-02 -6.1973E-02
  2.1133E-02 -9.2686E-03 -1.1108E-02 -6.2398E-02
  2.1279E-02 -8.5982E-03 -1.1184E-02 -6.2827E-02
  2.1425E-02 -7.9224E-03 -1.1261E-02 -6.3258E-02
  2.1572E-02 -7.2414E-03 -1.1338E-02 -6.3692E-02
  2.1720E-02 -6.5551E-03 -1.1416E-02 -6.4130E-02
  2.1869E-02 -5.8635E-03 -1.1495E-02 -6.4570E-02
  2.2020E-02 -5.1669E-03 -1.1574E-02 -6.5013E-02
  2.2171E-02 -4.4651E-03 -1.1653E-02 -6.5459E-02
  2.2323E-02 -3.7584E-03 -1.1733E-02 -6.5908E-02
  2.2477E-02 -3.0466E-03 -1.1814E-02 -6.6361E-02
  2.2631E-02 -2.3300E-03 -1.1895E-02 -6.6816E-02
  2.2786E-02 -1.6085E-03 -1.1976E-02 -6.7275E-02
  2.2943E-02 -8.8217E-04 -1.2058E-02 -6.7736E-02
  2.3100E-02 -1.5117E-04 -1.2141E-02 -6.8201E-02
  2.3259E-02  5.8447E-04 -1.2225E-02 -6.8669E-02
  2.3419E-02  1.3247E-03 -1.2308E-02 -6.9140E-02
  2.3580E-02  2.0694E-03 -1.2393E-02 -6.9615E-02
  2.3742E-02  2.8185E-03 -1.2478E-02 -7.0092E-02
  2.3905E-02  3.5720E-03 -1.2563E-02 -7.0573E-02
  2.4069E-02  4.3297E-03 -1.2650E-02 -7.1057E-02
  2.4234E-02  5.0916E-03 -1.2736E-02 -7.1545E-02
  2.4401E-02  5.8576E-03 -1.2824E-02 -7.2036E-02
  2.4568E-02  6.6276E-03 -1.2912E-02 -7.2530E-02
  2.4737E-02  7.4015E-03 -1.3000E-02 -7.3027E-02
  2.4907E-02  8.1792E-03 -1.3090E-02 -7.3528E-02
  2.5078E-02  8.9606E-03 -1.3179E-02 -7.4033E-02
  2.5250E-02  9.7457E-03 -1.3270E-02 -7.4540E-02
  2.5423E-02  1.0534E-02 -1.3361E-02 -7.5051E-02
  2.5598E-02  1.1326E-02 -1.3452E-02 -7.5566E-02
  2.5774E-02  1.2122E-02 -1.3545E-02 -7.6084E-02
  2.5950E-02  1.2920E-02 -1.3638E-02 -7.6606E-02
  2.6129E-02  1.3722E-02 -1.3731E-02 -7.7131E-02
  2.6308E-02  1.4526E-02 -1.3825E-02 -7.7660E-02
  2.6489E-02  1.5333E-02 -1.3920E-02 -7.8193E-02
  2.6670E-02  1.6144E-02 -1.4015E-02 -7.8729E-02
  2.6853E-02  1.6956E-02 -1.4112E-02 -7.9269E-02
  2.7038E-02  1.7771E-02 -1.4208E-02 -7.9812E-02
  2.7223E-02  1.8589E-02 -1.4306E-02 -8.0359E-02
  2.7410E-02  1.9409E-02 -1.4404E-02 -8.0910E-02
  2.7598E-02  2.0231E-02 -1.4503E-02 -8.1465E-02
  2.7788E-02  2.1055E-02 -1.4602E-02 -8.2023E-02
  2.7979E-02  2.1880E-02 -1.4702E-02 -8.2585E-02
  2.8171E-02  2.2707E-02 -1.4803E-02 -8.3151E-02
  2.8364E-02  2.3536E-02 -1.4904E-02 -8.3721E-02
  2.8559E-02  2.4367E-02 -1.5006E-02 -8.4295E-02
  2.8755E-02  2.5198E-02 -1.5109E-02 -8.4873E-02
  2.8952E-02  2.6031E-02 -1.5213E-02 -8.5454E-02
  2.9151E-02  2.6864E-02 -1.5317E-02 -8.6040E-02
  2.9351E-02  2.7698E-02 -1.5422E-02 -8.6629E-02
  2.9552E-02  2.8533E-02 -1.5528E-02 -8.7223E-02
  2.9755E-02  2.9368E-02 -1.5634E-02 -8.7820E-02
  2.9959E-02  3.0204E-02 -1.5741E-02 -8.8422E-02
  3.0165E-02  3.1039E-02 -1.5849E-02 -8.9028E-02
  3.0372E-02  3.1875E-02 -1.5958E-02 -8.9638E-02
  3.0580E-02  3.2710E-02 -1.6067E-02 -9.0252E-02
  3.0790E-02  3.3545E-02 -1.6177E-02 -9.0870E-02
  3.1001E-02  3.4379E-02 -1.6288E-02 -9.1492E-02
  3.1214E-02  3.5213E-02 -1.6400E-02 -9.2119E-02
  3.1428E-02  3.6045E-02 -1.6512E-02 -9.2750E-02
  3.1643E-02  3.6877E-02 -1.6625E-02 -9.3385E-02
  3.1861E-02  3.7706E-02 -1.6739E-02 -9.4025E-02
  3.2079E-02  3.8535E-02 -1.6853E-02 -9.4669E-02
  3.2299E-02  3.9361E-02 -1.6969E-02 -9.5317E-02
  3.2521E-02  4.0186E-02 -1.7085E-02 -9.5970E-02
  3.2744E-02  4.1008E-02 -1.7202E-02 -9.6627E-02
  3.2969E-02  4.1828E-02 -1.7320E-02 -9.7288E-02
  3.3195E-02  4.2646E-02 -1.7438E-02 -9.7954E-02
  3.3422E-02  4.3460E-02 -1.7558E-02 -9.8625E-02
  3.3652E-02  4.4272E-02 -1.7678E-02 -9.9300E-02
  3.3882E-02  4.5080E-02 -1.7799E-02 -9.9980E-02
  3.4115E-02  4.5885E-02 -1.7921E-02 -1.0066E-01
  3.4349E-02  4.6686E-02 -1.8044E-02 -1.0135E-01
  3.4584E-02  4.7484E-02 -1.8167E-02 -1.0205E-01
  3.4822E-02  4.8277E-02 -1.8292E-02 -1.0275E-01
  3.5061E-02  4.9065E-02 -1.8417E-02 -1.0345E-01
  3.5301E-02  4.9849E-02 -1.8543E-02 -1.0416E-01
  3.5543E-02  5.0629E-02 -1.8670E-02 -1.0487E-01
  3.5787E-02  5.1403E-02 -1.8798E-02 -1.0559E-01
  3.6032E-02  5.2172E-02 -1.8926E-02 -1.0631E-01
  3.6279E-02  5.2935E-02 -1.9056E-02 -1.0704E-01
  3.6528E-02  5.3692E-02 -1.9186E-02 -1.0777E-01
  3.6779E-02  5.4444E-02 -1.9317E-02 -1.0851E-01
  3.7031E-02  5.5189E-02 -1.9450E-02 -1.0925E-01
  3.7285E-02  5.5927E-02 -1.9583E-02 -1.1000E-01
  3.7541E-02  5.6659E-02 -1.9717E-02 -1.1075E-01
  3.7798E-02  5.7383E-02 -1.9852E-02 -1.1151E-01
  3.8057E-02  5.8100E-02 -1.9987E-02 -1.1227E-01
  3.8318E-02  5.8809E-02 -2.0124E-02 -1.1304E-01
  3.8581E-02  5.9511E-02 -2.0262E-02 -1.1381E-01
  3.8845E-02  6.0204E-02 -2.0400E-02 -1.1459E-01
  3.9112E-02  6.0889E-02 -2.0540E-02 -1.1537E-01
  3.9380E-02  6.1566E-02 -2.0680E-02 -1.1616E-01
  3.9650E-02  6.2233E-02 -2.0822E-02 -1.1696E-01
  3.9922E-02  6.2891E-02 -2.0964E-02 -1.1775E-01
  4.0196E-02  6.3539E-02 -2.1108E-02 -1.1856E-01
  4.0471E-02  6.4178E-02 -2.1252E-02 -1.1937E-01
  4.0749E-02  6.4806E-02 -2.1397E-02 -1.2019E-01
  4.1028E-02  6.5425E-02 -2.1543E-02 -1.2101E-01
  4.1309E-02  6.6032E-02 -2.1691E-02 -1.2184E-01
  4.1592E-02  6.6629E-02 -2.1839E-02 -1.2267E-01
  4.1878E-02  6.7214E-02 -2.1988E-02 -1.2351E-01
  4.2165E-02  6.7788E-02 -2.2139E-02 -1.2435E-01
  4.2454E-02  6.8350E-02 -2.2290E-02 -1.2520E-01
  4.2745E-02  6.8900E-02 -2.2442E-02 -1.2606E-01
  4.3038E-02  6.9438E-02 -2.2596E-02 -1.2692E-01
  4.3333E-02  6.9963E-02 -2.2750E-02 -1.2778E-01
  4.3630E-02  7.0474E-02 -2.2906E-02 -1.2866E-01
  4.3929E-02  7.0973E-02 -2.3062E-02 -1.2954E-01
  4.4230E-02  7.1458E-02 -2.3220E-02 -1.3042E-01
  4.4533E-02  7.1930E-02 -2.3378E-02 -1.3131E-01
  4.4839E-02  7.2387E-02 -2.3538E-02 -1.3221E-01
  4.5146E-02  7.2830E-02 -2.3699E-02 -1.3311E-01
  4.5455E-02  7.3258E-02 -2.3861E-02 -1.3402E-01
  4.5767E-02  7.3671E-02 -2.4024E-02 -1.3494E-01
  4.6081E-02  7.4069E-02 -2.4188E-02 -1.3586E-01
  4.6396E-02  7.4451E-02 -2.4353E-02 -1.3679E-01
  4.6714E-02  7.4818E-02 -2.4519E-02 -1.3772E-01
  4.7035E-02  7.5168E-02 -2.4687E-02 -1.3866E-01
  4.7357E-02  7.5502E-02 -2.4856E-02 -1.3961E-01
  4.7682E-02  7.5819E-02 -2.5025E-02 -1.4056E-01
  4.8008E-02  7.6119E-02 -2.5196E-02 -1.4152E-01
  4.8337E-02  7.6401E-02 -2.5368E-02 -1.4248E-01
  4.8669E-02  7.6666E-02 -2.5541E-02 -1.4346E-01
  4.9002E-02  7.6914E-02 -2.5716E-02 -1.4444E-01
  4.9338E-02  7.7143E-02 -2.5891E-02 -1.4542E-01
  4.9676E-02  7.7353E-02 -2.6068E-02 -1.4641E-01
  5.0017E-02  7.7545E-02 -2.6246E-02 -1.4741E-01
  5.0359E-02  7.7718E-02 -2.6425E-02 -1.4842E-01
  5.0704E-02  7.7872E-02 -2.6605E-02 -1.4943E-01
  5.1052E-02  7.8006E-02 -2.6787E-02 -1.5045E-01
  5.1402E-02  7.8120E-02 -2.6970E-02 -1.5148E-01
  5.1754E-02  7.8214E-02 -2.7154E-02 -1.5251E-01
  5.2109E-02  7.8288E-02 -2.7339E-02 -1.5355E-01
  5.2466E-02  7.8341E-02 -2.7526E-02 -1.5460E-01
  5.2825E-02  7.8374E-02 -2.7713E-02 -1.5565E-01
  5.3187E-02  7.8385E-02 -2.7902E-02 -1.5671E-01
  5.3552E-02  7.8375E-02 -2.8093E-02 -1.5778E-01
  5.3919E-02  7.8343E-02 -2.8284E-02 -1.5886E-01
  5.4288E-02  7.8290E-02 -2.8477E-02 -1.5994E-01
  5.4660E-02  7.8214E-02 -2.8671E-02 -1.6103E-01
  5.5034E-02  7.8116E-02 -2.8867E-02 -1.6213E-01
  5.5412E-02  7.7995E-02 -2.9064E-02 -1.6323E-01
  5.5791E-02  7.7852E-02 -2.9262E-02 -1.6434E-01
  5.6173E-02  7.7686E-02 -2.9461E-02 -1.6546E-01
  5.6558E-02  7.7496E-02 -2.9662E-02 -1.6659E-01
  5.6946E-02  7.7283E-02 -2.9864E-02 -1.6773E-01
  5.7336E-02  7.7047E-02 -3.0068E-02 -1.6887E-01
  5.7729E-02  7.6786E-02 -3.0273E-02 -1.7002E-01
  5.8124E-02  7.6502E-02 -3.0479E-02 -1.7118E-01
  5.8523E-02  7.6193E-02 -3.0686E-02 -1.7234E-01
  5.8924E-02  7.5860E-02 -3.0896E-02 -1.7352E-01
  5.9327E-02  7.5502E-02 -3.1106E-02 -1.7470E-01
  5.9734E-02  7.5120E-02 -3.1318E-02 -1.7589E-01
  6.0143E-02  7.4713E-02 -3.1531E-02 -1.7708E-01
  6.0555E-02  7.4280E-02 -3.1746E-02 -1.7829E-01
  6.0970E-02  7.3823E-02 -3.1962E-02 -1.7950E-01
  6.1387E-02  7.3340E-02 -3.2180E-02 -1.8072E-01
  6.1808E-02  7.2832E-02 -3.2399E-02 -1.8195E-01
  6.2231E-02  7.2298E-02 -3.2619E-02 -1.8319E-01
  6.2658E-02  7.1738E-02 -3.2841E-02 -1.8444E-01
  6.3087E-02  7.1153E-02 -3.3065E-02 -1.8569E-01
  6.3519E-02  7.0541E-02 -3.3290E-02 -1.8696E-01
  6.3954E-02  6.9904E-02 -3.3517E-02 -1.8823E-01
  6.4392E-02  6.9241E-02 -3.3745E-02 -1.8951E-01
  6.4833E-02  6.8551E-02 -3.3974E-02 -1.9080E-01
  6.5277E-02  6.7835E-02 -3.4205E-02 -1.9209E-01
  6.5725E-02  6.7093E-02 -3.4438E-02 -1.9340E-01
  6.6175E-02  6.6325E-02 -3.4672E-02 -1.9471E-01
  6.6628E-02  6.5530E-02 -3.4908E-02 -1.9604E-01
  6.7084E-02  6.4709E-02 -3.5145E-02 -1.9737E-01
  6.7544E-02  6.3862E-02 -3.5384E-02 -1.9871E-01
  6.8007E-02  6.2988E-02 -3.5625E-02 -2.0006E-01
  6.8472E-02  6.2088E-02 -3.5867E-02 -2.0142E-01
  6.8941E-02  6.1162E-02 -3.6111E-02 -2.0279E-01
  6.9414E-02  6.0209E-02 -3.6356E-02 -2.0416E-01
  6.9889E-02  5.9230E-02 -3.6603E-02 -2.0555E-01
  7.0368E-02  5.8225E-02 -3.6852E-02 -2.0695E-01
  7.0850E-02  5.7194E-02 -3.7102E-02 -2.0835E-01
  7.1335E-02  5.6136E-02 -3.7354E-02 -2.0977E-01
  7.1824E-02  5.5053E-02 -3.7608E-02 -2.1119E-01
  7.2315E-02  5.3944E-02 -3.7863E-02 -2.1262E-01
  7.2811E-02  5.2809E-02 -3.8121E-02 -2.1407E-01
  7.3309E-02  5.1648E-02 -3.8379E-02 -2.1552E-01
  7.3812E-02  5.0462E-02 -3.8640E-02 -2.1698E-01
  7.4317E-02  4.9250E-02 -3.8902E-02 -2.1845E-01
  7.4826E-02  4.8014E-02 -3.9166E-02 -2.1993E-01
  7.5338E-02  4.6752E-02 -3.9432E-02 -2.2142E-01
  7.5854E-02  4.5466E-02 -3.9699E-02 -2.2292E-01
  7.6374E-02  4.4155E-02 -3.9969E-02 -2.2444E-01
  7.6897E-02  4.2820E-02 -4.0240E-02 -2.2596E-01
  7.7424E-02  4.1461E-02 -4.0513E-02 -2.2749E-01
  7.7954E-02  4.0078E-02 -4.0788E-02 -2.2903E-01
  7.8488E-02  3.8671E-02 -4.1064E-02 -2.3058E-01
  7.9025E-02  3.7241E-02 -4.1342E-02 -2.3214E-01
  7.9566E-02  3.5788E-02 -4.1623E-02 -2.3371E-01
  8.0111E-02  3.4312E-02 -4.1905E-02 -2.3530E-01
  8.0660E-02  3.2814E-02 -4.2189E-02 -2.3689E-01
  8.1212E-02  3.1294E-02 -4.2475E-02 -2.3849E-01
  8.1768E-02  2.9752E-02 -4.2762E-02 -2.4011E-01
  8.2328E-02  2.8189E-02 -4.3052E-02 -2.4173E-01
  8.2892E-02  2.6605E-02 -4.3343E-02 -2.4337E-01
  8.3460E-02  2.5000E-02 -4.3637E-02 -2.4501E-01
  8.4031E-02  2.3376E-02 -4.3932E-02 -2.4667E-01
  8.4607E-02  2.1731E-02 -4.4230E-02 -2.4834E-01
  8.5186E-02  2.0068E-02 -4.4529E-02 -2.5001E-01
  8.5769E-02  1.8385E-02 -4.4830E-02 -2.5170E-01
  8.6357E-02  1.6685E-02 -4.5134E-02 -2.5341E-01
  8.6948E-02  1.4966E-02 -4.5439E-02 -2.5512E-01
  8.7543E-02  1.3231E-02 -4.5746E-02 -2.5684E-01
  8.8143E-02  1.1478E-02 -4.6055E-02 -2.5858E-01
  8.8746E-02  9.7099E-03 -4.6367E-02 -2.6032E-01
  8.9354E-02  7.9257E-03 -4.6680E-02 -2.6208E-01
  8.9966E-02  6.1264E-03 -4.6996E-02 -2.6385E-01
  9.0582E-02  4.3126E-03 -4.7313E-02 -2.6563E-01
  9.1202E-02  2.4850E-03 -4.7633E-02 -2.6742E-01
  9.1826E-02  6.4406E-04 -4.7954E-02 -2.6922E-01
  9.2455E-02 -1.2095E-03 -4.8278E-02 -2.7104E-01
  9.3088E-02 -3.0750E-03 -4.8604E-02 -2.7287E-01
  9.3726E-02 -4.9517E-03 -4.8932E-02 -2.7470E-01
  9.4367E-02 -6.8392E-03 -4.9262E-02 -2.7656E-01
  9.5013E-02 -8.7365E-03 -4.9595E-02 -2.7842E-01
  9.5664E-02 -1.0643E-02 -4.9929E-02 -2.8029E-01
  9.6319E-02 -1.2558E-02 -5.0266E-02 -2.8218E-01
  9.6978E-02 -1.4481E-02 -5.0605E-02 -2.8408E-01
  9.7642E-02 -1.6411E-02 -5.0946E-02 -2.8599E-01
  9.8311E-02 -1.8347E-02 -5.1289E-02 -2.8792E-01
  9.8984E-02 -2.0288E-02 -5.1635E-02 -2.8986E-01
  9.9662E-02 -2.2234E-02 -5.1983E-02 -2.9180E-01
  1.0034E-01 -2.4184E-02 -5.2333E-02 -2.9377E-01
  1.0103E-01 -2.6137E-02 -5.2685E-02 -2.9574E-01
  1.0172E-01 -2.8092E-02 -5.3040E-02 -2.9773E-01
  1.0242E-01 -3.0048E-02 -5.3397E-02 -2.9973E-01
  1.0312E-01 -3.2005E-02 -5.3756E-02 -3.0174E-01
  1.0383E-01 -3.3961E-02 -5.4118E-02 -3.0377E-01
  1.0454E-01 -3.5916E-02 -5.4482E-02 -3.0581E-01
  1.0525E-01 -3.7868E-02 -5.4848E-02 -3.0786E-01
  1.0597E-01 -3.9818E-02 -5.5217E-02 -3.0993E-01
  1.0670E-01 -4.1763E-02 -5.5588E-02 -3.1200E-01
  1.0743E-01 -4.3703E-02 -5.5961E-02 -3.1410E-01
  1.0816E-01 -4.5638E-02 -5.6337E-02 -3.1620E-01
  1.0891E-01 -4.7565E-02 -5.6715E-02 -3.1832E-01
  1.0965E-01 -4.9484E-02 -5.7096E-02 -3.2045E-01
  1.1040E-01 -5.1395E-02 -5.7479E-02 -3.2260E-01
  1.1116E-01 -5.3296E-02 -5.7865E-02 -3.2476E-01
  1.1192E-01 -5.5185E-02 -5.8253E-02 -3.2693E-01
  1.1268E-01 -5.7063E-02 -5.8643E-02 -3.2912E-01
  1.1346E-01 -5.8928E-02 -5.9037E-02 -3.3132E-01
  1.1423E-01 -6.0779E-02 -5.9432E-02 -3.3354E-01
  1.1501E-01 -6.2615E-02 -5.9830E-02 -3.3577E-01
  1.1580E-01 -6.4435E-02 -6.0231E-02 -3.3801E-01
  1.1659E-01 -6.6238E-02 -6.0634E-02 -3.4027E-01
  1.1739E-01 -6.8023E-02 -6.1040E-02 -3.4254E-01
  1.1820E-01 -6.9788E-02 -6.1448E-02 -3.4482E-01
  1.1901E-01 -7.1534E-02 -6.1859E-02 -3.4712E-01
  1.1982E-01 -7.3258E-02 -6.2273E-02 -3.4944E-01
  1.2064E-01 -7.4959E-02 -6.2689E-02 -3.5177E-01
  1.2147E-01 -7.6638E-02 -6.3108E-02 -3.5411E-01
  1.2230E-01 -7.8291E-02 -6.3529E-02 -3.5647E-01
  1.2313E-01 -7.9920E-02 -6.3954E-02 -3.5885E-01
  1.2398E-01 -8.1521E-02 -6.4381E-02 -3.6123E-01
  1.2483E-01 -8.3095E-02 -6.4810E-02 -3.6364E-01
  1.2568E-01 -8.4640E-02 -6.5242E-02 -3.6606E-01
  1.2654E-01 -8.6155E-02 -6.5677E-02 -3.6849E-01
  1.2741E-01 -8.7639E-02 -6.6115E-02 -3.7094E-01
  1.2828E-01 -8.9092E-02 -6.6556E-02 -3.7340E-01
  1.2916E-01 -9.0511E-02 -6.6999E-02 -3.7588E-01
  1.3004E-01 -9.1896E-02 -6.7445E-02 -3.7838E-01
  1.3093E-01 -9.3245E-02 -6.7894E-02 -3.8089E-01
  1.3183E-01 -9.4559E-02 -6.8345E-02 -3.8341E-01
  1.3273E-01 -9.5835E-02 -6.8800E-02 -3.8595E-01
  1.3364E-01 -9.7073E-02 -6.9257E-02 -3.8851E-01
  1.3455E-01 -9.8271E-02 -6.9717E-02 -3.9108E-01
  1.3547E-01 -9.9429E-02 -7.0180E-02 -3.9367E-01
  1.3640E-01 -1.0055E-01 -7.0646E-02 -3.9627E-01
  1.3733E-01 -1.0162E-01 -7.1115E-02 -3.9889E-01
  1.3827E-01 -1.0265E-01 -7.1586E-02 -4.0153E-01
  1.3922E-01 -1.0364E-01 -7.2061E-02 -4.0418E-01
  1.4017E-01 -1.0458E-01 -7.2538E-02 -4.0685E-01
  1.4113E-01 -1.0547E-01 -7.3019E-02 -4.0953E-01
  1.4210E-01 -1.0632E-01 -7.3502E-02 -4.1223E-01
  1.4307E-01 -1.0712E-01 -7.3988E-02 -4.1495E-01
  1.4405E-01 -1.0787E-01 -7.4478E-02 -4.1768E-01
  1.4504E-01 -1.0857E-01 -7.4970E-02 -4.2043E-01
  1.4603E-01 -1.0922E-01 -7.5466E-02 -4.2320E-01
  1.4703E-01 -1.0981E-01 -7.5964E-02 -4.2598E-01
  1.4804E-01 -1.1036E-01 -7.6465E-02 -4.2878E-01
  1.4905E-01 -1.1085E-01 -7.6970E-02 -4.3160E-01
  1.5007E-01 -1.1128E-01 -7.7477E-02 -4.3443E-01
  1.5110E-01 -1.1167E-01 -7.7988E-02 -4.3728E-01
  1.5213E-01 -1.1199E-01 -7.8501E-02 -4.4015E-01
  1.5317E-01 -1.1226E-01 -7.9018E-02 -4.4303E-01
  1.5422E-01 -1.1247E-01 -7.9538E-02 -4.4593E-01
  1.5528E-01 -1.1263E-01 -8.0061E-02 -4.4885E-01
  1.5634E-01 -1.1272E-01 -8.0587E-02 -4.5178E-01
  1.5741E-01 -1.1276E-01 -8.1117E-02 -4.5474E-01
  1.5849E-01 -1.1273E-01 -8.1649E-02 -4.5771E-01
  1.5957E-01 -1.1265E-01 -8.2185E-02 -4.6069E-01
  1.6066E-01 -1.1251E-01 -8.2724E-02 -4.6370E-01
  1.6176E-01 -1.1230E-01 -8.3266E-02 -4.6672E-01
  1.6287E-01 -1.1203E-01 -8.3811E-02 -4.6976E-01
  1.6398E-01 -1.1170E-01 -8.4359E-02 -4.7281E-01
  1.6511E-01 -1.1130E-01 -8.4911E-02 -4.7589E-01
  1.6624E-01 -1.1085E-01 -8.5466E-02 -4.7898E-01
  1.6737E-01 -1.1033E-01 -8.6024E-02 -4.8209E-01
  1.6852E-01 -1.0974E-01 -8.6586E-02 -4.8521E-01
  1.6967E-01 -1.0909E-01 -8.7151E-02 -4.8836E-01
  1.7083E-01 -1.0838E-01 -8.7719E-02 -4.9152E-01
  1.7200E-01 -1.0760E-01 -8.8290E-02 -4.9470E-01
  1.7318E-01 -1.0675E-01 -8.8865E-02 -4.9790E-01
  1.7436E-01 -1.0585E-01 -8.9443E-02 -5.0112E-01
  1.7556E-01 -1.0487E-01 -9.0024E-02 -5.0435E-01
  1.7676E-01 -1.0383E-01 -9.0609E-02 -5.0760E-01
  1.7797E-01 -1.0273E-01 -9.1197E-02 -5.1087E-01
  1.7919E-01 -1.0156E-01 -9.1788E-02 -5.1416E-01
  1.8041E-01 -1.0032E-01 -9.2383E-02 -5.1747E-01
  1.8165E-01 -9.9022E-02 -9.2981E-02 -5.2079E-01
  1.8289E-01 -9.7657E-02 -9.3583E-02 -5.2413E-01
  1.8414E-01 -9.6227E-02 -9.4188E-02 -5.2749E-01
  1.8540E-01 -9.4732E-02 -9.4796E-02 -5.3087E-01
  1.8667E-01 -9.3173E-02 -9.5408E-02 -5.3427E-01
  1.8795E-01 -9.1550E-02 -9.6023E-02 -5.3769E-01
  1.8924E-01 -8.9863E-02 -9.6642E-02 -5.4112E-01
  1.9053E-01 -8.8113E-02 -9.7264E-02 -5.4457E-01
  1.9183E-01 -8.6301E-02 -9.7889E-02 -5.4804E-01
  1.9315E-01 -8.4425E-02 -9.8519E-02 -5.5153E-01
  1.9447E-01 -8.2488E-02 -9.9151E-02 -5.5504E-01
  1.9580E-01 -8.0490E-02 -9.9787E-02 -5.5856E-01
  1.9714E-01 -7.8431E-02 -1.0043E-01 -5.6211E-01
  1.9849E-01 -7.6313E-02 -1.0107E-01 -5.6567E-01
  1.9985E-01 -7.4135E-02 -1.0172E-01 -5.6925E-01
  2.0121E-01 -7.1898E-02 -1.0237E-01 -5.7285E-01
  2.0259E-01 -6.9604E-02 -1.0302E-01 -5.7647E-01
  2.0398E-01 -6.7253E-02 -1.0368E-01 -5.8010E-01
  2.0537E-01 -6.4847E-02 -1.0434E-01 -5.8376E-01
  2.0678E-01 -6.2385E-02 -1.0500E-01 -5.8743E-01
  2.0819E-01 -5.9870E-02 -1.0567E-01 -5.9112E-01
  2.0962E-01 -5.7301E-02 -1.0634E-01 -5.9483E-01
  2.1105E-01 -5.4681E-02 -1.0701E-01 -5.9855E-01
  2.1250E-01 -5.2010E-02 -1.0769E-01 -6.0230E-01
  2.1395E-01 -4.9290E-02 -1.0837E-01 -6.0606E-01
  2.1542E-01 -4.6521E-02 -1.0906E-01 -6.0984E-01
  2.1689E-01 -4.3706E-02 -1.0975E-01 -6.1364E-01
  2.1837E-01 -4.0845E-02 -1.1044E-01 -6.1746E-01
  2.1987E-01 -3.7940E-02 -1.1114E-01 -6.2130E-01
  2.2137E-01 -3.4992E-02 -1.1183E-01 -6.2515E-01
  2.2289E-01 -3.2002E-02 -1.1254E-01 -6.2902E-01
  2.2441E-01 -2.8973E-02 -1.1324E-01 -6.3291E-01
  2.2595E-01 -2.5905E-02 -1.1395E-01 -6.3682E-01
  2.2749E-01 -2.2801E-02 -1.1467E-01 -6.4074E-01
  2.2905E-01 -1.9661E-02 -1.1538E-01 -6.4469E-01
  2.3062E-01 -1.6488E-02 -1.1610E-01 -6.4865E-01
  2.3220E-01 -1.3283E-02 -1.1683E-01 -6.5262E-01
  2.3379E-01 -1.0048E-02 -1.1756E-01 -6.5662E-01
  2.3538E-01 -6.7848E-03 -1.1829E-01 -6.6063E-01
  2.3700E-01 -3.4952E-03 -1.1902E-01 -6.6466E-01
  2.3862E-01 -1.8110E-04 -1.1976E-01 -6.6871E-01
  2.4025E-01  3.1557E-03 -1.2050E-01 -6.7277E-01
  2.4189E-01  6.5132E-03 -1.2125E-01 -6.7685E-01
  2.4355E-01  9.8895E-03 -1.2199E-01 -6.8095E-01
  2.4522E-01  1.3282E-02 -1.2275E-01 -6.8506E-01
  2.4689E-01  1.6690E-02 -1.2350E-01 -6.8919E-01
  2.4858E-01  2.0111E-02 -1.2426E-01 -6.9334E-01
  2.5028E-01  2.3542E-02 -1.2502E-01 -6.9750E-01
  2.5200E-01  2.6981E-02 -1.2579E-01 -7.0168E-01
  2.5372E-01  3.0427E-02 -1.2656E-01 -7.0588E-01
  2.5546E-01  3.3877E-02 -1.2733E-01 -7.1009E-01
  2.5720E-01  3.7329E-02 -1.2811E-01 -7.1432E-01
  2.5896E-01  4.0781E-02 -1.2889E-01 -7.1856E-01
  2.6074E-01  4.4230E-02 -1.2967E-01 -7.2282E-01
  2.6252E-01  4.7674E-02 -1.3046E-01 -7.2709E-01
  2.6432E-01  5.1112E-02 -1.3125E-01 -7.3138E-01
  2.6613E-01  5.4540E-02 -1.3204E-01 -7.3568E-01
  2.6795E-01  5.7956E-02 -1.3283E-01 -7.3999E-01
  2.6978E-01  6.1359E-02 -1.3363E-01 -7.4432E-01
  2.7163E-01  6.4745E-02 -1.3444E-01 -7.4867E-01
  2.7348E-01  6.8113E-02 -1.3524E-01 -7.5303E-01
  2.7536E-01  7.1459E-02 -1.3605E-01 -7.5740E-01
  2.7724E-01  7.4782E-02 -1.3686E-01 -7.6178E-01
  2.7914E-01  7.8080E-02 -1.3768E-01 -7.6618E-01
  2.8105E-01  8.1349E-02 -1.3850E-01 -7.7059E-01
  2.8297E-01  8.4588E-02 -1.3932E-01 -7.7502E-01
  2.8490E-01  8.7794E-02 -1.4014E-01 -7.7945E-01
  2.8685E-01  9.0965E-02 -1.4097E-01 -7.8390E-01
  2.8882E-01  9.4098E-02 -1.4180E-01 -7.8836E-01
  2.9079E-01  9.7191E-02 -1.4263E-01 -7.9283E-01
  2.9278E-01  1.0024E-01 -1.4347E-01 -7.9731E-01
  2.9479E-01  1.0325E-01 -1.4431E-01 -8.0180E-01
  2.9680E-01  1.0621E-01 -1.4515E-01 -8.0630E-01
  2.9883E-01  1.0912E-01 -1.4600E-01 -8.1081E-01
  3.0088E-01  1.1198E-01 -1.4685E-01 -8.1533E-01
  3.0294E-01  1.1478E-01 -1.4770E-01 -8.1986E-01
  3.0501E-01  1.1753E-01 -1.4855E-01 -8.2439E-01
  3.0710E-01  1.2022E-01 -1.4941E-01 -8.2894E-01
  3.0920E-01  1.2284E-01 -1.5027E-01 -8.3349E-01
  3.1131E-01  1.2541E-01 -1.5113E-01 -8.3805E-01
  3.1344E-01  1.2791E-01 -1.5199E-01 -8.4262E-01
  3.1559E-01  1.3034E-01 -1.5286E-01 -8.4719E-01
  3.1775E-01  1.3271E-01 -1.5373E-01 -8.5177E-01
  3.1992E-01  1.3500E-01 -1.5460E-01 -8.5635E-01
  3.2211E-01  1.3722E-01 -1.5547E-01 -8.6094E-01
  3.2431E-01  1.3936E-01 -1.5635E-01 -8.6553E-01
  3.2653E-01  1.4142E-01 -1.5723E-01 -8.7013E-01
  3.2877E-01  1.4341E-01 -1.5811E-01 -8.7473E-01
  3.3102E-01  1.4531E-01 -1.5899E-01 -8.7933E-01
  3.3328E-01  1.4713E-01 -1.5988E-01 -8.8394E-01
  3.3556E-01  1.4886E-01 -1.6076E-01 -8.8854E-01
  3.3786E-01  1.5051E-01 -1.6165E-01 -8.9315E-01
  3.4017E-01  1.5206E-01 -1.6254E-01 -8.9775E-01
  3.4250E-01  1.5353E-01 -1.6343E-01 -9.0236E-01
  3.4484E-01  1.5490E-01 -1.6433E-01 -9.0696E-01
  3.4720E-01  1.5618E-01 -1.6522E-01 -9.1156E-01
  3.4957E-01  1.5737E-01 -1.6612E-01 -9.1616E-01
  3.5197E-01  1.5846E-01 -1.6702E-01 -9.2075E-01
  3.5437E-01  1.5945E-01 -1.6792E-01 -9.2534E-01
  3.5680E-01  1.6033E-01 -1.6882E-01 -9.2993E-01
  3.5924E-01  1.6112E-01 -1.6972E-01 -9.3451E-01
  3.6170E-01  1.6181E-01 -1.7063E-01 -9.3908E-01
  3.6417E-01  1.6239E-01 -1.7153E-01 -9.4364E-01
  3.6666E-01  1.6287E-01 -1.7244E-01 -9.4820E-01
  3.6917E-01  1.6324E-01 -1.7334E-01 -9.5275E-01
  3.7170E-01  1.6350E-01 -1.7425E-01 -9.5728E-01
  3.7424E-01  1.6366E-01 -1.7516E-01 -9.6181E-01
  3.7680E-01  1.6371E-01 -1.7607E-01 -9.6632E-01
  3.7938E-01  1.6365E-01 -1.7698E-01 -9.7082E-01
  3.8197E-01  1.6348E-01 -1.7789E-01 -9.7530E-01
  3.8459E-01  1.6320E-01 -1.7880E-01 -9.7977E-01
  3.8722E-01  1.6281E-01 -1.7971E-01 -9.8422E-01
  3.8987E-01  1.6230E-01 -1.8062E-01 -9.8866E-01
  3.9254E-01  1.6169E-01 -1.8153E-01 -9.9307E-01
  3.9522E-01  1.6096E-01 -1.8244E-01 -9.9747E-01
  3.9792E-01  1.6012E-01 -1.8335E-01 -1.0018E+00
  4.0065E-01  1.5916E-01 -1.8426E-01 -1.0062E+00
  4.0339E-01  1.5810E-01 -1.8517E-01 -1.0105E+00
  4.0615E-01  1.5692E-01 -1.8607E-01 -1.0148E+00
  4.0893E-01  1.5562E-01 -1.8698E-01 -1.0191E+00
  4.1172E-01  1.5422E-01 -1.8789E-01 -1.0234E+00
  4.1454E-01  1.5270E-01 -1.8879E-01 -1.0276E+00
  4.1738E-01  1.5107E-01 -1.8970E-01 -1.0318E+00
  4.2023E-01  1.4933E-01 -1.9060E-01 -1.0359E+00
  4.2311E-01  1.4748E-01 -1.9150E-01 -1.0401E+00
  4.2600E-01  1.4551E-01 -1.9240E-01 -1.0442E+00
  4.2892E-01  1.4344E-01 -1.9330E-01 -1.0482E+00
  4.3185E-01  1.4126E-01 -1.9419E-01 -1.0522E+00
  4.3481E-01  1.3896E-01 -1.9508E-01 -1.0562E+00
  4.3778E-01  1.3656E-01 -1.9598E-01 -1.0601E+00
  4.4077E-01  1.3406E-01 -1.9686E-01 -1.0640E+00
  4.4379E-01  1.3144E-01 -1.9775E-01 -1.0679E+00
  4.4683E-01  1.2873E-01 -1.9863E-01 -1.0717E+00
  4.4988E-01  1.2590E-01 -1.9951E-01 -1.0755E+00
  4.5296E-01  1.2298E-01 -2.0039E-01 -1.0792E+00
  4.5606E-01  1.1995E-01 -2.0126E-01 -1.0828E+00
  4.5918E-01  1.1683E-01 -2.0213E-01 -1.0864E+00
  4.6232E-01  1.1361E-01 -2.0299E-01 -1.0900E+00
  4.6548E-01  1.1028E-01 -2.0385E-01 -1.0935E+00
  4.6867E-01  1.0687E-01 -2.0471E-01 -1.0969E+00
  4.7188E-01  1.0336E-01 -2.0556E-01 -1.1003E+00
  4.7510E-01  9.9760E-02 -2.0641E-01 -1.1036E+00
  4.7835E-01  9.6069E-02 -2.0725E-01 -1.1068E+00
  4.8163E-01  9.2290E-02 -2.0809E-01 -1.1100E+00
  4.8492E-01  8.8425E-02 -2.0892E-01 -1.1131E+00
  4.8824E-01  8.4476E-02 -2.0975E-01 -1.1161E+00
  4.9158E-01  8.0445E-02 -2.1057E-01 -1.1191E+00
  4.9494E-01  7.6334E-02 -2.1138E-01 -1.1220E+00
  4.9833E-01  7.2145E-02 -2.1219E-01 -1.1248E+00
  5.0174E-01  6.7881E-02 -2.1299E-01 -1.1275E+00
  5.0517E-01  6.3544E-02 -2.1378E-01 -1.1301E+00
  5.0862E-01  5.9136E-02 -2.1457E-01 -1.1327E+00
  5.1210E-01  5.4660E-02 -2.1535E-01 -1.1352E+00
  5.1561E-01  5.0118E-02 -2.1612E-01 -1.1375E+00
  5.1914E-01  4.5512E-02 -2.1689E-01 -1.1398E+00
  5.2269E-01  4.0846E-02 -2.1764E-01 -1.1420E+00
  5.2626E-01  3.6122E-02 -2.1839E-01 -1.1441E+00
  5.2986E-01  3.1342E-02 -2.1913E-01 -1.1460E+00
  5.3349E-01  2.6509E-02 -2.1985E-01 -1.1479E+00
  5.3714E-01  2.1627E-02 -2.2057E-01 -1.1497E+00
  5.4081E-01  1.6697E-02 -2.2128E-01 -1.1513E+00
  5.4451E-01  1.1724E-02 -2.2198E-01 -1.1529E+00
  5.4824E-01  6.7083E-03 -2.2267E-01 -1.1543E+00
  5.5199E-01  1.6545E-03 -2.2335E-01 -1.1556E+00
  5.5576E-01 -3.4349E-03 -2.2401E-01 -1.1568E+00
  5.5957E-01 -8.5568E-03 -2.2467E-01 -1.1578E+00
  5.6339E-01 -1.3708E-02 -2.2531E-01 -1.1588E+00
  5.6725E-01 -1.8886E-02 -2.2594E-01 -1.1596E+00
  5.7113E-01 -2.4088E-02 -2.2656E-01 -1.1602E+00
  5.7503E-01 -2.9310E-02 -2.2717E-01 -1.1607E+00
  5.7897E-01 -3.4549E-02 -2.2776E-01 -1.1611E+00
  5.8293E-01 -3.9803E-02 -2.2833E-01 -1.1613E+00
  5.8692E-01 -4.5067E-02 -2.2890E-01 -1.1614E+00
  5.9093E-01 -5.0340E-02 -2.2945E-01 -1.1614E+00
  5.9497E-01 -5.5617E-02 -2.2998E-01 -1.1611E+00
  5.9905E-01 -6.0896E-02 -2.3050E-01 -1.1608E+00
  6.0314E-01 -6.6173E-02 -2.3100E-01 -1.1602E+00
  6.0727E-01 -7.1446E-02 -2.3149E-01 -1.1595E+00
  6.1142E-01 -7.6710E-02 -2.3196E-01 -1.1586E+00
  6.1561E-01 -8.1963E-02 -2.3241E-01 -1.1576E+00
  6.1982E-01 -8.7202E-02 -2.3285E-01 -1.1563E+00
  6.2406E-01 -9.2423E-02 -2.3327E-01 -1.1549E+00
  6.2833E-01 -9.7624E-02 -2.3366E-01 -1.1533E+00
  6.3262E-01 -1.0280E-01 -2.3404E-01 -1.1515E+00
  6.3695E-01 -1.0795E-01 -2.3440E-01 -1.1496E+00
  6.4131E-01 -1.1307E-01 -2.3475E-01 -1.1474E+00
  6.4570E-01 -1.1815E-01 -2.3507E-01 -1.1450E+00
  6.5011E-01 -1.2320E-01 -2.3536E-01 -1.1424E+00
  6.5456E-01 -1.2821E-01 -2.3564E-01 -1.1397E+00
  6.5904E-01 -1.3318E-01 -2.3590E-01 -1.1367E+00
  6.6355E-01 -1.3810E-01 -2.3613E-01 -1.1335E+00
  6.6809E-01 -1.4297E-01 -2.3634E-01 -1.1301E+00
  6.7266E-01 -1.4779E-01 -2.3653E-01 -1.1264E+00
  6.7726E-01 -1.5255E-01 -2.3669E-01 -1.1226E+00
  6.8189E-01 -1.5726E-01 -2.3683E-01 -1.1185E+00
  6.8656E-01 -1.6191E-01 -2.3694E-01 -1.1141E+00
  6.9125E-01 -1.6649E-01 -2.3703E-01 -1.1096E+00
  6.9598E-01 -1.7100E-01 -2.3709E-01 -1.1048E+00
  7.0074E-01 -1.7545E-01 -2.3713E-01 -1.0997E+00
  7.0554E-01 -1.7982E-01 -2.3713E-01 -1.0944E+00
  7.1036E-01 -1.8411E-01 -2.3711E-01 -1.0889E+00
  7.1522E-01 -1.8833E-01 -2.3706E-01 -1.0831E+00
  7.2011E-01 -1.9247E-01 -2.3698E-01 -1.0771E+00
  7.2504E-01 -1.9653E-01 -2.3687E-01 -1.0708E+00
  7.3000E-01 -2.0049E-01 -2.3673E-01 -1.0642E+00
  7.3499E-01 -2.0437E-01 -2.3656E-01 -1.0573E+00
  7.4002E-01 -2.0816E-01 -2.3636E-01 -1.0502E+00
  7.4508E-01 -2.1186E-01 -2.3613E-01 -1.0428E+00
  7.5018E-01 -2.1545E-01 -2.3586E-01 -1.0352E+00
  7.5531E-01 -2.1895E-01 -2.3556E-01 -1.0273E+00
  7.6048E-01 -2.2235E-01 -2.3522E-01 -1.0190E+00
  7.6568E-01 -2.2565E-01 -2.3485E-01 -1.0105E+00
  7.7092E-01 -2.2884E-01 -2.3444E-01 -1.0018E+00
  7.7619E-01 -2.3192E-01 -2.3400E-01 -9.9269E-01
  7.8150E-01 -2.3489E-01 -2.3352E-01 -9.8332E-01
  7.8685E-01 -2.3776E-01 -2.3300E-01 -9.7367E-01
  7.9223E-01 -2.4050E-01 -2.3244E-01 -9.6372E-01
  7.9765E-01 -2.4313E-01 -2.3185E-01 -9.5347E-01
  8.0311E-01 -2.4565E-01 -2.3121E-01 -9.4292E-01
  8.0860E-01 -2.4804E-01 -2.3053E-01 -9.3208E-01
  8.1413E-01 -2.5032E-01 -2.2981E-01 -9.2094E-01
  8.1970E-01 -2.5247E-01 -2.2905E-01 -9.0949E-01
  8.2531E-01 -2.5449E-01 -2.2825E-01 -8.9775E-01
  8.3096E-01 -2.5639E-01 -2.2740E-01 -8.8570E-01
  8.3664E-01 -2.5817E-01 -2.2651E-01 -8.7335E-01
  8.4236E-01 -2.5981E-01 -2.2558E-01 -8.6070E-01
  8.4813E-01 -2.6132E-01 -2.2459E-01 -8.4774E-01
  8.5393E-01 -2.6271E-01 -2.2356E-01 -8.3448E-01
  8.5977E-01 -2.6395E-01 -2.2249E-01 -8.2093E-01
  8.6565E-01 -2.6507E-01 -2.2136E-01 -8.0707E-01
  8.7157E-01 -2.6605E-01 -2.2019E-01 -7.9291E-01
  8.7753E-01 -2.6689E-01 -2.1897E-01 -7.7846E-01
  8.8354E-01 -2.6760E-01 -2.1769E-01 -7.6371E-01
  8.8958E-01 -2.6816E-01 -2.1637E-01 -7.4867E-01
  8.9567E-01 -2.6859E-01 -2.1499E-01 -7.3334E-01
  9.0179E-01 -2.6888E-01 -2.1356E-01 -7.1772E-01
  9.0796E-01 -2.6903E-01 -2.1208E-01 -7.0182E-01
  9.1417E-01 -2.6904E-01 -2.1054E-01 -6.8564E-01
  9.2043E-01 -2.6891E-01 -2.0895E-01 -6.6919E-01
  9.2672E-01 -2.6863E-01 -2.0730E-01 -6.5246E-01
  9.3306E-01 -2.6821E-01 -2.0560E-01 -6.3547E-01
  9.3944E-01 -2.6765E-01 -2.0384E-01 -6.1822E-01
  9.4587E-01 -2.6695E-01 -2.0201E-01 -6.0072E-01
  9.5234E-01 -2.6610E-01 -2.0014E-01 -5.8297E-01
  9.5885E-01 -2.6511E-01 -1.9820E-01 -5.6497E-01
  9.6541E-01 -2.6398E-01 -1.9620E-01 -5.4675E-01
  9.7202E-01 -2.6270E-01 -1.9414E-01 -5.2829E-01
  9.7867E-01 -2.6128E-01 -1.9201E-01 -5.0962E-01
  9.8536E-01 -2.5972E-01 -1.8983E-01 -4.9074E-01
  9.9210E-01 -2.5802E-01 -1.8758E-01 -4.7167E-01
  9.9889E-01 -2.5617E-01 -1.8527E-01 -4.5240E-01
  1.0057E+00 -2.5418E-01 -1.8289E-01 -4.3295E-01
  1.0126E+00 -2.5205E-01 -1.8045E-01 -4.1333E-01
  1.0195E+00 -2.4977E-01 -1.7794E-01 -3.9356E-01
  1.0265E+00 -2.4736E-01 -1.7536E-01 -3.7364E-01
  1.0335E+00 -2.4481E-01 -1.7272E-01 -3.5358E-01
  1.0406E+00 -2.4211E-01 -1.7000E-01 -3.3341E-01
  1.0477E+00 -2.3928E-01 -1.6722E-01 -3.1313E-01
  1.0549E+00 -2.3631E-01 -1.6437E-01 -2.9276E-01
  1.0621E+00 -2.3321E-01 -1.6145E-01 -2.7231E-01
  1.0694E+00 -2.2997E-01 -1.5846E-01 -2.5179E-01
  1.0767E+00 -2.2659E-01 -1.5540E-01 -2.3123E-01
  1.0840E+00 -2.2308E-01 -1.5226E-01 -2.1064E-01
  1.0915E+00 -2.1944E-01 -1.4905E-01 -1.9003E-01
  1.0989E+00 -2.1567E-01 -1.4577E-01 -1.6943E-01
  1.1064E+00 -2.1176E-01 -1.4242E-01 -1.4884E-01
  1.1140E+00 -2.0773E-01 -1.3899E-01 -1.2830E-01
  1.1216E+00 -2.0357E-01 -1.3549E-01 -1.0781E-01
  1.1293E+00 -1.9929E-01 -1.3191E-01 -8.7395E-02
  1.1370E+00 -1.9488E-01 -1.2826E-01 -6.7079E-02
  1.1448E+00 -1.9035E-01 -1.2453E-01 -4.6879E-02
  1.1526E+00 -1.8569E-01 -1.2072E-01 -2.6816E-02
  1.1605E+00 -1.8092E-01 -1.1684E-01 -6.9100E-03
  1.1685E+00 -1.7603E-01 -1.1288E-01  1.2817E-02
  1.1764E+00 -1.7103E-01 -1.0885E-01  3.2344E-02
  1.1845E+00 -1.6591E-01 -1.0474E-01  5.1649E-02
  1.1926E+00 -1.6068E-01 -1.0055E-01  7.0710E-02
  1.2008E+00 -1.5534E-01 -9.6279E-02  8.9504E-02
  1.2090E+00 -1.4989E-01 -9.1934E-02  1.0801E-01
  1.2172E+00 -1.4433E-01 -8.7511E-02  1.2620E-01
  1.2256E+00 -1.3867E-01 -8.3011E-02  1.4406E-01
  1.2339E+00 -1.3291E-01 -7.8432E-02  1.6156E-01
  1.2424E+00 -1.2705E-01 -7.3776E-02  1.7868E-01
  1.2509E+00 -1.2109E-01 -6.9042E-02  1.9539E-01
  1.2594E+00 -1.1504E-01 -6.4230E-02  2.1168E-01
  1.2681E+00 -1.0889E-01 -5.9341E-02  2.2752E-01
  1.2767E+00 -1.0265E-01 -5.4374E-02  2.4288E-01
  1.2855E+00 -9.6327E-02 -4.9331E-02  2.5775E-01
  1.2943E+00 -8.9915E-02 -4.4211E-02  2.7210E-01
  1.3031E+00 -8.3420E-02 -3.9015E-02  2.8592E-01
  1.3120E+00 -7.6843E-02 -3.3742E-02  2.9917E-01
  1.3210E+00 -7.0187E-02 -2.8395E-02  3.1184E-01
  1.3300E+00 -6.3455E-02 -2.2973E-02  3.2391E-01
  1.3391E+00 -5.6650E-02 -1.7476E-02  3.3536E-01
  1.3483E+00 -4.9774E-02 -1.1906E-02  3.4617E-01
  1.3575E+00 -4.2829E-02 -6.2632E-03  3.5632E-01
  1.3668E+00 -3.5818E-02 -5.4827E-04  3.6579E-01
  1.3762E+00 -2.8744E-02  5.2379E-03  3.7457E-01
  1.3856E+00 -2.1609E-02  1.1094E-02  3.8264E-01
  1.3950E+00 -1.4417E-02  1.7020E-02  3.9000E-01
  1.4046E+00 -7.1688E-03  2.3014E-02  3.9661E-01
  1.4142E+00  1.3175E-04  2.9075E-02  4.0248E-01
  1.4239E+00  7.4821E-03  3.5202E-02  4.0759E-01
  1.4336E+00  1.4880E-02  4.1394E-02  4.1194E-01
  1.4434E+00  2.2322E-02  4.7649E-02  4.1551E-01
  1.4533E+00  2.9805E-02  5.3966E-02  4.1831E-01
  1.4632E+00  3.7328E-02  6.0344E-02  4.2032E-01
  1.4732E+00  4.4886E-02  6.6781E-02  4.2154E-01
  1.4833E+00  5.2479E-02  7.3275E-02  4.2198E-01
  1.4935E+00  6.0101E-02  7.9825E-02  4.2163E-01
  1.5037E+00  6.7752E-02  8.6428E-02  4.2051E-01
  1.5140E+00  7.5428E-02  9.3084E-02  4.1860E-01
  1.5243E+00  8.3126E-02  9.9790E-02  4.1593E-01
  1.5347E+00  9.0843E-02  1.0654E-01  4.1250E-01
  1.5452E+00  9.8577E-02  1.1334E-01  4.0832E-01
  1.5558E+00  1.0633E-01  1.2019E-01  4.0342E-01
  1.5665E+00  1.1409E-01  1.2707E-01  3.9779E-01
  1.5772E+00  1.2185E-01  1.3400E-01  3.9147E-01
  1.5880E+00  1.2963E-01  1.4096E-01  3.8448E-01
  1.5988E+00  1.3740E-01  1.4796E-01  3.7683E-01
  1.6098E+00  1.4518E-01  1.5499E-01  3.6856E-01
  1.6208E+00  1.5296E-01  1.6204E-01  3.5970E-01
  1.6319E+00  1.6073E-01  1.6913E-01  3.5027E-01
  1.6430E+00  1.6849E-01  1.7624E-01  3.4030E-01
  1.6543E+00  1.7624E-01  1.8337E-01  3.2984E-01
  1.6656E+00  1.8398E-01  1.9052E-01  3.1893E-01
  1.6770E+00  1.9170E-01  1.9769E-01  3.0759E-01
  1.6884E+00  1.9941E-01  2.0486E-01  2.9588E-01
  1.7000E+00  2.0709E-01  2.1205E-01  2.8384E-01
  1.7116E+00  2.1475E-01  2.1924E-01  2.7151E-01
  1.7233E+00  2.2238E-01  2.2644E-01  2.5894E-01
  1.7351E+00  2.2999E-01  2.3364E-01  2.4618E-01
  1.7470E+00  2.3756E-01  2.4084E-01  2.3328E-01
  1.7589E+00  2.4511E-01  2.4802E-01  2.2029E-01
  1.7710E+00  2.5261E-01  2.5520E-01  2.0727E-01
  1.7831E+00  2.6008E-01  2.6237E-01  1.9426E-01
  1.7953E+00  2.6750E-01  2.6952E-01  1.8132E-01
  1.8075E+00  2.7489E-01  2.7665E-01  1.6850E-01
  1.8199E+00  2.8223E-01  2.8376E-01  1.5586E-01
  1.8324E+00  2.8952E-01  2.9085E-01  1.4345E-01
  1.8449E+00  2.9676E-01  2.9790E-01  1.3131E-01
  1.8575E+00  3.0395E-01  3.0492E-01  1.1950E-01
  1.8702E+00  3.1108E-01  3.1191E-01  1.0807E-01
  1.8830E+00  3.1816E-01  3.1886E-01  9.7056E-02
  1.8959E+00  3.2518E-01  3.2576E-01  8.6510E-02
  1.9089E+00  3.3214E-01  3.3262E-01  7.6468E-02
  1.9219E+00  3.3904E-01  3.3943E-01  6.6968E-02
  1.9351E+00  3.4587E-01  3.4619E-01  5.8042E-02
  1.9483E+00  3.5264E-01  3.5289E-01  4.9719E-02
  1.9616E+00  3.5933E-01  3.5953E-01  4.2022E-02
  1.9750E+00  3.6596E-01  3.6611E-01  3.4969E-02
  1.9886E+00  3.7252E-01  3.7263E-01  2.8572E-02
  2.0022E+00  3.7900E-01  3.7909E-01  2.2840E-02
  2.0158E+00  3.8541E-01  3.8547E-01  1.7770E-02
  2.0296E+00  3.9174E-01  3.9178E-01  1.3357E-02
  2.0435E+00  3.9799E-01  3.9802E-01  9.5874E-03
  2.0575E+00  4.0416E-01  4.0418E-01  6.4395E-03
  2.0716E+00  4.1025E-01  4.1026E-01  3.8851E-03
  2.0857E+00  4.1625E-01  4.1626E-01  1.8886E-03
  2.1000E+00  4.2217E-01  4.2218E-01  4.0671E-04
  2.1144E+00  4.2800E-01  4.2801E-01 -6.1091E-04
  2.1288E+00  4.3375E-01  4.3375E-01 -1.2216E-03
  2.1434E+00  4.3941E-01  4.3941E-01 -1.4893E-03
  2.1581E+00  4.4497E-01  4.4497E-01 -1.4836E-03
  2.1728E+00  4.5045E-01  4.5045E-01 -1.2794E-03
  2.1877E+00  4.5583E-01  4.5583E-01 -9.5577E-04
  2.2026E+00  4.6112E-01  4.6112E-01 -5.9428E-04
  2.2177E+00  4.6631E-01  4.6631E-01 -2.7783E-04
  2.2329E+00  4.7141E-01  4.7141E-01 -9.7973E-05
  2.2482E+00  4.7640E-01  4.7640E-01 -2.3066E-05
  2.2635E+00  4.8130E-01  4.8130E-01  0.0000E+00
  2.2790E+00  4.8611E-01  4.8611E-01  0.0000E+00
  2.2946E+00  4.9081E-01  4.9081E-01  0.0000E+00
  2.3103E+00  4.9541E-01  4.9541E-01  0.0000E+00
  2.3261E+00  4.9991E-01  4.9991E-01  0.0000E+00
  2.3420E+00  5.0430E-01  5.0430E-01  0.0000E+00
  2.3580E+00  5.0859E-01  5.0859E-01  0.0000E+00
  2.3742E+00  5.1278E-01  5.1278E-01  0.0000E+00
  2.3904E+00  5.1686E-01  5.1686E-01  0.0000E+00
  2.4068E+00  5.2084E-01  5.2084E-01  0.0000E+00
  2.4232E+00  5.2471E-01  5.2471E-01  0.0000E+00
  2.4398E+00  5.2847E-01  5.2847E-01  0.0000E+00
  2.4565E+00  5.3213E-01  5.3213E-01  0.0000E+00
  2.4733E+00  5.3568E-01  5.3568E-01  0.0000E+00
  2.4902E+00  5.3912E-01  5.3912E-01  0.0000E+00
  2.5072E+00  5.4245E-01  5.4245E-01  0.0000E+00
  2.5244E+00  5.4567E-01  5.4567E-01  0.0000E+00
  2.5417E+00  5.4878E-01  5.4878E-01  0.0000E+00
  2.5590E+00  5.5178E-01  5.5178E-01  0.0000E+00
  2.5765E+00  5.5467E-01  5.5467E-01  0.0000E+00
  2.5942E+00  5.5745E-01  5.5745E-01  0.0000E+00
  2.6119E+00  5.6012E-01  5.6012E-01  0.0000E+00
  2.6298E+00  5.6267E-01  5.6267E-01  0.0000E+00
  2.6478E+00  5.6511E-01  5.6511E-01  0.0000E+00
  2.6659E+00  5.6745E-01  5.6745E-01  0.0000E+00
  2.6841E+00  5.6966E-01  5.6966E-01  0.0000E+00
  2.7025E+00  5.7177E-01  5.7177E-01  0.0000E+00
  2.7210E+00  5.7376E-01  5.7376E-01  0.0000E+00
  2.7396E+00  5.7564E-01  5.7564E-01  0.0000E+00
  2.7583E+00  5.7741E-01  5.7741E-01  0.0000E+00
  2.7772E+00  5.7906E-01  5.7906E-01  0.0000E+00
  2.7962E+00  5.8060E-01  5.8060E-01  0.0000E+00
  2.8153E+00  5.8203E-01  5.8203E-01  0.0000E+00
  2.8345E+00  5.8334E-01  5.8334E-01  0.0000E+00
  2.8539E+00  5.8454E-01  5.8454E-01  0.0000E+00
  2.8735E+00  5.8562E-01  5.8562E-01  0.0000E+00
  2.8931E+00  5.8660E-01  5.8660E-01  0.0000E+00
  2.9129E+00  5.8745E-01  5.8745E-01  0.0000E+00
  2.9328E+00  5.8820E-01  5.8820E-01  0.0000E+00
  2.9529E+00  5.8883E-01  5.8883E-01  0.0000E+00
  2.9731E+00  5.8935E-01  5.8935E-01  0.0000E+00
  2.9934E+00  5.8976E-01  5.8976E-01  0.0000E+00
  3.0139E+00  5.9005E-01  5.9005E-01  0.0000E+00
  3.0345E+00  5.9024E-01  5.9024E-01  0.0000E+00
  3.0553E+00  5.9031E-01  5.9031E-01  0.0000E+00
  3.0762E+00  5.9027E-01  5.9027E-01  0.0000E+00
  3.0972E+00  5.9011E-01  5.9011E-01  0.0000E+00
  3.1184E+00  5.8985E-01  5.8985E-01  0.0000E+00
  3.1397E+00  5.8948E-01  5.8948E-01  0.0000E+00
  3.1612E+00  5.8900E-01  5.8900E-01  0.0000E+00
  3.1828E+00  5.8841E-01  5.8841E-01  0.0000E+00
