 # l=           1 basis function with energy     2.0000000000000000     
  0.0000E+00  0.0000E+00 -0.0000E+00  0.0000E+00
  6.5668E-07  6.5067E-09 -4.7043E-13 -2.2902E-12
  1.3178E-06  2.0575E-08 -1.8946E-12 -9.2235E-12
  1.9835E-06  4.0444E-08 -4.2921E-12 -2.0895E-11
  2.6538E-06  6.5435E-08 -7.6828E-12 -3.7402E-11
  3.3286E-06  9.5164E-08 -1.2087E-11 -5.8843E-11
  4.0081E-06  1.2937E-07 -1.7525E-11 -8.5317E-11
  4.6922E-06  1.6786E-07 -2.4018E-11 -1.1693E-10
  5.3809E-06  2.1051E-07 -3.1586E-11 -1.5377E-10
  6.0744E-06  2.5722E-07 -4.0253E-11 -1.9596E-10
  6.7726E-06  3.0790E-07 -5.0038E-11 -2.4360E-10
  7.4756E-06  3.6250E-07 -6.0965E-11 -2.9680E-10
  8.1834E-06  4.2098E-07 -7.3056E-11 -3.5566E-10
  8.8961E-06  4.8329E-07 -8.6335E-11 -4.2031E-10
  9.6136E-06  5.4941E-07 -1.0082E-10 -4.9084E-10
  1.0336E-05  6.1933E-07 -1.1655E-10 -5.6738E-10
  1.1063E-05  6.9303E-07 -1.3353E-10 -6.5005E-10
  1.1796E-05  7.7050E-07 -1.5179E-10 -7.3896E-10
  1.2533E-05  8.5175E-07 -1.7136E-10 -8.3423E-10
  1.3276E-05  9.3677E-07 -1.9226E-10 -9.3599E-10
  1.4023E-05  1.0256E-06 -2.1452E-10 -1.0444E-09
  1.4776E-05  1.1182E-06 -2.3816E-10 -1.1595E-09
  1.5533E-05  1.2145E-06 -2.6322E-10 -1.2814E-09
  1.6296E-05  1.3148E-06 -2.8971E-10 -1.4104E-09
  1.7064E-05  1.4188E-06 -3.1766E-10 -1.5465E-09
  1.7838E-05  1.5267E-06 -3.4711E-10 -1.6899E-09
  1.8617E-05  1.6385E-06 -3.7808E-10 -1.8406E-09
  1.9401E-05  1.7541E-06 -4.1059E-10 -1.9989E-09
  2.0190E-05  1.8737E-06 -4.4469E-10 -2.1649E-09
  2.0985E-05  1.9973E-06 -4.8039E-10 -2.3387E-09
  2.1785E-05  2.1248E-06 -5.1772E-10 -2.5204E-09
  2.2591E-05  2.2563E-06 -5.5672E-10 -2.7103E-09
  2.3402E-05  2.3919E-06 -5.9742E-10 -2.9085E-09
  2.4218E-05  2.5315E-06 -6.3985E-10 -3.1150E-09
  2.5041E-05  2.6752E-06 -6.8404E-10 -3.3301E-09
  2.5869E-05  2.8231E-06 -7.3002E-10 -3.5540E-09
  2.6702E-05  2.9751E-06 -7.7783E-10 -3.7867E-09
  2.7542E-05  3.1314E-06 -8.2750E-10 -4.0285E-09
  2.8387E-05  3.2919E-06 -8.7906E-10 -4.2795E-09
  2.9238E-05  3.4567E-06 -9.3254E-10 -4.5399E-09
  3.0094E-05  3.6258E-06 -9.8799E-10 -4.8099E-09
  3.0957E-05  3.7993E-06 -1.0454E-09 -5.0895E-09
  3.1825E-05  3.9773E-06 -1.1049E-09 -5.3791E-09
  3.2700E-05  4.1596E-06 -1.1665E-09 -5.6787E-09
  3.3580E-05  4.3465E-06 -1.2301E-09 -5.9886E-09
  3.4466E-05  4.5379E-06 -1.2959E-09 -6.3089E-09
  3.5359E-05  4.7340E-06 -1.3639E-09 -6.6398E-09
  3.6257E-05  4.9346E-06 -1.4341E-09 -6.9816E-09
  3.7162E-05  5.1400E-06 -1.5065E-09 -7.3343E-09
  3.8073E-05  5.3501E-06 -1.5813E-09 -7.6983E-09
  3.8990E-05  5.5650E-06 -1.6584E-09 -8.0736E-09
  3.9913E-05  5.7848E-06 -1.7379E-09 -8.4606E-09
  4.0843E-05  6.0094E-06 -1.8198E-09 -8.8593E-09
  4.1779E-05  6.2390E-06 -1.9041E-09 -9.2700E-09
  4.2721E-05  6.4736E-06 -1.9910E-09 -9.6929E-09
  4.3670E-05  6.7132E-06 -2.0804E-09 -1.0128E-08
  4.4626E-05  6.9580E-06 -2.1725E-09 -1.0576E-08
  4.5588E-05  7.2079E-06 -2.2671E-09 -1.1037E-08
  4.6556E-05  7.4631E-06 -2.3645E-09 -1.1511E-08
  4.7531E-05  7.7236E-06 -2.4646E-09 -1.1998E-08
  4.8513E-05  7.9894E-06 -2.5674E-09 -1.2499E-08
  4.9501E-05  8.2606E-06 -2.6731E-09 -1.3014E-08
  5.0497E-05  8.5373E-06 -2.7817E-09 -1.3542E-08
  5.1499E-05  8.8195E-06 -2.8932E-09 -1.4085E-08
  5.2508E-05  9.1073E-06 -3.0077E-09 -1.4642E-08
  5.3523E-05  9.4007E-06 -3.1252E-09 -1.5214E-08
  5.4546E-05  9.6999E-06 -3.2458E-09 -1.5801E-08
  5.5576E-05  1.0005E-05 -3.3695E-09 -1.6404E-08
  5.6613E-05  1.0316E-05 -3.4964E-09 -1.7021E-08
  5.7657E-05  1.0633E-05 -3.6265E-09 -1.7655E-08
  5.8708E-05  1.0955E-05 -3.7599E-09 -1.8304E-08
  5.9766E-05  1.1284E-05 -3.8967E-09 -1.8970E-08
  6.0831E-05  1.1619E-05 -4.0368E-09 -1.9653E-08
  6.1904E-05  1.1960E-05 -4.1805E-09 -2.0352E-08
  6.2984E-05  1.2308E-05 -4.3276E-09 -2.1068E-08
  6.4072E-05  1.2662E-05 -4.4784E-09 -2.1802E-08
  6.5167E-05  1.3022E-05 -4.6327E-09 -2.2554E-08
  6.6269E-05  1.3389E-05 -4.7908E-09 -2.3323E-08
  6.7379E-05  1.3762E-05 -4.9526E-09 -2.4111E-08
  6.8497E-05  1.4142E-05 -5.1183E-09 -2.4917E-08
  6.9622E-05  1.4529E-05 -5.2878E-09 -2.5743E-08
  7.0755E-05  1.4922E-05 -5.4613E-09 -2.6587E-08
  7.1895E-05  1.5323E-05 -5.6388E-09 -2.7452E-08
  7.3044E-05  1.5730E-05 -5.8204E-09 -2.8336E-08
  7.4200E-05  1.6145E-05 -6.0061E-09 -2.9240E-08
  7.5364E-05  1.6566E-05 -6.1961E-09 -3.0165E-08
  7.6536E-05  1.6995E-05 -6.3903E-09 -3.1110E-08
  7.7717E-05  1.7431E-05 -6.5889E-09 -3.2077E-08
  7.8905E-05  1.7875E-05 -6.7919E-09 -3.3065E-08
  8.0101E-05  1.8326E-05 -6.9994E-09 -3.4076E-08
  8.1306E-05  1.8785E-05 -7.2115E-09 -3.5108E-08
  8.2519E-05  1.9251E-05 -7.4283E-09 -3.6163E-08
  8.3740E-05  1.9726E-05 -7.6498E-09 -3.7242E-08
  8.4969E-05  2.0208E-05 -7.8760E-09 -3.8343E-08
  8.6207E-05  2.0698E-05 -8.1072E-09 -3.9468E-08
  8.7453E-05  2.1196E-05 -8.3433E-09 -4.0618E-08
  8.8708E-05  2.1702E-05 -8.5844E-09 -4.1792E-08
  8.9971E-05  2.2216E-05 -8.8307E-09 -4.2991E-08
  9.1244E-05  2.2739E-05 -9.0822E-09 -4.4215E-08
  9.2524E-05  2.3271E-05 -9.3389E-09 -4.5465E-08
  9.3814E-05  2.3810E-05 -9.6011E-09 -4.6741E-08
  9.5112E-05  2.4359E-05 -9.8687E-09 -4.8044E-08
  9.6419E-05  2.4916E-05 -1.0142E-08 -4.9374E-08
  9.7736E-05  2.5482E-05 -1.0421E-08 -5.0731E-08
  9.9061E-05  2.6057E-05 -1.0705E-08 -5.2116E-08
  1.0040E-04  2.6641E-05 -1.0995E-08 -5.3529E-08
  1.0174E-04  2.7235E-05 -1.1292E-08 -5.4971E-08
  1.0309E-04  2.7838E-05 -1.1594E-08 -5.6443E-08
  1.0445E-04  2.8450E-05 -1.1902E-08 -5.7944E-08
  1.0582E-04  2.9071E-05 -1.2217E-08 -5.9475E-08
  1.0720E-04  2.9703E-05 -1.2537E-08 -6.1037E-08
  1.0859E-04  3.0344E-05 -1.2865E-08 -6.2630E-08
  1.0999E-04  3.0994E-05 -1.3198E-08 -6.4254E-08
  1.1140E-04  3.1655E-05 -1.3539E-08 -6.5911E-08
  1.1282E-04  3.2326E-05 -1.3886E-08 -6.7600E-08
  1.1425E-04  3.3008E-05 -1.4240E-08 -6.9323E-08
  1.1569E-04  3.3699E-05 -1.4600E-08 -7.1079E-08
  1.1714E-04  3.4401E-05 -1.4968E-08 -7.2869E-08
  1.1859E-04  3.5114E-05 -1.5343E-08 -7.4695E-08
  1.2006E-04  3.5838E-05 -1.5725E-08 -7.6555E-08
  1.2154E-04  3.6572E-05 -1.6115E-08 -7.8451E-08
  1.2303E-04  3.7318E-05 -1.6512E-08 -8.0384E-08
  1.2453E-04  3.8074E-05 -1.6916E-08 -8.2354E-08
  1.2603E-04  3.8842E-05 -1.7329E-08 -8.4361E-08
  1.2755E-04  3.9621E-05 -1.7749E-08 -8.6406E-08
  1.2908E-04  4.0412E-05 -1.8177E-08 -8.8490E-08
  1.3062E-04  4.1214E-05 -1.8613E-08 -9.0614E-08
  1.3217E-04  4.2029E-05 -1.9057E-08 -9.2777E-08
  1.3373E-04  4.2855E-05 -1.9510E-08 -9.4981E-08
  1.3530E-04  4.3693E-05 -1.9971E-08 -9.7227E-08
  1.3689E-04  4.4544E-05 -2.0441E-08 -9.9514E-08
  1.3848E-04  4.5407E-05 -2.0920E-08 -1.0184E-07
  1.4008E-04  4.6283E-05 -2.1407E-08 -1.0422E-07
  1.4170E-04  4.7171E-05 -2.1903E-08 -1.0663E-07
  1.4332E-04  4.8073E-05 -2.2409E-08 -1.0909E-07
  1.4496E-04  4.8987E-05 -2.2924E-08 -1.1160E-07
  1.4661E-04  4.9914E-05 -2.3448E-08 -1.1415E-07
  1.4827E-04  5.0855E-05 -2.3982E-08 -1.1675E-07
  1.4994E-04  5.1809E-05 -2.4525E-08 -1.1940E-07
  1.5162E-04  5.2777E-05 -2.5079E-08 -1.2209E-07
  1.5331E-04  5.3759E-05 -2.5642E-08 -1.2483E-07
  1.5502E-04  5.4755E-05 -2.6216E-08 -1.2763E-07
  1.5674E-04  5.5765E-05 -2.6800E-08 -1.3047E-07
  1.5847E-04  5.6790E-05 -2.7394E-08 -1.3336E-07
  1.6021E-04  5.7829E-05 -2.7999E-08 -1.3631E-07
  1.6196E-04  5.8882E-05 -2.8615E-08 -1.3931E-07
  1.6372E-04  5.9951E-05 -2.9242E-08 -1.4236E-07
  1.6550E-04  6.1034E-05 -2.9880E-08 -1.4547E-07
  1.6729E-04  6.2133E-05 -3.0529E-08 -1.4863E-07
  1.6909E-04  6.3247E-05 -3.1190E-08 -1.5184E-07
  1.7090E-04  6.4377E-05 -3.1863E-08 -1.5512E-07
  1.7273E-04  6.5522E-05 -3.2547E-08 -1.5845E-07
  1.7457E-04  6.6684E-05 -3.3243E-08 -1.6184E-07
  1.7642E-04  6.7862E-05 -3.3952E-08 -1.6529E-07
  1.7828E-04  6.9056E-05 -3.4673E-08 -1.6880E-07
  1.8016E-04  7.0267E-05 -3.5407E-08 -1.7237E-07
  1.8205E-04  7.1494E-05 -3.6153E-08 -1.7600E-07
  1.8395E-04  7.2738E-05 -3.6912E-08 -1.7970E-07
  1.8586E-04  7.4000E-05 -3.7685E-08 -1.8346E-07
  1.8779E-04  7.5279E-05 -3.8471E-08 -1.8729E-07
  1.8973E-04  7.6576E-05 -3.9270E-08 -1.9118E-07
  1.9169E-04  7.7890E-05 -4.0083E-08 -1.9514E-07
  1.9365E-04  7.9222E-05 -4.0911E-08 -1.9917E-07
  1.9563E-04  8.0573E-05 -4.1752E-08 -2.0326E-07
  1.9763E-04  8.1942E-05 -4.2608E-08 -2.0743E-07
  1.9964E-04  8.3330E-05 -4.3478E-08 -2.1167E-07
  2.0166E-04  8.4737E-05 -4.4363E-08 -2.1598E-07
  2.0370E-04  8.6163E-05 -4.5264E-08 -2.2036E-07
  2.0575E-04  8.7608E-05 -4.6179E-08 -2.2482E-07
  2.0781E-04  8.9073E-05 -4.7110E-08 -2.2935E-07
  2.0989E-04  9.0557E-05 -4.8057E-08 -2.3396E-07
  2.1198E-04  9.2062E-05 -4.9020E-08 -2.3865E-07
  2.1409E-04  9.3587E-05 -4.9999E-08 -2.4341E-07
  2.1621E-04  9.5133E-05 -5.0995E-08 -2.4826E-07
  2.1834E-04  9.6699E-05 -5.2007E-08 -2.5319E-07
  2.2049E-04  9.8287E-05 -5.3037E-08 -2.5820E-07
  2.2266E-04  9.9895E-05 -5.4083E-08 -2.6330E-07
  2.2484E-04  1.0153E-04 -5.5147E-08 -2.6848E-07
  2.2703E-04  1.0318E-04 -5.6229E-08 -2.7374E-07
  2.2924E-04  1.0485E-04 -5.7329E-08 -2.7910E-07
  2.3147E-04  1.0655E-04 -5.8447E-08 -2.8454E-07
  2.3371E-04  1.0827E-04 -5.9584E-08 -2.9007E-07
  2.3596E-04  1.1001E-04 -6.0739E-08 -2.9570E-07
  2.3823E-04  1.1178E-04 -6.1914E-08 -3.0142E-07
  2.4052E-04  1.1356E-04 -6.3108E-08 -3.0723E-07
  2.4282E-04  1.1538E-04 -6.4321E-08 -3.1314E-07
  2.4514E-04  1.1721E-04 -6.5555E-08 -3.1914E-07
  2.4747E-04  1.1907E-04 -6.6809E-08 -3.2525E-07
  2.4982E-04  1.2096E-04 -6.8083E-08 -3.3145E-07
  2.5219E-04  1.2287E-04 -6.9379E-08 -3.3776E-07
  2.5457E-04  1.2481E-04 -7.0695E-08 -3.4417E-07
  2.5697E-04  1.2677E-04 -7.2033E-08 -3.5068E-07
  2.5938E-04  1.2875E-04 -7.3393E-08 -3.5730E-07
  2.6181E-04  1.3077E-04 -7.4775E-08 -3.6403E-07
  2.6426E-04  1.3281E-04 -7.6180E-08 -3.7087E-07
  2.6672E-04  1.3487E-04 -7.7607E-08 -3.7782E-07
  2.6920E-04  1.3697E-04 -7.9058E-08 -3.8488E-07
  2.7170E-04  1.3909E-04 -8.0532E-08 -3.9206E-07
  2.7422E-04  1.4123E-04 -8.2030E-08 -3.9935E-07
  2.7675E-04  1.4341E-04 -8.3552E-08 -4.0676E-07
  2.7930E-04  1.4561E-04 -8.5098E-08 -4.1429E-07
  2.8186E-04  1.4785E-04 -8.6670E-08 -4.2194E-07
  2.8445E-04  1.5011E-04 -8.8266E-08 -4.2971E-07
  2.8705E-04  1.5240E-04 -8.9889E-08 -4.3761E-07
  2.8967E-04  1.5472E-04 -9.1537E-08 -4.4563E-07
  2.9231E-04  1.5708E-04 -9.3212E-08 -4.5379E-07
  2.9497E-04  1.5946E-04 -9.4914E-08 -4.6207E-07
  2.9764E-04  1.6187E-04 -9.6642E-08 -4.7049E-07
  3.0033E-04  1.6432E-04 -9.8399E-08 -4.7904E-07
  3.0304E-04  1.6679E-04 -1.0018E-07 -4.8773E-07
  3.0577E-04  1.6930E-04 -1.0200E-07 -4.9655E-07
  3.0852E-04  1.7184E-04 -1.0384E-07 -5.0552E-07
  3.1129E-04  1.7441E-04 -1.0571E-07 -5.1462E-07
  3.1407E-04  1.7702E-04 -1.0761E-07 -5.2388E-07
  3.1688E-04  1.7966E-04 -1.0954E-07 -5.3328E-07
  3.1970E-04  1.8233E-04 -1.1150E-07 -5.4282E-07
  3.2255E-04  1.8504E-04 -1.1349E-07 -5.5252E-07
  3.2541E-04  1.8778E-04 -1.1552E-07 -5.6237E-07
  3.2829E-04  1.9056E-04 -1.1757E-07 -5.7238E-07
  3.3119E-04  1.9338E-04 -1.1966E-07 -5.8254E-07
  3.3412E-04  1.9623E-04 -1.2178E-07 -5.9287E-07
  3.3706E-04  1.9911E-04 -1.2393E-07 -6.0336E-07
  3.4002E-04  2.0203E-04 -1.2612E-07 -6.1401E-07
  3.4300E-04  2.0499E-04 -1.2834E-07 -6.2483E-07
  3.4600E-04  2.0799E-04 -1.3060E-07 -6.3581E-07
  3.4903E-04  2.1103E-04 -1.3289E-07 -6.4697E-07
  3.5207E-04  2.1410E-04 -1.3522E-07 -6.5831E-07
  3.5514E-04  2.1722E-04 -1.3759E-07 -6.6982E-07
  3.5822E-04  2.2037E-04 -1.3999E-07 -6.8151E-07
  3.6133E-04  2.2356E-04 -1.4243E-07 -6.9338E-07
  3.6446E-04  2.2680E-04 -1.4490E-07 -7.0544E-07
  3.6761E-04  2.3007E-04 -1.4742E-07 -7.1768E-07
  3.7078E-04  2.3339E-04 -1.4997E-07 -7.3012E-07
  3.7397E-04  2.3675E-04 -1.5257E-07 -7.4275E-07
  3.7719E-04  2.4015E-04 -1.5520E-07 -7.5557E-07
  3.8042E-04  2.4360E-04 -1.5788E-07 -7.6859E-07
  3.8368E-04  2.4708E-04 -1.6059E-07 -7.8182E-07
  3.8696E-04  2.5062E-04 -1.6335E-07 -7.9525E-07
  3.9026E-04  2.5419E-04 -1.6615E-07 -8.0888E-07
  3.9359E-04  2.5781E-04 -1.6900E-07 -8.2273E-07
  3.9694E-04  2.6148E-04 -1.7188E-07 -8.3679E-07
  4.0031E-04  2.6519E-04 -1.7482E-07 -8.5106E-07
  4.0371E-04  2.6896E-04 -1.7779E-07 -8.6556E-07
  4.0712E-04  2.7276E-04 -1.8082E-07 -8.8028E-07
  4.1057E-04  2.7662E-04 -1.8389E-07 -8.9522E-07
  4.1403E-04  2.8052E-04 -1.8700E-07 -9.1040E-07
  4.1752E-04  2.8448E-04 -1.9017E-07 -9.2580E-07
  4.2103E-04  2.8848E-04 -1.9338E-07 -9.4144E-07
  4.2457E-04  2.9253E-04 -1.9664E-07 -9.5733E-07
  4.2813E-04  2.9663E-04 -1.9996E-07 -9.7345E-07
  4.3171E-04  3.0079E-04 -2.0332E-07 -9.8982E-07
  4.3532E-04  3.0500E-04 -2.0673E-07 -1.0064E-06
  4.3896E-04  3.0926E-04 -2.1020E-07 -1.0233E-06
  4.4262E-04  3.1357E-04 -2.1372E-07 -1.0404E-06
  4.4630E-04  3.1794E-04 -2.1729E-07 -1.0578E-06
  4.5001E-04  3.2236E-04 -2.2092E-07 -1.0755E-06
  4.5374E-04  3.2683E-04 -2.2460E-07 -1.0934E-06
  4.5750E-04  3.3137E-04 -2.2834E-07 -1.1116E-06
  4.6129E-04  3.3596E-04 -2.3213E-07 -1.1301E-06
  4.6510E-04  3.4060E-04 -2.3598E-07 -1.1488E-06
  4.6894E-04  3.4531E-04 -2.3989E-07 -1.1679E-06
  4.7280E-04  3.5007E-04 -2.4386E-07 -1.1872E-06
  4.7669E-04  3.5489E-04 -2.4789E-07 -1.2068E-06
  4.8061E-04  3.5977E-04 -2.5199E-07 -1.2267E-06
  4.8456E-04  3.6471E-04 -2.5614E-07 -1.2470E-06
  4.8853E-04  3.6972E-04 -2.6035E-07 -1.2675E-06
  4.9253E-04  3.7478E-04 -2.6463E-07 -1.2883E-06
  4.9655E-04  3.7991E-04 -2.6898E-07 -1.3095E-06
  5.0060E-04  3.8510E-04 -2.7338E-07 -1.3309E-06
  5.0468E-04  3.9036E-04 -2.7786E-07 -1.3527E-06
  5.0879E-04  3.9568E-04 -2.8240E-07 -1.3748E-06
  5.1293E-04  4.0107E-04 -2.8701E-07 -1.3973E-06
  5.1709E-04  4.0653E-04 -2.9169E-07 -1.4201E-06
  5.2129E-04  4.1205E-04 -2.9644E-07 -1.4432E-06
  5.2551E-04  4.1764E-04 -3.0127E-07 -1.4667E-06
  5.2976E-04  4.2330E-04 -3.0616E-07 -1.4905E-06
  5.3404E-04  4.2903E-04 -3.1113E-07 -1.5147E-06
  5.3835E-04  4.3483E-04 -3.1617E-07 -1.5392E-06
  5.4269E-04  4.4070E-04 -3.2128E-07 -1.5641E-06
  5.4706E-04  4.4664E-04 -3.2648E-07 -1.5894E-06
  5.5146E-04  4.5266E-04 -3.3175E-07 -1.6151E-06
  5.5589E-04  4.5875E-04 -3.3710E-07 -1.6411E-06
  5.6034E-04  4.6491E-04 -3.4253E-07 -1.6675E-06
  5.6483E-04  4.7116E-04 -3.4804E-07 -1.6944E-06
  5.6935E-04  4.7748E-04 -3.5363E-07 -1.7216E-06
  5.7390E-04  4.8387E-04 -3.5931E-07 -1.7492E-06
  5.7849E-04  4.9035E-04 -3.6507E-07 -1.7773E-06
  5.8310E-04  4.9690E-04 -3.7091E-07 -1.8057E-06
  5.8775E-04  5.0354E-04 -3.7685E-07 -1.8346E-06
  5.9242E-04  5.1025E-04 -3.8287E-07 -1.8639E-06
  5.9713E-04  5.1705E-04 -3.8898E-07 -1.8937E-06
  6.0187E-04  5.2394E-04 -3.9518E-07 -1.9239E-06
  6.0665E-04  5.3090E-04 -4.0147E-07 -1.9545E-06
  6.1145E-04  5.3796E-04 -4.0786E-07 -1.9856E-06
  6.1629E-04  5.4510E-04 -4.1434E-07 -2.0171E-06
  6.2116E-04  5.5232E-04 -4.2092E-07 -2.0492E-06
  6.2607E-04  5.5964E-04 -4.2759E-07 -2.0817E-06
  6.3101E-04  5.6704E-04 -4.3436E-07 -2.1146E-06
  6.3598E-04  5.7454E-04 -4.4124E-07 -2.1481E-06
  6.4099E-04  5.8212E-04 -4.4821E-07 -2.1820E-06
  6.4603E-04  5.8980E-04 -4.5529E-07 -2.2165E-06
  6.5110E-04  5.9757E-04 -4.6247E-07 -2.2515E-06
  6.5621E-04  6.0544E-04 -4.6976E-07 -2.2869E-06
  6.6136E-04  6.1341E-04 -4.7715E-07 -2.3229E-06
  6.6654E-04  6.2147E-04 -4.8466E-07 -2.3595E-06
  6.7175E-04  6.2963E-04 -4.9227E-07 -2.3965E-06
  6.7700E-04  6.3789E-04 -5.0000E-07 -2.4342E-06
  6.8229E-04  6.4625E-04 -5.0784E-07 -2.4723E-06
  6.8762E-04  6.5471E-04 -5.1579E-07 -2.5111E-06
  6.9298E-04  6.6327E-04 -5.2387E-07 -2.5504E-06
  6.9837E-04  6.7194E-04 -5.3206E-07 -2.5902E-06
  7.0381E-04  6.8072E-04 -5.4037E-07 -2.6307E-06
  7.0928E-04  6.8960E-04 -5.4880E-07 -2.6718E-06
  7.1478E-04  6.9859E-04 -5.5736E-07 -2.7134E-06
  7.2033E-04  7.0769E-04 -5.6604E-07 -2.7557E-06
  7.2591E-04  7.1690E-04 -5.7485E-07 -2.7986E-06
  7.3153E-04  7.2622E-04 -5.8379E-07 -2.8421E-06
  7.3720E-04  7.3565E-04 -5.9286E-07 -2.8862E-06
  7.4289E-04  7.4520E-04 -6.0206E-07 -2.9310E-06
  7.4863E-04  7.5487E-04 -6.1140E-07 -2.9765E-06
  7.5441E-04  7.6465E-04 -6.2087E-07 -3.0226E-06
  7.6023E-04  7.7455E-04 -6.3048E-07 -3.0694E-06
  7.6608E-04  7.8457E-04 -6.4023E-07 -3.1169E-06
  7.7198E-04  7.9471E-04 -6.5012E-07 -3.1650E-06
  7.7792E-04  8.0498E-04 -6.6016E-07 -3.2139E-06
  7.8389E-04  8.1537E-04 -6.7035E-07 -3.2635E-06
  7.8991E-04  8.2589E-04 -6.8068E-07 -3.3138E-06
  7.9597E-04  8.3653E-04 -6.9116E-07 -3.3648E-06
  8.0207E-04  8.4730E-04 -7.0180E-07 -3.4166E-06
  8.0822E-04  8.5820E-04 -7.1259E-07 -3.4691E-06
  8.1440E-04  8.6924E-04 -7.2354E-07 -3.5224E-06
  8.2063E-04  8.8041E-04 -7.3464E-07 -3.5765E-06
  8.2690E-04  8.9171E-04 -7.4591E-07 -3.6314E-06
  8.3321E-04  9.0315E-04 -7.5734E-07 -3.6870E-06
  8.3956E-04  9.1473E-04 -7.6894E-07 -3.7435E-06
  8.4596E-04  9.2644E-04 -7.8071E-07 -3.8008E-06
  8.5241E-04  9.3830E-04 -7.9265E-07 -3.8589E-06
  8.5889E-04  9.5030E-04 -8.0476E-07 -3.9178E-06
  8.6543E-04  9.6245E-04 -8.1704E-07 -3.9776E-06
  8.7200E-04  9.7474E-04 -8.2951E-07 -4.0383E-06
  8.7862E-04  9.8719E-04 -8.4215E-07 -4.0999E-06
  8.8529E-04  9.9978E-04 -8.5498E-07 -4.1623E-06
  8.9200E-04  1.0125E-03 -8.6799E-07 -4.2257E-06
  8.9876E-04  1.0254E-03 -8.8119E-07 -4.2899E-06
  9.0556E-04  1.0385E-03 -8.9459E-07 -4.3551E-06
  9.1241E-04  1.0517E-03 -9.0817E-07 -4.4213E-06
  9.1931E-04  1.0650E-03 -9.2196E-07 -4.4884E-06
  9.2626E-04  1.0786E-03 -9.3594E-07 -4.5565E-06
  9.3325E-04  1.0923E-03 -9.5012E-07 -4.6255E-06
  9.4029E-04  1.1061E-03 -9.6451E-07 -4.6956E-06
  9.4738E-04  1.1201E-03 -9.7911E-07 -4.7666E-06
  9.5451E-04  1.1343E-03 -9.9391E-07 -4.8387E-06
  9.6170E-04  1.1487E-03 -1.0089E-06 -4.9118E-06
  9.6893E-04  1.1632E-03 -1.0242E-06 -4.9860E-06
  9.7622E-04  1.1779E-03 -1.0396E-06 -5.0612E-06
  9.8355E-04  1.1928E-03 -1.0553E-06 -5.1376E-06
  9.9093E-04  1.2079E-03 -1.0712E-06 -5.2150E-06
  9.9837E-04  1.2231E-03 -1.0873E-06 -5.2935E-06
  1.0059E-03  1.2386E-03 -1.1037E-06 -5.3732E-06
  1.0134E-03  1.2542E-03 -1.1203E-06 -5.4540E-06
  1.0210E-03  1.2700E-03 -1.1372E-06 -5.5360E-06
  1.0286E-03  1.2860E-03 -1.1542E-06 -5.6192E-06
  1.0363E-03  1.3022E-03 -1.1716E-06 -5.7036E-06
  1.0441E-03  1.3185E-03 -1.1891E-06 -5.7891E-06
  1.0519E-03  1.3351E-03 -1.2070E-06 -5.8759E-06
  1.0597E-03  1.3519E-03 -1.2251E-06 -5.9640E-06
  1.0676E-03  1.3689E-03 -1.2434E-06 -6.0533E-06
  1.0756E-03  1.3860E-03 -1.2620E-06 -6.1439E-06
  1.0836E-03  1.4034E-03 -1.2809E-06 -6.2358E-06
  1.0916E-03  1.4210E-03 -1.3000E-06 -6.3290E-06
  1.0998E-03  1.4388E-03 -1.3194E-06 -6.4235E-06
  1.1080E-03  1.4568E-03 -1.3391E-06 -6.5194E-06
  1.1162E-03  1.4750E-03 -1.3591E-06 -6.6167E-06
  1.1245E-03  1.4935E-03 -1.3794E-06 -6.7153E-06
  1.1328E-03  1.5121E-03 -1.3999E-06 -6.8154E-06
  1.1412E-03  1.5310E-03 -1.4208E-06 -6.9169E-06
  1.1497E-03  1.5501E-03 -1.4419E-06 -7.0199E-06
  1.1582E-03  1.5695E-03 -1.4634E-06 -7.1243E-06
  1.1668E-03  1.5891E-03 -1.4852E-06 -7.2302E-06
  1.1754E-03  1.6089E-03 -1.5072E-06 -7.3377E-06
  1.1841E-03  1.6289E-03 -1.5296E-06 -7.4467E-06
  1.1929E-03  1.6492E-03 -1.5523E-06 -7.5572E-06
  1.2017E-03  1.6697E-03 -1.5753E-06 -7.6693E-06
  1.2106E-03  1.6905E-03 -1.5987E-06 -7.7830E-06
  1.2195E-03  1.7115E-03 -1.6224E-06 -7.8984E-06
  1.2285E-03  1.7328E-03 -1.6464E-06 -8.0153E-06
  1.2376E-03  1.7543E-03 -1.6708E-06 -8.1340E-06
  1.2467E-03  1.7761E-03 -1.6955E-06 -8.2543E-06
  1.2559E-03  1.7981E-03 -1.7206E-06 -8.3764E-06
  1.2651E-03  1.8204E-03 -1.7460E-06 -8.5002E-06
  1.2744E-03  1.8430E-03 -1.7718E-06 -8.6258E-06
  1.2838E-03  1.8658E-03 -1.7980E-06 -8.7531E-06
  1.2932E-03  1.8889E-03 -1.8245E-06 -8.8823E-06
  1.3027E-03  1.9123E-03 -1.8514E-06 -9.0133E-06
  1.3123E-03  1.9359E-03 -1.8787E-06 -9.1462E-06
  1.3219E-03  1.9598E-03 -1.9064E-06 -9.2809E-06
  1.3316E-03  1.9841E-03 -1.9345E-06 -9.4176E-06
  1.3414E-03  2.0086E-03 -1.9629E-06 -9.5562E-06
  1.3512E-03  2.0334E-03 -1.9918E-06 -9.6968E-06
  1.3611E-03  2.0585E-03 -2.0211E-06 -9.8394E-06
  1.3711E-03  2.0839E-03 -2.0508E-06 -9.9840E-06
  1.3811E-03  2.1095E-03 -2.0809E-06 -1.0131E-05
  1.3912E-03  2.1355E-03 -2.1115E-06 -1.0279E-05
  1.4014E-03  2.1618E-03 -2.1425E-06 -1.0430E-05
  1.4117E-03  2.1885E-03 -2.1739E-06 -1.0583E-05
  1.4220E-03  2.2154E-03 -2.2058E-06 -1.0739E-05
  1.4324E-03  2.2426E-03 -2.2381E-06 -1.0896E-05
  1.4428E-03  2.2702E-03 -2.2709E-06 -1.1056E-05
  1.4533E-03  2.2981E-03 -2.3042E-06 -1.1217E-05
  1.4639E-03  2.3263E-03 -2.3379E-06 -1.1382E-05
  1.4746E-03  2.3549E-03 -2.3721E-06 -1.1548E-05
  1.4853E-03  2.3838E-03 -2.4068E-06 -1.1717E-05
  1.4962E-03  2.4130E-03 -2.4420E-06 -1.1888E-05
  1.5070E-03  2.4426E-03 -2.4776E-06 -1.2062E-05
  1.5180E-03  2.4726E-03 -2.5138E-06 -1.2238E-05
  1.5291E-03  2.5029E-03 -2.5505E-06 -1.2417E-05
  1.5402E-03  2.5335E-03 -2.5877E-06 -1.2598E-05
  1.5514E-03  2.5645E-03 -2.6255E-06 -1.2782E-05
  1.5626E-03  2.5959E-03 -2.6638E-06 -1.2968E-05
  1.5740E-03  2.6277E-03 -2.7026E-06 -1.3157E-05
  1.5854E-03  2.6598E-03 -2.7419E-06 -1.3349E-05
  1.5969E-03  2.6923E-03 -2.7819E-06 -1.3543E-05
  1.6085E-03  2.7252E-03 -2.8224E-06 -1.3740E-05
  1.6201E-03  2.7584E-03 -2.8634E-06 -1.3940E-05
  1.6319E-03  2.7921E-03 -2.9051E-06 -1.4143E-05
  1.6437E-03  2.8262E-03 -2.9473E-06 -1.4348E-05
  1.6556E-03  2.8606E-03 -2.9901E-06 -1.4557E-05
  1.6676E-03  2.8955E-03 -3.0336E-06 -1.4768E-05
  1.6796E-03  2.9308E-03 -3.0776E-06 -1.4983E-05
  1.6918E-03  2.9665E-03 -3.1223E-06 -1.5200E-05
  1.7040E-03  3.0026E-03 -3.1676E-06 -1.5421E-05
  1.7163E-03  3.0391E-03 -3.2135E-06 -1.5644E-05
  1.7287E-03  3.0761E-03 -3.2601E-06 -1.5871E-05
  1.7412E-03  3.1135E-03 -3.3073E-06 -1.6101E-05
  1.7538E-03  3.1513E-03 -3.3552E-06 -1.6334E-05
  1.7664E-03  3.1896E-03 -3.4038E-06 -1.6571E-05
  1.7791E-03  3.2284E-03 -3.4531E-06 -1.6811E-05
  1.7920E-03  3.2676E-03 -3.5031E-06 -1.7054E-05
  1.8049E-03  3.3072E-03 -3.5537E-06 -1.7301E-05
  1.8179E-03  3.3473E-03 -3.6051E-06 -1.7551E-05
  1.8310E-03  3.3879E-03 -3.6572E-06 -1.7805E-05
  1.8442E-03  3.4290E-03 -3.7101E-06 -1.8062E-05
  1.8574E-03  3.4705E-03 -3.7637E-06 -1.8323E-05
  1.8708E-03  3.5125E-03 -3.8180E-06 -1.8587E-05
  1.8842E-03  3.5551E-03 -3.8731E-06 -1.8856E-05
  1.8978E-03  3.5981E-03 -3.9290E-06 -1.9128E-05
  1.9114E-03  3.6416E-03 -3.9857E-06 -1.9403E-05
  1.9252E-03  3.6856E-03 -4.0431E-06 -1.9683E-05
  1.9390E-03  3.7302E-03 -4.1014E-06 -1.9967E-05
  1.9529E-03  3.7753E-03 -4.1605E-06 -2.0255E-05
  1.9669E-03  3.8208E-03 -4.2204E-06 -2.0546E-05
  1.9810E-03  3.8670E-03 -4.2812E-06 -2.0842E-05
  1.9952E-03  3.9136E-03 -4.3428E-06 -2.1142E-05
  2.0095E-03  3.9609E-03 -4.4053E-06 -2.1446E-05
  2.0239E-03  4.0086E-03 -4.4687E-06 -2.1755E-05
  2.0384E-03  4.0569E-03 -4.5329E-06 -2.2068E-05
  2.0530E-03  4.1058E-03 -4.5981E-06 -2.2385E-05
  2.0677E-03  4.1553E-03 -4.6642E-06 -2.2707E-05
  2.0825E-03  4.2053E-03 -4.7312E-06 -2.3033E-05
  2.0974E-03  4.2559E-03 -4.7991E-06 -2.3364E-05
  2.1124E-03  4.3071E-03 -4.8680E-06 -2.3699E-05
  2.1275E-03  4.3589E-03 -4.9379E-06 -2.4039E-05
  2.1428E-03  4.4113E-03 -5.0087E-06 -2.4384E-05
  2.1581E-03  4.4643E-03 -5.0806E-06 -2.4734E-05
  2.1735E-03  4.5179E-03 -5.1534E-06 -2.5089E-05
  2.1890E-03  4.5722E-03 -5.2273E-06 -2.5448E-05
  2.2046E-03  4.6271E-03 -5.3022E-06 -2.5813E-05
  2.2204E-03  4.6826E-03 -5.3782E-06 -2.6183E-05
  2.2362E-03  4.7388E-03 -5.4552E-06 -2.6558E-05
  2.2522E-03  4.7956E-03 -5.5333E-06 -2.6938E-05
  2.2682E-03  4.8530E-03 -5.6125E-06 -2.7324E-05
  2.2844E-03  4.9112E-03 -5.6928E-06 -2.7715E-05
  2.3007E-03  4.9700E-03 -5.7743E-06 -2.8111E-05
  2.3171E-03  5.0295E-03 -5.8568E-06 -2.8513E-05
  2.3336E-03  5.0897E-03 -5.9406E-06 -2.8921E-05
  2.3502E-03  5.1505E-03 -6.0255E-06 -2.9334E-05
  2.3669E-03  5.2121E-03 -6.1116E-06 -2.9753E-05
  2.3838E-03  5.2744E-03 -6.1989E-06 -3.0178E-05
  2.4007E-03  5.3374E-03 -6.2874E-06 -3.0609E-05
  2.4178E-03  5.4012E-03 -6.3772E-06 -3.1046E-05
  2.4350E-03  5.4657E-03 -6.4682E-06 -3.1489E-05
  2.4523E-03  5.5309E-03 -6.5605E-06 -3.1939E-05
  2.4697E-03  5.5969E-03 -6.6541E-06 -3.2394E-05
  2.4873E-03  5.6636E-03 -6.7490E-06 -3.2856E-05
  2.5050E-03  5.7311E-03 -6.8452E-06 -3.3325E-05
  2.5228E-03  5.7994E-03 -6.9428E-06 -3.3800E-05
  2.5407E-03  5.8685E-03 -7.0417E-06 -3.4282E-05
  2.5587E-03  5.9383E-03 -7.1421E-06 -3.4770E-05
  2.5769E-03  6.0090E-03 -7.2438E-06 -3.5265E-05
  2.5951E-03  6.0805E-03 -7.3469E-06 -3.5767E-05
  2.6136E-03  6.1528E-03 -7.4515E-06 -3.6276E-05
  2.6321E-03  6.2259E-03 -7.5576E-06 -3.6793E-05
  2.6507E-03  6.2999E-03 -7.6651E-06 -3.7316E-05
  2.6695E-03  6.3747E-03 -7.7742E-06 -3.7847E-05
  2.6884E-03  6.4504E-03 -7.8847E-06 -3.8385E-05
  2.7075E-03  6.5269E-03 -7.9968E-06 -3.8931E-05
  2.7267E-03  6.6044E-03 -8.1105E-06 -3.9485E-05
  2.7460E-03  6.6827E-03 -8.2258E-06 -4.0046E-05
  2.7654E-03  6.7619E-03 -8.3426E-06 -4.0615E-05
  2.7850E-03  6.8420E-03 -8.4611E-06 -4.1192E-05
  2.8047E-03  6.9230E-03 -8.5813E-06 -4.1777E-05
  2.8245E-03  7.0050E-03 -8.7031E-06 -4.2370E-05
  2.8445E-03  7.0879E-03 -8.8267E-06 -4.2971E-05
  2.8646E-03  7.1717E-03 -8.9519E-06 -4.3581E-05
  2.8849E-03  7.2565E-03 -9.0789E-06 -4.4199E-05
  2.9053E-03  7.3423E-03 -9.2077E-06 -4.4826E-05
  2.9258E-03  7.4291E-03 -9.3383E-06 -4.5462E-05
  2.9465E-03  7.5168E-03 -9.4707E-06 -4.6106E-05
  2.9673E-03  7.6055E-03 -9.6050E-06 -4.6760E-05
  2.9882E-03  7.6953E-03 -9.7411E-06 -4.7423E-05
  3.0093E-03  7.7860E-03 -9.8791E-06 -4.8095E-05
  3.0306E-03  7.8778E-03 -1.0019E-05 -4.8776E-05
  3.0519E-03  7.9706E-03 -1.0161E-05 -4.9467E-05
  3.0735E-03  8.0645E-03 -1.0305E-05 -5.0167E-05
  3.0951E-03  8.1595E-03 -1.0451E-05 -5.0877E-05
  3.1170E-03  8.2555E-03 -1.0599E-05 -5.1598E-05
  3.1390E-03  8.3526E-03 -1.0749E-05 -5.2328E-05
  3.1611E-03  8.4508E-03 -1.0901E-05 -5.3068E-05
  3.1834E-03  8.5502E-03 -1.1055E-05 -5.3819E-05
  3.2058E-03  8.6506E-03 -1.1211E-05 -5.4580E-05
  3.2284E-03  8.7522E-03 -1.1370E-05 -5.5351E-05
  3.2511E-03  8.8549E-03 -1.1530E-05 -5.6134E-05
  3.2740E-03  8.9588E-03 -1.1693E-05 -5.6927E-05
  3.2971E-03  9.0639E-03 -1.1859E-05 -5.7732E-05
  3.3203E-03  9.1702E-03 -1.2026E-05 -5.8547E-05
  3.3436E-03  9.2776E-03 -1.2196E-05 -5.9374E-05
  3.3672E-03  9.3863E-03 -1.2368E-05 -6.0213E-05
  3.3908E-03  9.4961E-03 -1.2543E-05 -6.1063E-05
  3.4147E-03  9.6072E-03 -1.2720E-05 -6.1925E-05
  3.4387E-03  9.7196E-03 -1.2899E-05 -6.2799E-05
  3.4629E-03  9.8332E-03 -1.3081E-05 -6.3685E-05
  3.4872E-03  9.9481E-03 -1.3266E-05 -6.4583E-05
  3.5117E-03  1.0064E-02 -1.3453E-05 -6.5494E-05
  3.5364E-03  1.0182E-02 -1.3643E-05 -6.6418E-05
  3.5613E-03  1.0301E-02 -1.3835E-05 -6.7354E-05
  3.5863E-03  1.0421E-02 -1.4030E-05 -6.8304E-05
  3.6115E-03  1.0542E-02 -1.4228E-05 -6.9267E-05
  3.6368E-03  1.0665E-02 -1.4429E-05 -7.0243E-05
  3.6623E-03  1.0789E-02 -1.4632E-05 -7.1233E-05
  3.6881E-03  1.0915E-02 -1.4838E-05 -7.2236E-05
  3.7139E-03  1.1042E-02 -1.5047E-05 -7.3253E-05
  3.7400E-03  1.1170E-02 -1.5259E-05 -7.4285E-05
  3.7662E-03  1.1300E-02 -1.5474E-05 -7.5331E-05
  3.7926E-03  1.1431E-02 -1.5692E-05 -7.6391E-05
  3.8192E-03  1.1564E-02 -1.5912E-05 -7.7467E-05
  3.8460E-03  1.1698E-02 -1.6136E-05 -7.8557E-05
  3.8730E-03  1.1834E-02 -1.6363E-05 -7.9662E-05
  3.9001E-03  1.1971E-02 -1.6594E-05 -8.0783E-05
  3.9275E-03  1.2110E-02 -1.6827E-05 -8.1919E-05
  3.9550E-03  1.2250E-02 -1.7064E-05 -8.3071E-05
  3.9827E-03  1.2392E-02 -1.7304E-05 -8.4239E-05
  4.0106E-03  1.2535E-02 -1.7547E-05 -8.5423E-05
  4.0387E-03  1.2680E-02 -1.7793E-05 -8.6624E-05
  4.0670E-03  1.2827E-02 -1.8043E-05 -8.7841E-05
  4.0954E-03  1.2975E-02 -1.8297E-05 -8.9076E-05
  4.1241E-03  1.3124E-02 -1.8554E-05 -9.0327E-05
  4.1530E-03  1.3276E-02 -1.8815E-05 -9.1596E-05
  4.1820E-03  1.3429E-02 -1.9079E-05 -9.2882E-05
  4.2113E-03  1.3584E-02 -1.9347E-05 -9.4187E-05
  4.2408E-03  1.3740E-02 -1.9619E-05 -9.5509E-05
  4.2704E-03  1.3898E-02 -1.9894E-05 -9.6850E-05
  4.3003E-03  1.4058E-02 -2.0173E-05 -9.8209E-05
  4.3304E-03  1.4220E-02 -2.0456E-05 -9.9587E-05
  4.3606E-03  1.4383E-02 -2.0743E-05 -1.0098E-04
  4.3911E-03  1.4548E-02 -2.1034E-05 -1.0240E-04
  4.4218E-03  1.4715E-02 -2.1329E-05 -1.0384E-04
  4.4527E-03  1.4884E-02 -2.1629E-05 -1.0529E-04
  4.4838E-03  1.5055E-02 -2.1932E-05 -1.0677E-04
  4.5151E-03  1.5227E-02 -2.2239E-05 -1.0827E-04
  4.5467E-03  1.5402E-02 -2.2551E-05 -1.0979E-04
  4.5784E-03  1.5578E-02 -2.2867E-05 -1.1132E-04
  4.6104E-03  1.5756E-02 -2.3188E-05 -1.1288E-04
  4.6426E-03  1.5936E-02 -2.3513E-05 -1.1447E-04
  4.6750E-03  1.6118E-02 -2.3842E-05 -1.1607E-04
  4.7076E-03  1.6302E-02 -2.4176E-05 -1.1770E-04
  4.7405E-03  1.6488E-02 -2.4515E-05 -1.1935E-04
  4.7736E-03  1.6676E-02 -2.4858E-05 -1.2102E-04
  4.8069E-03  1.6866E-02 -2.5206E-05 -1.2271E-04
  4.8404E-03  1.7058E-02 -2.5559E-05 -1.2443E-04
  4.8742E-03  1.7252E-02 -2.5917E-05 -1.2617E-04
  4.9082E-03  1.7448E-02 -2.6280E-05 -1.2794E-04
  4.9424E-03  1.7647E-02 -2.6647E-05 -1.2973E-04
  4.9769E-03  1.7847E-02 -2.7020E-05 -1.3154E-04
  5.0116E-03  1.8050E-02 -2.7398E-05 -1.3338E-04
  5.0465E-03  1.8254E-02 -2.7782E-05 -1.3525E-04
  5.0817E-03  1.8461E-02 -2.8170E-05 -1.3714E-04
  5.1171E-03  1.8670E-02 -2.8564E-05 -1.3906E-04
  5.1528E-03  1.8881E-02 -2.8964E-05 -1.4100E-04
  5.1887E-03  1.9095E-02 -2.9369E-05 -1.4298E-04
  5.2248E-03  1.9311E-02 -2.9779E-05 -1.4498E-04
  5.2612E-03  1.9529E-02 -3.0196E-05 -1.4700E-04
  5.2978E-03  1.9749E-02 -3.0618E-05 -1.4906E-04
  5.3347E-03  1.9972E-02 -3.1046E-05 -1.5114E-04
  5.3719E-03  2.0197E-02 -3.1479E-05 -1.5325E-04
  5.4093E-03  2.0424E-02 -3.1919E-05 -1.5539E-04
  5.4469E-03  2.0654E-02 -3.2365E-05 -1.5756E-04
  5.4848E-03  2.0886E-02 -3.2817E-05 -1.5976E-04
  5.5230E-03  2.1121E-02 -3.3276E-05 -1.6200E-04
  5.5614E-03  2.1358E-02 -3.3740E-05 -1.6426E-04
  5.6001E-03  2.1598E-02 -3.4212E-05 -1.6655E-04
  5.6391E-03  2.1840E-02 -3.4689E-05 -1.6888E-04
  5.6783E-03  2.2084E-02 -3.5174E-05 -1.7124E-04
  5.7178E-03  2.2331E-02 -3.5665E-05 -1.7363E-04
  5.7576E-03  2.2581E-02 -3.6162E-05 -1.7605E-04
  5.7976E-03  2.2833E-02 -3.6667E-05 -1.7851E-04
  5.8379E-03  2.3088E-02 -3.7179E-05 -1.8100E-04
  5.8785E-03  2.3346E-02 -3.7697E-05 -1.8352E-04
  5.9194E-03  2.3606E-02 -3.8223E-05 -1.8608E-04
  5.9605E-03  2.3869E-02 -3.8756E-05 -1.8868E-04
  6.0020E-03  2.4135E-02 -3.9297E-05 -1.9131E-04
  6.0437E-03  2.4403E-02 -3.9845E-05 -1.9398E-04
  6.0857E-03  2.4674E-02 -4.0401E-05 -1.9668E-04
  6.1279E-03  2.4948E-02 -4.0964E-05 -1.9943E-04
  6.1705E-03  2.5224E-02 -4.1535E-05 -2.0221E-04
  6.2134E-03  2.5504E-02 -4.2114E-05 -2.0502E-04
  6.2565E-03  2.5786E-02 -4.2701E-05 -2.0788E-04
  6.3000E-03  2.6071E-02 -4.3296E-05 -2.1078E-04
  6.3437E-03  2.6359E-02 -4.3900E-05 -2.1372E-04
  6.3878E-03  2.6650E-02 -4.4511E-05 -2.1669E-04
  6.4321E-03  2.6944E-02 -4.5132E-05 -2.1971E-04
  6.4768E-03  2.7241E-02 -4.5760E-05 -2.2278E-04
  6.5217E-03  2.7541E-02 -4.6398E-05 -2.2588E-04
  6.5670E-03  2.7844E-02 -4.7044E-05 -2.2902E-04
  6.6126E-03  2.8150E-02 -4.7699E-05 -2.3221E-04
  6.6585E-03  2.8459E-02 -4.8364E-05 -2.3545E-04
  6.7047E-03  2.8771E-02 -4.9037E-05 -2.3873E-04
  6.7512E-03  2.9086E-02 -4.9720E-05 -2.4205E-04
  6.7980E-03  2.9405E-02 -5.0412E-05 -2.4542E-04
  6.8452E-03  2.9726E-02 -5.1114E-05 -2.4884E-04
  6.8926E-03  3.0051E-02 -5.1825E-05 -2.5230E-04
  6.9404E-03  3.0379E-02 -5.2546E-05 -2.5581E-04
  6.9886E-03  3.0710E-02 -5.3278E-05 -2.5937E-04
  7.0370E-03  3.1045E-02 -5.4019E-05 -2.6298E-04
  7.0858E-03  3.1382E-02 -5.4771E-05 -2.6664E-04
  7.1349E-03  3.1723E-02 -5.5533E-05 -2.7035E-04
  7.1844E-03  3.2068E-02 -5.6305E-05 -2.7411E-04
  7.2342E-03  3.2416E-02 -5.7088E-05 -2.7792E-04
  7.2843E-03  3.2767E-02 -5.7882E-05 -2.8179E-04
  7.3348E-03  3.3121E-02 -5.8687E-05 -2.8571E-04
  7.3856E-03  3.3479E-02 -5.9504E-05 -2.8968E-04
  7.4368E-03  3.3841E-02 -6.0331E-05 -2.9371E-04
  7.4883E-03  3.4206E-02 -6.1170E-05 -2.9779E-04
  7.5402E-03  3.4574E-02 -6.2020E-05 -3.0193E-04
  7.5924E-03  3.4946E-02 -6.2882E-05 -3.0613E-04
  7.6450E-03  3.5322E-02 -6.3756E-05 -3.1038E-04
  7.6980E-03  3.5701E-02 -6.4643E-05 -3.1470E-04
  7.7513E-03  3.6084E-02 -6.5541E-05 -3.1907E-04
  7.8050E-03  3.6471E-02 -6.6452E-05 -3.2351E-04
  7.8590E-03  3.6861E-02 -6.7375E-05 -3.2800E-04
  7.9134E-03  3.7255E-02 -6.8311E-05 -3.3256E-04
  7.9682E-03  3.7652E-02 -6.9260E-05 -3.3718E-04
  8.0234E-03  3.8054E-02 -7.0222E-05 -3.4186E-04
  8.0789E-03  3.8459E-02 -7.1198E-05 -3.4661E-04
  8.1348E-03  3.8868E-02 -7.2187E-05 -3.5142E-04
  8.1911E-03  3.9281E-02 -7.3189E-05 -3.5630E-04
  8.2478E-03  3.9697E-02 -7.4206E-05 -3.6125E-04
  8.3049E-03  4.0118E-02 -7.5236E-05 -3.6627E-04
  8.3623E-03  4.0542E-02 -7.6281E-05 -3.7135E-04
  8.4202E-03  4.0971E-02 -7.7340E-05 -3.7651E-04
  8.4784E-03  4.1403E-02 -7.8413E-05 -3.8174E-04
  8.5371E-03  4.1839E-02 -7.9502E-05 -3.8704E-04
  8.5961E-03  4.2279E-02 -8.0605E-05 -3.9241E-04
  8.6556E-03  4.2724E-02 -8.1724E-05 -3.9786E-04
  8.7154E-03  4.3172E-02 -8.2858E-05 -4.0338E-04
  8.7757E-03  4.3625E-02 -8.4008E-05 -4.0897E-04
  8.8364E-03  4.4081E-02 -8.5174E-05 -4.1465E-04
  8.8975E-03  4.4542E-02 -8.6356E-05 -4.2040E-04
  8.9590E-03  4.5007E-02 -8.7554E-05 -4.2624E-04
  9.0209E-03  4.5476E-02 -8.8769E-05 -4.3215E-04
  9.0833E-03  4.5949E-02 -9.0000E-05 -4.3814E-04
  9.1461E-03  4.6426E-02 -9.1248E-05 -4.4422E-04
  9.2093E-03  4.6908E-02 -9.2514E-05 -4.5038E-04
  9.2729E-03  4.7394E-02 -9.3797E-05 -4.5663E-04
  9.3370E-03  4.7884E-02 -9.5098E-05 -4.6296E-04
  9.4015E-03  4.8379E-02 -9.6417E-05 -4.6938E-04
  9.4665E-03  4.8878E-02 -9.7754E-05 -4.7589E-04
  9.5319E-03  4.9381E-02 -9.9109E-05 -4.8249E-04
  9.5977E-03  4.9889E-02 -1.0048E-04 -4.8918E-04
  9.6640E-03  5.0401E-02 -1.0188E-04 -4.9596E-04
  9.7308E-03  5.0917E-02 -1.0329E-04 -5.0283E-04
  9.7980E-03  5.1438E-02 -1.0472E-04 -5.0980E-04
  9.8657E-03  5.1964E-02 -1.0617E-04 -5.1687E-04
  9.9338E-03  5.2494E-02 -1.0764E-04 -5.2403E-04
  1.0002E-02  5.3028E-02 -1.0913E-04 -5.3129E-04
  1.0072E-02  5.3567E-02 -1.1065E-04 -5.3866E-04
  1.0141E-02  5.4111E-02 -1.1218E-04 -5.4612E-04
  1.0211E-02  5.4659E-02 -1.1373E-04 -5.5369E-04
  1.0282E-02  5.5212E-02 -1.1531E-04 -5.6136E-04
  1.0353E-02  5.5769E-02 -1.1691E-04 -5.6913E-04
  1.0424E-02  5.6331E-02 -1.1853E-04 -5.7702E-04
  1.0496E-02  5.6898E-02 -1.2017E-04 -5.8501E-04
  1.0568E-02  5.7469E-02 -1.2183E-04 -5.9311E-04
  1.0641E-02  5.8045E-02 -1.2352E-04 -6.0133E-04
  1.0715E-02  5.8626E-02 -1.2523E-04 -6.0966E-04
  1.0789E-02  5.9211E-02 -1.2697E-04 -6.1810E-04
  1.0863E-02  5.9801E-02 -1.2872E-04 -6.2666E-04
  1.0938E-02  6.0396E-02 -1.3051E-04 -6.3534E-04
  1.1014E-02  6.0996E-02 -1.3231E-04 -6.4413E-04
  1.1090E-02  6.1600E-02 -1.3415E-04 -6.5305E-04
  1.1166E-02  6.2210E-02 -1.3600E-04 -6.6209E-04
  1.1243E-02  6.2824E-02 -1.3789E-04 -6.7126E-04
  1.1321E-02  6.3443E-02 -1.3979E-04 -6.8055E-04
  1.1399E-02  6.4066E-02 -1.4173E-04 -6.8997E-04
  1.1477E-02  6.4695E-02 -1.4369E-04 -6.9952E-04
  1.1557E-02  6.5329E-02 -1.4568E-04 -7.0920E-04
  1.1636E-02  6.5967E-02 -1.4770E-04 -7.1901E-04
  1.1717E-02  6.6610E-02 -1.4974E-04 -7.2896E-04
  1.1797E-02  6.7258E-02 -1.5181E-04 -7.3905E-04
  1.1879E-02  6.7911E-02 -1.5391E-04 -7.4928E-04
  1.1961E-02  6.8569E-02 -1.5604E-04 -7.5964E-04
  1.2043E-02  6.9232E-02 -1.5820E-04 -7.7015E-04
  1.2126E-02  6.9900E-02 -1.6039E-04 -7.8081E-04
  1.2210E-02  7.0573E-02 -1.6261E-04 -7.9161E-04
  1.2294E-02  7.1251E-02 -1.6486E-04 -8.0256E-04
  1.2379E-02  7.1934E-02 -1.6714E-04 -8.1366E-04
  1.2464E-02  7.2621E-02 -1.6945E-04 -8.2491E-04
  1.2550E-02  7.3314E-02 -1.7179E-04 -8.3632E-04
  1.2636E-02  7.4012E-02 -1.7417E-04 -8.4789E-04
  1.2723E-02  7.4714E-02 -1.7658E-04 -8.5961E-04
  1.2811E-02  7.5422E-02 -1.7902E-04 -8.7150E-04
  1.2899E-02  7.6134E-02 -1.8150E-04 -8.8355E-04
  1.2988E-02  7.6852E-02 -1.8400E-04 -8.9577E-04
  1.3078E-02  7.7574E-02 -1.8655E-04 -9.0815E-04
  1.3168E-02  7.8302E-02 -1.8913E-04 -9.2071E-04
  1.3259E-02  7.9034E-02 -1.9174E-04 -9.3344E-04
  1.3350E-02  7.9771E-02 -1.9439E-04 -9.4634E-04
  1.3442E-02  8.0514E-02 -1.9708E-04 -9.5942E-04
  1.3534E-02  8.1261E-02 -1.9980E-04 -9.7268E-04
  1.3628E-02  8.2013E-02 -2.0257E-04 -9.8613E-04
  1.3722E-02  8.2770E-02 -2.0537E-04 -9.9976E-04
  1.3816E-02  8.3532E-02 -2.0820E-04 -1.0136E-03
  1.3911E-02  8.4299E-02 -2.1108E-04 -1.0276E-03
  1.4007E-02  8.5071E-02 -2.1400E-04 -1.0418E-03
  1.4104E-02  8.5848E-02 -2.1696E-04 -1.0562E-03
  1.4201E-02  8.6630E-02 -2.1995E-04 -1.0708E-03
  1.4298E-02  8.7416E-02 -2.2299E-04 -1.0856E-03
  1.4397E-02  8.8208E-02 -2.2607E-04 -1.1006E-03
  1.4496E-02  8.9004E-02 -2.2920E-04 -1.1158E-03
  1.4596E-02  8.9805E-02 -2.3236E-04 -1.1312E-03
  1.4696E-02  9.0611E-02 -2.3557E-04 -1.1468E-03
  1.4797E-02  9.1421E-02 -2.3883E-04 -1.1626E-03
  1.4899E-02  9.2237E-02 -2.4213E-04 -1.1787E-03
  1.5002E-02  9.3057E-02 -2.4547E-04 -1.1950E-03
  1.5105E-02  9.3881E-02 -2.4886E-04 -1.2115E-03
  1.5209E-02  9.4711E-02 -2.5230E-04 -1.2282E-03
  1.5314E-02  9.5545E-02 -2.5578E-04 -1.2452E-03
  1.5419E-02  9.6384E-02 -2.5932E-04 -1.2624E-03
  1.5525E-02  9.7227E-02 -2.6290E-04 -1.2798E-03
  1.5632E-02  9.8075E-02 -2.6653E-04 -1.2975E-03
  1.5740E-02  9.8927E-02 -2.7021E-04 -1.3154E-03
  1.5848E-02  9.9784E-02 -2.7394E-04 -1.3336E-03
  1.5957E-02  1.0065E-01 -2.7772E-04 -1.3520E-03
  1.6067E-02  1.0151E-01 -2.8156E-04 -1.3706E-03
  1.6178E-02  1.0238E-01 -2.8544E-04 -1.3896E-03
  1.6289E-02  1.0326E-01 -2.8938E-04 -1.4087E-03
  1.6401E-02  1.0413E-01 -2.9338E-04 -1.4282E-03
  1.6514E-02  1.0502E-01 -2.9743E-04 -1.4479E-03
  1.6627E-02  1.0590E-01 -3.0153E-04 -1.4679E-03
  1.6742E-02  1.0680E-01 -3.0570E-04 -1.4882E-03
  1.6857E-02  1.0769E-01 -3.0992E-04 -1.5087E-03
  1.6973E-02  1.0859E-01 -3.1419E-04 -1.5295E-03
  1.7090E-02  1.0949E-01 -3.1853E-04 -1.5506E-03
  1.7207E-02  1.1040E-01 -3.2292E-04 -1.5720E-03
  1.7325E-02  1.1131E-01 -3.2738E-04 -1.5937E-03
  1.7445E-02  1.1223E-01 -3.3190E-04 -1.6157E-03
  1.7565E-02  1.1315E-01 -3.3648E-04 -1.6380E-03
  1.7685E-02  1.1407E-01 -3.4112E-04 -1.6606E-03
  1.7807E-02  1.1500E-01 -3.4583E-04 -1.6835E-03
  1.7930E-02  1.1593E-01 -3.5060E-04 -1.7067E-03
  1.8053E-02  1.1686E-01 -3.5544E-04 -1.7303E-03
  1.8177E-02  1.1780E-01 -3.6034E-04 -1.7541E-03
  1.8302E-02  1.1874E-01 -3.6531E-04 -1.7783E-03
  1.8428E-02  1.1968E-01 -3.7035E-04 -1.8029E-03
  1.8554E-02  1.2063E-01 -3.7546E-04 -1.8277E-03
  1.8682E-02  1.2157E-01 -3.8064E-04 -1.8530E-03
  1.8810E-02  1.2253E-01 -3.8589E-04 -1.8785E-03
  1.8940E-02  1.2348E-01 -3.9121E-04 -1.9044E-03
  1.9070E-02  1.2444E-01 -3.9661E-04 -1.9307E-03
  1.9201E-02  1.2540E-01 -4.0208E-04 -1.9573E-03
  1.9333E-02  1.2637E-01 -4.0762E-04 -1.9843E-03
  1.9466E-02  1.2733E-01 -4.1324E-04 -2.0117E-03
  1.9600E-02  1.2830E-01 -4.1894E-04 -2.0394E-03
  1.9734E-02  1.2927E-01 -4.2472E-04 -2.0675E-03
  1.9870E-02  1.3025E-01 -4.3058E-04 -2.0960E-03
  2.0007E-02  1.3122E-01 -4.3651E-04 -2.1249E-03
  2.0144E-02  1.3220E-01 -4.4253E-04 -2.1542E-03
  2.0283E-02  1.3318E-01 -4.4863E-04 -2.1839E-03
  2.0422E-02  1.3416E-01 -4.5482E-04 -2.2140E-03
  2.0562E-02  1.3514E-01 -4.6109E-04 -2.2446E-03
  2.0704E-02  1.3613E-01 -4.6745E-04 -2.2755E-03
  2.0846E-02  1.3711E-01 -4.7389E-04 -2.3069E-03
  2.0989E-02  1.3810E-01 -4.8042E-04 -2.3387E-03
  2.1133E-02  1.3909E-01 -4.8704E-04 -2.3709E-03
  2.1279E-02  1.4008E-01 -4.9376E-04 -2.4036E-03
  2.1425E-02  1.4107E-01 -5.0056E-04 -2.4367E-03
  2.1572E-02  1.4206E-01 -5.0746E-04 -2.4703E-03
  2.1720E-02  1.4305E-01 -5.1446E-04 -2.5043E-03
  2.1869E-02  1.4404E-01 -5.2155E-04 -2.5388E-03
  2.2020E-02  1.4504E-01 -5.2874E-04 -2.5738E-03
  2.2171E-02  1.4603E-01 -5.3602E-04 -2.6093E-03
  2.2323E-02  1.4702E-01 -5.4341E-04 -2.6452E-03
  2.2477E-02  1.4802E-01 -5.5090E-04 -2.6817E-03
  2.2631E-02  1.4901E-01 -5.5849E-04 -2.7186E-03
  2.2786E-02  1.5000E-01 -5.6618E-04 -2.7561E-03
  2.2943E-02  1.5099E-01 -5.7398E-04 -2.7941E-03
  2.3100E-02  1.5199E-01 -5.8189E-04 -2.8326E-03
  2.3259E-02  1.5298E-01 -5.8991E-04 -2.8716E-03
  2.3419E-02  1.5397E-01 -5.9804E-04 -2.9112E-03
  2.3580E-02  1.5495E-01 -6.0628E-04 -2.9513E-03
  2.3742E-02  1.5594E-01 -6.1463E-04 -2.9919E-03
  2.3905E-02  1.5692E-01 -6.2310E-04 -3.0331E-03
  2.4069E-02  1.5791E-01 -6.3168E-04 -3.0749E-03
  2.4234E-02  1.5889E-01 -6.4038E-04 -3.1172E-03
  2.4401E-02  1.5987E-01 -6.4920E-04 -3.1602E-03
  2.4568E-02  1.6084E-01 -6.5814E-04 -3.2037E-03
  2.4737E-02  1.6182E-01 -6.6721E-04 -3.2478E-03
  2.4907E-02  1.6279E-01 -6.7640E-04 -3.2926E-03
  2.5078E-02  1.6376E-01 -6.8571E-04 -3.3379E-03
  2.5250E-02  1.6472E-01 -6.9516E-04 -3.3839E-03
  2.5423E-02  1.6568E-01 -7.0473E-04 -3.4305E-03
  2.5598E-02  1.6664E-01 -7.1444E-04 -3.4777E-03
  2.5774E-02  1.6760E-01 -7.2428E-04 -3.5256E-03
  2.5950E-02  1.6855E-01 -7.3425E-04 -3.5741E-03
  2.6129E-02  1.6949E-01 -7.4436E-04 -3.6233E-03
  2.6308E-02  1.7043E-01 -7.5461E-04 -3.6732E-03
  2.6489E-02  1.7137E-01 -7.6500E-04 -3.7238E-03
  2.6670E-02  1.7230E-01 -7.7553E-04 -3.7751E-03
  2.6853E-02  1.7323E-01 -7.8621E-04 -3.8270E-03
  2.7038E-02  1.7415E-01 -7.9703E-04 -3.8797E-03
  2.7223E-02  1.7506E-01 -8.0801E-04 -3.9331E-03
  2.7410E-02  1.7597E-01 -8.1913E-04 -3.9872E-03
  2.7598E-02  1.7687E-01 -8.3041E-04 -4.0421E-03
  2.7788E-02  1.7777E-01 -8.4184E-04 -4.0978E-03
  2.7979E-02  1.7866E-01 -8.5343E-04 -4.1542E-03
  2.8171E-02  1.7954E-01 -8.6517E-04 -4.2113E-03
  2.8364E-02  1.8041E-01 -8.7708E-04 -4.2693E-03
  2.8559E-02  1.8128E-01 -8.8916E-04 -4.3280E-03
  2.8755E-02  1.8214E-01 -9.0139E-04 -4.3876E-03
  2.8952E-02  1.8299E-01 -9.1380E-04 -4.4480E-03
  2.9151E-02  1.8383E-01 -9.2638E-04 -4.5092E-03
  2.9351E-02  1.8466E-01 -9.3913E-04 -4.5712E-03
  2.9552E-02  1.8549E-01 -9.5205E-04 -4.6341E-03
  2.9755E-02  1.8630E-01 -9.6515E-04 -4.6979E-03
  2.9959E-02  1.8711E-01 -9.7843E-04 -4.7625E-03
  3.0165E-02  1.8790E-01 -9.9190E-04 -4.8281E-03
  3.0372E-02  1.8869E-01 -1.0055E-03 -4.8945E-03
  3.0580E-02  1.8946E-01 -1.0194E-03 -4.9618E-03
  3.0790E-02  1.9022E-01 -1.0334E-03 -5.0301E-03
  3.1001E-02  1.9097E-01 -1.0476E-03 -5.0993E-03
  3.1214E-02  1.9171E-01 -1.0620E-03 -5.1694E-03
  3.1428E-02  1.9244E-01 -1.0767E-03 -5.2405E-03
  3.1643E-02  1.9316E-01 -1.0915E-03 -5.3126E-03
  3.1861E-02  1.9386E-01 -1.1065E-03 -5.3857E-03
  3.2079E-02  1.9455E-01 -1.1217E-03 -5.4598E-03
  3.2299E-02  1.9523E-01 -1.1371E-03 -5.5349E-03
  3.2521E-02  1.9589E-01 -1.1528E-03 -5.6110E-03
  3.2744E-02  1.9654E-01 -1.1686E-03 -5.6881E-03
  3.2969E-02  1.9718E-01 -1.1847E-03 -5.7664E-03
  3.3195E-02  1.9780E-01 -1.2010E-03 -5.8457E-03
  3.3422E-02  1.9840E-01 -1.2175E-03 -5.9261E-03
  3.3652E-02  1.9899E-01 -1.2343E-03 -6.0075E-03
  3.3882E-02  1.9957E-01 -1.2512E-03 -6.0901E-03
  3.4115E-02  2.0013E-01 -1.2684E-03 -6.1739E-03
  3.4349E-02  2.0067E-01 -1.2859E-03 -6.2588E-03
  3.4584E-02  2.0119E-01 -1.3036E-03 -6.3448E-03
  3.4822E-02  2.0170E-01 -1.3215E-03 -6.4320E-03
  3.5061E-02  2.0219E-01 -1.3397E-03 -6.5205E-03
  3.5301E-02  2.0266E-01 -1.3581E-03 -6.6101E-03
  3.5543E-02  2.0311E-01 -1.3768E-03 -6.7010E-03
  3.5787E-02  2.0355E-01 -1.3957E-03 -6.7931E-03
  3.6032E-02  2.0396E-01 -1.4149E-03 -6.8865E-03
  3.6279E-02  2.0436E-01 -1.4343E-03 -6.9811E-03
  3.6528E-02  2.0473E-01 -1.4541E-03 -7.0771E-03
  3.6779E-02  2.0509E-01 -1.4740E-03 -7.1744E-03
  3.7031E-02  2.0542E-01 -1.4943E-03 -7.2730E-03
  3.7285E-02  2.0574E-01 -1.5149E-03 -7.3729E-03
  3.7541E-02  2.0603E-01 -1.5357E-03 -7.4742E-03
  3.7798E-02  2.0630E-01 -1.5568E-03 -7.5770E-03
  3.8057E-02  2.0655E-01 -1.5782E-03 -7.6811E-03
  3.8318E-02  2.0677E-01 -1.5999E-03 -7.7866E-03
  3.8581E-02  2.0697E-01 -1.6219E-03 -7.8936E-03
  3.8845E-02  2.0715E-01 -1.6442E-03 -8.0021E-03
  3.9112E-02  2.0730E-01 -1.6668E-03 -8.1120E-03
  3.9380E-02  2.0743E-01 -1.6897E-03 -8.2235E-03
  3.9650E-02  2.0753E-01 -1.7129E-03 -8.3365E-03
  3.9922E-02  2.0761E-01 -1.7364E-03 -8.4510E-03
  4.0196E-02  2.0767E-01 -1.7603E-03 -8.5671E-03
  4.0471E-02  2.0769E-01 -1.7845E-03 -8.6848E-03
  4.0749E-02  2.0769E-01 -1.8090E-03 -8.8041E-03
  4.1028E-02  2.0766E-01 -1.8339E-03 -8.9250E-03
  4.1309E-02  2.0761E-01 -1.8591E-03 -9.0476E-03
  4.1592E-02  2.0753E-01 -1.8846E-03 -9.1719E-03
  4.1878E-02  2.0742E-01 -1.9105E-03 -9.2978E-03
  4.2165E-02  2.0728E-01 -1.9367E-03 -9.4255E-03
  4.2454E-02  2.0711E-01 -1.9633E-03 -9.5550E-03
  4.2745E-02  2.0691E-01 -1.9903E-03 -9.6862E-03
  4.3038E-02  2.0668E-01 -2.0177E-03 -9.8192E-03
  4.3333E-02  2.0643E-01 -2.0454E-03 -9.9540E-03
  4.3630E-02  2.0614E-01 -2.0735E-03 -1.0091E-02
  4.3929E-02  2.0582E-01 -2.1019E-03 -1.0229E-02
  4.4230E-02  2.0546E-01 -2.1308E-03 -1.0370E-02
  4.4533E-02  2.0508E-01 -2.1601E-03 -1.0512E-02
  4.4839E-02  2.0466E-01 -2.1897E-03 -1.0656E-02
  4.5146E-02  2.0422E-01 -2.2198E-03 -1.0803E-02
  4.5455E-02  2.0373E-01 -2.2503E-03 -1.0951E-02
  4.5767E-02  2.0322E-01 -2.2812E-03 -1.1101E-02
  4.6081E-02  2.0267E-01 -2.3125E-03 -1.1254E-02
  4.6396E-02  2.0208E-01 -2.3443E-03 -1.1408E-02
  4.6714E-02  2.0146E-01 -2.3765E-03 -1.1565E-02
  4.7035E-02  2.0081E-01 -2.4091E-03 -1.1724E-02
  4.7357E-02  2.0012E-01 -2.4422E-03 -1.1884E-02
  4.7682E-02  1.9939E-01 -2.4757E-03 -1.2047E-02
  4.8008E-02  1.9863E-01 -2.5097E-03 -1.2213E-02
  4.8337E-02  1.9783E-01 -2.5442E-03 -1.2380E-02
  4.8669E-02  1.9699E-01 -2.5791E-03 -1.2550E-02
  4.9002E-02  1.9611E-01 -2.6145E-03 -1.2722E-02
  4.9338E-02  1.9520E-01 -2.6504E-03 -1.2897E-02
  4.9676E-02  1.9425E-01 -2.6868E-03 -1.3074E-02
  5.0017E-02  1.9326E-01 -2.7236E-03 -1.3253E-02
  5.0359E-02  1.9223E-01 -2.7610E-03 -1.3435E-02
  5.0704E-02  1.9116E-01 -2.7989E-03 -1.3619E-02
  5.1052E-02  1.9006E-01 -2.8373E-03 -1.3806E-02
  5.1402E-02  1.8891E-01 -2.8763E-03 -1.3996E-02
  5.1754E-02  1.8772E-01 -2.9157E-03 -1.4188E-02
  5.2109E-02  1.8649E-01 -2.9557E-03 -1.4382E-02
  5.2466E-02  1.8522E-01 -2.9963E-03 -1.4579E-02
  5.2825E-02  1.8391E-01 -3.0374E-03 -1.4779E-02
  5.3187E-02  1.8256E-01 -3.0791E-03 -1.4982E-02
  5.3552E-02  1.8116E-01 -3.1213E-03 -1.5188E-02
  5.3919E-02  1.7973E-01 -3.1642E-03 -1.5396E-02
  5.4288E-02  1.7825E-01 -3.2076E-03 -1.5607E-02
  5.4660E-02  1.7673E-01 -3.2516E-03 -1.5821E-02
  5.5034E-02  1.7516E-01 -3.2962E-03 -1.6038E-02
  5.5412E-02  1.7355E-01 -3.3414E-03 -1.6258E-02
  5.5791E-02  1.7190E-01 -3.3872E-03 -1.6480E-02
  5.6173E-02  1.7021E-01 -3.4337E-03 -1.6706E-02
  5.6558E-02  1.6847E-01 -3.4808E-03 -1.6935E-02
  5.6946E-02  1.6669E-01 -3.5285E-03 -1.7167E-02
  5.7336E-02  1.6486E-01 -3.5769E-03 -1.7403E-02
  5.7729E-02  1.6299E-01 -3.6259E-03 -1.7641E-02
  5.8124E-02  1.6107E-01 -3.6757E-03 -1.7883E-02
  5.8523E-02  1.5911E-01 -3.7261E-03 -1.8128E-02
  5.8924E-02  1.5711E-01 -3.7772E-03 -1.8376E-02
  5.9327E-02  1.5506E-01 -3.8289E-03 -1.8628E-02
  5.9734E-02  1.5296E-01 -3.8814E-03 -1.8883E-02
  6.0143E-02  1.5082E-01 -3.9346E-03 -1.9142E-02
  6.0555E-02  1.4864E-01 -3.9886E-03 -1.9404E-02
  6.0970E-02  1.4640E-01 -4.0433E-03 -1.9670E-02
  6.1387E-02  1.4413E-01 -4.0987E-03 -1.9940E-02
  6.1808E-02  1.4181E-01 -4.1549E-03 -2.0213E-02
  6.2231E-02  1.3944E-01 -4.2118E-03 -2.0489E-02
  6.2658E-02  1.3703E-01 -4.2695E-03 -2.0770E-02
  6.3087E-02  1.3457E-01 -4.3280E-03 -2.1054E-02
  6.3519E-02  1.3206E-01 -4.3873E-03 -2.1343E-02
  6.3954E-02  1.2951E-01 -4.4475E-03 -2.1635E-02
  6.4392E-02  1.2692E-01 -4.5084E-03 -2.1931E-02
  6.4833E-02  1.2428E-01 -4.5702E-03 -2.2231E-02
  6.5277E-02  1.2159E-01 -4.6328E-03 -2.2536E-02
  6.5725E-02  1.1886E-01 -4.6962E-03 -2.2844E-02
  6.6175E-02  1.1609E-01 -4.7606E-03 -2.3157E-02
  6.6628E-02  1.1327E-01 -4.8258E-03 -2.3474E-02
  6.7084E-02  1.1040E-01 -4.8919E-03 -2.3795E-02
  6.7544E-02  1.0749E-01 -4.9589E-03 -2.4121E-02
  6.8007E-02  1.0454E-01 -5.0268E-03 -2.4451E-02
  6.8472E-02  1.0154E-01 -5.0956E-03 -2.4785E-02
  6.8941E-02  9.8500E-02 -5.1654E-03 -2.5124E-02
  6.9414E-02  9.5415E-02 -5.2361E-03 -2.5468E-02
  6.9889E-02  9.2287E-02 -5.3078E-03 -2.5816E-02
  7.0368E-02  8.9116E-02 -5.3805E-03 -2.6170E-02
  7.0850E-02  8.5902E-02 -5.4542E-03 -2.6527E-02
  7.1335E-02  8.2646E-02 -5.5288E-03 -2.6890E-02
  7.1824E-02  7.9347E-02 -5.6045E-03 -2.7258E-02
  7.2315E-02  7.6008E-02 -5.6812E-03 -2.7631E-02
  7.2811E-02  7.2627E-02 -5.7590E-03 -2.8009E-02
  7.3309E-02  6.9206E-02 -5.8378E-03 -2.8391E-02
  7.3812E-02  6.5745E-02 -5.9177E-03 -2.8780E-02
  7.4317E-02  6.2243E-02 -5.9987E-03 -2.9173E-02
  7.4826E-02  5.8703E-02 -6.0808E-03 -2.9572E-02
  7.5338E-02  5.5124E-02 -6.1639E-03 -2.9976E-02
  7.5854E-02  5.1507E-02 -6.2483E-03 -3.0385E-02
  7.6374E-02  4.7852E-02 -6.3338E-03 -3.0801E-02
  7.6897E-02  4.4161E-02 -6.4204E-03 -3.1222E-02
  7.7424E-02  4.0433E-02 -6.5082E-03 -3.1648E-02
  7.7954E-02  3.6670E-02 -6.5972E-03 -3.2080E-02
  7.8488E-02  3.2872E-02 -6.6875E-03 -3.2519E-02
  7.9025E-02  2.9040E-02 -6.7789E-03 -3.2963E-02
  7.9566E-02  2.5174E-02 -6.8716E-03 -3.3413E-02
  8.0111E-02  2.1276E-02 -6.9655E-03 -3.3869E-02
  8.0660E-02  1.7345E-02 -7.0608E-03 -3.4332E-02
  8.1212E-02  1.3384E-02 -7.1573E-03 -3.4800E-02
  8.1768E-02  9.3924E-03 -7.2551E-03 -3.5275E-02
  8.2328E-02  5.3715E-03 -7.3543E-03 -3.5757E-02
  8.2892E-02  1.3222E-03 -7.4548E-03 -3.6245E-02
  8.3460E-02 -2.7546E-03 -7.5567E-03 -3.6740E-02
  8.4031E-02 -6.8580E-03 -7.6600E-03 -3.7241E-02
  8.4607E-02 -1.0987E-02 -7.7646E-03 -3.7749E-02
  8.5186E-02 -1.5140E-02 -7.8707E-03 -3.8264E-02
  8.5769E-02 -1.9317E-02 -7.9782E-03 -3.8786E-02
  8.6357E-02 -2.3517E-02 -8.0872E-03 -3.9315E-02
  8.6948E-02 -2.7738E-02 -8.1977E-03 -3.9851E-02
  8.7543E-02 -3.1979E-02 -8.3097E-03 -4.0395E-02
  8.8143E-02 -3.6239E-02 -8.4231E-03 -4.0946E-02
  8.8746E-02 -4.0517E-02 -8.5382E-03 -4.1504E-02
  8.9354E-02 -4.4812E-02 -8.6547E-03 -4.2070E-02
  8.9966E-02 -4.9122E-02 -8.7729E-03 -4.2643E-02
  9.0582E-02 -5.3447E-02 -8.8927E-03 -4.3224E-02
  9.1202E-02 -5.7784E-02 -9.0140E-03 -4.3813E-02
  9.1826E-02 -6.2133E-02 -9.1371E-03 -4.4410E-02
  9.2455E-02 -6.6493E-02 -9.2618E-03 -4.5015E-02
  9.3088E-02 -7.0861E-02 -9.3882E-03 -4.5628E-02
  9.3726E-02 -7.5237E-02 -9.5162E-03 -4.6250E-02
  9.4367E-02 -7.9619E-02 -9.6461E-03 -4.6880E-02
  9.5013E-02 -8.4006E-02 -9.7777E-03 -4.7518E-02
  9.5664E-02 -8.8395E-02 -9.9110E-03 -4.8165E-02
  9.6319E-02 -9.2787E-02 -1.0046E-02 -4.8821E-02
  9.6978E-02 -9.7179E-02 -1.0183E-02 -4.9485E-02
  9.7642E-02 -1.0157E-01 -1.0322E-02 -5.0159E-02
  9.8311E-02 -1.0596E-01 -1.0463E-02 -5.0841E-02
  9.8984E-02 -1.1034E-01 -1.0605E-02 -5.1533E-02
  9.9662E-02 -1.1472E-01 -1.0750E-02 -5.2234E-02
  1.0034E-01 -1.1908E-01 -1.0897E-02 -5.2945E-02
  1.0103E-01 -1.2344E-01 -1.1045E-02 -5.3665E-02
  1.0172E-01 -1.2779E-01 -1.1196E-02 -5.4394E-02
  1.0242E-01 -1.3213E-01 -1.1348E-02 -5.5134E-02
  1.0312E-01 -1.3645E-01 -1.1503E-02 -5.5883E-02
  1.0383E-01 -1.4075E-01 -1.1659E-02 -5.6643E-02
  1.0454E-01 -1.4504E-01 -1.1818E-02 -5.7412E-02
  1.0525E-01 -1.4930E-01 -1.1979E-02 -5.8192E-02
  1.0597E-01 -1.5355E-01 -1.2142E-02 -5.8983E-02
  1.0670E-01 -1.5777E-01 -1.2307E-02 -5.9784E-02
  1.0743E-01 -1.6196E-01 -1.2475E-02 -6.0596E-02
  1.0816E-01 -1.6613E-01 -1.2645E-02 -6.1419E-02
  1.0891E-01 -1.7027E-01 -1.2817E-02 -6.2252E-02
  1.0965E-01 -1.7437E-01 -1.2991E-02 -6.3097E-02
  1.1040E-01 -1.7844E-01 -1.3168E-02 -6.3954E-02
  1.1116E-01 -1.8248E-01 -1.3347E-02 -6.4821E-02
  1.1192E-01 -1.8648E-01 -1.3529E-02 -6.5701E-02
  1.1268E-01 -1.9044E-01 -1.3713E-02 -6.6592E-02
  1.1346E-01 -1.9436E-01 -1.3899E-02 -6.7495E-02
  1.1423E-01 -1.9824E-01 -1.4088E-02 -6.8410E-02
  1.1501E-01 -2.0207E-01 -1.4280E-02 -6.9337E-02
  1.1580E-01 -2.0586E-01 -1.4474E-02 -7.0277E-02
  1.1659E-01 -2.0959E-01 -1.4670E-02 -7.1229E-02
  1.1739E-01 -2.1328E-01 -1.4870E-02 -7.2194E-02
  1.1820E-01 -2.1691E-01 -1.5072E-02 -7.3172E-02
  1.1901E-01 -2.2048E-01 -1.5276E-02 -7.4163E-02
  1.1982E-01 -2.2400E-01 -1.5484E-02 -7.5167E-02
  1.2064E-01 -2.2746E-01 -1.5694E-02 -7.6184E-02
  1.2147E-01 -2.3086E-01 -1.5907E-02 -7.7215E-02
  1.2230E-01 -2.3419E-01 -1.6123E-02 -7.8260E-02
  1.2313E-01 -2.3746E-01 -1.6342E-02 -7.9319E-02
  1.2398E-01 -2.4065E-01 -1.6564E-02 -8.0392E-02
  1.2483E-01 -2.4378E-01 -1.6788E-02 -8.1478E-02
  1.2568E-01 -2.4684E-01 -1.7016E-02 -8.2580E-02
  1.2654E-01 -2.4982E-01 -1.7247E-02 -8.3696E-02
  1.2741E-01 -2.5273E-01 -1.7481E-02 -8.4827E-02
  1.2828E-01 -2.5555E-01 -1.7718E-02 -8.5973E-02
  1.2916E-01 -2.5830E-01 -1.7958E-02 -8.7134E-02
  1.3004E-01 -2.6096E-01 -1.8201E-02 -8.8310E-02
  1.3093E-01 -2.6354E-01 -1.8448E-02 -8.9502E-02
  1.3183E-01 -2.6603E-01 -1.8698E-02 -9.0710E-02
  1.3273E-01 -2.6844E-01 -1.8951E-02 -9.1934E-02
  1.3364E-01 -2.7075E-01 -1.9207E-02 -9.3174E-02
  1.3455E-01 -2.7297E-01 -1.9467E-02 -9.4430E-02
  1.3547E-01 -2.7509E-01 -1.9731E-02 -9.5703E-02
  1.3640E-01 -2.7712E-01 -1.9998E-02 -9.6993E-02
  1.3733E-01 -2.7905E-01 -2.0268E-02 -9.8299E-02
  1.3827E-01 -2.8088E-01 -2.0543E-02 -9.9623E-02
  1.3922E-01 -2.8261E-01 -2.0820E-02 -1.0096E-01
  1.4017E-01 -2.8423E-01 -2.1102E-02 -1.0232E-01
  1.4113E-01 -2.8574E-01 -2.1387E-02 -1.0370E-01
  1.4210E-01 -2.8715E-01 -2.1676E-02 -1.0510E-01
  1.4307E-01 -2.8845E-01 -2.1969E-02 -1.0651E-01
  1.4405E-01 -2.8963E-01 -2.2266E-02 -1.0794E-01
  1.4504E-01 -2.9070E-01 -2.2566E-02 -1.0939E-01
  1.4603E-01 -2.9166E-01 -2.2871E-02 -1.1086E-01
  1.4703E-01 -2.9250E-01 -2.3180E-02 -1.1235E-01
  1.4804E-01 -2.9322E-01 -2.3493E-02 -1.1386E-01
  1.4905E-01 -2.9382E-01 -2.3810E-02 -1.1539E-01
  1.5007E-01 -2.9430E-01 -2.4131E-02 -1.1694E-01
  1.5110E-01 -2.9465E-01 -2.4456E-02 -1.1851E-01
  1.5213E-01 -2.9488E-01 -2.4786E-02 -1.2009E-01
  1.5317E-01 -2.9498E-01 -2.5120E-02 -1.2170E-01
  1.5422E-01 -2.9496E-01 -2.5458E-02 -1.2334E-01
  1.5528E-01 -2.9480E-01 -2.5801E-02 -1.2499E-01
  1.5634E-01 -2.9452E-01 -2.6149E-02 -1.2666E-01
  1.5741E-01 -2.9410E-01 -2.6501E-02 -1.2836E-01
  1.5849E-01 -2.9356E-01 -2.6857E-02 -1.3007E-01
  1.5957E-01 -2.9287E-01 -2.7219E-02 -1.3181E-01
  1.6066E-01 -2.9205E-01 -2.7585E-02 -1.3358E-01
  1.6176E-01 -2.9110E-01 -2.7956E-02 -1.3536E-01
  1.6287E-01 -2.9001E-01 -2.8332E-02 -1.3717E-01
  1.6398E-01 -2.8878E-01 -2.8712E-02 -1.3900E-01
  1.6511E-01 -2.8741E-01 -2.9098E-02 -1.4086E-01
  1.6624E-01 -2.8590E-01 -2.9489E-02 -1.4274E-01
  1.6737E-01 -2.8425E-01 -2.9885E-02 -1.4464E-01
  1.6852E-01 -2.8246E-01 -3.0286E-02 -1.4657E-01
  1.6967E-01 -2.8053E-01 -3.0692E-02 -1.4852E-01
  1.7083E-01 -2.7845E-01 -3.1104E-02 -1.5050E-01
  1.7200E-01 -2.7623E-01 -3.1521E-02 -1.5250E-01
  1.7318E-01 -2.7387E-01 -3.1943E-02 -1.5453E-01
  1.7436E-01 -2.7137E-01 -3.2371E-02 -1.5659E-01
  1.7556E-01 -2.6872E-01 -3.2805E-02 -1.5867E-01
  1.7676E-01 -2.6592E-01 -3.3244E-02 -1.6078E-01
  1.7797E-01 -2.6298E-01 -3.3689E-02 -1.6291E-01
  1.7919E-01 -2.5990E-01 -3.4140E-02 -1.6507E-01
  1.8041E-01 -2.5668E-01 -3.4597E-02 -1.6726E-01
  1.8165E-01 -2.5331E-01 -3.5059E-02 -1.6948E-01
  1.8289E-01 -2.4979E-01 -3.5528E-02 -1.7173E-01
  1.8414E-01 -2.4613E-01 -3.6002E-02 -1.7400E-01
  1.8540E-01 -2.4233E-01 -3.6483E-02 -1.7631E-01
  1.8667E-01 -2.3839E-01 -3.6970E-02 -1.7864E-01
  1.8795E-01 -2.3430E-01 -3.7464E-02 -1.8100E-01
  1.8924E-01 -2.3008E-01 -3.7963E-02 -1.8339E-01
  1.9053E-01 -2.2571E-01 -3.8469E-02 -1.8582E-01
  1.9183E-01 -2.2120E-01 -3.8982E-02 -1.8827E-01
  1.9315E-01 -2.1655E-01 -3.9501E-02 -1.9075E-01
  1.9447E-01 -2.1177E-01 -4.0027E-02 -1.9327E-01
  1.9580E-01 -2.0685E-01 -4.0560E-02 -1.9582E-01
  1.9714E-01 -2.0179E-01 -4.1100E-02 -1.9840E-01
  1.9849E-01 -1.9659E-01 -4.1646E-02 -2.0101E-01
  1.9985E-01 -1.9127E-01 -4.2200E-02 -2.0365E-01
  2.0121E-01 -1.8581E-01 -4.2761E-02 -2.0633E-01
  2.0259E-01 -1.8022E-01 -4.3328E-02 -2.0904E-01
  2.0398E-01 -1.7451E-01 -4.3903E-02 -2.1178E-01
  2.0537E-01 -1.6866E-01 -4.4486E-02 -2.1456E-01
  2.0678E-01 -1.6269E-01 -4.5076E-02 -2.1737E-01
  2.0819E-01 -1.5660E-01 -4.5673E-02 -2.2022E-01
  2.0962E-01 -1.5039E-01 -4.6278E-02 -2.2310E-01
  2.1105E-01 -1.4406E-01 -4.6891E-02 -2.2602E-01
  2.1250E-01 -1.3761E-01 -4.7512E-02 -2.2898E-01
  2.1395E-01 -1.3105E-01 -4.8140E-02 -2.3197E-01
  2.1542E-01 -1.2437E-01 -4.8776E-02 -2.3499E-01
  2.1689E-01 -1.1759E-01 -4.9421E-02 -2.3806E-01
  2.1837E-01 -1.1069E-01 -5.0073E-02 -2.4116E-01
  2.1987E-01 -1.0370E-01 -5.0734E-02 -2.4430E-01
  2.2137E-01 -9.6599E-02 -5.1403E-02 -2.4748E-01
  2.2289E-01 -8.9403E-02 -5.2081E-02 -2.5070E-01
  2.2441E-01 -8.2111E-02 -5.2767E-02 -2.5395E-01
  2.2595E-01 -7.4726E-02 -5.3462E-02 -2.5725E-01
  2.2749E-01 -6.7252E-02 -5.4165E-02 -2.6058E-01
  2.2905E-01 -5.9691E-02 -5.4878E-02 -2.6396E-01
  2.3062E-01 -5.2048E-02 -5.5599E-02 -2.6737E-01
  2.3220E-01 -4.4324E-02 -5.6329E-02 -2.7083E-01
  2.3379E-01 -3.6525E-02 -5.7068E-02 -2.7433E-01
  2.3538E-01 -2.8653E-02 -5.7817E-02 -2.7787E-01
  2.3700E-01 -2.0713E-02 -5.8575E-02 -2.8145E-01
  2.3862E-01 -1.2707E-02 -5.9342E-02 -2.8508E-01
  2.4025E-01 -4.6398E-03 -6.0119E-02 -2.8874E-01
  2.4189E-01  3.4847E-03 -6.0905E-02 -2.9245E-01
  2.4355E-01  1.1663E-02 -6.1702E-02 -2.9621E-01
  2.4522E-01  1.9890E-02 -6.2508E-02 -3.0001E-01
  2.4689E-01  2.8162E-02 -6.3324E-02 -3.0385E-01
  2.4858E-01  3.6476E-02 -6.4150E-02 -3.0774E-01
  2.5028E-01  4.4826E-02 -6.4986E-02 -3.1168E-01
  2.5200E-01  5.3208E-02 -6.5832E-02 -3.1566E-01
  2.5372E-01  6.1619E-02 -6.6689E-02 -3.1968E-01
  2.5546E-01  7.0052E-02 -6.7557E-02 -3.2376E-01
  2.5720E-01  7.8505E-02 -6.8434E-02 -3.2788E-01
  2.5896E-01  8.6973E-02 -6.9323E-02 -3.3204E-01
  2.6074E-01  9.5449E-02 -7.0222E-02 -3.3626E-01
  2.6252E-01  1.0393E-01 -7.1133E-02 -3.4052E-01
  2.6432E-01  1.1241E-01 -7.2054E-02 -3.4483E-01
  2.6613E-01  1.2089E-01 -7.2987E-02 -3.4919E-01
  2.6795E-01  1.2936E-01 -7.3930E-02 -3.5360E-01
  2.6978E-01  1.3781E-01 -7.4886E-02 -3.5806E-01
  2.7163E-01  1.4625E-01 -7.5852E-02 -3.6257E-01
  2.7348E-01  1.5466E-01 -7.6830E-02 -3.6713E-01
  2.7536E-01  1.6304E-01 -7.7820E-02 -3.7174E-01
  2.7724E-01  1.7138E-01 -7.8822E-02 -3.7641E-01
  2.7914E-01  1.7969E-01 -7.9836E-02 -3.8112E-01
  2.8105E-01  1.8795E-01 -8.0861E-02 -3.8588E-01
  2.8297E-01  1.9617E-01 -8.1899E-02 -3.9070E-01
  2.8490E-01  2.0432E-01 -8.2950E-02 -3.9557E-01
  2.8685E-01  2.1242E-01 -8.4012E-02 -4.0049E-01
  2.8882E-01  2.2045E-01 -8.5087E-02 -4.0547E-01
  2.9079E-01  2.2841E-01 -8.6175E-02 -4.1050E-01
  2.9278E-01  2.3630E-01 -8.7276E-02 -4.1558E-01
  2.9479E-01  2.4411E-01 -8.8389E-02 -4.2072E-01
  2.9680E-01  2.5183E-01 -8.9515E-02 -4.2591E-01
  2.9883E-01  2.5945E-01 -9.0655E-02 -4.3116E-01
  3.0088E-01  2.6699E-01 -9.1807E-02 -4.3646E-01
  3.0294E-01  2.7442E-01 -9.2973E-02 -4.4182E-01
  3.0501E-01  2.8174E-01 -9.4153E-02 -4.4723E-01
  3.0710E-01  2.8895E-01 -9.5346E-02 -4.5270E-01
  3.0920E-01  2.9605E-01 -9.6553E-02 -4.5822E-01
  3.1131E-01  3.0302E-01 -9.7773E-02 -4.6380E-01
  3.1344E-01  3.0986E-01 -9.9008E-02 -4.6944E-01
  3.1559E-01  3.1658E-01 -1.0026E-01 -4.7513E-01
  3.1775E-01  3.2315E-01 -1.0152E-01 -4.8088E-01
  3.1992E-01  3.2959E-01 -1.0280E-01 -4.8669E-01
  3.2211E-01  3.3587E-01 -1.0409E-01 -4.9255E-01
  3.2431E-01  3.4200E-01 -1.0539E-01 -4.9847E-01
  3.2653E-01  3.4798E-01 -1.0671E-01 -5.0445E-01
  3.2877E-01  3.5380E-01 -1.0805E-01 -5.1049E-01
  3.3102E-01  3.5944E-01 -1.0940E-01 -5.1658E-01
  3.3328E-01  3.6492E-01 -1.1076E-01 -5.2274E-01
  3.3556E-01  3.7022E-01 -1.1214E-01 -5.2895E-01
  3.3786E-01  3.7534E-01 -1.1354E-01 -5.3522E-01
  3.4017E-01  3.8028E-01 -1.1495E-01 -5.4154E-01
  3.4250E-01  3.8502E-01 -1.1637E-01 -5.4793E-01
  3.4484E-01  3.8958E-01 -1.1782E-01 -5.5437E-01
  3.4720E-01  3.9393E-01 -1.1927E-01 -5.6087E-01
  3.4957E-01  3.9809E-01 -1.2074E-01 -5.6742E-01
  3.5197E-01  4.0203E-01 -1.2223E-01 -5.7404E-01
  3.5437E-01  4.0577E-01 -1.2374E-01 -5.8071E-01
  3.5680E-01  4.0930E-01 -1.2526E-01 -5.8744E-01
  3.5924E-01  4.1261E-01 -1.2679E-01 -5.9423E-01
  3.6170E-01  4.1569E-01 -1.2835E-01 -6.0107E-01
  3.6417E-01  4.1856E-01 -1.2991E-01 -6.0797E-01
  3.6666E-01  4.2119E-01 -1.3150E-01 -6.1493E-01
  3.6917E-01  4.2359E-01 -1.3310E-01 -6.2195E-01
  3.7170E-01  4.2576E-01 -1.3472E-01 -6.2902E-01
  3.7424E-01  4.2770E-01 -1.3635E-01 -6.3614E-01
  3.7680E-01  4.2939E-01 -1.3800E-01 -6.4332E-01
  3.7938E-01  4.3084E-01 -1.3967E-01 -6.5056E-01
  3.8197E-01  4.3205E-01 -1.4136E-01 -6.5785E-01
  3.8459E-01  4.3301E-01 -1.4306E-01 -6.6519E-01
  3.8722E-01  4.3371E-01 -1.4478E-01 -6.7258E-01
  3.8987E-01  4.3417E-01 -1.4651E-01 -6.8003E-01
  3.9254E-01  4.3437E-01 -1.4827E-01 -6.8753E-01
  3.9522E-01  4.3432E-01 -1.5004E-01 -6.9509E-01
  3.9792E-01  4.3401E-01 -1.5183E-01 -7.0269E-01
  4.0065E-01  4.3344E-01 -1.5363E-01 -7.1034E-01
  4.0339E-01  4.3260E-01 -1.5545E-01 -7.1804E-01
  4.0615E-01  4.3151E-01 -1.5729E-01 -7.2579E-01
  4.0893E-01  4.3015E-01 -1.5915E-01 -7.3359E-01
  4.1172E-01  4.2853E-01 -1.6102E-01 -7.4143E-01
  4.1454E-01  4.2665E-01 -1.6292E-01 -7.4932E-01
  4.1738E-01  4.2449E-01 -1.6483E-01 -7.5725E-01
  4.2023E-01  4.2208E-01 -1.6675E-01 -7.6522E-01
  4.2311E-01  4.1939E-01 -1.6870E-01 -7.7324E-01
  4.2600E-01  4.1644E-01 -1.7066E-01 -7.8129E-01
  4.2892E-01  4.1322E-01 -1.7264E-01 -7.8939E-01
  4.3185E-01  4.0974E-01 -1.7464E-01 -7.9752E-01
  4.3481E-01  4.0599E-01 -1.7665E-01 -8.0569E-01
  4.3778E-01  4.0197E-01 -1.7869E-01 -8.1389E-01
  4.4077E-01  3.9769E-01 -1.8074E-01 -8.2212E-01
  4.4379E-01  3.9314E-01 -1.8280E-01 -8.3039E-01
  4.4683E-01  3.8834E-01 -1.8489E-01 -8.3868E-01
  4.4988E-01  3.8327E-01 -1.8699E-01 -8.4700E-01
  4.5296E-01  3.7793E-01 -1.8911E-01 -8.5535E-01
  4.5606E-01  3.7234E-01 -1.9125E-01 -8.6372E-01
  4.5918E-01  3.6650E-01 -1.9341E-01 -8.7211E-01
  4.6232E-01  3.6039E-01 -1.9558E-01 -8.8053E-01
  4.6548E-01  3.5403E-01 -1.9777E-01 -8.8895E-01
  4.6867E-01  3.4743E-01 -1.9998E-01 -8.9739E-01
  4.7188E-01  3.4057E-01 -2.0220E-01 -9.0585E-01
  4.7510E-01  3.3346E-01 -2.0444E-01 -9.1431E-01
  4.7835E-01  3.2611E-01 -2.0670E-01 -9.2278E-01
  4.8163E-01  3.1852E-01 -2.0897E-01 -9.3125E-01
  4.8492E-01  3.1069E-01 -2.1126E-01 -9.3972E-01
  4.8824E-01  3.0263E-01 -2.1357E-01 -9.4819E-01
  4.9158E-01  2.9433E-01 -2.1589E-01 -9.5666E-01
  4.9494E-01  2.8581E-01 -2.1823E-01 -9.6511E-01
  4.9833E-01  2.7706E-01 -2.2059E-01 -9.7356E-01
  5.0174E-01  2.6809E-01 -2.2296E-01 -9.8199E-01
  5.0517E-01  2.5890E-01 -2.2535E-01 -9.9039E-01
  5.0862E-01  2.4949E-01 -2.2775E-01 -9.9878E-01
  5.1210E-01  2.3988E-01 -2.3017E-01 -1.0071E+00
  5.1561E-01  2.3007E-01 -2.3260E-01 -1.0155E+00
  5.1914E-01  2.2005E-01 -2.3505E-01 -1.0238E+00
  5.2269E-01  2.0984E-01 -2.3751E-01 -1.0320E+00
  5.2626E-01  1.9943E-01 -2.3999E-01 -1.0402E+00
  5.2986E-01  1.8884E-01 -2.4247E-01 -1.0484E+00
  5.3349E-01  1.7807E-01 -2.4498E-01 -1.0565E+00
  5.3714E-01  1.6712E-01 -2.4749E-01 -1.0645E+00
  5.4081E-01  1.5600E-01 -2.5002E-01 -1.0725E+00
  5.4451E-01  1.4472E-01 -2.5256E-01 -1.0804E+00
  5.4824E-01  1.3327E-01 -2.5512E-01 -1.0883E+00
  5.5199E-01  1.2167E-01 -2.5768E-01 -1.0960E+00
  5.5576E-01  1.0992E-01 -2.6026E-01 -1.1037E+00
  5.5957E-01  9.8031E-02 -2.6285E-01 -1.1113E+00
  5.6339E-01  8.6001E-02 -2.6545E-01 -1.1188E+00
  5.6725E-01  7.3840E-02 -2.6805E-01 -1.1262E+00
  5.7113E-01  6.1554E-02 -2.7067E-01 -1.1335E+00
  5.7503E-01  4.9149E-02 -2.7330E-01 -1.1406E+00
  5.7897E-01  3.6631E-02 -2.7594E-01 -1.1477E+00
  5.8293E-01  2.4007E-02 -2.7858E-01 -1.1546E+00
  5.8692E-01  1.1282E-02 -2.8123E-01 -1.1614E+00
  5.9093E-01 -1.5350E-03 -2.8389E-01 -1.1680E+00
  5.9497E-01 -1.4439E-02 -2.8655E-01 -1.1745E+00
  5.9905E-01 -2.7423E-02 -2.8922E-01 -1.1808E+00
  6.0314E-01 -4.0481E-02 -2.9190E-01 -1.1870E+00
  6.0727E-01 -5.3604E-02 -2.9458E-01 -1.1930E+00
  6.1142E-01 -6.6788E-02 -2.9726E-01 -1.1988E+00
  6.1561E-01 -8.0023E-02 -2.9994E-01 -1.2044E+00
  6.1982E-01 -9.3305E-02 -3.0263E-01 -1.2098E+00
  6.2406E-01 -1.0662E-01 -3.0532E-01 -1.2150E+00
  6.2833E-01 -1.1998E-01 -3.0801E-01 -1.2200E+00
  6.3262E-01 -1.3335E-01 -3.1070E-01 -1.2247E+00
  6.3695E-01 -1.4674E-01 -3.1339E-01 -1.2293E+00
  6.4131E-01 -1.6014E-01 -3.1607E-01 -1.2335E+00
  6.4570E-01 -1.7355E-01 -3.1876E-01 -1.2376E+00
  6.5011E-01 -1.8695E-01 -3.2144E-01 -1.2413E+00
  6.5456E-01 -2.0033E-01 -3.2411E-01 -1.2448E+00
  6.5904E-01 -2.1370E-01 -3.2678E-01 -1.2480E+00
  6.6355E-01 -2.2704E-01 -3.2944E-01 -1.2509E+00
  6.6809E-01 -2.4035E-01 -3.3209E-01 -1.2535E+00
  6.7266E-01 -2.5361E-01 -3.3474E-01 -1.2558E+00
  6.7726E-01 -2.6682E-01 -3.3737E-01 -1.2577E+00
  6.8189E-01 -2.7998E-01 -3.4000E-01 -1.2594E+00
  6.8656E-01 -2.9308E-01 -3.4261E-01 -1.2606E+00
  6.9125E-01 -3.0610E-01 -3.4520E-01 -1.2615E+00
  6.9598E-01 -3.1904E-01 -3.4779E-01 -1.2621E+00
  7.0074E-01 -3.3190E-01 -3.5035E-01 -1.2622E+00
  7.0554E-01 -3.4466E-01 -3.5290E-01 -1.2619E+00
  7.1036E-01 -3.5732E-01 -3.5543E-01 -1.2613E+00
  7.1522E-01 -3.6988E-01 -3.5793E-01 -1.2602E+00
  7.2011E-01 -3.8231E-01 -3.6042E-01 -1.2587E+00
  7.2504E-01 -3.9463E-01 -3.6288E-01 -1.2567E+00
  7.3000E-01 -4.0681E-01 -3.6532E-01 -1.2543E+00
  7.3499E-01 -4.1886E-01 -3.6772E-01 -1.2514E+00
  7.4002E-01 -4.3076E-01 -3.7011E-01 -1.2480E+00
  7.4508E-01 -4.4251E-01 -3.7246E-01 -1.2441E+00
  7.5018E-01 -4.5410E-01 -3.7478E-01 -1.2397E+00
  7.5531E-01 -4.6553E-01 -3.7706E-01 -1.2348E+00
  7.6048E-01 -4.7678E-01 -3.7931E-01 -1.2294E+00
  7.6568E-01 -4.8785E-01 -3.8152E-01 -1.2234E+00
  7.7092E-01 -4.9874E-01 -3.8370E-01 -1.2168E+00
  7.7619E-01 -5.0943E-01 -3.8583E-01 -1.2096E+00
  7.8150E-01 -5.1992E-01 -3.8792E-01 -1.2019E+00
  7.8685E-01 -5.3021E-01 -3.8997E-01 -1.1936E+00
  7.9223E-01 -5.4028E-01 -3.9196E-01 -1.1846E+00
  7.9765E-01 -5.5013E-01 -3.9391E-01 -1.1751E+00
  8.0311E-01 -5.5976E-01 -3.9581E-01 -1.1649E+00
  8.0860E-01 -5.6915E-01 -3.9765E-01 -1.1540E+00
  8.1413E-01 -5.7831E-01 -3.9944E-01 -1.1425E+00
  8.1970E-01 -5.8722E-01 -4.0117E-01 -1.1303E+00
  8.2531E-01 -5.9587E-01 -4.0283E-01 -1.1174E+00
  8.3096E-01 -6.0427E-01 -4.0444E-01 -1.1038E+00
  8.3664E-01 -6.1241E-01 -4.0598E-01 -1.0895E+00
  8.4236E-01 -6.2028E-01 -4.0745E-01 -1.0745E+00
  8.4813E-01 -6.2787E-01 -4.0885E-01 -1.0587E+00
  8.5393E-01 -6.3519E-01 -4.1018E-01 -1.0422E+00
  8.5977E-01 -6.4221E-01 -4.1143E-01 -1.0249E+00
  8.6565E-01 -6.4895E-01 -4.1260E-01 -1.0069E+00
  8.7157E-01 -6.5539E-01 -4.1369E-01 -9.8814E-01
  8.7753E-01 -6.6153E-01 -4.1470E-01 -9.6857E-01
  8.8354E-01 -6.6736E-01 -4.1562E-01 -9.4821E-01
  8.8958E-01 -6.7289E-01 -4.1645E-01 -9.2706E-01
  8.9567E-01 -6.7809E-01 -4.1718E-01 -9.0510E-01
  9.0179E-01 -6.8298E-01 -4.1782E-01 -8.8233E-01
  9.0796E-01 -6.8754E-01 -4.1836E-01 -8.5875E-01
  9.1417E-01 -6.9177E-01 -4.1880E-01 -8.3435E-01
  9.2043E-01 -6.9567E-01 -4.1914E-01 -8.0914E-01
  9.2672E-01 -6.9923E-01 -4.1936E-01 -7.8309E-01
  9.3306E-01 -7.0244E-01 -4.1947E-01 -7.5622E-01
  9.3944E-01 -7.0531E-01 -4.1947E-01 -7.2852E-01
  9.4587E-01 -7.0784E-01 -4.1935E-01 -6.9999E-01
  9.5234E-01 -7.1001E-01 -4.1910E-01 -6.7064E-01
  9.5885E-01 -7.1182E-01 -4.1873E-01 -6.4046E-01
  9.6541E-01 -7.1327E-01 -4.1824E-01 -6.0946E-01
  9.7202E-01 -7.1437E-01 -4.1761E-01 -5.7764E-01
  9.7867E-01 -7.1509E-01 -4.1684E-01 -5.4502E-01
  9.8536E-01 -7.1545E-01 -4.1593E-01 -5.1159E-01
  9.9210E-01 -7.1544E-01 -4.1488E-01 -4.7736E-01
  9.9889E-01 -7.1505E-01 -4.1369E-01 -4.4235E-01
  1.0057E+00 -7.1429E-01 -4.1234E-01 -4.0657E-01
  1.0126E+00 -7.1315E-01 -4.1084E-01 -3.7002E-01
  1.0195E+00 -7.1164E-01 -4.0918E-01 -3.3273E-01
  1.0265E+00 -7.0974E-01 -4.0736E-01 -2.9471E-01
  1.0335E+00 -7.0746E-01 -4.0537E-01 -2.5598E-01
  1.0406E+00 -7.0479E-01 -4.0322E-01 -2.1656E-01
  1.0477E+00 -7.0174E-01 -4.0089E-01 -1.7646E-01
  1.0549E+00 -6.9830E-01 -3.9838E-01 -1.3572E-01
  1.0621E+00 -6.9447E-01 -3.9569E-01 -9.4350E-02
  1.0694E+00 -6.9026E-01 -3.9282E-01 -5.2389E-02
  1.0767E+00 -6.8566E-01 -3.8976E-01 -9.8604E-03
  1.0840E+00 -6.8067E-01 -3.8650E-01  3.3203E-02
  1.0915E+00 -6.7529E-01 -3.8305E-01  7.6770E-02
  1.0989E+00 -6.6952E-01 -3.7940E-01  1.2080E-01
  1.1064E+00 -6.6337E-01 -3.7554E-01  1.6527E-01
  1.1140E+00 -6.5682E-01 -3.7148E-01  2.1012E-01
  1.1216E+00 -6.4989E-01 -3.6720E-01  2.5533E-01
  1.1293E+00 -6.4257E-01 -3.6271E-01  3.0084E-01
  1.1370E+00 -6.3486E-01 -3.5800E-01  3.4661E-01
  1.1448E+00 -6.2677E-01 -3.5306E-01  3.9260E-01
  1.1526E+00 -6.1830E-01 -3.4790E-01  4.3875E-01
  1.1605E+00 -6.0945E-01 -3.4251E-01  4.8500E-01
  1.1685E+00 -6.0021E-01 -3.3688E-01  5.3132E-01
  1.1764E+00 -5.9060E-01 -3.3102E-01  5.7763E-01
  1.1845E+00 -5.8062E-01 -3.2491E-01  6.2389E-01
  1.1926E+00 -5.7026E-01 -3.1856E-01  6.7003E-01
  1.2008E+00 -5.5953E-01 -3.1197E-01  7.1598E-01
  1.2090E+00 -5.4843E-01 -3.0512E-01  7.6169E-01
  1.2172E+00 -5.3697E-01 -2.9801E-01  8.0709E-01
  1.2256E+00 -5.2515E-01 -2.9065E-01  8.5210E-01
  1.2339E+00 -5.1297E-01 -2.8303E-01  8.9667E-01
  1.2424E+00 -5.0044E-01 -2.7515E-01  9.4071E-01
  1.2509E+00 -4.8756E-01 -2.6700E-01  9.8416E-01
  1.2594E+00 -4.7433E-01 -2.5858E-01  1.0269E+00
  1.2681E+00 -4.6076E-01 -2.4990E-01  1.0690E+00
  1.2767E+00 -4.4685E-01 -2.4094E-01  1.1102E+00
  1.2855E+00 -4.3261E-01 -2.3170E-01  1.1505E+00
  1.2943E+00 -4.1805E-01 -2.2219E-01  1.1898E+00
  1.3031E+00 -4.0316E-01 -2.1240E-01  1.2281E+00
  1.3120E+00 -3.8796E-01 -2.0233E-01  1.2652E+00
  1.3210E+00 -3.7244E-01 -1.9198E-01  1.3011E+00
  1.3300E+00 -3.5662E-01 -1.8134E-01  1.3357E+00
  1.3391E+00 -3.4050E-01 -1.7043E-01  1.3690E+00
  1.3483E+00 -3.2409E-01 -1.5923E-01  1.4007E+00
  1.3575E+00 -3.0739E-01 -1.4774E-01  1.4309E+00
  1.3668E+00 -2.9041E-01 -1.3597E-01  1.4596E+00
  1.3762E+00 -2.7316E-01 -1.2392E-01  1.4865E+00
  1.3856E+00 -2.5565E-01 -1.1158E-01  1.5116E+00
  1.3950E+00 -2.3788E-01 -9.8960E-02  1.5349E+00
  1.4046E+00 -2.1985E-01 -8.6058E-02  1.5563E+00
  1.4142E+00 -2.0159E-01 -7.2876E-02  1.5757E+00
  1.4239E+00 -1.8309E-01 -5.9414E-02  1.5930E+00
  1.4336E+00 -1.6436E-01 -4.5676E-02  1.6082E+00
  1.4434E+00 -1.4541E-01 -3.1664E-02  1.6213E+00
  1.4533E+00 -1.2626E-01 -1.7379E-02  1.6321E+00
  1.4632E+00 -1.0690E-01 -2.8265E-03  1.6406E+00
  1.4732E+00 -8.7358E-02  1.1991E-02  1.6468E+00
  1.4833E+00 -6.7631E-02  2.7070E-02  1.6506E+00
  1.4935E+00 -4.7731E-02  4.2405E-02  1.6520E+00
  1.5037E+00 -2.7669E-02  5.7993E-02  1.6510E+00
  1.5140E+00 -7.4536E-03  7.3826E-02  1.6474E+00
  1.5243E+00  1.2904E-02  8.9901E-02  1.6414E+00
  1.5347E+00  3.3393E-02  1.0621E-01  1.6329E+00
  1.5452E+00  5.4004E-02  1.2275E-01  1.6219E+00
  1.5558E+00  7.4725E-02  1.3951E-01  1.6084E+00
  1.5665E+00  9.5546E-02  1.5648E-01  1.5923E+00
  1.5772E+00  1.1646E-01  1.7366E-01  1.5738E+00
  1.5880E+00  1.3744E-01  1.9103E-01  1.5529E+00
  1.5988E+00  1.5849E-01  2.0859E-01  1.5295E+00
  1.6098E+00  1.7960E-01  2.2633E-01  1.5038E+00
  1.6208E+00  2.0074E-01  2.4424E-01  1.4757E+00
  1.6319E+00  2.2192E-01  2.6231E-01  1.4454E+00
  1.6430E+00  2.4311E-01  2.8052E-01  1.4129E+00
  1.6543E+00  2.6431E-01  2.9886E-01  1.3783E+00
  1.6656E+00  2.8550E-01  3.1733E-01  1.3418E+00
  1.6770E+00  3.0667E-01  3.3591E-01  1.3033E+00
  1.6884E+00  3.2780E-01  3.5458E-01  1.2630E+00
  1.7000E+00  3.4888E-01  3.7333E-01  1.2211E+00
  1.7116E+00  3.6990E-01  3.9216E-01  1.1776E+00
  1.7233E+00  3.9085E-01  4.1103E-01  1.1327E+00
  1.7351E+00  4.1171E-01  4.2994E-01  1.0866E+00
  1.7470E+00  4.3247E-01  4.4887E-01  1.0395E+00
  1.7589E+00  4.5310E-01  4.6781E-01  9.9135E-01
  1.7710E+00  4.7361E-01  4.8674E-01  9.4250E-01
  1.7831E+00  4.9397E-01  5.0563E-01  8.9309E-01
  1.7953E+00  5.1417E-01  5.2448E-01  8.4331E-01
  1.8075E+00  5.3420E-01  5.4326E-01  7.9334E-01
  1.8199E+00  5.5403E-01  5.6196E-01  7.4339E-01
  1.8324E+00  5.7366E-01  5.8055E-01  6.9366E-01
  1.8449E+00  5.9307E-01  5.9902E-01  6.4434E-01
  1.8575E+00  6.1225E-01  6.1735E-01  5.9565E-01
  1.8702E+00  6.3117E-01  6.3552E-01  5.4778E-01
  1.8830E+00  6.4983E-01  6.5350E-01  5.0095E-01
  1.8959E+00  6.6820E-01  6.7127E-01  4.5534E-01
  1.9089E+00  6.8628E-01  6.8883E-01  4.1115E-01
  1.9219E+00  7.0404E-01  7.0614E-01  3.6858E-01
  1.9351E+00  7.2148E-01  7.2318E-01  3.2779E-01
  1.9483E+00  7.3857E-01  7.3993E-01  2.8896E-01
  1.9616E+00  7.5530E-01  7.5638E-01  2.5225E-01
  1.9750E+00  7.7166E-01  7.7249E-01  2.1779E-01
  1.9886E+00  7.8762E-01  7.8826E-01  1.8571E-01
  2.0022E+00  8.0317E-01  8.0365E-01  1.5612E-01
  2.0158E+00  8.1830E-01  8.1865E-01  1.2910E-01
  2.0296E+00  8.3299E-01  8.3324E-01  1.0472E-01
  2.0435E+00  8.4722E-01  8.4739E-01  8.3019E-02
  2.0575E+00  8.6098E-01  8.6110E-01  6.3998E-02
  2.0716E+00  8.7425E-01  8.7433E-01  4.7639E-02
  2.0857E+00  8.8702E-01  8.8706E-01  3.3887E-02
  2.1000E+00  8.9927E-01  8.9929E-01  2.2655E-02
  2.1144E+00  9.1098E-01  9.1099E-01  1.3815E-02
  2.1288E+00  9.2214E-01  9.2214E-01  7.2013E-03
  2.1434E+00  9.3273E-01  9.3273E-01  2.6038E-03
  2.1581E+00  9.4273E-01  9.4274E-01 -2.3081E-04
  2.1728E+00  9.5214E-01  9.5214E-01 -1.6038E-03
  2.1877E+00  9.6094E-01  9.6094E-01 -1.8659E-03
  2.2026E+00  9.6911E-01  9.6911E-01 -1.4201E-03
  2.2177E+00  9.7663E-01  9.7663E-01 -7.2290E-04
  2.2329E+00  9.8350E-01  9.8350E-01 -3.4437E-04
  2.2482E+00  9.8969E-01  9.8969E-01 -1.8678E-04
  2.2635E+00  9.9520E-01  9.9520E-01  0.0000E+00
  2.2790E+00  1.0000E+00  1.0000E+00  0.0000E+00
  2.2946E+00  1.0041E+00  1.0041E+00  0.0000E+00
  2.3103E+00  1.0074E+00  1.0074E+00  0.0000E+00
  2.3261E+00  1.0101E+00  1.0101E+00  0.0000E+00
  2.3420E+00  1.0119E+00  1.0119E+00  0.0000E+00
  2.3580E+00  1.0130E+00  1.0130E+00  0.0000E+00
  2.3742E+00  1.0133E+00  1.0133E+00  0.0000E+00
  2.3904E+00  1.0129E+00  1.0129E+00  0.0000E+00
  2.4068E+00  1.0116E+00  1.0116E+00  0.0000E+00
  2.4232E+00  1.0095E+00  1.0095E+00  0.0000E+00
  2.4398E+00  1.0066E+00  1.0066E+00  0.0000E+00
  2.4565E+00  1.0028E+00  1.0028E+00  0.0000E+00
  2.4733E+00  9.9823E-01  9.9823E-01  0.0000E+00
  2.4902E+00  9.9278E-01  9.9278E-01  0.0000E+00
  2.5072E+00  9.8647E-01  9.8647E-01  0.0000E+00
  2.5244E+00  9.7929E-01  9.7929E-01  0.0000E+00
  2.5417E+00  9.7123E-01  9.7123E-01  0.0000E+00
  2.5590E+00  9.6229E-01  9.6229E-01  0.0000E+00
  2.5765E+00  9.5246E-01  9.5246E-01  0.0000E+00
  2.5942E+00  9.4174E-01  9.4174E-01  0.0000E+00
  2.6119E+00  9.3012E-01  9.3012E-01  0.0000E+00
  2.6298E+00  9.1760E-01  9.1760E-01  0.0000E+00
  2.6478E+00  9.0417E-01  9.0417E-01  0.0000E+00
  2.6659E+00  8.8983E-01  8.8983E-01  0.0000E+00
  2.6841E+00  8.7459E-01  8.7459E-01  0.0000E+00
  2.7025E+00  8.5844E-01  8.5844E-01  0.0000E+00
  2.7210E+00  8.4138E-01  8.4138E-01  0.0000E+00
  2.7396E+00  8.2342E-01  8.2342E-01  0.0000E+00
  2.7583E+00  8.0456E-01  8.0456E-01  0.0000E+00
  2.7772E+00  7.8480E-01  7.8480E-01  0.0000E+00
  2.7962E+00  7.6414E-01  7.6414E-01  0.0000E+00
  2.8153E+00  7.4260E-01  7.4260E-01  0.0000E+00
  2.8345E+00  7.2018E-01  7.2018E-01  0.0000E+00
  2.8539E+00  6.9690E-01  6.9690E-01  0.0000E+00
  2.8735E+00  6.7275E-01  6.7275E-01  0.0000E+00
  2.8931E+00  6.4775E-01  6.4775E-01  0.0000E+00
  2.9129E+00  6.2192E-01  6.2192E-01  0.0000E+00
  2.9328E+00  5.9527E-01  5.9527E-01  0.0000E+00
  2.9529E+00  5.6781E-01  5.6781E-01  0.0000E+00
  2.9731E+00  5.3956E-01  5.3956E-01  0.0000E+00
  2.9934E+00  5.1054E-01  5.1054E-01  0.0000E+00
  3.0139E+00  4.8078E-01  4.8078E-01  0.0000E+00
  3.0345E+00  4.5028E-01  4.5028E-01  0.0000E+00
  3.0553E+00  4.1908E-01  4.1908E-01  0.0000E+00
  3.0762E+00  3.8719E-01  3.8719E-01  0.0000E+00
  3.0972E+00  3.5465E-01  3.5465E-01  0.0000E+00
  3.1184E+00  3.2149E-01  3.2149E-01  0.0000E+00
  3.1397E+00  2.8773E-01  2.8773E-01  0.0000E+00
  3.1612E+00  2.5340E-01  2.5340E-01  0.0000E+00
  3.1828E+00  2.1854E-01  2.1854E-01  0.0000E+00
