 # l=           3 basis function with energy   -0.70940914656137111     
  0.0000E+00  0.0000E+00  0.0000E+00  0.0000E+00
  6.5668E-07  4.4506E-20  4.6046E-26 -4.4203E-26
  1.3178E-06  5.3441E-19  7.4686E-25 -7.1697E-25
  1.9835E-06  2.2989E-18  3.8330E-24 -3.6796E-24
  2.6538E-06  6.4964E-18  1.2281E-23 -1.1790E-23
  3.3286E-06  1.4582E-17  3.0397E-23 -2.9181E-23
  4.0081E-06  2.8295E-17  6.3902E-23 -6.1345E-23
  4.6922E-06  4.9653E-17  1.2002E-22 -1.1522E-22
  5.3809E-06  8.0955E-17  2.0759E-22 -1.9928E-22
  6.0744E-06  1.2478E-16  3.3713E-22 -3.2364E-22
  6.7726E-06  1.8399E-16  5.2097E-22 -5.0012E-22
  7.4756E-06  2.6174E-16  7.7334E-22 -7.4239E-22
  8.1834E-06  3.6150E-16  1.1105E-21 -1.0661E-21
  8.8961E-06  4.8702E-16  1.5509E-21 -1.4888E-21
  9.6136E-06  6.4238E-16  2.1151E-21 -2.0304E-21
  1.0336E-05  8.3199E-16  2.8262E-21 -2.7131E-21
  1.1063E-05  1.0606E-15  3.7097E-21 -3.5612E-21
  1.1796E-05  1.3333E-15  4.7939E-21 -4.6020E-21
  1.2533E-05  1.6555E-15  6.1097E-21 -5.8652E-21
  1.3276E-05  2.0331E-15  7.6911E-21 -7.3833E-21
  1.4023E-05  2.4722E-15  9.5751E-21 -9.1920E-21
  1.4776E-05  2.9795E-15  1.1802E-20 -1.1330E-20
  1.5533E-05  3.5620E-15  1.4416E-20 -1.3839E-20
  1.6296E-05  4.2271E-15  1.7464E-20 -1.6765E-20
  1.7064E-05  4.9827E-15  2.0996E-20 -2.0156E-20
  1.7838E-05  5.8371E-15  2.5069E-20 -2.4066E-20
  1.8617E-05  6.7992E-15  2.9742E-20 -2.8552E-20
  1.9401E-05  7.8783E-15  3.5078E-20 -3.3674E-20
  2.0190E-05  9.0842E-15  4.1145E-20 -3.9498E-20
  2.0985E-05  1.0427E-14  4.8016E-20 -4.6095E-20
  2.1785E-05  1.1918E-14  5.5770E-20 -5.3538E-20
  2.2591E-05  1.3569E-14  6.4489E-20 -6.1908E-20
  2.3402E-05  1.5391E-14  7.4263E-20 -7.1291E-20
  2.4218E-05  1.7397E-14  8.5186E-20 -8.1777E-20
  2.5041E-05  1.9601E-14  9.7358E-20 -9.3462E-20
  2.5869E-05  2.2016E-14  1.1089E-19 -1.0645E-19
  2.6702E-05  2.4657E-14  1.2589E-19 -1.2085E-19
  2.7542E-05  2.7539E-14  1.4248E-19 -1.3677E-19
  2.8387E-05  3.0678E-14  1.6078E-19 -1.5435E-19
  2.9238E-05  3.4092E-14  1.8094E-19 -1.7370E-19
  3.0094E-05  3.7797E-14  2.0310E-19 -1.9497E-19
  3.0957E-05  4.1812E-14  2.2741E-19 -2.1831E-19
  3.1825E-05  4.6156E-14  2.5402E-19 -2.4385E-19
  3.2700E-05  5.0849E-14  2.8310E-19 -2.7177E-19
  3.3580E-05  5.5912E-14  3.1484E-19 -3.0224E-19
  3.4466E-05  6.1367E-14  3.4943E-19 -3.3544E-19
  3.5359E-05  6.7236E-14  3.8705E-19 -3.7156E-19
  3.6257E-05  7.3544E-14  4.2791E-19 -4.1079E-19
  3.7162E-05  8.0315E-14  4.7225E-19 -4.5335E-19
  3.8073E-05  8.7574E-14  5.2028E-19 -4.9946E-19
  3.8990E-05  9.5350E-14  5.7225E-19 -5.4935E-19
  3.9913E-05  1.0367E-13  6.2841E-19 -6.0326E-19
  4.0843E-05  1.1256E-13  6.8904E-19 -6.6146E-19
  4.1779E-05  1.2206E-13  7.5441E-19 -7.2422E-19
  4.2721E-05  1.3219E-13  8.2482E-19 -7.9181E-19
  4.3670E-05  1.4299E-13  9.0058E-19 -8.6454E-19
  4.4626E-05  1.5449E-13  9.8201E-19 -9.4271E-19
  4.5588E-05  1.6672E-13  1.0695E-18 -1.0267E-18
  4.6556E-05  1.7974E-13  1.1633E-18 -1.1167E-18
  4.7531E-05  1.9356E-13  1.2638E-18 -1.2133E-18
  4.8513E-05  2.0824E-13  1.3715E-18 -1.3166E-18
  4.9501E-05  2.2381E-13  1.4868E-18 -1.4273E-18
  5.0497E-05  2.4032E-13  1.6100E-18 -1.5456E-18
  5.1499E-05  2.5781E-13  1.7417E-18 -1.6720E-18
  5.2508E-05  2.7633E-13  1.8822E-18 -1.8069E-18
  5.3523E-05  2.9593E-13  2.0321E-18 -1.9508E-18
  5.4546E-05  3.1666E-13  2.1920E-18 -2.1043E-18
  5.5576E-05  3.3856E-13  2.3623E-18 -2.2677E-18
  5.6613E-05  3.6170E-13  2.5435E-18 -2.4417E-18
  5.7657E-05  3.8612E-13  2.7364E-18 -2.6269E-18
  5.8708E-05  4.1189E-13  2.9414E-18 -2.8237E-18
  5.9766E-05  4.3907E-13  3.1593E-18 -3.0329E-18
  6.0831E-05  4.6772E-13  3.3907E-18 -3.2550E-18
  6.1904E-05  4.9790E-13  3.6363E-18 -3.4908E-18
  6.2984E-05  5.2968E-13  3.8968E-18 -3.7409E-18
  6.4072E-05  5.6313E-13  4.1730E-18 -4.0060E-18
  6.5167E-05  5.9832E-13  4.4656E-18 -4.2869E-18
  6.6269E-05  6.3533E-13  4.7755E-18 -4.5844E-18
  6.7379E-05  6.7423E-13  5.1036E-18 -4.8994E-18
  6.8497E-05  7.1511E-13  5.4507E-18 -5.2326E-18
  6.9622E-05  7.5804E-13  5.8178E-18 -5.5850E-18
  7.0755E-05  8.0311E-13  6.2058E-18 -5.9575E-18
  7.1895E-05  8.5041E-13  6.6158E-18 -6.3510E-18
  7.3044E-05  9.0003E-13  7.0487E-18 -6.7666E-18
  7.4200E-05  9.5207E-13  7.5058E-18 -7.2054E-18
  7.5364E-05  1.0066E-12  7.9880E-18 -7.6683E-18
  7.6536E-05  1.0638E-12  8.4967E-18 -8.1567E-18
  7.7717E-05  1.1237E-12  9.0330E-18 -8.6715E-18
  7.8905E-05  1.1864E-12  9.5982E-18 -9.2141E-18
  8.0101E-05  1.2521E-12  1.0194E-17 -9.7858E-18
  8.1306E-05  1.3208E-12  1.0821E-17 -1.0388E-17
  8.2519E-05  1.3927E-12  1.1481E-17 -1.1022E-17
  8.3740E-05  1.4679E-12  1.2176E-17 -1.1689E-17
  8.4969E-05  1.5465E-12  1.2907E-17 -1.2390E-17
  8.6207E-05  1.6287E-12  1.3676E-17 -1.3128E-17
  8.7453E-05  1.7146E-12  1.4484E-17 -1.3904E-17
  8.8708E-05  1.8043E-12  1.5333E-17 -1.4720E-17
  8.9971E-05  1.8981E-12  1.6225E-17 -1.5576E-17
  9.1244E-05  1.9959E-12  1.7163E-17 -1.6476E-17
  9.2524E-05  2.0981E-12  1.8147E-17 -1.7421E-17
  9.3814E-05  2.2047E-12  1.9180E-17 -1.8412E-17
  9.5112E-05  2.3160E-12  2.0264E-17 -1.9453E-17
  9.6419E-05  2.4320E-12  2.1401E-17 -2.0545E-17
  9.7736E-05  2.5530E-12  2.2594E-17 -2.1690E-17
  9.9061E-05  2.6792E-12  2.3844E-17 -2.2890E-17
  1.0040E-04  2.8108E-12  2.5155E-17 -2.4148E-17
  1.0174E-04  2.9479E-12  2.6529E-17 -2.5467E-17
  1.0309E-04  3.0907E-12  2.7968E-17 -2.6849E-17
  1.0445E-04  3.2395E-12  2.9475E-17 -2.8296E-17
  1.0582E-04  3.3945E-12  3.1054E-17 -2.9811E-17
  1.0720E-04  3.5558E-12  3.2706E-17 -3.1397E-17
  1.0859E-04  3.7238E-12  3.4436E-17 -3.3057E-17
  1.0999E-04  3.8987E-12  3.6245E-17 -3.4795E-17
  1.1140E-04  4.0806E-12  3.8138E-17 -3.6612E-17
  1.1282E-04  4.2700E-12  4.0118E-17 -3.8513E-17
  1.1425E-04  4.4669E-12  4.2189E-17 -4.0501E-17
  1.1569E-04  4.6717E-12  4.4354E-17 -4.2579E-17
  1.1714E-04  4.8848E-12  4.6616E-17 -4.4751E-17
  1.1859E-04  5.1062E-12  4.8981E-17 -4.7021E-17
  1.2006E-04  5.3364E-12  5.1451E-17 -4.9392E-17
  1.2154E-04  5.5757E-12  5.4032E-17 -5.1869E-17
  1.2303E-04  5.8244E-12  5.6727E-17 -5.4456E-17
  1.2453E-04  6.0827E-12  5.9541E-17 -5.7158E-17
  1.2603E-04  6.3511E-12  6.2478E-17 -5.9978E-17
  1.2755E-04  6.6298E-12  6.5545E-17 -6.2922E-17
  1.2908E-04  6.9193E-12  6.8745E-17 -6.5994E-17
  1.3062E-04  7.2199E-12  7.2084E-17 -6.9199E-17
  1.3217E-04  7.5319E-12  7.5567E-17 -7.2543E-17
  1.3373E-04  7.8558E-12  7.9200E-17 -7.6030E-17
  1.3530E-04  8.1920E-12  8.2988E-17 -7.9667E-17
  1.3689E-04  8.5408E-12  8.6938E-17 -8.3459E-17
  1.3848E-04  8.9028E-12  9.1056E-17 -8.7412E-17
  1.4008E-04  9.2783E-12  9.5349E-17 -9.1533E-17
  1.4170E-04  9.6677E-12  9.9822E-17 -9.5827E-17
  1.4332E-04  1.0072E-11  1.0448E-16 -1.0030E-16
  1.4496E-04  1.0491E-11  1.0934E-16 -1.0496E-16
  1.4661E-04  1.0925E-11  1.1440E-16 -1.0982E-16
  1.4827E-04  1.1375E-11  1.1966E-16 -1.1488E-16
  1.4994E-04  1.1842E-11  1.2515E-16 -1.2014E-16
  1.5162E-04  1.2326E-11  1.3086E-16 -1.2563E-16
  1.5331E-04  1.2827E-11  1.3681E-16 -1.3133E-16
  1.5502E-04  1.3347E-11  1.4300E-16 -1.3728E-16
  1.5674E-04  1.3885E-11  1.4944E-16 -1.4346E-16
  1.5847E-04  1.4443E-11  1.5614E-16 -1.4989E-16
  1.6021E-04  1.5021E-11  1.6312E-16 -1.5659E-16
  1.6196E-04  1.5619E-11  1.7037E-16 -1.6355E-16
  1.6372E-04  1.6238E-11  1.7792E-16 -1.7080E-16
  1.6550E-04  1.6880E-11  1.8577E-16 -1.7833E-16
  1.6729E-04  1.7544E-11  1.9393E-16 -1.8617E-16
  1.6909E-04  1.8232E-11  2.0242E-16 -1.9431E-16
  1.7090E-04  1.8944E-11  2.1124E-16 -2.0278E-16
  1.7273E-04  1.9681E-11  2.2041E-16 -2.1159E-16
  1.7457E-04  2.0444E-11  2.2994E-16 -2.2074E-16
  1.7642E-04  2.1233E-11  2.3985E-16 -2.3025E-16
  1.7828E-04  2.2050E-11  2.5014E-16 -2.4013E-16
  1.8016E-04  2.2895E-11  2.6084E-16 -2.5040E-16
  1.8205E-04  2.3769E-11  2.7195E-16 -2.6107E-16
  1.8395E-04  2.4674E-11  2.8350E-16 -2.7215E-16
  1.8586E-04  2.5609E-11  2.9549E-16 -2.8366E-16
  1.8779E-04  2.6577E-11  3.0794E-16 -2.9562E-16
  1.8973E-04  2.7577E-11  3.2087E-16 -3.0803E-16
  1.9169E-04  2.8612E-11  3.3430E-16 -3.2092E-16
  1.9365E-04  2.9682E-11  3.4824E-16 -3.3430E-16
  1.9563E-04  3.0788E-11  3.6271E-16 -3.4819E-16
  1.9763E-04  3.1931E-11  3.7773E-16 -3.6262E-16
  1.9964E-04  3.3114E-11  3.9332E-16 -3.7758E-16
  2.0166E-04  3.4335E-11  4.0950E-16 -3.9311E-16
  2.0370E-04  3.5598E-11  4.2629E-16 -4.0923E-16
  2.0575E-04  3.6903E-11  4.4371E-16 -4.2596E-16
  2.0781E-04  3.8252E-11  4.6179E-16 -4.4331E-16
  2.0989E-04  3.9645E-11  4.8054E-16 -4.6131E-16
  2.1198E-04  4.1085E-11  4.9999E-16 -4.7998E-16
  2.1409E-04  4.2573E-11  5.2016E-16 -4.9934E-16
  2.1621E-04  4.4110E-11  5.4108E-16 -5.1943E-16
  2.1834E-04  4.5697E-11  5.6278E-16 -5.4026E-16
  2.2049E-04  4.7337E-11  5.8527E-16 -5.6185E-16
  2.2266E-04  4.9030E-11  6.0860E-16 -5.8424E-16
  2.2484E-04  5.0779E-11  6.3278E-16 -6.0746E-16
  2.2703E-04  5.2585E-11  6.5785E-16 -6.3153E-16
  2.2924E-04  5.4450E-11  6.8384E-16 -6.5647E-16
  2.3147E-04  5.6376E-11  7.1077E-16 -6.8233E-16
  2.3371E-04  5.8364E-11  7.3869E-16 -7.0912E-16
  2.3596E-04  6.0417E-11  7.6761E-16 -7.3689E-16
  2.3823E-04  6.2536E-11  7.9759E-16 -7.6567E-16
  2.4052E-04  6.4724E-11  8.2865E-16 -7.9549E-16
  2.4282E-04  6.6981E-11  8.6083E-16 -8.2638E-16
  2.4514E-04  6.9312E-11  8.9417E-16 -8.5838E-16
  2.4747E-04  7.1717E-11  9.2870E-16 -8.9153E-16
  2.4982E-04  7.4199E-11  9.6447E-16 -9.2587E-16
  2.5219E-04  7.6760E-11  1.0015E-15 -9.6144E-16
  2.5457E-04  7.9403E-11  1.0399E-15 -9.9828E-16
  2.5697E-04  8.2130E-11  1.0796E-15 -1.0364E-15
  2.5938E-04  8.4944E-11  1.1208E-15 -1.0759E-15
  2.6181E-04  8.7847E-11  1.1634E-15 -1.1168E-15
  2.6426E-04  9.0841E-11  1.2075E-15 -1.1592E-15
  2.6672E-04  9.3931E-11  1.2532E-15 -1.2030E-15
  2.6920E-04  9.7117E-11  1.3005E-15 -1.2484E-15
  2.7170E-04  1.0040E-10  1.3494E-15 -1.2954E-15
  2.7422E-04  1.0379E-10  1.4001E-15 -1.3440E-15
  2.7675E-04  1.0729E-10  1.4525E-15 -1.3944E-15
  2.7930E-04  1.1090E-10  1.5068E-15 -1.4465E-15
  2.8186E-04  1.1461E-10  1.5629E-15 -1.5004E-15
  2.8445E-04  1.1845E-10  1.6211E-15 -1.5562E-15
  2.8705E-04  1.2240E-10  1.6812E-15 -1.6139E-15
  2.8967E-04  1.2648E-10  1.7434E-15 -1.6737E-15
  2.9231E-04  1.3068E-10  1.8078E-15 -1.7355E-15
  2.9497E-04  1.3501E-10  1.8744E-15 -1.7994E-15
  2.9764E-04  1.3948E-10  1.9433E-15 -1.8655E-15
  3.0033E-04  1.4408E-10  2.0146E-15 -1.9340E-15
  3.0304E-04  1.4883E-10  2.0883E-15 -2.0047E-15
  3.0577E-04  1.5372E-10  2.1646E-15 -2.0780E-15
  3.0852E-04  1.5877E-10  2.2435E-15 -2.1537E-15
  3.1129E-04  1.6396E-10  2.3250E-15 -2.2320E-15
  3.1407E-04  1.6932E-10  2.4094E-15 -2.3130E-15
  3.1688E-04  1.7484E-10  2.4966E-15 -2.3967E-15
  3.1970E-04  1.8053E-10  2.5868E-15 -2.4833E-15
  3.2255E-04  1.8639E-10  2.6801E-15 -2.5728E-15
  3.2541E-04  1.9243E-10  2.7765E-15 -2.6654E-15
  3.2829E-04  1.9866E-10  2.8762E-15 -2.7611E-15
  3.3119E-04  2.0507E-10  2.9792E-15 -2.8600E-15
  3.3412E-04  2.1168E-10  3.0858E-15 -2.9623E-15
  3.3706E-04  2.1849E-10  3.1959E-15 -3.0680E-15
  3.4002E-04  2.2550E-10  3.3097E-15 -3.1773E-15
  3.4300E-04  2.3272E-10  3.4274E-15 -3.2902E-15
  3.4600E-04  2.4017E-10  3.5490E-15 -3.4070E-15
  3.4903E-04  2.4783E-10  3.6747E-15 -3.5276E-15
  3.5207E-04  2.5573E-10  3.8046E-15 -3.6523E-15
  3.5514E-04  2.6387E-10  3.9388E-15 -3.7811E-15
  3.5822E-04  2.7224E-10  4.0775E-15 -3.9143E-15
  3.6133E-04  2.8087E-10  4.2208E-15 -4.0518E-15
  3.6446E-04  2.8976E-10  4.3688E-15 -4.1940E-15
  3.6761E-04  2.9891E-10  4.5218E-15 -4.3409E-15
  3.7078E-04  3.0834E-10  4.6799E-15 -4.4926E-15
  3.7397E-04  3.1804E-10  4.8432E-15 -4.6493E-15
  3.7719E-04  3.2804E-10  5.0118E-15 -4.8113E-15
  3.8042E-04  3.3833E-10  5.1861E-15 -4.9785E-15
  3.8368E-04  3.4892E-10  5.3661E-15 -5.1513E-15
  3.8696E-04  3.5983E-10  5.5520E-15 -5.3298E-15
  3.9026E-04  3.7107E-10  5.7440E-15 -5.5142E-15
  3.9359E-04  3.8263E-10  5.9424E-15 -5.7045E-15
  3.9694E-04  3.9454E-10  6.1472E-15 -5.9012E-15
  4.0031E-04  4.0680E-10  6.3587E-15 -6.1043E-15
  4.0371E-04  4.1942E-10  6.5772E-15 -6.3140E-15
  4.0712E-04  4.3241E-10  6.8028E-15 -6.5305E-15
  4.1057E-04  4.4578E-10  7.0357E-15 -6.7541E-15
  4.1403E-04  4.5955E-10  7.2762E-15 -6.9850E-15
  4.1752E-04  4.7372E-10  7.5246E-15 -7.2235E-15
  4.2103E-04  4.8830E-10  7.7810E-15 -7.4696E-15
  4.2457E-04  5.0331E-10  8.0457E-15 -7.7238E-15
  4.2813E-04  5.1876E-10  8.3191E-15 -7.9861E-15
  4.3171E-04  5.3466E-10  8.6012E-15 -8.2570E-15
  4.3532E-04  5.5103E-10  8.8925E-15 -8.5366E-15
  4.3896E-04  5.6787E-10  9.1932E-15 -8.8253E-15
  4.4262E-04  5.8520E-10  9.5036E-15 -9.1233E-15
  4.4630E-04  6.0304E-10  9.8240E-15 -9.4308E-15
  4.5001E-04  6.2139E-10  1.0155E-14 -9.7483E-15
  4.5374E-04  6.4028E-10  1.0496E-14 -1.0076E-14
  4.5750E-04  6.5971E-10  1.0848E-14 -1.0414E-14
  4.6129E-04  6.7971E-10  1.1212E-14 -1.0763E-14
  4.6510E-04  7.0028E-10  1.1587E-14 -1.1123E-14
  4.6894E-04  7.2145E-10  1.1974E-14 -1.1495E-14
  4.7280E-04  7.4324E-10  1.2374E-14 -1.1879E-14
  4.7669E-04  7.6565E-10  1.2786E-14 -1.2274E-14
  4.8061E-04  7.8870E-10  1.3212E-14 -1.2683E-14
  4.8456E-04  8.1242E-10  1.3651E-14 -1.3104E-14
  4.8853E-04  8.3683E-10  1.4104E-14 -1.3539E-14
  4.9253E-04  8.6193E-10  1.4571E-14 -1.3988E-14
  4.9655E-04  8.8776E-10  1.5053E-14 -1.4451E-14
  5.0060E-04  9.1433E-10  1.5551E-14 -1.4929E-14
  5.0468E-04  9.4165E-10  1.6064E-14 -1.5421E-14
  5.0879E-04  9.6977E-10  1.6594E-14 -1.5930E-14
  5.1293E-04  9.9868E-10  1.7140E-14 -1.6454E-14
  5.1709E-04  1.0284E-09  1.7704E-14 -1.6995E-14
  5.2129E-04  1.0590E-09  1.8285E-14 -1.7553E-14
  5.2551E-04  1.0905E-09  1.8884E-14 -1.8129E-14
  5.2976E-04  1.1228E-09  1.9503E-14 -1.8722E-14
  5.3404E-04  1.1561E-09  2.0141E-14 -1.9335E-14
  5.3835E-04  1.1904E-09  2.0799E-14 -1.9967E-14
  5.4269E-04  1.2256E-09  2.1478E-14 -2.0618E-14
  5.4706E-04  1.2618E-09  2.2178E-14 -2.1290E-14
  5.5146E-04  1.2990E-09  2.2899E-14 -2.1983E-14
  5.5589E-04  1.3373E-09  2.3644E-14 -2.2698E-14
  5.6034E-04  1.3767E-09  2.4412E-14 -2.3435E-14
  5.6483E-04  1.4172E-09  2.5204E-14 -2.4195E-14
  5.6935E-04  1.4588E-09  2.6020E-14 -2.4979E-14
  5.7390E-04  1.5017E-09  2.6862E-14 -2.5787E-14
  5.7849E-04  1.5457E-09  2.7730E-14 -2.6620E-14
  5.8310E-04  1.5910E-09  2.8625E-14 -2.7480E-14
  5.8775E-04  1.6375E-09  2.9549E-14 -2.8366E-14
  5.9242E-04  1.6854E-09  3.0500E-14 -2.9280E-14
  5.9713E-04  1.7346E-09  3.1482E-14 -3.0222E-14
  6.0187E-04  1.7852E-09  3.2493E-14 -3.1193E-14
  6.0665E-04  1.8373E-09  3.3537E-14 -3.2194E-14
  6.1145E-04  1.8908E-09  3.4612E-14 -3.3227E-14
  6.1629E-04  1.9458E-09  3.5721E-14 -3.4291E-14
  6.2116E-04  2.0023E-09  3.6864E-14 -3.5388E-14
  6.2607E-04  2.0605E-09  3.8042E-14 -3.6520E-14
  6.3101E-04  2.1202E-09  3.9257E-14 -3.7686E-14
  6.3598E-04  2.1817E-09  4.0509E-14 -3.8888E-14
  6.4099E-04  2.2449E-09  4.1800E-14 -4.0127E-14
  6.4603E-04  2.3098E-09  4.3130E-14 -4.1404E-14
  6.5110E-04  2.3765E-09  4.4502E-14 -4.2721E-14
  6.5621E-04  2.4452E-09  4.5915E-14 -4.4078E-14
  6.6136E-04  2.5157E-09  4.7372E-14 -4.5476E-14
  6.6654E-04  2.5882E-09  4.8874E-14 -4.6918E-14
  6.7175E-04  2.6628E-09  5.0422E-14 -4.8404E-14
  6.7700E-04  2.7394E-09  5.2017E-14 -4.9935E-14
  6.8229E-04  2.8181E-09  5.3661E-14 -5.1514E-14
  6.8762E-04  2.8991E-09  5.5356E-14 -5.3140E-14
  6.9298E-04  2.9823E-09  5.7102E-14 -5.4817E-14
  6.9837E-04  3.0678E-09  5.8901E-14 -5.6544E-14
  7.0381E-04  3.1557E-09  6.0756E-14 -5.8324E-14
  7.0928E-04  3.2460E-09  6.2667E-14 -6.0159E-14
  7.1478E-04  3.3389E-09  6.4636E-14 -6.2050E-14
  7.2033E-04  3.4343E-09  6.6666E-14 -6.3998E-14
  7.2591E-04  3.5324E-09  6.8757E-14 -6.6005E-14
  7.3153E-04  3.6332E-09  7.0912E-14 -6.8074E-14
  7.3720E-04  3.7368E-09  7.3132E-14 -7.0205E-14
  7.4289E-04  3.8433E-09  7.5420E-14 -7.2402E-14
  7.4863E-04  3.9527E-09  7.7777E-14 -7.4665E-14
  7.5441E-04  4.0651E-09  8.0206E-14 -7.6996E-14
  7.6023E-04  4.1807E-09  8.2708E-14 -7.9398E-14
  7.6608E-04  4.2995E-09  8.5287E-14 -8.1873E-14
  7.7198E-04  4.4215E-09  8.7943E-14 -8.4423E-14
  7.7792E-04  4.5469E-09  9.0680E-14 -8.7051E-14
  7.8389E-04  4.6758E-09  9.3499E-14 -8.9757E-14
  7.8991E-04  4.8082E-09  9.6404E-14 -9.2546E-14
  7.9597E-04  4.9443E-09  9.9396E-14 -9.5418E-14
  8.0207E-04  5.0842E-09  1.0248E-13 -9.8377E-14
  8.0822E-04  5.2278E-09  1.0565E-13 -1.0143E-13
  8.1440E-04  5.3755E-09  1.0893E-13 -1.0457E-13
  8.2063E-04  5.5272E-09  1.1230E-13 -1.0780E-13
  8.2690E-04  5.6831E-09  1.1577E-13 -1.1113E-13
  8.3321E-04  5.8433E-09  1.1934E-13 -1.1457E-13
  8.3956E-04  6.0079E-09  1.2303E-13 -1.1810E-13
  8.4596E-04  6.1770E-09  1.2682E-13 -1.2174E-13
  8.5241E-04  6.3508E-09  1.3073E-13 -1.2550E-13
  8.5889E-04  6.5293E-09  1.3475E-13 -1.2936E-13
  8.6543E-04  6.7127E-09  1.3890E-13 -1.3334E-13
  8.7200E-04  6.9012E-09  1.4317E-13 -1.3744E-13
  8.7862E-04  7.0948E-09  1.4757E-13 -1.4166E-13
  8.8529E-04  7.2938E-09  1.5210E-13 -1.4601E-13
  8.9200E-04  7.4982E-09  1.5676E-13 -1.5049E-13
  8.9876E-04  7.7082E-09  1.6157E-13 -1.5510E-13
  9.0556E-04  7.9239E-09  1.6651E-13 -1.5985E-13
  9.1241E-04  8.1455E-09  1.7161E-13 -1.6474E-13
  9.1931E-04  8.3733E-09  1.7686E-13 -1.6978E-13
  9.2626E-04  8.6072E-09  1.8226E-13 -1.7497E-13
  9.3325E-04  8.8475E-09  1.8783E-13 -1.8031E-13
  9.4029E-04  9.0944E-09  1.9356E-13 -1.8582E-13
  9.4738E-04  9.3481E-09  1.9946E-13 -1.9148E-13
  9.5451E-04  9.6086E-09  2.0554E-13 -1.9732E-13
  9.6170E-04  9.8763E-09  2.1180E-13 -2.0333E-13
  9.6893E-04  1.0151E-08  2.1825E-13 -2.0951E-13
  9.7622E-04  1.0434E-08  2.2489E-13 -2.1589E-13
  9.8355E-04  1.0724E-08  2.3172E-13 -2.2245E-13
  9.9093E-04  1.1022E-08  2.3876E-13 -2.2920E-13
  9.9837E-04  1.1328E-08  2.4600E-13 -2.3616E-13
  1.0059E-03  1.1643E-08  2.5346E-13 -2.4332E-13
  1.0134E-03  1.1966E-08  2.6115E-13 -2.5070E-13
  1.0210E-03  1.2298E-08  2.6906E-13 -2.5829E-13
  1.0286E-03  1.2639E-08  2.7720E-13 -2.6611E-13
  1.0363E-03  1.2989E-08  2.8559E-13 -2.7416E-13
  1.0441E-03  1.3349E-08  2.9422E-13 -2.8245E-13
  1.0519E-03  1.3718E-08  3.0311E-13 -2.9098E-13
  1.0597E-03  1.4098E-08  3.1226E-13 -2.9976E-13
  1.0676E-03  1.4488E-08  3.2168E-13 -3.0881E-13
  1.0756E-03  1.4888E-08  3.3138E-13 -3.1812E-13
  1.0836E-03  1.5300E-08  3.4137E-13 -3.2771E-13
  1.0916E-03  1.5722E-08  3.5165E-13 -3.3758E-13
  1.0998E-03  1.6156E-08  3.6224E-13 -3.4774E-13
  1.1080E-03  1.6602E-08  3.7313E-13 -3.5820E-13
  1.1162E-03  1.7060E-08  3.8435E-13 -3.6897E-13
  1.1245E-03  1.7530E-08  3.9590E-13 -3.8005E-13
  1.1328E-03  1.8013E-08  4.0778E-13 -3.9147E-13
  1.1412E-03  1.8509E-08  4.2002E-13 -4.0321E-13
  1.1497E-03  1.9018E-08  4.3262E-13 -4.1531E-13
  1.1582E-03  1.9542E-08  4.4559E-13 -4.2776E-13
  1.1668E-03  2.0079E-08  4.5894E-13 -4.4057E-13
  1.1754E-03  2.0631E-08  4.7268E-13 -4.5376E-13
  1.1841E-03  2.1198E-08  4.8682E-13 -4.6734E-13
  1.1929E-03  2.1780E-08  5.0138E-13 -4.8132E-13
  1.2017E-03  2.2378E-08  5.1637E-13 -4.9570E-13
  1.2106E-03  2.2992E-08  5.3179E-13 -5.1051E-13
  1.2195E-03  2.3623E-08  5.4767E-13 -5.2576E-13
  1.2285E-03  2.4271E-08  5.6402E-13 -5.4144E-13
  1.2376E-03  2.4936E-08  5.8084E-13 -5.5759E-13
  1.2467E-03  2.5619E-08  5.9815E-13 -5.7422E-13
  1.2559E-03  2.6321E-08  6.1597E-13 -5.9132E-13
  1.2651E-03  2.7041E-08  6.3432E-13 -6.0893E-13
  1.2744E-03  2.7781E-08  6.5319E-13 -6.2705E-13
  1.2838E-03  2.8541E-08  6.7262E-13 -6.4571E-13
  1.2932E-03  2.9322E-08  6.9262E-13 -6.6490E-13
  1.3027E-03  3.0123E-08  7.1320E-13 -6.8466E-13
  1.3123E-03  3.0946E-08  7.3439E-13 -7.0500E-13
  1.3219E-03  3.1792E-08  7.5619E-13 -7.2593E-13
  1.3316E-03  3.2660E-08  7.7863E-13 -7.4747E-13
  1.3414E-03  3.3551E-08  8.0172E-13 -7.6963E-13
  1.3512E-03  3.4467E-08  8.2548E-13 -7.9245E-13
  1.3611E-03  3.5407E-08  8.4994E-13 -8.1592E-13
  1.3711E-03  3.6372E-08  8.7511E-13 -8.4008E-13
  1.3811E-03  3.7363E-08  9.0101E-13 -8.6495E-13
  1.3912E-03  3.8381E-08  9.2766E-13 -8.9054E-13
  1.4014E-03  3.9427E-08  9.5509E-13 -9.1687E-13
  1.4117E-03  4.0500E-08  9.8332E-13 -9.4397E-13
  1.4220E-03  4.1603E-08  1.0124E-12 -9.7186E-13
  1.4324E-03  4.2735E-08  1.0423E-12 -1.0006E-12
  1.4428E-03  4.3897E-08  1.0730E-12 -1.0301E-12
  1.4533E-03  4.5091E-08  1.1047E-12 -1.0605E-12
  1.4639E-03  4.6317E-08  1.1373E-12 -1.0917E-12
  1.4746E-03  4.7575E-08  1.1708E-12 -1.1239E-12
  1.4853E-03  4.8868E-08  1.2053E-12 -1.1570E-12
  1.4962E-03  5.0195E-08  1.2408E-12 -1.1911E-12
  1.5070E-03  5.1557E-08  1.2773E-12 -1.2262E-12
  1.5180E-03  5.2957E-08  1.3149E-12 -1.2622E-12
  1.5291E-03  5.4394E-08  1.3535E-12 -1.2994E-12
  1.5402E-03  5.5869E-08  1.3933E-12 -1.3376E-12
  1.5514E-03  5.7384E-08  1.4343E-12 -1.3769E-12
  1.5626E-03  5.8939E-08  1.4764E-12 -1.4173E-12
  1.5740E-03  6.0537E-08  1.5197E-12 -1.4589E-12
  1.5854E-03  6.2177E-08  1.5643E-12 -1.5017E-12
  1.5969E-03  6.3861E-08  1.6102E-12 -1.5458E-12
  1.6085E-03  6.5590E-08  1.6574E-12 -1.5911E-12
  1.6201E-03  6.7365E-08  1.7060E-12 -1.6377E-12
  1.6319E-03  6.9188E-08  1.7560E-12 -1.6857E-12
  1.6437E-03  7.1060E-08  1.8074E-12 -1.7351E-12
  1.6556E-03  7.2982E-08  1.8603E-12 -1.7859E-12
  1.6676E-03  7.4956E-08  1.9147E-12 -1.8381E-12
  1.6796E-03  7.6982E-08  1.9708E-12 -1.8919E-12
  1.6918E-03  7.9062E-08  2.0284E-12 -1.9472E-12
  1.7040E-03  8.1198E-08  2.0877E-12 -2.0041E-12
  1.7163E-03  8.3392E-08  2.1486E-12 -2.0627E-12
  1.7287E-03  8.5644E-08  2.2114E-12 -2.1229E-12
  1.7412E-03  8.7956E-08  2.2760E-12 -2.1849E-12
  1.7538E-03  9.0330E-08  2.3424E-12 -2.2486E-12
  1.7664E-03  9.2767E-08  2.4107E-12 -2.3142E-12
  1.7791E-03  9.5270E-08  2.4810E-12 -2.3817E-12
  1.7920E-03  9.7839E-08  2.5533E-12 -2.4511E-12
  1.8049E-03  1.0048E-07  2.6277E-12 -2.5226E-12
  1.8179E-03  1.0319E-07  2.7043E-12 -2.5960E-12
  1.8310E-03  1.0597E-07  2.7830E-12 -2.6716E-12
  1.8442E-03  1.0882E-07  2.8640E-12 -2.7494E-12
  1.8574E-03  1.1175E-07  2.9473E-12 -2.8294E-12
  1.8708E-03  1.1476E-07  3.0331E-12 -2.9117E-12
  1.8842E-03  1.1785E-07  3.1212E-12 -2.9963E-12
  1.8978E-03  1.2103E-07  3.2120E-12 -3.0834E-12
  1.9114E-03  1.2428E-07  3.3053E-12 -3.1730E-12
  1.9252E-03  1.2763E-07  3.4013E-12 -3.2652E-12
  1.9390E-03  1.3106E-07  3.5000E-12 -3.3600E-12
  1.9529E-03  1.3459E-07  3.6016E-12 -3.4575E-12
  1.9669E-03  1.3820E-07  3.7061E-12 -3.5578E-12
  1.9810E-03  1.4192E-07  3.8136E-12 -3.6610E-12
  1.9952E-03  1.4574E-07  3.9242E-12 -3.7672E-12
  2.0095E-03  1.4965E-07  4.0379E-12 -3.8763E-12
  2.0239E-03  1.5367E-07  4.1549E-12 -3.9887E-12
  2.0384E-03  1.5780E-07  4.2753E-12 -4.1042E-12
  2.0530E-03  1.6204E-07  4.3991E-12 -4.2231E-12
  2.0677E-03  1.6639E-07  4.5264E-12 -4.3453E-12
  2.0825E-03  1.7086E-07  4.6574E-12 -4.4710E-12
  2.0974E-03  1.7544E-07  4.7922E-12 -4.6004E-12
  2.1124E-03  1.8015E-07  4.9308E-12 -4.7334E-12
  2.1275E-03  1.8498E-07  5.0733E-12 -4.8703E-12
  2.1428E-03  1.8995E-07  5.2199E-12 -5.0110E-12
  2.1581E-03  1.9504E-07  5.3708E-12 -5.1558E-12
  2.1735E-03  2.0027E-07  5.5259E-12 -5.3048E-12
  2.1890E-03  2.0564E-07  5.6855E-12 -5.4579E-12
  2.2046E-03  2.1115E-07  5.8496E-12 -5.6155E-12
  2.2204E-03  2.1681E-07  6.0184E-12 -5.7775E-12
  2.2362E-03  2.2262E-07  6.1920E-12 -5.9442E-12
  2.2522E-03  2.2858E-07  6.3706E-12 -6.1156E-12
  2.2682E-03  2.3470E-07  6.5543E-12 -6.2920E-12
  2.2844E-03  2.4099E-07  6.7432E-12 -6.4733E-12
  2.3007E-03  2.4744E-07  6.9375E-12 -6.6599E-12
  2.3171E-03  2.5407E-07  7.1373E-12 -6.8517E-12
  2.3336E-03  2.6087E-07  7.3429E-12 -7.0490E-12
  2.3502E-03  2.6785E-07  7.5543E-12 -7.2520E-12
  2.3669E-03  2.7501E-07  7.7717E-12 -7.4607E-12
  2.3838E-03  2.8237E-07  7.9954E-12 -7.6754E-12
  2.4007E-03  2.8992E-07  8.2254E-12 -7.8962E-12
  2.4178E-03  2.9768E-07  8.4619E-12 -8.1233E-12
  2.4350E-03  3.0564E-07  8.7052E-12 -8.3568E-12
  2.4523E-03  3.1381E-07  8.9554E-12 -8.5970E-12
  2.4697E-03  3.2220E-07  9.2127E-12 -8.8441E-12
  2.4873E-03  3.3081E-07  9.4774E-12 -9.0981E-12
  2.5050E-03  3.3965E-07  9.7496E-12 -9.3594E-12
  2.5228E-03  3.4872E-07  1.0029E-11 -9.6281E-12
  2.5407E-03  3.5804E-07  1.0317E-11 -9.9045E-12
  2.5587E-03  3.6760E-07  1.0613E-11 -1.0189E-11
  2.5769E-03  3.7742E-07  1.0918E-11 -1.0481E-11
  2.5951E-03  3.8749E-07  1.1231E-11 -1.0782E-11
  2.6136E-03  3.9784E-07  1.1553E-11 -1.1091E-11
  2.6321E-03  4.0846E-07  1.1884E-11 -1.1409E-11
  2.6507E-03  4.1936E-07  1.2225E-11 -1.1736E-11
  2.6695E-03  4.3055E-07  1.2575E-11 -1.2072E-11
  2.6884E-03  4.4204E-07  1.2935E-11 -1.2418E-11
  2.7075E-03  4.5383E-07  1.3306E-11 -1.2773E-11
  2.7267E-03  4.6593E-07  1.3687E-11 -1.3139E-11
  2.7460E-03  4.7836E-07  1.4079E-11 -1.3515E-11
  2.7654E-03  4.9111E-07  1.4482E-11 -1.3902E-11
  2.7850E-03  5.0421E-07  1.4896E-11 -1.4300E-11
  2.8047E-03  5.1765E-07  1.5322E-11 -1.4709E-11
  2.8245E-03  5.3144E-07  1.5760E-11 -1.5130E-11
  2.8445E-03  5.4561E-07  1.6211E-11 -1.5562E-11
  2.8646E-03  5.6014E-07  1.6674E-11 -1.6007E-11
  2.8849E-03  5.7507E-07  1.7151E-11 -1.6464E-11
  2.9053E-03  5.9039E-07  1.7641E-11 -1.6935E-11
  2.9258E-03  6.0611E-07  1.8145E-11 -1.7418E-11
  2.9465E-03  6.2225E-07  1.8663E-11 -1.7916E-11
  2.9673E-03  6.3882E-07  1.9196E-11 -1.8427E-11
  2.9882E-03  6.5583E-07  1.9744E-11 -1.8953E-11
  3.0093E-03  6.7329E-07  2.0307E-11 -1.9494E-11
  3.0306E-03  6.9121E-07  2.0886E-11 -2.0051E-11
  3.0519E-03  7.0960E-07  2.1482E-11 -2.0623E-11
  3.0735E-03  7.2848E-07  2.2095E-11 -2.1211E-11
  3.0951E-03  7.4787E-07  2.2725E-11 -2.1815E-11
  3.1170E-03  7.6776E-07  2.3373E-11 -2.2437E-11
  3.1390E-03  7.8818E-07  2.4039E-11 -2.3077E-11
  3.1611E-03  8.0915E-07  2.4724E-11 -2.3735E-11
  3.1834E-03  8.3066E-07  2.5428E-11 -2.4411E-11
  3.2058E-03  8.5275E-07  2.6153E-11 -2.5106E-11
  3.2284E-03  8.7542E-07  2.6897E-11 -2.5821E-11
  3.2511E-03  8.9869E-07  2.7663E-11 -2.6556E-11
  3.2740E-03  9.2257E-07  2.8451E-11 -2.7312E-11
  3.2971E-03  9.4709E-07  2.9260E-11 -2.8089E-11
  3.3203E-03  9.7226E-07  3.0093E-11 -2.8889E-11
  3.3436E-03  9.9809E-07  3.0949E-11 -2.9711E-11
  3.3672E-03  1.0246E-06  3.1829E-11 -3.0556E-11
  3.3908E-03  1.0518E-06  3.2734E-11 -3.1425E-11
  3.4147E-03  1.0798E-06  3.3665E-11 -3.2318E-11
  3.4387E-03  1.1084E-06  3.4622E-11 -3.3237E-11
  3.4629E-03  1.1379E-06  3.5606E-11 -3.4181E-11
  3.4872E-03  1.1681E-06  3.6618E-11 -3.5153E-11
  3.5117E-03  1.1991E-06  3.7658E-11 -3.6151E-11
  3.5364E-03  1.2309E-06  3.8728E-11 -3.7178E-11
  3.5613E-03  1.2636E-06  3.9828E-11 -3.8234E-11
  3.5863E-03  1.2971E-06  4.0959E-11 -3.9320E-11
  3.6115E-03  1.3315E-06  4.2121E-11 -4.0436E-11
  3.6368E-03  1.3668E-06  4.3317E-11 -4.1584E-11
  3.6623E-03  1.4031E-06  4.4546E-11 -4.2764E-11
  3.6881E-03  1.4403E-06  4.5810E-11 -4.3977E-11
  3.7139E-03  1.4785E-06  4.7110E-11 -4.5225E-11
  3.7400E-03  1.5177E-06  4.8446E-11 -4.6507E-11
  3.7662E-03  1.5579E-06  4.9820E-11 -4.7826E-11
  3.7926E-03  1.5992E-06  5.1232E-11 -4.9182E-11
  3.8192E-03  1.6416E-06  5.2685E-11 -5.0576E-11
  3.8460E-03  1.6851E-06  5.4178E-11 -5.2010E-11
  3.8730E-03  1.7298E-06  5.5713E-11 -5.3484E-11
  3.9001E-03  1.7756E-06  5.7292E-11 -5.4999E-11
  3.9275E-03  1.8227E-06  5.8915E-11 -5.6557E-11
  3.9550E-03  1.8709E-06  6.0584E-11 -5.8159E-11
  3.9827E-03  1.9205E-06  6.2299E-11 -5.9806E-11
  4.0106E-03  1.9714E-06  6.4063E-11 -6.1500E-11
  4.0387E-03  2.0236E-06  6.5877E-11 -6.3241E-11
  4.0670E-03  2.0771E-06  6.7742E-11 -6.5031E-11
  4.0954E-03  2.1321E-06  6.9659E-11 -6.6871E-11
  4.1241E-03  2.1886E-06  7.1630E-11 -6.8763E-11
  4.1530E-03  2.2465E-06  7.3656E-11 -7.0709E-11
  4.1820E-03  2.3060E-06  7.5740E-11 -7.2709E-11
  4.2113E-03  2.3670E-06  7.7882E-11 -7.4765E-11
  4.2408E-03  2.4296E-06  8.0084E-11 -7.6880E-11
  4.2704E-03  2.4939E-06  8.2348E-11 -7.9053E-11
  4.3003E-03  2.5598E-06  8.4676E-11 -8.1288E-11
  4.3304E-03  2.6275E-06  8.7070E-11 -8.3586E-11
  4.3606E-03  2.6970E-06  8.9530E-11 -8.5948E-11
  4.3911E-03  2.7683E-06  9.2060E-11 -8.8376E-11
  4.4218E-03  2.8415E-06  9.4661E-11 -9.0873E-11
  4.4527E-03  2.9167E-06  9.7335E-11 -9.3440E-11
  4.4838E-03  2.9937E-06  1.0008E-10 -9.6079E-11
  4.5151E-03  3.0729E-06  1.0291E-10 -9.8792E-11
  4.5467E-03  3.1541E-06  1.0582E-10 -1.0158E-10
  4.5784E-03  3.2374E-06  1.0880E-10 -1.0445E-10
  4.6104E-03  3.3229E-06  1.1187E-10 -1.0740E-10
  4.6426E-03  3.4107E-06  1.1503E-10 -1.1043E-10
  4.6750E-03  3.5008E-06  1.1828E-10 -1.1354E-10
  4.7076E-03  3.5933E-06  1.2162E-10 -1.1675E-10
  4.7405E-03  3.6881E-06  1.2505E-10 -1.2004E-10
  4.7736E-03  3.7855E-06  1.2857E-10 -1.2343E-10
  4.8069E-03  3.8855E-06  1.3220E-10 -1.2691E-10
  4.8404E-03  3.9880E-06  1.3593E-10 -1.3049E-10
  4.8742E-03  4.0933E-06  1.3976E-10 -1.3417E-10
  4.9082E-03  4.2013E-06  1.4370E-10 -1.3795E-10
  4.9424E-03  4.3121E-06  1.4775E-10 -1.4184E-10
  4.9769E-03  4.4259E-06  1.5191E-10 -1.4584E-10
  5.0116E-03  4.5427E-06  1.5620E-10 -1.4995E-10
  5.0465E-03  4.6625E-06  1.6060E-10 -1.5417E-10
  5.0817E-03  4.7854E-06  1.6512E-10 -1.5851E-10
  5.1171E-03  4.9116E-06  1.6977E-10 -1.6298E-10
  5.1528E-03  5.0411E-06  1.7455E-10 -1.6757E-10
  5.1887E-03  5.1740E-06  1.7947E-10 -1.7229E-10
  5.2248E-03  5.3104E-06  1.8452E-10 -1.7714E-10
  5.2612E-03  5.4504E-06  1.8972E-10 -1.8213E-10
  5.2978E-03  5.5940E-06  1.9506E-10 -1.8725E-10
  5.3347E-03  5.7414E-06  2.0055E-10 -1.9252E-10
  5.3719E-03  5.8926E-06  2.0619E-10 -1.9794E-10
  5.4093E-03  6.0478E-06  2.1200E-10 -2.0351E-10
  5.4469E-03  6.2071E-06  2.1796E-10 -2.0924E-10
  5.4848E-03  6.3706E-06  2.2409E-10 -2.1513E-10
  5.5230E-03  6.5383E-06  2.3040E-10 -2.2118E-10
  5.5614E-03  6.7104E-06  2.3688E-10 -2.2740E-10
  5.6001E-03  6.8871E-06  2.4354E-10 -2.3379E-10
  5.6391E-03  7.0683E-06  2.5039E-10 -2.4037E-10
  5.6783E-03  7.2543E-06  2.5743E-10 -2.4713E-10
  5.7178E-03  7.4452E-06  2.6466E-10 -2.5407E-10
  5.7576E-03  7.6411E-06  2.7210E-10 -2.6122E-10
  5.7976E-03  7.8421E-06  2.7975E-10 -2.6856E-10
  5.8379E-03  8.0483E-06  2.8761E-10 -2.7610E-10
  5.8785E-03  8.2599E-06  2.9569E-10 -2.8386E-10
  5.9194E-03  8.4771E-06  3.0400E-10 -2.9184E-10
  5.9605E-03  8.7000E-06  3.1254E-10 -3.0004E-10
  6.0020E-03  8.9286E-06  3.2132E-10 -3.0847E-10
  6.0437E-03  9.1633E-06  3.3035E-10 -3.1713E-10
  6.0857E-03  9.4041E-06  3.3963E-10 -3.2604E-10
  6.1279E-03  9.6512E-06  3.4916E-10 -3.3519E-10
  6.1705E-03  9.9047E-06  3.5897E-10 -3.4460E-10
  6.2134E-03  1.0165E-05  3.6905E-10 -3.5428E-10
  6.2565E-03  1.0432E-05  3.7941E-10 -3.6422E-10
  6.3000E-03  1.0706E-05  3.9006E-10 -3.7445E-10
  6.3437E-03  1.0987E-05  4.0100E-10 -3.8496E-10
  6.3878E-03  1.1275E-05  4.1226E-10 -3.9576E-10
  6.4321E-03  1.1571E-05  4.2382E-10 -4.0687E-10
  6.4768E-03  1.1875E-05  4.3572E-10 -4.1828E-10
  6.5217E-03  1.2186E-05  4.4794E-10 -4.3002E-10
  6.5670E-03  1.2506E-05  4.6051E-10 -4.4208E-10
  6.6126E-03  1.2834E-05  4.7342E-10 -4.5448E-10
  6.6585E-03  1.3170E-05  4.8670E-10 -4.6723E-10
  6.7047E-03  1.3516E-05  5.0035E-10 -4.8033E-10
  6.7512E-03  1.3870E-05  5.1438E-10 -4.9380E-10
  6.7980E-03  1.4234E-05  5.2880E-10 -5.0764E-10
  6.8452E-03  1.4607E-05  5.4363E-10 -5.2188E-10
  6.8926E-03  1.4989E-05  5.5887E-10 -5.3651E-10
  6.9404E-03  1.5382E-05  5.7453E-10 -5.5154E-10
  6.9886E-03  1.5785E-05  5.9063E-10 -5.6700E-10
  7.0370E-03  1.6198E-05  6.0719E-10 -5.8289E-10
  7.0858E-03  1.6622E-05  6.2420E-10 -5.9923E-10
  7.1349E-03  1.7057E-05  6.4169E-10 -6.1602E-10
  7.1844E-03  1.7504E-05  6.5967E-10 -6.3328E-10
  7.2342E-03  1.7962E-05  6.7815E-10 -6.5102E-10
  7.2843E-03  1.8432E-05  6.9714E-10 -6.6925E-10
  7.3348E-03  1.8914E-05  7.1667E-10 -6.8800E-10
  7.3856E-03  1.9409E-05  7.3674E-10 -7.0727E-10
  7.4368E-03  1.9916E-05  7.5737E-10 -7.2707E-10
  7.4883E-03  2.0437E-05  7.7858E-10 -7.4743E-10
  7.5402E-03  2.0971E-05  8.0038E-10 -7.6836E-10
  7.5924E-03  2.1520E-05  8.2279E-10 -7.8987E-10
  7.6450E-03  2.2082E-05  8.4582E-10 -8.1198E-10
  7.6980E-03  2.2659E-05  8.6950E-10 -8.3471E-10
  7.7513E-03  2.3251E-05  8.9383E-10 -8.5807E-10
  7.8050E-03  2.3858E-05  9.1885E-10 -8.8209E-10
  7.8590E-03  2.4481E-05  9.4456E-10 -9.0677E-10
  7.9134E-03  2.5120E-05  9.7099E-10 -9.3215E-10
  7.9682E-03  2.5776E-05  9.9816E-10 -9.5823E-10
  8.0234E-03  2.6448E-05  1.0261E-09 -9.8504E-10
  8.0789E-03  2.7138E-05  1.0548E-09 -1.0126E-09
  8.1348E-03  2.7846E-05  1.0843E-09 -1.0409E-09
  8.1911E-03  2.8572E-05  1.1146E-09 -1.0700E-09
  8.2478E-03  2.9317E-05  1.1458E-09 -1.1000E-09
  8.3049E-03  3.0082E-05  1.1778E-09 -1.1307E-09
  8.3623E-03  3.0866E-05  1.2108E-09 -1.1623E-09
  8.4202E-03  3.1670E-05  1.2446E-09 -1.1948E-09
  8.4784E-03  3.2495E-05  1.2794E-09 -1.2282E-09
  8.5371E-03  3.3342E-05  1.3152E-09 -1.2626E-09
  8.5961E-03  3.4210E-05  1.3520E-09 -1.2979E-09
  8.6556E-03  3.5100E-05  1.3898E-09 -1.3342E-09
  8.7154E-03  3.6014E-05  1.4286E-09 -1.3715E-09
  8.7757E-03  3.6951E-05  1.4685E-09 -1.4098E-09
  8.8364E-03  3.7913E-05  1.5096E-09 -1.4492E-09
  8.8975E-03  3.8899E-05  1.5518E-09 -1.4897E-09
  8.9590E-03  3.9911E-05  1.5951E-09 -1.5313E-09
  9.0209E-03  4.0948E-05  1.6397E-09 -1.5741E-09
  9.0833E-03  4.2013E-05  1.6855E-09 -1.6181E-09
  9.1461E-03  4.3105E-05  1.7326E-09 -1.6633E-09
  9.2093E-03  4.4225E-05  1.7810E-09 -1.7097E-09
  9.2729E-03  4.5374E-05  1.8307E-09 -1.7575E-09
  9.3370E-03  4.6552E-05  1.8819E-09 -1.8066E-09
  9.4015E-03  4.7761E-05  1.9344E-09 -1.8570E-09
  9.4665E-03  4.9001E-05  1.9884E-09 -1.9089E-09
  9.5319E-03  5.0272E-05  2.0440E-09 -1.9622E-09
  9.5977E-03  5.1577E-05  2.1010E-09 -2.0170E-09
  9.6640E-03  5.2914E-05  2.1597E-09 -2.0733E-09
  9.7308E-03  5.4287E-05  2.2200E-09 -2.1312E-09
  9.7980E-03  5.5694E-05  2.2819E-09 -2.1907E-09
  9.8657E-03  5.7138E-05  2.3456E-09 -2.2518E-09
  9.9338E-03  5.8618E-05  2.4111E-09 -2.3147E-09
  1.0002E-02  6.0137E-05  2.4784E-09 -2.3793E-09
  1.0072E-02  6.1695E-05  2.5476E-09 -2.4457E-09
  1.0141E-02  6.3292E-05  2.6187E-09 -2.5139E-09
  1.0211E-02  6.4931E-05  2.6918E-09 -2.5841E-09
  1.0282E-02  6.6611E-05  2.7669E-09 -2.6562E-09
  1.0353E-02  6.8334E-05  2.8441E-09 -2.7303E-09
  1.0424E-02  7.0102E-05  2.9234E-09 -2.8065E-09
  1.0496E-02  7.1915E-05  3.0050E-09 -2.8848E-09
  1.0568E-02  7.3774E-05  3.0888E-09 -2.9652E-09
  1.0641E-02  7.5681E-05  3.1749E-09 -3.0480E-09
  1.0715E-02  7.7636E-05  3.2635E-09 -3.1330E-09
  1.0789E-02  7.9642E-05  3.3545E-09 -3.2204E-09
  1.0863E-02  8.1698E-05  3.4481E-09 -3.3102E-09
  1.0938E-02  8.3807E-05  3.5442E-09 -3.4025E-09
  1.1014E-02  8.5970E-05  3.6431E-09 -3.4974E-09
  1.1090E-02  8.8188E-05  3.7447E-09 -3.5949E-09
  1.1166E-02  9.0463E-05  3.8491E-09 -3.6951E-09
  1.1243E-02  9.2796E-05  3.9564E-09 -3.7981E-09
  1.1321E-02  9.5188E-05  4.0667E-09 -3.9040E-09
  1.1399E-02  9.7641E-05  4.1800E-09 -4.0129E-09
  1.1477E-02  1.0016E-04  4.2966E-09 -4.1247E-09
  1.1557E-02  1.0274E-04  4.4163E-09 -4.2397E-09
  1.1636E-02  1.0538E-04  4.5394E-09 -4.3579E-09
  1.1717E-02  1.0809E-04  4.6659E-09 -4.4793E-09
  1.1797E-02  1.1088E-04  4.7960E-09 -4.6042E-09
  1.1879E-02  1.1373E-04  4.9296E-09 -4.7325E-09
  1.1961E-02  1.1665E-04  5.0670E-09 -4.8643E-09
  1.2043E-02  1.1965E-04  5.2082E-09 -4.9999E-09
  1.2126E-02  1.2273E-04  5.3533E-09 -5.1392E-09
  1.2210E-02  1.2588E-04  5.5024E-09 -5.2824E-09
  1.2294E-02  1.2911E-04  5.6557E-09 -5.4296E-09
  1.2379E-02  1.3243E-04  5.8133E-09 -5.5808E-09
  1.2464E-02  1.3583E-04  5.9752E-09 -5.7363E-09
  1.2550E-02  1.3931E-04  6.1417E-09 -5.8961E-09
  1.2636E-02  1.4289E-04  6.3127E-09 -6.0603E-09
  1.2723E-02  1.4655E-04  6.4886E-09 -6.2291E-09
  1.2811E-02  1.5031E-04  6.6693E-09 -6.4026E-09
  1.2899E-02  1.5416E-04  6.8550E-09 -6.5809E-09
  1.2988E-02  1.5811E-04  7.0459E-09 -6.7642E-09
  1.3078E-02  1.6215E-04  7.2421E-09 -6.9525E-09
  1.3168E-02  1.6630E-04  7.4438E-09 -7.1461E-09
  1.3259E-02  1.7056E-04  7.6510E-09 -7.3451E-09
  1.3350E-02  1.7492E-04  7.8640E-09 -7.5496E-09
  1.3442E-02  1.7940E-04  8.0830E-09 -7.7598E-09
  1.3534E-02  1.8398E-04  8.3080E-09 -7.9758E-09
  1.3628E-02  1.8868E-04  8.5393E-09 -8.1978E-09
  1.3722E-02  1.9350E-04  8.7770E-09 -8.4260E-09
  1.3816E-02  1.9844E-04  9.0213E-09 -8.6606E-09
  1.3911E-02  2.0351E-04  9.2724E-09 -8.9017E-09
  1.4007E-02  2.0870E-04  9.5305E-09 -9.1494E-09
  1.4104E-02  2.1402E-04  9.7957E-09 -9.4041E-09
  1.4201E-02  2.1948E-04  1.0068E-08 -9.6658E-09
  1.4298E-02  2.2507E-04  1.0348E-08 -9.9348E-09
  1.4397E-02  2.3080E-04  1.0636E-08 -1.0211E-08
  1.4496E-02  2.3668E-04  1.0932E-08 -1.0495E-08
  1.4596E-02  2.4271E-04  1.1237E-08 -1.0787E-08
  1.4696E-02  2.4888E-04  1.1549E-08 -1.1088E-08
  1.4797E-02  2.5521E-04  1.1871E-08 -1.1396E-08
  1.4899E-02  2.6170E-04  1.2201E-08 -1.1713E-08
  1.5002E-02  2.6835E-04  1.2540E-08 -1.2039E-08
  1.5105E-02  2.7517E-04  1.2889E-08 -1.2374E-08
  1.5209E-02  2.8216E-04  1.3248E-08 -1.2718E-08
  1.5314E-02  2.8932E-04  1.3616E-08 -1.3072E-08
  1.5419E-02  2.9666E-04  1.3995E-08 -1.3435E-08
  1.5525E-02  3.0418E-04  1.4384E-08 -1.3809E-08
  1.5632E-02  3.1189E-04  1.4784E-08 -1.4193E-08
  1.5740E-02  3.1980E-04  1.5195E-08 -1.4588E-08
  1.5848E-02  3.2790E-04  1.5618E-08 -1.4994E-08
  1.5957E-02  3.3620E-04  1.6052E-08 -1.5411E-08
  1.6067E-02  3.4471E-04  1.6499E-08 -1.5839E-08
  1.6178E-02  3.5343E-04  1.6957E-08 -1.6280E-08
  1.6289E-02  3.6236E-04  1.7429E-08 -1.6732E-08
  1.6401E-02  3.7152E-04  1.7913E-08 -1.7197E-08
  1.6514E-02  3.8091E-04  1.8411E-08 -1.7676E-08
  1.6627E-02  3.9053E-04  1.8923E-08 -1.8167E-08
  1.6742E-02  4.0038E-04  1.9449E-08 -1.8672E-08
  1.6857E-02  4.1049E-04  1.9990E-08 -1.9191E-08
  1.6973E-02  4.2084E-04  2.0546E-08 -1.9725E-08
  1.7090E-02  4.3144E-04  2.1117E-08 -2.0273E-08
  1.7207E-02  4.4231E-04  2.1704E-08 -2.0836E-08
  1.7325E-02  4.5345E-04  2.2307E-08 -2.1416E-08
  1.7445E-02  4.6486E-04  2.2927E-08 -2.2011E-08
  1.7565E-02  4.7656E-04  2.3564E-08 -2.2623E-08
  1.7685E-02  4.8854E-04  2.4219E-08 -2.3251E-08
  1.7807E-02  5.0082E-04  2.4892E-08 -2.3897E-08
  1.7930E-02  5.1340E-04  2.5584E-08 -2.4562E-08
  1.8053E-02  5.2629E-04  2.6295E-08 -2.5244E-08
  1.8177E-02  5.3950E-04  2.7025E-08 -2.5946E-08
  1.8302E-02  5.5303E-04  2.7776E-08 -2.6667E-08
  1.8428E-02  5.6689E-04  2.8548E-08 -2.7407E-08
  1.8554E-02  5.8110E-04  2.9341E-08 -2.8169E-08
  1.8682E-02  5.9565E-04  3.0156E-08 -2.8952E-08
  1.8810E-02  6.1056E-04  3.0994E-08 -2.9756E-08
  1.8940E-02  6.2584E-04  3.1855E-08 -3.0583E-08
  1.9070E-02  6.4149E-04  3.2740E-08 -3.1432E-08
  1.9201E-02  6.5752E-04  3.3650E-08 -3.2305E-08
  1.9333E-02  6.7394E-04  3.4584E-08 -3.3203E-08
  1.9466E-02  6.9077E-04  3.5545E-08 -3.4125E-08
  1.9600E-02  7.0800E-04  3.6532E-08 -3.5073E-08
  1.9734E-02  7.2566E-04  3.7547E-08 -3.6047E-08
  1.9870E-02  7.4375E-04  3.8590E-08 -3.7048E-08
  2.0007E-02  7.6228E-04  3.9662E-08 -3.8077E-08
  2.0144E-02  7.8125E-04  4.0763E-08 -3.9135E-08
  2.0283E-02  8.0069E-04  4.1895E-08 -4.0222E-08
  2.0422E-02  8.2061E-04  4.3059E-08 -4.1339E-08
  2.0562E-02  8.4100E-04  4.4254E-08 -4.2487E-08
  2.0704E-02  8.6189E-04  4.5483E-08 -4.3667E-08
  2.0846E-02  8.8329E-04  4.6746E-08 -4.4879E-08
  2.0989E-02  9.0521E-04  4.8044E-08 -4.6125E-08
  2.1133E-02  9.2766E-04  4.9378E-08 -4.7406E-08
  2.1279E-02  9.5065E-04  5.0749E-08 -4.8722E-08
  2.1425E-02  9.7419E-04  5.2158E-08 -5.0075E-08
  2.1572E-02  9.9831E-04  5.3606E-08 -5.1465E-08
  2.1720E-02  1.0230E-03  5.5094E-08 -5.2894E-08
  2.1869E-02  1.0483E-03  5.6624E-08 -5.4363E-08
  2.2020E-02  1.0742E-03  5.8195E-08 -5.5872E-08
  2.2171E-02  1.1007E-03  5.9811E-08 -5.7423E-08
  2.2323E-02  1.1279E-03  6.1471E-08 -5.9017E-08
  2.2477E-02  1.1557E-03  6.3177E-08 -6.0655E-08
  2.2631E-02  1.1842E-03  6.4931E-08 -6.2339E-08
  2.2786E-02  1.2134E-03  6.6733E-08 -6.4069E-08
  2.2943E-02  1.2432E-03  6.8585E-08 -6.5847E-08
  2.3100E-02  1.2738E-03  7.0489E-08 -6.7675E-08
  2.3259E-02  1.3051E-03  7.2445E-08 -6.9553E-08
  2.3419E-02  1.3372E-03  7.4455E-08 -7.1484E-08
  2.3580E-02  1.3700E-03  7.6522E-08 -7.3467E-08
  2.3742E-02  1.4036E-03  7.8645E-08 -7.5506E-08
  2.3905E-02  1.4381E-03  8.0828E-08 -7.7602E-08
  2.4069E-02  1.4733E-03  8.3070E-08 -7.9755E-08
  2.4234E-02  1.5094E-03  8.5375E-08 -8.1968E-08
  2.4401E-02  1.5463E-03  8.7744E-08 -8.4243E-08
  2.4568E-02  1.5841E-03  9.0179E-08 -8.6580E-08
  2.4737E-02  1.6228E-03  9.2681E-08 -8.8983E-08
  2.4907E-02  1.6625E-03  9.5252E-08 -9.1452E-08
  2.5078E-02  1.7030E-03  9.7895E-08 -9.3989E-08
  2.5250E-02  1.7445E-03  1.0061E-07 -9.6597E-08
  2.5423E-02  1.7871E-03  1.0340E-07 -9.9277E-08
  2.5598E-02  1.8306E-03  1.0627E-07 -1.0203E-07
  2.5774E-02  1.8751E-03  1.0922E-07 -1.0486E-07
  2.5950E-02  1.9207E-03  1.1225E-07 -1.0777E-07
  2.6129E-02  1.9674E-03  1.1536E-07 -1.1076E-07
  2.6308E-02  2.0151E-03  1.1856E-07 -1.1383E-07
  2.6489E-02  2.0640E-03  1.2185E-07 -1.1699E-07
  2.6670E-02  2.1141E-03  1.2523E-07 -1.2024E-07
  2.6853E-02  2.1653E-03  1.2870E-07 -1.2357E-07
  2.7038E-02  2.2177E-03  1.3227E-07 -1.2700E-07
  2.7223E-02  2.2714E-03  1.3594E-07 -1.3052E-07
  2.7410E-02  2.3263E-03  1.3971E-07 -1.3414E-07
  2.7598E-02  2.3824E-03  1.4359E-07 -1.3786E-07
  2.7788E-02  2.4399E-03  1.4757E-07 -1.4168E-07
  2.7979E-02  2.4988E-03  1.5166E-07 -1.4561E-07
  2.8171E-02  2.5590E-03  1.5587E-07 -1.4965E-07
  2.8364E-02  2.6206E-03  1.6019E-07 -1.5380E-07
  2.8559E-02  2.6836E-03  1.6463E-07 -1.5807E-07
  2.8755E-02  2.7481E-03  1.6919E-07 -1.6245E-07
  2.8952E-02  2.8141E-03  1.7389E-07 -1.6695E-07
  2.9151E-02  2.8817E-03  1.7871E-07 -1.7158E-07
  2.9351E-02  2.9508E-03  1.8366E-07 -1.7634E-07
  2.9552E-02  3.0215E-03  1.8875E-07 -1.8123E-07
  2.9755E-02  3.0938E-03  1.9399E-07 -1.8626E-07
  2.9959E-02  3.1678E-03  1.9936E-07 -1.9142E-07
  3.0165E-02  3.2435E-03  2.0489E-07 -1.9673E-07
  3.0372E-02  3.3209E-03  2.1057E-07 -2.0218E-07
  3.0580E-02  3.4002E-03  2.1641E-07 -2.0779E-07
  3.0790E-02  3.4812E-03  2.2241E-07 -2.1355E-07
  3.1001E-02  3.5641E-03  2.2857E-07 -2.1947E-07
  3.1214E-02  3.6489E-03  2.3491E-07 -2.2555E-07
  3.1428E-02  3.7357E-03  2.4142E-07 -2.3181E-07
  3.1643E-02  3.8244E-03  2.4811E-07 -2.3823E-07
  3.1861E-02  3.9152E-03  2.5499E-07 -2.4484E-07
  3.2079E-02  4.0080E-03  2.6206E-07 -2.5162E-07
  3.2299E-02  4.1029E-03  2.6932E-07 -2.5860E-07
  3.2521E-02  4.2000E-03  2.7678E-07 -2.6576E-07
  3.2744E-02  4.2993E-03  2.8446E-07 -2.7313E-07
  3.2969E-02  4.4009E-03  2.9234E-07 -2.8070E-07
  3.3195E-02  4.5048E-03  3.0044E-07 -2.8848E-07
  3.3422E-02  4.6110E-03  3.0877E-07 -2.9648E-07
  3.3652E-02  4.7196E-03  3.1732E-07 -3.0469E-07
  3.3882E-02  4.8307E-03  3.2612E-07 -3.1314E-07
  3.4115E-02  4.9443E-03  3.3515E-07 -3.2182E-07
  3.4349E-02  5.0604E-03  3.4444E-07 -3.3073E-07
  3.4584E-02  5.1791E-03  3.5398E-07 -3.3990E-07
  3.4822E-02  5.3006E-03  3.6379E-07 -3.4932E-07
  3.5061E-02  5.4247E-03  3.7387E-07 -3.5900E-07
  3.5301E-02  5.5516E-03  3.8423E-07 -3.6895E-07
  3.5543E-02  5.6814E-03  3.9488E-07 -3.7917E-07
  3.5787E-02  5.8140E-03  4.0582E-07 -3.8968E-07
  3.6032E-02  5.9496E-03  4.1706E-07 -4.0048E-07
  3.6279E-02  6.0883E-03  4.2862E-07 -4.1157E-07
  3.6528E-02  6.2300E-03  4.4049E-07 -4.2298E-07
  3.6779E-02  6.3749E-03  4.5269E-07 -4.3470E-07
  3.7031E-02  6.5229E-03  4.6523E-07 -4.4674E-07
  3.7285E-02  6.6743E-03  4.7812E-07 -4.5912E-07
  3.7541E-02  6.8290E-03  4.9137E-07 -4.7184E-07
  3.7798E-02  6.9871E-03  5.0498E-07 -4.8491E-07
  3.8057E-02  7.1487E-03  5.1896E-07 -4.9834E-07
  3.8318E-02  7.3139E-03  5.3334E-07 -5.1215E-07
  3.8581E-02  7.4827E-03  5.4811E-07 -5.2634E-07
  3.8845E-02  7.6552E-03  5.6329E-07 -5.4092E-07
  3.9112E-02  7.8315E-03  5.7890E-07 -5.5590E-07
  3.9380E-02  8.0117E-03  5.9493E-07 -5.7130E-07
  3.9650E-02  8.1958E-03  6.1141E-07 -5.8713E-07
  3.9922E-02  8.3839E-03  6.2834E-07 -6.0339E-07
  4.0196E-02  8.5761E-03  6.4574E-07 -6.2010E-07
  4.0471E-02  8.7725E-03  6.6362E-07 -6.3728E-07
  4.0749E-02  8.9731E-03  6.8200E-07 -6.5493E-07
  4.1028E-02  9.1781E-03  7.0089E-07 -6.7307E-07
  4.1309E-02  9.3876E-03  7.2030E-07 -6.9171E-07
  4.1592E-02  9.6016E-03  7.4024E-07 -7.1087E-07
  4.1878E-02  9.8201E-03  7.6074E-07 -7.3056E-07
  4.2165E-02  1.0043E-02  7.8181E-07 -7.5079E-07
  4.2454E-02  1.0272E-02  8.0345E-07 -7.7158E-07
  4.2745E-02  1.0505E-02  8.2570E-07 -7.9295E-07
  4.3038E-02  1.0743E-02  8.4856E-07 -8.1491E-07
  4.3333E-02  1.0986E-02  8.7206E-07 -8.3748E-07
  4.3630E-02  1.1234E-02  8.9620E-07 -8.6067E-07
  4.3929E-02  1.1487E-02  9.2101E-07 -8.8451E-07
  4.4230E-02  1.1746E-02  9.4651E-07 -9.0900E-07
  4.4533E-02  1.2011E-02  9.7272E-07 -9.3417E-07
  4.4839E-02  1.2281E-02  9.9965E-07 -9.6004E-07
  4.5146E-02  1.2557E-02  1.0273E-06 -9.8662E-07
  4.5455E-02  1.2838E-02  1.0558E-06 -1.0139E-06
  4.5767E-02  1.3126E-02  1.0850E-06 -1.0420E-06
  4.6081E-02  1.3420E-02  1.1150E-06 -1.0709E-06
  4.6396E-02  1.3720E-02  1.1459E-06 -1.1005E-06
  4.6714E-02  1.4026E-02  1.1776E-06 -1.1310E-06
  4.7035E-02  1.4338E-02  1.2102E-06 -1.1623E-06
  4.7357E-02  1.4657E-02  1.2437E-06 -1.1945E-06
  4.7682E-02  1.4983E-02  1.2781E-06 -1.2275E-06
  4.8008E-02  1.5315E-02  1.3135E-06 -1.2615E-06
  4.8337E-02  1.5655E-02  1.3498E-06 -1.2965E-06
  4.8669E-02  1.6001E-02  1.3872E-06 -1.3323E-06
  4.9002E-02  1.6355E-02  1.4256E-06 -1.3692E-06
  4.9338E-02  1.6716E-02  1.4651E-06 -1.4071E-06
  4.9676E-02  1.7084E-02  1.5056E-06 -1.4461E-06
  5.0017E-02  1.7460E-02  1.5473E-06 -1.4861E-06
  5.0359E-02  1.7844E-02  1.5901E-06 -1.5272E-06
  5.0704E-02  1.8236E-02  1.6341E-06 -1.5695E-06
  5.1052E-02  1.8635E-02  1.6793E-06 -1.6130E-06
  5.1402E-02  1.9043E-02  1.7258E-06 -1.6576E-06
  5.1754E-02  1.9459E-02  1.7735E-06 -1.7035E-06
  5.2109E-02  1.9883E-02  1.8226E-06 -1.7506E-06
  5.2466E-02  2.0317E-02  1.8730E-06 -1.7991E-06
  5.2825E-02  2.0758E-02  1.9249E-06 -1.8489E-06
  5.3187E-02  2.1209E-02  1.9781E-06 -1.9001E-06
  5.3552E-02  2.1669E-02  2.0328E-06 -1.9526E-06
  5.3919E-02  2.2138E-02  2.0891E-06 -2.0067E-06
  5.4288E-02  2.2617E-02  2.1469E-06 -2.0622E-06
  5.4660E-02  2.3105E-02  2.2063E-06 -2.1193E-06
  5.5034E-02  2.3603E-02  2.2673E-06 -2.1779E-06
  5.5412E-02  2.4111E-02  2.3300E-06 -2.2382E-06
  5.5791E-02  2.4629E-02  2.3945E-06 -2.3001E-06
  5.6173E-02  2.5157E-02  2.4607E-06 -2.3638E-06
  5.6558E-02  2.5696E-02  2.5288E-06 -2.4292E-06
  5.6946E-02  2.6245E-02  2.5987E-06 -2.4964E-06
  5.7336E-02  2.6805E-02  2.6706E-06 -2.5655E-06
  5.7729E-02  2.7377E-02  2.7445E-06 -2.6365E-06
  5.8124E-02  2.7959E-02  2.8204E-06 -2.7094E-06
  5.8523E-02  2.8553E-02  2.8984E-06 -2.7844E-06
  5.8924E-02  2.9158E-02  2.9786E-06 -2.8614E-06
  5.9327E-02  2.9775E-02  3.0609E-06 -2.9406E-06
  5.9734E-02  3.0405E-02  3.1456E-06 -3.0220E-06
  6.0143E-02  3.1046E-02  3.2326E-06 -3.1056E-06
  6.0555E-02  3.1700E-02  3.3220E-06 -3.1915E-06
  6.0970E-02  3.2366E-02  3.4138E-06 -3.2798E-06
  6.1387E-02  3.3046E-02  3.5082E-06 -3.3705E-06
  6.1808E-02  3.3738E-02  3.6053E-06 -3.4638E-06
  6.2231E-02  3.4443E-02  3.7049E-06 -3.5596E-06
  6.2658E-02  3.5162E-02  3.8074E-06 -3.6581E-06
  6.3087E-02  3.5895E-02  3.9127E-06 -3.7593E-06
  6.3519E-02  3.6642E-02  4.0208E-06 -3.8632E-06
  6.3954E-02  3.7402E-02  4.1320E-06 -3.9701E-06
  6.4392E-02  3.8178E-02  4.2463E-06 -4.0799E-06
  6.4833E-02  3.8967E-02  4.3637E-06 -4.1928E-06
  6.5277E-02  3.9772E-02  4.4843E-06 -4.3087E-06
  6.5725E-02  4.0591E-02  4.6083E-06 -4.4279E-06
  6.6175E-02  4.1426E-02  4.7357E-06 -4.5504E-06
  6.6628E-02  4.2277E-02  4.8666E-06 -4.6762E-06
  6.7084E-02  4.3143E-02  5.0011E-06 -4.8056E-06
  6.7544E-02  4.4026E-02  5.1393E-06 -4.9385E-06
  6.8007E-02  4.4924E-02  5.2814E-06 -5.0751E-06
  6.8472E-02  4.5839E-02  5.4274E-06 -5.2154E-06
  6.8941E-02  4.6771E-02  5.5774E-06 -5.3597E-06
  6.9414E-02  4.7721E-02  5.7315E-06 -5.5079E-06
  6.9889E-02  4.8687E-02  5.8900E-06 -5.6602E-06
  7.0368E-02  4.9671E-02  6.0527E-06 -5.8167E-06
  7.0850E-02  5.0673E-02  6.2200E-06 -5.9776E-06
  7.1335E-02  5.1693E-02  6.3919E-06 -6.1429E-06
  7.1824E-02  5.2731E-02  6.5685E-06 -6.3127E-06
  7.2315E-02  5.3788E-02  6.7501E-06 -6.4873E-06
  7.2811E-02  5.4864E-02  6.9366E-06 -6.6666E-06
  7.3309E-02  5.5960E-02  7.1283E-06 -6.8510E-06
  7.3812E-02  5.7074E-02  7.3252E-06 -7.0404E-06
  7.4317E-02  5.8209E-02  7.5276E-06 -7.2351E-06
  7.4826E-02  5.9364E-02  7.7356E-06 -7.4351E-06
  7.5338E-02  6.0539E-02  7.9493E-06 -7.6407E-06
  7.5854E-02  6.1734E-02  8.1689E-06 -7.8519E-06
  7.6374E-02  6.2951E-02  8.3946E-06 -8.0690E-06
  7.6897E-02  6.4189E-02  8.6265E-06 -8.2920E-06
  7.7424E-02  6.5448E-02  8.8648E-06 -8.5213E-06
  7.7954E-02  6.6730E-02  9.1097E-06 -8.7568E-06
  7.8488E-02  6.8033E-02  9.3614E-06 -8.9989E-06
  7.9025E-02  6.9359E-02  9.6199E-06 -9.2477E-06
  7.9566E-02  7.0707E-02  9.8856E-06 -9.5033E-06
  8.0111E-02  7.2079E-02  1.0159E-05 -9.7660E-06
  8.0660E-02  7.3474E-02  1.0439E-05 -1.0036E-05
  8.1212E-02  7.4893E-02  1.0728E-05 -1.0313E-05
  8.1768E-02  7.6336E-02  1.1024E-05 -1.0598E-05
  8.2328E-02  7.7803E-02  1.1328E-05 -1.0891E-05
  8.2892E-02  7.9295E-02  1.1641E-05 -1.1192E-05
  8.3460E-02  8.0811E-02  1.1963E-05 -1.1502E-05
  8.4031E-02  8.2353E-02  1.2293E-05 -1.1820E-05
  8.4607E-02  8.3921E-02  1.2632E-05 -1.2146E-05
  8.5186E-02  8.5515E-02  1.2981E-05 -1.2482E-05
  8.5769E-02  8.7134E-02  1.3340E-05 -1.2827E-05
  8.6357E-02  8.8781E-02  1.3708E-05 -1.3181E-05
  8.6948E-02  9.0454E-02  1.4086E-05 -1.3546E-05
  8.7543E-02  9.2155E-02  1.4475E-05 -1.3920E-05
  8.8143E-02  9.3883E-02  1.4875E-05 -1.4305E-05
  8.8746E-02  9.5639E-02  1.5285E-05 -1.4700E-05
  8.9354E-02  9.7423E-02  1.5707E-05 -1.5106E-05
  8.9966E-02  9.9236E-02  1.6141E-05 -1.5523E-05
  9.0582E-02  1.0108E-01  1.6586E-05 -1.5952E-05
  9.1202E-02  1.0295E-01  1.7044E-05 -1.6393E-05
  9.1826E-02  1.0485E-01  1.7514E-05 -1.6846E-05
  9.2455E-02  1.0678E-01  1.7998E-05 -1.7311E-05
  9.3088E-02  1.0874E-01  1.8494E-05 -1.7790E-05
  9.3726E-02  1.1073E-01  1.9005E-05 -1.8281E-05
  9.4367E-02  1.1276E-01  1.9529E-05 -1.8786E-05
  9.5013E-02  1.1481E-01  2.0068E-05 -1.9305E-05
  9.5664E-02  1.1689E-01  2.0622E-05 -1.9838E-05
  9.6319E-02  1.1901E-01  2.1191E-05 -2.0386E-05
  9.6978E-02  1.2116E-01  2.1775E-05 -2.0950E-05
  9.7642E-02  1.2334E-01  2.2376E-05 -2.1528E-05
  9.8311E-02  1.2556E-01  2.2993E-05 -2.2123E-05
  9.8984E-02  1.2781E-01  2.3628E-05 -2.2734E-05
  9.9662E-02  1.3009E-01  2.4279E-05 -2.3362E-05
  1.0034E-01  1.3241E-01  2.4949E-05 -2.4007E-05
  1.0103E-01  1.3476E-01  2.5637E-05 -2.4670E-05
  1.0172E-01  1.3714E-01  2.6344E-05 -2.5352E-05
  1.0242E-01  1.3956E-01  2.7071E-05 -2.6052E-05
  1.0312E-01  1.4202E-01  2.7817E-05 -2.6771E-05
  1.0383E-01  1.4451E-01  2.8584E-05 -2.7511E-05
  1.0454E-01  1.4704E-01  2.9372E-05 -2.8270E-05
  1.0525E-01  1.4960E-01  3.0182E-05 -2.9051E-05
  1.0597E-01  1.5220E-01  3.1014E-05 -2.9853E-05
  1.0670E-01  1.5484E-01  3.1869E-05 -3.0678E-05
  1.0743E-01  1.5751E-01  3.2748E-05 -3.1525E-05
  1.0816E-01  1.6022E-01  3.3651E-05 -3.2395E-05
  1.0891E-01  1.6297E-01  3.4578E-05 -3.3290E-05
  1.0965E-01  1.6576E-01  3.5531E-05 -3.4209E-05
  1.1040E-01  1.6859E-01  3.6511E-05 -3.5153E-05
  1.1116E-01  1.7146E-01  3.7517E-05 -3.6124E-05
  1.1192E-01  1.7436E-01  3.8551E-05 -3.7121E-05
  1.1268E-01  1.7731E-01  3.9613E-05 -3.8146E-05
  1.1346E-01  1.8029E-01  4.0705E-05 -3.9199E-05
  1.1423E-01  1.8331E-01  4.1826E-05 -4.0281E-05
  1.1501E-01  1.8638E-01  4.2978E-05 -4.1393E-05
  1.1580E-01  1.8948E-01  4.4163E-05 -4.2536E-05
  1.1659E-01  1.9263E-01  4.5379E-05 -4.3710E-05
  1.1739E-01  1.9582E-01  4.6629E-05 -4.4917E-05
  1.1820E-01  1.9905E-01  4.7914E-05 -4.6156E-05
  1.1901E-01  2.0232E-01  4.9233E-05 -4.7430E-05
  1.1982E-01  2.0563E-01  5.0589E-05 -4.8740E-05
  1.2064E-01  2.0898E-01  5.1982E-05 -5.0085E-05
  1.2147E-01  2.1238E-01  5.3414E-05 -5.1467E-05
  1.2230E-01  2.1582E-01  5.4884E-05 -5.2888E-05
  1.2313E-01  2.1930E-01  5.6396E-05 -5.4347E-05
  1.2398E-01  2.2283E-01  5.7948E-05 -5.5847E-05
  1.2483E-01  2.2640E-01  5.9544E-05 -5.7388E-05
  1.2568E-01  2.3001E-01  6.1183E-05 -5.8972E-05
  1.2654E-01  2.3367E-01  6.2867E-05 -6.0599E-05
  1.2741E-01  2.3737E-01  6.4597E-05 -6.2272E-05
  1.2828E-01  2.4111E-01  6.6375E-05 -6.3990E-05
  1.2916E-01  2.4490E-01  6.8201E-05 -6.5756E-05
  1.3004E-01  2.4873E-01  7.0078E-05 -6.7570E-05
  1.3093E-01  2.5261E-01  7.2006E-05 -6.9434E-05
  1.3183E-01  2.5653E-01  7.3987E-05 -7.1350E-05
  1.3273E-01  2.6050E-01  7.6023E-05 -7.3319E-05
  1.3364E-01  2.6451E-01  7.8114E-05 -7.5342E-05
  1.3455E-01  2.6857E-01  8.0263E-05 -7.7420E-05
  1.3547E-01  2.7268E-01  8.2470E-05 -7.9556E-05
  1.3640E-01  2.7683E-01  8.4738E-05 -8.1751E-05
  1.3733E-01  2.8102E-01  8.7068E-05 -8.4006E-05
  1.3827E-01  2.8526E-01  8.9463E-05 -8.6324E-05
  1.3922E-01  2.8955E-01  9.1922E-05 -8.8705E-05
  1.4017E-01  2.9388E-01  9.4449E-05 -9.1152E-05
  1.4113E-01  2.9826E-01  9.7046E-05 -9.3666E-05
  1.4210E-01  3.0268E-01  9.9713E-05 -9.6250E-05
  1.4307E-01  3.0715E-01  1.0245E-04 -9.8905E-05
  1.4405E-01  3.1167E-01  1.0527E-04 -1.0163E-04
  1.4504E-01  3.1623E-01  1.0816E-04 -1.0444E-04
  1.4603E-01  3.2084E-01  1.1113E-04 -1.0732E-04
  1.4703E-01  3.2549E-01  1.1419E-04 -1.1028E-04
  1.4804E-01  3.3019E-01  1.1732E-04 -1.1332E-04
  1.4905E-01  3.3494E-01  1.2055E-04 -1.1644E-04
  1.5007E-01  3.3973E-01  1.2386E-04 -1.1965E-04
  1.5110E-01  3.4457E-01  1.2726E-04 -1.2295E-04
  1.5213E-01  3.4945E-01  1.3075E-04 -1.2635E-04
  1.5317E-01  3.5438E-01  1.3434E-04 -1.2983E-04
  1.5422E-01  3.5935E-01  1.3803E-04 -1.3341E-04
  1.5528E-01  3.6437E-01  1.4182E-04 -1.3709E-04
  1.5634E-01  3.6944E-01  1.4571E-04 -1.4087E-04
  1.5741E-01  3.7455E-01  1.4971E-04 -1.4475E-04
  1.5849E-01  3.7970E-01  1.5382E-04 -1.4875E-04
  1.5957E-01  3.8490E-01  1.5804E-04 -1.5285E-04
  1.6066E-01  3.9014E-01  1.6238E-04 -1.5706E-04
  1.6176E-01  3.9543E-01  1.6683E-04 -1.6139E-04
  1.6287E-01  4.0076E-01  1.7141E-04 -1.6584E-04
  1.6398E-01  4.0614E-01  1.7611E-04 -1.7042E-04
  1.6511E-01  4.1156E-01  1.8094E-04 -1.7512E-04
  1.6624E-01  4.1702E-01  1.8590E-04 -1.7994E-04
  1.6737E-01  4.2253E-01  1.9100E-04 -1.8491E-04
  1.6852E-01  4.2808E-01  1.9624E-04 -1.9000E-04
  1.6967E-01  4.3367E-01  2.0161E-04 -1.9524E-04
  1.7083E-01  4.3930E-01  2.0714E-04 -2.0063E-04
  1.7200E-01  4.4498E-01  2.1282E-04 -2.0616E-04
  1.7318E-01  4.5069E-01  2.1865E-04 -2.1184E-04
  1.7436E-01  4.5645E-01  2.2464E-04 -2.1768E-04
  1.7556E-01  4.6224E-01  2.3079E-04 -2.2369E-04
  1.7676E-01  4.6808E-01  2.3711E-04 -2.2985E-04
  1.7797E-01  4.7396E-01  2.4360E-04 -2.3619E-04
  1.7919E-01  4.7987E-01  2.5027E-04 -2.4270E-04
  1.8041E-01  4.8582E-01  2.5713E-04 -2.4939E-04
  1.8165E-01  4.9181E-01  2.6416E-04 -2.5627E-04
  1.8289E-01  4.9784E-01  2.7139E-04 -2.6334E-04
  1.8414E-01  5.0391E-01  2.7882E-04 -2.7060E-04
  1.8540E-01  5.1001E-01  2.8645E-04 -2.7806E-04
  1.8667E-01  5.1615E-01  2.9429E-04 -2.8573E-04
  1.8795E-01  5.2232E-01  3.0234E-04 -2.9360E-04
  1.8924E-01  5.2852E-01  3.1060E-04 -3.0170E-04
  1.9053E-01  5.3476E-01  3.1910E-04 -3.1002E-04
  1.9183E-01  5.4104E-01  3.2782E-04 -3.1857E-04
  1.9315E-01  5.4734E-01  3.3678E-04 -3.2735E-04
  1.9447E-01  5.5368E-01  3.4599E-04 -3.3638E-04
  1.9580E-01  5.6005E-01  3.5544E-04 -3.4566E-04
  1.9714E-01  5.6644E-01  3.6515E-04 -3.5519E-04
  1.9849E-01  5.7287E-01  3.7513E-04 -3.6498E-04
  1.9985E-01  5.7932E-01  3.8537E-04 -3.7505E-04
  2.0121E-01  5.8581E-01  3.9589E-04 -3.8539E-04
  2.0259E-01  5.9232E-01  4.0670E-04 -3.9602E-04
  2.0398E-01  5.9885E-01  4.1780E-04 -4.0695E-04
  2.0537E-01  6.0541E-01  4.2921E-04 -4.1817E-04
  2.0678E-01  6.1199E-01  4.4092E-04 -4.2971E-04
  2.0819E-01  6.1860E-01  4.5295E-04 -4.4156E-04
  2.0962E-01  6.2523E-01  4.6530E-04 -4.5374E-04
  2.1105E-01  6.3188E-01  4.7799E-04 -4.6626E-04
  2.1250E-01  6.3855E-01  4.9102E-04 -4.7912E-04
  2.1395E-01  6.4524E-01  5.0441E-04 -4.9234E-04
  2.1542E-01  6.5195E-01  5.1816E-04 -5.0593E-04
  2.1689E-01  6.5867E-01  5.3227E-04 -5.1989E-04
  2.1837E-01  6.6542E-01  5.4678E-04 -5.3424E-04
  2.1987E-01  6.7217E-01  5.6167E-04 -5.4898E-04
  2.2137E-01  6.7894E-01  5.7696E-04 -5.6414E-04
  2.2289E-01  6.8572E-01  5.9267E-04 -5.7971E-04
  2.2441E-01  6.9252E-01  6.0880E-04 -5.9571E-04
  2.2595E-01  6.9932E-01  6.2537E-04 -6.1216E-04
  2.2749E-01  7.0613E-01  6.4239E-04 -6.2906E-04
  2.2905E-01  7.1295E-01  6.5986E-04 -6.4643E-04
  2.3062E-01  7.1978E-01  6.7781E-04 -6.6428E-04
  2.3220E-01  7.2661E-01  6.9623E-04 -6.8263E-04
  2.3379E-01  7.3345E-01  7.1516E-04 -7.0149E-04
  2.3538E-01  7.4029E-01  7.3459E-04 -7.2086E-04
  2.3700E-01  7.4713E-01  7.5455E-04 -7.4078E-04
  2.3862E-01  7.5398E-01  7.7505E-04 -7.6125E-04
  2.4025E-01  7.6082E-01  7.9609E-04 -7.8229E-04
  2.4189E-01  7.6766E-01  8.1771E-04 -8.0391E-04
  2.4355E-01  7.7449E-01  8.3990E-04 -8.2613E-04
  2.4522E-01  7.8132E-01  8.6269E-04 -8.4897E-04
  2.4689E-01  7.8814E-01  8.8609E-04 -8.7245E-04
  2.4858E-01  7.9496E-01  9.1012E-04 -8.9658E-04
  2.5028E-01  8.0177E-01  9.3480E-04 -9.2138E-04
  2.5200E-01  8.0856E-01  9.6013E-04 -9.4687E-04
  2.5372E-01  8.1535E-01  9.8615E-04 -9.7307E-04
  2.5546E-01  8.2212E-01  1.0129E-03 -1.0000E-03
  2.5720E-01  8.2887E-01  1.0403E-03 -1.0277E-03
  2.5896E-01  8.3561E-01  1.0685E-03 -1.0561E-03
  2.6074E-01  8.4233E-01  1.0974E-03 -1.0854E-03
  2.6252E-01  8.4903E-01  1.1271E-03 -1.1154E-03
  2.6432E-01  8.5571E-01  1.1576E-03 -1.1463E-03
  2.6613E-01  8.6237E-01  1.1889E-03 -1.1781E-03
  2.6795E-01  8.6901E-01  1.2210E-03 -1.2108E-03
  2.6978E-01  8.7562E-01  1.2540E-03 -1.2443E-03
  2.7163E-01  8.8220E-01  1.2879E-03 -1.2788E-03
  2.7348E-01  8.8875E-01  1.3226E-03 -1.3143E-03
  2.7536E-01  8.9528E-01  1.3583E-03 -1.3508E-03
  2.7724E-01  9.0177E-01  1.3950E-03 -1.3883E-03
  2.7914E-01  9.0823E-01  1.4326E-03 -1.4268E-03
  2.8105E-01  9.1465E-01  1.4713E-03 -1.4664E-03
  2.8297E-01  9.2104E-01  1.5109E-03 -1.5071E-03
  2.8490E-01  9.2739E-01  1.5517E-03 -1.5490E-03
  2.8685E-01  9.3371E-01  1.5935E-03 -1.5921E-03
  2.8882E-01  9.3998E-01  1.6364E-03 -1.6363E-03
  2.9079E-01  9.4621E-01  1.6804E-03 -1.6819E-03
  2.9278E-01  9.5239E-01  1.7256E-03 -1.7287E-03
  2.9479E-01  9.5853E-01  1.7721E-03 -1.7768E-03
  2.9680E-01  9.6463E-01  1.8197E-03 -1.8262E-03
  2.9883E-01  9.7067E-01  1.8686E-03 -1.8771E-03
  3.0088E-01  9.7666E-01  1.9188E-03 -1.9294E-03
  3.0294E-01  9.8261E-01  1.9704E-03 -1.9832E-03
  3.0501E-01  9.8850E-01  2.0232E-03 -2.0385E-03
  3.0710E-01  9.9433E-01  2.0775E-03 -2.0954E-03
  3.0920E-01  1.0001E+00  2.1333E-03 -2.1539E-03
  3.1131E-01  1.0058E+00  2.1905E-03 -2.2141E-03
  3.1344E-01  1.0115E+00  2.2492E-03 -2.2759E-03
  3.1559E-01  1.0171E+00  2.3094E-03 -2.3396E-03
  3.1775E-01  1.0226E+00  2.3712E-03 -2.4050E-03
  3.1992E-01  1.0281E+00  2.4347E-03 -2.4723E-03
  3.2211E-01  1.0335E+00  2.4998E-03 -2.5415E-03
  3.2431E-01  1.0388E+00  2.5667E-03 -2.6127E-03
  3.2653E-01  1.0441E+00  2.6353E-03 -2.6860E-03
  3.2877E-01  1.0493E+00  2.7057E-03 -2.7613E-03
  3.3102E-01  1.0544E+00  2.7779E-03 -2.8388E-03
  3.3328E-01  1.0595E+00  2.8520E-03 -2.9185E-03
  3.3556E-01  1.0645E+00  2.9281E-03 -3.0006E-03
  3.3786E-01  1.0694E+00  3.0062E-03 -3.0849E-03
  3.4017E-01  1.0742E+00  3.0863E-03 -3.1717E-03
  3.4250E-01  1.0789E+00  3.1685E-03 -3.2610E-03
  3.4484E-01  1.0836E+00  3.2528E-03 -3.3529E-03
  3.4720E-01  1.0882E+00  3.3393E-03 -3.4475E-03
  3.4957E-01  1.0927E+00  3.4281E-03 -3.5447E-03
  3.5197E-01  1.0971E+00  3.5192E-03 -3.6448E-03
  3.5437E-01  1.1014E+00  3.6127E-03 -3.7479E-03
  3.5680E-01  1.1056E+00  3.7086E-03 -3.8539E-03
  3.5924E-01  1.1098E+00  3.8069E-03 -3.9629E-03
  3.6170E-01  1.1138E+00  3.9079E-03 -4.0752E-03
  3.6417E-01  1.1178E+00  4.0114E-03 -4.1908E-03
  3.6666E-01  1.1216E+00  4.1176E-03 -4.3097E-03
  3.6917E-01  1.1254E+00  4.2266E-03 -4.4321E-03
  3.7170E-01  1.1291E+00  4.3384E-03 -4.5581E-03
  3.7424E-01  1.1327E+00  4.4530E-03 -4.6878E-03
  3.7680E-01  1.1362E+00  4.5707E-03 -4.8214E-03
  3.7938E-01  1.1396E+00  4.6913E-03 -4.9588E-03
  3.8197E-01  1.1429E+00  4.8150E-03 -5.1004E-03
  3.8459E-01  1.1461E+00  4.9420E-03 -5.2461E-03
  3.8722E-01  1.1491E+00  5.0722E-03 -5.3961E-03
  3.8987E-01  1.1521E+00  5.2057E-03 -5.5506E-03
  3.9254E-01  1.1550E+00  5.3426E-03 -5.7097E-03
  3.9522E-01  1.1578E+00  5.4830E-03 -5.8735E-03
  3.9792E-01  1.1605E+00  5.6271E-03 -6.0422E-03
  4.0065E-01  1.1631E+00  5.7748E-03 -6.2160E-03
  4.0339E-01  1.1655E+00  5.9262E-03 -6.3950E-03
  4.0615E-01  1.1679E+00  6.0815E-03 -6.5794E-03
  4.0893E-01  1.1701E+00  6.2408E-03 -6.7693E-03
  4.1172E-01  1.1723E+00  6.4041E-03 -6.9649E-03
  4.1454E-01  1.1743E+00  6.5716E-03 -7.1664E-03
  4.1738E-01  1.1763E+00  6.7432E-03 -7.3741E-03
  4.2023E-01  1.1781E+00  6.9193E-03 -7.5880E-03
  4.2311E-01  1.1798E+00  7.0997E-03 -7.8085E-03
  4.2600E-01  1.1814E+00  7.2848E-03 -8.0356E-03
  4.2892E-01  1.1829E+00  7.4744E-03 -8.2697E-03
  4.3185E-01  1.1843E+00  7.6689E-03 -8.5110E-03
  4.3481E-01  1.1855E+00  7.8682E-03 -8.7597E-03
  4.3778E-01  1.1867E+00  8.0726E-03 -9.0160E-03
  4.4077E-01  1.1877E+00  8.2820E-03 -9.2802E-03
  4.4379E-01  1.1887E+00  8.4967E-03 -9.5525E-03
  4.4683E-01  1.1895E+00  8.7167E-03 -9.8333E-03
  4.4988E-01  1.1902E+00  8.9423E-03 -1.0123E-02
  4.5296E-01  1.1908E+00  9.1734E-03 -1.0421E-02
  4.5606E-01  1.1913E+00  9.4103E-03 -1.0729E-02
  4.5918E-01  1.1917E+00  9.6530E-03 -1.1046E-02
  4.6232E-01  1.1920E+00  9.9018E-03 -1.1374E-02
  4.6548E-01  1.1921E+00  1.0157E-02 -1.1711E-02
  4.6867E-01  1.1922E+00  1.0418E-02 -1.2060E-02
  4.7188E-01  1.1921E+00  1.0686E-02 -1.2419E-02
  4.7510E-01  1.1919E+00  1.0960E-02 -1.2789E-02
  4.7835E-01  1.1916E+00  1.1241E-02 -1.3172E-02
  4.8163E-01  1.1912E+00  1.1529E-02 -1.3566E-02
  4.8492E-01  1.1907E+00  1.1823E-02 -1.3973E-02
  4.8824E-01  1.1901E+00  1.2125E-02 -1.4393E-02
  4.9158E-01  1.1894E+00  1.2435E-02 -1.4826E-02
  4.9494E-01  1.1885E+00  1.2752E-02 -1.5273E-02
  4.9833E-01  1.1876E+00  1.3076E-02 -1.5735E-02
  5.0174E-01  1.1865E+00  1.3409E-02 -1.6211E-02
  5.0517E-01  1.1854E+00  1.3749E-02 -1.6703E-02
  5.0862E-01  1.1841E+00  1.4098E-02 -1.7211E-02
  5.1210E-01  1.1827E+00  1.4455E-02 -1.7735E-02
  5.1561E-01  1.1813E+00  1.4821E-02 -1.8276E-02
  5.1914E-01  1.1797E+00  1.5195E-02 -1.8835E-02
  5.2269E-01  1.1780E+00  1.5579E-02 -1.9412E-02
  5.2626E-01  1.1762E+00  1.5971E-02 -2.0008E-02
  5.2986E-01  1.1743E+00  1.6373E-02 -2.0624E-02
  5.3349E-01  1.1723E+00  1.6785E-02 -2.1260E-02
  5.3714E-01  1.1702E+00  1.7206E-02 -2.1916E-02
  5.4081E-01  1.1680E+00  1.7637E-02 -2.2595E-02
  5.4451E-01  1.1657E+00  1.8078E-02 -2.3296E-02
  5.4824E-01  1.1634E+00  1.8530E-02 -2.4020E-02
  5.5199E-01  1.1609E+00  1.8992E-02 -2.4768E-02
  5.5576E-01  1.1583E+00  1.9465E-02 -2.5541E-02
  5.5957E-01  1.1556E+00  1.9949E-02 -2.6340E-02
  5.6339E-01  1.1528E+00  2.0444E-02 -2.7165E-02
  5.6725E-01  1.1499E+00  2.0950E-02 -2.8018E-02
  5.7113E-01  1.1470E+00  2.1469E-02 -2.8900E-02
  5.7503E-01  1.1439E+00  2.1999E-02 -2.9812E-02
  5.7897E-01  1.1408E+00  2.2542E-02 -3.0754E-02
  5.8293E-01  1.1375E+00  2.3097E-02 -3.1728E-02
  5.8692E-01  1.1342E+00  2.3664E-02 -3.2735E-02
  5.9093E-01  1.1308E+00  2.4245E-02 -3.3776E-02
  5.9497E-01  1.1273E+00  2.4838E-02 -3.4853E-02
  5.9905E-01  1.1237E+00  2.5445E-02 -3.5966E-02
  6.0314E-01  1.1201E+00  2.6066E-02 -3.7117E-02
  6.0727E-01  1.1163E+00  2.6701E-02 -3.8307E-02
  6.1142E-01  1.1125E+00  2.7349E-02 -3.9538E-02
  6.1561E-01  1.1086E+00  2.8013E-02 -4.0811E-02
  6.1982E-01  1.1046E+00  2.8691E-02 -4.2128E-02
  6.2406E-01  1.1005E+00  2.9384E-02 -4.3489E-02
  6.2833E-01  1.0964E+00  3.0092E-02 -4.4898E-02
  6.3262E-01  1.0921E+00  3.0815E-02 -4.6355E-02
  6.3695E-01  1.0878E+00  3.1555E-02 -4.7861E-02
  6.4131E-01  1.0835E+00  3.2311E-02 -4.9420E-02
  6.4570E-01  1.0790E+00  3.3083E-02 -5.1033E-02
  6.5011E-01  1.0745E+00  3.3871E-02 -5.2701E-02
  6.5456E-01  1.0699E+00  3.4677E-02 -5.4427E-02
  6.5904E-01  1.0653E+00  3.5500E-02 -5.6212E-02
  6.6355E-01  1.0606E+00  3.6340E-02 -5.8059E-02
  6.6809E-01  1.0558E+00  3.7198E-02 -5.9970E-02
  6.7266E-01  1.0509E+00  3.8075E-02 -6.1947E-02
  6.7726E-01  1.0460E+00  3.8969E-02 -6.3992E-02
  6.8189E-01  1.0411E+00  3.9883E-02 -6.6109E-02
  6.8656E-01  1.0360E+00  4.0815E-02 -6.8298E-02
  6.9125E-01  1.0310E+00  4.1766E-02 -7.0563E-02
  6.9598E-01  1.0258E+00  4.2738E-02 -7.2907E-02
  7.0074E-01  1.0206E+00  4.3728E-02 -7.5331E-02
  7.0554E-01  1.0154E+00  4.4740E-02 -7.7839E-02
  7.1036E-01  1.0100E+00  4.5771E-02 -8.0434E-02
  7.1522E-01  1.0047E+00  4.6823E-02 -8.3119E-02
  7.2011E-01  9.9927E-01  4.7897E-02 -8.5896E-02
  7.2504E-01  9.9381E-01  4.8991E-02 -8.8769E-02
  7.3000E-01  9.8830E-01  5.0107E-02 -9.1741E-02
  7.3499E-01  9.8275E-01  5.1245E-02 -9.4815E-02
  7.4002E-01  9.7715E-01  5.2405E-02 -9.7995E-02
  7.4508E-01  9.7150E-01  5.3588E-02 -1.0128E-01
  7.5018E-01  9.6581E-01  5.4793E-02 -1.0469E-01
  7.5531E-01  9.6009E-01  5.6021E-02 -1.0820E-01
  7.6048E-01  9.5432E-01  5.7273E-02 -1.1184E-01
  7.6568E-01  9.4851E-01  5.8548E-02 -1.1560E-01
  7.7092E-01  9.4267E-01  5.9846E-02 -1.1949E-01
  7.7619E-01  9.3679E-01  6.1169E-02 -1.2352E-01
  7.8150E-01  9.3087E-01  6.2516E-02 -1.2767E-01
  7.8685E-01  9.2493E-01  6.3887E-02 -1.3197E-01
  7.9223E-01  9.1895E-01  6.5283E-02 -1.3641E-01
  7.9765E-01  9.1294E-01  6.6704E-02 -1.4101E-01
  8.0311E-01  9.0690E-01  6.8150E-02 -1.4575E-01
  8.0860E-01  9.0083E-01  6.9621E-02 -1.5066E-01
  8.1413E-01  8.9474E-01  7.1118E-02 -1.5572E-01
  8.1970E-01  8.8862E-01  7.2641E-02 -1.6096E-01
  8.2531E-01  8.8247E-01  7.4189E-02 -1.6636E-01
  8.3096E-01  8.7630E-01  7.5764E-02 -1.7195E-01
  8.3664E-01  8.7012E-01  7.7364E-02 -1.7771E-01
  8.4236E-01  8.6391E-01  7.8991E-02 -1.8367E-01
  8.4813E-01  8.5768E-01  8.0645E-02 -1.8981E-01
  8.5393E-01  8.5143E-01  8.2325E-02 -1.9616E-01
  8.5977E-01  8.4516E-01  8.4031E-02 -2.0270E-01
  8.6565E-01  8.3888E-01  8.5764E-02 -2.0946E-01
  8.7157E-01  8.3259E-01  8.7524E-02 -2.1643E-01
  8.7753E-01  8.2628E-01  8.9311E-02 -2.2362E-01
  8.8354E-01  8.1996E-01  9.1124E-02 -2.3103E-01
  8.8958E-01  8.1363E-01  9.2965E-02 -2.3868E-01
  8.9567E-01  8.0728E-01  9.4832E-02 -2.4655E-01
  9.0179E-01  8.0093E-01  9.6725E-02 -2.5467E-01
  9.0796E-01  7.9457E-01  9.8646E-02 -2.6304E-01
  9.1417E-01  7.8820E-01  1.0059E-01 -2.7166E-01
  9.2043E-01  7.8183E-01  1.0257E-01 -2.8053E-01
  9.2672E-01  7.7545E-01  1.0456E-01 -2.8967E-01
  9.3306E-01  7.6907E-01  1.0659E-01 -2.9908E-01
  9.3944E-01  7.6269E-01  1.0864E-01 -3.0876E-01
  9.4587E-01  7.5630E-01  1.1072E-01 -3.1872E-01
  9.5234E-01  7.4992E-01  1.1282E-01 -3.2896E-01
  9.5885E-01  7.4353E-01  1.1495E-01 -3.3948E-01
  9.6541E-01  7.3714E-01  1.1710E-01 -3.5030E-01
  9.7202E-01  7.3076E-01  1.1928E-01 -3.6142E-01
  9.7867E-01  7.2438E-01  1.2148E-01 -3.7284E-01
  9.8536E-01  7.1800E-01  1.2370E-01 -3.8457E-01
  9.9210E-01  7.1163E-01  1.2595E-01 -3.9660E-01
  9.9889E-01  7.0526E-01  1.2822E-01 -4.0895E-01
  1.0057E+00  6.9890E-01  1.3051E-01 -4.2161E-01
  1.0126E+00  6.9255E-01  1.3282E-01 -4.3459E-01
  1.0195E+00  6.8621E-01  1.3515E-01 -4.4789E-01
  1.0265E+00  6.7987E-01  1.3751E-01 -4.6152E-01
  1.0335E+00  6.7355E-01  1.3988E-01 -4.7547E-01
  1.0406E+00  6.6724E-01  1.4227E-01 -4.8975E-01
  1.0477E+00  6.6093E-01  1.4468E-01 -5.0435E-01
  1.0549E+00  6.5464E-01  1.4710E-01 -5.1928E-01
  1.0621E+00  6.4837E-01  1.4954E-01 -5.3454E-01
  1.0694E+00  6.4211E-01  1.5200E-01 -5.5013E-01
  1.0767E+00  6.3586E-01  1.5447E-01 -5.6603E-01
  1.0840E+00  6.2963E-01  1.5695E-01 -5.8226E-01
  1.0915E+00  6.2341E-01  1.5945E-01 -5.9881E-01
  1.0989E+00  6.1721E-01  1.6195E-01 -6.1567E-01
  1.1064E+00  6.1103E-01  1.6446E-01 -6.3284E-01
  1.1140E+00  6.0487E-01  1.6698E-01 -6.5032E-01
  1.1216E+00  5.9873E-01  1.6951E-01 -6.6809E-01
  1.1293E+00  5.9260E-01  1.7204E-01 -6.8615E-01
  1.1370E+00  5.8650E-01  1.7458E-01 -7.0449E-01
  1.1448E+00  5.8042E-01  1.7711E-01 -7.2311E-01
  1.1526E+00  5.7436E-01  1.7965E-01 -7.4198E-01
  1.1605E+00  5.6832E-01  1.8219E-01 -7.6110E-01
  1.1685E+00  5.6230E-01  1.8472E-01 -7.8045E-01
  1.1764E+00  5.5631E-01  1.8725E-01 -8.0002E-01
  1.1845E+00  5.5034E-01  1.8977E-01 -8.1980E-01
  1.1926E+00  5.4440E-01  1.9228E-01 -8.3976E-01
  1.2008E+00  5.3849E-01  1.9478E-01 -8.5989E-01
  1.2090E+00  5.3259E-01  1.9727E-01 -8.8017E-01
  1.2172E+00  5.2673E-01  1.9974E-01 -9.0057E-01
  1.2256E+00  5.2089E-01  2.0220E-01 -9.2107E-01
  1.2339E+00  5.1508E-01  2.0463E-01 -9.4165E-01
  1.2424E+00  5.0930E-01  2.0705E-01 -9.6228E-01
  1.2509E+00  5.0354E-01  2.0944E-01 -9.8293E-01
  1.2594E+00  4.9782E-01  2.1180E-01 -1.0036E+00
  1.2681E+00  4.9212E-01  2.1413E-01 -1.0242E+00
  1.2767E+00  4.8646E-01  2.1644E-01 -1.0447E+00
  1.2855E+00  4.8082E-01  2.1871E-01 -1.0651E+00
  1.2943E+00  4.7522E-01  2.2094E-01 -1.0854E+00
  1.3031E+00  4.6964E-01  2.2313E-01 -1.1054E+00
  1.3120E+00  4.6410E-01  2.2528E-01 -1.1253E+00
  1.3210E+00  4.5859E-01  2.2738E-01 -1.1449E+00
  1.3300E+00  4.5311E-01  2.2944E-01 -1.1641E+00
  1.3391E+00  4.4767E-01  2.3145E-01 -1.1830E+00
  1.3483E+00  4.4226E-01  2.3340E-01 -1.2015E+00
  1.3575E+00  4.3688E-01  2.3530E-01 -1.2196E+00
  1.3668E+00  4.3153E-01  2.3714E-01 -1.2371E+00
  1.3762E+00  4.2622E-01  2.3891E-01 -1.2541E+00
  1.3856E+00  4.2094E-01  2.4062E-01 -1.2704E+00
  1.3950E+00  4.1570E-01  2.4227E-01 -1.2861E+00
  1.4046E+00  4.1050E-01  2.4384E-01 -1.3010E+00
  1.4142E+00  4.0532E-01  2.4534E-01 -1.3152E+00
  1.4239E+00  4.0019E-01  2.4676E-01 -1.3285E+00
  1.4336E+00  3.9509E-01  2.4810E-01 -1.3409E+00
  1.4434E+00  3.9002E-01  2.4936E-01 -1.3523E+00
  1.4533E+00  3.8500E-01  2.5054E-01 -1.3627E+00
  1.4632E+00  3.8001E-01  2.5162E-01 -1.3720E+00
  1.4732E+00  3.7505E-01  2.5262E-01 -1.3802E+00
  1.4833E+00  3.7013E-01  2.5352E-01 -1.3871E+00
  1.4935E+00  3.6525E-01  2.5433E-01 -1.3928E+00
  1.5037E+00  3.6041E-01  2.5504E-01 -1.3971E+00
  1.5140E+00  3.5561E-01  2.5565E-01 -1.4001E+00
  1.5243E+00  3.5084E-01  2.5616E-01 -1.4016E+00
  1.5347E+00  3.4611E-01  2.5656E-01 -1.4016E+00
  1.5452E+00  3.4142E-01  2.5685E-01 -1.4000E+00
  1.5558E+00  3.3676E-01  2.5704E-01 -1.3968E+00
  1.5665E+00  3.3215E-01  2.5712E-01 -1.3920E+00
  1.5772E+00  3.2757E-01  2.5708E-01 -1.3855E+00
  1.5880E+00  3.2304E-01  2.5693E-01 -1.3772E+00
  1.5988E+00  3.1854E-01  2.5667E-01 -1.3671E+00
  1.6098E+00  3.1408E-01  2.5629E-01 -1.3552E+00
  1.6208E+00  3.0965E-01  2.5580E-01 -1.3415E+00
  1.6319E+00  3.0527E-01  2.5519E-01 -1.3259E+00
  1.6430E+00  3.0093E-01  2.5447E-01 -1.3084E+00
  1.6543E+00  2.9662E-01  2.5362E-01 -1.2890E+00
  1.6656E+00  2.9236E-01  2.5266E-01 -1.2678E+00
  1.6770E+00  2.8813E-01  2.5159E-01 -1.2446E+00
  1.6884E+00  2.8394E-01  2.5040E-01 -1.2196E+00
  1.7000E+00  2.7980E-01  2.4909E-01 -1.1927E+00
  1.7116E+00  2.7569E-01  2.4767E-01 -1.1640E+00
  1.7233E+00  2.7162E-01  2.4615E-01 -1.1335E+00
  1.7351E+00  2.6759E-01  2.4451E-01 -1.1013E+00
  1.7470E+00  2.6360E-01  2.4276E-01 -1.0675E+00
  1.7589E+00  2.5965E-01  2.4091E-01 -1.0320E+00
  1.7710E+00  2.5574E-01  2.3896E-01 -9.9505E-01
  1.7831E+00  2.5187E-01  2.3691E-01 -9.5668E-01
  1.7953E+00  2.4803E-01  2.3476E-01 -9.1701E-01
  1.8075E+00  2.4424E-01  2.3253E-01 -8.7617E-01
  1.8199E+00  2.4048E-01  2.3020E-01 -8.3427E-01
  1.8324E+00  2.3677E-01  2.2780E-01 -7.9148E-01
  1.8449E+00  2.3309E-01  2.2531E-01 -7.4795E-01
  1.8575E+00  2.2946E-01  2.2275E-01 -7.0385E-01
  1.8702E+00  2.2586E-01  2.2013E-01 -6.5935E-01
  1.8830E+00  2.2230E-01  2.1744E-01 -6.1466E-01
  1.8959E+00  2.1878E-01  2.1469E-01 -5.6997E-01
  1.9089E+00  2.1530E-01  2.1189E-01 -5.2549E-01
  1.9219E+00  2.1185E-01  2.0904E-01 -4.8146E-01
  1.9351E+00  2.0845E-01  2.0616E-01 -4.3808E-01
  1.9483E+00  2.0508E-01  2.0324E-01 -3.9561E-01
  1.9616E+00  2.0176E-01  2.0029E-01 -3.5427E-01
  1.9750E+00  1.9847E-01  1.9732E-01 -3.1430E-01
  1.9886E+00  1.9522E-01  1.9434E-01 -2.7594E-01
  2.0022E+00  1.9200E-01  1.9134E-01 -2.3942E-01
  2.0158E+00  1.8883E-01  1.8834E-01 -2.0496E-01
  2.0296E+00  1.8569E-01  1.8534E-01 -1.7278E-01
  2.0435E+00  1.8259E-01  1.8235E-01 -1.4308E-01
  2.0575E+00  1.7953E-01  1.7937E-01 -1.1602E-01
  2.0716E+00  1.7650E-01  1.7640E-01 -9.1756E-02
  2.0857E+00  1.7351E-01  1.7345E-01 -7.0402E-02
  2.1000E+00  1.7056E-01  1.7053E-01 -5.2030E-02
  2.1144E+00  1.6765E-01  1.6763E-01 -3.6662E-02
  2.1288E+00  1.6477E-01  1.6476E-01 -2.4265E-02
  2.1434E+00  1.6193E-01  1.6193E-01 -1.4733E-02
  2.1581E+00  1.5913E-01  1.5913E-01 -7.8847E-03
  2.1728E+00  1.5636E-01  1.5636E-01 -3.4419E-03
  2.1877E+00  1.5363E-01  1.5363E-01 -1.0209E-03
  2.2026E+00  1.5093E-01  1.5093E-01 -1.1521E-04
  2.2177E+00  1.4827E-01  1.4827E-01 -8.0206E-05
  2.2329E+00  1.4564E-01  1.4564E-01 -2.2579E-05
  2.2482E+00  1.4305E-01  1.4305E-01  3.4222E-07
  2.2635E+00  1.4049E-01  1.4049E-01  0.0000E+00
  2.2790E+00  1.3797E-01  1.3797E-01  0.0000E+00
  2.2946E+00  1.3549E-01  1.3549E-01  0.0000E+00
  2.3103E+00  1.3303E-01  1.3303E-01  0.0000E+00
  2.3261E+00  1.3061E-01  1.3061E-01  0.0000E+00
  2.3420E+00  1.2823E-01  1.2823E-01  0.0000E+00
  2.3580E+00  1.2588E-01  1.2588E-01  0.0000E+00
  2.3742E+00  1.2356E-01  1.2356E-01  0.0000E+00
  2.3904E+00  1.2127E-01  1.2127E-01  0.0000E+00
  2.4068E+00  1.1902E-01  1.1902E-01  0.0000E+00
  2.4232E+00  1.1680E-01  1.1680E-01  0.0000E+00
  2.4398E+00  1.1461E-01  1.1461E-01  0.0000E+00
  2.4565E+00  1.1245E-01  1.1245E-01  0.0000E+00
  2.4733E+00  1.1033E-01  1.1033E-01  0.0000E+00
  2.4902E+00  1.0823E-01  1.0823E-01  0.0000E+00
  2.5072E+00  1.0617E-01  1.0617E-01  0.0000E+00
  2.5244E+00  1.0414E-01  1.0414E-01  0.0000E+00
  2.5417E+00  1.0214E-01  1.0214E-01  0.0000E+00
  2.5590E+00  1.0017E-01  1.0017E-01  0.0000E+00
  2.5765E+00  9.8228E-02  9.8228E-02  0.0000E+00
  2.5942E+00  9.6316E-02  9.6316E-02  0.0000E+00
  2.6119E+00  9.4434E-02  9.4434E-02  0.0000E+00
  2.6298E+00  9.2581E-02  9.2581E-02  0.0000E+00
  2.6478E+00  9.0757E-02  9.0757E-02  0.0000E+00
  2.6659E+00  8.8961E-02  8.8961E-02  0.0000E+00
  2.6841E+00  8.7193E-02  8.7193E-02  0.0000E+00
  2.7025E+00  8.5453E-02  8.5453E-02  0.0000E+00
  2.7210E+00  8.3741E-02  8.3741E-02  0.0000E+00
  2.7396E+00  8.2056E-02  8.2056E-02  0.0000E+00
  2.7583E+00  8.0398E-02  8.0398E-02  0.0000E+00
  2.7772E+00  7.8766E-02  7.8766E-02  0.0000E+00
  2.7962E+00  7.7161E-02  7.7161E-02  0.0000E+00
  2.8153E+00  7.5581E-02  7.5581E-02  0.0000E+00
  2.8345E+00  7.4027E-02  7.4027E-02  0.0000E+00
  2.8539E+00  7.2499E-02  7.2499E-02  0.0000E+00
  2.8735E+00  7.0996E-02  7.0996E-02  0.0000E+00
  2.8931E+00  6.9518E-02  6.9518E-02  0.0000E+00
  2.9129E+00  6.8064E-02  6.8064E-02  0.0000E+00
  2.9328E+00  6.6634E-02  6.6634E-02  0.0000E+00
  2.9529E+00  6.5228E-02  6.5228E-02  0.0000E+00
  2.9731E+00  6.3846E-02  6.3846E-02  0.0000E+00
  2.9934E+00  6.2487E-02  6.2487E-02  0.0000E+00
  3.0139E+00  6.1151E-02  6.1151E-02  0.0000E+00
  3.0345E+00  5.9838E-02  5.9838E-02  0.0000E+00
  3.0553E+00  5.8547E-02  5.8547E-02  0.0000E+00
  3.0762E+00  5.7278E-02  5.7278E-02  0.0000E+00
  3.0972E+00  5.6032E-02  5.6032E-02  0.0000E+00
  3.1184E+00  5.4807E-02  5.4807E-02  0.0000E+00
  3.1397E+00  5.3603E-02  5.3603E-02  0.0000E+00
  3.1612E+00  5.2420E-02  5.2420E-02  0.0000E+00
  3.1828E+00  5.1258E-02  5.1258E-02  0.0000E+00
