 # l=           0 basis function with energy    -4.4897214822809079     
  0.0000E+00  0.0000E+00  0.0000E+00  0.0000E+00
  6.5668E-07  1.1421E-04  1.0837E-06  3.5524E-06
  1.3178E-06  2.0721E-04  2.1749E-06  7.1290E-06
  1.9835E-06  2.9395E-04  3.2735E-06  1.0730E-05
  2.6538E-06  3.7704E-04  4.3796E-06  1.4356E-05
  3.3286E-06  4.5760E-04  5.4933E-06  1.8006E-05
  4.0081E-06  5.3636E-04  6.6146E-06  2.1682E-05
  4.6922E-06  6.1371E-04  7.7436E-06  2.5383E-05
  5.3809E-06  6.8995E-04  8.8803E-06  2.9109E-05
  6.0744E-06  7.6529E-04  1.0025E-05  3.2860E-05
  6.7726E-06  8.3988E-04  1.1177E-05  3.6637E-05
  7.4756E-06  9.1386E-04  1.2337E-05  4.0440E-05
  8.1834E-06  9.8732E-04  1.3505E-05  4.4269E-05
  8.8961E-06  1.0603E-03  1.4681E-05  4.8124E-05
  9.6136E-06  1.1330E-03  1.5866E-05  5.2006E-05
  1.0336E-05  1.2054E-03  1.7058E-05  5.5914E-05
  1.1063E-05  1.2775E-03  1.8258E-05  5.9849E-05
  1.1796E-05  1.3494E-03  1.9467E-05  6.3810E-05
  1.2533E-05  1.4212E-03  2.0684E-05  6.7799E-05
  1.3276E-05  1.4928E-03  2.1909E-05  7.1815E-05
  1.4023E-05  1.5643E-03  2.3143E-05  7.5859E-05
  1.4776E-05  1.6357E-03  2.4385E-05  7.9930E-05
  1.5533E-05  1.7071E-03  2.5635E-05  8.4029E-05
  1.6296E-05  1.7785E-03  2.6894E-05  8.8156E-05
  1.7064E-05  1.8498E-03  2.8162E-05  9.2311E-05
  1.7838E-05  1.9212E-03  2.9438E-05  9.6495E-05
  1.8617E-05  1.9926E-03  3.0723E-05  1.0071E-04
  1.9401E-05  2.0640E-03  3.2017E-05  1.0495E-04
  2.0190E-05  2.1355E-03  3.3320E-05  1.0922E-04
  2.0985E-05  2.2070E-03  3.4632E-05  1.1352E-04
  2.1785E-05  2.2787E-03  3.5952E-05  1.1785E-04
  2.2591E-05  2.3504E-03  3.7282E-05  1.2221E-04
  2.3402E-05  2.4223E-03  3.8621E-05  1.2659E-04
  2.4218E-05  2.4942E-03  3.9968E-05  1.3101E-04
  2.5041E-05  2.5663E-03  4.1326E-05  1.3546E-04
  2.5869E-05  2.6385E-03  4.2692E-05  1.3994E-04
  2.6702E-05  2.7109E-03  4.4068E-05  1.4445E-04
  2.7542E-05  2.7834E-03  4.5453E-05  1.4899E-04
  2.8387E-05  2.8561E-03  4.6847E-05  1.5356E-04
  2.9238E-05  2.9290E-03  4.8252E-05  1.5816E-04
  3.0094E-05  3.0020E-03  4.9665E-05  1.6280E-04
  3.0957E-05  3.0753E-03  5.1089E-05  1.6746E-04
  3.1825E-05  3.1487E-03  5.2522E-05  1.7216E-04
  3.2700E-05  3.2223E-03  5.3965E-05  1.7689E-04
  3.3580E-05  3.2961E-03  5.5418E-05  1.8165E-04
  3.4466E-05  3.3702E-03  5.6881E-05  1.8645E-04
  3.5359E-05  3.4444E-03  5.8353E-05  1.9128E-04
  3.6257E-05  3.5189E-03  5.9836E-05  1.9614E-04
  3.7162E-05  3.5936E-03  6.1329E-05  2.0103E-04
  3.8073E-05  3.6686E-03  6.2832E-05  2.0596E-04
  3.8990E-05  3.7437E-03  6.4346E-05  2.1092E-04
  3.9913E-05  3.8191E-03  6.5870E-05  2.1591E-04
  4.0843E-05  3.8948E-03  6.7404E-05  2.2094E-04
  4.1779E-05  3.9707E-03  6.8949E-05  2.2601E-04
  4.2721E-05  4.0469E-03  7.0504E-05  2.3110E-04
  4.3670E-05  4.1234E-03  7.2070E-05  2.3624E-04
  4.4626E-05  4.2001E-03  7.3647E-05  2.4141E-04
  4.5588E-05  4.2771E-03  7.5234E-05  2.4661E-04
  4.6556E-05  4.3543E-03  7.6833E-05  2.5185E-04
  4.7531E-05  4.4319E-03  7.8442E-05  2.5712E-04
  4.8513E-05  4.5097E-03  8.0062E-05  2.6243E-04
  4.9501E-05  4.5878E-03  8.1694E-05  2.6778E-04
  5.0497E-05  4.6662E-03  8.3336E-05  2.7317E-04
  5.1499E-05  4.7449E-03  8.4990E-05  2.7859E-04
  5.2508E-05  4.8239E-03  8.6655E-05  2.8404E-04
  5.3523E-05  4.9033E-03  8.8331E-05  2.8954E-04
  5.4546E-05  4.9829E-03  9.0019E-05  2.9507E-04
  5.5576E-05  5.0628E-03  9.1719E-05  3.0064E-04
  5.6613E-05  5.1431E-03  9.3430E-05  3.0625E-04
  5.7657E-05  5.2236E-03  9.5152E-05  3.1190E-04
  5.8708E-05  5.3045E-03  9.6887E-05  3.1758E-04
  5.9766E-05  5.3857E-03  9.8633E-05  3.2331E-04
  6.0831E-05  5.4673E-03  1.0039E-04  3.2907E-04
  6.1904E-05  5.5492E-03  1.0216E-04  3.3488E-04
  6.2984E-05  5.6314E-03  1.0394E-04  3.4072E-04
  6.4072E-05  5.7140E-03  1.0574E-04  3.4660E-04
  6.5167E-05  5.7969E-03  1.0755E-04  3.5252E-04
  6.6269E-05  5.8801E-03  1.0937E-04  3.5849E-04
  6.7379E-05  5.9637E-03  1.1120E-04  3.6449E-04
  6.8497E-05  6.0477E-03  1.1304E-04  3.7054E-04
  6.9622E-05  6.1320E-03  1.1490E-04  3.7662E-04
  7.0755E-05  6.2167E-03  1.1677E-04  3.8275E-04
  7.1895E-05  6.3017E-03  1.1865E-04  3.8892E-04
  7.3044E-05  6.3871E-03  1.2055E-04  3.9514E-04
  7.4200E-05  6.4729E-03  1.2245E-04  4.0139E-04
  7.5364E-05  6.5591E-03  1.2438E-04  4.0769E-04
  7.6536E-05  6.6456E-03  1.2631E-04  4.1403E-04
  7.7717E-05  6.7325E-03  1.2826E-04  4.2041E-04
  7.8905E-05  6.8198E-03  1.3022E-04  4.2684E-04
  8.0101E-05  6.9075E-03  1.3219E-04  4.3331E-04
  8.1306E-05  6.9955E-03  1.3418E-04  4.3983E-04
  8.2519E-05  7.0840E-03  1.3618E-04  4.4639E-04
  8.3740E-05  7.1729E-03  1.3820E-04  4.5300E-04
  8.4969E-05  7.2621E-03  1.4023E-04  4.5965E-04
  8.6207E-05  7.3518E-03  1.4227E-04  4.6634E-04
  8.7453E-05  7.4419E-03  1.4433E-04  4.7309E-04
  8.8708E-05  7.5323E-03  1.4640E-04  4.7987E-04
  8.9971E-05  7.6232E-03  1.4848E-04  4.8671E-04
  9.1244E-05  7.7145E-03  1.5058E-04  4.9359E-04
  9.2524E-05  7.8063E-03  1.5270E-04  5.0052E-04
  9.3814E-05  7.8984E-03  1.5482E-04  5.0749E-04
  9.5112E-05  7.9910E-03  1.5697E-04  5.1452E-04
  9.6419E-05  8.0840E-03  1.5912E-04  5.2159E-04
  9.7736E-05  8.1774E-03  1.6130E-04  5.2871E-04
  9.9061E-05  8.2713E-03  1.6348E-04  5.3588E-04
  1.0040E-04  8.3655E-03  1.6568E-04  5.4310E-04
  1.0174E-04  8.4603E-03  1.6790E-04  5.5036E-04
  1.0309E-04  8.5555E-03  1.7013E-04  5.5768E-04
  1.0445E-04  8.6511E-03  1.7238E-04  5.6505E-04
  1.0582E-04  8.7472E-03  1.7464E-04  5.7246E-04
  1.0720E-04  8.8437E-03  1.7692E-04  5.7993E-04
  1.0859E-04  8.9407E-03  1.7922E-04  5.8745E-04
  1.0999E-04  9.0381E-03  1.8153E-04  5.9502E-04
  1.1140E-04  9.1360E-03  1.8385E-04  6.0264E-04
  1.1282E-04  9.2344E-03  1.8619E-04  6.1032E-04
  1.1425E-04  9.3332E-03  1.8855E-04  6.1804E-04
  1.1569E-04  9.4325E-03  1.9092E-04  6.2582E-04
  1.1714E-04  9.5323E-03  1.9331E-04  6.3366E-04
  1.1859E-04  9.6325E-03  1.9572E-04  6.4154E-04
  1.2006E-04  9.7332E-03  1.9814E-04  6.4948E-04
  1.2154E-04  9.8345E-03  2.0058E-04  6.5748E-04
  1.2303E-04  9.9362E-03  2.0304E-04  6.6553E-04
  1.2453E-04  1.0038E-02  2.0551E-04  6.7363E-04
  1.2603E-04  1.0141E-02  2.0800E-04  6.8179E-04
  1.2755E-04  1.0244E-02  2.1050E-04  6.9001E-04
  1.2908E-04  1.0348E-02  2.1303E-04  6.9828E-04
  1.3062E-04  1.0452E-02  2.1557E-04  7.0661E-04
  1.3217E-04  1.0557E-02  2.1813E-04  7.1499E-04
  1.3373E-04  1.0662E-02  2.2070E-04  7.2344E-04
  1.3530E-04  1.0768E-02  2.2330E-04  7.3194E-04
  1.3689E-04  1.0874E-02  2.2591E-04  7.4049E-04
  1.3848E-04  1.0981E-02  2.2854E-04  7.4911E-04
  1.4008E-04  1.1088E-02  2.3118E-04  7.5779E-04
  1.4170E-04  1.1196E-02  2.3385E-04  7.6652E-04
  1.4332E-04  1.1304E-02  2.3653E-04  7.7532E-04
  1.4496E-04  1.1413E-02  2.3923E-04  7.8417E-04
  1.4661E-04  1.1522E-02  2.4195E-04  7.9309E-04
  1.4827E-04  1.1632E-02  2.4469E-04  8.0207E-04
  1.4994E-04  1.1742E-02  2.4745E-04  8.1111E-04
  1.5162E-04  1.1853E-02  2.5022E-04  8.2021E-04
  1.5331E-04  1.1965E-02  2.5302E-04  8.2937E-04
  1.5502E-04  1.2077E-02  2.5583E-04  8.3859E-04
  1.5674E-04  1.2190E-02  2.5867E-04  8.4788E-04
  1.5847E-04  1.2303E-02  2.6152E-04  8.5723E-04
  1.6021E-04  1.2417E-02  2.6439E-04  8.6665E-04
  1.6196E-04  1.2531E-02  2.6728E-04  8.7613E-04
  1.6372E-04  1.2646E-02  2.7020E-04  8.8567E-04
  1.6550E-04  1.2761E-02  2.7313E-04  8.9528E-04
  1.6729E-04  1.2877E-02  2.7608E-04  9.0496E-04
  1.6909E-04  1.2994E-02  2.7905E-04  9.1470E-04
  1.7090E-04  1.3111E-02  2.8205E-04  9.2451E-04
  1.7273E-04  1.3229E-02  2.8506E-04  9.3439E-04
  1.7457E-04  1.3347E-02  2.8809E-04  9.4433E-04
  1.7642E-04  1.3466E-02  2.9115E-04  9.5434E-04
  1.7828E-04  1.3586E-02  2.9422E-04  9.6442E-04
  1.8016E-04  1.3706E-02  2.9732E-04  9.7457E-04
  1.8205E-04  1.3826E-02  3.0043E-04  9.8479E-04
  1.8395E-04  1.3948E-02  3.0357E-04  9.9508E-04
  1.8586E-04  1.4070E-02  3.0673E-04  1.0054E-03
  1.8779E-04  1.4192E-02  3.0991E-04  1.0159E-03
  1.8973E-04  1.4315E-02  3.1312E-04  1.0264E-03
  1.9169E-04  1.4439E-02  3.1634E-04  1.0369E-03
  1.9365E-04  1.4563E-02  3.1959E-04  1.0476E-03
  1.9563E-04  1.4688E-02  3.2286E-04  1.0583E-03
  1.9763E-04  1.4814E-02  3.2615E-04  1.0691E-03
  1.9964E-04  1.4940E-02  3.2947E-04  1.0800E-03
  2.0166E-04  1.5067E-02  3.3280E-04  1.0909E-03
  2.0370E-04  1.5195E-02  3.3616E-04  1.1019E-03
  2.0575E-04  1.5323E-02  3.3955E-04  1.1130E-03
  2.0781E-04  1.5452E-02  3.4295E-04  1.1242E-03
  2.0989E-04  1.5581E-02  3.4638E-04  1.1354E-03
  2.1198E-04  1.5711E-02  3.4984E-04  1.1467E-03
  2.1409E-04  1.5842E-02  3.5331E-04  1.1581E-03
  2.1621E-04  1.5973E-02  3.5681E-04  1.1696E-03
  2.1834E-04  1.6105E-02  3.6034E-04  1.1811E-03
  2.2049E-04  1.6238E-02  3.6389E-04  1.1928E-03
  2.2266E-04  1.6372E-02  3.6746E-04  1.2045E-03
  2.2484E-04  1.6506E-02  3.7106E-04  1.2163E-03
  2.2703E-04  1.6640E-02  3.7468E-04  1.2281E-03
  2.2924E-04  1.6776E-02  3.7832E-04  1.2401E-03
  2.3147E-04  1.6912E-02  3.8200E-04  1.2521E-03
  2.3371E-04  1.7049E-02  3.8569E-04  1.2643E-03
  2.3596E-04  1.7186E-02  3.8941E-04  1.2765E-03
  2.3823E-04  1.7325E-02  3.9316E-04  1.2887E-03
  2.4052E-04  1.7463E-02  3.9693E-04  1.3011E-03
  2.4282E-04  1.7603E-02  4.0073E-04  1.3136E-03
  2.4514E-04  1.7743E-02  4.0456E-04  1.3261E-03
  2.4747E-04  1.7884E-02  4.0841E-04  1.3387E-03
  2.4982E-04  1.8026E-02  4.1229E-04  1.3514E-03
  2.5219E-04  1.8168E-02  4.1619E-04  1.3642E-03
  2.5457E-04  1.8312E-02  4.2012E-04  1.3771E-03
  2.5697E-04  1.8455E-02  4.2408E-04  1.3901E-03
  2.5938E-04  1.8600E-02  4.2806E-04  1.4031E-03
  2.6181E-04  1.8745E-02  4.3207E-04  1.4163E-03
  2.6426E-04  1.8891E-02  4.3611E-04  1.4295E-03
  2.6672E-04  1.9038E-02  4.4018E-04  1.4429E-03
  2.6920E-04  1.9186E-02  4.4427E-04  1.4563E-03
  2.7170E-04  1.9334E-02  4.4840E-04  1.4698E-03
  2.7422E-04  1.9483E-02  4.5255E-04  1.4834E-03
  2.7675E-04  1.9633E-02  4.5673E-04  1.4971E-03
  2.7930E-04  1.9783E-02  4.6093E-04  1.5109E-03
  2.8186E-04  1.9935E-02  4.6517E-04  1.5248E-03
  2.8445E-04  2.0087E-02  4.6943E-04  1.5388E-03
  2.8705E-04  2.0239E-02  4.7373E-04  1.5528E-03
  2.8967E-04  2.0393E-02  4.7805E-04  1.5670E-03
  2.9231E-04  2.0547E-02  4.8241E-04  1.5813E-03
  2.9497E-04  2.0703E-02  4.8679E-04  1.5956E-03
  2.9764E-04  2.0859E-02  4.9120E-04  1.6101E-03
  3.0033E-04  2.1015E-02  4.9565E-04  1.6247E-03
  3.0304E-04  2.1173E-02  5.0012E-04  1.6393E-03
  3.0577E-04  2.1331E-02  5.0463E-04  1.6541E-03
  3.0852E-04  2.1490E-02  5.0916E-04  1.6690E-03
  3.1129E-04  2.1650E-02  5.1373E-04  1.6839E-03
  3.1407E-04  2.1811E-02  5.1832E-04  1.6990E-03
  3.1688E-04  2.1972E-02  5.2295E-04  1.7142E-03
  3.1970E-04  2.2135E-02  5.2761E-04  1.7295E-03
  3.2255E-04  2.2298E-02  5.3231E-04  1.7448E-03
  3.2541E-04  2.2462E-02  5.3703E-04  1.7603E-03
  3.2829E-04  2.2627E-02  5.4179E-04  1.7759E-03
  3.3119E-04  2.2792E-02  5.4658E-04  1.7916E-03
  3.3412E-04  2.2959E-02  5.5140E-04  1.8074E-03
  3.3706E-04  2.3126E-02  5.5625E-04  1.8233E-03
  3.4002E-04  2.3294E-02  5.6114E-04  1.8394E-03
  3.4300E-04  2.3463E-02  5.6607E-04  1.8555E-03
  3.4600E-04  2.3633E-02  5.7102E-04  1.8717E-03
  3.4903E-04  2.3804E-02  5.7601E-04  1.8881E-03
  3.5207E-04  2.3975E-02  5.8103E-04  1.9046E-03
  3.5514E-04  2.4148E-02  5.8609E-04  1.9211E-03
  3.5822E-04  2.4321E-02  5.9118E-04  1.9378E-03
  3.6133E-04  2.4495E-02  5.9631E-04  1.9546E-03
  3.6446E-04  2.4670E-02  6.0147E-04  1.9716E-03
  3.6761E-04  2.4846E-02  6.0667E-04  1.9886E-03
  3.7078E-04  2.5023E-02  6.1190E-04  2.0058E-03
  3.7397E-04  2.5201E-02  6.1717E-04  2.0230E-03
  3.7719E-04  2.5379E-02  6.2248E-04  2.0404E-03
  3.8042E-04  2.5559E-02  6.2782E-04  2.0579E-03
  3.8368E-04  2.5739E-02  6.3320E-04  2.0756E-03
  3.8696E-04  2.5921E-02  6.3861E-04  2.0933E-03
  3.9026E-04  2.6103E-02  6.4406E-04  2.1112E-03
  3.9359E-04  2.6286E-02  6.4955E-04  2.1292E-03
  3.9694E-04  2.6470E-02  6.5508E-04  2.1473E-03
  4.0031E-04  2.6655E-02  6.6064E-04  2.1655E-03
  4.0371E-04  2.6841E-02  6.6625E-04  2.1839E-03
  4.0712E-04  2.7028E-02  6.7189E-04  2.2024E-03
  4.1057E-04  2.7215E-02  6.7757E-04  2.2210E-03
  4.1403E-04  2.7404E-02  6.8329E-04  2.2397E-03
  4.1752E-04  2.7594E-02  6.8904E-04  2.2586E-03
  4.2103E-04  2.7784E-02  6.9484E-04  2.2776E-03
  4.2457E-04  2.7976E-02  7.0068E-04  2.2967E-03
  4.2813E-04  2.8168E-02  7.0655E-04  2.3160E-03
  4.3171E-04  2.8362E-02  7.1247E-04  2.3354E-03
  4.3532E-04  2.8556E-02  7.1843E-04  2.3549E-03
  4.3896E-04  2.8751E-02  7.2442E-04  2.3746E-03
  4.4262E-04  2.8948E-02  7.3046E-04  2.3944E-03
  4.4630E-04  2.9145E-02  7.3654E-04  2.4143E-03
  4.5001E-04  2.9343E-02  7.4266E-04  2.4344E-03
  4.5374E-04  2.9543E-02  7.4883E-04  2.4546E-03
  4.5750E-04  2.9743E-02  7.5503E-04  2.4749E-03
  4.6129E-04  2.9944E-02  7.6128E-04  2.4954E-03
  4.6510E-04  3.0146E-02  7.6757E-04  2.5160E-03
  4.6894E-04  3.0350E-02  7.7390E-04  2.5368E-03
  4.7280E-04  3.0554E-02  7.8028E-04  2.5577E-03
  4.7669E-04  3.0759E-02  7.8670E-04  2.5787E-03
  4.8061E-04  3.0966E-02  7.9317E-04  2.5999E-03
  4.8456E-04  3.1173E-02  7.9968E-04  2.6212E-03
  4.8853E-04  3.1381E-02  8.0623E-04  2.6427E-03
  4.9253E-04  3.1591E-02  8.1283E-04  2.6644E-03
  4.9655E-04  3.1801E-02  8.1947E-04  2.6861E-03
  5.0060E-04  3.2012E-02  8.2616E-04  2.7081E-03
  5.0468E-04  3.2225E-02  8.3289E-04  2.7301E-03
  5.0879E-04  3.2438E-02  8.3968E-04  2.7524E-03
  5.1293E-04  3.2653E-02  8.4650E-04  2.7747E-03
  5.1709E-04  3.2868E-02  8.5338E-04  2.7973E-03
  5.2129E-04  3.3085E-02  8.6030E-04  2.8200E-03
  5.2551E-04  3.3303E-02  8.6726E-04  2.8428E-03
  5.2976E-04  3.3522E-02  8.7428E-04  2.8658E-03
  5.3404E-04  3.3742E-02  8.8134E-04  2.8889E-03
  5.3835E-04  3.3963E-02  8.8846E-04  2.9123E-03
  5.4269E-04  3.4185E-02  8.9562E-04  2.9357E-03
  5.4706E-04  3.4408E-02  9.0283E-04  2.9594E-03
  5.5146E-04  3.4632E-02  9.1008E-04  2.9832E-03
  5.5589E-04  3.4857E-02  9.1739E-04  3.0071E-03
  5.6034E-04  3.5083E-02  9.2475E-04  3.0312E-03
  5.6483E-04  3.5311E-02  9.3216E-04  3.0555E-03
  5.6935E-04  3.5540E-02  9.3962E-04  3.0800E-03
  5.7390E-04  3.5769E-02  9.4713E-04  3.1046E-03
  5.7849E-04  3.6000E-02  9.5469E-04  3.1294E-03
  5.8310E-04  3.6232E-02  9.6231E-04  3.1543E-03
  5.8775E-04  3.6465E-02  9.6997E-04  3.1795E-03
  5.9242E-04  3.6699E-02  9.7769E-04  3.2048E-03
  5.9713E-04  3.6935E-02  9.8546E-04  3.2302E-03
  6.0187E-04  3.7171E-02  9.9329E-04  3.2559E-03
  6.0665E-04  3.7409E-02  1.0012E-03  3.2817E-03
  6.1145E-04  3.7647E-02  1.0091E-03  3.3077E-03
  6.1629E-04  3.7887E-02  1.0171E-03  3.3339E-03
  6.2116E-04  3.8128E-02  1.0251E-03  3.3602E-03
  6.2607E-04  3.8370E-02  1.0332E-03  3.3868E-03
  6.3101E-04  3.8614E-02  1.0414E-03  3.4135E-03
  6.3598E-04  3.8858E-02  1.0496E-03  3.4404E-03
  6.4099E-04  3.9104E-02  1.0578E-03  3.4675E-03
  6.4603E-04  3.9351E-02  1.0662E-03  3.4947E-03
  6.5110E-04  3.9599E-02  1.0745E-03  3.5222E-03
  6.5621E-04  3.9848E-02  1.0830E-03  3.5498E-03
  6.6136E-04  4.0099E-02  1.0915E-03  3.5777E-03
  6.6654E-04  4.0350E-02  1.1000E-03  3.6057E-03
  6.7175E-04  4.0603E-02  1.1086E-03  3.6339E-03
  6.7700E-04  4.0857E-02  1.1173E-03  3.6623E-03
  6.8229E-04  4.1112E-02  1.1260E-03  3.6909E-03
  6.8762E-04  4.1368E-02  1.1348E-03  3.7197E-03
  6.9298E-04  4.1626E-02  1.1436E-03  3.7487E-03
  6.9837E-04  4.1885E-02  1.1525E-03  3.7779E-03
  7.0381E-04  4.2145E-02  1.1615E-03  3.8073E-03
  7.0928E-04  4.2406E-02  1.1705E-03  3.8369E-03
  7.1478E-04  4.2669E-02  1.1796E-03  3.8667E-03
  7.2033E-04  4.2932E-02  1.1888E-03  3.8967E-03
  7.2591E-04  4.3197E-02  1.1980E-03  3.9269E-03
  7.3153E-04  4.3464E-02  1.2073E-03  3.9573E-03
  7.3720E-04  4.3731E-02  1.2166E-03  3.9879E-03
  7.4289E-04  4.4000E-02  1.2260E-03  4.0187E-03
  7.4863E-04  4.4270E-02  1.2355E-03  4.0498E-03
  7.5441E-04  4.4541E-02  1.2450E-03  4.0810E-03
  7.6023E-04  4.4813E-02  1.2546E-03  4.1125E-03
  7.6608E-04  4.5087E-02  1.2643E-03  4.1442E-03
  7.7198E-04  4.5362E-02  1.2740E-03  4.1761E-03
  7.7792E-04  4.5638E-02  1.2838E-03  4.2082E-03
  7.8389E-04  4.5916E-02  1.2937E-03  4.2405E-03
  7.8991E-04  4.6195E-02  1.3036E-03  4.2731E-03
  7.9597E-04  4.6475E-02  1.3136E-03  4.3059E-03
  8.0207E-04  4.6756E-02  1.3237E-03  4.3389E-03
  8.0822E-04  4.7039E-02  1.3338E-03  4.3721E-03
  8.1440E-04  4.7323E-02  1.3440E-03  4.4056E-03
  8.2063E-04  4.7608E-02  1.3543E-03  4.4392E-03
  8.2690E-04  4.7895E-02  1.3646E-03  4.4732E-03
  8.3321E-04  4.8183E-02  1.3751E-03  4.5073E-03
  8.3956E-04  4.8472E-02  1.3856E-03  4.5417E-03
  8.4596E-04  4.8763E-02  1.3961E-03  4.5763E-03
  8.5241E-04  4.9054E-02  1.4068E-03  4.6112E-03
  8.5889E-04  4.9348E-02  1.4175E-03  4.6463E-03
  8.6543E-04  4.9642E-02  1.4282E-03  4.6816E-03
  8.7200E-04  4.9938E-02  1.4391E-03  4.7172E-03
  8.7862E-04  5.0235E-02  1.4500E-03  4.7530E-03
  8.8529E-04  5.0533E-02  1.4610E-03  4.7890E-03
  8.9200E-04  5.0833E-02  1.4721E-03  4.8253E-03
  8.9876E-04  5.1134E-02  1.4832E-03  4.8619E-03
  9.0556E-04  5.1437E-02  1.4945E-03  4.8987E-03
  9.1241E-04  5.1741E-02  1.5058E-03  4.9358E-03
  9.1931E-04  5.2046E-02  1.5172E-03  4.9731E-03
  9.2626E-04  5.2353E-02  1.5286E-03  5.0107E-03
  9.3325E-04  5.2660E-02  1.5402E-03  5.0485E-03
  9.4029E-04  5.2970E-02  1.5518E-03  5.0866E-03
  9.4738E-04  5.3280E-02  1.5635E-03  5.1249E-03
  9.5451E-04  5.3592E-02  1.5753E-03  5.1635E-03
  9.6170E-04  5.3906E-02  1.5871E-03  5.2024E-03
  9.6893E-04  5.4221E-02  1.5991E-03  5.2415E-03
  9.7622E-04  5.4537E-02  1.6111E-03  5.2809E-03
  9.8355E-04  5.4854E-02  1.6232E-03  5.3206E-03
  9.9093E-04  5.5173E-02  1.6354E-03  5.3605E-03
  9.9837E-04  5.5493E-02  1.6476E-03  5.4008E-03
  1.0059E-03  5.5815E-02  1.6600E-03  5.4412E-03
  1.0134E-03  5.6138E-02  1.6724E-03  5.4820E-03
  1.0210E-03  5.6463E-02  1.6849E-03  5.5231E-03
  1.0286E-03  5.6788E-02  1.6976E-03  5.5644E-03
  1.0363E-03  5.7116E-02  1.7103E-03  5.6060E-03
  1.0441E-03  5.7444E-02  1.7230E-03  5.6479E-03
  1.0519E-03  5.7774E-02  1.7359E-03  5.6901E-03
  1.0597E-03  5.8106E-02  1.7489E-03  5.7326E-03
  1.0676E-03  5.8439E-02  1.7619E-03  5.7753E-03
  1.0756E-03  5.8773E-02  1.7750E-03  5.8184E-03
  1.0836E-03  5.9109E-02  1.7883E-03  5.8617E-03
  1.0916E-03  5.9446E-02  1.8016E-03  5.9054E-03
  1.0998E-03  5.9784E-02  1.8150E-03  5.9493E-03
  1.1080E-03  6.0124E-02  1.8285E-03  5.9936E-03
  1.1162E-03  6.0466E-02  1.8421E-03  6.0381E-03
  1.1245E-03  6.0809E-02  1.8558E-03  6.0830E-03
  1.1328E-03  6.1153E-02  1.8695E-03  6.1281E-03
  1.1412E-03  6.1499E-02  1.8834E-03  6.1736E-03
  1.1497E-03  6.1846E-02  1.8974E-03  6.2194E-03
  1.1582E-03  6.2194E-02  1.9114E-03  6.2655E-03
  1.1668E-03  6.2544E-02  1.9256E-03  6.3119E-03
  1.1754E-03  6.2896E-02  1.9398E-03  6.3586E-03
  1.1841E-03  6.3248E-02  1.9542E-03  6.4056E-03
  1.1929E-03  6.3603E-02  1.9686E-03  6.4530E-03
  1.2017E-03  6.3958E-02  1.9832E-03  6.5007E-03
  1.2106E-03  6.4316E-02  1.9978E-03  6.5487E-03
  1.2195E-03  6.4674E-02  2.0126E-03  6.5970E-03
  1.2285E-03  6.5034E-02  2.0274E-03  6.6457E-03
  1.2376E-03  6.5396E-02  2.0424E-03  6.6947E-03
  1.2467E-03  6.5759E-02  2.0574E-03  6.7441E-03
  1.2559E-03  6.6123E-02  2.0726E-03  6.7937E-03
  1.2651E-03  6.6489E-02  2.0879E-03  6.8438E-03
  1.2744E-03  6.6856E-02  2.1032E-03  6.8941E-03
  1.2838E-03  6.7225E-02  2.1187E-03  6.9448E-03
  1.2932E-03  6.7595E-02  2.1343E-03  6.9959E-03
  1.3027E-03  6.7967E-02  2.1500E-03  7.0473E-03
  1.3123E-03  6.8340E-02  2.1657E-03  7.0990E-03
  1.3219E-03  6.8714E-02  2.1816E-03  7.1512E-03
  1.3316E-03  6.9090E-02  2.1976E-03  7.2036E-03
  1.3414E-03  6.9468E-02  2.2138E-03  7.2564E-03
  1.3512E-03  6.9847E-02  2.2300E-03  7.3096E-03
  1.3611E-03  7.0227E-02  2.2463E-03  7.3632E-03
  1.3711E-03  7.0609E-02  2.2628E-03  7.4171E-03
  1.3811E-03  7.0992E-02  2.2793E-03  7.4714E-03
  1.3912E-03  7.1377E-02  2.2960E-03  7.5260E-03
  1.4014E-03  7.1763E-02  2.3128E-03  7.5811E-03
  1.4117E-03  7.2151E-02  2.3297E-03  7.6365E-03
  1.4220E-03  7.2540E-02  2.3467E-03  7.6923E-03
  1.4324E-03  7.2930E-02  2.3638E-03  7.7484E-03
  1.4428E-03  7.3322E-02  2.3811E-03  7.8050E-03
  1.4533E-03  7.3716E-02  2.3985E-03  7.8619E-03
  1.4639E-03  7.4110E-02  2.4160E-03  7.9192E-03
  1.4746E-03  7.4507E-02  2.4336E-03  7.9770E-03
  1.4853E-03  7.4904E-02  2.4513E-03  8.0351E-03
  1.4962E-03  7.5304E-02  2.4691E-03  8.0936E-03
  1.5070E-03  7.5704E-02  2.4871E-03  8.1525E-03
  1.5180E-03  7.6106E-02  2.5052E-03  8.2118E-03
  1.5291E-03  7.6510E-02  2.5234E-03  8.2715E-03
  1.5402E-03  7.6915E-02  2.5418E-03  8.3317E-03
  1.5514E-03  7.7321E-02  2.5602E-03  8.3922E-03
  1.5626E-03  7.7729E-02  2.5788E-03  8.4531E-03
  1.5740E-03  7.8138E-02  2.5976E-03  8.5145E-03
  1.5854E-03  7.8549E-02  2.6164E-03  8.5763E-03
  1.5969E-03  7.8961E-02  2.6354E-03  8.6385E-03
  1.6085E-03  7.9375E-02  2.6545E-03  8.7012E-03
  1.6201E-03  7.9790E-02  2.6737E-03  8.7642E-03
  1.6319E-03  8.0206E-02  2.6931E-03  8.8277E-03
  1.6437E-03  8.0624E-02  2.7126E-03  8.8917E-03
  1.6556E-03  8.1043E-02  2.7323E-03  8.9560E-03
  1.6676E-03  8.1464E-02  2.7520E-03  9.0208E-03
  1.6796E-03  8.1886E-02  2.7719E-03  9.0861E-03
  1.6918E-03  8.2309E-02  2.7920E-03  9.1518E-03
  1.7040E-03  8.2734E-02  2.8122E-03  9.2179E-03
  1.7163E-03  8.3160E-02  2.8325E-03  9.2845E-03
  1.7287E-03  8.3588E-02  2.8529E-03  9.3516E-03
  1.7412E-03  8.4017E-02  2.8735E-03  9.4191E-03
  1.7538E-03  8.4447E-02  2.8943E-03  9.4871E-03
  1.7664E-03  8.4879E-02  2.9152E-03  9.5555E-03
  1.7791E-03  8.5312E-02  2.9362E-03  9.6244E-03
  1.7920E-03  8.5746E-02  2.9573E-03  9.6938E-03
  1.8049E-03  8.6182E-02  2.9787E-03  9.7637E-03
  1.8179E-03  8.6619E-02  3.0001E-03  9.8340E-03
  1.8310E-03  8.7058E-02  3.0217E-03  9.9048E-03
  1.8442E-03  8.7498E-02  3.0435E-03  9.9761E-03
  1.8574E-03  8.7939E-02  3.0654E-03  1.0048E-02
  1.8708E-03  8.8381E-02  3.0874E-03  1.0120E-02
  1.8842E-03  8.8825E-02  3.1096E-03  1.0193E-02
  1.8978E-03  8.9270E-02  3.1320E-03  1.0266E-02
  1.9114E-03  8.9717E-02  3.1545E-03  1.0340E-02
  1.9252E-03  9.0165E-02  3.1771E-03  1.0414E-02
  1.9390E-03  9.0614E-02  3.1999E-03  1.0489E-02
  1.9529E-03  9.1064E-02  3.2229E-03  1.0564E-02
  1.9669E-03  9.1516E-02  3.2460E-03  1.0640E-02
  1.9810E-03  9.1969E-02  3.2693E-03  1.0717E-02
  1.9952E-03  9.2423E-02  3.2928E-03  1.0793E-02
  2.0095E-03  9.2879E-02  3.3164E-03  1.0871E-02
  2.0239E-03  9.3335E-02  3.3402E-03  1.0949E-02
  2.0384E-03  9.3793E-02  3.3641E-03  1.1027E-02
  2.0530E-03  9.4253E-02  3.3882E-03  1.1106E-02
  2.0677E-03  9.4713E-02  3.4124E-03  1.1186E-02
  2.0825E-03  9.5175E-02  3.4369E-03  1.1266E-02
  2.0974E-03  9.5638E-02  3.4614E-03  1.1346E-02
  2.1124E-03  9.6102E-02  3.4862E-03  1.1427E-02
  2.1275E-03  9.6567E-02  3.5111E-03  1.1509E-02
  2.1428E-03  9.7033E-02  3.5362E-03  1.1591E-02
  2.1581E-03  9.7501E-02  3.5615E-03  1.1674E-02
  2.1735E-03  9.7970E-02  3.5870E-03  1.1758E-02
  2.1890E-03  9.8440E-02  3.6126E-03  1.1842E-02
  2.2046E-03  9.8911E-02  3.6384E-03  1.1926E-02
  2.2204E-03  9.9383E-02  3.6643E-03  1.2011E-02
  2.2362E-03  9.9856E-02  3.6905E-03  1.2097E-02
  2.2522E-03  1.0033E-01  3.7168E-03  1.2183E-02
  2.2682E-03  1.0081E-01  3.7433E-03  1.2270E-02
  2.2844E-03  1.0128E-01  3.7700E-03  1.2358E-02
  2.3007E-03  1.0176E-01  3.7969E-03  1.2446E-02
  2.3171E-03  1.0224E-01  3.8239E-03  1.2534E-02
  2.3336E-03  1.0272E-01  3.8512E-03  1.2624E-02
  2.3502E-03  1.0320E-01  3.8786E-03  1.2714E-02
  2.3669E-03  1.0368E-01  3.9062E-03  1.2804E-02
  2.3838E-03  1.0416E-01  3.9340E-03  1.2895E-02
  2.4007E-03  1.0465E-01  3.9620E-03  1.2987E-02
  2.4178E-03  1.0513E-01  3.9902E-03  1.3079E-02
  2.4350E-03  1.0562E-01  4.0185E-03  1.3172E-02
  2.4523E-03  1.0611E-01  4.0471E-03  1.3266E-02
  2.4697E-03  1.0659E-01  4.0759E-03  1.3360E-02
  2.4873E-03  1.0708E-01  4.1048E-03  1.3455E-02
  2.5050E-03  1.0757E-01  4.1340E-03  1.3551E-02
  2.5228E-03  1.0806E-01  4.1634E-03  1.3647E-02
  2.5407E-03  1.0855E-01  4.1929E-03  1.3744E-02
  2.5587E-03  1.0904E-01  4.2227E-03  1.3841E-02
  2.5769E-03  1.0954E-01  4.2527E-03  1.3940E-02
  2.5951E-03  1.1003E-01  4.2828E-03  1.4039E-02
  2.6136E-03  1.1052E-01  4.3132E-03  1.4138E-02
  2.6321E-03  1.1102E-01  4.3438E-03  1.4238E-02
  2.6507E-03  1.1152E-01  4.3746E-03  1.4339E-02
  2.6695E-03  1.1201E-01  4.4056E-03  1.4441E-02
  2.6884E-03  1.1251E-01  4.4368E-03  1.4543E-02
  2.7075E-03  1.1301E-01  4.4682E-03  1.4646E-02
  2.7267E-03  1.1351E-01  4.4999E-03  1.4750E-02
  2.7460E-03  1.1401E-01  4.5317E-03  1.4855E-02
  2.7654E-03  1.1451E-01  4.5638E-03  1.4960E-02
  2.7850E-03  1.1501E-01  4.5961E-03  1.5066E-02
  2.8047E-03  1.1551E-01  4.6286E-03  1.5172E-02
  2.8245E-03  1.1601E-01  4.6614E-03  1.5279E-02
  2.8445E-03  1.1651E-01  4.6943E-03  1.5388E-02
  2.8646E-03  1.1702E-01  4.7275E-03  1.5496E-02
  2.8849E-03  1.1752E-01  4.7610E-03  1.5606E-02
  2.9053E-03  1.1802E-01  4.7946E-03  1.5716E-02
  2.9258E-03  1.1853E-01  4.8285E-03  1.5827E-02
  2.9465E-03  1.1903E-01  4.8626E-03  1.5939E-02
  2.9673E-03  1.1954E-01  4.8969E-03  1.6052E-02
  2.9882E-03  1.2004E-01  4.9315E-03  1.6165E-02
  3.0093E-03  1.2055E-01  4.9663E-03  1.6279E-02
  3.0306E-03  1.2106E-01  5.0014E-03  1.6394E-02
  3.0519E-03  1.2156E-01  5.0367E-03  1.6510E-02
  3.0735E-03  1.2207E-01  5.0722E-03  1.6626E-02
  3.0951E-03  1.2258E-01  5.1080E-03  1.6743E-02
  3.1170E-03  1.2308E-01  5.1440E-03  1.6861E-02
  3.1390E-03  1.2359E-01  5.1803E-03  1.6980E-02
  3.1611E-03  1.2410E-01  5.2168E-03  1.7100E-02
  3.1834E-03  1.2461E-01  5.2536E-03  1.7221E-02
  3.2058E-03  1.2512E-01  5.2906E-03  1.7342E-02
  3.2284E-03  1.2562E-01  5.3278E-03  1.7464E-02
  3.2511E-03  1.2613E-01  5.3654E-03  1.7587E-02
  3.2740E-03  1.2664E-01  5.4031E-03  1.7711E-02
  3.2971E-03  1.2715E-01  5.4412E-03  1.7836E-02
  3.3203E-03  1.2766E-01  5.4795E-03  1.7961E-02
  3.3436E-03  1.2817E-01  5.5180E-03  1.8088E-02
  3.3672E-03  1.2867E-01  5.5569E-03  1.8215E-02
  3.3908E-03  1.2918E-01  5.5960E-03  1.8343E-02
  3.4147E-03  1.2969E-01  5.6353E-03  1.8472E-02
  3.4387E-03  1.3020E-01  5.6750E-03  1.8602E-02
  3.4629E-03  1.3070E-01  5.7149E-03  1.8733E-02
  3.4872E-03  1.3121E-01  5.7550E-03  1.8864E-02
  3.5117E-03  1.3172E-01  5.7955E-03  1.8997E-02
  3.5364E-03  1.3222E-01  5.8362E-03  1.9130E-02
  3.5613E-03  1.3273E-01  5.8772E-03  1.9265E-02
  3.5863E-03  1.3324E-01  5.9185E-03  1.9400E-02
  3.6115E-03  1.3374E-01  5.9600E-03  1.9536E-02
  3.6368E-03  1.3425E-01  6.0019E-03  1.9674E-02
  3.6623E-03  1.3475E-01  6.0440E-03  1.9812E-02
  3.6881E-03  1.3525E-01  6.0865E-03  1.9951E-02
  3.7139E-03  1.3576E-01  6.1292E-03  2.0091E-02
  3.7400E-03  1.3626E-01  6.1722E-03  2.0232E-02
  3.7662E-03  1.3676E-01  6.2155E-03  2.0374E-02
  3.7926E-03  1.3726E-01  6.2591E-03  2.0517E-02
  3.8192E-03  1.3776E-01  6.3030E-03  2.0660E-02
  3.8460E-03  1.3826E-01  6.3472E-03  2.0805E-02
  3.8730E-03  1.3876E-01  6.3916E-03  2.0951E-02
  3.9001E-03  1.3926E-01  6.4365E-03  2.1098E-02
  3.9275E-03  1.3976E-01  6.4816E-03  2.1246E-02
  3.9550E-03  1.4025E-01  6.5270E-03  2.1395E-02
  3.9827E-03  1.4075E-01  6.5727E-03  2.1545E-02
  4.0106E-03  1.4124E-01  6.6187E-03  2.1696E-02
  4.0387E-03  1.4173E-01  6.6651E-03  2.1847E-02
  4.0670E-03  1.4223E-01  6.7118E-03  2.2000E-02
  4.0954E-03  1.4272E-01  6.7588E-03  2.2154E-02
  4.1241E-03  1.4320E-01  6.8061E-03  2.2310E-02
  4.1530E-03  1.4369E-01  6.8537E-03  2.2466E-02
  4.1820E-03  1.4418E-01  6.9017E-03  2.2623E-02
  4.2113E-03  1.4466E-01  6.9500E-03  2.2781E-02
  4.2408E-03  1.4515E-01  6.9986E-03  2.2941E-02
  4.2704E-03  1.4563E-01  7.0475E-03  2.3101E-02
  4.3003E-03  1.4611E-01  7.0968E-03  2.3263E-02
  4.3304E-03  1.4659E-01  7.1464E-03  2.3425E-02
  4.3606E-03  1.4707E-01  7.1964E-03  2.3589E-02
  4.3911E-03  1.4754E-01  7.2467E-03  2.3754E-02
  4.4218E-03  1.4802E-01  7.2974E-03  2.3920E-02
  4.4527E-03  1.4849E-01  7.3483E-03  2.4087E-02
  4.4838E-03  1.4896E-01  7.3997E-03  2.4255E-02
  4.5151E-03  1.4943E-01  7.4514E-03  2.4425E-02
  4.5467E-03  1.4989E-01  7.5034E-03  2.4595E-02
  4.5784E-03  1.5036E-01  7.5558E-03  2.4767E-02
  4.6104E-03  1.5082E-01  7.6086E-03  2.4940E-02
  4.6426E-03  1.5128E-01  7.6617E-03  2.5114E-02
  4.6750E-03  1.5174E-01  7.7152E-03  2.5290E-02
  4.7076E-03  1.5219E-01  7.7691E-03  2.5466E-02
  4.7405E-03  1.5264E-01  7.8233E-03  2.5644E-02
  4.7736E-03  1.5310E-01  7.8779E-03  2.5823E-02
  4.8069E-03  1.5354E-01  7.9328E-03  2.6003E-02
  4.8404E-03  1.5399E-01  7.9882E-03  2.6184E-02
  4.8742E-03  1.5443E-01  8.0439E-03  2.6367E-02
  4.9082E-03  1.5487E-01  8.1000E-03  2.6551E-02
  4.9424E-03  1.5531E-01  8.1565E-03  2.6736E-02
  4.9769E-03  1.5575E-01  8.2134E-03  2.6923E-02
  5.0116E-03  1.5618E-01  8.2706E-03  2.7110E-02
  5.0465E-03  1.5661E-01  8.3283E-03  2.7299E-02
  5.0817E-03  1.5703E-01  8.3863E-03  2.7490E-02
  5.1171E-03  1.5746E-01  8.4448E-03  2.7681E-02
  5.1528E-03  1.5788E-01  8.5036E-03  2.7874E-02
  5.1887E-03  1.5829E-01  8.5629E-03  2.8068E-02
  5.2248E-03  1.5871E-01  8.6225E-03  2.8264E-02
  5.2612E-03  1.5912E-01  8.6826E-03  2.8461E-02
  5.2978E-03  1.5952E-01  8.7430E-03  2.8659E-02
  5.3347E-03  1.5993E-01  8.8039E-03  2.8858E-02
  5.3719E-03  1.6033E-01  8.8652E-03  2.9059E-02
  5.4093E-03  1.6072E-01  8.9269E-03  2.9262E-02
  5.4469E-03  1.6112E-01  8.9891E-03  2.9465E-02
  5.4848E-03  1.6151E-01  9.0516E-03  2.9670E-02
  5.5230E-03  1.6189E-01  9.1146E-03  2.9877E-02
  5.5614E-03  1.6227E-01  9.1781E-03  3.0085E-02
  5.6001E-03  1.6265E-01  9.2419E-03  3.0294E-02
  5.6391E-03  1.6302E-01  9.3062E-03  3.0505E-02
  5.6783E-03  1.6339E-01  9.3710E-03  3.0717E-02
  5.7178E-03  1.6375E-01  9.4361E-03  3.0931E-02
  5.7576E-03  1.6412E-01  9.5018E-03  3.1146E-02
  5.7976E-03  1.6447E-01  9.5678E-03  3.1362E-02
  5.8379E-03  1.6482E-01  9.6343E-03  3.1580E-02
  5.8785E-03  1.6517E-01  9.7013E-03  3.1800E-02
  5.9194E-03  1.6551E-01  9.7688E-03  3.2021E-02
  5.9605E-03  1.6585E-01  9.8367E-03  3.2244E-02
  6.0020E-03  1.6618E-01  9.9050E-03  3.2468E-02
  6.0437E-03  1.6651E-01  9.9739E-03  3.2693E-02
  6.0857E-03  1.6683E-01  1.0043E-02  3.2921E-02
  6.1279E-03  1.6715E-01  1.0113E-02  3.3149E-02
  6.1705E-03  1.6746E-01  1.0183E-02  3.3380E-02
  6.2134E-03  1.6777E-01  1.0254E-02  3.3611E-02
  6.2565E-03  1.6807E-01  1.0325E-02  3.3845E-02
  6.3000E-03  1.6837E-01  1.0397E-02  3.4080E-02
  6.3437E-03  1.6866E-01  1.0469E-02  3.4317E-02
  6.3878E-03  1.6894E-01  1.0542E-02  3.4555E-02
  6.4321E-03  1.6922E-01  1.0615E-02  3.4795E-02
  6.4768E-03  1.6949E-01  1.0689E-02  3.5036E-02
  6.5217E-03  1.6976E-01  1.0763E-02  3.5279E-02
  6.5670E-03  1.7002E-01  1.0837E-02  3.5524E-02
  6.6126E-03  1.7028E-01  1.0913E-02  3.5771E-02
  6.6585E-03  1.7053E-01  1.0988E-02  3.6019E-02
  6.7047E-03  1.7077E-01  1.1065E-02  3.6269E-02
  6.7512E-03  1.7101E-01  1.1141E-02  3.6521E-02
  6.7980E-03  1.7124E-01  1.1219E-02  3.6774E-02
  6.8452E-03  1.7146E-01  1.1296E-02  3.7029E-02
  6.8926E-03  1.7168E-01  1.1375E-02  3.7286E-02
  6.9404E-03  1.7189E-01  1.1454E-02  3.7544E-02
  6.9886E-03  1.7209E-01  1.1533E-02  3.7805E-02
  7.0370E-03  1.7229E-01  1.1613E-02  3.8067E-02
  7.0858E-03  1.7248E-01  1.1694E-02  3.8331E-02
  7.1349E-03  1.7266E-01  1.1775E-02  3.8596E-02
  7.1844E-03  1.7283E-01  1.1856E-02  3.8864E-02
  7.2342E-03  1.7300E-01  1.1938E-02  3.9133E-02
  7.2843E-03  1.7316E-01  1.2021E-02  3.9405E-02
  7.3348E-03  1.7331E-01  1.2105E-02  3.9678E-02
  7.3856E-03  1.7346E-01  1.2188E-02  3.9953E-02
  7.4368E-03  1.7359E-01  1.2273E-02  4.0229E-02
  7.4883E-03  1.7372E-01  1.2358E-02  4.0508E-02
  7.5402E-03  1.7384E-01  1.2443E-02  4.0789E-02
  7.5924E-03  1.7395E-01  1.2530E-02  4.1071E-02
  7.6450E-03  1.7406E-01  1.2616E-02  4.1356E-02
  7.6980E-03  1.7415E-01  1.2704E-02  4.1642E-02
  7.7513E-03  1.7424E-01  1.2792E-02  4.1930E-02
  7.8050E-03  1.7432E-01  1.2880E-02  4.2221E-02
  7.8590E-03  1.7439E-01  1.2970E-02  4.2513E-02
  7.9134E-03  1.7445E-01  1.3059E-02  4.2807E-02
  7.9682E-03  1.7450E-01  1.3150E-02  4.3104E-02
  8.0234E-03  1.7454E-01  1.3241E-02  4.3402E-02
  8.0789E-03  1.7457E-01  1.3332E-02  4.3702E-02
  8.1348E-03  1.7460E-01  1.3425E-02  4.4005E-02
  8.1911E-03  1.7461E-01  1.3518E-02  4.4309E-02
  8.2478E-03  1.7462E-01  1.3611E-02  4.4616E-02
  8.3049E-03  1.7461E-01  1.3705E-02  4.4925E-02
  8.3623E-03  1.7460E-01  1.3800E-02  4.5236E-02
  8.4202E-03  1.7457E-01  1.3896E-02  4.5549E-02
  8.4784E-03  1.7454E-01  1.3992E-02  4.5864E-02
  8.5371E-03  1.7449E-01  1.4088E-02  4.6181E-02
  8.5961E-03  1.7444E-01  1.4186E-02  4.6500E-02
  8.6556E-03  1.7437E-01  1.4284E-02  4.6822E-02
  8.7154E-03  1.7429E-01  1.4383E-02  4.7146E-02
  8.7757E-03  1.7421E-01  1.4482E-02  4.7472E-02
  8.8364E-03  1.7411E-01  1.4582E-02  4.7800E-02
  8.8975E-03  1.7400E-01  1.4683E-02  4.8130E-02
  8.9590E-03  1.7388E-01  1.4785E-02  4.8463E-02
  9.0209E-03  1.7375E-01  1.4887E-02  4.8798E-02
  9.0833E-03  1.7361E-01  1.4990E-02  4.9135E-02
  9.1461E-03  1.7345E-01  1.5093E-02  4.9475E-02
  9.2093E-03  1.7329E-01  1.5198E-02  4.9817E-02
  9.2729E-03  1.7311E-01  1.5303E-02  5.0161E-02
  9.3370E-03  1.7292E-01  1.5408E-02  5.0508E-02
  9.4015E-03  1.7272E-01  1.5515E-02  5.0857E-02
  9.4665E-03  1.7251E-01  1.5622E-02  5.1208E-02
  9.5319E-03  1.7228E-01  1.5730E-02  5.1562E-02
  9.5977E-03  1.7205E-01  1.5839E-02  5.1918E-02
  9.6640E-03  1.7180E-01  1.5948E-02  5.2277E-02
  9.7308E-03  1.7154E-01  1.6058E-02  5.2638E-02
  9.7980E-03  1.7126E-01  1.6169E-02  5.3002E-02
  9.8657E-03  1.7097E-01  1.6281E-02  5.3368E-02
  9.9338E-03  1.7067E-01  1.6393E-02  5.3736E-02
  1.0002E-02  1.7036E-01  1.6506E-02  5.4107E-02
  1.0072E-02  1.7003E-01  1.6620E-02  5.4481E-02
  1.0141E-02  1.6969E-01  1.6735E-02  5.4857E-02
  1.0211E-02  1.6934E-01  1.6851E-02  5.5236E-02
  1.0282E-02  1.6897E-01  1.6967E-02  5.5617E-02
  1.0353E-02  1.6859E-01  1.7084E-02  5.6001E-02
  1.0424E-02  1.6819E-01  1.7202E-02  5.6388E-02
  1.0496E-02  1.6778E-01  1.7321E-02  5.6777E-02
  1.0568E-02  1.6736E-01  1.7440E-02  5.7169E-02
  1.0641E-02  1.6692E-01  1.7561E-02  5.7563E-02
  1.0715E-02  1.6647E-01  1.7682E-02  5.7960E-02
  1.0789E-02  1.6600E-01  1.7804E-02  5.8360E-02
  1.0863E-02  1.6552E-01  1.7927E-02  5.8763E-02
  1.0938E-02  1.6502E-01  1.8050E-02  5.9169E-02
  1.1014E-02  1.6451E-01  1.8175E-02  5.9577E-02
  1.1090E-02  1.6398E-01  1.8300E-02  5.9988E-02
  1.1166E-02  1.6344E-01  1.8427E-02  6.0402E-02
  1.1243E-02  1.6289E-01  1.8554E-02  6.0818E-02
  1.1321E-02  1.6231E-01  1.8682E-02  6.1238E-02
  1.1399E-02  1.6173E-01  1.8811E-02  6.1660E-02
  1.1477E-02  1.6112E-01  1.8940E-02  6.2085E-02
  1.1557E-02  1.6050E-01  1.9071E-02  6.2514E-02
  1.1636E-02  1.5987E-01  1.9202E-02  6.2945E-02
  1.1717E-02  1.5922E-01  1.9335E-02  6.3379E-02
  1.1797E-02  1.5855E-01  1.9468E-02  6.3816E-02
  1.1879E-02  1.5786E-01  1.9602E-02  6.4256E-02
  1.1961E-02  1.5716E-01  1.9737E-02  6.4699E-02
  1.2043E-02  1.5645E-01  1.9874E-02  6.5145E-02
  1.2126E-02  1.5571E-01  2.0011E-02  6.5594E-02
  1.2210E-02  1.5496E-01  2.0148E-02  6.6046E-02
  1.2294E-02  1.5419E-01  2.0287E-02  6.6501E-02
  1.2379E-02  1.5341E-01  2.0427E-02  6.6960E-02
  1.2464E-02  1.5261E-01  2.0568E-02  6.7421E-02
  1.2550E-02  1.5179E-01  2.0710E-02  6.7886E-02
  1.2636E-02  1.5095E-01  2.0852E-02  6.8354E-02
  1.2723E-02  1.5010E-01  2.0996E-02  6.8825E-02
  1.2811E-02  1.4922E-01  2.1141E-02  6.9299E-02
  1.2899E-02  1.4833E-01  2.1286E-02  6.9776E-02
  1.2988E-02  1.4743E-01  2.1433E-02  7.0257E-02
  1.3078E-02  1.4650E-01  2.1581E-02  7.0741E-02
  1.3168E-02  1.4556E-01  2.1729E-02  7.1229E-02
  1.3259E-02  1.4459E-01  2.1879E-02  7.1719E-02
  1.3350E-02  1.4361E-01  2.2030E-02  7.2213E-02
  1.3442E-02  1.4262E-01  2.2181E-02  7.2711E-02
  1.3534E-02  1.4160E-01  2.2334E-02  7.3212E-02
  1.3628E-02  1.4056E-01  2.2488E-02  7.3716E-02
  1.3722E-02  1.3951E-01  2.2643E-02  7.4224E-02
  1.3816E-02  1.3843E-01  2.2799E-02  7.4735E-02
  1.3911E-02  1.3734E-01  2.2956E-02  7.5249E-02
  1.4007E-02  1.3623E-01  2.3114E-02  7.5768E-02
  1.4104E-02  1.3510E-01  2.3273E-02  7.6289E-02
  1.4201E-02  1.3395E-01  2.3433E-02  7.6815E-02
  1.4298E-02  1.3278E-01  2.3595E-02  7.7343E-02
  1.4397E-02  1.3159E-01  2.3757E-02  7.7876E-02
  1.4496E-02  1.3038E-01  2.3921E-02  7.8412E-02
  1.4596E-02  1.2915E-01  2.4085E-02  7.8952E-02
  1.4696E-02  1.2791E-01  2.4251E-02  7.9495E-02
  1.4797E-02  1.2664E-01  2.4418E-02  8.0043E-02
  1.4899E-02  1.2535E-01  2.4586E-02  8.0594E-02
  1.5002E-02  1.2404E-01  2.4755E-02  8.1148E-02
  1.5105E-02  1.2272E-01  2.4926E-02  8.1707E-02
  1.5209E-02  1.2137E-01  2.5097E-02  8.2269E-02
  1.5314E-02  1.2000E-01  2.5270E-02  8.2835E-02
  1.5419E-02  1.1861E-01  2.5444E-02  8.3405E-02
  1.5525E-02  1.1721E-01  2.5619E-02  8.3979E-02
  1.5632E-02  1.1578E-01  2.5795E-02  8.4557E-02
  1.5740E-02  1.1433E-01  2.5973E-02  8.5139E-02
  1.5848E-02  1.1286E-01  2.6151E-02  8.5725E-02
  1.5957E-02  1.1137E-01  2.6331E-02  8.6315E-02
  1.6067E-02  1.0986E-01  2.6512E-02  8.6908E-02
  1.6178E-02  1.0833E-01  2.6695E-02  8.7506E-02
  1.6289E-02  1.0678E-01  2.6878E-02  8.8108E-02
  1.6401E-02  1.0521E-01  2.7063E-02  8.8714E-02
  1.6514E-02  1.0362E-01  2.7249E-02  8.9325E-02
  1.6627E-02  1.0200E-01  2.7437E-02  8.9939E-02
  1.6742E-02  1.0037E-01  2.7625E-02  9.0558E-02
  1.6857E-02  9.8713E-02  2.7815E-02  9.1180E-02
  1.6973E-02  9.7038E-02  2.8007E-02  9.1808E-02
  1.7090E-02  9.5341E-02  2.8199E-02  9.2439E-02
  1.7207E-02  9.3624E-02  2.8393E-02  9.3075E-02
  1.7325E-02  9.1886E-02  2.8588E-02  9.3715E-02
  1.7445E-02  9.0127E-02  2.8785E-02  9.4359E-02
  1.7565E-02  8.8347E-02  2.8983E-02  9.5008E-02
  1.7685E-02  8.6546E-02  2.9182E-02  9.5661E-02
  1.7807E-02  8.4725E-02  2.9383E-02  9.6319E-02
  1.7930E-02  8.2883E-02  2.9585E-02  9.6981E-02
  1.8053E-02  8.1020E-02  2.9788E-02  9.7648E-02
  1.8177E-02  7.9136E-02  2.9993E-02  9.8319E-02
  1.8302E-02  7.7231E-02  3.0199E-02  9.8995E-02
  1.8428E-02  7.5306E-02  3.0407E-02  9.9676E-02
  1.8554E-02  7.3360E-02  3.0616E-02  1.0036E-01
  1.8682E-02  7.1393E-02  3.0826E-02  1.0105E-01
  1.8810E-02  6.9405E-02  3.1038E-02  1.0175E-01
  1.8940E-02  6.7398E-02  3.1251E-02  1.0244E-01
  1.9070E-02  6.5369E-02  3.1466E-02  1.0315E-01
  1.9201E-02  6.3320E-02  3.1682E-02  1.0386E-01
  1.9333E-02  6.1251E-02  3.1900E-02  1.0457E-01
  1.9466E-02  5.9161E-02  3.2119E-02  1.0529E-01
  1.9600E-02  5.7052E-02  3.2340E-02  1.0601E-01
  1.9734E-02  5.4922E-02  3.2562E-02  1.0674E-01
  1.9870E-02  5.2772E-02  3.2786E-02  1.0748E-01
  2.0007E-02  5.0602E-02  3.3011E-02  1.0821E-01
  2.0144E-02  4.8412E-02  3.3238E-02  1.0896E-01
  2.0283E-02  4.6202E-02  3.3466E-02  1.0971E-01
  2.0422E-02  4.3973E-02  3.3696E-02  1.1046E-01
  2.0562E-02  4.1724E-02  3.3927E-02  1.1122E-01
  2.0704E-02  3.9456E-02  3.4160E-02  1.1198E-01
  2.0846E-02  3.7168E-02  3.4395E-02  1.1275E-01
  2.0989E-02  3.4861E-02  3.4631E-02  1.1353E-01
  2.1133E-02  3.2536E-02  3.4869E-02  1.1431E-01
  2.1279E-02  3.0191E-02  3.5109E-02  1.1509E-01
  2.1425E-02  2.7828E-02  3.5350E-02  1.1588E-01
  2.1572E-02  2.5446E-02  3.5592E-02  1.1668E-01
  2.1720E-02  2.3046E-02  3.5837E-02  1.1748E-01
  2.1869E-02  2.0627E-02  3.6083E-02  1.1829E-01
  2.2020E-02  1.8191E-02  3.6331E-02  1.1910E-01
  2.2171E-02  1.5737E-02  3.6580E-02  1.1992E-01
  2.2323E-02  1.3265E-02  3.6831E-02  1.2074E-01
  2.2477E-02  1.0776E-02  3.7084E-02  1.2157E-01
  2.2631E-02  8.2696E-03  3.7339E-02  1.2240E-01
  2.2786E-02  5.7463E-03  3.7595E-02  1.2324E-01
  2.2943E-02  3.2062E-03  3.7853E-02  1.2409E-01
  2.3100E-02  6.4966E-04  3.8113E-02  1.2494E-01
  2.3259E-02 -1.9232E-03  3.8375E-02  1.2580E-01
  2.3419E-02 -4.5120E-03  3.8638E-02  1.2666E-01
  2.3580E-02 -7.1166E-03  3.8903E-02  1.2753E-01
  2.3742E-02 -9.7366E-03  3.9170E-02  1.2841E-01
  2.3905E-02 -1.2372E-02  3.9439E-02  1.2929E-01
  2.4069E-02 -1.5022E-02  3.9710E-02  1.3018E-01
  2.4234E-02 -1.7687E-02  3.9982E-02  1.3107E-01
  2.4401E-02 -2.0366E-02  4.0257E-02  1.3197E-01
  2.4568E-02 -2.3059E-02  4.0533E-02  1.3288E-01
  2.4737E-02 -2.5766E-02  4.0811E-02  1.3379E-01
  2.4907E-02 -2.8486E-02  4.1091E-02  1.3471E-01
  2.5078E-02 -3.1219E-02  4.1373E-02  1.3563E-01
  2.5250E-02 -3.3965E-02  4.1657E-02  1.3656E-01
  2.5423E-02 -3.6723E-02  4.1943E-02  1.3750E-01
  2.5598E-02 -3.9493E-02  4.2231E-02  1.3844E-01
  2.5774E-02 -4.2275E-02  4.2520E-02  1.3939E-01
  2.5950E-02 -4.5068E-02  4.2812E-02  1.4035E-01
  2.6129E-02 -4.7872E-02  4.3106E-02  1.4131E-01
  2.6308E-02 -5.0686E-02  4.3402E-02  1.4228E-01
  2.6489E-02 -5.3510E-02  4.3699E-02  1.4326E-01
  2.6670E-02 -5.6344E-02  4.3999E-02  1.4424E-01
  2.6853E-02 -5.9186E-02  4.4301E-02  1.4523E-01
  2.7038E-02 -6.2038E-02  4.4605E-02  1.4623E-01
  2.7223E-02 -6.4898E-02  4.4911E-02  1.4723E-01
  2.7410E-02 -6.7766E-02  4.5219E-02  1.4824E-01
  2.7598E-02 -7.0641E-02  4.5529E-02  1.4926E-01
  2.7788E-02 -7.3523E-02  4.5841E-02  1.5028E-01
  2.7979E-02 -7.6411E-02  4.6155E-02  1.5131E-01
  2.8171E-02 -7.9305E-02  4.6472E-02  1.5235E-01
  2.8364E-02 -8.2205E-02  4.6791E-02  1.5340E-01
  2.8559E-02 -8.5109E-02  4.7112E-02  1.5445E-01
  2.8755E-02 -8.8018E-02  4.7435E-02  1.5551E-01
  2.8952E-02 -9.0930E-02  4.7760E-02  1.5658E-01
  2.9151E-02 -9.3846E-02  4.8087E-02  1.5765E-01
  2.9351E-02 -9.6765E-02  4.8417E-02  1.5873E-01
  2.9552E-02 -9.9685E-02  4.8749E-02  1.5982E-01
  2.9755E-02 -1.0261E-01  4.9083E-02  1.6092E-01
  2.9959E-02 -1.0553E-01  4.9420E-02  1.6202E-01
  3.0165E-02 -1.0845E-01  4.9758E-02  1.6313E-01
  3.0372E-02 -1.1138E-01  5.0100E-02  1.6425E-01
  3.0580E-02 -1.1430E-01  5.0443E-02  1.6538E-01
  3.0790E-02 -1.1722E-01  5.0789E-02  1.6651E-01
  3.1001E-02 -1.2014E-01  5.1137E-02  1.6765E-01
  3.1214E-02 -1.2306E-01  5.1487E-02  1.6880E-01
  3.1428E-02 -1.2597E-01  5.1840E-02  1.6996E-01
  3.1643E-02 -1.2888E-01  5.2196E-02  1.7112E-01
  3.1861E-02 -1.3178E-01  5.2553E-02  1.7230E-01
  3.2079E-02 -1.3468E-01  5.2913E-02  1.7348E-01
  3.2299E-02 -1.3757E-01  5.3276E-02  1.7467E-01
  3.2521E-02 -1.4046E-01  5.3641E-02  1.7586E-01
  3.2744E-02 -1.4334E-01  5.4009E-02  1.7707E-01
  3.2969E-02 -1.4621E-01  5.4379E-02  1.7828E-01
  3.3195E-02 -1.4907E-01  5.4751E-02  1.7951E-01
  3.3422E-02 -1.5192E-01  5.5127E-02  1.8074E-01
  3.3652E-02 -1.5476E-01  5.5504E-02  1.8198E-01
  3.3882E-02 -1.5759E-01  5.5885E-02  1.8322E-01
  3.4115E-02 -1.6040E-01  5.6267E-02  1.8448E-01
  3.4349E-02 -1.6321E-01  5.6653E-02  1.8574E-01
  3.4584E-02 -1.6600E-01  5.7041E-02  1.8702E-01
  3.4822E-02 -1.6878E-01  5.7432E-02  1.8830E-01
  3.5061E-02 -1.7154E-01  5.7825E-02  1.8959E-01
  3.5301E-02 -1.7428E-01  5.8221E-02  1.9089E-01
  3.5543E-02 -1.7701E-01  5.8620E-02  1.9220E-01
  3.5787E-02 -1.7972E-01  5.9022E-02  1.9351E-01
  3.6032E-02 -1.8241E-01  5.9426E-02  1.9484E-01
  3.6279E-02 -1.8508E-01  5.9833E-02  1.9617E-01
  3.6528E-02 -1.8774E-01  6.0243E-02  1.9752E-01
  3.6779E-02 -1.9037E-01  6.0655E-02  1.9887E-01
  3.7031E-02 -1.9297E-01  6.1071E-02  2.0023E-01
  3.7285E-02 -1.9556E-01  6.1489E-02  2.0161E-01
  3.7541E-02 -1.9812E-01  6.1910E-02  2.0299E-01
  3.7798E-02 -2.0066E-01  6.2334E-02  2.0438E-01
  3.8057E-02 -2.0317E-01  6.2761E-02  2.0578E-01
  3.8318E-02 -2.0565E-01  6.3190E-02  2.0719E-01
  3.8581E-02 -2.0811E-01  6.3623E-02  2.0861E-01
  3.8845E-02 -2.1054E-01  6.4059E-02  2.1004E-01
  3.9112E-02 -2.1294E-01  6.4497E-02  2.1147E-01
  3.9380E-02 -2.1531E-01  6.4939E-02  2.1292E-01
  3.9650E-02 -2.1765E-01  6.5383E-02  2.1438E-01
  3.9922E-02 -2.1995E-01  6.5831E-02  2.1585E-01
  4.0196E-02 -2.2222E-01  6.6281E-02  2.1733E-01
  4.0471E-02 -2.2446E-01  6.6735E-02  2.1882E-01
  4.0749E-02 -2.2666E-01  6.7192E-02  2.2031E-01
  4.1028E-02 -2.2883E-01  6.7652E-02  2.2182E-01
  4.1309E-02 -2.3096E-01  6.8115E-02  2.2334E-01
  4.1592E-02 -2.3305E-01  6.8581E-02  2.2487E-01
  4.1878E-02 -2.3510E-01  6.9050E-02  2.2641E-01
  4.2165E-02 -2.3711E-01  6.9523E-02  2.2796E-01
  4.2454E-02 -2.3908E-01  6.9998E-02  2.2952E-01
  4.2745E-02 -2.4101E-01  7.0477E-02  2.3110E-01
  4.3038E-02 -2.4290E-01  7.0960E-02  2.3268E-01
  4.3333E-02 -2.4474E-01  7.1445E-02  2.3427E-01
  4.3630E-02 -2.4654E-01  7.1934E-02  2.3587E-01
  4.3929E-02 -2.4829E-01  7.2426E-02  2.3749E-01
  4.4230E-02 -2.4999E-01  7.2922E-02  2.3912E-01
  4.4533E-02 -2.5164E-01  7.3420E-02  2.4075E-01
  4.4839E-02 -2.5325E-01  7.3923E-02  2.4240E-01
  4.5146E-02 -2.5480E-01  7.4428E-02  2.4406E-01
  4.5455E-02 -2.5631E-01  7.4937E-02  2.4573E-01
  4.5767E-02 -2.5776E-01  7.5450E-02  2.4741E-01
  4.6081E-02 -2.5916E-01  7.5966E-02  2.4911E-01
  4.6396E-02 -2.6050E-01  7.6486E-02  2.5081E-01
  4.6714E-02 -2.6179E-01  7.7009E-02  2.5253E-01
  4.7035E-02 -2.6302E-01  7.7535E-02  2.5426E-01
  4.7357E-02 -2.6419E-01  7.8066E-02  2.5600E-01
  4.7682E-02 -2.6531E-01  7.8599E-02  2.5775E-01
  4.8008E-02 -2.6637E-01  7.9137E-02  2.5951E-01
  4.8337E-02 -2.6736E-01  7.9678E-02  2.6129E-01
  4.8669E-02 -2.6830E-01  8.0223E-02  2.6308E-01
  4.9002E-02 -2.6917E-01  8.0771E-02  2.6488E-01
  4.9338E-02 -2.6998E-01  8.1323E-02  2.6669E-01
  4.9676E-02 -2.7072E-01  8.1879E-02  2.6851E-01
  5.0017E-02 -2.7140E-01  8.2439E-02  2.7035E-01
  5.0359E-02 -2.7201E-01  8.3002E-02  2.7220E-01
  5.0704E-02 -2.7256E-01  8.3570E-02  2.7406E-01
  5.1052E-02 -2.7304E-01  8.4141E-02  2.7594E-01
  5.1402E-02 -2.7345E-01  8.4716E-02  2.7782E-01
  5.1754E-02 -2.7378E-01  8.5295E-02  2.7972E-01
  5.2109E-02 -2.7405E-01  8.5878E-02  2.8164E-01
  5.2466E-02 -2.7425E-01  8.6465E-02  2.8356E-01
  5.2825E-02 -2.7437E-01  8.7055E-02  2.8550E-01
  5.3187E-02 -2.7442E-01  8.7650E-02  2.8746E-01
  5.3552E-02 -2.7439E-01  8.8249E-02  2.8942E-01
  5.3919E-02 -2.7429E-01  8.8852E-02  2.9140E-01
  5.4288E-02 -2.7411E-01  8.9459E-02  2.9340E-01
  5.4660E-02 -2.7386E-01  9.0070E-02  2.9540E-01
  5.5034E-02 -2.7353E-01  9.0685E-02  2.9742E-01
  5.5412E-02 -2.7311E-01  9.1305E-02  2.9946E-01
  5.5791E-02 -2.7262E-01  9.1928E-02  3.0150E-01
  5.6173E-02 -2.7205E-01  9.2556E-02  3.0356E-01
  5.6558E-02 -2.7140E-01  9.3188E-02  3.0564E-01
  5.6946E-02 -2.7067E-01  9.3825E-02  3.0773E-01
  5.7336E-02 -2.6985E-01  9.4465E-02  3.0983E-01
  5.7729E-02 -2.6895E-01  9.5110E-02  3.1195E-01
  5.8124E-02 -2.6797E-01  9.5760E-02  3.1408E-01
  5.8523E-02 -2.6690E-01  9.6414E-02  3.1623E-01
  5.8924E-02 -2.6574E-01  9.7072E-02  3.1839E-01
  5.9327E-02 -2.6450E-01  9.7734E-02  3.2057E-01
  5.9734E-02 -2.6318E-01  9.8402E-02  3.2276E-01
  6.0143E-02 -2.6177E-01  9.9073E-02  3.2497E-01
  6.0555E-02 -2.6027E-01  9.9749E-02  3.2719E-01
  6.0970E-02 -2.5868E-01  1.0043E-01  3.2942E-01
  6.1387E-02 -2.5700E-01  1.0112E-01  3.3167E-01
  6.1808E-02 -2.5524E-01  1.0181E-01  3.3394E-01
  6.2231E-02 -2.5338E-01  1.0250E-01  3.3622E-01
  6.2658E-02 -2.5144E-01  1.0320E-01  3.3852E-01
  6.3087E-02 -2.4940E-01  1.0390E-01  3.4083E-01
  6.3519E-02 -2.4728E-01  1.0461E-01  3.4316E-01
  6.3954E-02 -2.4506E-01  1.0533E-01  3.4551E-01
  6.4392E-02 -2.4276E-01  1.0604E-01  3.4787E-01
  6.4833E-02 -2.4036E-01  1.0677E-01  3.5024E-01
  6.5277E-02 -2.3787E-01  1.0750E-01  3.5263E-01
  6.5725E-02 -2.3529E-01  1.0823E-01  3.5504E-01
  6.6175E-02 -2.3261E-01  1.0897E-01  3.5747E-01
  6.6628E-02 -2.2985E-01  1.0971E-01  3.5991E-01
  6.7084E-02 -2.2699E-01  1.1046E-01  3.6237E-01
  6.7544E-02 -2.2404E-01  1.1121E-01  3.6484E-01
  6.8007E-02 -2.2100E-01  1.1197E-01  3.6733E-01
  6.8472E-02 -2.1786E-01  1.1273E-01  3.6984E-01
  6.8941E-02 -2.1464E-01  1.1350E-01  3.7237E-01
  6.9414E-02 -2.1132E-01  1.1428E-01  3.7491E-01
  6.9889E-02 -2.0791E-01  1.1505E-01  3.7747E-01
  7.0368E-02 -2.0441E-01  1.1584E-01  3.8005E-01
  7.0850E-02 -2.0082E-01  1.1663E-01  3.8264E-01
  7.1335E-02 -1.9713E-01  1.1742E-01  3.8525E-01
  7.1824E-02 -1.9336E-01  1.1822E-01  3.8788E-01
  7.2315E-02 -1.8949E-01  1.1903E-01  3.9053E-01
  7.2811E-02 -1.8554E-01  1.1984E-01  3.9319E-01
  7.3309E-02 -1.8149E-01  1.2065E-01  3.9588E-01
  7.3812E-02 -1.7736E-01  1.2148E-01  3.9858E-01
  7.4317E-02 -1.7314E-01  1.2230E-01  4.0130E-01
  7.4826E-02 -1.6882E-01  1.2314E-01  4.0404E-01
  7.5338E-02 -1.6443E-01  1.2398E-01  4.0679E-01
  7.5854E-02 -1.5994E-01  1.2482E-01  4.0957E-01
  7.6374E-02 -1.5537E-01  1.2567E-01  4.1236E-01
  7.6897E-02 -1.5072E-01  1.2652E-01  4.1518E-01
  7.7424E-02 -1.4598E-01  1.2739E-01  4.1801E-01
  7.7954E-02 -1.4115E-01  1.2825E-01  4.2086E-01
  7.8488E-02 -1.3625E-01  1.2913E-01  4.2373E-01
  7.9025E-02 -1.3126E-01  1.3000E-01  4.2662E-01
  7.9566E-02 -1.2619E-01  1.3089E-01  4.2953E-01
  8.0111E-02 -1.2104E-01  1.3178E-01  4.3246E-01
  8.0660E-02 -1.1582E-01  1.3268E-01  4.3541E-01
  8.1212E-02 -1.1051E-01  1.3358E-01  4.3837E-01
  8.1768E-02 -1.0513E-01  1.3449E-01  4.4136E-01
  8.2328E-02 -9.9680E-02  1.3540E-01  4.4437E-01
  8.2892E-02 -9.4153E-02  1.3632E-01  4.4740E-01
  8.3460E-02 -8.8554E-02  1.3725E-01  4.5045E-01
  8.4031E-02 -8.2884E-02  1.3818E-01  4.5352E-01
  8.4607E-02 -7.7145E-02  1.3912E-01  4.5661E-01
  8.5186E-02 -7.1339E-02  1.4007E-01  4.5972E-01
  8.5769E-02 -6.5467E-02  1.4102E-01  4.6285E-01
  8.6357E-02 -5.9531E-02  1.4198E-01  4.6601E-01
  8.6948E-02 -5.3532E-02  1.4294E-01  4.6918E-01
  8.7543E-02 -4.7473E-02  1.4391E-01  4.7238E-01
  8.8143E-02 -4.1354E-02  1.4489E-01  4.7560E-01
  8.8746E-02 -3.5179E-02  1.4588E-01  4.7884E-01
  8.9354E-02 -2.8949E-02  1.4687E-01  4.8210E-01
  8.9966E-02 -2.2665E-02  1.4786E-01  4.8538E-01
  9.0582E-02 -1.6331E-02  1.4887E-01  4.8869E-01
  9.1202E-02 -9.9476E-03  1.4988E-01  4.9201E-01
  9.1826E-02 -3.5174E-03  1.5090E-01  4.9536E-01
  9.2455E-02  2.9574E-03  1.5192E-01  4.9873E-01
  9.3088E-02  9.4745E-03  1.5295E-01  5.0213E-01
  9.3726E-02  1.6032E-02  1.5399E-01  5.0555E-01
  9.4367E-02  2.2626E-02  1.5503E-01  5.0899E-01
  9.5013E-02  2.9256E-02  1.5609E-01  5.1245E-01
  9.5664E-02  3.5919E-02  1.5714E-01  5.1594E-01
  9.6319E-02  4.2612E-02  1.5821E-01  5.1945E-01
  9.6978E-02  4.9333E-02  1.5928E-01  5.2298E-01
  9.7642E-02  5.6078E-02  1.6036E-01  5.2654E-01
  9.8311E-02  6.2846E-02  1.6145E-01  5.3012E-01
  9.8984E-02  6.9634E-02  1.6254E-01  5.3372E-01
  9.9662E-02  7.6438E-02  1.6365E-01  5.3735E-01
  1.0034E-01  8.3257E-02  1.6476E-01  5.4101E-01
  1.0103E-01  9.0086E-02  1.6587E-01  5.4469E-01
  1.0172E-01  9.6924E-02  1.6700E-01  5.4839E-01
  1.0242E-01  1.0377E-01  1.6813E-01  5.5212E-01
  1.0312E-01  1.1061E-01  1.6927E-01  5.5587E-01
  1.0383E-01  1.1746E-01  1.7041E-01  5.5965E-01
  1.0454E-01  1.2430E-01  1.7156E-01  5.6345E-01
  1.0525E-01  1.3113E-01  1.7273E-01  5.6728E-01
  1.0597E-01  1.3796E-01  1.7390E-01  5.7113E-01
  1.0670E-01  1.4477E-01  1.7507E-01  5.7501E-01
  1.0743E-01  1.5156E-01  1.7626E-01  5.7891E-01
  1.0816E-01  1.5833E-01  1.7745E-01  5.8285E-01
  1.0891E-01  1.6508E-01  1.7865E-01  5.8680E-01
  1.0965E-01  1.7181E-01  1.7986E-01  5.9079E-01
  1.1040E-01  1.7850E-01  1.8107E-01  5.9480E-01
  1.1116E-01  1.8516E-01  1.8230E-01  5.9883E-01
  1.1192E-01  1.9178E-01  1.8353E-01  6.0290E-01
  1.1268E-01  1.9836E-01  1.8477E-01  6.0699E-01
  1.1346E-01  2.0490E-01  1.8602E-01  6.1111E-01
  1.1423E-01  2.1139E-01  1.8727E-01  6.1525E-01
  1.1501E-01  2.1783E-01  1.8854E-01  6.1942E-01
  1.1580E-01  2.2422E-01  1.8981E-01  6.2362E-01
  1.1659E-01  2.3054E-01  1.9109E-01  6.2785E-01
  1.1739E-01  2.3681E-01  1.9238E-01  6.3211E-01
  1.1820E-01  2.4300E-01  1.9368E-01  6.3639E-01
  1.1901E-01  2.4913E-01  1.9499E-01  6.4071E-01
  1.1982E-01  2.5519E-01  1.9630E-01  6.4505E-01
  1.2064E-01  2.6117E-01  1.9763E-01  6.4942E-01
  1.2147E-01  2.6706E-01  1.9896E-01  6.5382E-01
  1.2230E-01  2.7288E-01  2.0030E-01  6.5825E-01
  1.2313E-01  2.7860E-01  2.0165E-01  6.6270E-01
  1.2398E-01  2.8424E-01  2.0301E-01  6.6719E-01
  1.2483E-01  2.8978E-01  2.0438E-01  6.7171E-01
  1.2568E-01  2.9522E-01  2.0576E-01  6.7625E-01
  1.2654E-01  3.0055E-01  2.0714E-01  6.8083E-01
  1.2741E-01  3.0578E-01  2.0854E-01  6.8544E-01
  1.2828E-01  3.1090E-01  2.0994E-01  6.9007E-01
  1.2916E-01  3.1591E-01  2.1135E-01  6.9474E-01
  1.3004E-01  3.2080E-01  2.1277E-01  6.9944E-01
  1.3093E-01  3.2556E-01  2.1420E-01  7.0417E-01
  1.3183E-01  3.3020E-01  2.1565E-01  7.0893E-01
  1.3273E-01  3.3471E-01  2.1709E-01  7.1372E-01
  1.3364E-01  3.3909E-01  2.1855E-01  7.1854E-01
  1.3455E-01  3.4334E-01  2.2002E-01  7.2340E-01
  1.3547E-01  3.4744E-01  2.2150E-01  7.2828E-01
  1.3640E-01  3.5140E-01  2.2299E-01  7.3320E-01
  1.3733E-01  3.5522E-01  2.2449E-01  7.3815E-01
  1.3827E-01  3.5888E-01  2.2599E-01  7.4313E-01
  1.3922E-01  3.6239E-01  2.2751E-01  7.4815E-01
  1.4017E-01  3.6574E-01  2.2903E-01  7.5319E-01
  1.4113E-01  3.6894E-01  2.3057E-01  7.5827E-01
  1.4210E-01  3.7197E-01  2.3212E-01  7.6339E-01
  1.4307E-01  3.7483E-01  2.3367E-01  7.6853E-01
  1.4405E-01  3.7752E-01  2.3524E-01  7.7371E-01
  1.4504E-01  3.8004E-01  2.3681E-01  7.7893E-01
  1.4603E-01  3.8239E-01  2.3840E-01  7.8418E-01
  1.4703E-01  3.8455E-01  2.4000E-01  7.8946E-01
  1.4804E-01  3.8653E-01  2.4160E-01  7.9477E-01
  1.4905E-01  3.8833E-01  2.4322E-01  8.0013E-01
  1.5007E-01  3.8994E-01  2.4484E-01  8.0551E-01
  1.5110E-01  3.9135E-01  2.4648E-01  8.1093E-01
  1.5213E-01  3.9258E-01  2.4813E-01  8.1638E-01
  1.5317E-01  3.9361E-01  2.4979E-01  8.2187E-01
  1.5422E-01  3.9444E-01  2.5145E-01  8.2740E-01
  1.5528E-01  3.9507E-01  2.5313E-01  8.3296E-01
  1.5634E-01  3.9550E-01  2.5482E-01  8.3856E-01
  1.5741E-01  3.9572E-01  2.5652E-01  8.4419E-01
  1.5849E-01  3.9573E-01  2.5823E-01  8.4986E-01
  1.5957E-01  3.9553E-01  2.5996E-01  8.5556E-01
  1.6066E-01  3.9513E-01  2.6169E-01  8.6131E-01
  1.6176E-01  3.9451E-01  2.6343E-01  8.6708E-01
  1.6287E-01  3.9367E-01  2.6519E-01  8.7290E-01
  1.6398E-01  3.9262E-01  2.6695E-01  8.7875E-01
  1.6511E-01  3.9135E-01  2.6873E-01  8.8464E-01
  1.6624E-01  3.8985E-01  2.7052E-01  8.9057E-01
  1.6737E-01  3.8814E-01  2.7231E-01  8.9653E-01
  1.6852E-01  3.8621E-01  2.7412E-01  9.0253E-01
  1.6967E-01  3.8405E-01  2.7595E-01  9.0857E-01
  1.7083E-01  3.8167E-01  2.7778E-01  9.1465E-01
  1.7200E-01  3.7906E-01  2.7962E-01  9.2077E-01
  1.7318E-01  3.7623E-01  2.8148E-01  9.2692E-01
  1.7436E-01  3.7317E-01  2.8334E-01  9.3312E-01
  1.7556E-01  3.6989E-01  2.8522E-01  9.3935E-01
  1.7676E-01  3.6638E-01  2.8711E-01  9.4562E-01
  1.7797E-01  3.6264E-01  2.8901E-01  9.5194E-01
  1.7919E-01  3.5867E-01  2.9093E-01  9.5829E-01
  1.8041E-01  3.5448E-01  2.9285E-01  9.6468E-01
  1.8165E-01  3.5006E-01  2.9479E-01  9.7111E-01
  1.8289E-01  3.4541E-01  2.9674E-01  9.7758E-01
  1.8414E-01  3.4054E-01  2.9870E-01  9.8409E-01
  1.8540E-01  3.3544E-01  3.0067E-01  9.9064E-01
  1.8667E-01  3.3012E-01  3.0266E-01  9.9723E-01
  1.8795E-01  3.2457E-01  3.0465E-01  1.0039E+00
  1.8924E-01  3.1881E-01  3.0666E-01  1.0105E+00
  1.9053E-01  3.1282E-01  3.0868E-01  1.0173E+00
  1.9183E-01  3.0661E-01  3.1072E-01  1.0240E+00
  1.9315E-01  3.0019E-01  3.1276E-01  1.0308E+00
  1.9447E-01  2.9354E-01  3.1482E-01  1.0376E+00
  1.9580E-01  2.8669E-01  3.1689E-01  1.0445E+00
  1.9714E-01  2.7962E-01  3.1898E-01  1.0515E+00
  1.9849E-01  2.7235E-01  3.2107E-01  1.0584E+00
  1.9985E-01  2.6486E-01  3.2318E-01  1.0654E+00
  2.0121E-01  2.5718E-01  3.2530E-01  1.0725E+00
  2.0259E-01  2.4928E-01  3.2743E-01  1.0796E+00
  2.0398E-01  2.4120E-01  3.2958E-01  1.0867E+00
  2.0537E-01  2.3291E-01  3.3174E-01  1.0939E+00
  2.0678E-01  2.2443E-01  3.3391E-01  1.1011E+00
  2.0819E-01  2.1576E-01  3.3609E-01  1.1084E+00
  2.0962E-01  2.0691E-01  3.3829E-01  1.1157E+00
  2.1105E-01  1.9787E-01  3.4050E-01  1.1230E+00
  2.1250E-01  1.8866E-01  3.4272E-01  1.1304E+00
  2.1395E-01  1.7927E-01  3.4496E-01  1.1379E+00
  2.1542E-01  1.6971E-01  3.4721E-01  1.1453E+00
  2.1689E-01  1.5998E-01  3.4947E-01  1.1529E+00
  2.1837E-01  1.5010E-01  3.5175E-01  1.1604E+00
  2.1987E-01  1.4005E-01  3.5404E-01  1.1680E+00
  2.2137E-01  1.2986E-01  3.5634E-01  1.1757E+00
  2.2289E-01  1.1951E-01  3.5865E-01  1.1834E+00
  2.2441E-01  1.0903E-01  3.6098E-01  1.1912E+00
  2.2595E-01  9.8403E-02  3.6332E-01  1.1989E+00
  2.2749E-01  8.7648E-02  3.6568E-01  1.2068E+00
  2.2905E-01  7.6767E-02  3.6805E-01  1.2147E+00
  2.3062E-01  6.5766E-02  3.7043E-01  1.2226E+00
  2.3220E-01  5.4650E-02  3.7283E-01  1.2306E+00
  2.3379E-01  4.3425E-02  3.7524E-01  1.2386E+00
  2.3538E-01  3.2097E-02  3.7766E-01  1.2466E+00
  2.3700E-01  2.0672E-02  3.8010E-01  1.2547E+00
  2.3862E-01  9.1573E-03  3.8255E-01  1.2629E+00
  2.4025E-01 -2.4415E-03  3.8501E-01  1.2711E+00
  2.4189E-01 -1.4118E-02  3.8749E-01  1.2793E+00
  2.4355E-01 -2.5865E-02  3.8998E-01  1.2876E+00
  2.4522E-01 -3.7676E-02  3.9248E-01  1.2960E+00
  2.4689E-01 -4.9544E-02  3.9500E-01  1.3043E+00
  2.4858E-01 -6.1462E-02  3.9754E-01  1.3128E+00
  2.5028E-01 -7.3424E-02  4.0008E-01  1.3212E+00
  2.5200E-01 -8.5421E-02  4.0264E-01  1.3298E+00
  2.5372E-01 -9.7447E-02  4.0522E-01  1.3383E+00
  2.5546E-01 -1.0949E-01  4.0781E-01  1.3469E+00
  2.5720E-01 -1.2155E-01  4.1041E-01  1.3556E+00
  2.5896E-01 -1.3362E-01  4.1303E-01  1.3643E+00
  2.6074E-01 -1.4569E-01  4.1566E-01  1.3730E+00
  2.6252E-01 -1.5775E-01  4.1830E-01  1.3818E+00
  2.6432E-01 -1.6979E-01  4.2096E-01  1.3906E+00
  2.6613E-01 -1.8180E-01  4.2363E-01  1.3995E+00
  2.6795E-01 -1.9379E-01  4.2632E-01  1.4084E+00
  2.6978E-01 -2.0573E-01  4.2902E-01  1.4174E+00
  2.7163E-01 -2.1762E-01  4.3173E-01  1.4264E+00
  2.7348E-01 -2.2946E-01  4.3446E-01  1.4355E+00
  2.7536E-01 -2.4124E-01  4.3721E-01  1.4446E+00
  2.7724E-01 -2.5294E-01  4.3996E-01  1.4537E+00
  2.7914E-01 -2.6457E-01  4.4274E-01  1.4629E+00
  2.8105E-01 -2.7610E-01  4.4552E-01  1.4722E+00
  2.8297E-01 -2.8754E-01  4.4832E-01  1.4815E+00
  2.8490E-01 -2.9887E-01  4.5113E-01  1.4908E+00
  2.8685E-01 -3.1010E-01  4.5396E-01  1.5002E+00
  2.8882E-01 -3.2120E-01  4.5680E-01  1.5096E+00
  2.9079E-01 -3.3217E-01  4.5966E-01  1.5190E+00
  2.9278E-01 -3.4301E-01  4.6253E-01  1.5285E+00
  2.9479E-01 -3.5370E-01  4.6542E-01  1.5381E+00
  2.9680E-01 -3.6424E-01  4.6831E-01  1.5477E+00
  2.9883E-01 -3.7462E-01  4.7123E-01  1.5573E+00
  3.0088E-01 -3.8483E-01  4.7415E-01  1.5670E+00
  3.0294E-01 -3.9486E-01  4.7709E-01  1.5767E+00
  3.0501E-01 -4.0471E-01  4.8005E-01  1.5864E+00
  3.0710E-01 -4.1437E-01  4.8302E-01  1.5962E+00
  3.0920E-01 -4.2383E-01  4.8600E-01  1.6060E+00
  3.1131E-01 -4.3309E-01  4.8900E-01  1.6159E+00
  3.1344E-01 -4.4212E-01  4.9201E-01  1.6258E+00
  3.1559E-01 -4.5094E-01  4.9503E-01  1.6358E+00
  3.1775E-01 -4.5953E-01  4.9807E-01  1.6458E+00
  3.1992E-01 -4.6788E-01  5.0112E-01  1.6558E+00
  3.2211E-01 -4.7599E-01  5.0419E-01  1.6659E+00
  3.2431E-01 -4.8384E-01  5.0727E-01  1.6760E+00
  3.2653E-01 -4.9144E-01  5.1036E-01  1.6861E+00
  3.2877E-01 -4.9878E-01  5.1346E-01  1.6963E+00
  3.3102E-01 -5.0584E-01  5.1658E-01  1.7065E+00
  3.3328E-01 -5.1263E-01  5.1972E-01  1.7168E+00
  3.3556E-01 -5.1913E-01  5.2287E-01  1.7271E+00
  3.3786E-01 -5.2535E-01  5.2603E-01  1.7374E+00
  3.4017E-01 -5.3126E-01  5.2920E-01  1.7477E+00
  3.4250E-01 -5.3688E-01  5.3239E-01  1.7581E+00
  3.4484E-01 -5.4219E-01  5.3559E-01  1.7685E+00
  3.4720E-01 -5.4718E-01  5.3880E-01  1.7790E+00
  3.4957E-01 -5.5186E-01  5.4202E-01  1.7894E+00
  3.5197E-01 -5.5621E-01  5.4526E-01  1.7999E+00
  3.5437E-01 -5.6023E-01  5.4851E-01  1.8105E+00
  3.5680E-01 -5.6392E-01  5.5178E-01  1.8210E+00
  3.5924E-01 -5.6728E-01  5.5506E-01  1.8316E+00
  3.6170E-01 -5.7029E-01  5.5835E-01  1.8422E+00
  3.6417E-01 -5.7295E-01  5.6165E-01  1.8528E+00
  3.6666E-01 -5.7527E-01  5.6496E-01  1.8635E+00
  3.6917E-01 -5.7722E-01  5.6829E-01  1.8742E+00
  3.7170E-01 -5.7883E-01  5.7163E-01  1.8849E+00
  3.7424E-01 -5.8007E-01  5.7498E-01  1.8956E+00
  3.7680E-01 -5.8094E-01  5.7834E-01  1.9063E+00
  3.7938E-01 -5.8145E-01  5.8171E-01  1.9171E+00
  3.8197E-01 -5.8159E-01  5.8510E-01  1.9278E+00
  3.8459E-01 -5.8136E-01  5.8849E-01  1.9386E+00
  3.8722E-01 -5.8075E-01  5.9190E-01  1.9494E+00
  3.8987E-01 -5.7977E-01  5.9532E-01  1.9602E+00
  3.9254E-01 -5.7841E-01  5.9875E-01  1.9710E+00
  3.9522E-01 -5.7667E-01  6.0219E-01  1.9818E+00
  3.9792E-01 -5.7455E-01  6.0564E-01  1.9927E+00
  4.0065E-01 -5.7205E-01  6.0911E-01  2.0035E+00
  4.0339E-01 -5.6917E-01  6.1258E-01  2.0143E+00
  4.0615E-01 -5.6591E-01  6.1606E-01  2.0252E+00
  4.0893E-01 -5.6226E-01  6.1955E-01  2.0360E+00
  4.1172E-01 -5.5824E-01  6.2305E-01  2.0468E+00
  4.1454E-01 -5.5383E-01  6.2656E-01  2.0576E+00
  4.1738E-01 -5.4904E-01  6.3008E-01  2.0685E+00
  4.2023E-01 -5.4387E-01  6.3361E-01  2.0793E+00
  4.2311E-01 -5.3832E-01  6.3715E-01  2.0901E+00
  4.2600E-01 -5.3239E-01  6.4070E-01  2.1009E+00
  4.2892E-01 -5.2609E-01  6.4425E-01  2.1116E+00
  4.3185E-01 -5.1941E-01  6.4782E-01  2.1224E+00
  4.3481E-01 -5.1236E-01  6.5139E-01  2.1331E+00
  4.3778E-01 -5.0494E-01  6.5497E-01  2.1438E+00
  4.4077E-01 -4.9716E-01  6.5855E-01  2.1545E+00
  4.4379E-01 -4.8901E-01  6.6215E-01  2.1652E+00
  4.4683E-01 -4.8050E-01  6.6575E-01  2.1758E+00
  4.4988E-01 -4.7163E-01  6.6935E-01  2.1864E+00
  4.5296E-01 -4.6241E-01  6.7297E-01  2.1970E+00
  4.5606E-01 -4.5284E-01  6.7659E-01  2.2075E+00
  4.5918E-01 -4.4292E-01  6.8021E-01  2.2180E+00
  4.6232E-01 -4.3267E-01  6.8384E-01  2.2284E+00
  4.6548E-01 -4.2207E-01  6.8748E-01  2.2388E+00
  4.6867E-01 -4.1114E-01  6.9112E-01  2.2491E+00
  4.7188E-01 -3.9989E-01  6.9476E-01  2.2594E+00
  4.7510E-01 -3.8831E-01  6.9841E-01  2.2696E+00
  4.7835E-01 -3.7642E-01  7.0206E-01  2.2798E+00
  4.8163E-01 -3.6421E-01  7.0571E-01  2.2899E+00
  4.8492E-01 -3.5171E-01  7.0937E-01  2.2999E+00
  4.8824E-01 -3.3890E-01  7.1303E-01  2.3098E+00
  4.9158E-01 -3.2580E-01  7.1669E-01  2.3197E+00
  4.9494E-01 -3.1241E-01  7.2036E-01  2.3295E+00
  4.9833E-01 -2.9874E-01  7.2402E-01  2.3392E+00
  5.0174E-01 -2.8480E-01  7.2769E-01  2.3488E+00
  5.0517E-01 -2.7060E-01  7.3136E-01  2.3584E+00
  5.0862E-01 -2.5613E-01  7.3502E-01  2.3678E+00
  5.1210E-01 -2.4142E-01  7.3869E-01  2.3771E+00
  5.1561E-01 -2.2646E-01  7.4235E-01  2.3863E+00
  5.1914E-01 -2.1126E-01  7.4602E-01  2.3954E+00
  5.2269E-01 -1.9584E-01  7.4968E-01  2.4044E+00
  5.2626E-01 -1.8019E-01  7.5334E-01  2.4133E+00
  5.2986E-01 -1.6433E-01  7.5700E-01  2.4220E+00
  5.3349E-01 -1.4827E-01  7.6065E-01  2.4307E+00
  5.3714E-01 -1.3201E-01  7.6430E-01  2.4391E+00
  5.4081E-01 -1.1556E-01  7.6795E-01  2.4475E+00
  5.4451E-01 -9.8934E-02  7.7159E-01  2.4557E+00
  5.4824E-01 -8.2137E-02  7.7522E-01  2.4637E+00
  5.5199E-01 -6.5177E-02  7.7885E-01  2.4716E+00
  5.5576E-01 -4.8064E-02  7.8247E-01  2.4793E+00
  5.5957E-01 -3.0807E-02  7.8609E-01  2.4868E+00
  5.6339E-01 -1.3414E-02  7.8970E-01  2.4942E+00
  5.6725E-01  4.1052E-03  7.9329E-01  2.5014E+00
  5.7113E-01  2.1742E-02  7.9688E-01  2.5084E+00
  5.7503E-01  3.9487E-02  8.0046E-01  2.5152E+00
  5.7897E-01  5.7331E-02  8.0403E-01  2.5218E+00
  5.8293E-01  7.5264E-02  8.0759E-01  2.5281E+00
  5.8692E-01  9.3278E-02  8.1114E-01  2.5343E+00
  5.9093E-01  1.1136E-01  8.1467E-01  2.5403E+00
  5.9497E-01  1.2951E-01  8.1819E-01  2.5460E+00
  5.9905E-01  1.4771E-01  8.2170E-01  2.5515E+00
  6.0314E-01  1.6595E-01  8.2520E-01  2.5567E+00
  6.0727E-01  1.8423E-01  8.2867E-01  2.5617E+00
  6.1142E-01  2.0253E-01  8.3213E-01  2.5665E+00
  6.1561E-01  2.2085E-01  8.3558E-01  2.5709E+00
  6.1982E-01  2.3917E-01  8.3901E-01  2.5751E+00
  6.2406E-01  2.5749E-01  8.4242E-01  2.5790E+00
  6.2833E-01  2.7580E-01  8.4581E-01  2.5827E+00
  6.3262E-01  2.9408E-01  8.4917E-01  2.5860E+00
  6.3695E-01  3.1233E-01  8.5252E-01  2.5890E+00
  6.4131E-01  3.3055E-01  8.5585E-01  2.5917E+00
  6.4570E-01  3.4871E-01  8.5915E-01  2.5941E+00
  6.5011E-01  3.6682E-01  8.6244E-01  2.5962E+00
  6.5456E-01  3.8485E-01  8.6569E-01  2.5979E+00
  6.5904E-01  4.0282E-01  8.6892E-01  2.5993E+00
  6.6355E-01  4.2069E-01  8.7213E-01  2.6003E+00
  6.6809E-01  4.3848E-01  8.7531E-01  2.6010E+00
  6.7266E-01  4.5616E-01  8.7846E-01  2.6013E+00
  6.7726E-01  4.7373E-01  8.8158E-01  2.6012E+00
  6.8189E-01  4.9118E-01  8.8467E-01  2.6007E+00
  6.8656E-01  5.0850E-01  8.8773E-01  2.5998E+00
  6.9125E-01  5.2569E-01  8.9075E-01  2.5985E+00
  6.9598E-01  5.4273E-01  8.9375E-01  2.5968E+00
  7.0074E-01  5.5962E-01  8.9671E-01  2.5947E+00
  7.0554E-01  5.7635E-01  8.9963E-01  2.5921E+00
  7.1036E-01  5.9292E-01  9.0252E-01  2.5891E+00
  7.1522E-01  6.0931E-01  9.0537E-01  2.5856E+00
  7.2011E-01  6.2551E-01  9.0819E-01  2.5817E+00
  7.2504E-01  6.4153E-01  9.1096E-01  2.5773E+00
  7.3000E-01  6.5735E-01  9.1369E-01  2.5724E+00
  7.3499E-01  6.7297E-01  9.1638E-01  2.5671E+00
  7.4002E-01  6.8837E-01  9.1903E-01  2.5612E+00
  7.4508E-01  7.0356E-01  9.2164E-01  2.5548E+00
  7.5018E-01  7.1853E-01  9.2419E-01  2.5479E+00
  7.5531E-01  7.3326E-01  9.2671E-01  2.5405E+00
  7.6048E-01  7.4776E-01  9.2917E-01  2.5325E+00
  7.6568E-01  7.6201E-01  9.3159E-01  2.5240E+00
  7.7092E-01  7.7602E-01  9.3395E-01  2.5150E+00
  7.7619E-01  7.8977E-01  9.3626E-01  2.5054E+00
  7.8150E-01  8.0327E-01  9.3852E-01  2.4952E+00
  7.8685E-01  8.1650E-01  9.4073E-01  2.4844E+00
  7.9223E-01  8.2946E-01  9.4288E-01  2.4731E+00
  7.9765E-01  8.4214E-01  9.4498E-01  2.4612E+00
  8.0311E-01  8.5455E-01  9.4701E-01  2.4486E+00
  8.0860E-01  8.6667E-01  9.4899E-01  2.4355E+00
  8.1413E-01  8.7851E-01  9.5091E-01  2.4217E+00
  8.1970E-01  8.9005E-01  9.5276E-01  2.4073E+00
  8.2531E-01  9.0129E-01  9.5455E-01  2.3923E+00
  8.3096E-01  9.1224E-01  9.5628E-01  2.3767E+00
  8.3664E-01  9.2288E-01  9.5794E-01  2.3604E+00
  8.4236E-01  9.3322E-01  9.5953E-01  2.3435E+00
  8.4813E-01  9.4324E-01  9.6106E-01  2.3259E+00
  8.5393E-01  9.5296E-01  9.6251E-01  2.3077E+00
  8.5977E-01  9.6235E-01  9.6389E-01  2.2887E+00
  8.6565E-01  9.7143E-01  9.6520E-01  2.2692E+00
  8.7157E-01  9.8019E-01  9.6644E-01  2.2489E+00
  8.7753E-01  9.8863E-01  9.6760E-01  2.2280E+00
  8.8354E-01  9.9674E-01  9.6868E-01  2.2065E+00
  8.8958E-01  1.0045E+00  9.6968E-01  2.1842E+00
  8.9567E-01  1.0120E+00  9.7060E-01  2.1613E+00
  9.0179E-01  1.0191E+00  9.7144E-01  2.1376E+00
  9.0796E-01  1.0259E+00  9.7220E-01  2.1133E+00
  9.1417E-01  1.0324E+00  9.7287E-01  2.0884E+00
  9.2043E-01  1.0385E+00  9.7345E-01  2.0627E+00
  9.2672E-01  1.0443E+00  9.7395E-01  2.0364E+00
  9.3306E-01  1.0498E+00  9.7436E-01  2.0093E+00
  9.3944E-01  1.0549E+00  9.7468E-01  1.9817E+00
  9.4587E-01  1.0597E+00  9.7490E-01  1.9533E+00
  9.5234E-01  1.0642E+00  9.7503E-01  1.9243E+00
  9.5885E-01  1.0683E+00  9.7507E-01  1.8946E+00
  9.6541E-01  1.0721E+00  9.7501E-01  1.8643E+00
  9.7202E-01  1.0756E+00  9.7486E-01  1.8333E+00
  9.7867E-01  1.0787E+00  9.7460E-01  1.8017E+00
  9.8536E-01  1.0816E+00  9.7424E-01  1.7694E+00
  9.9210E-01  1.0840E+00  9.7378E-01  1.7365E+00
  9.9889E-01  1.0862E+00  9.7322E-01  1.7031E+00
  1.0057E+00  1.0880E+00  9.7255E-01  1.6690E+00
  1.0126E+00  1.0896E+00  9.7178E-01  1.6343E+00
  1.0195E+00  1.0907E+00  9.7089E-01  1.5991E+00
  1.0265E+00  1.0916E+00  9.6990E-01  1.5633E+00
  1.0335E+00  1.0922E+00  9.6880E-01  1.5269E+00
  1.0406E+00  1.0924E+00  9.6759E-01  1.4901E+00
  1.0477E+00  1.0923E+00  9.6626E-01  1.4527E+00
  1.0549E+00  1.0920E+00  9.6482E-01  1.4148E+00
  1.0621E+00  1.0913E+00  9.6326E-01  1.3765E+00
  1.0694E+00  1.0903E+00  9.6159E-01  1.3377E+00
  1.0767E+00  1.0890E+00  9.5980E-01  1.2985E+00
  1.0840E+00  1.0874E+00  9.5789E-01  1.2589E+00
  1.0915E+00  1.0856E+00  9.5585E-01  1.2190E+00
  1.0989E+00  1.0834E+00  9.5370E-01  1.1786E+00
  1.1064E+00  1.0810E+00  9.5143E-01  1.1380E+00
  1.1140E+00  1.0782E+00  9.4903E-01  1.0970E+00
  1.1216E+00  1.0752E+00  9.4651E-01  1.0558E+00
  1.1293E+00  1.0719E+00  9.4386E-01  1.0144E+00
  1.1370E+00  1.0684E+00  9.4108E-01  9.7274E-01
  1.1448E+00  1.0646E+00  9.3818E-01  9.3091E-01
  1.1526E+00  1.0605E+00  9.3515E-01  8.8896E-01
  1.1605E+00  1.0562E+00  9.3199E-01  8.4689E-01
  1.1685E+00  1.0516E+00  9.2870E-01  8.0477E-01
  1.1764E+00  1.0468E+00  9.2529E-01  7.6261E-01
  1.1845E+00  1.0417E+00  9.2174E-01  7.2046E-01
  1.1926E+00  1.0364E+00  9.1806E-01  6.7836E-01
  1.2008E+00  1.0309E+00  9.1424E-01  6.3635E-01
  1.2090E+00  1.0252E+00  9.1030E-01  5.9447E-01
  1.2172E+00  1.0192E+00  9.0622E-01  5.5275E-01
  1.2256E+00  1.0130E+00  9.0201E-01  5.1125E-01
  1.2339E+00  1.0066E+00  8.9767E-01  4.7001E-01
  1.2424E+00  1.0000E+00  8.9320E-01  4.2906E-01
  1.2509E+00  9.9320E-01  8.8859E-01  3.8846E-01
  1.2594E+00  9.8620E-01  8.8384E-01  3.4825E-01
  1.2681E+00  9.7902E-01  8.7897E-01  3.0848E-01
  1.2767E+00  9.7165E-01  8.7396E-01  2.6918E-01
  1.2855E+00  9.6411E-01  8.6882E-01  2.3041E-01
  1.2943E+00  9.5639E-01  8.6355E-01  1.9221E-01
  1.3031E+00  9.4851E-01  8.5814E-01  1.5464E-01
  1.3120E+00  9.4047E-01  8.5260E-01  1.1772E-01
  1.3210E+00  9.3228E-01  8.4694E-01  8.1522E-02
  1.3300E+00  9.2394E-01  8.4114E-01  4.6079E-02
  1.3391E+00  9.1545E-01  8.3521E-01  1.1440E-02
  1.3483E+00  9.0683E-01  8.2916E-01 -2.2351E-02
  1.3575E+00  8.9807E-01  8.2298E-01 -5.5249E-02
  1.3668E+00  8.8919E-01  8.1667E-01 -8.7209E-02
  1.3762E+00  8.8019E-01  8.1024E-01 -1.1819E-01
  1.3856E+00  8.7108E-01  8.0368E-01 -1.4815E-01
  1.3950E+00  8.6185E-01  7.9700E-01 -1.7704E-01
  1.4046E+00  8.5253E-01  7.9020E-01 -2.0483E-01
  1.4142E+00  8.4311E-01  7.8329E-01 -2.3148E-01
  1.4239E+00  8.3359E-01  7.7625E-01 -2.5696E-01
  1.4336E+00  8.2399E-01  7.6910E-01 -2.8121E-01
  1.4434E+00  8.1431E-01  7.6184E-01 -3.0423E-01
  1.4533E+00  8.0456E-01  7.5447E-01 -3.2596E-01
  1.4632E+00  7.9473E-01  7.4699E-01 -3.4639E-01
  1.4732E+00  7.8485E-01  7.3940E-01 -3.6549E-01
  1.4833E+00  7.7490E-01  7.3171E-01 -3.8323E-01
  1.4935E+00  7.6490E-01  7.2392E-01 -3.9959E-01
  1.5037E+00  7.5486E-01  7.1604E-01 -4.1456E-01
  1.5140E+00  7.4477E-01  7.0805E-01 -4.2811E-01
  1.5243E+00  7.3464E-01  6.9998E-01 -4.4024E-01
  1.5347E+00  7.2449E-01  6.9181E-01 -4.5093E-01
  1.5452E+00  7.1430E-01  6.8357E-01 -4.6018E-01
  1.5558E+00  7.0410E-01  6.7524E-01 -4.6800E-01
  1.5665E+00  6.9388E-01  6.6683E-01 -4.7436E-01
  1.5772E+00  6.8364E-01  6.5835E-01 -4.7930E-01
  1.5880E+00  6.7340E-01  6.4979E-01 -4.8280E-01
  1.5988E+00  6.6316E-01  6.4117E-01 -4.8489E-01
  1.6098E+00  6.5292E-01  6.3249E-01 -4.8559E-01
  1.6208E+00  6.4269E-01  6.2375E-01 -4.8490E-01
  1.6319E+00  6.3247E-01  6.1495E-01 -4.8287E-01
  1.6430E+00  6.2226E-01  6.0610E-01 -4.7951E-01
  1.6543E+00  6.1208E-01  5.9721E-01 -4.7487E-01
  1.6656E+00  6.0192E-01  5.8828E-01 -4.6898E-01
  1.6770E+00  5.9178E-01  5.7931E-01 -4.6188E-01
  1.6884E+00  5.8168E-01  5.7031E-01 -4.5362E-01
  1.7000E+00  5.7162E-01  5.6128E-01 -4.4425E-01
  1.7116E+00  5.6160E-01  5.5224E-01 -4.3384E-01
  1.7233E+00  5.5163E-01  5.4317E-01 -4.2243E-01
  1.7351E+00  5.4170E-01  5.3409E-01 -4.1008E-01
  1.7470E+00  5.3182E-01  5.2501E-01 -3.9688E-01
  1.7589E+00  5.2200E-01  5.1592E-01 -3.8289E-01
  1.7710E+00  5.1224E-01  5.0684E-01 -3.6818E-01
  1.7831E+00  5.0254E-01  4.9776E-01 -3.5284E-01
  1.7953E+00  4.9290E-01  4.8870E-01 -3.3694E-01
  1.8075E+00  4.8334E-01  4.7966E-01 -3.2057E-01
  1.8199E+00  4.7384E-01  4.7064E-01 -3.0382E-01
  1.8324E+00  4.6442E-01  4.6166E-01 -2.8677E-01
  1.8449E+00  4.5508E-01  4.5270E-01 -2.6951E-01
  1.8575E+00  4.4582E-01  4.4379E-01 -2.5214E-01
  1.8702E+00  4.3663E-01  4.3492E-01 -2.3475E-01
  1.8830E+00  4.2754E-01  4.2609E-01 -2.1744E-01
  1.8959E+00  4.1853E-01  4.1733E-01 -2.0028E-01
  1.9089E+00  4.0961E-01  4.0862E-01 -1.8339E-01
  1.9219E+00  4.0078E-01  3.9997E-01 -1.6684E-01
  1.9351E+00  3.9205E-01  3.9140E-01 -1.5073E-01
  1.9483E+00  3.8341E-01  3.8289E-01 -1.3514E-01
  1.9616E+00  3.7487E-01  3.7446E-01 -1.2016E-01
  1.9750E+00  3.6643E-01  3.6612E-01 -1.0586E-01
  1.9886E+00  3.5809E-01  3.5785E-01 -9.2305E-02
  2.0022E+00  3.4986E-01  3.4968E-01 -7.9574E-02
  2.0158E+00  3.4172E-01  3.4159E-01 -6.7722E-02
  2.0296E+00  3.3370E-01  3.3360E-01 -5.6798E-02
  2.0435E+00  3.2578E-01  3.2571E-01 -4.6845E-02
  2.0575E+00  3.1796E-01  3.1792E-01 -3.7893E-02
  2.0716E+00  3.1026E-01  3.1024E-01 -2.9961E-02
  2.0857E+00  3.0267E-01  3.0265E-01 -2.3057E-02
  2.1000E+00  2.9519E-01  2.9518E-01 -1.7172E-02
  2.1144E+00  2.8782E-01  2.8781E-01 -1.2284E-02
  2.1288E+00  2.8056E-01  2.8056E-01 -8.3538E-03
  2.1434E+00  2.7341E-01  2.7341E-01 -5.3224E-03
  2.1581E+00  2.6638E-01  2.6638E-01 -3.1125E-03
  2.1728E+00  2.5947E-01  2.5947E-01 -1.6250E-03
  2.1877E+00  2.5266E-01  2.5266E-01 -7.3783E-04
  2.2026E+00  2.4598E-01  2.4598E-01 -3.0405E-04
  2.2177E+00  2.3940E-01  2.3940E-01 -1.5069E-04
  2.2329E+00  2.3295E-01  2.3295E-01 -5.7393E-05
  2.2482E+00  2.2660E-01  2.2660E-01 -2.0791E-05
  2.2635E+00  2.2038E-01  2.2038E-01  0.0000E+00
  2.2790E+00  2.1426E-01  2.1426E-01  0.0000E+00
  2.2946E+00  2.0826E-01  2.0826E-01  0.0000E+00
  2.3103E+00  2.0238E-01  2.0238E-01  0.0000E+00
  2.3261E+00  1.9661E-01  1.9661E-01  0.0000E+00
  2.3420E+00  1.9095E-01  1.9095E-01  0.0000E+00
  2.3580E+00  1.8541E-01  1.8541E-01  0.0000E+00
  2.3742E+00  1.7998E-01  1.7998E-01  0.0000E+00
  2.3904E+00  1.7466E-01  1.7466E-01  0.0000E+00
  2.4068E+00  1.6946E-01  1.6946E-01  0.0000E+00
  2.4232E+00  1.6436E-01  1.6436E-01  0.0000E+00
  2.4398E+00  1.5937E-01  1.5937E-01  0.0000E+00
  2.4565E+00  1.5450E-01  1.5450E-01  0.0000E+00
  2.4733E+00  1.4973E-01  1.4973E-01  0.0000E+00
  2.4902E+00  1.4507E-01  1.4507E-01  0.0000E+00
  2.5072E+00  1.4051E-01  1.4051E-01  0.0000E+00
  2.5244E+00  1.3606E-01  1.3606E-01  0.0000E+00
  2.5417E+00  1.3172E-01  1.3172E-01  0.0000E+00
  2.5590E+00  1.2747E-01  1.2747E-01  0.0000E+00
  2.5765E+00  1.2333E-01  1.2333E-01  0.0000E+00
  2.5942E+00  1.1929E-01  1.1929E-01  0.0000E+00
  2.6119E+00  1.1535E-01  1.1535E-01  0.0000E+00
  2.6298E+00  1.1151E-01  1.1151E-01  0.0000E+00
  2.6478E+00  1.0777E-01  1.0777E-01  0.0000E+00
  2.6659E+00  1.0412E-01  1.0412E-01  0.0000E+00
  2.6841E+00  1.0056E-01  1.0056E-01  0.0000E+00
  2.7025E+00  9.7104E-02  9.7104E-02  0.0000E+00
  2.7210E+00  9.3735E-02  9.3735E-02  0.0000E+00
  2.7396E+00  9.0456E-02  9.0456E-02  0.0000E+00
  2.7583E+00  8.7267E-02  8.7267E-02  0.0000E+00
  2.7772E+00  8.4165E-02  8.4165E-02  0.0000E+00
  2.7962E+00  8.1149E-02  8.1149E-02  0.0000E+00
  2.8153E+00  7.8217E-02  7.8217E-02  0.0000E+00
  2.8345E+00  7.5369E-02  7.5369E-02  0.0000E+00
  2.8539E+00  7.2603E-02  7.2603E-02  0.0000E+00
  2.8735E+00  6.9917E-02  6.9917E-02  0.0000E+00
  2.8931E+00  6.7310E-02  6.7310E-02  0.0000E+00
  2.9129E+00  6.4780E-02  6.4780E-02  0.0000E+00
  2.9328E+00  6.2326E-02  6.2326E-02  0.0000E+00
  2.9529E+00  5.9946E-02  5.9946E-02  0.0000E+00
  2.9731E+00  5.7639E-02  5.7639E-02  0.0000E+00
  2.9934E+00  5.5403E-02  5.5403E-02  0.0000E+00
  3.0139E+00  5.3238E-02  5.3238E-02  0.0000E+00
  3.0345E+00  5.1140E-02  5.1140E-02  0.0000E+00
  3.0553E+00  4.9110E-02  4.9110E-02  0.0000E+00
  3.0762E+00  4.7145E-02  4.7145E-02  0.0000E+00
  3.0972E+00  4.5244E-02  4.5244E-02  0.0000E+00
  3.1184E+00  4.3405E-02  4.3405E-02  0.0000E+00
  3.1397E+00  4.1628E-02  4.1628E-02  0.0000E+00
  3.1612E+00  3.9910E-02  3.9910E-02  0.0000E+00
  3.1828E+00  3.8250E-02  3.8250E-02  0.0000E+00
