 # l=           1 basis function with energy    -2.3283721439612139     
  0.0000E+00  0.0000E+00  0.0000E+00  0.0000E+00
  6.5668E-07 -7.2206E-09  5.3318E-13  1.7997E-12
  1.3178E-06 -2.2833E-08  2.1473E-12  7.2483E-12
  1.9835E-06 -4.4881E-08  4.8647E-12  1.6421E-11
  2.6538E-06 -7.2615E-08  8.7077E-12  2.9392E-11
  3.3286E-06 -1.0561E-07  1.3699E-11  4.6242E-11
  4.0081E-06 -1.4356E-07  1.9863E-11  6.7046E-11
  4.6922E-06 -1.8628E-07  2.7222E-11  9.1886E-11
  5.3809E-06 -2.3361E-07  3.5800E-11  1.2084E-10
  6.0744E-06 -2.8544E-07  4.5622E-11  1.5400E-10
  6.7726E-06 -3.4169E-07  5.6713E-11  1.9143E-10
  7.4756E-06 -4.0228E-07  6.9098E-11  2.3324E-10
  8.1834E-06 -4.6717E-07  8.2802E-11  2.7950E-10
  8.8961E-06 -5.3632E-07  9.7852E-11  3.3030E-10
  9.6136E-06 -6.0970E-07  1.1427E-10  3.8573E-10
  1.0336E-05 -6.8729E-07  1.3209E-10  4.4588E-10
  1.1063E-05 -7.6907E-07  1.5134E-10  5.1084E-10
  1.1796E-05 -8.5504E-07  1.7204E-10  5.8071E-10
  1.2533E-05 -9.4520E-07  1.9422E-10  6.5558E-10
  1.3276E-05 -1.0396E-06  2.1791E-10  7.3555E-10
  1.4023E-05 -1.1381E-06  2.4314E-10  8.2071E-10
  1.4776E-05 -1.2408E-06  2.6994E-10  9.1116E-10
  1.5533E-05 -1.3478E-06  2.9833E-10  1.0070E-09
  1.6296E-05 -1.4590E-06  3.2836E-10  1.1084E-09
  1.7064E-05 -1.5745E-06  3.6004E-10  1.2153E-09
  1.7838E-05 -1.6942E-06  3.9342E-10  1.3280E-09
  1.8617E-05 -1.8182E-06  4.2852E-10  1.4464E-09
  1.9401E-05 -1.9466E-06  4.6537E-10  1.5708E-09
  2.0190E-05 -2.0793E-06  5.0401E-10  1.7013E-09
  2.0985E-05 -2.2164E-06  5.4447E-10  1.8378E-09
  2.1785E-05 -2.3579E-06  5.8679E-10  1.9807E-09
  2.2591E-05 -2.5039E-06  6.3099E-10  2.1299E-09
  2.3402E-05 -2.6543E-06  6.7712E-10  2.2856E-09
  2.4218E-05 -2.8093E-06  7.2521E-10  2.4479E-09
  2.5041E-05 -2.9688E-06  7.7530E-10  2.6170E-09
  2.5869E-05 -3.1329E-06  8.2741E-10  2.7929E-09
  2.6702E-05 -3.3016E-06  8.8160E-10  2.9758E-09
  2.7542E-05 -3.4750E-06  9.3789E-10  3.1658E-09
  2.8387E-05 -3.6531E-06  9.9633E-10  3.3631E-09
  2.9238E-05 -3.8360E-06  1.0569E-09  3.5677E-09
  3.0094E-05 -4.0237E-06  1.1198E-09  3.7798E-09
  3.0957E-05 -4.2162E-06  1.1849E-09  3.9996E-09
  3.1825E-05 -4.4137E-06  1.2523E-09  4.2271E-09
  3.2700E-05 -4.6161E-06  1.3221E-09  4.4626E-09
  3.3580E-05 -4.8234E-06  1.3942E-09  4.7061E-09
  3.4466E-05 -5.0359E-06  1.4688E-09  4.9578E-09
  3.5359E-05 -5.2534E-06  1.5458E-09  5.2179E-09
  3.6257E-05 -5.4761E-06  1.6254E-09  5.4865E-09
  3.7162E-05 -5.7040E-06  1.7075E-09  5.7637E-09
  3.8073E-05 -5.9372E-06  1.7923E-09  6.0497E-09
  3.8990E-05 -6.1756E-06  1.8796E-09  6.3446E-09
  3.9913E-05 -6.4195E-06  1.9697E-09  6.6487E-09
  4.0843E-05 -6.6688E-06  2.0625E-09  6.9621E-09
  4.1779E-05 -6.9236E-06  2.1582E-09  7.2848E-09
  4.2721E-05 -7.1839E-06  2.2566E-09  7.6172E-09
  4.3670E-05 -7.4498E-06  2.3580E-09  7.9593E-09
  4.4626E-05 -7.7215E-06  2.4623E-09  8.3114E-09
  4.5588E-05 -7.9988E-06  2.5696E-09  8.6735E-09
  4.6556E-05 -8.2820E-06  2.6799E-09  9.0460E-09
  4.7531E-05 -8.5710E-06  2.7934E-09  9.4289E-09
  4.8513E-05 -8.8660E-06  2.9099E-09  9.8224E-09
  4.9501E-05 -9.1670E-06  3.0297E-09  1.0227E-08
  5.0497E-05 -9.4740E-06  3.1528E-09  1.0642E-08
  5.1499E-05 -9.7872E-06  3.2792E-09  1.1069E-08
  5.2508E-05 -1.0107E-05  3.4089E-09  1.1507E-08
  5.3523E-05 -1.0432E-05  3.5421E-09  1.1956E-08
  5.4546E-05 -1.0764E-05  3.6787E-09  1.2418E-08
  5.5576E-05 -1.1103E-05  3.8190E-09  1.2891E-08
  5.6613E-05 -1.1448E-05  3.9628E-09  1.3376E-08
  5.7657E-05 -1.1799E-05  4.1103E-09  1.3874E-08
  5.8708E-05 -1.2157E-05  4.2615E-09  1.4385E-08
  5.9766E-05 -1.2522E-05  4.4165E-09  1.4908E-08
  6.0831E-05 -1.2894E-05  4.5754E-09  1.5444E-08
  6.1904E-05 -1.3273E-05  4.7382E-09  1.5994E-08
  6.2984E-05 -1.3658E-05  4.9050E-09  1.6557E-08
  6.4072E-05 -1.4051E-05  5.0758E-09  1.7133E-08
  6.5167E-05 -1.4451E-05  5.2508E-09  1.7724E-08
  6.6269E-05 -1.4858E-05  5.4299E-09  1.8329E-08
  6.7379E-05 -1.5272E-05  5.6133E-09  1.8948E-08
  6.8497E-05 -1.5694E-05  5.8011E-09  1.9581E-08
  6.9622E-05 -1.6123E-05  5.9932E-09  2.0230E-08
  7.0755E-05 -1.6560E-05  6.1899E-09  2.0894E-08
  7.1895E-05 -1.7004E-05  6.3910E-09  2.1573E-08
  7.3044E-05 -1.7456E-05  6.5968E-09  2.2267E-08
  7.4200E-05 -1.7916E-05  6.8074E-09  2.2978E-08
  7.5364E-05 -1.8384E-05  7.0226E-09  2.3705E-08
  7.6536E-05 -1.8860E-05  7.2428E-09  2.4448E-08
  7.7717E-05 -1.9344E-05  7.4679E-09  2.5208E-08
  7.8905E-05 -1.9836E-05  7.6980E-09  2.5984E-08
  8.0101E-05 -2.0337E-05  7.9332E-09  2.6778E-08
  8.1306E-05 -2.0846E-05  8.1736E-09  2.7590E-08
  8.2519E-05 -2.1364E-05  8.4192E-09  2.8419E-08
  8.3740E-05 -2.1890E-05  8.6703E-09  2.9266E-08
  8.4969E-05 -2.2425E-05  8.9267E-09  3.0132E-08
  8.6207E-05 -2.2969E-05  9.1887E-09  3.1016E-08
  8.7453E-05 -2.3521E-05  9.4563E-09  3.1920E-08
  8.8708E-05 -2.4083E-05  9.7296E-09  3.2842E-08
  8.9971E-05 -2.4654E-05  1.0009E-08  3.3784E-08
  9.1244E-05 -2.5234E-05  1.0294E-08  3.4746E-08
  9.2524E-05 -2.5824E-05  1.0585E-08  3.5729E-08
  9.3814E-05 -2.6423E-05  1.0882E-08  3.6732E-08
  9.5112E-05 -2.7032E-05  1.1185E-08  3.7755E-08
  9.6419E-05 -2.7650E-05  1.1495E-08  3.8800E-08
  9.7736E-05 -2.8278E-05  1.1811E-08  3.9867E-08
  9.9061E-05 -2.8916E-05  1.2133E-08  4.0955E-08
  1.0040E-04 -2.9565E-05  1.2462E-08  4.2066E-08
  1.0174E-04 -3.0223E-05  1.2798E-08  4.3199E-08
  1.0309E-04 -3.0892E-05  1.3140E-08  4.4355E-08
  1.0445E-04 -3.1571E-05  1.3490E-08  4.5535E-08
  1.0582E-04 -3.2261E-05  1.3846E-08  4.6738E-08
  1.0720E-04 -3.2962E-05  1.4210E-08  4.7966E-08
  1.0859E-04 -3.3673E-05  1.4581E-08  4.9217E-08
  1.0999E-04 -3.4395E-05  1.4959E-08  5.0494E-08
  1.1140E-04 -3.5129E-05  1.5345E-08  5.1796E-08
  1.1282E-04 -3.5873E-05  1.5738E-08  5.3124E-08
  1.1425E-04 -3.6629E-05  1.6139E-08  5.4477E-08
  1.1569E-04 -3.7397E-05  1.6548E-08  5.5857E-08
  1.1714E-04 -3.8176E-05  1.6965E-08  5.7264E-08
  1.1859E-04 -3.8967E-05  1.7390E-08  5.8699E-08
  1.2006E-04 -3.9770E-05  1.7823E-08  6.0161E-08
  1.2154E-04 -4.0585E-05  1.8264E-08  6.1651E-08
  1.2303E-04 -4.1412E-05  1.8714E-08  6.3170E-08
  1.2453E-04 -4.2252E-05  1.9173E-08  6.4718E-08
  1.2603E-04 -4.3104E-05  1.9640E-08  6.6295E-08
  1.2755E-04 -4.3969E-05  2.0116E-08  6.7902E-08
  1.2908E-04 -4.4846E-05  2.0602E-08  6.9540E-08
  1.3062E-04 -4.5737E-05  2.1096E-08  7.1209E-08
  1.3217E-04 -4.6640E-05  2.1600E-08  7.2909E-08
  1.3373E-04 -4.7557E-05  2.2113E-08  7.4641E-08
  1.3530E-04 -4.8488E-05  2.2635E-08  7.6405E-08
  1.3689E-04 -4.9432E-05  2.3168E-08  7.8203E-08
  1.3848E-04 -5.0390E-05  2.3710E-08  8.0033E-08
  1.4008E-04 -5.1361E-05  2.4263E-08  8.1898E-08
  1.4170E-04 -5.2347E-05  2.4825E-08  8.3797E-08
  1.4332E-04 -5.3347E-05  2.5398E-08  8.5731E-08
  1.4496E-04 -5.4362E-05  2.5982E-08  8.7701E-08
  1.4661E-04 -5.5391E-05  2.6576E-08  8.9706E-08
  1.4827E-04 -5.6435E-05  2.7181E-08  9.1749E-08
  1.4994E-04 -5.7494E-05  2.7797E-08  9.3828E-08
  1.5162E-04 -5.8569E-05  2.8424E-08  9.5945E-08
  1.5331E-04 -5.9658E-05  2.9063E-08  9.8101E-08
  1.5502E-04 -6.0763E-05  2.9713E-08  1.0030E-07
  1.5674E-04 -6.1884E-05  3.0375E-08  1.0253E-07
  1.5847E-04 -6.3021E-05  3.1049E-08  1.0480E-07
  1.6021E-04 -6.4174E-05  3.1734E-08  1.0712E-07
  1.6196E-04 -6.5343E-05  3.2432E-08  1.0947E-07
  1.6372E-04 -6.6529E-05  3.3143E-08  1.1187E-07
  1.6550E-04 -6.7731E-05  3.3866E-08  1.1431E-07
  1.6729E-04 -6.8951E-05  3.4602E-08  1.1680E-07
  1.6909E-04 -7.0187E-05  3.5351E-08  1.1933E-07
  1.7090E-04 -7.1441E-05  3.6113E-08  1.2190E-07
  1.7273E-04 -7.2712E-05  3.6889E-08  1.2452E-07
  1.7457E-04 -7.4001E-05  3.7678E-08  1.2718E-07
  1.7642E-04 -7.5308E-05  3.8481E-08  1.2989E-07
  1.7828E-04 -7.6633E-05  3.9299E-08  1.3265E-07
  1.8016E-04 -7.7977E-05  4.0130E-08  1.3546E-07
  1.8205E-04 -7.9339E-05  4.0976E-08  1.3831E-07
  1.8395E-04 -8.0720E-05  4.1837E-08  1.4122E-07
  1.8586E-04 -8.2120E-05  4.2712E-08  1.4417E-07
  1.8779E-04 -8.3539E-05  4.3603E-08  1.4718E-07
  1.8973E-04 -8.4978E-05  4.4509E-08  1.5024E-07
  1.9169E-04 -8.6437E-05  4.5431E-08  1.5335E-07
  1.9365E-04 -8.7915E-05  4.6368E-08  1.5651E-07
  1.9563E-04 -8.9414E-05  4.7322E-08  1.5973E-07
  1.9763E-04 -9.0934E-05  4.8292E-08  1.6301E-07
  1.9964E-04 -9.2474E-05  4.9278E-08  1.6634E-07
  2.0166E-04 -9.4035E-05  5.0282E-08  1.6972E-07
  2.0370E-04 -9.5617E-05  5.1302E-08  1.7317E-07
  2.0575E-04 -9.7221E-05  5.2340E-08  1.7667E-07
  2.0781E-04 -9.8846E-05  5.3395E-08  1.8023E-07
  2.0989E-04 -1.0049E-04  5.4468E-08  1.8386E-07
  2.1198E-04 -1.0216E-04  5.5560E-08  1.8754E-07
  2.1409E-04 -1.0386E-04  5.6670E-08  1.9129E-07
  2.1621E-04 -1.0557E-04  5.7798E-08  1.9510E-07
  2.1834E-04 -1.0731E-04  5.8945E-08  1.9897E-07
  2.2049E-04 -1.0907E-04  6.0112E-08  2.0291E-07
  2.2266E-04 -1.1086E-04  6.1298E-08  2.0691E-07
  2.2484E-04 -1.1267E-04  6.2504E-08  2.1098E-07
  2.2703E-04 -1.1450E-04  6.3730E-08  2.1512E-07
  2.2924E-04 -1.1636E-04  6.4977E-08  2.1933E-07
  2.3147E-04 -1.1824E-04  6.6244E-08  2.2360E-07
  2.3371E-04 -1.2015E-04  6.7532E-08  2.2795E-07
  2.3596E-04 -1.2208E-04  6.8842E-08  2.3237E-07
  2.3823E-04 -1.2404E-04  7.0173E-08  2.3687E-07
  2.4052E-04 -1.2603E-04  7.1526E-08  2.4144E-07
  2.4282E-04 -1.2804E-04  7.2902E-08  2.4608E-07
  2.4514E-04 -1.3007E-04  7.4300E-08  2.5080E-07
  2.4747E-04 -1.3214E-04  7.5721E-08  2.5560E-07
  2.4982E-04 -1.3423E-04  7.7166E-08  2.6047E-07
  2.5219E-04 -1.3635E-04  7.8634E-08  2.6543E-07
  2.5457E-04 -1.3850E-04  8.0126E-08  2.7046E-07
  2.5697E-04 -1.4068E-04  8.1643E-08  2.7558E-07
  2.5938E-04 -1.4288E-04  8.3184E-08  2.8079E-07
  2.6181E-04 -1.4511E-04  8.4751E-08  2.8607E-07
  2.6426E-04 -1.4738E-04  8.6343E-08  2.9145E-07
  2.6672E-04 -1.4967E-04  8.7960E-08  2.9691E-07
  2.6920E-04 -1.5199E-04  8.9604E-08  3.0246E-07
  2.7170E-04 -1.5435E-04  9.1275E-08  3.0810E-07
  2.7422E-04 -1.5673E-04  9.2973E-08  3.1383E-07
  2.7675E-04 -1.5915E-04  9.4698E-08  3.1965E-07
  2.7930E-04 -1.6159E-04  9.6451E-08  3.2557E-07
  2.8186E-04 -1.6407E-04  9.8232E-08  3.3158E-07
  2.8445E-04 -1.6658E-04  1.0004E-07  3.3769E-07
  2.8705E-04 -1.6913E-04  1.0188E-07  3.4389E-07
  2.8967E-04 -1.7170E-04  1.0375E-07  3.5020E-07
  2.9231E-04 -1.7431E-04  1.0565E-07  3.5661E-07
  2.9497E-04 -1.7696E-04  1.0758E-07  3.6312E-07
  2.9764E-04 -1.7963E-04  1.0953E-07  3.6973E-07
  3.0033E-04 -1.8235E-04  1.1153E-07  3.7645E-07
  3.0304E-04 -1.8509E-04  1.1355E-07  3.8328E-07
  3.0577E-04 -1.8788E-04  1.1560E-07  3.9021E-07
  3.0852E-04 -1.9070E-04  1.1769E-07  3.9726E-07
  3.1129E-04 -1.9355E-04  1.1981E-07  4.0442E-07
  3.1407E-04 -1.9644E-04  1.2196E-07  4.1169E-07
  3.1688E-04 -1.9937E-04  1.2415E-07  4.1907E-07
  3.1970E-04 -2.0234E-04  1.2638E-07  4.2658E-07
  3.2255E-04 -2.0535E-04  1.2863E-07  4.3420E-07
  3.2541E-04 -2.0839E-04  1.3093E-07  4.4194E-07
  3.2829E-04 -2.1147E-04  1.3326E-07  4.4980E-07
  3.3119E-04 -2.1459E-04  1.3562E-07  4.5779E-07
  3.3412E-04 -2.1776E-04  1.3803E-07  4.6591E-07
  3.3706E-04 -2.2096E-04  1.4047E-07  4.7415E-07
  3.4002E-04 -2.2420E-04  1.4295E-07  4.8252E-07
  3.4300E-04 -2.2749E-04  1.4547E-07  4.9102E-07
  3.4600E-04 -2.3081E-04  1.4802E-07  4.9965E-07
  3.4903E-04 -2.3418E-04  1.5062E-07  5.0842E-07
  3.5207E-04 -2.3760E-04  1.5326E-07  5.1733E-07
  3.5514E-04 -2.4105E-04  1.5594E-07  5.2638E-07
  3.5822E-04 -2.4455E-04  1.5866E-07  5.3556E-07
  3.6133E-04 -2.4810E-04  1.6143E-07  5.4489E-07
  3.6446E-04 -2.5168E-04  1.6423E-07  5.5437E-07
  3.6761E-04 -2.5532E-04  1.6709E-07  5.6399E-07
  3.7078E-04 -2.5900E-04  1.6998E-07  5.7376E-07
  3.7397E-04 -2.6273E-04  1.7292E-07  5.8369E-07
  3.7719E-04 -2.6650E-04  1.7591E-07  5.9376E-07
  3.8042E-04 -2.7032E-04  1.7894E-07  6.0400E-07
  3.8368E-04 -2.7420E-04  1.8202E-07  6.1439E-07
  3.8696E-04 -2.7811E-04  1.8514E-07  6.2494E-07
  3.9026E-04 -2.8208E-04  1.8832E-07  6.3566E-07
  3.9359E-04 -2.8610E-04  1.9154E-07  6.4654E-07
  3.9694E-04 -2.9017E-04  1.9481E-07  6.5759E-07
  4.0031E-04 -2.9429E-04  1.9814E-07  6.6881E-07
  4.0371E-04 -2.9847E-04  2.0151E-07  6.8020E-07
  4.0712E-04 -3.0269E-04  2.0494E-07  6.9176E-07
  4.1057E-04 -3.0697E-04  2.0842E-07  7.0351E-07
  4.1403E-04 -3.1130E-04  2.1195E-07  7.1543E-07
  4.1752E-04 -3.1569E-04  2.1554E-07  7.2754E-07
  4.2103E-04 -3.2013E-04  2.1918E-07  7.3983E-07
  4.2457E-04 -3.2463E-04  2.2288E-07  7.5231E-07
  4.2813E-04 -3.2918E-04  2.2663E-07  7.6499E-07
  4.3171E-04 -3.3379E-04  2.3044E-07  7.7785E-07
  4.3532E-04 -3.3846E-04  2.3431E-07  7.9091E-07
  4.3896E-04 -3.4319E-04  2.3824E-07  8.0417E-07
  4.4262E-04 -3.4798E-04  2.4223E-07  8.1764E-07
  4.4630E-04 -3.5282E-04  2.4628E-07  8.3130E-07
  4.5001E-04 -3.5773E-04  2.5039E-07  8.4518E-07
  4.5374E-04 -3.6270E-04  2.5456E-07  8.5927E-07
  4.5750E-04 -3.6773E-04  2.5880E-07  8.7357E-07
  4.6129E-04 -3.7282E-04  2.6310E-07  8.8808E-07
  4.6510E-04 -3.7797E-04  2.6747E-07  9.0282E-07
  4.6894E-04 -3.8319E-04  2.7190E-07  9.1778E-07
  4.7280E-04 -3.8848E-04  2.7640E-07  9.3297E-07
  4.7669E-04 -3.9383E-04  2.8096E-07  9.4839E-07
  4.8061E-04 -3.9925E-04  2.8560E-07  9.6404E-07
  4.8456E-04 -4.0473E-04  2.9031E-07  9.7993E-07
  4.8853E-04 -4.1029E-04  2.9509E-07  9.9605E-07
  4.9253E-04 -4.1591E-04  2.9994E-07  1.0124E-06
  4.9655E-04 -4.2160E-04  3.0486E-07  1.0290E-06
  5.0060E-04 -4.2736E-04  3.0985E-07  1.0459E-06
  5.0468E-04 -4.3319E-04  3.1493E-07  1.0630E-06
  5.0879E-04 -4.3910E-04  3.2008E-07  1.0804E-06
  5.1293E-04 -4.4508E-04  3.2530E-07  1.0980E-06
  5.1709E-04 -4.5113E-04  3.3061E-07  1.1160E-06
  5.2129E-04 -4.5726E-04  3.3599E-07  1.1341E-06
  5.2551E-04 -4.6346E-04  3.4145E-07  1.1526E-06
  5.2976E-04 -4.6974E-04  3.4700E-07  1.1713E-06
  5.3404E-04 -4.7610E-04  3.5263E-07  1.1903E-06
  5.3835E-04 -4.8254E-04  3.5835E-07  1.2096E-06
  5.4269E-04 -4.8905E-04  3.6414E-07  1.2292E-06
  5.4706E-04 -4.9565E-04  3.7003E-07  1.2490E-06
  5.5146E-04 -5.0233E-04  3.7601E-07  1.2692E-06
  5.5589E-04 -5.0909E-04  3.8207E-07  1.2897E-06
  5.6034E-04 -5.1593E-04  3.8822E-07  1.3104E-06
  5.6483E-04 -5.2286E-04  3.9447E-07  1.3315E-06
  5.6935E-04 -5.2987E-04  4.0081E-07  1.3529E-06
  5.7390E-04 -5.3697E-04  4.0724E-07  1.3746E-06
  5.7849E-04 -5.4415E-04  4.1377E-07  1.3967E-06
  5.8310E-04 -5.5143E-04  4.2039E-07  1.4190E-06
  5.8775E-04 -5.5879E-04  4.2712E-07  1.4417E-06
  5.9242E-04 -5.6624E-04  4.3394E-07  1.4648E-06
  5.9713E-04 -5.7379E-04  4.4087E-07  1.4881E-06
  6.0187E-04 -5.8143E-04  4.4790E-07  1.5119E-06
  6.0665E-04 -5.8916E-04  4.5503E-07  1.5359E-06
  6.1145E-04 -5.9698E-04  4.6227E-07  1.5604E-06
  6.1629E-04 -6.0491E-04  4.6961E-07  1.5852E-06
  6.2116E-04 -6.1293E-04  4.7707E-07  1.6103E-06
  6.2607E-04 -6.2104E-04  4.8463E-07  1.6359E-06
  6.3101E-04 -6.2926E-04  4.9231E-07  1.6618E-06
  6.3598E-04 -6.3758E-04  5.0010E-07  1.6881E-06
  6.4099E-04 -6.4600E-04  5.0800E-07  1.7148E-06
  6.4603E-04 -6.5452E-04  5.1603E-07  1.7418E-06
  6.5110E-04 -6.6314E-04  5.2417E-07  1.7693E-06
  6.5621E-04 -6.7188E-04  5.3243E-07  1.7972E-06
  6.6136E-04 -6.8071E-04  5.4081E-07  1.8255E-06
  6.6654E-04 -6.8966E-04  5.4931E-07  1.8542E-06
  6.7175E-04 -6.9871E-04  5.5794E-07  1.8833E-06
  6.7700E-04 -7.0788E-04  5.6670E-07  1.9129E-06
  6.8229E-04 -7.1716E-04  5.7559E-07  1.9429E-06
  6.8762E-04 -7.2655E-04  5.8460E-07  1.9733E-06
  6.9298E-04 -7.3605E-04  5.9375E-07  2.0042E-06
  6.9837E-04 -7.4567E-04  6.0304E-07  2.0355E-06
  7.0381E-04 -7.5541E-04  6.1246E-07  2.0673E-06
  7.0928E-04 -7.6527E-04  6.2201E-07  2.0996E-06
  7.1478E-04 -7.7524E-04  6.3171E-07  2.1323E-06
  7.2033E-04 -7.8534E-04  6.4155E-07  2.1655E-06
  7.2591E-04 -7.9556E-04  6.5154E-07  2.1992E-06
  7.3153E-04 -8.0590E-04  6.6167E-07  2.2334E-06
  7.3720E-04 -8.1637E-04  6.7195E-07  2.2681E-06
  7.4289E-04 -8.2697E-04  6.8238E-07  2.3033E-06
  7.4863E-04 -8.3770E-04  6.9296E-07  2.3391E-06
  7.5441E-04 -8.4855E-04  7.0369E-07  2.3753E-06
  7.6023E-04 -8.5954E-04  7.1459E-07  2.4121E-06
  7.6608E-04 -8.7066E-04  7.2564E-07  2.4494E-06
  7.7198E-04 -8.8192E-04  7.3685E-07  2.4872E-06
  7.7792E-04 -8.9331E-04  7.4823E-07  2.5256E-06
  7.8389E-04 -9.0484E-04  7.5977E-07  2.5646E-06
  7.8991E-04 -9.1651E-04  7.7149E-07  2.6041E-06
  7.9597E-04 -9.2832E-04  7.8337E-07  2.6442E-06
  8.0207E-04 -9.4027E-04  7.9542E-07  2.6849E-06
  8.0822E-04 -9.5237E-04  8.0765E-07  2.7262E-06
  8.1440E-04 -9.6462E-04  8.2006E-07  2.7681E-06
  8.2063E-04 -9.7701E-04  8.3265E-07  2.8106E-06
  8.2690E-04 -9.8955E-04  8.4542E-07  2.8537E-06
  8.3321E-04 -1.0022E-03  8.5838E-07  2.8974E-06
  8.3956E-04 -1.0151E-03  8.7152E-07  2.9418E-06
  8.4596E-04 -1.0281E-03  8.8486E-07  2.9868E-06
  8.5241E-04 -1.0413E-03  8.9839E-07  3.0325E-06
  8.5889E-04 -1.0546E-03  9.1211E-07  3.0788E-06
  8.6543E-04 -1.0681E-03  9.2604E-07  3.1258E-06
  8.7200E-04 -1.0817E-03  9.4017E-07  3.1735E-06
  8.7862E-04 -1.0955E-03  9.5450E-07  3.2219E-06
  8.8529E-04 -1.1095E-03  9.6904E-07  3.2710E-06
  8.9200E-04 -1.1236E-03  9.8379E-07  3.3207E-06
  8.9876E-04 -1.1379E-03  9.9875E-07  3.3712E-06
  9.0556E-04 -1.1524E-03  1.0139E-06  3.4225E-06
  9.1241E-04 -1.1671E-03  1.0293E-06  3.4745E-06
  9.1931E-04 -1.1819E-03  1.0449E-06  3.5272E-06
  9.2626E-04 -1.1969E-03  1.0608E-06  3.5807E-06
  9.3325E-04 -1.2121E-03  1.0769E-06  3.6349E-06
  9.4029E-04 -1.2275E-03  1.0932E-06  3.6900E-06
  9.4738E-04 -1.2431E-03  1.1097E-06  3.7458E-06
  9.5451E-04 -1.2588E-03  1.1265E-06  3.8025E-06
  9.6170E-04 -1.2747E-03  1.1435E-06  3.8599E-06
  9.6893E-04 -1.2909E-03  1.1608E-06  3.9182E-06
  9.7622E-04 -1.3072E-03  1.1783E-06  3.9774E-06
  9.8355E-04 -1.3237E-03  1.1961E-06  4.0374E-06
  9.9093E-04 -1.3404E-03  1.2141E-06  4.0982E-06
  9.9837E-04 -1.3574E-03  1.2324E-06  4.1599E-06
  1.0059E-03 -1.3745E-03  1.2509E-06  4.2225E-06
  1.0134E-03 -1.3918E-03  1.2698E-06  4.2861E-06
  1.0210E-03 -1.4093E-03  1.2889E-06  4.3505E-06
  1.0286E-03 -1.4271E-03  1.3082E-06  4.4158E-06
  1.0363E-03 -1.4450E-03  1.3279E-06  4.4821E-06
  1.0441E-03 -1.4632E-03  1.3478E-06  4.5494E-06
  1.0519E-03 -1.4816E-03  1.3680E-06  4.6176E-06
  1.0597E-03 -1.5002E-03  1.3885E-06  4.6868E-06
  1.0676E-03 -1.5191E-03  1.4093E-06  4.7570E-06
  1.0756E-03 -1.5381E-03  1.4304E-06  4.8281E-06
  1.0836E-03 -1.5574E-03  1.4518E-06  4.9004E-06
  1.0916E-03 -1.5769E-03  1.4735E-06  4.9736E-06
  1.0998E-03 -1.5967E-03  1.4955E-06  5.0479E-06
  1.1080E-03 -1.6167E-03  1.5178E-06  5.1233E-06
  1.1162E-03 -1.6369E-03  1.5404E-06  5.1997E-06
  1.1245E-03 -1.6574E-03  1.5634E-06  5.2772E-06
  1.1328E-03 -1.6781E-03  1.5867E-06  5.3559E-06
  1.1412E-03 -1.6990E-03  1.6103E-06  5.4357E-06
  1.1497E-03 -1.7202E-03  1.6343E-06  5.5166E-06
  1.1582E-03 -1.7417E-03  1.6586E-06  5.5986E-06
  1.1668E-03 -1.7634E-03  1.6833E-06  5.6819E-06
  1.1754E-03 -1.7854E-03  1.7083E-06  5.7663E-06
  1.1841E-03 -1.8077E-03  1.7337E-06  5.8520E-06
  1.1929E-03 -1.8302E-03  1.7594E-06  5.9388E-06
  1.2017E-03 -1.8529E-03  1.7855E-06  6.0269E-06
  1.2106E-03 -1.8760E-03  1.8120E-06  6.1163E-06
  1.2195E-03 -1.8993E-03  1.8388E-06  6.2069E-06
  1.2285E-03 -1.9229E-03  1.8661E-06  6.2989E-06
  1.2376E-03 -1.9468E-03  1.8937E-06  6.3921E-06
  1.2467E-03 -1.9709E-03  1.9217E-06  6.4867E-06
  1.2559E-03 -1.9954E-03  1.9501E-06  6.5826E-06
  1.2651E-03 -2.0201E-03  1.9789E-06  6.6799E-06
  1.2744E-03 -2.0452E-03  2.0082E-06  6.7786E-06
  1.2838E-03 -2.0705E-03  2.0378E-06  6.8786E-06
  1.2932E-03 -2.0961E-03  2.0679E-06  6.9801E-06
  1.3027E-03 -2.1221E-03  2.0984E-06  7.0831E-06
  1.3123E-03 -2.1483E-03  2.1293E-06  7.1875E-06
  1.3219E-03 -2.1749E-03  2.1607E-06  7.2934E-06
  1.3316E-03 -2.2018E-03  2.1925E-06  7.4008E-06
  1.3414E-03 -2.2290E-03  2.2248E-06  7.5098E-06
  1.3512E-03 -2.2565E-03  2.2575E-06  7.6202E-06
  1.3611E-03 -2.2843E-03  2.2907E-06  7.7323E-06
  1.3711E-03 -2.3125E-03  2.3244E-06  7.8460E-06
  1.3811E-03 -2.3410E-03  2.3585E-06  7.9612E-06
  1.3912E-03 -2.3699E-03  2.3932E-06  8.0781E-06
  1.4014E-03 -2.3991E-03  2.4283E-06  8.1967E-06
  1.4117E-03 -2.4286E-03  2.4639E-06  8.3169E-06
  1.4220E-03 -2.4585E-03  2.5001E-06  8.4389E-06
  1.4324E-03 -2.4887E-03  2.5367E-06  8.5626E-06
  1.4428E-03 -2.5193E-03  2.5739E-06  8.6880E-06
  1.4533E-03 -2.5503E-03  2.6116E-06  8.8152E-06
  1.4639E-03 -2.5816E-03  2.6498E-06  8.9443E-06
  1.4746E-03 -2.6133E-03  2.6885E-06  9.0751E-06
  1.4853E-03 -2.6454E-03  2.7279E-06  9.2078E-06
  1.4962E-03 -2.6778E-03  2.7677E-06  9.3424E-06
  1.5070E-03 -2.7107E-03  2.8082E-06  9.4789E-06
  1.5180E-03 -2.7439E-03  2.8492E-06  9.6173E-06
  1.5291E-03 -2.7775E-03  2.8908E-06  9.7577E-06
  1.5402E-03 -2.8115E-03  2.9330E-06  9.9001E-06
  1.5514E-03 -2.8459E-03  2.9757E-06  1.0045E-05
  1.5626E-03 -2.8808E-03  3.0191E-06  1.0191E-05
  1.5740E-03 -2.9160E-03  3.0631E-06  1.0339E-05
  1.5854E-03 -2.9516E-03  3.1077E-06  1.0490E-05
  1.5969E-03 -2.9877E-03  3.1530E-06  1.0643E-05
  1.6085E-03 -3.0242E-03  3.1989E-06  1.0798E-05
  1.6201E-03 -3.0611E-03  3.2454E-06  1.0955E-05
  1.6319E-03 -3.0985E-03  3.2926E-06  1.1114E-05
  1.6437E-03 -3.1363E-03  3.3405E-06  1.1276E-05
  1.6556E-03 -3.1745E-03  3.3890E-06  1.1440E-05
  1.6676E-03 -3.2132E-03  3.4382E-06  1.1606E-05
  1.6796E-03 -3.2524E-03  3.4882E-06  1.1774E-05
  1.6918E-03 -3.2920E-03  3.5388E-06  1.1945E-05
  1.7040E-03 -3.3321E-03  3.5901E-06  1.2118E-05
  1.7163E-03 -3.3726E-03  3.6422E-06  1.2294E-05
  1.7287E-03 -3.4136E-03  3.6950E-06  1.2472E-05
  1.7412E-03 -3.4551E-03  3.7485E-06  1.2653E-05
  1.7538E-03 -3.4971E-03  3.8028E-06  1.2836E-05
  1.7664E-03 -3.5396E-03  3.8579E-06  1.3022E-05
  1.7791E-03 -3.5826E-03  3.9138E-06  1.3211E-05
  1.7920E-03 -3.6261E-03  3.9704E-06  1.3402E-05
  1.8049E-03 -3.6701E-03  4.0278E-06  1.3596E-05
  1.8179E-03 -3.7146E-03  4.0861E-06  1.3792E-05
  1.8310E-03 -3.7597E-03  4.1451E-06  1.3992E-05
  1.8442E-03 -3.8052E-03  4.2050E-06  1.4194E-05
  1.8574E-03 -3.8513E-03  4.2657E-06  1.4399E-05
  1.8708E-03 -3.8980E-03  4.3273E-06  1.4607E-05
  1.8842E-03 -3.9452E-03  4.3898E-06  1.4818E-05
  1.8978E-03 -3.9929E-03  4.4531E-06  1.5031E-05
  1.9114E-03 -4.0412E-03  4.5174E-06  1.5248E-05
  1.9252E-03 -4.0901E-03  4.5825E-06  1.5468E-05
  1.9390E-03 -4.1395E-03  4.6485E-06  1.5691E-05
  1.9529E-03 -4.1895E-03  4.7155E-06  1.5917E-05
  1.9669E-03 -4.2401E-03  4.7834E-06  1.6146E-05
  1.9810E-03 -4.2913E-03  4.8523E-06  1.6379E-05
  1.9952E-03 -4.3431E-03  4.9222E-06  1.6615E-05
  2.0095E-03 -4.3955E-03  4.9930E-06  1.6854E-05
  2.0239E-03 -4.4485E-03  5.0648E-06  1.7096E-05
  2.0384E-03 -4.5021E-03  5.1376E-06  1.7342E-05
  2.0530E-03 -4.5564E-03  5.2115E-06  1.7591E-05
  2.0677E-03 -4.6112E-03  5.2864E-06  1.7844E-05
  2.0825E-03 -4.6668E-03  5.3623E-06  1.8100E-05
  2.0974E-03 -4.7229E-03  5.4393E-06  1.8360E-05
  2.1124E-03 -4.7797E-03  5.5174E-06  1.8624E-05
  2.1275E-03 -4.8372E-03  5.5966E-06  1.8891E-05
  2.1428E-03 -4.8954E-03  5.6769E-06  1.9162E-05
  2.1581E-03 -4.9542E-03  5.7584E-06  1.9437E-05
  2.1735E-03 -5.0137E-03  5.8409E-06  1.9716E-05
  2.1890E-03 -5.0739E-03  5.9247E-06  1.9999E-05
  2.2046E-03 -5.1348E-03  6.0096E-06  2.0285E-05
  2.2204E-03 -5.1964E-03  6.0957E-06  2.0576E-05
  2.2362E-03 -5.2588E-03  6.1830E-06  2.0870E-05
  2.2522E-03 -5.3218E-03  6.2715E-06  2.1169E-05
  2.2682E-03 -5.3856E-03  6.3613E-06  2.1472E-05
  2.2844E-03 -5.4501E-03  6.4523E-06  2.1780E-05
  2.3007E-03 -5.5154E-03  6.5446E-06  2.2091E-05
  2.3171E-03 -5.5814E-03  6.6382E-06  2.2407E-05
  2.3336E-03 -5.6482E-03  6.7331E-06  2.2727E-05
  2.3502E-03 -5.7157E-03  6.8293E-06  2.3052E-05
  2.3669E-03 -5.7841E-03  6.9269E-06  2.3382E-05
  2.3838E-03 -5.8532E-03  7.0259E-06  2.3716E-05
  2.4007E-03 -5.9231E-03  7.1262E-06  2.4054E-05
  2.4178E-03 -5.9939E-03  7.2279E-06  2.4398E-05
  2.4350E-03 -6.0654E-03  7.3311E-06  2.4746E-05
  2.4523E-03 -6.1378E-03  7.4357E-06  2.5099E-05
  2.4697E-03 -6.2110E-03  7.5418E-06  2.5457E-05
  2.4873E-03 -6.2851E-03  7.6494E-06  2.5820E-05
  2.5050E-03 -6.3600E-03  7.7584E-06  2.6188E-05
  2.5228E-03 -6.4358E-03  7.8690E-06  2.6562E-05
  2.5407E-03 -6.5124E-03  7.9812E-06  2.6940E-05
  2.5587E-03 -6.5900E-03  8.0949E-06  2.7324E-05
  2.5769E-03 -6.6684E-03  8.2102E-06  2.7713E-05
  2.5951E-03 -6.7477E-03  8.3271E-06  2.8108E-05
  2.6136E-03 -6.8280E-03  8.4456E-06  2.8508E-05
  2.6321E-03 -6.9091E-03  8.5658E-06  2.8914E-05
  2.6507E-03 -6.9912E-03  8.6877E-06  2.9325E-05
  2.6695E-03 -7.0742E-03  8.8113E-06  2.9742E-05
  2.6884E-03 -7.1582E-03  8.9366E-06  3.0165E-05
  2.7075E-03 -7.2432E-03  9.0637E-06  3.0594E-05
  2.7267E-03 -7.3291E-03  9.1925E-06  3.1029E-05
  2.7460E-03 -7.4160E-03  9.3231E-06  3.1470E-05
  2.7654E-03 -7.5039E-03  9.4556E-06  3.1917E-05
  2.7850E-03 -7.5928E-03  9.5899E-06  3.2371E-05
  2.8047E-03 -7.6828E-03  9.7261E-06  3.2830E-05
  2.8245E-03 -7.7737E-03  9.8642E-06  3.3296E-05
  2.8445E-03 -7.8657E-03  1.0004E-05  3.3769E-05
  2.8646E-03 -7.9587E-03  1.0146E-05  3.4248E-05
  2.8849E-03 -8.0528E-03  1.0290E-05  3.4734E-05
  2.9053E-03 -8.1480E-03  1.0436E-05  3.5227E-05
  2.9258E-03 -8.2443E-03  1.0584E-05  3.5726E-05
  2.9465E-03 -8.3416E-03  1.0734E-05  3.6233E-05
  2.9673E-03 -8.4401E-03  1.0886E-05  3.6747E-05
  2.9882E-03 -8.5397E-03  1.1041E-05  3.7267E-05
  3.0093E-03 -8.6404E-03  1.1197E-05  3.7795E-05
  3.0306E-03 -8.7423E-03  1.1356E-05  3.8331E-05
  3.0519E-03 -8.8453E-03  1.1516E-05  3.8874E-05
  3.0735E-03 -8.9495E-03  1.1680E-05  3.9424E-05
  3.0951E-03 -9.0549E-03  1.1845E-05  3.9982E-05
  3.1170E-03 -9.1615E-03  1.2013E-05  4.0548E-05
  3.1390E-03 -9.2692E-03  1.2183E-05  4.1122E-05
  3.1611E-03 -9.3782E-03  1.2355E-05  4.1704E-05
  3.1834E-03 -9.4885E-03  1.2530E-05  4.2294E-05
  3.2058E-03 -9.5999E-03  1.2707E-05  4.2892E-05
  3.2284E-03 -9.7127E-03  1.2886E-05  4.3498E-05
  3.2511E-03 -9.8267E-03  1.3069E-05  4.4113E-05
  3.2740E-03 -9.9420E-03  1.3253E-05  4.4736E-05
  3.2971E-03 -1.0059E-02  1.3441E-05  4.5369E-05
  3.3203E-03 -1.0176E-02  1.3631E-05  4.6010E-05
  3.3436E-03 -1.0296E-02  1.3823E-05  4.6659E-05
  3.3672E-03 -1.0416E-02  1.4018E-05  4.7318E-05
  3.3908E-03 -1.0538E-02  1.4216E-05  4.7986E-05
  3.4147E-03 -1.0662E-02  1.4417E-05  4.8664E-05
  3.4387E-03 -1.0786E-02  1.4620E-05  4.9351E-05
  3.4629E-03 -1.0912E-02  1.4827E-05  5.0047E-05
  3.4872E-03 -1.1040E-02  1.5036E-05  5.0753E-05
  3.5117E-03 -1.1169E-02  1.5248E-05  5.1469E-05
  3.5364E-03 -1.1299E-02  1.5463E-05  5.2195E-05
  3.5613E-03 -1.1431E-02  1.5681E-05  5.2931E-05
  3.5863E-03 -1.1564E-02  1.5902E-05  5.3677E-05
  3.6115E-03 -1.1699E-02  1.6126E-05  5.4434E-05
  3.6368E-03 -1.1835E-02  1.6353E-05  5.5201E-05
  3.6623E-03 -1.1973E-02  1.6584E-05  5.5978E-05
  3.6881E-03 -1.2113E-02  1.6817E-05  5.6767E-05
  3.7139E-03 -1.2254E-02  1.7054E-05  5.7567E-05
  3.7400E-03 -1.2396E-02  1.7295E-05  5.8377E-05
  3.7662E-03 -1.2540E-02  1.7538E-05  5.9199E-05
  3.7926E-03 -1.2686E-02  1.7785E-05  6.0033E-05
  3.8192E-03 -1.2833E-02  1.8035E-05  6.0878E-05
  3.8460E-03 -1.2982E-02  1.8289E-05  6.1734E-05
  3.8730E-03 -1.3133E-02  1.8546E-05  6.2603E-05
  3.9001E-03 -1.3285E-02  1.8807E-05  6.3484E-05
  3.9275E-03 -1.3439E-02  1.9072E-05  6.4377E-05
  3.9550E-03 -1.3594E-02  1.9340E-05  6.5282E-05
  3.9827E-03 -1.3752E-02  1.9612E-05  6.6200E-05
  4.0106E-03 -1.3911E-02  1.9888E-05  6.7130E-05
  4.0387E-03 -1.4072E-02  2.0167E-05  6.8074E-05
  4.0670E-03 -1.4234E-02  2.0451E-05  6.9031E-05
  4.0954E-03 -1.4399E-02  2.0738E-05  7.0001E-05
  4.1241E-03 -1.4565E-02  2.1029E-05  7.0984E-05
  4.1530E-03 -1.4733E-02  2.1325E-05  7.1981E-05
  4.1820E-03 -1.4903E-02  2.1624E-05  7.2992E-05
  4.2113E-03 -1.5074E-02  2.1928E-05  7.4017E-05
  4.2408E-03 -1.5248E-02  2.2236E-05  7.5057E-05
  4.2704E-03 -1.5424E-02  2.2548E-05  7.6110E-05
  4.3003E-03 -1.5601E-02  2.2864E-05  7.7178E-05
  4.3304E-03 -1.5780E-02  2.3185E-05  7.8262E-05
  4.3606E-03 -1.5962E-02  2.3511E-05  7.9360E-05
  4.3911E-03 -1.6145E-02  2.3840E-05  8.0473E-05
  4.4218E-03 -1.6330E-02  2.4175E-05  8.1602E-05
  4.4527E-03 -1.6518E-02  2.4514E-05  8.2746E-05
  4.4838E-03 -1.6707E-02  2.4858E-05  8.3907E-05
  4.5151E-03 -1.6899E-02  2.5206E-05  8.5083E-05
  4.5467E-03 -1.7092E-02  2.5560E-05  8.6276E-05
  4.5784E-03 -1.7288E-02  2.5918E-05  8.7485E-05
  4.6104E-03 -1.7485E-02  2.6281E-05  8.8712E-05
  4.6426E-03 -1.7685E-02  2.6649E-05  8.9955E-05
  4.6750E-03 -1.7887E-02  2.7023E-05  9.1215E-05
  4.7076E-03 -1.8091E-02  2.7401E-05  9.2493E-05
  4.7405E-03 -1.8298E-02  2.7785E-05  9.3789E-05
  4.7736E-03 -1.8506E-02  2.8174E-05  9.5102E-05
  4.8069E-03 -1.8717E-02  2.8569E-05  9.6434E-05
  4.8404E-03 -1.8930E-02  2.8969E-05  9.7784E-05
  4.8742E-03 -1.9146E-02  2.9374E-05  9.9153E-05
  4.9082E-03 -1.9363E-02  2.9786E-05  1.0054E-04
  4.9424E-03 -1.9583E-02  3.0202E-05  1.0195E-04
  4.9769E-03 -1.9806E-02  3.0625E-05  1.0337E-04
  5.0116E-03 -2.0031E-02  3.1054E-05  1.0482E-04
  5.0465E-03 -2.0258E-02  3.1488E-05  1.0629E-04
  5.0817E-03 -2.0487E-02  3.1929E-05  1.0777E-04
  5.1171E-03 -2.0719E-02  3.2375E-05  1.0928E-04
  5.1528E-03 -2.0954E-02  3.2828E-05  1.1081E-04
  5.1887E-03 -2.1191E-02  3.3287E-05  1.1236E-04
  5.2248E-03 -2.1430E-02  3.3752E-05  1.1393E-04
  5.2612E-03 -2.1672E-02  3.4224E-05  1.1552E-04
  5.2978E-03 -2.1917E-02  3.4703E-05  1.1714E-04
  5.3347E-03 -2.2164E-02  3.5188E-05  1.1877E-04
  5.3719E-03 -2.2414E-02  3.5679E-05  1.2043E-04
  5.4093E-03 -2.2666E-02  3.6178E-05  1.2212E-04
  5.4469E-03 -2.2921E-02  3.6683E-05  1.2382E-04
  5.4848E-03 -2.3179E-02  3.7196E-05  1.2555E-04
  5.5230E-03 -2.3439E-02  3.7715E-05  1.2731E-04
  5.5614E-03 -2.3702E-02  3.8242E-05  1.2908E-04
  5.6001E-03 -2.3968E-02  3.8776E-05  1.3089E-04
  5.6391E-03 -2.4237E-02  3.9317E-05  1.3271E-04
  5.6783E-03 -2.4508E-02  3.9866E-05  1.3457E-04
  5.7178E-03 -2.4783E-02  4.0423E-05  1.3645E-04
  5.7576E-03 -2.5060E-02  4.0987E-05  1.3835E-04
  5.7976E-03 -2.5340E-02  4.1559E-05  1.4028E-04
  5.8379E-03 -2.5623E-02  4.2139E-05  1.4224E-04
  5.8785E-03 -2.5908E-02  4.2727E-05  1.4422E-04
  5.9194E-03 -2.6197E-02  4.3323E-05  1.4624E-04
  5.9605E-03 -2.6489E-02  4.3927E-05  1.4828E-04
  6.0020E-03 -2.6784E-02  4.4540E-05  1.5034E-04
  6.0437E-03 -2.7081E-02  4.5161E-05  1.5244E-04
  6.0857E-03 -2.7382E-02  4.5791E-05  1.5457E-04
  6.1279E-03 -2.7686E-02  4.6429E-05  1.5672E-04
  6.1705E-03 -2.7993E-02  4.7077E-05  1.5891E-04
  6.2134E-03 -2.8303E-02  4.7733E-05  1.6112E-04
  6.2565E-03 -2.8617E-02  4.8398E-05  1.6337E-04
  6.3000E-03 -2.8933E-02  4.9073E-05  1.6564E-04
  6.3437E-03 -2.9253E-02  4.9757E-05  1.6795E-04
  6.3878E-03 -2.9576E-02  5.0450E-05  1.7029E-04
  6.4321E-03 -2.9902E-02  5.1153E-05  1.7267E-04
  6.4768E-03 -3.0232E-02  5.1866E-05  1.7507E-04
  6.5217E-03 -3.0564E-02  5.2588E-05  1.7751E-04
  6.5670E-03 -3.0901E-02  5.3321E-05  1.7998E-04
  6.6126E-03 -3.1240E-02  5.4063E-05  1.8249E-04
  6.6585E-03 -3.1583E-02  5.4816E-05  1.8503E-04
  6.7047E-03 -3.1929E-02  5.5579E-05  1.8761E-04
  6.7512E-03 -3.2279E-02  5.6353E-05  1.9022E-04
  6.7980E-03 -3.2633E-02  5.7138E-05  1.9287E-04
  6.8452E-03 -3.2989E-02  5.7933E-05  1.9555E-04
  6.8926E-03 -3.3350E-02  5.8740E-05  1.9828E-04
  6.9404E-03 -3.3714E-02  5.9557E-05  2.0103E-04
  6.9886E-03 -3.4081E-02  6.0386E-05  2.0383E-04
  7.0370E-03 -3.4453E-02  6.1226E-05  2.0667E-04
  7.0858E-03 -3.4827E-02  6.2078E-05  2.0954E-04
  7.1349E-03 -3.5206E-02  6.2942E-05  2.1246E-04
  7.1844E-03 -3.5588E-02  6.3817E-05  2.1542E-04
  7.2342E-03 -3.5974E-02  6.4705E-05  2.1841E-04
  7.2843E-03 -3.6364E-02  6.5605E-05  2.2145E-04
  7.3348E-03 -3.6757E-02  6.6518E-05  2.2453E-04
  7.3856E-03 -3.7155E-02  6.7443E-05  2.2765E-04
  7.4368E-03 -3.7556E-02  6.8380E-05  2.3082E-04
  7.4883E-03 -3.7961E-02  6.9331E-05  2.3403E-04
  7.5402E-03 -3.8370E-02  7.0295E-05  2.3728E-04
  7.5924E-03 -3.8783E-02  7.1272E-05  2.4058E-04
  7.6450E-03 -3.9200E-02  7.2263E-05  2.4392E-04
  7.6980E-03 -3.9621E-02  7.3267E-05  2.4731E-04
  7.7513E-03 -4.0046E-02  7.4286E-05  2.5075E-04
  7.8050E-03 -4.0475E-02  7.5318E-05  2.5424E-04
  7.8590E-03 -4.0908E-02  7.6364E-05  2.5777E-04
  7.9134E-03 -4.1345E-02  7.7425E-05  2.6135E-04
  7.9682E-03 -4.1786E-02  7.8501E-05  2.6498E-04
  8.0234E-03 -4.2232E-02  7.9592E-05  2.6866E-04
  8.0789E-03 -4.2681E-02  8.0697E-05  2.7239E-04
  8.1348E-03 -4.3135E-02  8.1818E-05  2.7618E-04
  8.1911E-03 -4.3593E-02  8.2954E-05  2.8001E-04
  8.2478E-03 -4.4056E-02  8.4107E-05  2.8390E-04
  8.3049E-03 -4.4522E-02  8.5274E-05  2.8784E-04
  8.3623E-03 -4.4993E-02  8.6458E-05  2.9184E-04
  8.4202E-03 -4.5469E-02  8.7659E-05  2.9589E-04
  8.4784E-03 -4.5949E-02  8.8876E-05  3.0000E-04
  8.5371E-03 -4.6433E-02  9.0110E-05  3.0417E-04
  8.5961E-03 -4.6921E-02  9.1360E-05  3.0839E-04
  8.6556E-03 -4.7415E-02  9.2628E-05  3.1267E-04
  8.7154E-03 -4.7912E-02  9.3914E-05  3.1701E-04
  8.7757E-03 -4.8414E-02  9.5217E-05  3.2141E-04
  8.8364E-03 -4.8921E-02  9.6539E-05  3.2587E-04
  8.8975E-03 -4.9432E-02  9.7878E-05  3.3039E-04
  8.9590E-03 -4.9948E-02  9.9236E-05  3.3497E-04
  9.0209E-03 -5.0469E-02  1.0061E-04  3.3962E-04
  9.0833E-03 -5.0994E-02  1.0201E-04  3.4433E-04
  9.1461E-03 -5.1524E-02  1.0342E-04  3.4911E-04
  9.2093E-03 -5.2059E-02  1.0486E-04  3.5395E-04
  9.2729E-03 -5.2598E-02  1.0631E-04  3.5886E-04
  9.3370E-03 -5.3142E-02  1.0779E-04  3.6384E-04
  9.4015E-03 -5.3691E-02  1.0928E-04  3.6888E-04
  9.4665E-03 -5.4245E-02  1.1080E-04  3.7400E-04
  9.5319E-03 -5.4804E-02  1.1233E-04  3.7918E-04
  9.5977E-03 -5.5367E-02  1.1389E-04  3.8444E-04
  9.6640E-03 -5.5935E-02  1.1547E-04  3.8977E-04
  9.7308E-03 -5.6509E-02  1.1707E-04  3.9517E-04
  9.7980E-03 -5.7087E-02  1.1869E-04  4.0065E-04
  9.8657E-03 -5.7670E-02  1.2034E-04  4.0620E-04
  9.9338E-03 -5.8258E-02  1.2201E-04  4.1183E-04
  1.0002E-02 -5.8852E-02  1.2370E-04  4.1754E-04
  1.0072E-02 -5.9450E-02  1.2541E-04  4.2333E-04
  1.0141E-02 -6.0053E-02  1.2715E-04  4.2919E-04
  1.0211E-02 -6.0661E-02  1.2891E-04  4.3514E-04
  1.0282E-02 -6.1275E-02  1.3070E-04  4.4117E-04
  1.0353E-02 -6.1894E-02  1.3251E-04  4.4728E-04
  1.0424E-02 -6.2517E-02  1.3434E-04  4.5348E-04
  1.0496E-02 -6.3146E-02  1.3620E-04  4.5976E-04
  1.0568E-02 -6.3780E-02  1.3809E-04  4.6613E-04
  1.0641E-02 -6.4420E-02  1.4000E-04  4.7259E-04
  1.0715E-02 -6.5064E-02  1.4194E-04  4.7913E-04
  1.0789E-02 -6.5714E-02  1.4391E-04  4.8577E-04
  1.0863E-02 -6.6369E-02  1.4590E-04  4.9249E-04
  1.0938E-02 -6.7030E-02  1.4792E-04  4.9931E-04
  1.1014E-02 -6.7695E-02  1.4997E-04  5.0623E-04
  1.1090E-02 -6.8366E-02  1.5205E-04  5.1324E-04
  1.1166E-02 -6.9042E-02  1.5415E-04  5.2034E-04
  1.1243E-02 -6.9724E-02  1.5629E-04  5.2755E-04
  1.1321E-02 -7.0411E-02  1.5845E-04  5.3485E-04
  1.1399E-02 -7.1103E-02  1.6064E-04  5.4225E-04
  1.1477E-02 -7.1801E-02  1.6287E-04  5.4976E-04
  1.1557E-02 -7.2504E-02  1.6512E-04  5.5737E-04
  1.1636E-02 -7.3213E-02  1.6741E-04  5.6508E-04
  1.1717E-02 -7.3927E-02  1.6972E-04  5.7290E-04
  1.1797E-02 -7.4647E-02  1.7207E-04  5.8083E-04
  1.1879E-02 -7.5372E-02  1.7445E-04  5.8887E-04
  1.1961E-02 -7.6102E-02  1.7687E-04  5.9702E-04
  1.2043E-02 -7.6838E-02  1.7931E-04  6.0528E-04
  1.2126E-02 -7.7579E-02  1.8179E-04  6.1365E-04
  1.2210E-02 -7.8326E-02  1.8431E-04  6.2214E-04
  1.2294E-02 -7.9078E-02  1.8686E-04  6.3075E-04
  1.2379E-02 -7.9836E-02  1.8944E-04  6.3947E-04
  1.2464E-02 -8.0600E-02  1.9206E-04  6.4832E-04
  1.2550E-02 -8.1368E-02  1.9472E-04  6.5729E-04
  1.2636E-02 -8.2143E-02  1.9741E-04  6.6638E-04
  1.2723E-02 -8.2923E-02  2.0014E-04  6.7559E-04
  1.2811E-02 -8.3708E-02  2.0291E-04  6.8494E-04
  1.2899E-02 -8.4499E-02  2.0572E-04  6.9441E-04
  1.2988E-02 -8.5296E-02  2.0856E-04  7.0401E-04
  1.3078E-02 -8.6098E-02  2.1145E-04  7.1375E-04
  1.3168E-02 -8.6905E-02  2.1437E-04  7.2361E-04
  1.3259E-02 -8.7718E-02  2.1733E-04  7.3362E-04
  1.3350E-02 -8.8537E-02  2.2034E-04  7.4376E-04
  1.3442E-02 -8.9361E-02  2.2338E-04  7.5404E-04
  1.3534E-02 -9.0190E-02  2.2647E-04  7.6447E-04
  1.3628E-02 -9.1025E-02  2.2960E-04  7.7503E-04
  1.3722E-02 -9.1866E-02  2.3278E-04  7.8575E-04
  1.3816E-02 -9.2712E-02  2.3599E-04  7.9661E-04
  1.3911E-02 -9.3563E-02  2.3925E-04  8.0762E-04
  1.4007E-02 -9.4420E-02  2.4256E-04  8.1878E-04
  1.4104E-02 -9.5282E-02  2.4591E-04  8.3010E-04
  1.4201E-02 -9.6150E-02  2.4931E-04  8.4157E-04
  1.4298E-02 -9.7023E-02  2.5276E-04  8.5320E-04
  1.4397E-02 -9.7902E-02  2.5625E-04  8.6499E-04
  1.4496E-02 -9.8786E-02  2.5979E-04  8.7694E-04
  1.4596E-02 -9.9675E-02  2.6338E-04  8.8905E-04
  1.4696E-02 -1.0057E-01  2.6702E-04  9.0134E-04
  1.4797E-02 -1.0147E-01  2.7071E-04  9.1379E-04
  1.4899E-02 -1.0237E-01  2.7445E-04  9.2641E-04
  1.5002E-02 -1.0329E-01  2.7824E-04  9.3921E-04
  1.5105E-02 -1.0420E-01  2.8208E-04  9.5218E-04
  1.5209E-02 -1.0512E-01  2.8598E-04  9.6534E-04
  1.5314E-02 -1.0605E-01  2.8993E-04  9.7867E-04
  1.5419E-02 -1.0698E-01  2.9393E-04  9.9219E-04
  1.5525E-02 -1.0792E-01  2.9799E-04  1.0059E-03
  1.5632E-02 -1.0886E-01  3.0210E-04  1.0198E-03
  1.5740E-02 -1.0980E-01  3.0628E-04  1.0339E-03
  1.5848E-02 -1.1075E-01  3.1051E-04  1.0481E-03
  1.5957E-02 -1.1171E-01  3.1479E-04  1.0626E-03
  1.6067E-02 -1.1267E-01  3.1914E-04  1.0773E-03
  1.6178E-02 -1.1364E-01  3.2355E-04  1.0922E-03
  1.6289E-02 -1.1461E-01  3.2801E-04  1.1072E-03
  1.6401E-02 -1.1558E-01  3.3254E-04  1.1225E-03
  1.6514E-02 -1.1656E-01  3.3713E-04  1.1380E-03
  1.6627E-02 -1.1755E-01  3.4179E-04  1.1537E-03
  1.6742E-02 -1.1854E-01  3.4650E-04  1.1697E-03
  1.6857E-02 -1.1953E-01  3.5129E-04  1.1858E-03
  1.6973E-02 -1.2053E-01  3.5614E-04  1.2022E-03
  1.7090E-02 -1.2154E-01  3.6105E-04  1.2188E-03
  1.7207E-02 -1.2254E-01  3.6603E-04  1.2356E-03
  1.7325E-02 -1.2356E-01  3.7109E-04  1.2526E-03
  1.7445E-02 -1.2457E-01  3.7621E-04  1.2699E-03
  1.7565E-02 -1.2559E-01  3.8140E-04  1.2875E-03
  1.7685E-02 -1.2662E-01  3.8666E-04  1.3052E-03
  1.7807E-02 -1.2764E-01  3.9200E-04  1.3232E-03
  1.7930E-02 -1.2868E-01  3.9741E-04  1.3415E-03
  1.8053E-02 -1.2971E-01  4.0289E-04  1.3600E-03
  1.8177E-02 -1.3075E-01  4.0845E-04  1.3788E-03
  1.8302E-02 -1.3180E-01  4.1408E-04  1.3978E-03
  1.8428E-02 -1.3284E-01  4.1980E-04  1.4171E-03
  1.8554E-02 -1.3390E-01  4.2559E-04  1.4366E-03
  1.8682E-02 -1.3495E-01  4.3146E-04  1.4565E-03
  1.8810E-02 -1.3601E-01  4.3741E-04  1.4765E-03
  1.8940E-02 -1.3707E-01  4.4345E-04  1.4969E-03
  1.9070E-02 -1.3813E-01  4.4956E-04  1.5176E-03
  1.9201E-02 -1.3920E-01  4.5576E-04  1.5385E-03
  1.9333E-02 -1.4027E-01  4.6205E-04  1.5597E-03
  1.9466E-02 -1.4134E-01  4.6842E-04  1.5812E-03
  1.9600E-02 -1.4242E-01  4.7488E-04  1.6030E-03
  1.9734E-02 -1.4350E-01  4.8143E-04  1.6251E-03
  1.9870E-02 -1.4458E-01  4.8807E-04  1.6476E-03
  2.0007E-02 -1.4566E-01  4.9480E-04  1.6703E-03
  2.0144E-02 -1.4675E-01  5.0162E-04  1.6933E-03
  2.0283E-02 -1.4784E-01  5.0854E-04  1.7167E-03
  2.0422E-02 -1.4893E-01  5.1555E-04  1.7403E-03
  2.0562E-02 -1.5002E-01  5.2266E-04  1.7643E-03
  2.0704E-02 -1.5111E-01  5.2987E-04  1.7887E-03
  2.0846E-02 -1.5221E-01  5.3717E-04  1.8133E-03
  2.0989E-02 -1.5330E-01  5.4458E-04  1.8383E-03
  2.1133E-02 -1.5440E-01  5.5209E-04  1.8637E-03
  2.1279E-02 -1.5550E-01  5.5970E-04  1.8894E-03
  2.1425E-02 -1.5660E-01  5.6741E-04  1.9154E-03
  2.1572E-02 -1.5770E-01  5.7524E-04  1.9418E-03
  2.1720E-02 -1.5880E-01  5.8317E-04  1.9686E-03
  2.1869E-02 -1.5991E-01  5.9120E-04  1.9957E-03
  2.2020E-02 -1.6101E-01  5.9935E-04  2.0232E-03
  2.2171E-02 -1.6211E-01  6.0761E-04  2.0511E-03
  2.2323E-02 -1.6322E-01  6.1599E-04  2.0794E-03
  2.2477E-02 -1.6432E-01  6.2448E-04  2.1081E-03
  2.2631E-02 -1.6542E-01  6.3308E-04  2.1371E-03
  2.2786E-02 -1.6653E-01  6.4181E-04  2.1666E-03
  2.2943E-02 -1.6763E-01  6.5065E-04  2.1964E-03
  2.3100E-02 -1.6873E-01  6.5962E-04  2.2267E-03
  2.3259E-02 -1.6983E-01  6.6871E-04  2.2574E-03
  2.3419E-02 -1.7093E-01  6.7792E-04  2.2885E-03
  2.3580E-02 -1.7203E-01  6.8726E-04  2.3200E-03
  2.3742E-02 -1.7312E-01  6.9673E-04  2.3520E-03
  2.3905E-02 -1.7422E-01  7.0633E-04  2.3844E-03
  2.4069E-02 -1.7531E-01  7.1607E-04  2.4173E-03
  2.4234E-02 -1.7640E-01  7.2593E-04  2.4506E-03
  2.4401E-02 -1.7749E-01  7.3593E-04  2.4843E-03
  2.4568E-02 -1.7857E-01  7.4607E-04  2.5186E-03
  2.4737E-02 -1.7966E-01  7.5635E-04  2.5533E-03
  2.4907E-02 -1.8074E-01  7.6677E-04  2.5884E-03
  2.5078E-02 -1.8181E-01  7.7733E-04  2.6241E-03
  2.5250E-02 -1.8288E-01  7.8804E-04  2.6602E-03
  2.5423E-02 -1.8395E-01  7.9889E-04  2.6969E-03
  2.5598E-02 -1.8502E-01  8.0990E-04  2.7340E-03
  2.5774E-02 -1.8608E-01  8.2105E-04  2.7717E-03
  2.5950E-02 -1.8713E-01  8.3236E-04  2.8099E-03
  2.6129E-02 -1.8819E-01  8.4382E-04  2.8486E-03
  2.6308E-02 -1.8923E-01  8.5544E-04  2.8878E-03
  2.6489E-02 -1.9027E-01  8.6723E-04  2.9276E-03
  2.6670E-02 -1.9131E-01  8.7917E-04  2.9679E-03
  2.6853E-02 -1.9234E-01  8.9128E-04  3.0088E-03
  2.7038E-02 -1.9336E-01  9.0355E-04  3.0502E-03
  2.7223E-02 -1.9438E-01  9.1599E-04  3.0922E-03
  2.7410E-02 -1.9539E-01  9.2860E-04  3.1348E-03
  2.7598E-02 -1.9639E-01  9.4139E-04  3.1780E-03
  2.7788E-02 -1.9739E-01  9.5435E-04  3.2217E-03
  2.7979E-02 -1.9838E-01  9.6749E-04  3.2661E-03
  2.8171E-02 -1.9936E-01  9.8081E-04  3.3111E-03
  2.8364E-02 -2.0033E-01  9.9432E-04  3.3567E-03
  2.8559E-02 -2.0129E-01  1.0080E-03  3.4029E-03
  2.8755E-02 -2.0225E-01  1.0219E-03  3.4497E-03
  2.8952E-02 -2.0320E-01  1.0360E-03  3.4972E-03
  2.9151E-02 -2.0413E-01  1.0502E-03  3.5454E-03
  2.9351E-02 -2.0506E-01  1.0647E-03  3.5942E-03
  2.9552E-02 -2.0598E-01  1.0793E-03  3.6437E-03
  2.9755E-02 -2.0688E-01  1.0942E-03  3.6938E-03
  2.9959E-02 -2.0778E-01  1.1092E-03  3.7447E-03
  3.0165E-02 -2.0867E-01  1.1245E-03  3.7962E-03
  3.0372E-02 -2.0954E-01  1.1400E-03  3.8485E-03
  3.0580E-02 -2.1040E-01  1.1557E-03  3.9015E-03
  3.0790E-02 -2.1125E-01  1.1716E-03  3.9552E-03
  3.1001E-02 -2.1209E-01  1.1877E-03  4.0096E-03
  3.1214E-02 -2.1291E-01  1.2041E-03  4.0648E-03
  3.1428E-02 -2.1372E-01  1.2206E-03  4.1207E-03
  3.1643E-02 -2.1452E-01  1.2374E-03  4.1775E-03
  3.1861E-02 -2.1530E-01  1.2544E-03  4.2350E-03
  3.2079E-02 -2.1607E-01  1.2717E-03  4.2932E-03
  3.2299E-02 -2.1683E-01  1.2892E-03  4.3523E-03
  3.2521E-02 -2.1757E-01  1.3069E-03  4.4122E-03
  3.2744E-02 -2.1829E-01  1.3249E-03  4.4729E-03
  3.2969E-02 -2.1900E-01  1.3432E-03  4.5345E-03
  3.3195E-02 -2.1969E-01  1.3616E-03  4.5969E-03
  3.3422E-02 -2.2037E-01  1.3804E-03  4.6601E-03
  3.3652E-02 -2.2103E-01  1.3994E-03  4.7243E-03
  3.3882E-02 -2.2167E-01  1.4186E-03  4.7893E-03
  3.4115E-02 -2.2229E-01  1.4381E-03  4.8552E-03
  3.4349E-02 -2.2289E-01  1.4579E-03  4.9220E-03
  3.4584E-02 -2.2348E-01  1.4780E-03  4.9897E-03
  3.4822E-02 -2.2405E-01  1.4983E-03  5.0583E-03
  3.5061E-02 -2.2460E-01  1.5189E-03  5.1279E-03
  3.5301E-02 -2.2512E-01  1.5398E-03  5.1985E-03
  3.5543E-02 -2.2563E-01  1.5610E-03  5.2700E-03
  3.5787E-02 -2.2612E-01  1.5825E-03  5.3425E-03
  3.6032E-02 -2.2658E-01  1.6042E-03  5.4160E-03
  3.6279E-02 -2.2702E-01  1.6263E-03  5.4905E-03
  3.6528E-02 -2.2745E-01  1.6487E-03  5.5660E-03
  3.6779E-02 -2.2784E-01  1.6713E-03  5.6426E-03
  3.7031E-02 -2.2822E-01  1.6943E-03  5.7202E-03
  3.7285E-02 -2.2857E-01  1.7176E-03  5.7989E-03
  3.7541E-02 -2.2890E-01  1.7412E-03  5.8787E-03
  3.7798E-02 -2.2920E-01  1.7652E-03  5.9595E-03
  3.8057E-02 -2.2948E-01  1.7895E-03  6.0415E-03
  3.8318E-02 -2.2974E-01  1.8141E-03  6.1246E-03
  3.8581E-02 -2.2996E-01  1.8390E-03  6.2088E-03
  3.8845E-02 -2.3017E-01  1.8643E-03  6.2942E-03
  3.9112E-02 -2.3034E-01  1.8899E-03  6.3808E-03
  3.9380E-02 -2.3049E-01  1.9159E-03  6.4685E-03
  3.9650E-02 -2.3061E-01  1.9423E-03  6.5575E-03
  3.9922E-02 -2.3070E-01  1.9690E-03  6.6476E-03
  4.0196E-02 -2.3077E-01  1.9960E-03  6.7390E-03
  4.0471E-02 -2.3080E-01  2.0235E-03  6.8317E-03
  4.0749E-02 -2.3081E-01  2.0513E-03  6.9257E-03
  4.1028E-02 -2.3078E-01  2.0795E-03  7.0209E-03
  4.1309E-02 -2.3073E-01  2.1081E-03  7.1174E-03
  4.1592E-02 -2.3064E-01  2.1371E-03  7.2153E-03
  4.1878E-02 -2.3053E-01  2.1664E-03  7.3145E-03
  4.2165E-02 -2.3038E-01  2.1962E-03  7.4151E-03
  4.2454E-02 -2.3020E-01  2.2264E-03  7.5170E-03
  4.2745E-02 -2.2998E-01  2.2570E-03  7.6203E-03
  4.3038E-02 -2.2974E-01  2.2880E-03  7.7251E-03
  4.3333E-02 -2.2946E-01  2.3195E-03  7.8313E-03
  4.3630E-02 -2.2914E-01  2.3513E-03  7.9390E-03
  4.3929E-02 -2.2879E-01  2.3837E-03  8.0481E-03
  4.4230E-02 -2.2841E-01  2.4164E-03  8.1587E-03
  4.4533E-02 -2.2799E-01  2.4496E-03  8.2709E-03
  4.4839E-02 -2.2753E-01  2.4833E-03  8.3846E-03
  4.5146E-02 -2.2704E-01  2.5174E-03  8.4998E-03
  4.5455E-02 -2.2651E-01  2.5520E-03  8.6167E-03
  4.5767E-02 -2.2595E-01  2.5871E-03  8.7351E-03
  4.6081E-02 -2.2534E-01  2.6226E-03  8.8551E-03
  4.6396E-02 -2.2470E-01  2.6587E-03  8.9769E-03
  4.6714E-02 -2.2402E-01  2.6952E-03  9.1002E-03
  4.7035E-02 -2.2330E-01  2.7322E-03  9.2253E-03
  4.7357E-02 -2.2254E-01  2.7697E-03  9.3521E-03
  4.7682E-02 -2.2174E-01  2.8078E-03  9.4806E-03
  4.8008E-02 -2.2090E-01  2.8464E-03  9.6109E-03
  4.8337E-02 -2.2002E-01  2.8855E-03  9.7430E-03
  4.8669E-02 -2.1910E-01  2.9251E-03  9.8768E-03
  4.9002E-02 -2.1814E-01  2.9653E-03  1.0013E-02
  4.9338E-02 -2.1714E-01  3.0060E-03  1.0150E-02
  4.9676E-02 -2.1609E-01  3.0473E-03  1.0290E-02
  5.0017E-02 -2.1500E-01  3.0892E-03  1.0431E-02
  5.0359E-02 -2.1386E-01  3.1316E-03  1.0574E-02
  5.0704E-02 -2.1269E-01  3.1746E-03  1.0720E-02
  5.1052E-02 -2.1147E-01  3.2182E-03  1.0867E-02
  5.1402E-02 -2.1020E-01  3.2624E-03  1.1016E-02
  5.1754E-02 -2.0889E-01  3.3072E-03  1.1168E-02
  5.2109E-02 -2.0754E-01  3.3526E-03  1.1321E-02
  5.2466E-02 -2.0613E-01  3.3987E-03  1.1476E-02
  5.2825E-02 -2.0469E-01  3.4453E-03  1.1634E-02
  5.3187E-02 -2.0320E-01  3.4927E-03  1.1794E-02
  5.3552E-02 -2.0166E-01  3.5406E-03  1.1956E-02
  5.3919E-02 -2.0007E-01  3.5892E-03  1.2120E-02
  5.4288E-02 -1.9844E-01  3.6385E-03  1.2287E-02
  5.4660E-02 -1.9676E-01  3.6885E-03  1.2455E-02
  5.5034E-02 -1.9503E-01  3.7391E-03  1.2626E-02
  5.5412E-02 -1.9326E-01  3.7904E-03  1.2800E-02
  5.5791E-02 -1.9143E-01  3.8425E-03  1.2976E-02
  5.6173E-02 -1.8956E-01  3.8952E-03  1.3154E-02
  5.6558E-02 -1.8764E-01  3.9487E-03  1.3335E-02
  5.6946E-02 -1.8567E-01  4.0029E-03  1.3518E-02
  5.7336E-02 -1.8366E-01  4.0578E-03  1.3703E-02
  5.7729E-02 -1.8159E-01  4.1135E-03  1.3891E-02
  5.8124E-02 -1.7947E-01  4.1700E-03  1.4082E-02
  5.8523E-02 -1.7731E-01  4.2272E-03  1.4276E-02
  5.8924E-02 -1.7509E-01  4.2853E-03  1.4472E-02
  5.9327E-02 -1.7283E-01  4.3441E-03  1.4670E-02
  5.9734E-02 -1.7051E-01  4.4037E-03  1.4872E-02
  6.0143E-02 -1.6814E-01  4.4641E-03  1.5076E-02
  6.0555E-02 -1.6573E-01  4.5254E-03  1.5283E-02
  6.0970E-02 -1.6326E-01  4.5875E-03  1.5493E-02
  6.1387E-02 -1.6074E-01  4.6504E-03  1.5705E-02
  6.1808E-02 -1.5818E-01  4.7142E-03  1.5921E-02
  6.2231E-02 -1.5556E-01  4.7789E-03  1.6140E-02
  6.2658E-02 -1.5289E-01  4.8445E-03  1.6361E-02
  6.3087E-02 -1.5017E-01  4.9109E-03  1.6586E-02
  6.3519E-02 -1.4740E-01  4.9783E-03  1.6813E-02
  6.3954E-02 -1.4459E-01  5.0466E-03  1.7044E-02
  6.4392E-02 -1.4172E-01  5.1158E-03  1.7278E-02
  6.4833E-02 -1.3880E-01  5.1860E-03  1.7515E-02
  6.5277E-02 -1.3583E-01  5.2572E-03  1.7756E-02
  6.5725E-02 -1.3281E-01  5.3293E-03  1.7999E-02
  6.6175E-02 -1.2974E-01  5.4024E-03  1.8246E-02
  6.6628E-02 -1.2662E-01  5.4765E-03  1.8497E-02
  6.7084E-02 -1.2345E-01  5.5516E-03  1.8751E-02
  6.7544E-02 -1.2023E-01  5.6277E-03  1.9008E-02
  6.8007E-02 -1.1696E-01  5.7049E-03  1.9269E-02
  6.8472E-02 -1.1364E-01  5.7831E-03  1.9533E-02
  6.8941E-02 -1.1028E-01  5.8624E-03  1.9801E-02
  6.9414E-02 -1.0686E-01  5.9428E-03  2.0073E-02
  6.9889E-02 -1.0340E-01  6.0243E-03  2.0348E-02
  7.0368E-02 -9.9891E-02  6.1069E-03  2.0627E-02
  7.0850E-02 -9.6334E-02  6.1906E-03  2.0910E-02
  7.1335E-02 -9.2730E-02  6.2755E-03  2.1197E-02
  7.1824E-02 -8.9079E-02  6.3615E-03  2.1488E-02
  7.2315E-02 -8.5383E-02  6.4487E-03  2.1783E-02
  7.2811E-02 -8.1640E-02  6.5371E-03  2.2081E-02
  7.3309E-02 -7.7852E-02  6.6267E-03  2.2384E-02
  7.3812E-02 -7.4020E-02  6.7175E-03  2.2691E-02
  7.4317E-02 -7.0143E-02  6.8096E-03  2.3003E-02
  7.4826E-02 -6.6223E-02  6.9029E-03  2.3318E-02
  7.5338E-02 -6.2260E-02  6.9975E-03  2.3638E-02
  7.5854E-02 -5.8254E-02  7.0934E-03  2.3962E-02
  7.6374E-02 -5.4206E-02  7.1906E-03  2.4291E-02
  7.6897E-02 -5.0118E-02  7.2891E-03  2.4624E-02
  7.7424E-02 -4.5989E-02  7.3890E-03  2.4961E-02
  7.7954E-02 -4.1820E-02  7.4902E-03  2.5304E-02
  7.8488E-02 -3.7613E-02  7.5929E-03  2.5650E-02
  7.9025E-02 -3.3367E-02  7.6969E-03  2.6002E-02
  7.9566E-02 -2.9084E-02  7.8023E-03  2.6359E-02
  8.0111E-02 -2.4765E-02  7.9092E-03  2.6720E-02
  8.0660E-02 -2.0410E-02  8.0175E-03  2.7086E-02
  8.1212E-02 -1.6020E-02  8.1273E-03  2.7458E-02
  8.1768E-02 -1.1596E-02  8.2386E-03  2.7834E-02
  8.2328E-02 -7.1400E-03  8.3515E-03  2.8215E-02
  8.2892E-02 -2.6518E-03  8.4658E-03  2.8602E-02
  8.3460E-02  1.8672E-03  8.5818E-03  2.8994E-02
  8.4031E-02  6.4160E-03  8.6993E-03  2.9392E-02
  8.4607E-02  1.0993E-02  8.8184E-03  2.9794E-02
  8.5186E-02  1.5599E-02  8.9391E-03  3.0203E-02
  8.5769E-02  2.0230E-02  9.0615E-03  3.0616E-02
  8.6357E-02  2.4887E-02  9.1855E-03  3.1036E-02
  8.6948E-02  2.9568E-02  9.3113E-03  3.1461E-02
  8.7543E-02  3.4271E-02  9.4387E-03  3.1892E-02
  8.8143E-02  3.8997E-02  9.5679E-03  3.2329E-02
  8.8746E-02  4.3742E-02  9.6989E-03  3.2772E-02
  8.9354E-02  4.8507E-02  9.8316E-03  3.3221E-02
  8.9966E-02  5.3289E-02  9.9661E-03  3.3676E-02
  9.0582E-02  5.8087E-02  1.0103E-02  3.4137E-02
  9.1202E-02  6.2900E-02  1.0241E-02  3.4605E-02
  9.1826E-02  6.7727E-02  1.0381E-02  3.5079E-02
  9.2455E-02  7.2566E-02  1.0523E-02  3.5559E-02
  9.3088E-02  7.7415E-02  1.0667E-02  3.6046E-02
  9.3726E-02  8.2272E-02  1.0813E-02  3.6540E-02
  9.4367E-02  8.7137E-02  1.0961E-02  3.7040E-02
  9.5013E-02  9.2008E-02  1.1111E-02  3.7547E-02
  9.5664E-02  9.6883E-02  1.1262E-02  3.8061E-02
  9.6319E-02  1.0176E-01  1.1417E-02  3.8582E-02
  9.6978E-02  1.0664E-01  1.1573E-02  3.9111E-02
  9.7642E-02  1.1152E-01  1.1731E-02  3.9646E-02
  9.8311E-02  1.1639E-01  1.1891E-02  4.0189E-02
  9.8984E-02  1.2126E-01  1.2054E-02  4.0739E-02
  9.9662E-02  1.2613E-01  1.2219E-02  4.1296E-02
  1.0034E-01  1.3098E-01  1.2386E-02  4.1861E-02
  1.0103E-01  1.3583E-01  1.2555E-02  4.2434E-02
  1.0172E-01  1.4066E-01  1.2726E-02  4.3015E-02
  1.0242E-01  1.4548E-01  1.2900E-02  4.3603E-02
  1.0312E-01  1.5029E-01  1.3077E-02  4.4200E-02
  1.0383E-01  1.5508E-01  1.3255E-02  4.4805E-02
  1.0454E-01  1.5984E-01  1.3436E-02  4.5418E-02
  1.0525E-01  1.6459E-01  1.3620E-02  4.6039E-02
  1.0597E-01  1.6931E-01  1.3806E-02  4.6669E-02
  1.0670E-01  1.7401E-01  1.3995E-02  4.7307E-02
  1.0743E-01  1.7868E-01  1.4186E-02  4.7954E-02
  1.0816E-01  1.8332E-01  1.4379E-02  4.8610E-02
  1.0891E-01  1.8793E-01  1.4576E-02  4.9274E-02
  1.0965E-01  1.9251E-01  1.4775E-02  4.9948E-02
  1.1040E-01  1.9705E-01  1.4977E-02  5.0631E-02
  1.1116E-01  2.0155E-01  1.5181E-02  5.1323E-02
  1.1192E-01  2.0601E-01  1.5388E-02  5.2025E-02
  1.1268E-01  2.1043E-01  1.5598E-02  5.2736E-02
  1.1346E-01  2.1480E-01  1.5811E-02  5.3456E-02
  1.1423E-01  2.1913E-01  1.6027E-02  5.4187E-02
  1.1501E-01  2.2341E-01  1.6246E-02  5.4927E-02
  1.1580E-01  2.2764E-01  1.6467E-02  5.5678E-02
  1.1659E-01  2.3181E-01  1.6692E-02  5.6439E-02
  1.1739E-01  2.3593E-01  1.6920E-02  5.7210E-02
  1.1820E-01  2.3999E-01  1.7150E-02  5.7991E-02
  1.1901E-01  2.4398E-01  1.7384E-02  5.8783E-02
  1.1982E-01  2.4792E-01  1.7621E-02  5.9586E-02
  1.2064E-01  2.5179E-01  1.7862E-02  6.0400E-02
  1.2147E-01  2.5560E-01  1.8105E-02  6.1225E-02
  1.2230E-01  2.5933E-01  1.8352E-02  6.2061E-02
  1.2313E-01  2.6299E-01  1.8602E-02  6.2908E-02
  1.2398E-01  2.6658E-01  1.8856E-02  6.3767E-02
  1.2483E-01  2.7009E-01  1.9113E-02  6.4637E-02
  1.2568E-01  2.7352E-01  1.9373E-02  6.5520E-02
  1.2654E-01  2.7688E-01  1.9637E-02  6.6414E-02
  1.2741E-01  2.8014E-01  1.9904E-02  6.7320E-02
  1.2828E-01  2.8333E-01  2.0176E-02  6.8239E-02
  1.2916E-01  2.8642E-01  2.0450E-02  6.9170E-02
  1.3004E-01  2.8942E-01  2.0729E-02  7.0113E-02
  1.3093E-01  2.9234E-01  2.1011E-02  7.1070E-02
  1.3183E-01  2.9515E-01  2.1297E-02  7.2039E-02
  1.3273E-01  2.9787E-01  2.1587E-02  7.3021E-02
  1.3364E-01  3.0049E-01  2.1881E-02  7.4017E-02
  1.3455E-01  3.0301E-01  2.2179E-02  7.5026E-02
  1.3547E-01  3.0542E-01  2.2480E-02  7.6049E-02
  1.3640E-01  3.0773E-01  2.2786E-02  7.7086E-02
  1.3733E-01  3.0993E-01  2.3096E-02  7.8136E-02
  1.3827E-01  3.1202E-01  2.3410E-02  7.9201E-02
  1.3922E-01  3.1400E-01  2.3729E-02  8.0280E-02
  1.4017E-01  3.1587E-01  2.4051E-02  8.1374E-02
  1.4113E-01  3.1761E-01  2.4378E-02  8.2482E-02
  1.4210E-01  3.1924E-01  2.4710E-02  8.3606E-02
  1.4307E-01  3.2075E-01  2.5046E-02  8.4745E-02
  1.4405E-01  3.2213E-01  2.5386E-02  8.5898E-02
  1.4504E-01  3.2339E-01  2.5731E-02  8.7068E-02
  1.4603E-01  3.2453E-01  2.6081E-02  8.8253E-02
  1.4703E-01  3.2553E-01  2.6435E-02  8.9455E-02
  1.4804E-01  3.2641E-01  2.6794E-02  9.0672E-02
  1.4905E-01  3.2715E-01  2.7158E-02  9.1906E-02
  1.5007E-01  3.2776E-01  2.7526E-02  9.3156E-02
  1.5110E-01  3.2824E-01  2.7900E-02  9.4423E-02
  1.5213E-01  3.2857E-01  2.8279E-02  9.5708E-02
  1.5317E-01  3.2877E-01  2.8663E-02  9.7009E-02
  1.5422E-01  3.2883E-01  2.9051E-02  9.8328E-02
  1.5528E-01  3.2875E-01  2.9446E-02  9.9665E-02
  1.5634E-01  3.2852E-01  2.9845E-02  1.0102E-01
  1.5741E-01  3.2815E-01  3.0250E-02  1.0239E-01
  1.5849E-01  3.2763E-01  3.0660E-02  1.0378E-01
  1.5957E-01  3.2697E-01  3.1075E-02  1.0519E-01
  1.6066E-01  3.2615E-01  3.1497E-02  1.0662E-01
  1.6176E-01  3.2519E-01  3.1923E-02  1.0807E-01
  1.6287E-01  3.2407E-01  3.2356E-02  1.0954E-01
  1.6398E-01  3.2281E-01  3.2794E-02  1.1103E-01
  1.6511E-01  3.2139E-01  3.3238E-02  1.1253E-01
  1.6624E-01  3.1982E-01  3.3688E-02  1.1406E-01
  1.6737E-01  3.1809E-01  3.4144E-02  1.1561E-01
  1.6852E-01  3.1620E-01  3.4606E-02  1.1718E-01
  1.6967E-01  3.1417E-01  3.5075E-02  1.1876E-01
  1.7083E-01  3.1197E-01  3.5549E-02  1.2037E-01
  1.7200E-01  3.0961E-01  3.6030E-02  1.2201E-01
  1.7318E-01  3.0710E-01  3.6517E-02  1.2366E-01
  1.7436E-01  3.0443E-01  3.7011E-02  1.2534E-01
  1.7556E-01  3.0160E-01  3.7511E-02  1.2703E-01
  1.7676E-01  2.9862E-01  3.8018E-02  1.2876E-01
  1.7797E-01  2.9547E-01  3.8532E-02  1.3050E-01
  1.7919E-01  2.9216E-01  3.9052E-02  1.3227E-01
  1.8041E-01  2.8870E-01  3.9580E-02  1.3406E-01
  1.8165E-01  2.8508E-01  4.0114E-02  1.3587E-01
  1.8289E-01  2.8129E-01  4.0656E-02  1.3771E-01
  1.8414E-01  2.7735E-01  4.1204E-02  1.3957E-01
  1.8540E-01  2.7325E-01  4.1760E-02  1.4146E-01
  1.8667E-01  2.6899E-01  4.2324E-02  1.4337E-01
  1.8795E-01  2.6458E-01  4.2894E-02  1.4531E-01
  1.8924E-01  2.6001E-01  4.3473E-02  1.4727E-01
  1.9053E-01  2.5528E-01  4.4058E-02  1.4926E-01
  1.9183E-01  2.5040E-01  4.4652E-02  1.5128E-01
  1.9315E-01  2.4536E-01  4.5254E-02  1.5332E-01
  1.9447E-01  2.4017E-01  4.5863E-02  1.5539E-01
  1.9580E-01  2.3483E-01  4.6481E-02  1.5749E-01
  1.9714E-01  2.2934E-01  4.7106E-02  1.5961E-01
  1.9849E-01  2.2370E-01  4.7740E-02  1.6176E-01
  1.9985E-01  2.1791E-01  4.8382E-02  1.6395E-01
  2.0121E-01  2.1198E-01  4.9033E-02  1.6615E-01
  2.0259E-01  2.0589E-01  4.9692E-02  1.6839E-01
  2.0398E-01  1.9967E-01  5.0360E-02  1.7066E-01
  2.0537E-01  1.9331E-01  5.1037E-02  1.7296E-01
  2.0678E-01  1.8680E-01  5.1722E-02  1.7529E-01
  2.0819E-01  1.8016E-01  5.2417E-02  1.7765E-01
  2.0962E-01  1.7338E-01  5.3120E-02  1.8004E-01
  2.1105E-01  1.6647E-01  5.3833E-02  1.8246E-01
  2.1250E-01  1.5943E-01  5.4555E-02  1.8491E-01
  2.1395E-01  1.5226E-01  5.5287E-02  1.8740E-01
  2.1542E-01  1.4497E-01  5.6028E-02  1.8991E-01
  2.1689E-01  1.3755E-01  5.6779E-02  1.9246E-01
  2.1837E-01  1.3001E-01  5.7539E-02  1.9505E-01
  2.1987E-01  1.2236E-01  5.8310E-02  1.9766E-01
  2.2137E-01  1.1459E-01  5.9091E-02  2.0031E-01
  2.2289E-01  1.0670E-01  5.9881E-02  2.0300E-01
  2.2441E-01  9.8715E-02  6.0682E-02  2.0572E-01
  2.2595E-01  9.0620E-02  6.1494E-02  2.0848E-01
  2.2749E-01  8.2423E-02  6.2316E-02  2.1127E-01
  2.2905E-01  7.4127E-02  6.3149E-02  2.1410E-01
  2.3062E-01  6.5737E-02  6.3992E-02  2.1696E-01
  2.3220E-01  5.7256E-02  6.4847E-02  2.1986E-01
  2.3379E-01  4.8687E-02  6.5712E-02  2.2280E-01
  2.3538E-01  4.0035E-02  6.6589E-02  2.2578E-01
  2.3700E-01  3.1302E-02  6.7477E-02  2.2879E-01
  2.3862E-01  2.2494E-02  6.8376E-02  2.3185E-01
  2.4025E-01  1.3614E-02  6.9287E-02  2.3494E-01
  2.4189E-01  4.6669E-03  7.0210E-02  2.3807E-01
  2.4355E-01 -4.3439E-03  7.1145E-02  2.4124E-01
  2.4522E-01 -1.3414E-02  7.2092E-02  2.4446E-01
  2.4689E-01 -2.2538E-02  7.3051E-02  2.4771E-01
  2.4858E-01 -3.1713E-02  7.4022E-02  2.5101E-01
  2.5028E-01 -4.0933E-02  7.5006E-02  2.5435E-01
  2.5200E-01 -5.0194E-02  7.6002E-02  2.5773E-01
  2.5372E-01 -5.9491E-02  7.7011E-02  2.6115E-01
  2.5546E-01 -6.8820E-02  7.8033E-02  2.6462E-01
  2.5720E-01 -7.8175E-02  7.9069E-02  2.6813E-01
  2.5896E-01 -8.7552E-02  8.0117E-02  2.7168E-01
  2.6074E-01 -9.6946E-02  8.1179E-02  2.7529E-01
  2.6252E-01 -1.0635E-01  8.2254E-02  2.7893E-01
  2.6432E-01 -1.1576E-01  8.3343E-02  2.8262E-01
  2.6613E-01 -1.2518E-01  8.4446E-02  2.8636E-01
  2.6795E-01 -1.3459E-01  8.5562E-02  2.9015E-01
  2.6978E-01 -1.4399E-01  8.6693E-02  2.9398E-01
  2.7163E-01 -1.5338E-01  8.7839E-02  2.9786E-01
  2.7348E-01 -1.6274E-01  8.8998E-02  3.0179E-01
  2.7536E-01 -1.7209E-01  9.0173E-02  3.0576E-01
  2.7724E-01 -1.8140E-01  9.1362E-02  3.0979E-01
  2.7914E-01 -1.9067E-01  9.2566E-02  3.1387E-01
  2.8105E-01 -1.9991E-01  9.3786E-02  3.1800E-01
  2.8297E-01 -2.0910E-01  9.5020E-02  3.2218E-01
  2.8490E-01 -2.1824E-01  9.6271E-02  3.2641E-01
  2.8685E-01 -2.2731E-01  9.7537E-02  3.3069E-01
  2.8882E-01 -2.3633E-01  9.8818E-02  3.3502E-01
  2.9079E-01 -2.4528E-01  1.0012E-01  3.3941E-01
  2.9278E-01 -2.5415E-01  1.0143E-01  3.4385E-01
  2.9479E-01 -2.6294E-01  1.0276E-01  3.4835E-01
  2.9680E-01 -2.7165E-01  1.0411E-01  3.5290E-01
  2.9883E-01 -2.8027E-01  1.0547E-01  3.5750E-01
  3.0088E-01 -2.8879E-01  1.0685E-01  3.6216E-01
  3.0294E-01 -2.9721E-01  1.0825E-01  3.6688E-01
  3.0501E-01 -3.0552E-01  1.0967E-01  3.7166E-01
  3.0710E-01 -3.1371E-01  1.1110E-01  3.7649E-01
  3.0920E-01 -3.2179E-01  1.1255E-01  3.8138E-01
  3.1131E-01 -3.2975E-01  1.1402E-01  3.8632E-01
  3.1344E-01 -3.3757E-01  1.1550E-01  3.9133E-01
  3.1559E-01 -3.4526E-01  1.1701E-01  3.9640E-01
  3.1775E-01 -3.5281E-01  1.1853E-01  4.0152E-01
  3.1992E-01 -3.6022E-01  1.2007E-01  4.0671E-01
  3.2211E-01 -3.6747E-01  1.2163E-01  4.1196E-01
  3.2431E-01 -3.7457E-01  1.2321E-01  4.1726E-01
  3.2653E-01 -3.8150E-01  1.2481E-01  4.2263E-01
  3.2877E-01 -3.8827E-01  1.2643E-01  4.2807E-01
  3.3102E-01 -3.9487E-01  1.2807E-01  4.3356E-01
  3.3328E-01 -4.0129E-01  1.2973E-01  4.3912E-01
  3.3556E-01 -4.0753E-01  1.3140E-01  4.4474E-01
  3.3786E-01 -4.1358E-01  1.3310E-01  4.5043E-01
  3.4017E-01 -4.1944E-01  1.3482E-01  4.5618E-01
  3.4250E-01 -4.2511E-01  1.3656E-01  4.6200E-01
  3.4484E-01 -4.3057E-01  1.3832E-01  4.6788E-01
  3.4720E-01 -4.3583E-01  1.4010E-01  4.7383E-01
  3.4957E-01 -4.4088E-01  1.4190E-01  4.7985E-01
  3.5197E-01 -4.4572E-01  1.4373E-01  4.8593E-01
  3.5437E-01 -4.5034E-01  1.4557E-01  4.9208E-01
  3.5680E-01 -4.5473E-01  1.4744E-01  4.9830E-01
  3.5924E-01 -4.5890E-01  1.4933E-01  5.0459E-01
  3.6170E-01 -4.6284E-01  1.5124E-01  5.1094E-01
  3.6417E-01 -4.6655E-01  1.5317E-01  5.1737E-01
  3.6666E-01 -4.7002E-01  1.5513E-01  5.2386E-01
  3.6917E-01 -4.7324E-01  1.5711E-01  5.3042E-01
  3.7170E-01 -4.7622E-01  1.5912E-01  5.3706E-01
  3.7424E-01 -4.7896E-01  1.6114E-01  5.4376E-01
  3.7680E-01 -4.8144E-01  1.6319E-01  5.5054E-01
  3.7938E-01 -4.8367E-01  1.6527E-01  5.5738E-01
  3.8197E-01 -4.8564E-01  1.6736E-01  5.6430E-01
  3.8459E-01 -4.8735E-01  1.6949E-01  5.7129E-01
  3.8722E-01 -4.8880E-01  1.7163E-01  5.7835E-01
  3.8987E-01 -4.8999E-01  1.7380E-01  5.8548E-01
  3.9254E-01 -4.9091E-01  1.7600E-01  5.9269E-01
  3.9522E-01 -4.9155E-01  1.7822E-01  5.9997E-01
  3.9792E-01 -4.9193E-01  1.8047E-01  6.0732E-01
  4.0065E-01 -4.9203E-01  1.8274E-01  6.1474E-01
  4.0339E-01 -4.9186E-01  1.8504E-01  6.2223E-01
  4.0615E-01 -4.9141E-01  1.8736E-01  6.2980E-01
  4.0893E-01 -4.9069E-01  1.8971E-01  6.3744E-01
  4.1172E-01 -4.8968E-01  1.9209E-01  6.4516E-01
  4.1454E-01 -4.8840E-01  1.9449E-01  6.5294E-01
  4.1738E-01 -4.8683E-01  1.9692E-01  6.6080E-01
  4.2023E-01 -4.8498E-01  1.9938E-01  6.6873E-01
  4.2311E-01 -4.8285E-01  2.0186E-01  6.7674E-01
  4.2600E-01 -4.8044E-01  2.0437E-01  6.8482E-01
  4.2892E-01 -4.7774E-01  2.0691E-01  6.9296E-01
  4.3185E-01 -4.7476E-01  2.0948E-01  7.0119E-01
  4.3481E-01 -4.7150E-01  2.1207E-01  7.0948E-01
  4.3778E-01 -4.6795E-01  2.1469E-01  7.1784E-01
  4.4077E-01 -4.6412E-01  2.1734E-01  7.2628E-01
  4.4379E-01 -4.6001E-01  2.2002E-01  7.3479E-01
  4.4683E-01 -4.5562E-01  2.2273E-01  7.4336E-01
  4.4988E-01 -4.5095E-01  2.2547E-01  7.5201E-01
  4.5296E-01 -4.4599E-01  2.2823E-01  7.6073E-01
  4.5606E-01 -4.4076E-01  2.3103E-01  7.6951E-01
  4.5918E-01 -4.3526E-01  2.3385E-01  7.7836E-01
  4.6232E-01 -4.2947E-01  2.3671E-01  7.8728E-01
  4.6548E-01 -4.2342E-01  2.3959E-01  7.9627E-01
  4.6867E-01 -4.1709E-01  2.4250E-01  8.0532E-01
  4.7188E-01 -4.1049E-01  2.4545E-01  8.1443E-01
  4.7510E-01 -4.0362E-01  2.4842E-01  8.2361E-01
  4.7835E-01 -3.9649E-01  2.5143E-01  8.3286E-01
  4.8163E-01 -3.8910E-01  2.5446E-01  8.4216E-01
  4.8492E-01 -3.8144E-01  2.5753E-01  8.5153E-01
  4.8824E-01 -3.7353E-01  2.6063E-01  8.6095E-01
  4.9158E-01 -3.6537E-01  2.6375E-01  8.7043E-01
  4.9494E-01 -3.5695E-01  2.6691E-01  8.7997E-01
  4.9833E-01 -3.4828E-01  2.7010E-01  8.8957E-01
  5.0174E-01 -3.3937E-01  2.7333E-01  8.9921E-01
  5.0517E-01 -3.3022E-01  2.7658E-01  9.0891E-01
  5.0862E-01 -3.2083E-01  2.7987E-01  9.1866E-01
  5.1210E-01 -3.1121E-01  2.8318E-01  9.2846E-01
  5.1561E-01 -3.0136E-01  2.8653E-01  9.3831E-01
  5.1914E-01 -2.9128E-01  2.8991E-01  9.4819E-01
  5.2269E-01 -2.8098E-01  2.9333E-01  9.5813E-01
  5.2626E-01 -2.7046E-01  2.9677E-01  9.6810E-01
  5.2986E-01 -2.5973E-01  3.0025E-01  9.7811E-01
  5.3349E-01 -2.4879E-01  3.0376E-01  9.8815E-01
  5.3714E-01 -2.3765E-01  3.0730E-01  9.9823E-01
  5.4081E-01 -2.2630E-01  3.1087E-01  1.0083E+00
  5.4451E-01 -2.1477E-01  3.1448E-01  1.0185E+00
  5.4824E-01 -2.0304E-01  3.1812E-01  1.0286E+00
  5.5199E-01 -1.9113E-01  3.2179E-01  1.0388E+00
  5.5576E-01 -1.7904E-01  3.2550E-01  1.0490E+00
  5.5957E-01 -1.6677E-01  3.2923E-01  1.0592E+00
  5.6339E-01 -1.5434E-01  3.3300E-01  1.0695E+00
  5.6725E-01 -1.4174E-01  3.3680E-01  1.0797E+00
  5.7113E-01 -1.2899E-01  3.4064E-01  1.0899E+00
  5.7503E-01 -1.1608E-01  3.4450E-01  1.1002E+00
  5.7897E-01 -1.0303E-01  3.4840E-01  1.1104E+00
  5.8293E-01 -8.9838E-02  3.5233E-01  1.1206E+00
  5.8692E-01 -7.6509E-02  3.5630E-01  1.1308E+00
  5.9093E-01 -6.3052E-02  3.6029E-01  1.1410E+00
  5.9497E-01 -4.9471E-02  3.6432E-01  1.1512E+00
  5.9905E-01 -3.5774E-02  3.6838E-01  1.1614E+00
  6.0314E-01 -2.1965E-02  3.7247E-01  1.1715E+00
  6.0727E-01 -8.0506E-03  3.7659E-01  1.1816E+00
  6.1142E-01  5.9626E-03  3.8075E-01  1.1916E+00
  6.1561E-01  2.0069E-02  3.8494E-01  1.2016E+00
  6.1982E-01  3.4261E-02  3.8915E-01  1.2116E+00
  6.2406E-01  4.8534E-02  3.9340E-01  1.2215E+00
  6.2833E-01  6.2881E-02  3.9768E-01  1.2313E+00
  6.3262E-01  7.7296E-02  4.0199E-01  1.2411E+00
  6.3695E-01  9.1773E-02  4.0633E-01  1.2508E+00
  6.4131E-01  1.0630E-01  4.1070E-01  1.2604E+00
  6.4570E-01  1.2089E-01  4.1510E-01  1.2699E+00
  6.5011E-01  1.3551E-01  4.1953E-01  1.2793E+00
  6.5456E-01  1.5017E-01  4.2398E-01  1.2886E+00
  6.5904E-01  1.6486E-01  4.2847E-01  1.2978E+00
  6.6355E-01  1.7957E-01  4.3299E-01  1.3069E+00
  6.6809E-01  1.9430E-01  4.3753E-01  1.3159E+00
  6.7266E-01  2.0904E-01  4.4210E-01  1.3247E+00
  6.7726E-01  2.2379E-01  4.4670E-01  1.3334E+00
  6.8189E-01  2.3853E-01  4.5132E-01  1.3419E+00
  6.8656E-01  2.5327E-01  4.5597E-01  1.3503E+00
  6.9125E-01  2.6799E-01  4.6065E-01  1.3585E+00
  6.9598E-01  2.8269E-01  4.6535E-01  1.3665E+00
  7.0074E-01  2.9736E-01  4.7008E-01  1.3744E+00
  7.0554E-01  3.1200E-01  4.7483E-01  1.3820E+00
  7.1036E-01  3.2661E-01  4.7960E-01  1.3895E+00
  7.1522E-01  3.4116E-01  4.8440E-01  1.3967E+00
  7.2011E-01  3.5567E-01  4.8922E-01  1.4037E+00
  7.2504E-01  3.7012E-01  4.9406E-01  1.4105E+00
  7.3000E-01  3.8450E-01  4.9893E-01  1.4170E+00
  7.3499E-01  3.9882E-01  5.0381E-01  1.4233E+00
  7.4002E-01  4.1306E-01  5.0871E-01  1.4293E+00
  7.4508E-01  4.2722E-01  5.1363E-01  1.4351E+00
  7.5018E-01  4.4130E-01  5.1857E-01  1.4405E+00
  7.5531E-01  4.5528E-01  5.2353E-01  1.4457E+00
  7.6048E-01  4.6917E-01  5.2850E-01  1.4505E+00
  7.6568E-01  4.8295E-01  5.3349E-01  1.4550E+00
  7.7092E-01  4.9662E-01  5.3849E-01  1.4592E+00
  7.7619E-01  5.1018E-01  5.4350E-01  1.4631E+00
  7.8150E-01  5.2363E-01  5.4853E-01  1.4666E+00
  7.8685E-01  5.3694E-01  5.5357E-01  1.4697E+00
  7.9223E-01  5.5013E-01  5.5862E-01  1.4724E+00
  7.9765E-01  5.6319E-01  5.6368E-01  1.4747E+00
  8.0311E-01  5.7610E-01  5.6874E-01  1.4767E+00
  8.0860E-01  5.8887E-01  5.7382E-01  1.4782E+00
  8.1413E-01  6.0149E-01  5.7890E-01  1.4793E+00
  8.1970E-01  6.1396E-01  5.8398E-01  1.4799E+00
  8.2531E-01  6.2627E-01  5.8907E-01  1.4801E+00
  8.3096E-01  6.3842E-01  5.9416E-01  1.4798E+00
  8.3664E-01  6.5041E-01  5.9925E-01  1.4790E+00
  8.4236E-01  6.6222E-01  6.0433E-01  1.4777E+00
  8.4813E-01  6.7386E-01  6.0942E-01  1.4760E+00
  8.5393E-01  6.8531E-01  6.1450E-01  1.4737E+00
  8.5977E-01  6.9659E-01  6.1958E-01  1.4708E+00
  8.6565E-01  7.0768E-01  6.2465E-01  1.4674E+00
  8.7157E-01  7.1857E-01  6.2971E-01  1.4635E+00
  8.7753E-01  7.2928E-01  6.3477E-01  1.4590E+00
  8.8354E-01  7.3979E-01  6.3981E-01  1.4539E+00
  8.8958E-01  7.5009E-01  6.4484E-01  1.4482E+00
  8.9567E-01  7.6019E-01  6.4985E-01  1.4419E+00
  9.0179E-01  7.7009E-01  6.5484E-01  1.4349E+00
  9.0796E-01  7.7977E-01  6.5982E-01  1.4274E+00
  9.1417E-01  7.8924E-01  6.6478E-01  1.4192E+00
  9.2043E-01  7.9850E-01  6.6971E-01  1.4103E+00
  9.2672E-01  8.0754E-01  6.7462E-01  1.4008E+00
  9.3306E-01  8.1635E-01  6.7950E-01  1.3906E+00
  9.3944E-01  8.2495E-01  6.8436E-01  1.3797E+00
  9.4587E-01  8.3331E-01  6.8918E-01  1.3682E+00
  9.5234E-01  8.4145E-01  6.9397E-01  1.3559E+00
  9.5885E-01  8.4936E-01  6.9873E-01  1.3429E+00
  9.6541E-01  8.5704E-01  7.0345E-01  1.3292E+00
  9.7202E-01  8.6448E-01  7.0813E-01  1.3148E+00
  9.7867E-01  8.7169E-01  7.1277E-01  1.2997E+00
  9.8536E-01  8.7866E-01  7.1736E-01  1.2838E+00
  9.9210E-01  8.8540E-01  7.2191E-01  1.2672E+00
  9.9889E-01  8.9189E-01  7.2641E-01  1.2498E+00
  1.0057E+00  8.9814E-01  7.3086E-01  1.2317E+00
  1.0126E+00  9.0415E-01  7.3526E-01  1.2128E+00
  1.0195E+00  9.0992E-01  7.3960E-01  1.1932E+00
  1.0265E+00  9.1545E-01  7.4388E-01  1.1728E+00
  1.0335E+00  9.2073E-01  7.4810E-01  1.1517E+00
  1.0406E+00  9.2576E-01  7.5225E-01  1.1298E+00
  1.0477E+00  9.3055E-01  7.5634E-01  1.1072E+00
  1.0549E+00  9.3509E-01  7.6036E-01  1.0839E+00
  1.0621E+00  9.3939E-01  7.6431E-01  1.0598E+00
  1.0694E+00  9.4344E-01  7.6819E-01  1.0349E+00
  1.0767E+00  9.4725E-01  7.7198E-01  1.0094E+00
  1.0840E+00  9.5080E-01  7.7570E-01  9.8311E-01
  1.0915E+00  9.5412E-01  7.7933E-01  9.5613E-01
  1.0989E+00  9.5719E-01  7.8288E-01  9.2847E-01
  1.1064E+00  9.6001E-01  7.8634E-01  9.0012E-01
  1.1140E+00  9.6259E-01  7.8971E-01  8.7111E-01
  1.1216E+00  9.6492E-01  7.9298E-01  8.4146E-01
  1.1293E+00  9.6701E-01  7.9616E-01  8.1117E-01
  1.1370E+00  9.6887E-01  7.9924E-01  7.8027E-01
  1.1448E+00  9.7048E-01  8.0221E-01  7.4878E-01
  1.1526E+00  9.7185E-01  8.0507E-01  7.1672E-01
  1.1605E+00  9.7298E-01  8.0783E-01  6.8412E-01
  1.1685E+00  9.7387E-01  8.1048E-01  6.5100E-01
  1.1764E+00  9.7453E-01  8.1301E-01  6.1740E-01
  1.1845E+00  9.7496E-01  8.1542E-01  5.8333E-01
  1.1926E+00  9.7515E-01  8.1771E-01  5.4884E-01
  1.2008E+00  9.7511E-01  8.1988E-01  5.1396E-01
  1.2090E+00  9.7485E-01  8.2192E-01  4.7872E-01
  1.2172E+00  9.7435E-01  8.2383E-01  4.4315E-01
  1.2256E+00  9.7364E-01  8.2561E-01  4.0730E-01
  1.2339E+00  9.7270E-01  8.2725E-01  3.7122E-01
  1.2424E+00  9.7153E-01  8.2875E-01  3.3493E-01
  1.2509E+00  9.7016E-01  8.3012E-01  2.9848E-01
  1.2594E+00  9.6856E-01  8.3134E-01  2.6192E-01
  1.2681E+00  9.6675E-01  8.3241E-01  2.2531E-01
  1.2767E+00  9.6474E-01  8.3333E-01  1.8867E-01
  1.2855E+00  9.6251E-01  8.3410E-01  1.5208E-01
  1.2943E+00  9.6008E-01  8.3472E-01  1.1557E-01
  1.3031E+00  9.5744E-01  8.3518E-01  7.9204E-02
  1.3120E+00  9.5461E-01  8.3548E-01  4.3036E-02
  1.3210E+00  9.5158E-01  8.3562E-01  7.1219E-03
  1.3300E+00  9.4836E-01  8.3560E-01 -2.8482E-02
  1.3391E+00  9.4494E-01  8.3541E-01 -6.3716E-02
  1.3483E+00  9.4134E-01  8.3505E-01 -9.8522E-02
  1.3575E+00  9.3755E-01  8.3452E-01 -1.3284E-01
  1.3668E+00  9.3358E-01  8.3381E-01 -1.6661E-01
  1.3762E+00  9.2944E-01  8.3294E-01 -1.9976E-01
  1.3856E+00  9.2512E-01  8.3188E-01 -2.3224E-01
  1.3950E+00  9.2062E-01  8.3065E-01 -2.6399E-01
  1.4046E+00  9.1596E-01  8.2925E-01 -2.9494E-01
  1.4142E+00  9.1114E-01  8.2766E-01 -3.2503E-01
  1.4239E+00  9.0616E-01  8.2589E-01 -3.5420E-01
  1.4336E+00  9.0101E-01  8.2393E-01 -3.8238E-01
  1.4434E+00  8.9572E-01  8.2180E-01 -4.0952E-01
  1.4533E+00  8.9027E-01  8.1948E-01 -4.3556E-01
  1.4632E+00  8.8468E-01  8.1697E-01 -4.6044E-01
  1.4732E+00  8.7894E-01  8.1428E-01 -4.8409E-01
  1.4833E+00  8.7307E-01  8.1140E-01 -5.0648E-01
  1.4935E+00  8.6706E-01  8.0834E-01 -5.2753E-01
  1.5037E+00  8.6092E-01  8.0510E-01 -5.4721E-01
  1.5140E+00  8.5465E-01  8.0166E-01 -5.6546E-01
  1.5243E+00  8.4826E-01  7.9805E-01 -5.8223E-01
  1.5347E+00  8.4175E-01  7.9425E-01 -5.9749E-01
  1.5452E+00  8.3512E-01  7.9026E-01 -6.1119E-01
  1.5558E+00  8.2838E-01  7.8610E-01 -6.2330E-01
  1.5665E+00  8.2153E-01  7.8175E-01 -6.3378E-01
  1.5772E+00  8.1457E-01  7.7723E-01 -6.4261E-01
  1.5880E+00  8.0752E-01  7.7253E-01 -6.4977E-01
  1.5988E+00  8.0037E-01  7.6765E-01 -6.5523E-01
  1.6098E+00  7.9313E-01  7.6260E-01 -6.5899E-01
  1.6208E+00  7.8579E-01  7.5738E-01 -6.6102E-01
  1.6319E+00  7.7837E-01  7.5199E-01 -6.6134E-01
  1.6430E+00  7.7088E-01  7.4644E-01 -6.5995E-01
  1.6543E+00  7.6330E-01  7.4072E-01 -6.5685E-01
  1.6656E+00  7.5565E-01  7.3485E-01 -6.5206E-01
  1.6770E+00  7.4793E-01  7.2882E-01 -6.4560E-01
  1.6884E+00  7.4014E-01  7.2264E-01 -6.3751E-01
  1.7000E+00  7.3229E-01  7.1632E-01 -6.2782E-01
  1.7116E+00  7.2439E-01  7.0985E-01 -6.1656E-01
  1.7233E+00  7.1643E-01  7.0324E-01 -6.0380E-01
  1.7351E+00  7.0842E-01  6.9651E-01 -5.8960E-01
  1.7470E+00  7.0036E-01  6.8964E-01 -5.7401E-01
  1.7589E+00  6.9226E-01  6.8265E-01 -5.5711E-01
  1.7710E+00  6.8411E-01  6.7554E-01 -5.3898E-01
  1.7831E+00  6.7594E-01  6.6832E-01 -5.1970E-01
  1.7953E+00  6.6773E-01  6.6100E-01 -4.9939E-01
  1.8075E+00  6.5949E-01  6.5357E-01 -4.7812E-01
  1.8199E+00  6.5123E-01  6.4605E-01 -4.5602E-01
  1.8324E+00  6.4294E-01  6.3844E-01 -4.3319E-01
  1.8449E+00  6.3464E-01  6.3075E-01 -4.0976E-01
  1.8575E+00  6.2632E-01  6.2299E-01 -3.8586E-01
  1.8702E+00  6.1799E-01  6.1515E-01 -3.6161E-01
  1.8830E+00  6.0965E-01  6.0726E-01 -3.3716E-01
  1.8959E+00  6.0131E-01  5.9930E-01 -3.1263E-01
  1.9089E+00  5.9296E-01  5.9130E-01 -2.8818E-01
  1.9219E+00  5.8462E-01  5.8326E-01 -2.6395E-01
  1.9351E+00  5.7628E-01  5.7518E-01 -2.4008E-01
  1.9483E+00  5.6795E-01  5.6707E-01 -2.1671E-01
  1.9616E+00  5.5963E-01  5.5893E-01 -1.9400E-01
  1.9750E+00  5.5133E-01  5.5079E-01 -1.7207E-01
  1.9886E+00  5.4304E-01  5.4263E-01 -1.5107E-01
  2.0022E+00  5.3477E-01  5.3446E-01 -1.3113E-01
  2.0158E+00  5.2653E-01  5.2630E-01 -1.1235E-01
  2.0296E+00  5.1831E-01  5.1814E-01 -9.4869E-02
  2.0435E+00  5.1011E-01  5.1000E-01 -7.8768E-02
  2.0575E+00  5.0195E-01  5.0188E-01 -6.4135E-02
  2.0716E+00  4.9383E-01  4.9378E-01 -5.1036E-02
  2.0857E+00  4.8573E-01  4.8571E-01 -3.9517E-02
  2.1000E+00  4.7768E-01  4.7766E-01 -2.9601E-02
  2.1144E+00  4.6967E-01  4.6966E-01 -2.1285E-02
  2.1288E+00  4.6170E-01  4.6169E-01 -1.4534E-02
  2.1434E+00  4.5378E-01  4.5377E-01 -9.2812E-03
  2.1581E+00  4.4590E-01  4.4590E-01 -5.4213E-03
  2.1728E+00  4.3807E-01  4.3807E-01 -2.8065E-03
  2.1877E+00  4.3030E-01  4.3030E-01 -1.2423E-03
  2.2026E+00  4.2258E-01  4.2258E-01 -4.8218E-04
  2.2177E+00  4.1491E-01  4.1491E-01 -2.2306E-04
  2.2329E+00  4.0731E-01  4.0731E-01 -6.2185E-05
  2.2482E+00  3.9976E-01  3.9976E-01  1.5116E-06
  2.2635E+00  3.9227E-01  3.9227E-01  0.0000E+00
  2.2790E+00  3.8485E-01  3.8485E-01  0.0000E+00
  2.2946E+00  3.7750E-01  3.7750E-01  0.0000E+00
  2.3103E+00  3.7020E-01  3.7020E-01  0.0000E+00
  2.3261E+00  3.6298E-01  3.6298E-01  0.0000E+00
  2.3420E+00  3.5583E-01  3.5583E-01  0.0000E+00
  2.3580E+00  3.4874E-01  3.4874E-01  0.0000E+00
  2.3742E+00  3.4173E-01  3.4173E-01  0.0000E+00
  2.3904E+00  3.3479E-01  3.3479E-01  0.0000E+00
  2.4068E+00  3.2793E-01  3.2793E-01  0.0000E+00
  2.4232E+00  3.2114E-01  3.2114E-01  0.0000E+00
  2.4398E+00  3.1443E-01  3.1443E-01  0.0000E+00
  2.4565E+00  3.0779E-01  3.0779E-01  0.0000E+00
  2.4733E+00  3.0124E-01  3.0124E-01  0.0000E+00
  2.4902E+00  2.9476E-01  2.9476E-01  0.0000E+00
  2.5072E+00  2.8836E-01  2.8836E-01  0.0000E+00
  2.5244E+00  2.8204E-01  2.8204E-01  0.0000E+00
  2.5417E+00  2.7581E-01  2.7581E-01  0.0000E+00
  2.5590E+00  2.6965E-01  2.6965E-01  0.0000E+00
  2.5765E+00  2.6358E-01  2.6358E-01  0.0000E+00
  2.5942E+00  2.5759E-01  2.5759E-01  0.0000E+00
  2.6119E+00  2.5168E-01  2.5168E-01  0.0000E+00
  2.6298E+00  2.4586E-01  2.4586E-01  0.0000E+00
  2.6478E+00  2.4012E-01  2.4012E-01  0.0000E+00
  2.6659E+00  2.3447E-01  2.3447E-01  0.0000E+00
  2.6841E+00  2.2890E-01  2.2890E-01  0.0000E+00
  2.7025E+00  2.2341E-01  2.2341E-01  0.0000E+00
  2.7210E+00  2.1801E-01  2.1801E-01  0.0000E+00
  2.7396E+00  2.1269E-01  2.1269E-01  0.0000E+00
  2.7583E+00  2.0746E-01  2.0746E-01  0.0000E+00
  2.7772E+00  2.0231E-01  2.0231E-01  0.0000E+00
  2.7962E+00  1.9725E-01  1.9725E-01  0.0000E+00
  2.8153E+00  1.9227E-01  1.9227E-01  0.0000E+00
  2.8345E+00  1.8738E-01  1.8738E-01  0.0000E+00
  2.8539E+00  1.8256E-01  1.8256E-01  0.0000E+00
  2.8735E+00  1.7784E-01  1.7784E-01  0.0000E+00
  2.8931E+00  1.7319E-01  1.7319E-01  0.0000E+00
  2.9129E+00  1.6863E-01  1.6863E-01  0.0000E+00
  2.9328E+00  1.6415E-01  1.6415E-01  0.0000E+00
  2.9529E+00  1.5976E-01  1.5976E-01  0.0000E+00
  2.9731E+00  1.5545E-01  1.5545E-01  0.0000E+00
  2.9934E+00  1.5121E-01  1.5121E-01  0.0000E+00
  3.0139E+00  1.4706E-01  1.4706E-01  0.0000E+00
  3.0345E+00  1.4299E-01  1.4299E-01  0.0000E+00
  3.0553E+00  1.3900E-01  1.3900E-01  0.0000E+00
  3.0762E+00  1.3509E-01  1.3509E-01  0.0000E+00
  3.0972E+00  1.3126E-01  1.3126E-01  0.0000E+00
  3.1184E+00  1.2750E-01  1.2750E-01  0.0000E+00
  3.1397E+00  1.2383E-01  1.2383E-01  0.0000E+00
  3.1612E+00  1.2023E-01  1.2023E-01  0.0000E+00
  3.1828E+00  1.1670E-01  1.1670E-01  0.0000E+00
