 # l=           0 basis function with energy    -4.4897214822809079     
  0.0000E+00  0.0000E+00  0.0000E+00  0.0000E+00
  6.5668E-07  1.1421E-04  1.0837E-06 -2.7586E-06
  1.3178E-06  2.0721E-04  2.1749E-06 -5.5362E-06
  1.9835E-06  2.9395E-04  3.2735E-06 -8.3327E-06
  2.6538E-06  3.7704E-04  4.3796E-06 -1.1148E-05
  3.3286E-06  4.5760E-04  5.4933E-06 -1.3983E-05
  4.0081E-06  5.3636E-04  6.6146E-06 -1.6838E-05
  4.6922E-06  6.1371E-04  7.7436E-06 -1.9711E-05
  5.3809E-06  6.8995E-04  8.8803E-06 -2.2605E-05
  6.0744E-06  7.6529E-04  1.0025E-05 -2.5518E-05
  6.7726E-06  8.3988E-04  1.1177E-05 -2.8451E-05
  7.4756E-06  9.1386E-04  1.2337E-05 -3.1404E-05
  8.1834E-06  9.8732E-04  1.3505E-05 -3.4378E-05
  8.8961E-06  1.0603E-03  1.4681E-05 -3.7372E-05
  9.6136E-06  1.1330E-03  1.5866E-05 -4.0386E-05
  1.0336E-05  1.2054E-03  1.7058E-05 -4.3421E-05
  1.1063E-05  1.2775E-03  1.8258E-05 -4.6477E-05
  1.1796E-05  1.3494E-03  1.9467E-05 -4.9553E-05
  1.2533E-05  1.4212E-03  2.0684E-05 -5.2651E-05
  1.3276E-05  1.4928E-03  2.1909E-05 -5.5769E-05
  1.4023E-05  1.5643E-03  2.3143E-05 -5.8910E-05
  1.4776E-05  1.6357E-03  2.4385E-05 -6.2071E-05
  1.5533E-05  1.7071E-03  2.5635E-05 -6.5254E-05
  1.6296E-05  1.7785E-03  2.6894E-05 -6.8459E-05
  1.7064E-05  1.8498E-03  2.8162E-05 -7.1686E-05
  1.7838E-05  1.9212E-03  2.9438E-05 -7.4935E-05
  1.8617E-05  1.9926E-03  3.0723E-05 -7.8206E-05
  1.9401E-05  2.0640E-03  3.2017E-05 -8.1500E-05
  2.0190E-05  2.1355E-03  3.3320E-05 -8.4816E-05
  2.0985E-05  2.2070E-03  3.4632E-05 -8.8155E-05
  2.1785E-05  2.2787E-03  3.5952E-05 -9.1516E-05
  2.2591E-05  2.3504E-03  3.7282E-05 -9.4901E-05
  2.3402E-05  2.4223E-03  3.8621E-05 -9.8309E-05
  2.4218E-05  2.4942E-03  3.9968E-05 -1.0174E-04
  2.5041E-05  2.5663E-03  4.1326E-05 -1.0519E-04
  2.5869E-05  2.6385E-03  4.2692E-05 -1.0867E-04
  2.6702E-05  2.7109E-03  4.4068E-05 -1.1217E-04
  2.7542E-05  2.7834E-03  4.5453E-05 -1.1570E-04
  2.8387E-05  2.8561E-03  4.6847E-05 -1.1925E-04
  2.9238E-05  2.9290E-03  4.8252E-05 -1.2282E-04
  3.0094E-05  3.0020E-03  4.9665E-05 -1.2642E-04
  3.0957E-05  3.0753E-03  5.1089E-05 -1.3005E-04
  3.1825E-05  3.1487E-03  5.2522E-05 -1.3369E-04
  3.2700E-05  3.2223E-03  5.3965E-05 -1.3737E-04
  3.3580E-05  3.2961E-03  5.5418E-05 -1.4107E-04
  3.4466E-05  3.3702E-03  5.6881E-05 -1.4479E-04
  3.5359E-05  3.4444E-03  5.8353E-05 -1.4854E-04
  3.6257E-05  3.5189E-03  5.9836E-05 -1.5231E-04
  3.7162E-05  3.5936E-03  6.1329E-05 -1.5611E-04
  3.8073E-05  3.6686E-03  6.2832E-05 -1.5994E-04
  3.8990E-05  3.7437E-03  6.4346E-05 -1.6379E-04
  3.9913E-05  3.8191E-03  6.5870E-05 -1.6767E-04
  4.0843E-05  3.8948E-03  6.7404E-05 -1.7158E-04
  4.1779E-05  3.9707E-03  6.8949E-05 -1.7551E-04
  4.2721E-05  4.0469E-03  7.0504E-05 -1.7947E-04
  4.3670E-05  4.1234E-03  7.2070E-05 -1.8345E-04
  4.4626E-05  4.2001E-03  7.3647E-05 -1.8747E-04
  4.5588E-05  4.2771E-03  7.5234E-05 -1.9151E-04
  4.6556E-05  4.3543E-03  7.6833E-05 -1.9558E-04
  4.7531E-05  4.4319E-03  7.8442E-05 -1.9967E-04
  4.8513E-05  4.5097E-03  8.0062E-05 -2.0380E-04
  4.9501E-05  4.5878E-03  8.1694E-05 -2.0795E-04
  5.0497E-05  4.6662E-03  8.3336E-05 -2.1213E-04
  5.1499E-05  4.7449E-03  8.4990E-05 -2.1634E-04
  5.2508E-05  4.8239E-03  8.6655E-05 -2.2058E-04
  5.3523E-05  4.9033E-03  8.8331E-05 -2.2485E-04
  5.4546E-05  4.9829E-03  9.0019E-05 -2.2914E-04
  5.5576E-05  5.0628E-03  9.1719E-05 -2.3347E-04
  5.6613E-05  5.1431E-03  9.3430E-05 -2.3783E-04
  5.7657E-05  5.2236E-03  9.5152E-05 -2.4221E-04
  5.8708E-05  5.3045E-03  9.6887E-05 -2.4663E-04
  5.9766E-05  5.3857E-03  9.8633E-05 -2.5107E-04
  6.0831E-05  5.4673E-03  1.0039E-04 -2.5555E-04
  6.1904E-05  5.5492E-03  1.0216E-04 -2.6005E-04
  6.2984E-05  5.6314E-03  1.0394E-04 -2.6459E-04
  6.4072E-05  5.7140E-03  1.0574E-04 -2.6916E-04
  6.5167E-05  5.7969E-03  1.0755E-04 -2.7376E-04
  6.6269E-05  5.8801E-03  1.0937E-04 -2.7839E-04
  6.7379E-05  5.9637E-03  1.1120E-04 -2.8305E-04
  6.8497E-05  6.0477E-03  1.1304E-04 -2.8775E-04
  6.9622E-05  6.1320E-03  1.1490E-04 -2.9248E-04
  7.0755E-05  6.2167E-03  1.1677E-04 -2.9723E-04
  7.1895E-05  6.3017E-03  1.1865E-04 -3.0203E-04
  7.3044E-05  6.3871E-03  1.2055E-04 -3.0685E-04
  7.4200E-05  6.4729E-03  1.2245E-04 -3.1171E-04
  7.5364E-05  6.5591E-03  1.2438E-04 -3.1660E-04
  7.6536E-05  6.6456E-03  1.2631E-04 -3.2152E-04
  7.7717E-05  6.7325E-03  1.2826E-04 -3.2648E-04
  7.8905E-05  6.8198E-03  1.3022E-04 -3.3147E-04
  8.0101E-05  6.9075E-03  1.3219E-04 -3.3650E-04
  8.1306E-05  6.9955E-03  1.3418E-04 -3.4156E-04
  8.2519E-05  7.0840E-03  1.3618E-04 -3.4665E-04
  8.3740E-05  7.1729E-03  1.3820E-04 -3.5178E-04
  8.4969E-05  7.2621E-03  1.4023E-04 -3.5695E-04
  8.6207E-05  7.3518E-03  1.4227E-04 -3.6215E-04
  8.7453E-05  7.4419E-03  1.4433E-04 -3.6738E-04
  8.8708E-05  7.5323E-03  1.4640E-04 -3.7265E-04
  8.9971E-05  7.6232E-03  1.4848E-04 -3.7796E-04
  9.1244E-05  7.7145E-03  1.5058E-04 -3.8331E-04
  9.2524E-05  7.8063E-03  1.5270E-04 -3.8869E-04
  9.3814E-05  7.8984E-03  1.5482E-04 -3.9410E-04
  9.5112E-05  7.9910E-03  1.5697E-04 -3.9956E-04
  9.6419E-05  8.0840E-03  1.5912E-04 -4.0505E-04
  9.7736E-05  8.1774E-03  1.6130E-04 -4.1058E-04
  9.9061E-05  8.2713E-03  1.6348E-04 -4.1615E-04
  1.0040E-04  8.3655E-03  1.6568E-04 -4.2175E-04
  1.0174E-04  8.4603E-03  1.6790E-04 -4.2739E-04
  1.0309E-04  8.5555E-03  1.7013E-04 -4.3308E-04
  1.0445E-04  8.6511E-03  1.7238E-04 -4.3880E-04
  1.0582E-04  8.7472E-03  1.7464E-04 -4.4456E-04
  1.0720E-04  8.8437E-03  1.7692E-04 -4.5036E-04
  1.0859E-04  8.9407E-03  1.7922E-04 -4.5620E-04
  1.0999E-04  9.0381E-03  1.8153E-04 -4.6207E-04
  1.1140E-04  9.1360E-03  1.8385E-04 -4.6799E-04
  1.1282E-04  9.2344E-03  1.8619E-04 -4.7395E-04
  1.1425E-04  9.3332E-03  1.8855E-04 -4.7995E-04
  1.1569E-04  9.4325E-03  1.9092E-04 -4.8599E-04
  1.1714E-04  9.5323E-03  1.9331E-04 -4.9208E-04
  1.1859E-04  9.6325E-03  1.9572E-04 -4.9820E-04
  1.2006E-04  9.7332E-03  1.9814E-04 -5.0437E-04
  1.2154E-04  9.8345E-03  2.0058E-04 -5.1058E-04
  1.2303E-04  9.9362E-03  2.0304E-04 -5.1683E-04
  1.2453E-04  1.0038E-02  2.0551E-04 -5.2312E-04
  1.2603E-04  1.0141E-02  2.0800E-04 -5.2946E-04
  1.2755E-04  1.0244E-02  2.1050E-04 -5.3584E-04
  1.2908E-04  1.0348E-02  2.1303E-04 -5.4226E-04
  1.3062E-04  1.0452E-02  2.1557E-04 -5.4873E-04
  1.3217E-04  1.0557E-02  2.1813E-04 -5.5524E-04
  1.3373E-04  1.0662E-02  2.2070E-04 -5.6180E-04
  1.3530E-04  1.0768E-02  2.2330E-04 -5.6840E-04
  1.3689E-04  1.0874E-02  2.2591E-04 -5.7505E-04
  1.3848E-04  1.0981E-02  2.2854E-04 -5.8174E-04
  1.4008E-04  1.1088E-02  2.3118E-04 -5.8847E-04
  1.4170E-04  1.1196E-02  2.3385E-04 -5.9526E-04
  1.4332E-04  1.1304E-02  2.3653E-04 -6.0209E-04
  1.4496E-04  1.1413E-02  2.3923E-04 -6.0897E-04
  1.4661E-04  1.1522E-02  2.4195E-04 -6.1589E-04
  1.4827E-04  1.1632E-02  2.4469E-04 -6.2286E-04
  1.4994E-04  1.1742E-02  2.4745E-04 -6.2988E-04
  1.5162E-04  1.1853E-02  2.5022E-04 -6.3695E-04
  1.5331E-04  1.1965E-02  2.5302E-04 -6.4406E-04
  1.5502E-04  1.2077E-02  2.5583E-04 -6.5123E-04
  1.5674E-04  1.2190E-02  2.5867E-04 -6.5844E-04
  1.5847E-04  1.2303E-02  2.6152E-04 -6.6570E-04
  1.6021E-04  1.2417E-02  2.6439E-04 -6.7301E-04
  1.6196E-04  1.2531E-02  2.6728E-04 -6.8037E-04
  1.6372E-04  1.2646E-02  2.7020E-04 -6.8779E-04
  1.6550E-04  1.2761E-02  2.7313E-04 -6.9525E-04
  1.6729E-04  1.2877E-02  2.7608E-04 -7.0276E-04
  1.6909E-04  1.2994E-02  2.7905E-04 -7.1033E-04
  1.7090E-04  1.3111E-02  2.8205E-04 -7.1795E-04
  1.7273E-04  1.3229E-02  2.8506E-04 -7.2562E-04
  1.7457E-04  1.3347E-02  2.8809E-04 -7.3334E-04
  1.7642E-04  1.3466E-02  2.9115E-04 -7.4111E-04
  1.7828E-04  1.3586E-02  2.9422E-04 -7.4894E-04
  1.8016E-04  1.3706E-02  2.9732E-04 -7.5682E-04
  1.8205E-04  1.3826E-02  3.0043E-04 -7.6476E-04
  1.8395E-04  1.3948E-02  3.0357E-04 -7.7275E-04
  1.8586E-04  1.4070E-02  3.0673E-04 -7.8079E-04
  1.8779E-04  1.4192E-02  3.0991E-04 -7.8889E-04
  1.8973E-04  1.4315E-02  3.1312E-04 -7.9704E-04
  1.9169E-04  1.4439E-02  3.1634E-04 -8.0525E-04
  1.9365E-04  1.4563E-02  3.1959E-04 -8.1352E-04
  1.9563E-04  1.4688E-02  3.2286E-04 -8.2184E-04
  1.9763E-04  1.4814E-02  3.2615E-04 -8.3022E-04
  1.9964E-04  1.4940E-02  3.2947E-04 -8.3866E-04
  2.0166E-04  1.5067E-02  3.3280E-04 -8.4716E-04
  2.0370E-04  1.5195E-02  3.3616E-04 -8.5571E-04
  2.0575E-04  1.5323E-02  3.3955E-04 -8.6432E-04
  2.0781E-04  1.5452E-02  3.4295E-04 -8.7299E-04
  2.0989E-04  1.5581E-02  3.4638E-04 -8.8172E-04
  2.1198E-04  1.5711E-02  3.4984E-04 -8.9051E-04
  2.1409E-04  1.5842E-02  3.5331E-04 -8.9936E-04
  2.1621E-04  1.5973E-02  3.5681E-04 -9.0827E-04
  2.1834E-04  1.6105E-02  3.6034E-04 -9.1724E-04
  2.2049E-04  1.6238E-02  3.6389E-04 -9.2627E-04
  2.2266E-04  1.6372E-02  3.6746E-04 -9.3537E-04
  2.2484E-04  1.6506E-02  3.7106E-04 -9.4452E-04
  2.2703E-04  1.6640E-02  3.7468E-04 -9.5374E-04
  2.2924E-04  1.6776E-02  3.7832E-04 -9.6302E-04
  2.3147E-04  1.6912E-02  3.8200E-04 -9.7237E-04
  2.3371E-04  1.7049E-02  3.8569E-04 -9.8178E-04
  2.3596E-04  1.7186E-02  3.8941E-04 -9.9125E-04
  2.3823E-04  1.7325E-02  3.9316E-04 -1.0008E-03
  2.4052E-04  1.7463E-02  3.9693E-04 -1.0104E-03
  2.4282E-04  1.7603E-02  4.0073E-04 -1.0201E-03
  2.4514E-04  1.7743E-02  4.0456E-04 -1.0298E-03
  2.4747E-04  1.7884E-02  4.0841E-04 -1.0396E-03
  2.4982E-04  1.8026E-02  4.1229E-04 -1.0495E-03
  2.5219E-04  1.8168E-02  4.1619E-04 -1.0594E-03
  2.5457E-04  1.8312E-02  4.2012E-04 -1.0694E-03
  2.5697E-04  1.8455E-02  4.2408E-04 -1.0795E-03
  2.5938E-04  1.8600E-02  4.2806E-04 -1.0896E-03
  2.6181E-04  1.8745E-02  4.3207E-04 -1.0998E-03
  2.6426E-04  1.8891E-02  4.3611E-04 -1.1101E-03
  2.6672E-04  1.9038E-02  4.4018E-04 -1.1205E-03
  2.6920E-04  1.9186E-02  4.4427E-04 -1.1309E-03
  2.7170E-04  1.9334E-02  4.4840E-04 -1.1414E-03
  2.7422E-04  1.9483E-02  4.5255E-04 -1.1520E-03
  2.7675E-04  1.9633E-02  4.5673E-04 -1.1626E-03
  2.7930E-04  1.9783E-02  4.6093E-04 -1.1733E-03
  2.8186E-04  1.9935E-02  4.6517E-04 -1.1841E-03
  2.8445E-04  2.0087E-02  4.6943E-04 -1.1949E-03
  2.8705E-04  2.0239E-02  4.7373E-04 -1.2059E-03
  2.8967E-04  2.0393E-02  4.7805E-04 -1.2169E-03
  2.9231E-04  2.0547E-02  4.8241E-04 -1.2280E-03
  2.9497E-04  2.0703E-02  4.8679E-04 -1.2391E-03
  2.9764E-04  2.0859E-02  4.9120E-04 -1.2504E-03
  3.0033E-04  2.1015E-02  4.9565E-04 -1.2617E-03
  3.0304E-04  2.1173E-02  5.0012E-04 -1.2731E-03
  3.0577E-04  2.1331E-02  5.0463E-04 -1.2845E-03
  3.0852E-04  2.1490E-02  5.0916E-04 -1.2961E-03
  3.1129E-04  2.1650E-02  5.1373E-04 -1.3077E-03
  3.1407E-04  2.1811E-02  5.1832E-04 -1.3194E-03
  3.1688E-04  2.1972E-02  5.2295E-04 -1.3312E-03
  3.1970E-04  2.2135E-02  5.2761E-04 -1.3430E-03
  3.2255E-04  2.2298E-02  5.3231E-04 -1.3550E-03
  3.2541E-04  2.2462E-02  5.3703E-04 -1.3670E-03
  3.2829E-04  2.2627E-02  5.4179E-04 -1.3791E-03
  3.3119E-04  2.2792E-02  5.4658E-04 -1.3913E-03
  3.3412E-04  2.2959E-02  5.5140E-04 -1.4036E-03
  3.3706E-04  2.3126E-02  5.5625E-04 -1.4159E-03
  3.4002E-04  2.3294E-02  5.6114E-04 -1.4284E-03
  3.4300E-04  2.3463E-02  5.6607E-04 -1.4409E-03
  3.4600E-04  2.3633E-02  5.7102E-04 -1.4535E-03
  3.4903E-04  2.3804E-02  5.7601E-04 -1.4662E-03
  3.5207E-04  2.3975E-02  5.8103E-04 -1.4790E-03
  3.5514E-04  2.4148E-02  5.8609E-04 -1.4919E-03
  3.5822E-04  2.4321E-02  5.9118E-04 -1.5049E-03
  3.6133E-04  2.4495E-02  5.9631E-04 -1.5179E-03
  3.6446E-04  2.4670E-02  6.0147E-04 -1.5311E-03
  3.6761E-04  2.4846E-02  6.0667E-04 -1.5443E-03
  3.7078E-04  2.5023E-02  6.1190E-04 -1.5576E-03
  3.7397E-04  2.5201E-02  6.1717E-04 -1.5710E-03
  3.7719E-04  2.5379E-02  6.2248E-04 -1.5845E-03
  3.8042E-04  2.5559E-02  6.2782E-04 -1.5981E-03
  3.8368E-04  2.5739E-02  6.3320E-04 -1.6118E-03
  3.8696E-04  2.5921E-02  6.3861E-04 -1.6256E-03
  3.9026E-04  2.6103E-02  6.4406E-04 -1.6395E-03
  3.9359E-04  2.6286E-02  6.4955E-04 -1.6534E-03
  3.9694E-04  2.6470E-02  6.5508E-04 -1.6675E-03
  4.0031E-04  2.6655E-02  6.6064E-04 -1.6817E-03
  4.0371E-04  2.6841E-02  6.6625E-04 -1.6959E-03
  4.0712E-04  2.7028E-02  6.7189E-04 -1.7103E-03
  4.1057E-04  2.7215E-02  6.7757E-04 -1.7247E-03
  4.1403E-04  2.7404E-02  6.8329E-04 -1.7393E-03
  4.1752E-04  2.7594E-02  6.8904E-04 -1.7540E-03
  4.2103E-04  2.7784E-02  6.9484E-04 -1.7687E-03
  4.2457E-04  2.7976E-02  7.0068E-04 -1.7836E-03
  4.2813E-04  2.8168E-02  7.0655E-04 -1.7985E-03
  4.3171E-04  2.8362E-02  7.1247E-04 -1.8136E-03
  4.3532E-04  2.8556E-02  7.1843E-04 -1.8288E-03
  4.3896E-04  2.8751E-02  7.2442E-04 -1.8440E-03
  4.4262E-04  2.8948E-02  7.3046E-04 -1.8594E-03
  4.4630E-04  2.9145E-02  7.3654E-04 -1.8749E-03
  4.5001E-04  2.9343E-02  7.4266E-04 -1.8905E-03
  4.5374E-04  2.9543E-02  7.4883E-04 -1.9061E-03
  4.5750E-04  2.9743E-02  7.5503E-04 -1.9219E-03
  4.6129E-04  2.9944E-02  7.6128E-04 -1.9378E-03
  4.6510E-04  3.0146E-02  7.6757E-04 -1.9539E-03
  4.6894E-04  3.0350E-02  7.7390E-04 -1.9700E-03
  4.7280E-04  3.0554E-02  7.8028E-04 -1.9862E-03
  4.7669E-04  3.0759E-02  7.8670E-04 -2.0026E-03
  4.8061E-04  3.0966E-02  7.9317E-04 -2.0190E-03
  4.8456E-04  3.1173E-02  7.9968E-04 -2.0356E-03
  4.8853E-04  3.1381E-02  8.0623E-04 -2.0523E-03
  4.9253E-04  3.1591E-02  8.1283E-04 -2.0691E-03
  4.9655E-04  3.1801E-02  8.1947E-04 -2.0860E-03
  5.0060E-04  3.2012E-02  8.2616E-04 -2.1030E-03
  5.0468E-04  3.2225E-02  8.3289E-04 -2.1201E-03
  5.0879E-04  3.2438E-02  8.3968E-04 -2.1374E-03
  5.1293E-04  3.2653E-02  8.4650E-04 -2.1548E-03
  5.1709E-04  3.2868E-02  8.5338E-04 -2.1723E-03
  5.2129E-04  3.3085E-02  8.6030E-04 -2.1899E-03
  5.2551E-04  3.3303E-02  8.6726E-04 -2.2076E-03
  5.2976E-04  3.3522E-02  8.7428E-04 -2.2255E-03
  5.3404E-04  3.3742E-02  8.8134E-04 -2.2435E-03
  5.3835E-04  3.3963E-02  8.8846E-04 -2.2616E-03
  5.4269E-04  3.4185E-02  8.9562E-04 -2.2798E-03
  5.4706E-04  3.4408E-02  9.0283E-04 -2.2981E-03
  5.5146E-04  3.4632E-02  9.1008E-04 -2.3166E-03
  5.5589E-04  3.4857E-02  9.1739E-04 -2.3352E-03
  5.6034E-04  3.5083E-02  9.2475E-04 -2.3540E-03
  5.6483E-04  3.5311E-02  9.3216E-04 -2.3728E-03
  5.6935E-04  3.5540E-02  9.3962E-04 -2.3918E-03
  5.7390E-04  3.5769E-02  9.4713E-04 -2.4109E-03
  5.7849E-04  3.6000E-02  9.5469E-04 -2.4302E-03
  5.8310E-04  3.6232E-02  9.6231E-04 -2.4496E-03
  5.8775E-04  3.6465E-02  9.6997E-04 -2.4691E-03
  5.9242E-04  3.6699E-02  9.7769E-04 -2.4887E-03
  5.9713E-04  3.6935E-02  9.8546E-04 -2.5085E-03
  6.0187E-04  3.7171E-02  9.9329E-04 -2.5284E-03
  6.0665E-04  3.7409E-02  1.0012E-03 -2.5485E-03
  6.1145E-04  3.7647E-02  1.0091E-03 -2.5687E-03
  6.1629E-04  3.7887E-02  1.0171E-03 -2.5890E-03
  6.2116E-04  3.8128E-02  1.0251E-03 -2.6094E-03
  6.2607E-04  3.8370E-02  1.0332E-03 -2.6301E-03
  6.3101E-04  3.8614E-02  1.0414E-03 -2.6508E-03
  6.3598E-04  3.8858E-02  1.0496E-03 -2.6717E-03
  6.4099E-04  3.9104E-02  1.0578E-03 -2.6927E-03
  6.4603E-04  3.9351E-02  1.0662E-03 -2.7139E-03
  6.5110E-04  3.9599E-02  1.0745E-03 -2.7352E-03
  6.5621E-04  3.9848E-02  1.0830E-03 -2.7567E-03
  6.6136E-04  4.0099E-02  1.0915E-03 -2.7783E-03
  6.6654E-04  4.0350E-02  1.1000E-03 -2.8001E-03
  6.7175E-04  4.0603E-02  1.1086E-03 -2.8220E-03
  6.7700E-04  4.0857E-02  1.1173E-03 -2.8440E-03
  6.8229E-04  4.1112E-02  1.1260E-03 -2.8662E-03
  6.8762E-04  4.1368E-02  1.1348E-03 -2.8886E-03
  6.9298E-04  4.1626E-02  1.1436E-03 -2.9111E-03
  6.9837E-04  4.1885E-02  1.1525E-03 -2.9338E-03
  7.0381E-04  4.2145E-02  1.1615E-03 -2.9566E-03
  7.0928E-04  4.2406E-02  1.1705E-03 -2.9796E-03
  7.1478E-04  4.2669E-02  1.1796E-03 -3.0027E-03
  7.2033E-04  4.2932E-02  1.1888E-03 -3.0260E-03
  7.2591E-04  4.3197E-02  1.1980E-03 -3.0495E-03
  7.3153E-04  4.3464E-02  1.2073E-03 -3.0731E-03
  7.3720E-04  4.3731E-02  1.2166E-03 -3.0969E-03
  7.4289E-04  4.4000E-02  1.2260E-03 -3.1208E-03
  7.4863E-04  4.4270E-02  1.2355E-03 -3.1449E-03
  7.5441E-04  4.4541E-02  1.2450E-03 -3.1692E-03
  7.6023E-04  4.4813E-02  1.2546E-03 -3.1936E-03
  7.6608E-04  4.5087E-02  1.2643E-03 -3.2182E-03
  7.7198E-04  4.5362E-02  1.2740E-03 -3.2430E-03
  7.7792E-04  4.5638E-02  1.2838E-03 -3.2680E-03
  7.8389E-04  4.5916E-02  1.2937E-03 -3.2931E-03
  7.8991E-04  4.6195E-02  1.3036E-03 -3.3183E-03
  7.9597E-04  4.6475E-02  1.3136E-03 -3.3438E-03
  8.0207E-04  4.6756E-02  1.3237E-03 -3.3694E-03
  8.0822E-04  4.7039E-02  1.3338E-03 -3.3952E-03
  8.1440E-04  4.7323E-02  1.3440E-03 -3.4212E-03
  8.2063E-04  4.7608E-02  1.3543E-03 -3.4474E-03
  8.2690E-04  4.7895E-02  1.3646E-03 -3.4737E-03
  8.3321E-04  4.8183E-02  1.3751E-03 -3.5002E-03
  8.3956E-04  4.8472E-02  1.3856E-03 -3.5269E-03
  8.4596E-04  4.8763E-02  1.3961E-03 -3.5538E-03
  8.5241E-04  4.9054E-02  1.4068E-03 -3.5809E-03
  8.5889E-04  4.9348E-02  1.4175E-03 -3.6081E-03
  8.6543E-04  4.9642E-02  1.4282E-03 -3.6356E-03
  8.7200E-04  4.9938E-02  1.4391E-03 -3.6632E-03
  8.7862E-04  5.0235E-02  1.4500E-03 -3.6910E-03
  8.8529E-04  5.0533E-02  1.4610E-03 -3.7190E-03
  8.9200E-04  5.0833E-02  1.4721E-03 -3.7472E-03
  8.9876E-04  5.1134E-02  1.4832E-03 -3.7756E-03
  9.0556E-04  5.1437E-02  1.4945E-03 -3.8042E-03
  9.1241E-04  5.1741E-02  1.5058E-03 -3.8330E-03
  9.1931E-04  5.2046E-02  1.5172E-03 -3.8619E-03
  9.2626E-04  5.2353E-02  1.5286E-03 -3.8911E-03
  9.3325E-04  5.2660E-02  1.5402E-03 -3.9205E-03
  9.4029E-04  5.2970E-02  1.5518E-03 -3.9501E-03
  9.4738E-04  5.3280E-02  1.5635E-03 -3.9798E-03
  9.5451E-04  5.3592E-02  1.5753E-03 -4.0098E-03
  9.6170E-04  5.3906E-02  1.5871E-03 -4.0400E-03
  9.6893E-04  5.4221E-02  1.5991E-03 -4.0704E-03
  9.7622E-04  5.4537E-02  1.6111E-03 -4.1010E-03
  9.8355E-04  5.4854E-02  1.6232E-03 -4.1318E-03
  9.9093E-04  5.5173E-02  1.6354E-03 -4.1628E-03
  9.9837E-04  5.5493E-02  1.6476E-03 -4.1940E-03
  1.0059E-03  5.5815E-02  1.6600E-03 -4.2255E-03
  1.0134E-03  5.6138E-02  1.6724E-03 -4.2572E-03
  1.0210E-03  5.6463E-02  1.6849E-03 -4.2890E-03
  1.0286E-03  5.6788E-02  1.6976E-03 -4.3211E-03
  1.0363E-03  5.7116E-02  1.7103E-03 -4.3534E-03
  1.0441E-03  5.7444E-02  1.7230E-03 -4.3860E-03
  1.0519E-03  5.7774E-02  1.7359E-03 -4.4187E-03
  1.0597E-03  5.8106E-02  1.7489E-03 -4.4517E-03
  1.0676E-03  5.8439E-02  1.7619E-03 -4.4849E-03
  1.0756E-03  5.8773E-02  1.7750E-03 -4.5184E-03
  1.0836E-03  5.9109E-02  1.7883E-03 -4.5520E-03
  1.0916E-03  5.9446E-02  1.8016E-03 -4.5859E-03
  1.0998E-03  5.9784E-02  1.8150E-03 -4.6200E-03
  1.1080E-03  6.0124E-02  1.8285E-03 -4.6544E-03
  1.1162E-03  6.0466E-02  1.8421E-03 -4.6890E-03
  1.1245E-03  6.0809E-02  1.8558E-03 -4.7238E-03
  1.1328E-03  6.1153E-02  1.8695E-03 -4.7589E-03
  1.1412E-03  6.1499E-02  1.8834E-03 -4.7942E-03
  1.1497E-03  6.1846E-02  1.8974E-03 -4.8297E-03
  1.1582E-03  6.2194E-02  1.9114E-03 -4.8655E-03
  1.1668E-03  6.2544E-02  1.9256E-03 -4.9016E-03
  1.1754E-03  6.2896E-02  1.9398E-03 -4.9379E-03
  1.1841E-03  6.3248E-02  1.9542E-03 -4.9744E-03
  1.1929E-03  6.3603E-02  1.9686E-03 -5.0112E-03
  1.2017E-03  6.3958E-02  1.9832E-03 -5.0482E-03
  1.2106E-03  6.4316E-02  1.9978E-03 -5.0855E-03
  1.2195E-03  6.4674E-02  2.0126E-03 -5.1230E-03
  1.2285E-03  6.5034E-02  2.0274E-03 -5.1608E-03
  1.2376E-03  6.5396E-02  2.0424E-03 -5.1989E-03
  1.2467E-03  6.5759E-02  2.0574E-03 -5.2372E-03
  1.2559E-03  6.6123E-02  2.0726E-03 -5.2758E-03
  1.2651E-03  6.6489E-02  2.0879E-03 -5.3146E-03
  1.2744E-03  6.6856E-02  2.1032E-03 -5.3537E-03
  1.2838E-03  6.7225E-02  2.1187E-03 -5.3931E-03
  1.2932E-03  6.7595E-02  2.1343E-03 -5.4328E-03
  1.3027E-03  6.7967E-02  2.1500E-03 -5.4727E-03
  1.3123E-03  6.8340E-02  2.1657E-03 -5.5129E-03
  1.3219E-03  6.8714E-02  2.1816E-03 -5.5533E-03
  1.3316E-03  6.9090E-02  2.1976E-03 -5.5941E-03
  1.3414E-03  6.9468E-02  2.2138E-03 -5.6351E-03
  1.3512E-03  6.9847E-02  2.2300E-03 -5.6764E-03
  1.3611E-03  7.0227E-02  2.2463E-03 -5.7180E-03
  1.3711E-03  7.0609E-02  2.2628E-03 -5.7599E-03
  1.3811E-03  7.0992E-02  2.2793E-03 -5.8020E-03
  1.3912E-03  7.1377E-02  2.2960E-03 -5.8445E-03
  1.4014E-03  7.1763E-02  2.3128E-03 -5.8872E-03
  1.4117E-03  7.2151E-02  2.3297E-03 -5.9302E-03
  1.4220E-03  7.2540E-02  2.3467E-03 -5.9735E-03
  1.4324E-03  7.2930E-02  2.3638E-03 -6.0172E-03
  1.4428E-03  7.3322E-02  2.3811E-03 -6.0611E-03
  1.4533E-03  7.3716E-02  2.3985E-03 -6.1053E-03
  1.4639E-03  7.4110E-02  2.4160E-03 -6.1498E-03
  1.4746E-03  7.4507E-02  2.4336E-03 -6.1946E-03
  1.4853E-03  7.4904E-02  2.4513E-03 -6.2398E-03
  1.4962E-03  7.5304E-02  2.4691E-03 -6.2852E-03
  1.5070E-03  7.5704E-02  2.4871E-03 -6.3309E-03
  1.5180E-03  7.6106E-02  2.5052E-03 -6.3770E-03
  1.5291E-03  7.6510E-02  2.5234E-03 -6.4234E-03
  1.5402E-03  7.6915E-02  2.5418E-03 -6.4701E-03
  1.5514E-03  7.7321E-02  2.5602E-03 -6.5171E-03
  1.5626E-03  7.7729E-02  2.5788E-03 -6.5644E-03
  1.5740E-03  7.8138E-02  2.5976E-03 -6.6121E-03
  1.5854E-03  7.8549E-02  2.6164E-03 -6.6601E-03
  1.5969E-03  7.8961E-02  2.6354E-03 -6.7084E-03
  1.6085E-03  7.9375E-02  2.6545E-03 -6.7570E-03
  1.6201E-03  7.9790E-02  2.6737E-03 -6.8060E-03
  1.6319E-03  8.0206E-02  2.6931E-03 -6.8553E-03
  1.6437E-03  8.0624E-02  2.7126E-03 -6.9049E-03
  1.6556E-03  8.1043E-02  2.7323E-03 -6.9549E-03
  1.6676E-03  8.1464E-02  2.7520E-03 -7.0053E-03
  1.6796E-03  8.1886E-02  2.7719E-03 -7.0559E-03
  1.6918E-03  8.2309E-02  2.7920E-03 -7.1069E-03
  1.7040E-03  8.2734E-02  2.8122E-03 -7.1583E-03
  1.7163E-03  8.3160E-02  2.8325E-03 -7.2100E-03
  1.7287E-03  8.3588E-02  2.8529E-03 -7.2621E-03
  1.7412E-03  8.4017E-02  2.8735E-03 -7.3145E-03
  1.7538E-03  8.4447E-02  2.8943E-03 -7.3673E-03
  1.7664E-03  8.4879E-02  2.9152E-03 -7.4205E-03
  1.7791E-03  8.5312E-02  2.9362E-03 -7.4740E-03
  1.7920E-03  8.5746E-02  2.9573E-03 -7.5279E-03
  1.8049E-03  8.6182E-02  2.9787E-03 -7.5821E-03
  1.8179E-03  8.6619E-02  3.0001E-03 -7.6367E-03
  1.8310E-03  8.7058E-02  3.0217E-03 -7.6917E-03
  1.8442E-03  8.7498E-02  3.0435E-03 -7.7471E-03
  1.8574E-03  8.7939E-02  3.0654E-03 -7.8028E-03
  1.8708E-03  8.8381E-02  3.0874E-03 -7.8590E-03
  1.8842E-03  8.8825E-02  3.1096E-03 -7.9155E-03
  1.8978E-03  8.9270E-02  3.1320E-03 -7.9724E-03
  1.9114E-03  8.9717E-02  3.1545E-03 -8.0297E-03
  1.9252E-03  9.0165E-02  3.1771E-03 -8.0873E-03
  1.9390E-03  9.0614E-02  3.1999E-03 -8.1454E-03
  1.9529E-03  9.1064E-02  3.2229E-03 -8.2039E-03
  1.9669E-03  9.1516E-02  3.2460E-03 -8.2628E-03
  1.9810E-03  9.1969E-02  3.2693E-03 -8.3220E-03
  1.9952E-03  9.2423E-02  3.2928E-03 -8.3817E-03
  2.0095E-03  9.2879E-02  3.3164E-03 -8.4418E-03
  2.0239E-03  9.3335E-02  3.3402E-03 -8.5023E-03
  2.0384E-03  9.3793E-02  3.3641E-03 -8.5632E-03
  2.0530E-03  9.4253E-02  3.3882E-03 -8.6245E-03
  2.0677E-03  9.4713E-02  3.4124E-03 -8.6863E-03
  2.0825E-03  9.5175E-02  3.4369E-03 -8.7484E-03
  2.0974E-03  9.5638E-02  3.4614E-03 -8.8110E-03
  2.1124E-03  9.6102E-02  3.4862E-03 -8.8741E-03
  2.1275E-03  9.6567E-02  3.5111E-03 -8.9375E-03
  2.1428E-03  9.7033E-02  3.5362E-03 -9.0014E-03
  2.1581E-03  9.7501E-02  3.5615E-03 -9.0657E-03
  2.1735E-03  9.7970E-02  3.5870E-03 -9.1305E-03
  2.1890E-03  9.8440E-02  3.6126E-03 -9.1957E-03
  2.2046E-03  9.8911E-02  3.6384E-03 -9.2614E-03
  2.2204E-03  9.9383E-02  3.6643E-03 -9.3275E-03
  2.2362E-03  9.9856E-02  3.6905E-03 -9.3940E-03
  2.2522E-03  1.0033E-01  3.7168E-03 -9.4610E-03
  2.2682E-03  1.0081E-01  3.7433E-03 -9.5285E-03
  2.2844E-03  1.0128E-01  3.7700E-03 -9.5964E-03
  2.3007E-03  1.0176E-01  3.7969E-03 -9.6648E-03
  2.3171E-03  1.0224E-01  3.8239E-03 -9.7337E-03
  2.3336E-03  1.0272E-01  3.8512E-03 -9.8030E-03
  2.3502E-03  1.0320E-01  3.8786E-03 -9.8728E-03
  2.3669E-03  1.0368E-01  3.9062E-03 -9.9431E-03
  2.3838E-03  1.0416E-01  3.9340E-03 -1.0014E-02
  2.4007E-03  1.0465E-01  3.9620E-03 -1.0085E-02
  2.4178E-03  1.0513E-01  3.9902E-03 -1.0157E-02
  2.4350E-03  1.0562E-01  4.0185E-03 -1.0229E-02
  2.4523E-03  1.0611E-01  4.0471E-03 -1.0302E-02
  2.4697E-03  1.0659E-01  4.0759E-03 -1.0375E-02
  2.4873E-03  1.0708E-01  4.1048E-03 -1.0449E-02
  2.5050E-03  1.0757E-01  4.1340E-03 -1.0523E-02
  2.5228E-03  1.0806E-01  4.1634E-03 -1.0598E-02
  2.5407E-03  1.0855E-01  4.1929E-03 -1.0673E-02
  2.5587E-03  1.0904E-01  4.2227E-03 -1.0749E-02
  2.5769E-03  1.0954E-01  4.2527E-03 -1.0825E-02
  2.5951E-03  1.1003E-01  4.2828E-03 -1.0902E-02
  2.6136E-03  1.1052E-01  4.3132E-03 -1.0979E-02
  2.6321E-03  1.1102E-01  4.3438E-03 -1.1057E-02
  2.6507E-03  1.1152E-01  4.3746E-03 -1.1135E-02
  2.6695E-03  1.1201E-01  4.4056E-03 -1.1214E-02
  2.6884E-03  1.1251E-01  4.4368E-03 -1.1294E-02
  2.7075E-03  1.1301E-01  4.4682E-03 -1.1374E-02
  2.7267E-03  1.1351E-01  4.4999E-03 -1.1454E-02
  2.7460E-03  1.1401E-01  4.5317E-03 -1.1535E-02
  2.7654E-03  1.1451E-01  4.5638E-03 -1.1617E-02
  2.7850E-03  1.1501E-01  4.5961E-03 -1.1699E-02
  2.8047E-03  1.1551E-01  4.6286E-03 -1.1782E-02
  2.8245E-03  1.1601E-01  4.6614E-03 -1.1865E-02
  2.8445E-03  1.1651E-01  4.6943E-03 -1.1949E-02
  2.8646E-03  1.1702E-01  4.7275E-03 -1.2034E-02
  2.8849E-03  1.1752E-01  4.7610E-03 -1.2119E-02
  2.9053E-03  1.1802E-01  4.7946E-03 -1.2204E-02
  2.9258E-03  1.1853E-01  4.8285E-03 -1.2291E-02
  2.9465E-03  1.1903E-01  4.8626E-03 -1.2378E-02
  2.9673E-03  1.1954E-01  4.8969E-03 -1.2465E-02
  2.9882E-03  1.2004E-01  4.9315E-03 -1.2553E-02
  3.0093E-03  1.2055E-01  4.9663E-03 -1.2642E-02
  3.0306E-03  1.2106E-01  5.0014E-03 -1.2731E-02
  3.0519E-03  1.2156E-01  5.0367E-03 -1.2821E-02
  3.0735E-03  1.2207E-01  5.0722E-03 -1.2911E-02
  3.0951E-03  1.2258E-01  5.1080E-03 -1.3002E-02
  3.1170E-03  1.2308E-01  5.1440E-03 -1.3094E-02
  3.1390E-03  1.2359E-01  5.1803E-03 -1.3186E-02
  3.1611E-03  1.2410E-01  5.2168E-03 -1.3279E-02
  3.1834E-03  1.2461E-01  5.2536E-03 -1.3373E-02
  3.2058E-03  1.2512E-01  5.2906E-03 -1.3467E-02
  3.2284E-03  1.2562E-01  5.3278E-03 -1.3562E-02
  3.2511E-03  1.2613E-01  5.3654E-03 -1.3657E-02
  3.2740E-03  1.2664E-01  5.4031E-03 -1.3753E-02
  3.2971E-03  1.2715E-01  5.4412E-03 -1.3850E-02
  3.3203E-03  1.2766E-01  5.4795E-03 -1.3948E-02
  3.3436E-03  1.2817E-01  5.5180E-03 -1.4046E-02
  3.3672E-03  1.2867E-01  5.5569E-03 -1.4145E-02
  3.3908E-03  1.2918E-01  5.5960E-03 -1.4244E-02
  3.4147E-03  1.2969E-01  5.6353E-03 -1.4344E-02
  3.4387E-03  1.3020E-01  5.6750E-03 -1.4445E-02
  3.4629E-03  1.3070E-01  5.7149E-03 -1.4547E-02
  3.4872E-03  1.3121E-01  5.7550E-03 -1.4649E-02
  3.5117E-03  1.3172E-01  5.7955E-03 -1.4752E-02
  3.5364E-03  1.3222E-01  5.8362E-03 -1.4856E-02
  3.5613E-03  1.3273E-01  5.8772E-03 -1.4960E-02
  3.5863E-03  1.3324E-01  5.9185E-03 -1.5065E-02
  3.6115E-03  1.3374E-01  5.9600E-03 -1.5171E-02
  3.6368E-03  1.3425E-01  6.0019E-03 -1.5277E-02
  3.6623E-03  1.3475E-01  6.0440E-03 -1.5385E-02
  3.6881E-03  1.3525E-01  6.0865E-03 -1.5493E-02
  3.7139E-03  1.3576E-01  6.1292E-03 -1.5601E-02
  3.7400E-03  1.3626E-01  6.1722E-03 -1.5711E-02
  3.7662E-03  1.3676E-01  6.2155E-03 -1.5821E-02
  3.7926E-03  1.3726E-01  6.2591E-03 -1.5932E-02
  3.8192E-03  1.3776E-01  6.3030E-03 -1.6044E-02
  3.8460E-03  1.3826E-01  6.3472E-03 -1.6156E-02
  3.8730E-03  1.3876E-01  6.3916E-03 -1.6269E-02
  3.9001E-03  1.3926E-01  6.4365E-03 -1.6383E-02
  3.9275E-03  1.3976E-01  6.4816E-03 -1.6498E-02
  3.9550E-03  1.4025E-01  6.5270E-03 -1.6614E-02
  3.9827E-03  1.4075E-01  6.5727E-03 -1.6730E-02
  4.0106E-03  1.4124E-01  6.6187E-03 -1.6847E-02
  4.0387E-03  1.4173E-01  6.6651E-03 -1.6965E-02
  4.0670E-03  1.4223E-01  6.7118E-03 -1.7084E-02
  4.0954E-03  1.4272E-01  6.7588E-03 -1.7204E-02
  4.1241E-03  1.4320E-01  6.8061E-03 -1.7324E-02
  4.1530E-03  1.4369E-01  6.8537E-03 -1.7445E-02
  4.1820E-03  1.4418E-01  6.9017E-03 -1.7568E-02
  4.2113E-03  1.4466E-01  6.9500E-03 -1.7690E-02
  4.2408E-03  1.4515E-01  6.9986E-03 -1.7814E-02
  4.2704E-03  1.4563E-01  7.0475E-03 -1.7939E-02
  4.3003E-03  1.4611E-01  7.0968E-03 -1.8064E-02
  4.3304E-03  1.4659E-01  7.1464E-03 -1.8191E-02
  4.3606E-03  1.4707E-01  7.1964E-03 -1.8318E-02
  4.3911E-03  1.4754E-01  7.2467E-03 -1.8446E-02
  4.4218E-03  1.4802E-01  7.2974E-03 -1.8575E-02
  4.4527E-03  1.4849E-01  7.3483E-03 -1.8704E-02
  4.4838E-03  1.4896E-01  7.3997E-03 -1.8835E-02
  4.5151E-03  1.4943E-01  7.4514E-03 -1.8967E-02
  4.5467E-03  1.4989E-01  7.5034E-03 -1.9099E-02
  4.5784E-03  1.5036E-01  7.5558E-03 -1.9233E-02
  4.6104E-03  1.5082E-01  7.6086E-03 -1.9367E-02
  4.6426E-03  1.5128E-01  7.6617E-03 -1.9502E-02
  4.6750E-03  1.5174E-01  7.7152E-03 -1.9638E-02
  4.7076E-03  1.5219E-01  7.7691E-03 -1.9775E-02
  4.7405E-03  1.5264E-01  7.8233E-03 -1.9913E-02
  4.7736E-03  1.5310E-01  7.8779E-03 -2.0052E-02
  4.8069E-03  1.5354E-01  7.9328E-03 -2.0192E-02
  4.8404E-03  1.5399E-01  7.9882E-03 -2.0333E-02
  4.8742E-03  1.5443E-01  8.0439E-03 -2.0475E-02
  4.9082E-03  1.5487E-01  8.1000E-03 -2.0618E-02
  4.9424E-03  1.5531E-01  8.1565E-03 -2.0761E-02
  4.9769E-03  1.5575E-01  8.2134E-03 -2.0906E-02
  5.0116E-03  1.5618E-01  8.2706E-03 -2.1052E-02
  5.0465E-03  1.5661E-01  8.3283E-03 -2.1198E-02
  5.0817E-03  1.5703E-01  8.3863E-03 -2.1346E-02
  5.1171E-03  1.5746E-01  8.4448E-03 -2.1495E-02
  5.1528E-03  1.5788E-01  8.5036E-03 -2.1645E-02
  5.1887E-03  1.5829E-01  8.5629E-03 -2.1795E-02
  5.2248E-03  1.5871E-01  8.6225E-03 -2.1947E-02
  5.2612E-03  1.5912E-01  8.6826E-03 -2.2100E-02
  5.2978E-03  1.5952E-01  8.7430E-03 -2.2254E-02
  5.3347E-03  1.5993E-01  8.8039E-03 -2.2409E-02
  5.3719E-03  1.6033E-01  8.8652E-03 -2.2565E-02
  5.4093E-03  1.6072E-01  8.9269E-03 -2.2722E-02
  5.4469E-03  1.6112E-01  8.9891E-03 -2.2880E-02
  5.4848E-03  1.6151E-01  9.0516E-03 -2.3039E-02
  5.5230E-03  1.6189E-01  9.1146E-03 -2.3200E-02
  5.5614E-03  1.6227E-01  9.1781E-03 -2.3361E-02
  5.6001E-03  1.6265E-01  9.2419E-03 -2.3524E-02
  5.6391E-03  1.6302E-01  9.3062E-03 -2.3687E-02
  5.6783E-03  1.6339E-01  9.3710E-03 -2.3852E-02
  5.7178E-03  1.6375E-01  9.4361E-03 -2.4018E-02
  5.7576E-03  1.6412E-01  9.5018E-03 -2.4185E-02
  5.7976E-03  1.6447E-01  9.5678E-03 -2.4353E-02
  5.8379E-03  1.6482E-01  9.6343E-03 -2.4522E-02
  5.8785E-03  1.6517E-01  9.7013E-03 -2.4693E-02
  5.9194E-03  1.6551E-01  9.7688E-03 -2.4864E-02
  5.9605E-03  1.6585E-01  9.8367E-03 -2.5037E-02
  6.0020E-03  1.6618E-01  9.9050E-03 -2.5211E-02
  6.0437E-03  1.6651E-01  9.9739E-03 -2.5386E-02
  6.0857E-03  1.6683E-01  1.0043E-02 -2.5563E-02
  6.1279E-03  1.6715E-01  1.0113E-02 -2.5740E-02
  6.1705E-03  1.6746E-01  1.0183E-02 -2.5919E-02
  6.2134E-03  1.6777E-01  1.0254E-02 -2.6099E-02
  6.2565E-03  1.6807E-01  1.0325E-02 -2.6280E-02
  6.3000E-03  1.6837E-01  1.0397E-02 -2.6463E-02
  6.3437E-03  1.6866E-01  1.0469E-02 -2.6647E-02
  6.3878E-03  1.6894E-01  1.0542E-02 -2.6832E-02
  6.4321E-03  1.6922E-01  1.0615E-02 -2.7018E-02
  6.4768E-03  1.6949E-01  1.0689E-02 -2.7205E-02
  6.5217E-03  1.6976E-01  1.0763E-02 -2.7394E-02
  6.5670E-03  1.7002E-01  1.0837E-02 -2.7584E-02
  6.6126E-03  1.7028E-01  1.0913E-02 -2.7776E-02
  6.6585E-03  1.7053E-01  1.0988E-02 -2.7968E-02
  6.7047E-03  1.7077E-01  1.1065E-02 -2.8162E-02
  6.7512E-03  1.7101E-01  1.1141E-02 -2.8358E-02
  6.7980E-03  1.7124E-01  1.1219E-02 -2.8554E-02
  6.8452E-03  1.7146E-01  1.1296E-02 -2.8752E-02
  6.8926E-03  1.7168E-01  1.1375E-02 -2.8952E-02
  6.9404E-03  1.7189E-01  1.1454E-02 -2.9152E-02
  6.9886E-03  1.7209E-01  1.1533E-02 -2.9354E-02
  7.0370E-03  1.7229E-01  1.1613E-02 -2.9558E-02
  7.0858E-03  1.7248E-01  1.1694E-02 -2.9763E-02
  7.1349E-03  1.7266E-01  1.1775E-02 -2.9969E-02
  7.1844E-03  1.7283E-01  1.1856E-02 -3.0177E-02
  7.2342E-03  1.7300E-01  1.1938E-02 -3.0386E-02
  7.2843E-03  1.7316E-01  1.2021E-02 -3.0596E-02
  7.3348E-03  1.7331E-01  1.2105E-02 -3.0808E-02
  7.3856E-03  1.7346E-01  1.2188E-02 -3.1022E-02
  7.4368E-03  1.7359E-01  1.2273E-02 -3.1237E-02
  7.4883E-03  1.7372E-01  1.2358E-02 -3.1453E-02
  7.5402E-03  1.7384E-01  1.2443E-02 -3.1671E-02
  7.5924E-03  1.7395E-01  1.2530E-02 -3.1890E-02
  7.6450E-03  1.7406E-01  1.2616E-02 -3.2111E-02
  7.6980E-03  1.7415E-01  1.2704E-02 -3.2333E-02
  7.7513E-03  1.7424E-01  1.2792E-02 -3.2557E-02
  7.8050E-03  1.7432E-01  1.2880E-02 -3.2783E-02
  7.8590E-03  1.7439E-01  1.2970E-02 -3.3009E-02
  7.9134E-03  1.7445E-01  1.3059E-02 -3.3238E-02
  7.9682E-03  1.7450E-01  1.3150E-02 -3.3468E-02
  8.0234E-03  1.7454E-01  1.3241E-02 -3.3700E-02
  8.0789E-03  1.7457E-01  1.3332E-02 -3.3933E-02
  8.1348E-03  1.7460E-01  1.3425E-02 -3.4167E-02
  8.1911E-03  1.7461E-01  1.3518E-02 -3.4404E-02
  8.2478E-03  1.7462E-01  1.3611E-02 -3.4642E-02
  8.3049E-03  1.7461E-01  1.3705E-02 -3.4881E-02
  8.3623E-03  1.7460E-01  1.3800E-02 -3.5123E-02
  8.4202E-03  1.7457E-01  1.3896E-02 -3.5366E-02
  8.4784E-03  1.7454E-01  1.3992E-02 -3.5610E-02
  8.5371E-03  1.7449E-01  1.4088E-02 -3.5856E-02
  8.5961E-03  1.7444E-01  1.4186E-02 -3.6104E-02
  8.6556E-03  1.7437E-01  1.4284E-02 -3.6354E-02
  8.7154E-03  1.7429E-01  1.4383E-02 -3.6605E-02
  8.7757E-03  1.7421E-01  1.4482E-02 -3.6858E-02
  8.8364E-03  1.7411E-01  1.4582E-02 -3.7113E-02
  8.8975E-03  1.7400E-01  1.4683E-02 -3.7369E-02
  8.9590E-03  1.7388E-01  1.4785E-02 -3.7628E-02
  9.0209E-03  1.7375E-01  1.4887E-02 -3.7888E-02
  9.0833E-03  1.7361E-01  1.4990E-02 -3.8150E-02
  9.1461E-03  1.7345E-01  1.5093E-02 -3.8413E-02
  9.2093E-03  1.7329E-01  1.5198E-02 -3.8678E-02
  9.2729E-03  1.7311E-01  1.5303E-02 -3.8946E-02
  9.3370E-03  1.7292E-01  1.5408E-02 -3.9215E-02
  9.4015E-03  1.7272E-01  1.5515E-02 -3.9486E-02
  9.4665E-03  1.7251E-01  1.5622E-02 -3.9758E-02
  9.5319E-03  1.7228E-01  1.5730E-02 -4.0033E-02
  9.5977E-03  1.7205E-01  1.5839E-02 -4.0309E-02
  9.6640E-03  1.7180E-01  1.5948E-02 -4.0588E-02
  9.7308E-03  1.7154E-01  1.6058E-02 -4.0868E-02
  9.7980E-03  1.7126E-01  1.6169E-02 -4.1150E-02
  9.8657E-03  1.7097E-01  1.6281E-02 -4.1434E-02
  9.9338E-03  1.7067E-01  1.6393E-02 -4.1720E-02
  1.0002E-02  1.7036E-01  1.6506E-02 -4.2008E-02
  1.0072E-02  1.7003E-01  1.6620E-02 -4.2298E-02
  1.0141E-02  1.6969E-01  1.6735E-02 -4.2590E-02
  1.0211E-02  1.6934E-01  1.6851E-02 -4.2884E-02
  1.0282E-02  1.6897E-01  1.6967E-02 -4.3180E-02
  1.0353E-02  1.6859E-01  1.7084E-02 -4.3478E-02
  1.0424E-02  1.6819E-01  1.7202E-02 -4.3778E-02
  1.0496E-02  1.6778E-01  1.7321E-02 -4.4080E-02
  1.0568E-02  1.6736E-01  1.7440E-02 -4.4384E-02
  1.0641E-02  1.6692E-01  1.7561E-02 -4.4690E-02
  1.0715E-02  1.6647E-01  1.7682E-02 -4.4998E-02
  1.0789E-02  1.6600E-01  1.7804E-02 -4.5308E-02
  1.0863E-02  1.6552E-01  1.7927E-02 -4.5621E-02
  1.0938E-02  1.6502E-01  1.8050E-02 -4.5935E-02
  1.1014E-02  1.6451E-01  1.8175E-02 -4.6252E-02
  1.1090E-02  1.6398E-01  1.8300E-02 -4.6571E-02
  1.1166E-02  1.6344E-01  1.8427E-02 -4.6892E-02
  1.1243E-02  1.6289E-01  1.8554E-02 -4.7215E-02
  1.1321E-02  1.6231E-01  1.8682E-02 -4.7541E-02
  1.1399E-02  1.6173E-01  1.8811E-02 -4.7869E-02
  1.1477E-02  1.6112E-01  1.8940E-02 -4.8198E-02
  1.1557E-02  1.6050E-01  1.9071E-02 -4.8531E-02
  1.1636E-02  1.5987E-01  1.9202E-02 -4.8865E-02
  1.1717E-02  1.5922E-01  1.9335E-02 -4.9202E-02
  1.1797E-02  1.5855E-01  1.9468E-02 -4.9541E-02
  1.1879E-02  1.5786E-01  1.9602E-02 -4.9882E-02
  1.1961E-02  1.5716E-01  1.9737E-02 -5.0226E-02
  1.2043E-02  1.5645E-01  1.9874E-02 -5.0572E-02
  1.2126E-02  1.5571E-01  2.0011E-02 -5.0920E-02
  1.2210E-02  1.5496E-01  2.0148E-02 -5.1271E-02
  1.2294E-02  1.5419E-01  2.0287E-02 -5.1624E-02
  1.2379E-02  1.5341E-01  2.0427E-02 -5.1980E-02
  1.2464E-02  1.5261E-01  2.0568E-02 -5.2338E-02
  1.2550E-02  1.5179E-01  2.0710E-02 -5.2698E-02
  1.2636E-02  1.5095E-01  2.0852E-02 -5.3061E-02
  1.2723E-02  1.5010E-01  2.0996E-02 -5.3426E-02
  1.2811E-02  1.4922E-01  2.1141E-02 -5.3794E-02
  1.2899E-02  1.4833E-01  2.1286E-02 -5.4165E-02
  1.2988E-02  1.4743E-01  2.1433E-02 -5.4538E-02
  1.3078E-02  1.4650E-01  2.1581E-02 -5.4913E-02
  1.3168E-02  1.4556E-01  2.1729E-02 -5.5291E-02
  1.3259E-02  1.4459E-01  2.1879E-02 -5.5672E-02
  1.3350E-02  1.4361E-01  2.2030E-02 -5.6055E-02
  1.3442E-02  1.4262E-01  2.2181E-02 -5.6441E-02
  1.3534E-02  1.4160E-01  2.2334E-02 -5.6829E-02
  1.3628E-02  1.4056E-01  2.2488E-02 -5.7220E-02
  1.3722E-02  1.3951E-01  2.2643E-02 -5.7614E-02
  1.3816E-02  1.3843E-01  2.2799E-02 -5.8010E-02
  1.3911E-02  1.3734E-01  2.2956E-02 -5.8409E-02
  1.4007E-02  1.3623E-01  2.3114E-02 -5.8811E-02
  1.4104E-02  1.3510E-01  2.3273E-02 -5.9216E-02
  1.4201E-02  1.3395E-01  2.3433E-02 -5.9623E-02
  1.4298E-02  1.3278E-01  2.3595E-02 -6.0033E-02
  1.4397E-02  1.3159E-01  2.3757E-02 -6.0446E-02
  1.4496E-02  1.3038E-01  2.3921E-02 -6.0862E-02
  1.4596E-02  1.2915E-01  2.4085E-02 -6.1280E-02
  1.4696E-02  1.2791E-01  2.4251E-02 -6.1702E-02
  1.4797E-02  1.2664E-01  2.4418E-02 -6.2126E-02
  1.4899E-02  1.2535E-01  2.4586E-02 -6.2553E-02
  1.5002E-02  1.2404E-01  2.4755E-02 -6.2983E-02
  1.5105E-02  1.2272E-01  2.4926E-02 -6.3416E-02
  1.5209E-02  1.2137E-01  2.5097E-02 -6.3852E-02
  1.5314E-02  1.2000E-01  2.5270E-02 -6.4291E-02
  1.5419E-02  1.1861E-01  2.5444E-02 -6.4733E-02
  1.5525E-02  1.1721E-01  2.5619E-02 -6.5178E-02
  1.5632E-02  1.1578E-01  2.5795E-02 -6.5626E-02
  1.5740E-02  1.1433E-01  2.5973E-02 -6.6077E-02
  1.5848E-02  1.1286E-01  2.6151E-02 -6.6531E-02
  1.5957E-02  1.1137E-01  2.6331E-02 -6.6988E-02
  1.6067E-02  1.0986E-01  2.6512E-02 -6.7449E-02
  1.6178E-02  1.0833E-01  2.6695E-02 -6.7912E-02
  1.6289E-02  1.0678E-01  2.6878E-02 -6.8379E-02
  1.6401E-02  1.0521E-01  2.7063E-02 -6.8849E-02
  1.6514E-02  1.0362E-01  2.7249E-02 -6.9322E-02
  1.6627E-02  1.0200E-01  2.7437E-02 -6.9798E-02
  1.6742E-02  1.0037E-01  2.7625E-02 -7.0277E-02
  1.6857E-02  9.8713E-02  2.7815E-02 -7.0760E-02
  1.6973E-02  9.7038E-02  2.8007E-02 -7.1246E-02
  1.7090E-02  9.5341E-02  2.8199E-02 -7.1735E-02
  1.7207E-02  9.3624E-02  2.8393E-02 -7.2228E-02
  1.7325E-02  9.1886E-02  2.8588E-02 -7.2724E-02
  1.7445E-02  9.0127E-02  2.8785E-02 -7.3223E-02
  1.7565E-02  8.8347E-02  2.8983E-02 -7.3726E-02
  1.7685E-02  8.6546E-02  2.9182E-02 -7.4232E-02
  1.7807E-02  8.4725E-02  2.9383E-02 -7.4742E-02
  1.7930E-02  8.2883E-02  2.9585E-02 -7.5255E-02
  1.8053E-02  8.1020E-02  2.9788E-02 -7.5771E-02
  1.8177E-02  7.9136E-02  2.9993E-02 -7.6291E-02
  1.8302E-02  7.7231E-02  3.0199E-02 -7.6815E-02
  1.8428E-02  7.5306E-02  3.0407E-02 -7.7342E-02
  1.8554E-02  7.3360E-02  3.0616E-02 -7.7873E-02
  1.8682E-02  7.1393E-02  3.0826E-02 -7.8407E-02
  1.8810E-02  6.9405E-02  3.1038E-02 -7.8945E-02
  1.8940E-02  6.7398E-02  3.1251E-02 -7.9487E-02
  1.9070E-02  6.5369E-02  3.1466E-02 -8.0032E-02
  1.9201E-02  6.3320E-02  3.1682E-02 -8.0582E-02
  1.9333E-02  6.1251E-02  3.1900E-02 -8.1134E-02
  1.9466E-02  5.9161E-02  3.2119E-02 -8.1691E-02
  1.9600E-02  5.7052E-02  3.2340E-02 -8.2251E-02
  1.9734E-02  5.4922E-02  3.2562E-02 -8.2815E-02
  1.9870E-02  5.2772E-02  3.2786E-02 -8.3383E-02
  2.0007E-02  5.0602E-02  3.3011E-02 -8.3955E-02
  2.0144E-02  4.8412E-02  3.3238E-02 -8.4531E-02
  2.0283E-02  4.6202E-02  3.3466E-02 -8.5111E-02
  2.0422E-02  4.3973E-02  3.3696E-02 -8.5694E-02
  2.0562E-02  4.1724E-02  3.3927E-02 -8.6282E-02
  2.0704E-02  3.9456E-02  3.4160E-02 -8.6873E-02
  2.0846E-02  3.7168E-02  3.4395E-02 -8.7469E-02
  2.0989E-02  3.4861E-02  3.4631E-02 -8.8068E-02
  2.1133E-02  3.2536E-02  3.4869E-02 -8.8672E-02
  2.1279E-02  3.0191E-02  3.5109E-02 -8.9280E-02
  2.1425E-02  2.7828E-02  3.5350E-02 -8.9892E-02
  2.1572E-02  2.5446E-02  3.5592E-02 -9.0508E-02
  2.1720E-02  2.3046E-02  3.5837E-02 -9.1128E-02
  2.1869E-02  2.0627E-02  3.6083E-02 -9.1752E-02
  2.2020E-02  1.8191E-02  3.6331E-02 -9.2381E-02
  2.2171E-02  1.5737E-02  3.6580E-02 -9.3014E-02
  2.2323E-02  1.3265E-02  3.6831E-02 -9.3651E-02
  2.2477E-02  1.0776E-02  3.7084E-02 -9.4293E-02
  2.2631E-02  8.2696E-03  3.7339E-02 -9.4939E-02
  2.2786E-02  5.7463E-03  3.7595E-02 -9.5589E-02
  2.2943E-02  3.2062E-03  3.7853E-02 -9.6244E-02
  2.3100E-02  6.4966E-04  3.8113E-02 -9.6903E-02
  2.3259E-02 -1.9232E-03  3.8375E-02 -9.7567E-02
  2.3419E-02 -4.5120E-03  3.8638E-02 -9.8235E-02
  2.3580E-02 -7.1166E-03  3.8903E-02 -9.8907E-02
  2.3742E-02 -9.7366E-03  3.9170E-02 -9.9584E-02
  2.3905E-02 -1.2372E-02  3.9439E-02 -1.0027E-01
  2.4069E-02 -1.5022E-02  3.9710E-02 -1.0095E-01
  2.4234E-02 -1.7687E-02  3.9982E-02 -1.0164E-01
  2.4401E-02 -2.0366E-02  4.0257E-02 -1.0234E-01
  2.4568E-02 -2.3059E-02  4.0533E-02 -1.0304E-01
  2.4737E-02 -2.5766E-02  4.0811E-02 -1.0375E-01
  2.4907E-02 -2.8486E-02  4.1091E-02 -1.0446E-01
  2.5078E-02 -3.1219E-02  4.1373E-02 -1.0517E-01
  2.5250E-02 -3.3965E-02  4.1657E-02 -1.0589E-01
  2.5423E-02 -3.6723E-02  4.1943E-02 -1.0661E-01
  2.5598E-02 -3.9493E-02  4.2231E-02 -1.0734E-01
  2.5774E-02 -4.2275E-02  4.2520E-02 -1.0808E-01
  2.5950E-02 -4.5068E-02  4.2812E-02 -1.0882E-01
  2.6129E-02 -4.7872E-02  4.3106E-02 -1.0956E-01
  2.6308E-02 -5.0686E-02  4.3402E-02 -1.1031E-01
  2.6489E-02 -5.3510E-02  4.3699E-02 -1.1106E-01
  2.6670E-02 -5.6344E-02  4.3999E-02 -1.1182E-01
  2.6853E-02 -5.9186E-02  4.4301E-02 -1.1259E-01
  2.7038E-02 -6.2038E-02  4.4605E-02 -1.1336E-01
  2.7223E-02 -6.4898E-02  4.4911E-02 -1.1413E-01
  2.7410E-02 -6.7766E-02  4.5219E-02 -1.1491E-01
  2.7598E-02 -7.0641E-02  4.5529E-02 -1.1570E-01
  2.7788E-02 -7.3523E-02  4.5841E-02 -1.1649E-01
  2.7979E-02 -7.6411E-02  4.6155E-02 -1.1729E-01
  2.8171E-02 -7.9305E-02  4.6472E-02 -1.1809E-01
  2.8364E-02 -8.2205E-02  4.6791E-02 -1.1889E-01
  2.8559E-02 -8.5109E-02  4.7112E-02 -1.1971E-01
  2.8755E-02 -8.8018E-02  4.7435E-02 -1.2053E-01
  2.8952E-02 -9.0930E-02  4.7760E-02 -1.2135E-01
  2.9151E-02 -9.3846E-02  4.8087E-02 -1.2218E-01
  2.9351E-02 -9.6765E-02  4.8417E-02 -1.2301E-01
  2.9552E-02 -9.9685E-02  4.8749E-02 -1.2385E-01
  2.9755E-02 -1.0261E-01  4.9083E-02 -1.2470E-01
  2.9959E-02 -1.0553E-01  4.9420E-02 -1.2555E-01
  3.0165E-02 -1.0845E-01  4.9758E-02 -1.2641E-01
  3.0372E-02 -1.1138E-01  5.0100E-02 -1.2727E-01
  3.0580E-02 -1.1430E-01  5.0443E-02 -1.2814E-01
  3.0790E-02 -1.1722E-01  5.0789E-02 -1.2901E-01
  3.1001E-02 -1.2014E-01  5.1137E-02 -1.2989E-01
  3.1214E-02 -1.2306E-01  5.1487E-02 -1.3078E-01
  3.1428E-02 -1.2597E-01  5.1840E-02 -1.3167E-01
  3.1643E-02 -1.2888E-01  5.2196E-02 -1.3257E-01
  3.1861E-02 -1.3178E-01  5.2553E-02 -1.3348E-01
  3.2079E-02 -1.3468E-01  5.2913E-02 -1.3439E-01
  3.2299E-02 -1.3757E-01  5.3276E-02 -1.3530E-01
  3.2521E-02 -1.4046E-01  5.3641E-02 -1.3623E-01
  3.2744E-02 -1.4334E-01  5.4009E-02 -1.3716E-01
  3.2969E-02 -1.4621E-01  5.4379E-02 -1.3809E-01
  3.3195E-02 -1.4907E-01  5.4751E-02 -1.3903E-01
  3.3422E-02 -1.5192E-01  5.5127E-02 -1.3998E-01
  3.3652E-02 -1.5476E-01  5.5504E-02 -1.4093E-01
  3.3882E-02 -1.5759E-01  5.5885E-02 -1.4190E-01
  3.4115E-02 -1.6040E-01  5.6267E-02 -1.4286E-01
  3.4349E-02 -1.6321E-01  5.6653E-02 -1.4384E-01
  3.4584E-02 -1.6600E-01  5.7041E-02 -1.4482E-01
  3.4822E-02 -1.6878E-01  5.7432E-02 -1.4580E-01
  3.5061E-02 -1.7154E-01  5.7825E-02 -1.4680E-01
  3.5301E-02 -1.7428E-01  5.8221E-02 -1.4780E-01
  3.5543E-02 -1.7701E-01  5.8620E-02 -1.4880E-01
  3.5787E-02 -1.7972E-01  5.9022E-02 -1.4982E-01
  3.6032E-02 -1.8241E-01  5.9426E-02 -1.5084E-01
  3.6279E-02 -1.8508E-01  5.9833E-02 -1.5186E-01
  3.6528E-02 -1.8774E-01  6.0243E-02 -1.5290E-01
  3.6779E-02 -1.9037E-01  6.0655E-02 -1.5394E-01
  3.7031E-02 -1.9297E-01  6.1071E-02 -1.5499E-01
  3.7285E-02 -1.9556E-01  6.1489E-02 -1.5604E-01
  3.7541E-02 -1.9812E-01  6.1910E-02 -1.5710E-01
  3.7798E-02 -2.0066E-01  6.2334E-02 -1.5817E-01
  3.8057E-02 -2.0317E-01  6.2761E-02 -1.5925E-01
  3.8318E-02 -2.0565E-01  6.3190E-02 -1.6033E-01
  3.8581E-02 -2.0811E-01  6.3623E-02 -1.6142E-01
  3.8845E-02 -2.1054E-01  6.4059E-02 -1.6252E-01
  3.9112E-02 -2.1294E-01  6.4497E-02 -1.6363E-01
  3.9380E-02 -2.1531E-01  6.4939E-02 -1.6474E-01
  3.9650E-02 -2.1765E-01  6.5383E-02 -1.6586E-01
  3.9922E-02 -2.1995E-01  6.5831E-02 -1.6698E-01
  4.0196E-02 -2.2222E-01  6.6281E-02 -1.6812E-01
  4.0471E-02 -2.2446E-01  6.6735E-02 -1.6926E-01
  4.0749E-02 -2.2666E-01  6.7192E-02 -1.7041E-01
  4.1028E-02 -2.2883E-01  6.7652E-02 -1.7157E-01
  4.1309E-02 -2.3096E-01  6.8115E-02 -1.7274E-01
  4.1592E-02 -2.3305E-01  6.8581E-02 -1.7391E-01
  4.1878E-02 -2.3510E-01  6.9050E-02 -1.7509E-01
  4.2165E-02 -2.3711E-01  6.9523E-02 -1.7628E-01
  4.2454E-02 -2.3908E-01  6.9998E-02 -1.7747E-01
  4.2745E-02 -2.4101E-01  7.0477E-02 -1.7868E-01
  4.3038E-02 -2.4290E-01  7.0960E-02 -1.7989E-01
  4.3333E-02 -2.4474E-01  7.1445E-02 -1.8111E-01
  4.3630E-02 -2.4654E-01  7.1934E-02 -1.8234E-01
  4.3929E-02 -2.4829E-01  7.2426E-02 -1.8358E-01
  4.4230E-02 -2.4999E-01  7.2922E-02 -1.8482E-01
  4.4533E-02 -2.5164E-01  7.3420E-02 -1.8608E-01
  4.4839E-02 -2.5325E-01  7.3923E-02 -1.8734E-01
  4.5146E-02 -2.5480E-01  7.4428E-02 -1.8861E-01
  4.5455E-02 -2.5631E-01  7.4937E-02 -1.8989E-01
  4.5767E-02 -2.5776E-01  7.5450E-02 -1.9117E-01
  4.6081E-02 -2.5916E-01  7.5966E-02 -1.9247E-01
  4.6396E-02 -2.6050E-01  7.6486E-02 -1.9377E-01
  4.6714E-02 -2.6179E-01  7.7009E-02 -1.9508E-01
  4.7035E-02 -2.6302E-01  7.7535E-02 -1.9641E-01
  4.7357E-02 -2.6419E-01  7.8066E-02 -1.9774E-01
  4.7682E-02 -2.6531E-01  7.8599E-02 -1.9907E-01
  4.8008E-02 -2.6637E-01  7.9137E-02 -2.0042E-01
  4.8337E-02 -2.6736E-01  7.9678E-02 -2.0178E-01
  4.8669E-02 -2.6830E-01  8.0223E-02 -2.0314E-01
  4.9002E-02 -2.6917E-01  8.0771E-02 -2.0452E-01
  4.9338E-02 -2.6998E-01  8.1323E-02 -2.0590E-01
  4.9676E-02 -2.7072E-01  8.1879E-02 -2.0729E-01
  5.0017E-02 -2.7140E-01  8.2439E-02 -2.0869E-01
  5.0359E-02 -2.7201E-01  8.3002E-02 -2.1010E-01
  5.0704E-02 -2.7256E-01  8.3570E-02 -2.1152E-01
  5.1052E-02 -2.7304E-01  8.4141E-02 -2.1295E-01
  5.1402E-02 -2.7345E-01  8.4716E-02 -2.1439E-01
  5.1754E-02 -2.7378E-01  8.5295E-02 -2.1584E-01
  5.2109E-02 -2.7405E-01  8.5878E-02 -2.1730E-01
  5.2466E-02 -2.7425E-01  8.6465E-02 -2.1876E-01
  5.2825E-02 -2.7437E-01  8.7055E-02 -2.2024E-01
  5.3187E-02 -2.7442E-01  8.7650E-02 -2.2173E-01
  5.3552E-02 -2.7439E-01  8.8249E-02 -2.2322E-01
  5.3919E-02 -2.7429E-01  8.8852E-02 -2.2473E-01
  5.4288E-02 -2.7411E-01  8.9459E-02 -2.2624E-01
  5.4660E-02 -2.7386E-01  9.0070E-02 -2.2777E-01
  5.5034E-02 -2.7353E-01  9.0685E-02 -2.2930E-01
  5.5412E-02 -2.7311E-01  9.1305E-02 -2.3085E-01
  5.5791E-02 -2.7262E-01  9.1928E-02 -2.3240E-01
  5.6173E-02 -2.7205E-01  9.2556E-02 -2.3397E-01
  5.6558E-02 -2.7140E-01  9.3188E-02 -2.3554E-01
  5.6946E-02 -2.7067E-01  9.3825E-02 -2.3713E-01
  5.7336E-02 -2.6985E-01  9.4465E-02 -2.3872E-01
  5.7729E-02 -2.6895E-01  9.5110E-02 -2.4033E-01
  5.8124E-02 -2.6797E-01  9.5760E-02 -2.4195E-01
  5.8523E-02 -2.6690E-01  9.6414E-02 -2.4357E-01
  5.8924E-02 -2.6574E-01  9.7072E-02 -2.4521E-01
  5.9327E-02 -2.6450E-01  9.7734E-02 -2.4686E-01
  5.9734E-02 -2.6318E-01  9.8402E-02 -2.4852E-01
  6.0143E-02 -2.6177E-01  9.9073E-02 -2.5019E-01
  6.0555E-02 -2.6027E-01  9.9749E-02 -2.5186E-01
  6.0970E-02 -2.5868E-01  1.0043E-01 -2.5356E-01
  6.1387E-02 -2.5700E-01  1.0112E-01 -2.5526E-01
  6.1808E-02 -2.5524E-01  1.0181E-01 -2.5697E-01
  6.2231E-02 -2.5338E-01  1.0250E-01 -2.5869E-01
  6.2658E-02 -2.5144E-01  1.0320E-01 -2.6043E-01
  6.3087E-02 -2.4940E-01  1.0390E-01 -2.6217E-01
  6.3519E-02 -2.4728E-01  1.0461E-01 -2.6393E-01
  6.3954E-02 -2.4506E-01  1.0533E-01 -2.6570E-01
  6.4392E-02 -2.4276E-01  1.0604E-01 -2.6748E-01
  6.4833E-02 -2.4036E-01  1.0677E-01 -2.6927E-01
  6.5277E-02 -2.3787E-01  1.0750E-01 -2.7107E-01
  6.5725E-02 -2.3529E-01  1.0823E-01 -2.7288E-01
  6.6175E-02 -2.3261E-01  1.0897E-01 -2.7471E-01
  6.6628E-02 -2.2985E-01  1.0971E-01 -2.7654E-01
  6.7084E-02 -2.2699E-01  1.1046E-01 -2.7839E-01
  6.7544E-02 -2.2404E-01  1.1121E-01 -2.8025E-01
  6.8007E-02 -2.2100E-01  1.1197E-01 -2.8212E-01
  6.8472E-02 -2.1786E-01  1.1273E-01 -2.8400E-01
  6.8941E-02 -2.1464E-01  1.1350E-01 -2.8590E-01
  6.9414E-02 -2.1132E-01  1.1428E-01 -2.8781E-01
  6.9889E-02 -2.0791E-01  1.1505E-01 -2.8972E-01
  7.0368E-02 -2.0441E-01  1.1584E-01 -2.9166E-01
  7.0850E-02 -2.0082E-01  1.1663E-01 -2.9360E-01
  7.1335E-02 -1.9713E-01  1.1742E-01 -2.9555E-01
  7.1824E-02 -1.9336E-01  1.1822E-01 -2.9752E-01
  7.2315E-02 -1.8949E-01  1.1903E-01 -2.9950E-01
  7.2811E-02 -1.8554E-01  1.1984E-01 -3.0149E-01
  7.3309E-02 -1.8149E-01  1.2065E-01 -3.0350E-01
  7.3812E-02 -1.7736E-01  1.2148E-01 -3.0551E-01
  7.4317E-02 -1.7314E-01  1.2230E-01 -3.0754E-01
  7.4826E-02 -1.6882E-01  1.2314E-01 -3.0959E-01
  7.5338E-02 -1.6443E-01  1.2398E-01 -3.1164E-01
  7.5854E-02 -1.5994E-01  1.2482E-01 -3.1371E-01
  7.6374E-02 -1.5537E-01  1.2567E-01 -3.1579E-01
  7.6897E-02 -1.5072E-01  1.2652E-01 -3.1788E-01
  7.7424E-02 -1.4598E-01  1.2739E-01 -3.1999E-01
  7.7954E-02 -1.4115E-01  1.2825E-01 -3.2211E-01
  7.8488E-02 -1.3625E-01  1.2913E-01 -3.2424E-01
  7.9025E-02 -1.3126E-01  1.3000E-01 -3.2638E-01
  7.9566E-02 -1.2619E-01  1.3089E-01 -3.2854E-01
  8.0111E-02 -1.2104E-01  1.3178E-01 -3.3071E-01
  8.0660E-02 -1.1582E-01  1.3268E-01 -3.3290E-01
  8.1212E-02 -1.1051E-01  1.3358E-01 -3.3509E-01
  8.1768E-02 -1.0513E-01  1.3449E-01 -3.3731E-01
  8.2328E-02 -9.9680E-02  1.3540E-01 -3.3953E-01
  8.2892E-02 -9.4153E-02  1.3632E-01 -3.4177E-01
  8.3460E-02 -8.8554E-02  1.3725E-01 -3.4402E-01
  8.4031E-02 -8.2884E-02  1.3818E-01 -3.4628E-01
  8.4607E-02 -7.7145E-02  1.3912E-01 -3.4856E-01
  8.5186E-02 -7.1339E-02  1.4007E-01 -3.5085E-01
  8.5769E-02 -6.5467E-02  1.4102E-01 -3.5316E-01
  8.6357E-02 -5.9531E-02  1.4198E-01 -3.5548E-01
  8.6948E-02 -5.3532E-02  1.4294E-01 -3.5781E-01
  8.7543E-02 -4.7473E-02  1.4391E-01 -3.6016E-01
  8.8143E-02 -4.1354E-02  1.4489E-01 -3.6252E-01
  8.8746E-02 -3.5179E-02  1.4588E-01 -3.6490E-01
  8.9354E-02 -2.8949E-02  1.4687E-01 -3.6729E-01
  8.9966E-02 -2.2665E-02  1.4786E-01 -3.6969E-01
  9.0582E-02 -1.6331E-02  1.4887E-01 -3.7211E-01
  9.1202E-02 -9.9476E-03  1.4988E-01 -3.7454E-01
  9.1826E-02 -3.5174E-03  1.5090E-01 -3.7699E-01
  9.2455E-02  2.9574E-03  1.5192E-01 -3.7945E-01
  9.3088E-02  9.4745E-03  1.5295E-01 -3.8192E-01
  9.3726E-02  1.6032E-02  1.5399E-01 -3.8441E-01
  9.4367E-02  2.2626E-02  1.5503E-01 -3.8692E-01
  9.5013E-02  2.9256E-02  1.5609E-01 -3.8943E-01
  9.5664E-02  3.5919E-02  1.5714E-01 -3.9197E-01
  9.6319E-02  4.2612E-02  1.5821E-01 -3.9451E-01
  9.6978E-02  4.9333E-02  1.5928E-01 -3.9708E-01
  9.7642E-02  5.6078E-02  1.6036E-01 -3.9965E-01
  9.8311E-02  6.2846E-02  1.6145E-01 -4.0224E-01
  9.8984E-02  6.9634E-02  1.6254E-01 -4.0485E-01
  9.9662E-02  7.6438E-02  1.6365E-01 -4.0747E-01
  1.0034E-01  8.3257E-02  1.6476E-01 -4.1011E-01
  1.0103E-01  9.0086E-02  1.6587E-01 -4.1276E-01
  1.0172E-01  9.6924E-02  1.6700E-01 -4.1542E-01
  1.0242E-01  1.0377E-01  1.6813E-01 -4.1810E-01
  1.0312E-01  1.1061E-01  1.6927E-01 -4.2080E-01
  1.0383E-01  1.1746E-01  1.7041E-01 -4.2351E-01
  1.0454E-01  1.2430E-01  1.7156E-01 -4.2624E-01
  1.0525E-01  1.3113E-01  1.7273E-01 -4.2898E-01
  1.0597E-01  1.3796E-01  1.7390E-01 -4.3173E-01
  1.0670E-01  1.4477E-01  1.7507E-01 -4.3450E-01
  1.0743E-01  1.5156E-01  1.7626E-01 -4.3729E-01
  1.0816E-01  1.5833E-01  1.7745E-01 -4.4009E-01
  1.0891E-01  1.6508E-01  1.7865E-01 -4.4291E-01
  1.0965E-01  1.7181E-01  1.7986E-01 -4.4574E-01
  1.1040E-01  1.7850E-01  1.8107E-01 -4.4858E-01
  1.1116E-01  1.8516E-01  1.8230E-01 -4.5145E-01
  1.1192E-01  1.9178E-01  1.8353E-01 -4.5432E-01
  1.1268E-01  1.9836E-01  1.8477E-01 -4.5722E-01
  1.1346E-01  2.0490E-01  1.8602E-01 -4.6012E-01
  1.1423E-01  2.1139E-01  1.8727E-01 -4.6305E-01
  1.1501E-01  2.1783E-01  1.8854E-01 -4.6599E-01
  1.1580E-01  2.2422E-01  1.8981E-01 -4.6894E-01
  1.1659E-01  2.3054E-01  1.9109E-01 -4.7191E-01
  1.1739E-01  2.3681E-01  1.9238E-01 -4.7490E-01
  1.1820E-01  2.4300E-01  1.9368E-01 -4.7790E-01
  1.1901E-01  2.4913E-01  1.9499E-01 -4.8091E-01
  1.1982E-01  2.5519E-01  1.9630E-01 -4.8394E-01
  1.2064E-01  2.6117E-01  1.9763E-01 -4.8699E-01
  1.2147E-01  2.6706E-01  1.9896E-01 -4.9005E-01
  1.2230E-01  2.7288E-01  2.0030E-01 -4.9313E-01
  1.2313E-01  2.7860E-01  2.0165E-01 -4.9622E-01
  1.2398E-01  2.8424E-01  2.0301E-01 -4.9933E-01
  1.2483E-01  2.8978E-01  2.0438E-01 -5.0245E-01
  1.2568E-01  2.9522E-01  2.0576E-01 -5.0559E-01
  1.2654E-01  3.0055E-01  2.0714E-01 -5.0875E-01
  1.2741E-01  3.0578E-01  2.0854E-01 -5.1191E-01
  1.2828E-01  3.1090E-01  2.0994E-01 -5.1510E-01
  1.2916E-01  3.1591E-01  2.1135E-01 -5.1830E-01
  1.3004E-01  3.2080E-01  2.1277E-01 -5.2151E-01
  1.3093E-01  3.2556E-01  2.1420E-01 -5.2474E-01
  1.3183E-01  3.3020E-01  2.1565E-01 -5.2799E-01
  1.3273E-01  3.3471E-01  2.1709E-01 -5.3125E-01
  1.3364E-01  3.3909E-01  2.1855E-01 -5.3453E-01
  1.3455E-01  3.4334E-01  2.2002E-01 -5.3782E-01
  1.3547E-01  3.4744E-01  2.2150E-01 -5.4112E-01
  1.3640E-01  3.5140E-01  2.2299E-01 -5.4444E-01
  1.3733E-01  3.5522E-01  2.2449E-01 -5.4778E-01
  1.3827E-01  3.5888E-01  2.2599E-01 -5.5113E-01
  1.3922E-01  3.6239E-01  2.2751E-01 -5.5450E-01
  1.4017E-01  3.6574E-01  2.2903E-01 -5.5788E-01
  1.4113E-01  3.6894E-01  2.3057E-01 -5.6127E-01
  1.4210E-01  3.7197E-01  2.3212E-01 -5.6468E-01
  1.4307E-01  3.7483E-01  2.3367E-01 -5.6811E-01
  1.4405E-01  3.7752E-01  2.3524E-01 -5.7154E-01
  1.4504E-01  3.8004E-01  2.3681E-01 -5.7500E-01
  1.4603E-01  3.8239E-01  2.3840E-01 -5.7846E-01
  1.4703E-01  3.8455E-01  2.4000E-01 -5.8194E-01
  1.4804E-01  3.8653E-01  2.4160E-01 -5.8544E-01
  1.4905E-01  3.8833E-01  2.4322E-01 -5.8895E-01
  1.5007E-01  3.8994E-01  2.4484E-01 -5.9247E-01
  1.5110E-01  3.9135E-01  2.4648E-01 -5.9601E-01
  1.5213E-01  3.9258E-01  2.4813E-01 -5.9956E-01
  1.5317E-01  3.9361E-01  2.4979E-01 -6.0313E-01
  1.5422E-01  3.9444E-01  2.5145E-01 -6.0670E-01
  1.5528E-01  3.9507E-01  2.5313E-01 -6.1029E-01
  1.5634E-01  3.9550E-01  2.5482E-01 -6.1390E-01
  1.5741E-01  3.9572E-01  2.5652E-01 -6.1752E-01
  1.5849E-01  3.9573E-01  2.5823E-01 -6.2115E-01
  1.5957E-01  3.9553E-01  2.5996E-01 -6.2479E-01
  1.6066E-01  3.9513E-01  2.6169E-01 -6.2844E-01
  1.6176E-01  3.9451E-01  2.6343E-01 -6.3211E-01
  1.6287E-01  3.9367E-01  2.6519E-01 -6.3579E-01
  1.6398E-01  3.9262E-01  2.6695E-01 -6.3949E-01
  1.6511E-01  3.9135E-01  2.6873E-01 -6.4319E-01
  1.6624E-01  3.8985E-01  2.7052E-01 -6.4691E-01
  1.6737E-01  3.8814E-01  2.7231E-01 -6.5063E-01
  1.6852E-01  3.8621E-01  2.7412E-01 -6.5437E-01
  1.6967E-01  3.8405E-01  2.7595E-01 -6.5812E-01
  1.7083E-01  3.8167E-01  2.7778E-01 -6.6188E-01
  1.7200E-01  3.7906E-01  2.7962E-01 -6.6566E-01
  1.7318E-01  3.7623E-01  2.8148E-01 -6.6944E-01
  1.7436E-01  3.7317E-01  2.8334E-01 -6.7323E-01
  1.7556E-01  3.6989E-01  2.8522E-01 -6.7703E-01
  1.7676E-01  3.6638E-01  2.8711E-01 -6.8085E-01
  1.7797E-01  3.6264E-01  2.8901E-01 -6.8467E-01
  1.7919E-01  3.5867E-01  2.9093E-01 -6.8850E-01
  1.8041E-01  3.5448E-01  2.9285E-01 -6.9234E-01
  1.8165E-01  3.5006E-01  2.9479E-01 -6.9619E-01
  1.8289E-01  3.4541E-01  2.9674E-01 -7.0004E-01
  1.8414E-01  3.4054E-01  2.9870E-01 -7.0391E-01
  1.8540E-01  3.3544E-01  3.0067E-01 -7.0778E-01
  1.8667E-01  3.3012E-01  3.0266E-01 -7.1166E-01
  1.8795E-01  3.2457E-01  3.0465E-01 -7.1555E-01
  1.8924E-01  3.1881E-01  3.0666E-01 -7.1945E-01
  1.9053E-01  3.1282E-01  3.0868E-01 -7.2335E-01
  1.9183E-01  3.0661E-01  3.1072E-01 -7.2726E-01
  1.9315E-01  3.0019E-01  3.1276E-01 -7.3117E-01
  1.9447E-01  2.9354E-01  3.1482E-01 -7.3509E-01
  1.9580E-01  2.8669E-01  3.1689E-01 -7.3901E-01
  1.9714E-01  2.7962E-01  3.1898E-01 -7.4294E-01
  1.9849E-01  2.7235E-01  3.2107E-01 -7.4687E-01
  1.9985E-01  2.6486E-01  3.2318E-01 -7.5081E-01
  2.0121E-01  2.5718E-01  3.2530E-01 -7.5475E-01
  2.0259E-01  2.4928E-01  3.2743E-01 -7.5869E-01
  2.0398E-01  2.4120E-01  3.2958E-01 -7.6264E-01
  2.0537E-01  2.3291E-01  3.3174E-01 -7.6659E-01
  2.0678E-01  2.2443E-01  3.3391E-01 -7.7054E-01
  2.0819E-01  2.1576E-01  3.3609E-01 -7.7449E-01
  2.0962E-01  2.0691E-01  3.3829E-01 -7.7844E-01
  2.1105E-01  1.9787E-01  3.4050E-01 -7.8239E-01
  2.1250E-01  1.8866E-01  3.4272E-01 -7.8634E-01
  2.1395E-01  1.7927E-01  3.4496E-01 -7.9029E-01
  2.1542E-01  1.6971E-01  3.4721E-01 -7.9424E-01
  2.1689E-01  1.5998E-01  3.4947E-01 -7.9819E-01
  2.1837E-01  1.5010E-01  3.5175E-01 -8.0213E-01
  2.1987E-01  1.4005E-01  3.5404E-01 -8.0607E-01
  2.2137E-01  1.2986E-01  3.5634E-01 -8.1001E-01
  2.2289E-01  1.1951E-01  3.5865E-01 -8.1394E-01
  2.2441E-01  1.0903E-01  3.6098E-01 -8.1787E-01
  2.2595E-01  9.8403E-02  3.6332E-01 -8.2179E-01
  2.2749E-01  8.7648E-02  3.6568E-01 -8.2571E-01
  2.2905E-01  7.6767E-02  3.6805E-01 -8.2961E-01
  2.3062E-01  6.5766E-02  3.7043E-01 -8.3352E-01
  2.3220E-01  5.4650E-02  3.7283E-01 -8.3741E-01
  2.3379E-01  4.3425E-02  3.7524E-01 -8.4129E-01
  2.3538E-01  3.2097E-02  3.7766E-01 -8.4516E-01
  2.3700E-01  2.0672E-02  3.8010E-01 -8.4903E-01
  2.3862E-01  9.1573E-03  3.8255E-01 -8.5288E-01
  2.4025E-01 -2.4415E-03  3.8501E-01 -8.5672E-01
  2.4189E-01 -1.4118E-02  3.8749E-01 -8.6054E-01
  2.4355E-01 -2.5865E-02  3.8998E-01 -8.6435E-01
  2.4522E-01 -3.7676E-02  3.9248E-01 -8.6815E-01
  2.4689E-01 -4.9544E-02  3.9500E-01 -8.7193E-01
  2.4858E-01 -6.1462E-02  3.9754E-01 -8.7570E-01
  2.5028E-01 -7.3424E-02  4.0008E-01 -8.7945E-01
  2.5200E-01 -8.5421E-02  4.0264E-01 -8.8318E-01
  2.5372E-01 -9.7447E-02  4.0522E-01 -8.8689E-01
  2.5546E-01 -1.0949E-01  4.0781E-01 -8.9058E-01
  2.5720E-01 -1.2155E-01  4.1041E-01 -8.9424E-01
  2.5896E-01 -1.3362E-01  4.1303E-01 -8.9789E-01
  2.6074E-01 -1.4569E-01  4.1566E-01 -9.0151E-01
  2.6252E-01 -1.5775E-01  4.1830E-01 -9.0511E-01
  2.6432E-01 -1.6979E-01  4.2096E-01 -9.0868E-01
  2.6613E-01 -1.8180E-01  4.2363E-01 -9.1223E-01
  2.6795E-01 -1.9379E-01  4.2632E-01 -9.1575E-01
  2.6978E-01 -2.0573E-01  4.2902E-01 -9.1924E-01
  2.7163E-01 -2.1762E-01  4.3173E-01 -9.2270E-01
  2.7348E-01 -2.2946E-01  4.3446E-01 -9.2613E-01
  2.7536E-01 -2.4124E-01  4.3721E-01 -9.2952E-01
  2.7724E-01 -2.5294E-01  4.3996E-01 -9.3289E-01
  2.7914E-01 -2.6457E-01  4.4274E-01 -9.3621E-01
  2.8105E-01 -2.7610E-01  4.4552E-01 -9.3950E-01
  2.8297E-01 -2.8754E-01  4.4832E-01 -9.4276E-01
  2.8490E-01 -2.9887E-01  4.5113E-01 -9.4597E-01
  2.8685E-01 -3.1010E-01  4.5396E-01 -9.4915E-01
  2.8882E-01 -3.2120E-01  4.5680E-01 -9.5228E-01
  2.9079E-01 -3.3217E-01  4.5966E-01 -9.5537E-01
  2.9278E-01 -3.4301E-01  4.6253E-01 -9.5841E-01
  2.9479E-01 -3.5370E-01  4.6542E-01 -9.6141E-01
  2.9680E-01 -3.6424E-01  4.6831E-01 -9.6436E-01
  2.9883E-01 -3.7462E-01  4.7123E-01 -9.6726E-01
  3.0088E-01 -3.8483E-01  4.7415E-01 -9.7011E-01
  3.0294E-01 -3.9486E-01  4.7709E-01 -9.7291E-01
  3.0501E-01 -4.0471E-01  4.8005E-01 -9.7566E-01
  3.0710E-01 -4.1437E-01  4.8302E-01 -9.7835E-01
  3.0920E-01 -4.2383E-01  4.8600E-01 -9.8098E-01
  3.1131E-01 -4.3309E-01  4.8900E-01 -9.8355E-01
  3.1344E-01 -4.4212E-01  4.9201E-01 -9.8606E-01
  3.1559E-01 -4.5094E-01  4.9503E-01 -9.8851E-01
  3.1775E-01 -4.5953E-01  4.9807E-01 -9.9089E-01
  3.1992E-01 -4.6788E-01  5.0112E-01 -9.9321E-01
  3.2211E-01 -4.7599E-01  5.0419E-01 -9.9546E-01
  3.2431E-01 -4.8384E-01  5.0727E-01 -9.9764E-01
  3.2653E-01 -4.9144E-01  5.1036E-01 -9.9974E-01
  3.2877E-01 -4.9878E-01  5.1346E-01 -1.0018E+00
  3.3102E-01 -5.0584E-01  5.1658E-01 -1.0037E+00
  3.3328E-01 -5.1263E-01  5.1972E-01 -1.0056E+00
  3.3556E-01 -5.1913E-01  5.2287E-01 -1.0074E+00
  3.3786E-01 -5.2535E-01  5.2603E-01 -1.0091E+00
  3.4017E-01 -5.3126E-01  5.2920E-01 -1.0108E+00
  3.4250E-01 -5.3688E-01  5.3239E-01 -1.0123E+00
  3.4484E-01 -5.4219E-01  5.3559E-01 -1.0138E+00
  3.4720E-01 -5.4718E-01  5.3880E-01 -1.0151E+00
  3.4957E-01 -5.5186E-01  5.4202E-01 -1.0164E+00
  3.5197E-01 -5.5621E-01  5.4526E-01 -1.0176E+00
  3.5437E-01 -5.6023E-01  5.4851E-01 -1.0186E+00
  3.5680E-01 -5.6392E-01  5.5178E-01 -1.0196E+00
  3.5924E-01 -5.6728E-01  5.5506E-01 -1.0205E+00
  3.6170E-01 -5.7029E-01  5.5835E-01 -1.0212E+00
  3.6417E-01 -5.7295E-01  5.6165E-01 -1.0219E+00
  3.6666E-01 -5.7527E-01  5.6496E-01 -1.0224E+00
  3.6917E-01 -5.7722E-01  5.6829E-01 -1.0229E+00
  3.7170E-01 -5.7883E-01  5.7163E-01 -1.0232E+00
  3.7424E-01 -5.8007E-01  5.7498E-01 -1.0234E+00
  3.7680E-01 -5.8094E-01  5.7834E-01 -1.0234E+00
  3.7938E-01 -5.8145E-01  5.8171E-01 -1.0234E+00
  3.8197E-01 -5.8159E-01  5.8510E-01 -1.0232E+00
  3.8459E-01 -5.8136E-01  5.8849E-01 -1.0229E+00
  3.8722E-01 -5.8075E-01  5.9190E-01 -1.0225E+00
  3.8987E-01 -5.7977E-01  5.9532E-01 -1.0219E+00
  3.9254E-01 -5.7841E-01  5.9875E-01 -1.0212E+00
  3.9522E-01 -5.7667E-01  6.0219E-01 -1.0203E+00
  3.9792E-01 -5.7455E-01  6.0564E-01 -1.0193E+00
  4.0065E-01 -5.7205E-01  6.0911E-01 -1.0181E+00
  4.0339E-01 -5.6917E-01  6.1258E-01 -1.0168E+00
  4.0615E-01 -5.6591E-01  6.1606E-01 -1.0154E+00
  4.0893E-01 -5.6226E-01  6.1955E-01 -1.0138E+00
  4.1172E-01 -5.5824E-01  6.2305E-01 -1.0120E+00
  4.1454E-01 -5.5383E-01  6.2656E-01 -1.0100E+00
  4.1738E-01 -5.4904E-01  6.3008E-01 -1.0079E+00
  4.2023E-01 -5.4387E-01  6.3361E-01 -1.0056E+00
  4.2311E-01 -5.3832E-01  6.3715E-01 -1.0032E+00
  4.2600E-01 -5.3239E-01  6.4070E-01 -1.0005E+00
  4.2892E-01 -5.2609E-01  6.4425E-01 -9.9771E-01
  4.3185E-01 -5.1941E-01  6.4782E-01 -9.9470E-01
  4.3481E-01 -5.1236E-01  6.5139E-01 -9.9151E-01
  4.3778E-01 -5.0494E-01  6.5497E-01 -9.8813E-01
  4.4077E-01 -4.9716E-01  6.5855E-01 -9.8454E-01
  4.4379E-01 -4.8901E-01  6.6215E-01 -9.8076E-01
  4.4683E-01 -4.8050E-01  6.6575E-01 -9.7678E-01
  4.4988E-01 -4.7163E-01  6.6935E-01 -9.7258E-01
  4.5296E-01 -4.6241E-01  6.7297E-01 -9.6818E-01
  4.5606E-01 -4.5284E-01  6.7659E-01 -9.6356E-01
  4.5918E-01 -4.4292E-01  6.8021E-01 -9.5873E-01
  4.6232E-01 -4.3267E-01  6.8384E-01 -9.5367E-01
  4.6548E-01 -4.2207E-01  6.8748E-01 -9.4838E-01
  4.6867E-01 -4.1114E-01  6.9112E-01 -9.4287E-01
  4.7188E-01 -3.9989E-01  6.9476E-01 -9.3712E-01
  4.7510E-01 -3.8831E-01  6.9841E-01 -9.3113E-01
  4.7835E-01 -3.7642E-01  7.0206E-01 -9.2490E-01
  4.8163E-01 -3.6421E-01  7.0571E-01 -9.1842E-01
  4.8492E-01 -3.5171E-01  7.0937E-01 -9.1170E-01
  4.8824E-01 -3.3890E-01  7.1303E-01 -9.0472E-01
  4.9158E-01 -3.2580E-01  7.1669E-01 -8.9748E-01
  4.9494E-01 -3.1241E-01  7.2036E-01 -8.8998E-01
  4.9833E-01 -2.9874E-01  7.2402E-01 -8.8221E-01
  5.0174E-01 -2.8480E-01  7.2769E-01 -8.7418E-01
  5.0517E-01 -2.7060E-01  7.3136E-01 -8.6586E-01
  5.0862E-01 -2.5613E-01  7.3502E-01 -8.5727E-01
  5.1210E-01 -2.4142E-01  7.3869E-01 -8.4840E-01
  5.1561E-01 -2.2646E-01  7.4235E-01 -8.3924E-01
  5.1914E-01 -2.1126E-01  7.4602E-01 -8.2979E-01
  5.2269E-01 -1.9584E-01  7.4968E-01 -8.2005E-01
  5.2626E-01 -1.8019E-01  7.5334E-01 -8.1001E-01
  5.2986E-01 -1.6433E-01  7.5700E-01 -7.9966E-01
  5.3349E-01 -1.4827E-01  7.6065E-01 -7.8901E-01
  5.3714E-01 -1.3201E-01  7.6430E-01 -7.7805E-01
  5.4081E-01 -1.1556E-01  7.6795E-01 -7.6677E-01
  5.4451E-01 -9.8934E-02  7.7159E-01 -7.5517E-01
  5.4824E-01 -8.2137E-02  7.7522E-01 -7.4325E-01
  5.5199E-01 -6.5177E-02  7.7885E-01 -7.3101E-01
  5.5576E-01 -4.8064E-02  7.8247E-01 -7.1843E-01
  5.5957E-01 -3.0807E-02  7.8609E-01 -7.0552E-01
  5.6339E-01 -1.3414E-02  7.8970E-01 -6.9227E-01
  5.6725E-01  4.1052E-03  7.9329E-01 -6.7868E-01
  5.7113E-01  2.1742E-02  7.9688E-01 -6.6475E-01
  5.7503E-01  3.9487E-02  8.0046E-01 -6.5046E-01
  5.7897E-01  5.7331E-02  8.0403E-01 -6.3583E-01
  5.8293E-01  7.5264E-02  8.0759E-01 -6.2083E-01
  5.8692E-01  9.3278E-02  8.1114E-01 -6.0548E-01
  5.9093E-01  1.1136E-01  8.1467E-01 -5.8977E-01
  5.9497E-01  1.2951E-01  8.1819E-01 -5.7369E-01
  5.9905E-01  1.4771E-01  8.2170E-01 -5.5724E-01
  6.0314E-01  1.6595E-01  8.2520E-01 -5.4043E-01
  6.0727E-01  1.8423E-01  8.2867E-01 -5.2323E-01
  6.1142E-01  2.0253E-01  8.3213E-01 -5.0567E-01
  6.1561E-01  2.2085E-01  8.3558E-01 -4.8772E-01
  6.1982E-01  2.3917E-01  8.3901E-01 -4.6939E-01
  6.2406E-01  2.5749E-01  8.4242E-01 -4.5067E-01
  6.2833E-01  2.7580E-01  8.4581E-01 -4.3157E-01
  6.3262E-01  2.9408E-01  8.4917E-01 -4.1208E-01
  6.3695E-01  3.1233E-01  8.5252E-01 -3.9220E-01
  6.4131E-01  3.3055E-01  8.5585E-01 -3.7193E-01
  6.4570E-01  3.4871E-01  8.5915E-01 -3.5126E-01
  6.5011E-01  3.6682E-01  8.6244E-01 -3.3020E-01
  6.5456E-01  3.8485E-01  8.6569E-01 -3.0875E-01
  6.5904E-01  4.0282E-01  8.6892E-01 -2.8690E-01
  6.6355E-01  4.2069E-01  8.7213E-01 -2.6465E-01
  6.6809E-01  4.3848E-01  8.7531E-01 -2.4200E-01
  6.7266E-01  4.5616E-01  8.7846E-01 -2.1895E-01
  6.7726E-01  4.7373E-01  8.8158E-01 -1.9551E-01
  6.8189E-01  4.9118E-01  8.8467E-01 -1.7167E-01
  6.8656E-01  5.0850E-01  8.8773E-01 -1.4743E-01
  6.9125E-01  5.2569E-01  8.9075E-01 -1.2280E-01
  6.9598E-01  5.4273E-01  8.9375E-01 -9.7769E-02
  7.0074E-01  5.5962E-01  8.9671E-01 -7.2346E-02
  7.0554E-01  5.7635E-01  8.9963E-01 -4.6533E-02
  7.1036E-01  5.9292E-01  9.0252E-01 -2.0329E-02
  7.1522E-01  6.0931E-01  9.0537E-01  6.2612E-03
  7.2011E-01  6.2551E-01  9.0819E-01  3.3236E-02
  7.2504E-01  6.4153E-01  9.1096E-01  6.0592E-02
  7.3000E-01  6.5735E-01  9.1369E-01  8.8325E-02
  7.3499E-01  6.7297E-01  9.1638E-01  1.1643E-01
  7.4002E-01  6.8837E-01  9.1903E-01  1.4491E-01
  7.4508E-01  7.0356E-01  9.2164E-01  1.7375E-01
  7.5018E-01  7.1853E-01  9.2419E-01  2.0295E-01
  7.5531E-01  7.3326E-01  9.2671E-01  2.3250E-01
  7.6048E-01  7.4776E-01  9.2917E-01  2.6240E-01
  7.6568E-01  7.6201E-01  9.3159E-01  2.9265E-01
  7.7092E-01  7.7602E-01  9.3395E-01  3.2322E-01
  7.7619E-01  7.8977E-01  9.3626E-01  3.5412E-01
  7.8150E-01  8.0327E-01  9.3852E-01  3.8535E-01
  7.8685E-01  8.1650E-01  9.4073E-01  4.1688E-01
  7.9223E-01  8.2946E-01  9.4288E-01  4.4871E-01
  7.9765E-01  8.4214E-01  9.4498E-01  4.8083E-01
  8.0311E-01  8.5455E-01  9.4701E-01  5.1323E-01
  8.0860E-01  8.6667E-01  9.4899E-01  5.4591E-01
  8.1413E-01  8.7851E-01  9.5091E-01  5.7884E-01
  8.1970E-01  8.9005E-01  9.5276E-01  6.1202E-01
  8.2531E-01  9.0129E-01  9.5455E-01  6.4543E-01
  8.3096E-01  9.1224E-01  9.5628E-01  6.7906E-01
  8.3664E-01  9.2288E-01  9.5794E-01  7.1291E-01
  8.4236E-01  9.3322E-01  9.5953E-01  7.4694E-01
  8.4813E-01  9.4324E-01  9.6106E-01  7.8115E-01
  8.5393E-01  9.5296E-01  9.6251E-01  8.1552E-01
  8.5977E-01  9.6235E-01  9.6389E-01  8.5004E-01
  8.6565E-01  9.7143E-01  9.6520E-01  8.8468E-01
  8.7157E-01  9.8019E-01  9.6644E-01  9.1944E-01
  8.7753E-01  9.8863E-01  9.6760E-01  9.5428E-01
  8.8354E-01  9.9674E-01  9.6868E-01  9.8920E-01
  8.8958E-01  1.0045E+00  9.6968E-01  1.0242E+00
  8.9567E-01  1.0120E+00  9.7060E-01  1.0592E+00
  9.0179E-01  1.0191E+00  9.7144E-01  1.0942E+00
  9.0796E-01  1.0259E+00  9.7220E-01  1.1292E+00
  9.1417E-01  1.0324E+00  9.7287E-01  1.1641E+00
  9.2043E-01  1.0385E+00  9.7345E-01  1.1990E+00
  9.2672E-01  1.0443E+00  9.7395E-01  1.2338E+00
  9.3306E-01  1.0498E+00  9.7436E-01  1.2685E+00
  9.3944E-01  1.0549E+00  9.7468E-01  1.3031E+00
  9.4587E-01  1.0597E+00  9.7490E-01  1.3375E+00
  9.5234E-01  1.0642E+00  9.7503E-01  1.3717E+00
  9.5885E-01  1.0683E+00  9.7507E-01  1.4057E+00
  9.6541E-01  1.0721E+00  9.7501E-01  1.4395E+00
  9.7202E-01  1.0756E+00  9.7486E-01  1.4730E+00
  9.7867E-01  1.0787E+00  9.7460E-01  1.5061E+00
  9.8536E-01  1.0816E+00  9.7424E-01  1.5389E+00
  9.9210E-01  1.0840E+00  9.7378E-01  1.5714E+00
  9.9889E-01  1.0862E+00  9.7322E-01  1.6034E+00
  1.0057E+00  1.0880E+00  9.7255E-01  1.6351E+00
  1.0126E+00  1.0896E+00  9.7178E-01  1.6662E+00
  1.0195E+00  1.0907E+00  9.7089E-01  1.6968E+00
  1.0265E+00  1.0916E+00  9.6990E-01  1.7269E+00
  1.0335E+00  1.0922E+00  9.6880E-01  1.7564E+00
  1.0406E+00  1.0924E+00  9.6759E-01  1.7853E+00
  1.0477E+00  1.0923E+00  9.6626E-01  1.8136E+00
  1.0549E+00  1.0920E+00  9.6482E-01  1.8412E+00
  1.0621E+00  1.0913E+00  9.6326E-01  1.8680E+00
  1.0694E+00  1.0903E+00  9.6159E-01  1.8941E+00
  1.0767E+00  1.0890E+00  9.5980E-01  1.9194E+00
  1.0840E+00  1.0874E+00  9.5789E-01  1.9438E+00
  1.0915E+00  1.0856E+00  9.5585E-01  1.9674E+00
  1.0989E+00  1.0834E+00  9.5370E-01  1.9900E+00
  1.1064E+00  1.0810E+00  9.5143E-01  2.0117E+00
  1.1140E+00  1.0782E+00  9.4903E-01  2.0324E+00
  1.1216E+00  1.0752E+00  9.4651E-01  2.0521E+00
  1.1293E+00  1.0719E+00  9.4386E-01  2.0707E+00
  1.1370E+00  1.0684E+00  9.4108E-01  2.0882E+00
  1.1448E+00  1.0646E+00  9.3818E-01  2.1045E+00
  1.1526E+00  1.0605E+00  9.3515E-01  2.1196E+00
  1.1605E+00  1.0562E+00  9.3199E-01  2.1335E+00
  1.1685E+00  1.0516E+00  9.2870E-01  2.1462E+00
  1.1764E+00  1.0468E+00  9.2529E-01  2.1575E+00
  1.1845E+00  1.0417E+00  9.2174E-01  2.1675E+00
  1.1926E+00  1.0364E+00  9.1806E-01  2.1762E+00
  1.2008E+00  1.0309E+00  9.1424E-01  2.1834E+00
  1.2090E+00  1.0252E+00  9.1030E-01  2.1892E+00
  1.2172E+00  1.0192E+00  9.0622E-01  2.1935E+00
  1.2256E+00  1.0130E+00  9.0201E-01  2.1963E+00
  1.2339E+00  1.0066E+00  8.9767E-01  2.1975E+00
  1.2424E+00  1.0000E+00  8.9320E-01  2.1972E+00
  1.2509E+00  9.9320E-01  8.8859E-01  2.1953E+00
  1.2594E+00  9.8620E-01  8.8384E-01  2.1918E+00
  1.2681E+00  9.7902E-01  8.7897E-01  2.1867E+00
  1.2767E+00  9.7165E-01  8.7396E-01  2.1799E+00
  1.2855E+00  9.6411E-01  8.6882E-01  2.1714E+00
  1.2943E+00  9.5639E-01  8.6355E-01  2.1612E+00
  1.3031E+00  9.4851E-01  8.5814E-01  2.1493E+00
  1.3120E+00  9.4047E-01  8.5260E-01  2.1357E+00
  1.3210E+00  9.3228E-01  8.4694E-01  2.1203E+00
  1.3300E+00  9.2394E-01  8.4114E-01  2.1032E+00
  1.3391E+00  9.1545E-01  8.3521E-01  2.0843E+00
  1.3483E+00  9.0683E-01  8.2916E-01  2.0637E+00
  1.3575E+00  8.9807E-01  8.2298E-01  2.0414E+00
  1.3668E+00  8.8919E-01  8.1667E-01  2.0174E+00
  1.3762E+00  8.8019E-01  8.1024E-01  1.9916E+00
  1.3856E+00  8.7108E-01  8.0368E-01  1.9641E+00
  1.3950E+00  8.6185E-01  7.9700E-01  1.9349E+00
  1.4046E+00  8.5253E-01  7.9020E-01  1.9040E+00
  1.4142E+00  8.4311E-01  7.8329E-01  1.8715E+00
  1.4239E+00  8.3359E-01  7.7625E-01  1.8374E+00
  1.4336E+00  8.2399E-01  7.6910E-01  1.8017E+00
  1.4434E+00  8.1431E-01  7.6184E-01  1.7645E+00
  1.4533E+00  8.0456E-01  7.5447E-01  1.7257E+00
  1.4632E+00  7.9473E-01  7.4699E-01  1.6856E+00
  1.4732E+00  7.8485E-01  7.3940E-01  1.6440E+00
  1.4833E+00  7.7490E-01  7.3171E-01  1.6011E+00
  1.4935E+00  7.6490E-01  7.2392E-01  1.5570E+00
  1.5037E+00  7.5486E-01  7.1604E-01  1.5116E+00
  1.5140E+00  7.4477E-01  7.0805E-01  1.4651E+00
  1.5243E+00  7.3464E-01  6.9998E-01  1.4176E+00
  1.5347E+00  7.2449E-01  6.9181E-01  1.3691E+00
  1.5452E+00  7.1430E-01  6.8357E-01  1.3197E+00
  1.5558E+00  7.0410E-01  6.7524E-01  1.2696E+00
  1.5665E+00  6.9388E-01  6.6683E-01  1.2188E+00
  1.5772E+00  6.8364E-01  6.5835E-01  1.1674E+00
  1.5880E+00  6.7340E-01  6.4979E-01  1.1155E+00
  1.5988E+00  6.6316E-01  6.4117E-01  1.0633E+00
  1.6098E+00  6.5292E-01  6.3249E-01  1.0108E+00
  1.6208E+00  6.4269E-01  6.2375E-01  9.5825E-01
  1.6319E+00  6.3247E-01  6.1495E-01  9.0569E-01
  1.6430E+00  6.2226E-01  6.0610E-01  8.5326E-01
  1.6543E+00  6.1208E-01  5.9721E-01  8.0110E-01
  1.6656E+00  6.0192E-01  5.8828E-01  7.4935E-01
  1.6770E+00  5.9178E-01  5.7931E-01  6.9813E-01
  1.6884E+00  5.8168E-01  5.7031E-01  6.4758E-01
  1.7000E+00  5.7162E-01  5.6128E-01  5.9785E-01
  1.7116E+00  5.6160E-01  5.5224E-01  5.4906E-01
  1.7233E+00  5.5163E-01  5.4317E-01  5.0136E-01
  1.7351E+00  5.4170E-01  5.3409E-01  4.5489E-01
  1.7470E+00  5.3182E-01  5.2501E-01  4.0976E-01
  1.7589E+00  5.2200E-01  5.1592E-01  3.6613E-01
  1.7710E+00  5.1224E-01  5.0684E-01  3.2410E-01
  1.7831E+00  5.0254E-01  4.9776E-01  2.8381E-01
  1.7953E+00  4.9290E-01  4.8870E-01  2.4538E-01
  1.8075E+00  4.8334E-01  4.7966E-01  2.0890E-01
  1.8199E+00  4.7384E-01  4.7064E-01  1.7448E-01
  1.8324E+00  4.6442E-01  4.6166E-01  1.4221E-01
  1.8449E+00  4.5508E-01  4.5270E-01  1.1218E-01
  1.8575E+00  4.4582E-01  4.4379E-01  8.4440E-02
  1.8702E+00  4.3663E-01  4.3492E-01  5.9060E-02
  1.8830E+00  4.2754E-01  4.2609E-01  3.6078E-02
  1.8959E+00  4.1853E-01  4.1733E-01  1.5519E-02
  1.9089E+00  4.0961E-01  4.0862E-01 -2.6060E-03
  1.9219E+00  4.0078E-01  3.9997E-01 -1.8306E-02
  1.9351E+00  3.9205E-01  3.9140E-01 -3.1609E-02
  1.9483E+00  3.8341E-01  3.8289E-01 -4.2560E-02
  1.9616E+00  3.7487E-01  3.7446E-01 -5.1225E-02
  1.9750E+00  3.6643E-01  3.6612E-01 -5.7694E-02
  1.9886E+00  3.5809E-01  3.5785E-01 -6.2073E-02
  2.0022E+00  3.4986E-01  3.4968E-01 -6.4493E-02
  2.0158E+00  3.4172E-01  3.4159E-01 -6.5105E-02
  2.0296E+00  3.3370E-01  3.3360E-01 -6.4080E-02
  2.0435E+00  3.2578E-01  3.2571E-01 -6.1608E-02
  2.0575E+00  3.1796E-01  3.1792E-01 -5.7898E-02
  2.0716E+00  3.1026E-01  3.1024E-01 -5.3172E-02
  2.0857E+00  3.0267E-01  3.0265E-01 -4.7666E-02
  2.1000E+00  2.9519E-01  2.9518E-01 -4.1628E-02
  2.1144E+00  2.8782E-01  2.8781E-01 -3.5305E-02
  2.1288E+00  2.8056E-01  2.8056E-01 -2.8949E-02
  2.1434E+00  2.7341E-01  2.7341E-01 -2.2800E-02
  2.1581E+00  2.6638E-01  2.6638E-01 -1.7088E-02
  2.1728E+00  2.5947E-01  2.5947E-01 -1.2015E-02
  2.1877E+00  2.5266E-01  2.5266E-01 -7.7522E-03
  2.2026E+00  2.4598E-01  2.4598E-01 -4.4227E-03
  2.2177E+00  2.3940E-01  2.3940E-01 -2.0896E-03
  2.2329E+00  2.3295E-01  2.3295E-01 -7.4779E-04
  2.2482E+00  2.2660E-01  2.2660E-01 -1.9476E-04
  2.2635E+00  2.2038E-01  2.2038E-01  0.0000E+00
  2.2790E+00  2.1426E-01  2.1426E-01  0.0000E+00
  2.2946E+00  2.0826E-01  2.0826E-01  0.0000E+00
  2.3103E+00  2.0238E-01  2.0238E-01  0.0000E+00
  2.3261E+00  1.9661E-01  1.9661E-01  0.0000E+00
  2.3420E+00  1.9095E-01  1.9095E-01  0.0000E+00
  2.3580E+00  1.8541E-01  1.8541E-01  0.0000E+00
  2.3742E+00  1.7998E-01  1.7998E-01  0.0000E+00
  2.3904E+00  1.7466E-01  1.7466E-01  0.0000E+00
  2.4068E+00  1.6946E-01  1.6946E-01  0.0000E+00
  2.4232E+00  1.6436E-01  1.6436E-01  0.0000E+00
  2.4398E+00  1.5937E-01  1.5937E-01  0.0000E+00
  2.4565E+00  1.5450E-01  1.5450E-01  0.0000E+00
  2.4733E+00  1.4973E-01  1.4973E-01  0.0000E+00
  2.4902E+00  1.4507E-01  1.4507E-01  0.0000E+00
  2.5072E+00  1.4051E-01  1.4051E-01  0.0000E+00
  2.5244E+00  1.3606E-01  1.3606E-01  0.0000E+00
  2.5417E+00  1.3172E-01  1.3172E-01  0.0000E+00
  2.5590E+00  1.2747E-01  1.2747E-01  0.0000E+00
  2.5765E+00  1.2333E-01  1.2333E-01  0.0000E+00
  2.5942E+00  1.1929E-01  1.1929E-01  0.0000E+00
  2.6119E+00  1.1535E-01  1.1535E-01  0.0000E+00
  2.6298E+00  1.1151E-01  1.1151E-01  0.0000E+00
  2.6478E+00  1.0777E-01  1.0777E-01  0.0000E+00
  2.6659E+00  1.0412E-01  1.0412E-01  0.0000E+00
  2.6841E+00  1.0056E-01  1.0056E-01  0.0000E+00
  2.7025E+00  9.7104E-02  9.7104E-02  0.0000E+00
  2.7210E+00  9.3735E-02  9.3735E-02  0.0000E+00
  2.7396E+00  9.0456E-02  9.0456E-02  0.0000E+00
  2.7583E+00  8.7267E-02  8.7267E-02  0.0000E+00
  2.7772E+00  8.4165E-02  8.4165E-02  0.0000E+00
  2.7962E+00  8.1149E-02  8.1149E-02  0.0000E+00
  2.8153E+00  7.8217E-02  7.8217E-02  0.0000E+00
  2.8345E+00  7.5369E-02  7.5369E-02  0.0000E+00
  2.8539E+00  7.2603E-02  7.2603E-02  0.0000E+00
  2.8735E+00  6.9917E-02  6.9917E-02  0.0000E+00
  2.8931E+00  6.7310E-02  6.7310E-02  0.0000E+00
  2.9129E+00  6.4780E-02  6.4780E-02  0.0000E+00
  2.9328E+00  6.2326E-02  6.2326E-02  0.0000E+00
  2.9529E+00  5.9946E-02  5.9946E-02  0.0000E+00
  2.9731E+00  5.7639E-02  5.7639E-02  0.0000E+00
  2.9934E+00  5.5403E-02  5.5403E-02  0.0000E+00
  3.0139E+00  5.3238E-02  5.3238E-02  0.0000E+00
  3.0345E+00  5.1140E-02  5.1140E-02  0.0000E+00
  3.0553E+00  4.9110E-02  4.9110E-02  0.0000E+00
  3.0762E+00  4.7145E-02  4.7145E-02  0.0000E+00
  3.0972E+00  4.5244E-02  4.5244E-02  0.0000E+00
  3.1184E+00  4.3405E-02  4.3405E-02  0.0000E+00
  3.1397E+00  4.1628E-02  4.1628E-02  0.0000E+00
  3.1612E+00  3.9910E-02  3.9910E-02  0.0000E+00
  3.1828E+00  3.8250E-02  3.8250E-02  0.0000E+00
