 # l=           3 energy=  -4.9859719438877761     
  0.0000E+00  0.0000E+00  0.0000E+00  0.0000E+00
  6.5668E-07  7.5571E-26 -1.0608E-21  1.4917E-21
  1.3178E-06  1.2258E-24 -1.2737E-20  1.7911E-20
  1.9835E-06  6.2909E-24 -5.4793E-20  7.7050E-20
  2.6538E-06  2.0156E-23 -1.5483E-19  2.1773E-19
  3.3286E-06  4.9889E-23 -3.4754E-19  4.8873E-19
  4.0081E-06  1.0488E-22 -6.7436E-19  9.4832E-19
  4.6922E-06  1.9699E-22 -1.1834E-18  1.6642E-18
  5.3809E-06  3.4071E-22 -1.9294E-18  2.7132E-18
  6.0744E-06  5.5331E-22 -2.9738E-18  4.1820E-18
  6.7726E-06  8.5503E-22 -4.3849E-18  6.1665E-18
  7.4756E-06  1.2692E-21 -6.2380E-18  8.7725E-18
  8.1834E-06  1.8226E-21 -8.6153E-18  1.2116E-17
  8.8961E-06  2.5454E-21 -1.1607E-17  1.6323E-17
  9.6136E-06  3.4714E-21 -1.5309E-17  2.1530E-17
  1.0336E-05  4.6384E-21 -1.9828E-17  2.7885E-17
  1.1063E-05  6.0885E-21 -2.5276E-17  3.5546E-17
  1.1796E-05  7.8679E-21 -3.1775E-17  4.4686E-17
  1.2533E-05  1.0027E-20 -3.9454E-17  5.5485E-17
  1.3276E-05  1.2623E-20 -4.8452E-17  6.8140E-17
  1.4023E-05  1.5715E-20 -5.8917E-17  8.2858E-17
  1.4776E-05  1.9370E-20 -7.1006E-17  9.9860E-17
  1.5533E-05  2.3660E-20 -8.4887E-17  1.1938E-16
  1.6296E-05  2.8662E-20 -1.0074E-16  1.4167E-16
  1.7064E-05  3.4460E-20 -1.1874E-16  1.6700E-16
  1.7838E-05  4.1145E-20 -1.3911E-16  1.9564E-16
  1.8617E-05  4.8814E-20 -1.6203E-16  2.2788E-16
  1.9401E-05  5.7571E-20 -1.8775E-16  2.6405E-16
  2.0190E-05  6.7529E-20 -2.1649E-16  3.0446E-16
  2.0985E-05  7.8806E-20 -2.4849E-16  3.4948E-16
  2.1785E-05  9.1532E-20 -2.8402E-16  3.9945E-16
  2.2591E-05  1.0584E-19 -3.2335E-16  4.5477E-16
  2.3402E-05  1.2188E-19 -3.6677E-16  5.1583E-16
  2.4218E-05  1.3981E-19 -4.1458E-16  5.8307E-16
  2.5041E-05  1.5979E-19 -4.6709E-16  6.5693E-16
  2.5869E-05  1.8199E-19 -5.2464E-16  7.3787E-16
  2.6702E-05  2.0661E-19 -5.8758E-16  8.2638E-16
  2.7542E-05  2.3384E-19 -6.5626E-16  9.2298E-16
  2.8387E-05  2.6389E-19 -7.3107E-16  1.0282E-15
  2.9238E-05  2.9697E-19 -8.1241E-16  1.1426E-15
  3.0094E-05  3.3334E-19 -9.0070E-16  1.2668E-15
  3.0957E-05  3.7323E-19 -9.9638E-16  1.4013E-15
  3.1825E-05  4.1690E-19 -1.0999E-15  1.5469E-15
  3.2700E-05  4.6464E-19 -1.2117E-15  1.7042E-15
  3.3580E-05  5.1674E-19 -1.3324E-15  1.8739E-15
  3.4466E-05  5.7349E-19 -1.4624E-15  2.0567E-15
  3.5359E-05  6.3524E-19 -1.6022E-15  2.2535E-15
  3.6257E-05  7.0231E-19 -1.7525E-15  2.4649E-15
  3.7162E-05  7.7507E-19 -1.9139E-15  2.6918E-15
  3.8073E-05  8.5390E-19 -2.0869E-15  2.9351E-15
  3.8990E-05  9.3920E-19 -2.2721E-15  3.1957E-15
  3.9913E-05  1.0314E-18 -2.4704E-15  3.4745E-15
  4.0843E-05  1.1309E-18 -2.6823E-15  3.7726E-15
  4.1779E-05  1.2382E-18 -2.9085E-15  4.0908E-15
  4.2721E-05  1.3537E-18 -3.1499E-15  4.4303E-15
  4.3670E-05  1.4781E-18 -3.4072E-15  4.7922E-15
  4.4626E-05  1.6117E-18 -3.6813E-15  5.1777E-15
  4.5588E-05  1.7552E-18 -3.9729E-15  5.5878E-15
  4.6556E-05  1.9092E-18 -4.2829E-15  6.0239E-15
  4.7531E-05  2.0743E-18 -4.6123E-15  6.4873E-15
  4.8513E-05  2.2510E-18 -4.9621E-15  6.9792E-15
  4.9501E-05  2.4402E-18 -5.3332E-15  7.5012E-15
  5.0497E-05  2.6424E-18 -5.7266E-15  8.0545E-15
  5.1499E-05  2.8585E-18 -6.1434E-15  8.6408E-15
  5.2508E-05  3.0892E-18 -6.5847E-15  9.2615E-15
  5.3523E-05  3.3353E-18 -7.0516E-15  9.9183E-15
  5.4546E-05  3.5976E-18 -7.5455E-15  1.0613E-14
  5.5576E-05  3.8770E-18 -8.0674E-15  1.1347E-14
  5.6613E-05  4.1746E-18 -8.6187E-15  1.2122E-14
  5.7657E-05  4.4911E-18 -9.2007E-15  1.2941E-14
  5.8708E-05  4.8276E-18 -9.8147E-15  1.3805E-14
  5.9766E-05  5.1852E-18 -1.0462E-14  1.4716E-14
  6.0831E-05  5.5650E-18 -1.1145E-14  1.5676E-14
  6.1904E-05  5.9680E-18 -1.1864E-14  1.6687E-14
  6.2984E-05  6.3956E-18 -1.2621E-14  1.7753E-14
  6.4072E-05  6.8489E-18 -1.3418E-14  1.8874E-14
  6.5167E-05  7.3292E-18 -1.4257E-14  2.0053E-14
  6.6269E-05  7.8378E-18 -1.5139E-14  2.1294E-14
  6.7379E-05  8.3763E-18 -1.6066E-14  2.2597E-14
  6.8497E-05  8.9460E-18 -1.7039E-14  2.3967E-14
  6.9622E-05  9.5484E-18 -1.8062E-14  2.5406E-14
  7.0755E-05  1.0185E-17 -1.9136E-14  2.6917E-14
  7.1895E-05  1.0858E-17 -2.0263E-14  2.8502E-14
  7.3044E-05  1.1569E-17 -2.1446E-14  3.0165E-14
  7.4200E-05  1.2319E-17 -2.2686E-14  3.1909E-14
  7.5364E-05  1.3110E-17 -2.3985E-14  3.3737E-14
  7.6536E-05  1.3945E-17 -2.5347E-14  3.5654E-14
  7.7717E-05  1.4825E-17 -2.6774E-14  3.7661E-14
  7.8905E-05  1.5753E-17 -2.8269E-14  3.9763E-14
  8.0101E-05  1.6730E-17 -2.9833E-14  4.1963E-14
  8.1306E-05  1.7760E-17 -3.1471E-14  4.4267E-14
  8.2519E-05  1.8843E-17 -3.3184E-14  4.6676E-14
  8.3740E-05  1.9984E-17 -3.4975E-14  4.9197E-14
  8.4969E-05  2.1183E-17 -3.6849E-14  5.1832E-14
  8.6207E-05  2.2445E-17 -3.8807E-14  5.4587E-14
  8.7453E-05  2.3771E-17 -4.0854E-14  5.7466E-14
  8.8708E-05  2.5165E-17 -4.2992E-14  6.0473E-14
  8.9971E-05  2.6630E-17 -4.5225E-14  6.3615E-14
  9.1244E-05  2.8168E-17 -4.7557E-14  6.6895E-14
  9.2524E-05  2.9783E-17 -4.9991E-14  7.0319E-14
  9.3814E-05  3.1479E-17 -5.2531E-14  7.3892E-14
  9.5112E-05  3.3258E-17 -5.5182E-14  7.7621E-14
  9.6419E-05  3.5124E-17 -5.7947E-14  8.1511E-14
  9.7736E-05  3.7082E-17 -6.0831E-14  8.5567E-14
  9.9061E-05  3.9134E-17 -6.3837E-14  8.9796E-14
  1.0040E-04  4.1286E-17 -6.6971E-14  9.4205E-14
  1.0174E-04  4.3540E-17 -7.0237E-14  9.8799E-14
  1.0309E-04  4.5902E-17 -7.3640E-14  1.0359E-13
  1.0445E-04  4.8376E-17 -7.7185E-14  1.0857E-13
  1.0582E-04  5.0967E-17 -8.0878E-14  1.1377E-13
  1.0720E-04  5.3679E-17 -8.4722E-14  1.1918E-13
  1.0859E-04  5.6517E-17 -8.8725E-14  1.2481E-13
  1.0999E-04  5.9487E-17 -9.2891E-14  1.3067E-13
  1.1140E-04  6.2594E-17 -9.7226E-14  1.3676E-13
  1.1282E-04  6.5844E-17 -1.0174E-13  1.4311E-13
  1.1425E-04  6.9242E-17 -1.0643E-13  1.4971E-13
  1.1569E-04  7.2795E-17 -1.1131E-13  1.5658E-13
  1.1714E-04  7.6509E-17 -1.1638E-13  1.6372E-13
  1.1859E-04  8.0389E-17 -1.2166E-13  1.7114E-13
  1.2006E-04  8.4444E-17 -1.2715E-13  1.7885E-13
  1.2154E-04  8.8679E-17 -1.3285E-13  1.8687E-13
  1.2303E-04  9.3102E-17 -1.3877E-13  1.9521E-13
  1.2453E-04  9.7721E-17 -1.4493E-13  2.0387E-13
  1.2603E-04  1.0254E-16 -1.5132E-13  2.1286E-13
  1.2755E-04  1.0757E-16 -1.5796E-13  2.2220E-13
  1.2908E-04  1.1283E-16 -1.6486E-13  2.3190E-13
  1.3062E-04  1.1831E-16 -1.7202E-13  2.4198E-13
  1.3217E-04  1.2402E-16 -1.7945E-13  2.5244E-13
  1.3373E-04  1.2999E-16 -1.8717E-13  2.6329E-13
  1.3530E-04  1.3620E-16 -1.9518E-13  2.7456E-13
  1.3689E-04  1.4269E-16 -2.0349E-13  2.8625E-13
  1.3848E-04  1.4945E-16 -2.1211E-13  2.9838E-13
  1.4008E-04  1.5649E-16 -2.2106E-13  3.1097E-13
  1.4170E-04  1.6383E-16 -2.3034E-13  3.2402E-13
  1.4332E-04  1.7148E-16 -2.3996E-13  3.3756E-13
  1.4496E-04  1.7945E-16 -2.4994E-13  3.5160E-13
  1.4661E-04  1.8775E-16 -2.6029E-13  3.6616E-13
  1.4827E-04  1.9640E-16 -2.7102E-13  3.8125E-13
  1.4994E-04  2.0540E-16 -2.8214E-13  3.9689E-13
  1.5162E-04  2.1478E-16 -2.9366E-13  4.1311E-13
  1.5331E-04  2.2454E-16 -3.0561E-13  4.2991E-13
  1.5502E-04  2.3469E-16 -3.1799E-13  4.4733E-13
  1.5674E-04  2.4527E-16 -3.3081E-13  4.6537E-13
  1.5847E-04  2.5627E-16 -3.4410E-13  4.8406E-13
  1.6021E-04  2.6771E-16 -3.5786E-13  5.0342E-13
  1.6196E-04  2.7962E-16 -3.7211E-13  5.2348E-13
  1.6372E-04  2.9201E-16 -3.8688E-13  5.4424E-13
  1.6550E-04  3.0489E-16 -4.0216E-13  5.6575E-13
  1.6729E-04  3.1828E-16 -4.1799E-13  5.8801E-13
  1.6909E-04  3.3221E-16 -4.3438E-13  6.1107E-13
  1.7090E-04  3.4669E-16 -4.5134E-13  6.3493E-13
  1.7273E-04  3.6175E-16 -4.6889E-13  6.5963E-13
  1.7457E-04  3.7739E-16 -4.8706E-13  6.8519E-13
  1.7642E-04  3.9365E-16 -5.0587E-13  7.1165E-13
  1.7828E-04  4.1055E-16 -5.2533E-13  7.3902E-13
  1.8016E-04  4.2810E-16 -5.4546E-13  7.6734E-13
  1.8205E-04  4.4634E-16 -5.6629E-13  7.9664E-13
  1.8395E-04  4.6529E-16 -5.8783E-13  8.2696E-13
  1.8586E-04  4.8497E-16 -6.1012E-13  8.5831E-13
  1.8779E-04  5.0541E-16 -6.3317E-13  8.9073E-13
  1.8973E-04  5.2663E-16 -6.5700E-13  9.2427E-13
  1.9169E-04  5.4867E-16 -6.8165E-13  9.5895E-13
  1.9365E-04  5.7154E-16 -7.0714E-13  9.9480E-13
  1.9563E-04  5.9530E-16 -7.3349E-13  1.0319E-12
  1.9763E-04  6.1995E-16 -7.6073E-13  1.0702E-12
  1.9964E-04  6.4554E-16 -7.8889E-13  1.1098E-12
  2.0166E-04  6.7209E-16 -8.1800E-13  1.1508E-12
  2.0370E-04  6.9965E-16 -8.4808E-13  1.1931E-12
  2.0575E-04  7.2824E-16 -8.7917E-13  1.2368E-12
  2.0781E-04  7.5791E-16 -9.1130E-13  1.2820E-12
  2.0989E-04  7.8868E-16 -9.4450E-13  1.3287E-12
  2.1198E-04  8.2060E-16 -9.7880E-13  1.3770E-12
  2.1409E-04  8.5371E-16 -1.0142E-12  1.4269E-12
  2.1621E-04  8.8805E-16 -1.0508E-12  1.4784E-12
  2.1834E-04  9.2365E-16 -1.0887E-12  1.5316E-12
  2.2049E-04  9.6058E-16 -1.1277E-12  1.5865E-12
  2.2266E-04  9.9886E-16 -1.1681E-12  1.6433E-12
  2.2484E-04  1.0386E-15 -1.2097E-12  1.7019E-12
  2.2703E-04  1.0797E-15 -1.2528E-12  1.7624E-12
  2.2924E-04  1.1223E-15 -1.2972E-12  1.8249E-12
  2.3147E-04  1.1666E-15 -1.3431E-12  1.8895E-12
  2.3371E-04  1.2124E-15 -1.3904E-12  1.9561E-12
  2.3596E-04  1.2598E-15 -1.4393E-12  2.0249E-12
  2.3823E-04  1.3090E-15 -1.4898E-12  2.0959E-12
  2.4052E-04  1.3600E-15 -1.5419E-12  2.1692E-12
  2.4282E-04  1.4128E-15 -1.5957E-12  2.2449E-12
  2.4514E-04  1.4675E-15 -1.6512E-12  2.3230E-12
  2.4747E-04  1.5242E-15 -1.7085E-12  2.4036E-12
  2.4982E-04  1.5829E-15 -1.7676E-12  2.4868E-12
  2.5219E-04  1.6437E-15 -1.8286E-12  2.5727E-12
  2.5457E-04  1.7067E-15 -1.8916E-12  2.6612E-12
  2.5697E-04  1.7719E-15 -1.9566E-12  2.7526E-12
  2.5938E-04  1.8395E-15 -2.0236E-12  2.8469E-12
  2.6181E-04  1.9094E-15 -2.0927E-12  2.9442E-12
  2.6426E-04  1.9818E-15 -2.1641E-12  3.0446E-12
  2.6672E-04  2.0568E-15 -2.2376E-12  3.1481E-12
  2.6920E-04  2.1344E-15 -2.3136E-12  3.2549E-12
  2.7170E-04  2.2147E-15 -2.3918E-12  3.3651E-12
  2.7422E-04  2.2979E-15 -2.4726E-12  3.4787E-12
  2.7675E-04  2.3839E-15 -2.5559E-12  3.5959E-12
  2.7930E-04  2.4730E-15 -2.6418E-12  3.7167E-12
  2.8186E-04  2.5652E-15 -2.7303E-12  3.8413E-12
  2.8445E-04  2.6605E-15 -2.8217E-12  3.9698E-12
  2.8705E-04  2.7593E-15 -2.9158E-12  4.1023E-12
  2.8967E-04  2.8614E-15 -3.0129E-12  4.2390E-12
  2.9231E-04  2.9670E-15 -3.1130E-12  4.3798E-12
  2.9497E-04  3.0764E-15 -3.2163E-12  4.5250E-12
  2.9764E-04  3.1895E-15 -3.3227E-12  4.6747E-12
  3.0033E-04  3.3064E-15 -3.4323E-12  4.8291E-12
  3.0304E-04  3.4274E-15 -3.5454E-12  4.9882E-12
  3.0577E-04  3.5526E-15 -3.6619E-12  5.1521E-12
  3.0852E-04  3.6820E-15 -3.7821E-12  5.3211E-12
  3.1129E-04  3.8159E-15 -3.9059E-12  5.4953E-12
  3.1407E-04  3.9544E-15 -4.0335E-12  5.6749E-12
  3.1688E-04  4.0975E-15 -4.1650E-12  5.8599E-12
  3.1970E-04  4.2456E-15 -4.3005E-12  6.0506E-12
  3.2255E-04  4.3986E-15 -4.4401E-12  6.2470E-12
  3.2541E-04  4.5569E-15 -4.5840E-12  6.4495E-12
  3.2829E-04  4.7205E-15 -4.7323E-12  6.6581E-12
  3.3119E-04  4.8897E-15 -4.8850E-12  6.8731E-12
  3.3412E-04  5.0645E-15 -5.0424E-12  7.0945E-12
  3.3706E-04  5.2453E-15 -5.2046E-12  7.3227E-12
  3.4002E-04  5.4321E-15 -5.3717E-12  7.5578E-12
  3.4300E-04  5.6252E-15 -5.5437E-12  7.7999E-12
  3.4600E-04  5.8248E-15 -5.7210E-12  8.0494E-12
  3.4903E-04  6.0310E-15 -5.9036E-12  8.3063E-12
  3.5207E-04  6.2442E-15 -6.0918E-12  8.5710E-12
  3.5514E-04  6.4645E-15 -6.2855E-12  8.8436E-12
  3.5822E-04  6.6921E-15 -6.4851E-12  9.1244E-12
  3.6133E-04  6.9273E-15 -6.6906E-12  9.4136E-12
  3.6446E-04  7.1703E-15 -6.9023E-12  9.7114E-12
  3.6761E-04  7.4214E-15 -7.1203E-12  1.0018E-11
  3.7078E-04  7.6808E-15 -7.3448E-12  1.0334E-11
  3.7397E-04  7.9488E-15 -7.5759E-12  1.0659E-11
  3.7719E-04  8.2256E-15 -7.8140E-12  1.0994E-11
  3.8042E-04  8.5116E-15 -8.0591E-12  1.1339E-11
  3.8368E-04  8.8070E-15 -8.3115E-12  1.1694E-11
  3.8696E-04  9.1122E-15 -8.5714E-12  1.2060E-11
  3.9026E-04  9.4273E-15 -8.8390E-12  1.2437E-11
  3.9359E-04  9.7528E-15 -9.1144E-12  1.2824E-11
  3.9694E-04  1.0089E-14 -9.3981E-12  1.3223E-11
  4.0031E-04  1.0436E-14 -9.6900E-12  1.3634E-11
  4.0371E-04  1.0795E-14 -9.9906E-12  1.4057E-11
  4.0712E-04  1.1165E-14 -1.0300E-11  1.4492E-11
  4.1057E-04  1.1547E-14 -1.0619E-11  1.4941E-11
  4.1403E-04  1.1942E-14 -1.0946E-11  1.5402E-11
  4.1752E-04  1.2350E-14 -1.1284E-11  1.5877E-11
  4.2103E-04  1.2771E-14 -1.1631E-11  1.6366E-11
  4.2457E-04  1.3205E-14 -1.1989E-11  1.6869E-11
  4.2813E-04  1.3654E-14 -1.2357E-11  1.7387E-11
  4.3171E-04  1.4117E-14 -1.2736E-11  1.7919E-11
  4.3532E-04  1.4595E-14 -1.3125E-11  1.8468E-11
  4.3896E-04  1.5088E-14 -1.3526E-11  1.9032E-11
  4.4262E-04  1.5598E-14 -1.3939E-11  1.9613E-11
  4.4630E-04  1.6124E-14 -1.4364E-11  2.0211E-11
  4.5001E-04  1.6666E-14 -1.4801E-11  2.0826E-11
  4.5374E-04  1.7226E-14 -1.5251E-11  2.1459E-11
  4.5750E-04  1.7805E-14 -1.5714E-11  2.2111E-11
  4.6129E-04  1.8401E-14 -1.6190E-11  2.2781E-11
  4.6510E-04  1.9017E-14 -1.6680E-11  2.3470E-11
  4.6894E-04  1.9653E-14 -1.7185E-11  2.4180E-11
  4.7280E-04  2.0308E-14 -1.7703E-11  2.4910E-11
  4.7669E-04  2.0985E-14 -1.8237E-11  2.5661E-11
  4.8061E-04  2.1684E-14 -1.8786E-11  2.6434E-11
  4.8456E-04  2.2404E-14 -1.9351E-11  2.7229E-11
  4.8853E-04  2.3148E-14 -1.9932E-11  2.8047E-11
  4.9253E-04  2.3915E-14 -2.0530E-11  2.8888E-11
  4.9655E-04  2.4706E-14 -2.1145E-11  2.9754E-11
  5.0060E-04  2.5523E-14 -2.1778E-11  3.0644E-11
  5.0468E-04  2.6365E-14 -2.2429E-11  3.1560E-11
  5.0879E-04  2.7234E-14 -2.3099E-11  3.2502E-11
  5.1293E-04  2.8131E-14 -2.3787E-11  3.3471E-11
  5.1709E-04  2.9056E-14 -2.4496E-11  3.4468E-11
  5.2129E-04  3.0010E-14 -2.5224E-11  3.5494E-11
  5.2551E-04  3.0994E-14 -2.5974E-11  3.6548E-11
  5.2976E-04  3.2009E-14 -2.6745E-11  3.7633E-11
  5.3404E-04  3.3056E-14 -2.7537E-11  3.8748E-11
  5.3835E-04  3.4136E-14 -2.8353E-11  3.9896E-11
  5.4269E-04  3.5250E-14 -2.9191E-11  4.1076E-11
  5.4706E-04  3.6399E-14 -3.0054E-11  4.2289E-11
  5.5146E-04  3.7584E-14 -3.0941E-11  4.3538E-11
  5.5589E-04  3.8806E-14 -3.1853E-11  4.4821E-11
  5.6034E-04  4.0066E-14 -3.2791E-11  4.6141E-11
  5.6483E-04  4.1365E-14 -3.3755E-11  4.7498E-11
  5.6935E-04  4.2705E-14 -3.4747E-11  4.8894E-11
  5.7390E-04  4.4087E-14 -3.5767E-11  5.0329E-11
  5.7849E-04  4.5512E-14 -3.6816E-11  5.1805E-11
  5.8310E-04  4.6981E-14 -3.7894E-11  5.3323E-11
  5.8775E-04  4.8496E-14 -3.9003E-11  5.4883E-11
  5.9242E-04  5.0058E-14 -4.0143E-11  5.6488E-11
  5.9713E-04  5.1669E-14 -4.1315E-11  5.8137E-11
  6.0187E-04  5.3330E-14 -4.2521E-11  5.9834E-11
  6.0665E-04  5.5042E-14 -4.3760E-11  6.1578E-11
  6.1145E-04  5.6807E-14 -4.5034E-11  6.3371E-11
  6.1629E-04  5.8626E-14 -4.6344E-11  6.5214E-11
  6.2116E-04  6.0502E-14 -4.7691E-11  6.7109E-11
  6.2607E-04  6.2436E-14 -4.9075E-11  6.9058E-11
  6.3101E-04  6.4430E-14 -5.0499E-11  7.1061E-11
  6.3598E-04  6.6485E-14 -5.1962E-11  7.3120E-11
  6.4099E-04  6.8603E-14 -5.3466E-11  7.5237E-11
  6.4603E-04  7.0787E-14 -5.5013E-11  7.7414E-11
  6.5110E-04  7.3038E-14 -5.6603E-11  7.9651E-11
  6.5621E-04  7.5358E-14 -5.8237E-11  8.1951E-11
  6.6136E-04  7.7749E-14 -5.9917E-11  8.4315E-11
  6.6654E-04  8.0214E-14 -6.1644E-11  8.6745E-11
  6.7175E-04  8.2754E-14 -6.3419E-11  8.9244E-11
  6.7700E-04  8.5372E-14 -6.5244E-11  9.1811E-11
  6.8229E-04  8.8071E-14 -6.7119E-11  9.4451E-11
  6.8762E-04  9.0852E-14 -6.9047E-11  9.7164E-11
  6.9298E-04  9.3718E-14 -7.1028E-11  9.9952E-11
  6.9837E-04  9.6671E-14 -7.3065E-11  1.0282E-10
  7.0381E-04  9.9715E-14 -7.5158E-11  1.0576E-10
  7.0928E-04  1.0285E-13 -7.7310E-11  1.0879E-10
  7.1478E-04  1.0608E-13 -7.9521E-11  1.1190E-10
  7.2033E-04  1.0941E-13 -8.1794E-11  1.1510E-10
  7.2591E-04  1.1285E-13 -8.4130E-11  1.1839E-10
  7.3153E-04  1.1638E-13 -8.6530E-11  1.2177E-10
  7.3720E-04  1.2003E-13 -8.8997E-11  1.2524E-10
  7.4289E-04  1.2378E-13 -9.1533E-11  1.2881E-10
  7.4863E-04  1.2765E-13 -9.4139E-11  1.3248E-10
  7.5441E-04  1.3164E-13 -9.6817E-11  1.3625E-10
  7.6023E-04  1.3574E-13 -9.9569E-11  1.4012E-10
  7.6608E-04  1.3998E-13 -1.0240E-10  1.4410E-10
  7.7198E-04  1.4434E-13 -1.0530E-10  1.4819E-10
  7.7792E-04  1.4883E-13 -1.0829E-10  1.5239E-10
  7.8389E-04  1.5345E-13 -1.1136E-10  1.5671E-10
  7.8991E-04  1.5822E-13 -1.1451E-10  1.6115E-10
  7.9597E-04  1.6313E-13 -1.1775E-10  1.6571E-10
  8.0207E-04  1.6819E-13 -1.2108E-10  1.7040E-10
  8.0822E-04  1.7340E-13 -1.2451E-10  1.7521E-10
  8.1440E-04  1.7877E-13 -1.2802E-10  1.8016E-10
  8.2063E-04  1.8430E-13 -1.3163E-10  1.8525E-10
  8.2690E-04  1.9000E-13 -1.3535E-10  1.9047E-10
  8.3321E-04  1.9587E-13 -1.3916E-10  1.9584E-10
  8.3956E-04  2.0191E-13 -1.4308E-10  2.0136E-10
  8.4596E-04  2.0814E-13 -1.4711E-10  2.0703E-10
  8.5241E-04  2.1456E-13 -1.5125E-10  2.1285E-10
  8.5889E-04  2.2116E-13 -1.5550E-10  2.1883E-10
  8.6543E-04  2.2797E-13 -1.5987E-10  2.2498E-10
  8.7200E-04  2.3497E-13 -1.6435E-10  2.3130E-10
  8.7862E-04  2.4219E-13 -1.6897E-10  2.3779E-10
  8.8529E-04  2.4963E-13 -1.7370E-10  2.4445E-10
  8.9200E-04  2.5728E-13 -1.7857E-10  2.5130E-10
  8.9876E-04  2.6517E-13 -1.8357E-10  2.5834E-10
  9.0556E-04  2.7329E-13 -1.8871E-10  2.6557E-10
  9.1241E-04  2.8165E-13 -1.9399E-10  2.7300E-10
  9.1931E-04  2.9027E-13 -1.9941E-10  2.8063E-10
  9.2626E-04  2.9914E-13 -2.0498E-10  2.8847E-10
  9.3325E-04  3.0827E-13 -2.1070E-10  2.9653E-10
  9.4029E-04  3.1768E-13 -2.1658E-10  3.0480E-10
  9.4738E-04  3.2737E-13 -2.2262E-10  3.1331E-10
  9.5451E-04  3.3735E-13 -2.2883E-10  3.2204E-10
  9.6170E-04  3.4762E-13 -2.3520E-10  3.3101E-10
  9.6893E-04  3.5820E-13 -2.4175E-10  3.4023E-10
  9.7622E-04  3.6909E-13 -2.4848E-10  3.4969E-10
  9.8355E-04  3.8031E-13 -2.5539E-10  3.5942E-10
  9.9093E-04  3.9186E-13 -2.6249E-10  3.6941E-10
  9.9837E-04  4.0375E-13 -2.6978E-10  3.7967E-10
  1.0059E-03  4.1600E-13 -2.7727E-10  3.9022E-10
  1.0134E-03  4.2861E-13 -2.8496E-10  4.0105E-10
  1.0210E-03  4.4159E-13 -2.9287E-10  4.1217E-10
  1.0286E-03  4.5495E-13 -3.0098E-10  4.2360E-10
  1.0363E-03  4.6872E-13 -3.0932E-10  4.3534E-10
  1.0441E-03  4.8289E-13 -3.1789E-10  4.4739E-10
  1.0519E-03  4.9748E-13 -3.2669E-10  4.5978E-10
  1.0597E-03  5.1250E-13 -3.3573E-10  4.7250E-10
  1.0676E-03  5.2796E-13 -3.4501E-10  4.8557E-10
  1.0756E-03  5.4388E-13 -3.5455E-10  4.9899E-10
  1.0836E-03  5.6027E-13 -3.6434E-10  5.1277E-10
  1.0916E-03  5.7714E-13 -3.7440E-10  5.2693E-10
  1.0998E-03  5.9452E-13 -3.8474E-10  5.4148E-10
  1.1080E-03  6.1240E-13 -3.9535E-10  5.5642E-10
  1.1162E-03  6.3081E-13 -4.0625E-10  5.7176E-10
  1.1245E-03  6.4976E-13 -4.1745E-10  5.8752E-10
  1.1328E-03  6.6927E-13 -4.2895E-10  6.0371E-10
  1.1412E-03  6.8936E-13 -4.4076E-10  6.2033E-10
  1.1497E-03  7.1003E-13 -4.5289E-10  6.3741E-10
  1.1582E-03  7.3132E-13 -4.6535E-10  6.5494E-10
  1.1668E-03  7.5323E-13 -4.7815E-10  6.7296E-10
  1.1754E-03  7.7578E-13 -4.9129E-10  6.9146E-10
  1.1841E-03  7.9899E-13 -5.0479E-10  7.1046E-10
  1.1929E-03  8.2289E-13 -5.1865E-10  7.2997E-10
  1.2017E-03  8.4749E-13 -5.3289E-10  7.5001E-10
  1.2106E-03  8.7280E-13 -5.4751E-10  7.7059E-10
  1.2195E-03  8.9886E-13 -5.6253E-10  7.9173E-10
  1.2285E-03  9.2569E-13 -5.7796E-10  8.1344E-10
  1.2376E-03  9.5330E-13 -5.9380E-10  8.3574E-10
  1.2467E-03  9.8171E-13 -6.1006E-10  8.5864E-10
  1.2559E-03  1.0110E-12 -6.2677E-10  8.8215E-10
  1.2651E-03  1.0411E-12 -6.4393E-10  9.0630E-10
  1.2744E-03  1.0721E-12 -6.6155E-10  9.3111E-10
  1.2838E-03  1.1039E-12 -6.7964E-10  9.5658E-10
  1.2932E-03  1.1368E-12 -6.9823E-10  9.8273E-10
  1.3027E-03  1.1705E-12 -7.1731E-10  1.0096E-09
  1.3123E-03  1.2053E-12 -7.3691E-10  1.0372E-09
  1.3219E-03  1.2411E-12 -7.5704E-10  1.0655E-09
  1.3316E-03  1.2779E-12 -7.7771E-10  1.0946E-09
  1.3414E-03  1.3158E-12 -7.9893E-10  1.1245E-09
  1.3512E-03  1.3548E-12 -8.2073E-10  1.1552E-09
  1.3611E-03  1.3950E-12 -8.4311E-10  1.1867E-09
  1.3711E-03  1.4363E-12 -8.6610E-10  1.2190E-09
  1.3811E-03  1.4788E-12 -8.8970E-10  1.2523E-09
  1.3912E-03  1.5225E-12 -9.1394E-10  1.2864E-09
  1.4014E-03  1.5675E-12 -9.3883E-10  1.3214E-09
  1.4117E-03  1.6139E-12 -9.6439E-10  1.3574E-09
  1.4220E-03  1.6615E-12 -9.9064E-10  1.3943E-09
  1.4324E-03  1.7106E-12 -1.0176E-09  1.4323E-09
  1.4428E-03  1.7611E-12 -1.0453E-09  1.4712E-09
  1.4533E-03  1.8130E-12 -1.0737E-09  1.5112E-09
  1.4639E-03  1.8665E-12 -1.1029E-09  1.5523E-09
  1.4746E-03  1.9215E-12 -1.1328E-09  1.5945E-09
  1.4853E-03  1.9781E-12 -1.1636E-09  1.6378E-09
  1.4962E-03  2.0364E-12 -1.1952E-09  1.6823E-09
  1.5070E-03  2.0963E-12 -1.2277E-09  1.7280E-09
  1.5180E-03  2.1580E-12 -1.2610E-09  1.7749E-09
  1.5291E-03  2.2215E-12 -1.2952E-09  1.8230E-09
  1.5402E-03  2.2868E-12 -1.3303E-09  1.8725E-09
  1.5514E-03  2.3540E-12 -1.3664E-09  1.9232E-09
  1.5626E-03  2.4231E-12 -1.4034E-09  1.9754E-09
  1.5740E-03  2.4942E-12 -1.4414E-09  2.0289E-09
  1.5854E-03  2.5674E-12 -1.4805E-09  2.0839E-09
  1.5969E-03  2.6427E-12 -1.5206E-09  2.1403E-09
  1.6085E-03  2.7202E-12 -1.5618E-09  2.1983E-09
  1.6201E-03  2.8000E-12 -1.6040E-09  2.2578E-09
  1.6319E-03  2.8820E-12 -1.6474E-09  2.3189E-09
  1.6437E-03  2.9664E-12 -1.6920E-09  2.3816E-09
  1.6556E-03  3.0532E-12 -1.7378E-09  2.4460E-09
  1.6676E-03  3.1426E-12 -1.7847E-09  2.5122E-09
  1.6796E-03  3.2345E-12 -1.8330E-09  2.5801E-09
  1.6918E-03  3.3291E-12 -1.8825E-09  2.6498E-09
  1.7040E-03  3.4264E-12 -1.9334E-09  2.7214E-09
  1.7163E-03  3.5265E-12 -1.9856E-09  2.7949E-09
  1.7287E-03  3.6294E-12 -2.0392E-09  2.8704E-09
  1.7412E-03  3.7354E-12 -2.0943E-09  2.9479E-09
  1.7538E-03  3.8444E-12 -2.1508E-09  3.0274E-09
  1.7664E-03  3.9565E-12 -2.2088E-09  3.1091E-09
  1.7791E-03  4.0719E-12 -2.2684E-09  3.1930E-09
  1.7920E-03  4.1906E-12 -2.3296E-09  3.2791E-09
  1.8049E-03  4.3127E-12 -2.3924E-09  3.3675E-09
  1.8179E-03  4.4383E-12 -2.4569E-09  3.4583E-09
  1.8310E-03  4.5676E-12 -2.5231E-09  3.5515E-09
  1.8442E-03  4.7005E-12 -2.5910E-09  3.6472E-09
  1.8574E-03  4.8373E-12 -2.6608E-09  3.7455E-09
  1.8708E-03  4.9780E-12 -2.7325E-09  3.8463E-09
  1.8842E-03  5.1227E-12 -2.8061E-09  3.9499E-09
  1.8978E-03  5.2716E-12 -2.8816E-09  4.0562E-09
  1.9114E-03  5.4248E-12 -2.9591E-09  4.1654E-09
  1.9252E-03  5.5823E-12 -3.0388E-09  4.2775E-09
  1.9390E-03  5.7444E-12 -3.1205E-09  4.3926E-09
  1.9529E-03  5.9111E-12 -3.2044E-09  4.5107E-09
  1.9669E-03  6.0826E-12 -3.2906E-09  4.6320E-09
  1.9810E-03  6.2591E-12 -3.3790E-09  4.7565E-09
  1.9952E-03  6.4406E-12 -3.4699E-09  4.8844E-09
  2.0095E-03  6.6272E-12 -3.5631E-09  5.0156E-09
  2.0239E-03  6.8193E-12 -3.6588E-09  5.1504E-09
  2.0384E-03  7.0168E-12 -3.7571E-09  5.2887E-09
  2.0530E-03  7.2200E-12 -3.8580E-09  5.4308E-09
  2.0677E-03  7.4290E-12 -3.9616E-09  5.5766E-09
  2.0825E-03  7.6440E-12 -4.0679E-09  5.7263E-09
  2.0974E-03  7.8651E-12 -4.1771E-09  5.8800E-09
  2.1124E-03  8.0926E-12 -4.2892E-09  6.0378E-09
  2.1275E-03  8.3265E-12 -4.4042E-09  6.1998E-09
  2.1428E-03  8.5672E-12 -4.5224E-09  6.3661E-09
  2.1581E-03  8.8147E-12 -4.6436E-09  6.5368E-09
  2.1735E-03  9.0693E-12 -4.7681E-09  6.7121E-09
  2.1890E-03  9.3312E-12 -4.8960E-09  6.8921E-09
  2.2046E-03  9.6006E-12 -5.0272E-09  7.0768E-09
  2.2204E-03  9.8776E-12 -5.1619E-09  7.2664E-09
  2.2362E-03  1.0163E-11 -5.3002E-09  7.4611E-09
  2.2522E-03  1.0456E-11 -5.4422E-09  7.6610E-09
  2.2682E-03  1.0757E-11 -5.5879E-09  7.8662E-09
  2.2844E-03  1.1067E-11 -5.7375E-09  8.0769E-09
  2.3007E-03  1.1386E-11 -5.8912E-09  8.2931E-09
  2.3171E-03  1.1714E-11 -6.0489E-09  8.5152E-09
  2.3336E-03  1.2051E-11 -6.2107E-09  8.7431E-09
  2.3502E-03  1.2398E-11 -6.3769E-09  8.9770E-09
  2.3669E-03  1.2755E-11 -6.5475E-09  9.2172E-09
  2.3838E-03  1.3122E-11 -6.7227E-09  9.4638E-09
  2.4007E-03  1.3500E-11 -6.9025E-09  9.7170E-09
  2.4178E-03  1.3888E-11 -7.0871E-09  9.9768E-09
  2.4350E-03  1.4287E-11 -7.2765E-09  1.0244E-08
  2.4523E-03  1.4698E-11 -7.4711E-09  1.0517E-08
  2.4697E-03  1.5120E-11 -7.6707E-09  1.0799E-08
  2.4873E-03  1.5555E-11 -7.8757E-09  1.1087E-08
  2.5050E-03  1.6001E-11 -8.0862E-09  1.1383E-08
  2.5228E-03  1.6461E-11 -8.3022E-09  1.1688E-08
  2.5407E-03  1.6933E-11 -8.5239E-09  1.2000E-08
  2.5587E-03  1.7419E-11 -8.7516E-09  1.2320E-08
  2.5769E-03  1.7919E-11 -8.9852E-09  1.2649E-08
  2.5951E-03  1.8433E-11 -9.2251E-09  1.2987E-08
  2.6136E-03  1.8962E-11 -9.4714E-09  1.3334E-08
  2.6321E-03  1.9505E-11 -9.7242E-09  1.3690E-08
  2.6507E-03  2.0064E-11 -9.9837E-09  1.4055E-08
  2.6695E-03  2.0639E-11 -1.0250E-08  1.4430E-08
  2.6884E-03  2.1230E-11 -1.0524E-08  1.4815E-08
  2.7075E-03  2.1838E-11 -1.0804E-08  1.5210E-08
  2.7267E-03  2.2464E-11 -1.1092E-08  1.5616E-08
  2.7460E-03  2.3107E-11 -1.1388E-08  1.6032E-08
  2.7654E-03  2.3768E-11 -1.1692E-08  1.6460E-08
  2.7850E-03  2.4448E-11 -1.2003E-08  1.6899E-08
  2.8047E-03  2.5147E-11 -1.2323E-08  1.7349E-08
  2.8245E-03  2.5866E-11 -1.2652E-08  1.7812E-08
  2.8445E-03  2.6606E-11 -1.2989E-08  1.8286E-08
  2.8646E-03  2.7366E-11 -1.3335E-08  1.8774E-08
  2.8849E-03  2.8148E-11 -1.3690E-08  1.9274E-08
  2.9053E-03  2.8953E-11 -1.4055E-08  1.9787E-08
  2.9258E-03  2.9780E-11 -1.4429E-08  2.0314E-08
  2.9465E-03  3.0630E-11 -1.4813E-08  2.0855E-08
  2.9673E-03  3.1505E-11 -1.5208E-08  2.1410E-08
  2.9882E-03  3.2404E-11 -1.5613E-08  2.1980E-08
  3.0093E-03  3.3329E-11 -1.6028E-08  2.2566E-08
  3.0306E-03  3.4280E-11 -1.6455E-08  2.3166E-08
  3.0519E-03  3.5257E-11 -1.6893E-08  2.3783E-08
  3.0735E-03  3.6263E-11 -1.7342E-08  2.4416E-08
  3.0951E-03  3.7297E-11 -1.7804E-08  2.5065E-08
  3.1170E-03  3.8360E-11 -1.8277E-08  2.5732E-08
  3.1390E-03  3.9454E-11 -1.8763E-08  2.6416E-08
  3.1611E-03  4.0578E-11 -1.9262E-08  2.7119E-08
  3.1834E-03  4.1734E-11 -1.9774E-08  2.7840E-08
  3.2058E-03  4.2923E-11 -2.0300E-08  2.8580E-08
  3.2284E-03  4.4145E-11 -2.0840E-08  2.9340E-08
  3.2511E-03  4.5402E-11 -2.1394E-08  3.0120E-08
  3.2740E-03  4.6694E-11 -2.1962E-08  3.0921E-08
  3.2971E-03  4.8023E-11 -2.2546E-08  3.1742E-08
  3.3203E-03  4.9390E-11 -2.3145E-08  3.2586E-08
  3.3436E-03  5.0795E-11 -2.3760E-08  3.3451E-08
  3.3672E-03  5.2239E-11 -2.4391E-08  3.4340E-08
  3.3908E-03  5.3725E-11 -2.5038E-08  3.5252E-08
  3.4147E-03  5.5253E-11 -2.5703E-08  3.6188E-08
  3.4387E-03  5.6823E-11 -2.6386E-08  3.7149E-08
  3.4629E-03  5.8438E-11 -2.7086E-08  3.8136E-08
  3.4872E-03  6.0099E-11 -2.7805E-08  3.9148E-08
  3.5117E-03  6.1806E-11 -2.8543E-08  4.0187E-08
  3.5364E-03  6.3562E-11 -2.9301E-08  4.1254E-08
  3.5613E-03  6.5367E-11 -3.0078E-08  4.2349E-08
  3.5863E-03  6.7223E-11 -3.0876E-08  4.3473E-08
  3.6115E-03  6.9131E-11 -3.1696E-08  4.4626E-08
  3.6368E-03  7.1093E-11 -3.2536E-08  4.5810E-08
  3.6623E-03  7.3111E-11 -3.3399E-08  4.7025E-08
  3.6881E-03  7.5185E-11 -3.4285E-08  4.8272E-08
  3.7139E-03  7.7318E-11 -3.5194E-08  4.9552E-08
  3.7400E-03  7.9511E-11 -3.6127E-08  5.0866E-08
  3.7662E-03  8.1766E-11 -3.7085E-08  5.2215E-08
  3.7926E-03  8.4084E-11 -3.8068E-08  5.3599E-08
  3.8192E-03  8.6468E-11 -3.9077E-08  5.5020E-08
  3.8460E-03  8.8919E-11 -4.0112E-08  5.6478E-08
  3.8730E-03  9.1439E-11 -4.1175E-08  5.7975E-08
  3.9001E-03  9.4029E-11 -4.2266E-08  5.9511E-08
  3.9275E-03  9.6693E-11 -4.3386E-08  6.1088E-08
  3.9550E-03  9.9432E-11 -4.4535E-08  6.2706E-08
  3.9827E-03  1.0225E-10 -4.5714E-08  6.4367E-08
  4.0106E-03  1.0514E-10 -4.6925E-08  6.6071E-08
  4.0387E-03  1.0812E-10 -4.8167E-08  6.7821E-08
  4.0670E-03  1.1118E-10 -4.9443E-08  6.9617E-08
  4.0954E-03  1.1433E-10 -5.0751E-08  7.1460E-08
  4.1241E-03  1.1756E-10 -5.2095E-08  7.3351E-08
  4.1530E-03  1.2089E-10 -5.3473E-08  7.5293E-08
  4.1820E-03  1.2431E-10 -5.4888E-08  7.7285E-08
  4.2113E-03  1.2782E-10 -5.6341E-08  7.9330E-08
  4.2408E-03  1.3144E-10 -5.7831E-08  8.1429E-08
  4.2704E-03  1.3515E-10 -5.9361E-08  8.3584E-08
  4.3003E-03  1.3897E-10 -6.0931E-08  8.5795E-08
  4.3304E-03  1.4290E-10 -6.2542E-08  8.8064E-08
  4.3606E-03  1.4694E-10 -6.4196E-08  9.0393E-08
  4.3911E-03  1.5109E-10 -6.5893E-08  9.2783E-08
  4.4218E-03  1.5536E-10 -6.7635E-08  9.5236E-08
  4.4527E-03  1.5975E-10 -6.9423E-08  9.7753E-08
  4.4838E-03  1.6426E-10 -7.1258E-08  1.0034E-07
  4.5151E-03  1.6890E-10 -7.3141E-08  1.0299E-07
  4.5467E-03  1.7367E-10 -7.5074E-08  1.0571E-07
  4.5784E-03  1.7857E-10 -7.7057E-08  1.0850E-07
  4.6104E-03  1.8361E-10 -7.9092E-08  1.1137E-07
  4.6426E-03  1.8879E-10 -8.1182E-08  1.1431E-07
  4.6750E-03  1.9412E-10 -8.3325E-08  1.1733E-07
  4.7076E-03  1.9960E-10 -8.5526E-08  1.2043E-07
  4.7405E-03  2.0523E-10 -8.7784E-08  1.2361E-07
  4.7736E-03  2.1102E-10 -9.0101E-08  1.2687E-07
  4.8069E-03  2.1697E-10 -9.2480E-08  1.3022E-07
  4.8404E-03  2.2309E-10 -9.4921E-08  1.3366E-07
  4.8742E-03  2.2938E-10 -9.7425E-08  1.3719E-07
  4.9082E-03  2.3584E-10 -9.9996E-08  1.4081E-07
  4.9424E-03  2.4249E-10 -1.0263E-07  1.4452E-07
  4.9769E-03  2.4933E-10 -1.0534E-07  1.4834E-07
  5.0116E-03  2.5635E-10 -1.0812E-07  1.5225E-07
  5.0465E-03  2.6358E-10 -1.1097E-07  1.5627E-07
  5.0817E-03  2.7100E-10 -1.1390E-07  1.6039E-07
  5.1171E-03  2.7863E-10 -1.1690E-07  1.6462E-07
  5.1528E-03  2.8648E-10 -1.1998E-07  1.6896E-07
  5.1887E-03  2.9455E-10 -1.2314E-07  1.7341E-07
  5.2248E-03  3.0284E-10 -1.2639E-07  1.7798E-07
  5.2612E-03  3.1137E-10 -1.2972E-07  1.8267E-07
  5.2978E-03  3.2014E-10 -1.3314E-07  1.8749E-07
  5.3347E-03  3.2915E-10 -1.3665E-07  1.9243E-07
  5.3719E-03  3.3841E-10 -1.4025E-07  1.9750E-07
  5.4093E-03  3.4793E-10 -1.4394E-07  2.0270E-07
  5.4469E-03  3.5772E-10 -1.4773E-07  2.0804E-07
  5.4848E-03  3.6779E-10 -1.5162E-07  2.1351E-07
  5.5230E-03  3.7813E-10 -1.5561E-07  2.1914E-07
  5.5614E-03  3.8877E-10 -1.5971E-07  2.2491E-07
  5.6001E-03  3.9970E-10 -1.6391E-07  2.3083E-07
  5.6391E-03  4.1094E-10 -1.6822E-07  2.3690E-07
  5.6783E-03  4.2249E-10 -1.7265E-07  2.4313E-07
  5.7178E-03  4.3437E-10 -1.7719E-07  2.4953E-07
  5.7576E-03  4.4658E-10 -1.8185E-07  2.5610E-07
  5.7976E-03  4.5913E-10 -1.8664E-07  2.6283E-07
  5.8379E-03  4.7204E-10 -1.9154E-07  2.6975E-07
  5.8785E-03  4.8530E-10 -1.9658E-07  2.7684E-07
  5.9194E-03  4.9894E-10 -2.0175E-07  2.8412E-07
  5.9605E-03  5.1295E-10 -2.0705E-07  2.9159E-07
  6.0020E-03  5.2736E-10 -2.1249E-07  2.9925E-07
  6.0437E-03  5.4218E-10 -2.1808E-07  3.0712E-07
  6.0857E-03  5.5740E-10 -2.2381E-07  3.1519E-07
  6.1279E-03  5.7306E-10 -2.2968E-07  3.2347E-07
  6.1705E-03  5.8915E-10 -2.3572E-07  3.3196E-07
  6.2134E-03  6.0569E-10 -2.4191E-07  3.4068E-07
  6.2565E-03  6.2269E-10 -2.4826E-07  3.4963E-07
  6.3000E-03  6.4017E-10 -2.5478E-07  3.5881E-07
  6.3437E-03  6.5814E-10 -2.6146E-07  3.6823E-07
  6.3878E-03  6.7661E-10 -2.6833E-07  3.7789E-07
  6.4321E-03  6.9559E-10 -2.7537E-07  3.8781E-07
  6.4768E-03  7.1511E-10 -2.8259E-07  3.9799E-07
  6.5217E-03  7.3517E-10 -2.9000E-07  4.0843E-07
  6.5670E-03  7.5579E-10 -2.9761E-07  4.1914E-07
  6.6126E-03  7.7699E-10 -3.0542E-07  4.3014E-07
  6.6585E-03  7.9878E-10 -3.1342E-07  4.4142E-07
  6.7047E-03  8.2119E-10 -3.2164E-07  4.5299E-07
  6.7512E-03  8.4421E-10 -3.3007E-07  4.6487E-07
  6.7980E-03  8.6788E-10 -3.3872E-07  4.7705E-07
  6.8452E-03  8.9221E-10 -3.4759E-07  4.8955E-07
  6.8926E-03  9.1722E-10 -3.5670E-07  5.0238E-07
  6.9404E-03  9.4293E-10 -3.6604E-07  5.1554E-07
  6.9886E-03  9.6936E-10 -3.7563E-07  5.2904E-07
  7.0370E-03  9.9653E-10 -3.8546E-07  5.4290E-07
  7.0858E-03  1.0245E-09 -3.9556E-07  5.5711E-07
  7.1349E-03  1.0532E-09 -4.0591E-07  5.7170E-07
  7.1844E-03  1.0827E-09 -4.1653E-07  5.8666E-07
  7.2342E-03  1.1130E-09 -4.2743E-07  6.0201E-07
  7.2843E-03  1.1442E-09 -4.3861E-07  6.1777E-07
  7.3348E-03  1.1762E-09 -4.5008E-07  6.3393E-07
  7.3856E-03  1.2092E-09 -4.6186E-07  6.5051E-07
  7.4368E-03  1.2430E-09 -4.7393E-07  6.6752E-07
  7.4883E-03  1.2778E-09 -4.8632E-07  6.8497E-07
  7.5402E-03  1.3136E-09 -4.9903E-07  7.0288E-07
  7.5924E-03  1.3504E-09 -5.1207E-07  7.2125E-07
  7.6450E-03  1.3882E-09 -5.2545E-07  7.4010E-07
  7.6980E-03  1.4270E-09 -5.3918E-07  7.5943E-07
  7.7513E-03  1.4670E-09 -5.5326E-07  7.7927E-07
  7.8050E-03  1.5080E-09 -5.6770E-07  7.9962E-07
  7.8590E-03  1.5502E-09 -5.8252E-07  8.2050E-07
  7.9134E-03  1.5936E-09 -5.9773E-07  8.4192E-07
  7.9682E-03  1.6382E-09 -6.1333E-07  8.6390E-07
  8.0234E-03  1.6840E-09 -6.2933E-07  8.8644E-07
  8.0789E-03  1.7311E-09 -6.4575E-07  9.0957E-07
  8.1348E-03  1.7796E-09 -6.6259E-07  9.3330E-07
  8.1911E-03  1.8293E-09 -6.7986E-07  9.5764E-07
  8.2478E-03  1.8805E-09 -6.9759E-07  9.8261E-07
  8.3049E-03  1.9331E-09 -7.1577E-07  1.0082E-06
  8.3623E-03  1.9871E-09 -7.3442E-07  1.0345E-06
  8.4202E-03  2.0427E-09 -7.5356E-07  1.0615E-06
  8.4784E-03  2.0998E-09 -7.7318E-07  1.0891E-06
  8.5371E-03  2.1585E-09 -7.9332E-07  1.1175E-06
  8.5961E-03  2.2189E-09 -8.1397E-07  1.1466E-06
  8.6556E-03  2.2809E-09 -8.3516E-07  1.1764E-06
  8.7154E-03  2.3446E-09 -8.5690E-07  1.2071E-06
  8.7757E-03  2.4102E-09 -8.7919E-07  1.2385E-06
  8.8364E-03  2.4775E-09 -9.0206E-07  1.2707E-06
  8.8975E-03  2.5468E-09 -9.2552E-07  1.3038E-06
  8.9590E-03  2.6179E-09 -9.4959E-07  1.3377E-06
  9.0209E-03  2.6911E-09 -9.7428E-07  1.3724E-06
  9.0833E-03  2.7662E-09 -9.9960E-07  1.4081E-06
  9.1461E-03  2.8435E-09 -1.0256E-06  1.4447E-06
  9.2093E-03  2.9229E-09 -1.0522E-06  1.4823E-06
  9.2729E-03  3.0046E-09 -1.0795E-06  1.5208E-06
  9.3370E-03  3.0885E-09 -1.1076E-06  1.5603E-06
  9.4015E-03  3.1748E-09 -1.1363E-06  1.6008E-06
  9.4665E-03  3.2634E-09 -1.1658E-06  1.6423E-06
  9.5319E-03  3.3545E-09 -1.1961E-06  1.6849E-06
  9.5977E-03  3.4482E-09 -1.2271E-06  1.7287E-06
  9.6640E-03  3.5445E-09 -1.2589E-06  1.7735E-06
  9.7308E-03  3.6434E-09 -1.2915E-06  1.8195E-06
  9.7980E-03  3.7451E-09 -1.3250E-06  1.8667E-06
  9.8657E-03  3.8497E-09 -1.3594E-06  1.9151E-06
  9.9338E-03  3.9571E-09 -1.3946E-06  1.9647E-06
  1.0002E-02  4.0676E-09 -1.4307E-06  2.0156E-06
  1.0072E-02  4.1811E-09 -1.4678E-06  2.0678E-06
  1.0141E-02  4.2978E-09 -1.5057E-06  2.1213E-06
  1.0211E-02  4.4177E-09 -1.5447E-06  2.1763E-06
  1.0282E-02  4.5410E-09 -1.5847E-06  2.2326E-06
  1.0353E-02  4.6677E-09 -1.6257E-06  2.2903E-06
  1.0424E-02  4.7979E-09 -1.6677E-06  2.3496E-06
  1.0496E-02  4.9317E-09 -1.7108E-06  2.4103E-06
  1.0568E-02  5.0693E-09 -1.7550E-06  2.4727E-06
  1.0641E-02  5.2107E-09 -1.8004E-06  2.5366E-06
  1.0715E-02  5.3560E-09 -1.8469E-06  2.6021E-06
  1.0789E-02  5.5054E-09 -1.8946E-06  2.6693E-06
  1.0863E-02  5.6590E-09 -1.9435E-06  2.7383E-06
  1.0938E-02  5.8168E-09 -1.9937E-06  2.8089E-06
  1.1014E-02  5.9790E-09 -2.0451E-06  2.8814E-06
  1.1090E-02  6.1457E-09 -2.0979E-06  2.9558E-06
  1.1166E-02  6.3170E-09 -2.1520E-06  3.0320E-06
  1.1243E-02  6.4931E-09 -2.2074E-06  3.1102E-06
  1.1321E-02  6.6742E-09 -2.2643E-06  3.1904E-06
  1.1399E-02  6.8602E-09 -2.3227E-06  3.2726E-06
  1.1477E-02  7.0514E-09 -2.3825E-06  3.3569E-06
  1.1557E-02  7.2480E-09 -2.4438E-06  3.4434E-06
  1.1636E-02  7.4500E-09 -2.5067E-06  3.5321E-06
  1.1717E-02  7.6576E-09 -2.5713E-06  3.6230E-06
  1.1797E-02  7.8710E-09 -2.6374E-06  3.7162E-06
  1.1879E-02  8.0904E-09 -2.7052E-06  3.8118E-06
  1.1961E-02  8.3158E-09 -2.7748E-06  3.9098E-06
  1.2043E-02  8.5475E-09 -2.8461E-06  4.0104E-06
  1.2126E-02  8.7857E-09 -2.9192E-06  4.1134E-06
  1.2210E-02  9.0305E-09 -2.9942E-06  4.2191E-06
  1.2294E-02  9.2820E-09 -3.0711E-06  4.3275E-06
  1.2379E-02  9.5406E-09 -3.1499E-06  4.4386E-06
  1.2464E-02  9.8064E-09 -3.2307E-06  4.5525E-06
  1.2550E-02  1.0080E-08 -3.3136E-06  4.6693E-06
  1.2636E-02  1.0360E-08 -3.3985E-06  4.7891E-06
  1.2723E-02  1.0649E-08 -3.4857E-06  4.9119E-06
  1.2811E-02  1.0945E-08 -3.5750E-06  5.0378E-06
  1.2899E-02  1.1250E-08 -3.6665E-06  5.1669E-06
  1.2988E-02  1.1563E-08 -3.7604E-06  5.2993E-06
  1.3078E-02  1.1885E-08 -3.8567E-06  5.4350E-06
  1.3168E-02  1.2216E-08 -3.9554E-06  5.5741E-06
  1.3259E-02  1.2557E-08 -4.0565E-06  5.7167E-06
  1.3350E-02  1.2906E-08 -4.1603E-06  5.8629E-06
  1.3442E-02  1.3265E-08 -4.2666E-06  6.0129E-06
  1.3534E-02  1.3635E-08 -4.3756E-06  6.1666E-06
  1.3628E-02  1.4014E-08 -4.4874E-06  6.3241E-06
  1.3722E-02  1.4404E-08 -4.6020E-06  6.4857E-06
  1.3816E-02  1.4805E-08 -4.7194E-06  6.6513E-06
  1.3911E-02  1.5217E-08 -4.8398E-06  6.8210E-06
  1.4007E-02  1.5641E-08 -4.9633E-06  6.9951E-06
  1.4104E-02  1.6076E-08 -5.0898E-06  7.1735E-06
  1.4201E-02  1.6524E-08 -5.2195E-06  7.3564E-06
  1.4298E-02  1.6983E-08 -5.3525E-06  7.5438E-06
  1.4397E-02  1.7456E-08 -5.4888E-06  7.7360E-06
  1.4496E-02  1.7942E-08 -5.6285E-06  7.9330E-06
  1.4596E-02  1.8441E-08 -5.7717E-06  8.1350E-06
  1.4696E-02  1.8954E-08 -5.9185E-06  8.3420E-06
  1.4797E-02  1.9481E-08 -6.0690E-06  8.5542E-06
  1.4899E-02  2.0023E-08 -6.2232E-06  8.7717E-06
  1.5002E-02  2.0580E-08 -6.3813E-06  8.9946E-06
  1.5105E-02  2.1153E-08 -6.5434E-06  9.2231E-06
  1.5209E-02  2.1741E-08 -6.7095E-06  9.4573E-06
  1.5314E-02  2.2346E-08 -6.8797E-06  9.6974E-06
  1.5419E-02  2.2967E-08 -7.0542E-06  9.9434E-06
  1.5525E-02  2.3606E-08 -7.2330E-06  1.0196E-05
  1.5632E-02  2.4263E-08 -7.4163E-06  1.0454E-05
  1.5740E-02  2.4937E-08 -7.6041E-06  1.0719E-05
  1.5848E-02  2.5631E-08 -7.7967E-06  1.0991E-05
  1.5957E-02  2.6344E-08 -7.9940E-06  1.1269E-05
  1.6067E-02  2.7076E-08 -8.1962E-06  1.1554E-05
  1.6178E-02  2.7829E-08 -8.4034E-06  1.1846E-05
  1.6289E-02  2.8603E-08 -8.6158E-06  1.2146E-05
  1.6401E-02  2.9398E-08 -8.8335E-06  1.2453E-05
  1.6514E-02  3.0215E-08 -9.0565E-06  1.2767E-05
  1.6627E-02  3.1055E-08 -9.2851E-06  1.3090E-05
  1.6742E-02  3.1919E-08 -9.5193E-06  1.3420E-05
  1.6857E-02  3.2806E-08 -9.7594E-06  1.3759E-05
  1.6973E-02  3.3718E-08 -1.0005E-05  1.4106E-05
  1.7090E-02  3.4655E-08 -1.0257E-05  1.4461E-05
  1.7207E-02  3.5618E-08 -1.0516E-05  1.4826E-05
  1.7325E-02  3.6608E-08 -1.0780E-05  1.5199E-05
  1.7445E-02  3.7626E-08 -1.1052E-05  1.5582E-05
  1.7565E-02  3.8671E-08 -1.1329E-05  1.5974E-05
  1.7685E-02  3.9746E-08 -1.1614E-05  1.6375E-05
  1.7807E-02  4.0850E-08 -1.1906E-05  1.6787E-05
  1.7930E-02  4.1986E-08 -1.2205E-05  1.7209E-05
  1.8053E-02  4.3152E-08 -1.2511E-05  1.7641E-05
  1.8177E-02  4.4351E-08 -1.2825E-05  1.8083E-05
  1.8302E-02  4.5583E-08 -1.3146E-05  1.8537E-05
  1.8428E-02  4.6850E-08 -1.3476E-05  1.9002E-05
  1.8554E-02  4.8152E-08 -1.3813E-05  1.9478E-05
  1.8682E-02  4.9489E-08 -1.4159E-05  1.9966E-05
  1.8810E-02  5.0864E-08 -1.4513E-05  2.0466E-05
  1.8940E-02  5.2277E-08 -1.4876E-05  2.0978E-05
  1.9070E-02  5.3729E-08 -1.5248E-05  2.1502E-05
  1.9201E-02  5.5222E-08 -1.5629E-05  2.2040E-05
  1.9333E-02  5.6756E-08 -1.6019E-05  2.2590E-05
  1.9466E-02  5.8332E-08 -1.6419E-05  2.3154E-05
  1.9600E-02  5.9952E-08 -1.6828E-05  2.3732E-05
  1.9734E-02  6.1617E-08 -1.7247E-05  2.4324E-05
  1.9870E-02  6.3328E-08 -1.7677E-05  2.4930E-05
  2.0007E-02  6.5087E-08 -1.8117E-05  2.5551E-05
  2.0144E-02  6.6895E-08 -1.8568E-05  2.6187E-05
  2.0283E-02  6.8752E-08 -1.9030E-05  2.6839E-05
  2.0422E-02  7.0661E-08 -1.9502E-05  2.7507E-05
  2.0562E-02  7.2623E-08 -1.9987E-05  2.8190E-05
  2.0704E-02  7.4640E-08 -2.0483E-05  2.8891E-05
  2.0846E-02  7.6712E-08 -2.0991E-05  2.9608E-05
  2.0989E-02  7.8842E-08 -2.1512E-05  3.0343E-05
  2.1133E-02  8.1031E-08 -2.2045E-05  3.1095E-05
  2.1279E-02  8.3281E-08 -2.2591E-05  3.1866E-05
  2.1425E-02  8.5593E-08 -2.3150E-05  3.2655E-05
  2.1572E-02  8.7969E-08 -2.3722E-05  3.3464E-05
  2.1720E-02  9.0411E-08 -2.4309E-05  3.4291E-05
  2.1869E-02  9.2921E-08 -2.4909E-05  3.5139E-05
  2.2020E-02  9.5500E-08 -2.5524E-05  3.6008E-05
  2.2171E-02  9.8151E-08 -2.6154E-05  3.6897E-05
  2.2323E-02  1.0087E-07 -2.6799E-05  3.7808E-05
  2.2477E-02  1.0367E-07 -2.7460E-05  3.8740E-05
  2.2631E-02  1.0655E-07 -2.8136E-05  3.9695E-05
  2.2786E-02  1.0951E-07 -2.8828E-05  4.0673E-05
  2.2943E-02  1.1255E-07 -2.9537E-05  4.1674E-05
  2.3100E-02  1.1567E-07 -3.0263E-05  4.2699E-05
  2.3259E-02  1.1888E-07 -3.1007E-05  4.3749E-05
  2.3419E-02  1.2218E-07 -3.1768E-05  4.4824E-05
  2.3580E-02  1.2557E-07 -3.2547E-05  4.5925E-05
  2.3742E-02  1.2906E-07 -3.3345E-05  4.7052E-05
  2.3905E-02  1.3264E-07 -3.4162E-05  4.8206E-05
  2.4069E-02  1.3632E-07 -3.4998E-05  4.9387E-05
  2.4234E-02  1.4010E-07 -3.5855E-05  5.0596E-05
  2.4401E-02  1.4399E-07 -3.6731E-05  5.1835E-05
  2.4568E-02  1.4798E-07 -3.7629E-05  5.3102E-05
  2.4737E-02  1.5209E-07 -3.8547E-05  5.4400E-05
  2.4907E-02  1.5631E-07 -3.9488E-05  5.5728E-05
  2.5078E-02  1.6064E-07 -4.0450E-05  5.7089E-05
  2.5250E-02  1.6510E-07 -4.1436E-05  5.8481E-05
  2.5423E-02  1.6968E-07 -4.2445E-05  5.9906E-05
  2.5598E-02  1.7438E-07 -4.3477E-05  6.1365E-05
  2.5774E-02  1.7922E-07 -4.4534E-05  6.2858E-05
  2.5950E-02  1.8419E-07 -4.5616E-05  6.4387E-05
  2.6129E-02  1.8930E-07 -4.6723E-05  6.5952E-05
  2.6308E-02  1.9455E-07 -4.7856E-05  6.7553E-05
  2.6489E-02  1.9995E-07 -4.9016E-05  6.9192E-05
  2.6670E-02  2.0549E-07 -5.0203E-05  7.0870E-05
  2.6853E-02  2.1119E-07 -5.1418E-05  7.2587E-05
  2.7038E-02  2.1705E-07 -5.2661E-05  7.4344E-05
  2.7223E-02  2.2307E-07 -5.3934E-05  7.6143E-05
  2.7410E-02  2.2925E-07 -5.5236E-05  7.7983E-05
  2.7598E-02  2.3561E-07 -5.6568E-05  7.9867E-05
  2.7788E-02  2.4214E-07 -5.7932E-05  8.1795E-05
  2.7979E-02  2.4886E-07 -5.9327E-05  8.3767E-05
  2.8171E-02  2.5576E-07 -6.0755E-05  8.5786E-05
  2.8364E-02  2.6285E-07 -6.2216E-05  8.7852E-05
  2.8559E-02  2.7014E-07 -6.3711E-05  8.9965E-05
  2.8755E-02  2.7763E-07 -6.5241E-05  9.2128E-05
  2.8952E-02  2.8532E-07 -6.6806E-05  9.4341E-05
  2.9151E-02  2.9323E-07 -6.8407E-05  9.6605E-05
  2.9351E-02  3.0136E-07 -7.0045E-05  9.8922E-05
  2.9552E-02  3.0972E-07 -7.1721E-05  1.0129E-04
  2.9755E-02  3.1830E-07 -7.3436E-05  1.0372E-04
  2.9959E-02  3.2712E-07 -7.5190E-05  1.0620E-04
  3.0165E-02  3.3619E-07 -7.6984E-05  1.0874E-04
  3.0372E-02  3.4551E-07 -7.8820E-05  1.1133E-04
  3.0580E-02  3.5509E-07 -8.0698E-05  1.1399E-04
  3.0790E-02  3.6493E-07 -8.2619E-05  1.1671E-04
  3.1001E-02  3.7504E-07 -8.4584E-05  1.1949E-04
  3.1214E-02  3.8544E-07 -8.6593E-05  1.2233E-04
  3.1428E-02  3.9612E-07 -8.8649E-05  1.2524E-04
  3.1643E-02  4.0710E-07 -9.0752E-05  1.2822E-04
  3.1861E-02  4.1838E-07 -9.2902E-05  1.3126E-04
  3.2079E-02  4.2998E-07 -9.5102E-05  1.3437E-04
  3.2299E-02  4.4189E-07 -9.7351E-05  1.3756E-04
  3.2521E-02  4.5414E-07 -9.9651E-05  1.4081E-04
  3.2744E-02  4.6672E-07 -1.0200E-04  1.4414E-04
  3.2969E-02  4.7965E-07 -1.0441E-04  1.4755E-04
  3.3195E-02  4.9294E-07 -1.0687E-04  1.5103E-04
  3.3422E-02  5.0660E-07 -1.0939E-04  1.5459E-04
  3.3652E-02  5.2064E-07 -1.1196E-04  1.5823E-04
  3.3882E-02  5.3507E-07 -1.1459E-04  1.6196E-04
  3.4115E-02  5.4989E-07 -1.1728E-04  1.6577E-04
  3.4349E-02  5.6512E-07 -1.2003E-04  1.6966E-04
  3.4584E-02  5.8078E-07 -1.2284E-04  1.7364E-04
  3.4822E-02  5.9687E-07 -1.2571E-04  1.7772E-04
  3.5061E-02  6.1341E-07 -1.2865E-04  1.8188E-04
  3.5301E-02  6.3040E-07 -1.3166E-04  1.8613E-04
  3.5543E-02  6.4786E-07 -1.3473E-04  1.9049E-04
  3.5787E-02  6.6581E-07 -1.3787E-04  1.9494E-04
  3.6032E-02  6.8425E-07 -1.4108E-04  1.9948E-04
  3.6279E-02  7.0320E-07 -1.4436E-04  2.0413E-04
  3.6528E-02  7.2268E-07 -1.4771E-04  2.0889E-04
  3.6779E-02  7.4270E-07 -1.5114E-04  2.1374E-04
  3.7031E-02  7.6327E-07 -1.5465E-04  2.1871E-04
  3.7285E-02  7.8441E-07 -1.5823E-04  2.2379E-04
  3.7541E-02  8.0613E-07 -1.6189E-04  2.2897E-04
  3.7798E-02  8.2846E-07 -1.6563E-04  2.3428E-04
  3.8057E-02  8.5140E-07 -1.6945E-04  2.3970E-04
  3.8318E-02  8.7498E-07 -1.7336E-04  2.4524E-04
  3.8581E-02  8.9921E-07 -1.7735E-04  2.5090E-04
  3.8845E-02  9.2411E-07 -1.8143E-04  2.5669E-04
  3.9112E-02  9.4970E-07 -1.8560E-04  2.6260E-04
  3.9380E-02  9.7600E-07 -1.8986E-04  2.6864E-04
  3.9650E-02  1.0030E-06 -1.9421E-04  2.7482E-04
  3.9922E-02  1.0308E-06 -1.9866E-04  2.8112E-04
  4.0196E-02  1.0593E-06 -2.0320E-04  2.8757E-04
  4.0471E-02  1.0887E-06 -2.0785E-04  2.9416E-04
  4.0749E-02  1.1188E-06 -2.1259E-04  3.0089E-04
  4.1028E-02  1.1498E-06 -2.1743E-04  3.0777E-04
  4.1309E-02  1.1816E-06 -2.2238E-04  3.1479E-04
  4.1592E-02  1.2143E-06 -2.2744E-04  3.2197E-04
  4.1878E-02  1.2480E-06 -2.3260E-04  3.2930E-04
  4.2165E-02  1.2825E-06 -2.3788E-04  3.3679E-04
  4.2454E-02  1.3180E-06 -2.4327E-04  3.4444E-04
  4.2745E-02  1.3545E-06 -2.4877E-04  3.5226E-04
  4.3038E-02  1.3920E-06 -2.5439E-04  3.6024E-04
  4.3333E-02  1.4305E-06 -2.6013E-04  3.6840E-04
  4.3630E-02  1.4701E-06 -2.6600E-04  3.7673E-04
  4.3929E-02  1.5108E-06 -2.7198E-04  3.8523E-04
  4.4230E-02  1.5526E-06 -2.7810E-04  3.9392E-04
  4.4533E-02  1.5956E-06 -2.8434E-04  4.0279E-04
  4.4839E-02  1.6397E-06 -2.9072E-04  4.1185E-04
  4.5146E-02  1.6851E-06 -2.9723E-04  4.2111E-04
  4.5455E-02  1.7318E-06 -3.0387E-04  4.3056E-04
  4.5767E-02  1.7797E-06 -3.1066E-04  4.4020E-04
  4.6081E-02  1.8289E-06 -3.1759E-04  4.5006E-04
  4.6396E-02  1.8795E-06 -3.2466E-04  4.6011E-04
  4.6714E-02  1.9316E-06 -3.3188E-04  4.7038E-04
  4.7035E-02  1.9850E-06 -3.3925E-04  4.8087E-04
  4.7357E-02  2.0399E-06 -3.4677E-04  4.9158E-04
  4.7682E-02  2.0964E-06 -3.5445E-04  5.0250E-04
  4.8008E-02  2.1544E-06 -3.6229E-04  5.1366E-04
  4.8337E-02  2.2140E-06 -3.7030E-04  5.2505E-04
  4.8669E-02  2.2752E-06 -3.7846E-04  5.3667E-04
  4.9002E-02  2.3382E-06 -3.8680E-04  5.4854E-04
  4.9338E-02  2.4029E-06 -3.9530E-04  5.6065E-04
  4.9676E-02  2.4694E-06 -4.0398E-04  5.7301E-04
  5.0017E-02  2.5377E-06 -4.1284E-04  5.8563E-04
  5.0359E-02  2.6079E-06 -4.2188E-04  5.9850E-04
  5.0704E-02  2.6800E-06 -4.3110E-04  6.1164E-04
  5.1052E-02  2.7541E-06 -4.4051E-04  6.2505E-04
  5.1402E-02  2.8303E-06 -4.5011E-04  6.3874E-04
  5.1754E-02  2.9086E-06 -4.5990E-04  6.5270E-04
  5.2109E-02  2.9891E-06 -4.6990E-04  6.6695E-04
  5.2466E-02  3.0717E-06 -4.8009E-04  6.8148E-04
  5.2825E-02  3.1567E-06 -4.9049E-04  6.9631E-04
  5.3187E-02  3.2440E-06 -5.0110E-04  7.1144E-04
  5.3552E-02  3.3337E-06 -5.1191E-04  7.2688E-04
  5.3919E-02  3.4259E-06 -5.2295E-04  7.4263E-04
  5.4288E-02  3.5206E-06 -5.3421E-04  7.5869E-04
  5.4660E-02  3.6180E-06 -5.4568E-04  7.7507E-04
  5.5034E-02  3.7181E-06 -5.5739E-04  7.9179E-04
  5.5412E-02  3.8209E-06 -5.6933E-04  8.0884E-04
  5.5791E-02  3.9265E-06 -5.8150E-04  8.2622E-04
  5.6173E-02  4.0351E-06 -5.9391E-04  8.4395E-04
  5.6558E-02  4.1466E-06 -6.0657E-04  8.6204E-04
  5.6946E-02  4.2613E-06 -6.1947E-04  8.8048E-04
  5.7336E-02  4.3791E-06 -6.3263E-04  8.9929E-04
  5.7729E-02  4.5002E-06 -6.4604E-04  9.1846E-04
  5.8124E-02  4.6246E-06 -6.5971E-04  9.3801E-04
  5.8523E-02  4.7524E-06 -6.7365E-04  9.5795E-04
  5.8924E-02  4.8838E-06 -6.8786E-04  9.7828E-04
  5.9327E-02  5.0188E-06 -7.0234E-04  9.9900E-04
  5.9734E-02  5.1575E-06 -7.1710E-04  1.0201E-03
  6.0143E-02  5.3001E-06 -7.3214E-04  1.0417E-03
  6.0555E-02  5.4466E-06 -7.4747E-04  1.0636E-03
  6.0970E-02  5.5971E-06 -7.6310E-04  1.0860E-03
  6.1387E-02  5.7518E-06 -7.7902E-04  1.1088E-03
  6.1808E-02  5.9108E-06 -7.9524E-04  1.1320E-03
  6.2231E-02  6.0742E-06 -8.1177E-04  1.1557E-03
  6.2658E-02  6.2420E-06 -8.2861E-04  1.1799E-03
  6.3087E-02  6.4145E-06 -8.4577E-04  1.2045E-03
  6.3519E-02  6.5918E-06 -8.6325E-04  1.2296E-03
  6.3954E-02  6.7739E-06 -8.8106E-04  1.2551E-03
  6.4392E-02  6.9611E-06 -8.9919E-04  1.2811E-03
  6.4833E-02  7.1534E-06 -9.1767E-04  1.3077E-03
  6.5277E-02  7.3511E-06 -9.3649E-04  1.3347E-03
  6.5725E-02  7.5542E-06 -9.5566E-04  1.3622E-03
  6.6175E-02  7.7629E-06 -9.7518E-04  1.3903E-03
  6.6628E-02  7.9773E-06 -9.9506E-04  1.4188E-03
  6.7084E-02  8.1977E-06 -1.0153E-03  1.4479E-03
  6.7544E-02  8.4242E-06 -1.0359E-03  1.4776E-03
  6.8007E-02  8.6569E-06 -1.0569E-03  1.5078E-03
  6.8472E-02  8.8960E-06 -1.0783E-03  1.5385E-03
  6.8941E-02  9.1417E-06 -1.1000E-03  1.5698E-03
  6.9414E-02  9.3942E-06 -1.1222E-03  1.6017E-03
  6.9889E-02  9.6537E-06 -1.1447E-03  1.6342E-03
  7.0368E-02  9.9203E-06 -1.1677E-03  1.6673E-03
  7.0850E-02  1.0194E-05 -1.1910E-03  1.7009E-03
  7.1335E-02  1.0476E-05 -1.2148E-03  1.7352E-03
  7.1824E-02  1.0765E-05 -1.2390E-03  1.7701E-03
  7.2315E-02  1.1062E-05 -1.2636E-03  1.8056E-03
  7.2811E-02  1.1368E-05 -1.2887E-03  1.8418E-03
  7.3309E-02  1.1682E-05 -1.3142E-03  1.8786E-03
  7.3812E-02  1.2004E-05 -1.3401E-03  1.9161E-03
  7.4317E-02  1.2336E-05 -1.3665E-03  1.9542E-03
  7.4826E-02  1.2676E-05 -1.3934E-03  1.9930E-03
  7.5338E-02  1.3026E-05 -1.4207E-03  2.0325E-03
  7.5854E-02  1.3386E-05 -1.4485E-03  2.0727E-03
  7.6374E-02  1.3755E-05 -1.4767E-03  2.1136E-03
  7.6897E-02  1.4135E-05 -1.5055E-03  2.1552E-03
  7.7424E-02  1.4525E-05 -1.5347E-03  2.1976E-03
  7.7954E-02  1.4926E-05 -1.5644E-03  2.2406E-03
  7.8488E-02  1.5338E-05 -1.5947E-03  2.2845E-03
  7.9025E-02  1.5761E-05 -1.6254E-03  2.3291E-03
  7.9566E-02  1.6196E-05 -1.6567E-03  2.3744E-03
  8.0111E-02  1.6643E-05 -1.6885E-03  2.4205E-03
  8.0660E-02  1.7102E-05 -1.7208E-03  2.4675E-03
  8.1212E-02  1.7574E-05 -1.7536E-03  2.5152E-03
  8.1768E-02  1.8059E-05 -1.7870E-03  2.5637E-03
  8.2328E-02  1.8557E-05 -1.8209E-03  2.6131E-03
  8.2892E-02  1.9069E-05 -1.8554E-03  2.6632E-03
  8.3460E-02  1.9595E-05 -1.8905E-03  2.7143E-03
  8.4031E-02  2.0136E-05 -1.9261E-03  2.7661E-03
  8.4607E-02  2.0691E-05 -1.9623E-03  2.8189E-03
  8.5186E-02  2.1262E-05 -1.9991E-03  2.8725E-03
  8.5769E-02  2.1848E-05 -2.0364E-03  2.9270E-03
  8.6357E-02  2.2451E-05 -2.0744E-03  2.9824E-03
  8.6948E-02  2.3070E-05 -2.1130E-03  3.0387E-03
  8.7543E-02  2.3706E-05 -2.1521E-03  3.0960E-03
  8.8143E-02  2.4360E-05 -2.1919E-03  3.1541E-03
  8.8746E-02  2.5032E-05 -2.2323E-03  3.2132E-03
  8.9354E-02  2.5722E-05 -2.2734E-03  3.2733E-03
  8.9966E-02  2.6431E-05 -2.3150E-03  3.3343E-03
  9.0582E-02  2.7160E-05 -2.3573E-03  3.3964E-03
  9.1202E-02  2.7908E-05 -2.4003E-03  3.4594E-03
  9.1826E-02  2.8678E-05 -2.4439E-03  3.5234E-03
  9.2455E-02  2.9468E-05 -2.4882E-03  3.5884E-03
  9.3088E-02  3.0280E-05 -2.5331E-03  3.6544E-03
  9.3726E-02  3.1115E-05 -2.5788E-03  3.7215E-03
  9.4367E-02  3.1972E-05 -2.6251E-03  3.7896E-03
  9.5013E-02  3.2853E-05 -2.6721E-03  3.8588E-03
  9.5664E-02  3.3759E-05 -2.7197E-03  3.9290E-03
  9.6319E-02  3.4689E-05 -2.7681E-03  4.0004E-03
  9.6978E-02  3.5645E-05 -2.8172E-03  4.0728E-03
  9.7642E-02  3.6627E-05 -2.8670E-03  4.1463E-03
  9.8311E-02  3.7636E-05 -2.9175E-03  4.2210E-03
  9.8984E-02  3.8672E-05 -2.9688E-03  4.2968E-03
  9.9662E-02  3.9738E-05 -3.0208E-03  4.3737E-03
  1.0034E-01  4.0832E-05 -3.0735E-03  4.4518E-03
  1.0103E-01  4.1957E-05 -3.1269E-03  4.5310E-03
  1.0172E-01  4.3112E-05 -3.1811E-03  4.6115E-03
  1.0242E-01  4.4299E-05 -3.2361E-03  4.6931E-03
  1.0312E-01  4.5519E-05 -3.2918E-03  4.7759E-03
  1.0383E-01  4.6772E-05 -3.3483E-03  4.8599E-03
  1.0454E-01  4.8060E-05 -3.4055E-03  4.9452E-03
  1.0525E-01  4.9383E-05 -3.4636E-03  5.0316E-03
  1.0597E-01  5.0742E-05 -3.5224E-03  5.1194E-03
  1.0670E-01  5.2139E-05 -3.5820E-03  5.2084E-03
  1.0743E-01  5.3574E-05 -3.6423E-03  5.2986E-03
  1.0816E-01  5.5048E-05 -3.7035E-03  5.3901E-03
  1.0891E-01  5.6563E-05 -3.7655E-03  5.4830E-03
  1.0965E-01  5.8119E-05 -3.8283E-03  5.5771E-03
  1.1040E-01  5.9718E-05 -3.8919E-03  5.6725E-03
  1.1116E-01  6.1361E-05 -3.9563E-03  5.7693E-03
  1.1192E-01  6.3049E-05 -4.0215E-03  5.8674E-03
  1.1268E-01  6.4783E-05 -4.0875E-03  5.9668E-03
  1.1346E-01  6.6565E-05 -4.1544E-03  6.0676E-03
  1.1423E-01  6.8396E-05 -4.2221E-03  6.1698E-03
  1.1501E-01  7.0277E-05 -4.2906E-03  6.2733E-03
  1.1580E-01  7.2209E-05 -4.3600E-03  6.3782E-03
  1.1659E-01  7.4194E-05 -4.4302E-03  6.4846E-03
  1.1739E-01  7.6234E-05 -4.5012E-03  6.5923E-03
  1.1820E-01  7.8330E-05 -4.5731E-03  6.7014E-03
  1.1901E-01  8.0483E-05 -4.6458E-03  6.8120E-03
  1.1982E-01  8.2695E-05 -4.7194E-03  6.9240E-03
  1.2064E-01  8.4967E-05 -4.7938E-03  7.0375E-03
  1.2147E-01  8.7302E-05 -4.8691E-03  7.1524E-03
  1.2230E-01  8.9701E-05 -4.9452E-03  7.2687E-03
  1.2313E-01  9.2165E-05 -5.0221E-03  7.3866E-03
  1.2398E-01  9.4697E-05 -5.0999E-03  7.5059E-03
  1.2483E-01  9.7298E-05 -5.1786E-03  7.6267E-03
  1.2568E-01  9.9971E-05 -5.2581E-03  7.7490E-03
  1.2654E-01  1.0272E-04 -5.3385E-03  7.8728E-03
  1.2741E-01  1.0554E-04 -5.4197E-03  7.9981E-03
  1.2828E-01  1.0843E-04 -5.5018E-03  8.1250E-03
  1.2916E-01  1.1141E-04 -5.5847E-03  8.2533E-03
  1.3004E-01  1.1447E-04 -5.6685E-03  8.3832E-03
  1.3093E-01  1.1761E-04 -5.7531E-03  8.5147E-03
  1.3183E-01  1.2084E-04 -5.8385E-03  8.6476E-03
  1.3273E-01  1.2415E-04 -5.9248E-03  8.7822E-03
  1.3364E-01  1.2756E-04 -6.0119E-03  8.9183E-03
  1.3455E-01  1.3106E-04 -6.0999E-03  9.0559E-03
  1.3547E-01  1.3466E-04 -6.1887E-03  9.1951E-03
  1.3640E-01  1.3835E-04 -6.2783E-03  9.3359E-03
  1.3733E-01  1.4214E-04 -6.3687E-03  9.4783E-03
  1.3827E-01  1.4604E-04 -6.4600E-03  9.6223E-03
  1.3922E-01  1.5005E-04 -6.5521E-03  9.7678E-03
  1.4017E-01  1.5416E-04 -6.6449E-03  9.9150E-03
  1.4113E-01  1.5838E-04 -6.7386E-03  1.0064E-02
  1.4210E-01  1.6272E-04 -6.8330E-03  1.0214E-02
  1.4307E-01  1.6718E-04 -6.9283E-03  1.0366E-02
  1.4405E-01  1.7176E-04 -7.0243E-03  1.0519E-02
  1.4504E-01  1.7647E-04 -7.1211E-03  1.0675E-02
  1.4603E-01  1.8130E-04 -7.2186E-03  1.0831E-02
  1.4703E-01  1.8627E-04 -7.3169E-03  1.0990E-02
  1.4804E-01  1.9137E-04 -7.4160E-03  1.1150E-02
  1.4905E-01  1.9661E-04 -7.5157E-03  1.1311E-02
  1.5007E-01  2.0199E-04 -7.6162E-03  1.1474E-02
  1.5110E-01  2.0752E-04 -7.7174E-03  1.1639E-02
  1.5213E-01  2.1320E-04 -7.8193E-03  1.1806E-02
  1.5317E-01  2.1904E-04 -7.9218E-03  1.1974E-02
  1.5422E-01  2.2503E-04 -8.0251E-03  1.2143E-02
  1.5528E-01  2.3118E-04 -8.1290E-03  1.2314E-02
  1.5634E-01  2.3751E-04 -8.2335E-03  1.2487E-02
  1.5741E-01  2.4400E-04 -8.3387E-03  1.2662E-02
  1.5849E-01  2.5067E-04 -8.4444E-03  1.2838E-02
  1.5957E-01  2.5753E-04 -8.5508E-03  1.3015E-02
  1.6066E-01  2.6457E-04 -8.6577E-03  1.3194E-02
  1.6176E-01  2.7180E-04 -8.7652E-03  1.3375E-02
  1.6287E-01  2.7922E-04 -8.8733E-03  1.3557E-02
  1.6398E-01  2.8685E-04 -8.9818E-03  1.3741E-02
  1.6511E-01  2.9469E-04 -9.0909E-03  1.3927E-02
  1.6624E-01  3.0273E-04 -9.2004E-03  1.4114E-02
  1.6737E-01  3.1100E-04 -9.3104E-03  1.4302E-02
  1.6852E-01  3.1949E-04 -9.4209E-03  1.4492E-02
  1.6967E-01  3.2821E-04 -9.5318E-03  1.4684E-02
  1.7083E-01  3.3717E-04 -9.6430E-03  1.4877E-02
  1.7200E-01  3.4637E-04 -9.7546E-03  1.5072E-02
  1.7318E-01  3.5581E-04 -9.8666E-03  1.5268E-02
  1.7436E-01  3.6552E-04 -9.9789E-03  1.5465E-02
  1.7556E-01  3.7549E-04 -1.0091E-02  1.5664E-02
  1.7676E-01  3.8572E-04 -1.0204E-02  1.5865E-02
  1.7797E-01  3.9624E-04 -1.0317E-02  1.6067E-02
  1.7919E-01  4.0703E-04 -1.0431E-02  1.6271E-02
  1.8041E-01  4.1812E-04 -1.0544E-02  1.6475E-02
  1.8165E-01  4.2951E-04 -1.0658E-02  1.6682E-02
  1.8289E-01  4.4121E-04 -1.0772E-02  1.6889E-02
  1.8414E-01  4.5322E-04 -1.0885E-02  1.7099E-02
  1.8540E-01  4.6556E-04 -1.0999E-02  1.7309E-02
  1.8667E-01  4.7823E-04 -1.1113E-02  1.7521E-02
  1.8795E-01  4.9124E-04 -1.1227E-02  1.7734E-02
  1.8924E-01  5.0461E-04 -1.1341E-02  1.7948E-02
  1.9053E-01  5.1833E-04 -1.1454E-02  1.8164E-02
  1.9183E-01  5.3242E-04 -1.1568E-02  1.8381E-02
  1.9315E-01  5.4690E-04 -1.1681E-02  1.8600E-02
  1.9447E-01  5.6176E-04 -1.1795E-02  1.8819E-02
  1.9580E-01  5.7702E-04 -1.1908E-02  1.9040E-02
  1.9714E-01  5.9270E-04 -1.2020E-02  1.9262E-02
  1.9849E-01  6.0879E-04 -1.2133E-02  1.9485E-02
  1.9985E-01  6.2532E-04 -1.2245E-02  1.9709E-02
  2.0121E-01  6.4229E-04 -1.2356E-02  1.9935E-02
  2.0259E-01  6.5972E-04 -1.2467E-02  2.0161E-02
  2.0398E-01  6.7762E-04 -1.2578E-02  2.0389E-02
  2.0537E-01  6.9600E-04 -1.2688E-02  2.0617E-02
  2.0678E-01  7.1487E-04 -1.2797E-02  2.0847E-02
  2.0819E-01  7.3424E-04 -1.2906E-02  2.1078E-02
  2.0962E-01  7.5414E-04 -1.3014E-02  2.1309E-02
  2.1105E-01  7.7457E-04 -1.3121E-02  2.1542E-02
  2.1250E-01  7.9554E-04 -1.3227E-02  2.1775E-02
  2.1395E-01  8.1708E-04 -1.3333E-02  2.2010E-02
  2.1542E-01  8.3919E-04 -1.3438E-02  2.2245E-02
  2.1689E-01  8.6190E-04 -1.3541E-02  2.2481E-02
  2.1837E-01  8.8521E-04 -1.3644E-02  2.2718E-02
  2.1987E-01  9.0915E-04 -1.3745E-02  2.2956E-02
  2.2137E-01  9.3372E-04 -1.3846E-02  2.3194E-02
  2.2289E-01  9.5895E-04 -1.3945E-02  2.3433E-02
  2.2441E-01  9.8486E-04 -1.4043E-02  2.3673E-02
  2.2595E-01  1.0115E-03 -1.4139E-02  2.3914E-02
  2.2749E-01  1.0388E-03 -1.4234E-02  2.4155E-02
  2.2905E-01  1.0668E-03 -1.4328E-02  2.4396E-02
  2.3062E-01  1.0956E-03 -1.4420E-02  2.4638E-02
  2.3220E-01  1.1251E-03 -1.4510E-02  2.4881E-02
  2.3379E-01  1.1554E-03 -1.4599E-02  2.5124E-02
  2.3538E-01  1.1866E-03 -1.4686E-02  2.5368E-02
  2.3700E-01  1.2185E-03 -1.4772E-02  2.5612E-02
  2.3862E-01  1.2513E-03 -1.4855E-02  2.5856E-02
  2.4025E-01  1.2850E-03 -1.4936E-02  2.6101E-02
  2.4189E-01  1.3196E-03 -1.5016E-02  2.6346E-02
  2.4355E-01  1.3551E-03 -1.5093E-02  2.6591E-02
  2.4522E-01  1.3915E-03 -1.5168E-02  2.6836E-02
  2.4689E-01  1.4289E-03 -1.5241E-02  2.7082E-02
  2.4858E-01  1.4673E-03 -1.5311E-02  2.7328E-02
  2.5028E-01  1.5067E-03 -1.5380E-02  2.7574E-02
  2.5200E-01  1.5471E-03 -1.5445E-02  2.7820E-02
  2.5372E-01  1.5887E-03 -1.5508E-02  2.8066E-02
  2.5546E-01  1.6313E-03 -1.5568E-02  2.8311E-02
  2.5720E-01  1.6750E-03 -1.5626E-02  2.8557E-02
  2.5896E-01  1.7199E-03 -1.5681E-02  2.8803E-02
  2.6074E-01  1.7659E-03 -1.5733E-02  2.9049E-02
  2.6252E-01  1.8132E-03 -1.5781E-02  2.9294E-02
  2.6432E-01  1.8617E-03 -1.5827E-02  2.9539E-02
  2.6613E-01  1.9115E-03 -1.5870E-02  2.9784E-02
  2.6795E-01  1.9626E-03 -1.5909E-02  3.0029E-02
  2.6978E-01  2.0150E-03 -1.5945E-02  3.0273E-02
  2.7163E-01  2.0688E-03 -1.5977E-02  3.0517E-02
  2.7348E-01  2.1240E-03 -1.6006E-02  3.0761E-02
  2.7536E-01  2.1807E-03 -1.6031E-02  3.1004E-02
  2.7724E-01  2.2388E-03 -1.6053E-02  3.1246E-02
  2.7914E-01  2.2985E-03 -1.6071E-02  3.1488E-02
  2.8105E-01  2.3597E-03 -1.6084E-02  3.1730E-02
  2.8297E-01  2.4225E-03 -1.6094E-02  3.1971E-02
  2.8490E-01  2.4870E-03 -1.6099E-02  3.2211E-02
  2.8685E-01  2.5531E-03 -1.6101E-02  3.2450E-02
  2.8882E-01  2.6210E-03 -1.6098E-02  3.2689E-02
  2.9079E-01  2.6906E-03 -1.6090E-02  3.2927E-02
  2.9278E-01  2.7620E-03 -1.6078E-02  3.3164E-02
  2.9479E-01  2.8353E-03 -1.6061E-02  3.3400E-02
  2.9680E-01  2.9105E-03 -1.6040E-02  3.3636E-02
  2.9883E-01  2.9876E-03 -1.6013E-02  3.3870E-02
  3.0088E-01  3.0667E-03 -1.5982E-02  3.4103E-02
  3.0294E-01  3.1478E-03 -1.5945E-02  3.4336E-02
  3.0501E-01  3.2311E-03 -1.5903E-02  3.4567E-02
  3.0710E-01  3.3165E-03 -1.5856E-02  3.4797E-02
  3.0920E-01  3.4041E-03 -1.5804E-02  3.5026E-02
  3.1131E-01  3.4939E-03 -1.5746E-02  3.5254E-02
  3.1344E-01  3.5861E-03 -1.5682E-02  3.5481E-02
  3.1559E-01  3.6806E-03 -1.5612E-02  3.5706E-02
  3.1775E-01  3.7775E-03 -1.5537E-02  3.5931E-02
  3.1992E-01  3.8770E-03 -1.5455E-02  3.6153E-02
  3.2211E-01  3.9789E-03 -1.5367E-02  3.6375E-02
  3.2431E-01  4.0835E-03 -1.5273E-02  3.6595E-02
  3.2653E-01  4.1907E-03 -1.5173E-02  3.6813E-02
  3.2877E-01  4.3007E-03 -1.5066E-02  3.7030E-02
  3.3102E-01  4.4135E-03 -1.4952E-02  3.7246E-02
  3.3328E-01  4.5291E-03 -1.4832E-02  3.7460E-02
  3.3556E-01  4.6477E-03 -1.4704E-02  3.7672E-02
  3.3786E-01  4.7693E-03 -1.4570E-02  3.7883E-02
  3.4017E-01  4.8939E-03 -1.4428E-02  3.8092E-02
  3.4250E-01  5.0218E-03 -1.4279E-02  3.8300E-02
  3.4484E-01  5.1528E-03 -1.4123E-02  3.8505E-02
  3.4720E-01  5.2871E-03 -1.3959E-02  3.8709E-02
  3.4957E-01  5.4249E-03 -1.3787E-02  3.8911E-02
  3.5197E-01  5.5661E-03 -1.3608E-02  3.9112E-02
  3.5437E-01  5.7108E-03 -1.3420E-02  3.9310E-02
  3.5680E-01  5.8591E-03 -1.3224E-02  3.9507E-02
  3.5924E-01  6.0112E-03 -1.3020E-02  3.9702E-02
  3.6170E-01  6.1671E-03 -1.2808E-02  3.9895E-02
  3.6417E-01  6.3269E-03 -1.2587E-02  4.0086E-02
  3.6666E-01  6.4906E-03 -1.2358E-02  4.0275E-02
  3.6917E-01  6.6584E-03 -1.2119E-02  4.0462E-02
  3.7170E-01  6.8304E-03 -1.1872E-02  4.0648E-02
  3.7424E-01  7.0066E-03 -1.1616E-02  4.0831E-02
  3.7680E-01  7.1873E-03 -1.1350E-02  4.1012E-02
  3.7938E-01  7.3723E-03 -1.1075E-02  4.1192E-02
  3.8197E-01  7.5619E-03 -1.0791E-02  4.1369E-02
  3.8459E-01  7.7562E-03 -1.0496E-02  4.1544E-02
  3.8722E-01  7.9553E-03 -1.0192E-02  4.1717E-02
  3.8987E-01  8.1592E-03 -9.8783E-03  4.1888E-02
  3.9254E-01  8.3682E-03 -9.5542E-03  4.2058E-02
  3.9522E-01  8.5822E-03 -9.2199E-03  4.2225E-02
  3.9792E-01  8.8015E-03 -8.8751E-03  4.2390E-02
  4.0065E-01  9.0261E-03 -8.5198E-03  4.2553E-02
  4.0339E-01  9.2561E-03 -8.1538E-03  4.2714E-02
  4.0615E-01  9.4917E-03 -7.7770E-03  4.2873E-02
  4.0893E-01  9.7330E-03 -7.3891E-03  4.3030E-02
  4.1172E-01  9.9801E-03 -6.9901E-03  4.3185E-02
  4.1454E-01  1.0233E-02 -6.5798E-03  4.3338E-02
  4.1738E-01  1.0492E-02 -6.1580E-03  4.3489E-02
  4.2023E-01  1.0758E-02 -5.7246E-03  4.3638E-02
  4.2311E-01  1.1029E-02 -5.2795E-03  4.3785E-02
  4.2600E-01  1.1308E-02 -4.8224E-03  4.3930E-02
  4.2892E-01  1.1592E-02 -4.3533E-03  4.4073E-02
  4.3185E-01  1.1884E-02 -3.8719E-03  4.4215E-02
  4.3481E-01  1.2182E-02 -3.3781E-03  4.4354E-02
  4.3778E-01  1.2488E-02 -2.8719E-03  4.4492E-02
  4.4077E-01  1.2800E-02 -2.3529E-03  4.4627E-02
  4.4379E-01  1.3120E-02 -1.8210E-03  4.4761E-02
  4.4683E-01  1.3448E-02 -1.2762E-03  4.4894E-02
  4.4988E-01  1.3783E-02 -7.1817E-04  4.5024E-02
  4.5296E-01  1.4126E-02 -1.4683E-04  4.5153E-02
  4.5606E-01  1.4477E-02  4.3799E-04  4.5280E-02
  4.5918E-01  1.4836E-02  1.0364E-03  4.5405E-02
  4.6232E-01  1.5203E-02  1.6487E-03  4.5529E-02
  4.6548E-01  1.5579E-02  2.2749E-03  4.5652E-02
  4.6867E-01  1.5963E-02  2.9152E-03  4.5773E-02
  4.7188E-01  1.6357E-02  3.5698E-03  4.5892E-02
  4.7510E-01  1.6759E-02  4.2389E-03  4.6010E-02
  4.7835E-01  1.7170E-02  4.9225E-03  4.6127E-02
  4.8163E-01  1.7590E-02  5.6208E-03  4.6242E-02
  4.8492E-01  1.8020E-02  6.3341E-03  4.6356E-02
  4.8824E-01  1.8460E-02  7.0624E-03  4.6470E-02
  4.9158E-01  1.8910E-02  7.8060E-03  4.6581E-02
  4.9494E-01  1.9369E-02  8.5649E-03  4.6692E-02
  4.9833E-01  1.9839E-02  9.3393E-03  4.6802E-02
  5.0174E-01  2.0319E-02  1.0129E-02  4.6911E-02
  5.0517E-01  2.0810E-02  1.0935E-02  4.7019E-02
  5.0862E-01  2.1311E-02  1.1757E-02  4.7127E-02
  5.1210E-01  2.1824E-02  1.2595E-02  4.7233E-02
  5.1561E-01  2.2348E-02  1.3450E-02  4.7339E-02
  5.1914E-01  2.2883E-02  1.4321E-02  4.7445E-02
  5.2269E-01  2.3429E-02  1.5208E-02  4.7550E-02
  5.2626E-01  2.3987E-02  1.6112E-02  4.7654E-02
  5.2986E-01  2.4558E-02  1.7033E-02  4.7758E-02
  5.3349E-01  2.5140E-02  1.7971E-02  4.7862E-02
  5.3714E-01  2.5735E-02  1.8927E-02  4.7966E-02
  5.4081E-01  2.6342E-02  1.9899E-02  4.8070E-02
  5.4451E-01  2.6962E-02  2.0889E-02  4.8174E-02
  5.4824E-01  2.7595E-02  2.1897E-02  4.8278E-02
  5.5199E-01  2.8241E-02  2.2922E-02  4.8382E-02
  5.5576E-01  2.8900E-02  2.3965E-02  4.8487E-02
  5.5957E-01  2.9573E-02  2.5026E-02  4.8592E-02
  5.6339E-01  3.0260E-02  2.6106E-02  4.8698E-02
  5.6725E-01  3.0961E-02  2.7203E-02  4.8804E-02
  5.7113E-01  3.1676E-02  2.8319E-02  4.8911E-02
  5.7503E-01  3.2405E-02  2.9453E-02  4.9019E-02
  5.7897E-01  3.3149E-02  3.0606E-02  4.9127E-02
  5.8293E-01  3.3907E-02  3.1777E-02  4.9237E-02
  5.8692E-01  3.4680E-02  3.2967E-02  4.9348E-02
  5.9093E-01  3.5469E-02  3.4176E-02  4.9461E-02
  5.9497E-01  3.6273E-02  3.5404E-02  4.9575E-02
  5.9905E-01  3.7092E-02  3.6651E-02  4.9690E-02
  6.0314E-01  3.7927E-02  3.7918E-02  4.9808E-02
  6.0727E-01  3.8778E-02  3.9203E-02  4.9927E-02
  6.1142E-01  3.9645E-02  4.0507E-02  5.0048E-02
  6.1561E-01  4.0529E-02  4.1831E-02  5.0171E-02
  6.1982E-01  4.1428E-02  4.3174E-02  5.0296E-02
  6.2406E-01  4.2345E-02  4.4537E-02  5.0424E-02
  6.2833E-01  4.3278E-02  4.5919E-02  5.0555E-02
  6.3262E-01  4.4228E-02  4.7320E-02  5.0688E-02
  6.3695E-01  4.5195E-02  4.8741E-02  5.0824E-02
  6.4131E-01  4.6179E-02  5.0182E-02  5.0963E-02
  6.4570E-01  4.7181E-02  5.1642E-02  5.1105E-02
  6.5011E-01  4.8200E-02  5.3121E-02  5.1250E-02
  6.5456E-01  4.9237E-02  5.4620E-02  5.1399E-02
  6.5904E-01  5.0291E-02  5.6138E-02  5.1552E-02
  6.6355E-01  5.1364E-02  5.7676E-02  5.1708E-02
  6.6809E-01  5.2454E-02  5.9233E-02  5.1868E-02
  6.7266E-01  5.3563E-02  6.0810E-02  5.2033E-02
  6.7726E-01  5.4689E-02  6.2405E-02  5.2202E-02
  6.8189E-01  5.5835E-02  6.4020E-02  5.2375E-02
  6.8656E-01  5.6998E-02  6.5654E-02  5.2553E-02
  6.9125E-01  5.8180E-02  6.7306E-02  5.2737E-02
  6.9598E-01  5.9380E-02  6.8978E-02  5.2925E-02
  7.0074E-01  6.0599E-02  7.0668E-02  5.3118E-02
  7.0554E-01  6.1836E-02  7.2376E-02  5.3318E-02
  7.1036E-01  6.3092E-02  7.4103E-02  5.3522E-02
  7.1522E-01  6.4367E-02  7.5848E-02  5.3733E-02
  7.2011E-01  6.5660E-02  7.7611E-02  5.3950E-02
  7.2504E-01  6.6971E-02  7.9391E-02  5.4174E-02
  7.3000E-01  6.8301E-02  8.1189E-02  5.4404E-02
  7.3499E-01  6.9650E-02  8.3005E-02  5.4641E-02
  7.4002E-01  7.1017E-02  8.4837E-02  5.4885E-02
  7.4508E-01  7.2403E-02  8.6685E-02  5.5136E-02
  7.5018E-01  7.3806E-02  8.8550E-02  5.5395E-02
  7.5531E-01  7.5228E-02  9.0431E-02  5.5662E-02
  7.6048E-01  7.6668E-02  9.2328E-02  5.5937E-02
  7.6568E-01  7.8125E-02  9.4239E-02  5.6220E-02
  7.7092E-01  7.9600E-02  9.6166E-02  5.6512E-02
  7.7619E-01  8.1093E-02  9.8107E-02  5.6813E-02
  7.8150E-01  8.2603E-02  1.0006E-01  5.7123E-02
  7.8685E-01  8.4130E-02  1.0203E-01  5.7443E-02
  7.9223E-01  8.5674E-02  1.0401E-01  5.7772E-02
  7.9765E-01  8.7235E-02  1.0600E-01  5.8112E-02
  8.0311E-01  8.8811E-02  1.0801E-01  5.8462E-02
  8.0860E-01  9.0404E-02  1.1003E-01  5.8823E-02
  8.1413E-01  9.2012E-02  1.1206E-01  5.9195E-02
  8.1970E-01  9.3636E-02  1.1409E-01  5.9578E-02
  8.2531E-01  9.5275E-02  1.1614E-01  5.9973E-02
  8.3096E-01  9.6928E-02  1.1820E-01  6.0380E-02
  8.3664E-01  9.8595E-02  1.2026E-01  6.0800E-02
  8.4236E-01  1.0028E-01  1.2233E-01  6.1233E-02
  8.4813E-01  1.0197E-01  1.2441E-01  6.1679E-02
  8.5393E-01  1.0368E-01  1.2650E-01  6.2138E-02
  8.5977E-01  1.0540E-01  1.2859E-01  6.2612E-02
  8.6565E-01  1.0713E-01  1.3068E-01  6.3100E-02
  8.7157E-01  1.0887E-01  1.3278E-01  6.3603E-02
  8.7753E-01  1.1062E-01  1.3488E-01  6.4121E-02
  8.8354E-01  1.1238E-01  1.3698E-01  6.4656E-02
  8.8958E-01  1.1415E-01  1.3909E-01  6.5206E-02
  8.9567E-01  1.1593E-01  1.4119E-01  6.5773E-02
  9.0179E-01  1.1772E-01  1.4329E-01  6.6357E-02
  9.0796E-01  1.1952E-01  1.4539E-01  6.6959E-02
  9.1417E-01  1.2132E-01  1.4749E-01  6.7579E-02
  9.2043E-01  1.2313E-01  1.4958E-01  6.8218E-02
  9.2672E-01  1.2494E-01  1.5167E-01  6.8876E-02
  9.3306E-01  1.2676E-01  1.5375E-01  6.9554E-02
  9.3944E-01  1.2858E-01  1.5583E-01  7.0253E-02
  9.4587E-01  1.3040E-01  1.5790E-01  7.0972E-02
  9.5234E-01  1.3223E-01  1.5996E-01  7.1713E-02
  9.5885E-01  1.3406E-01  1.6200E-01  7.2476E-02
  9.6541E-01  1.3588E-01  1.6404E-01  7.3262E-02
  9.7202E-01  1.3771E-01  1.6606E-01  7.4072E-02
  9.7867E-01  1.3954E-01  1.6807E-01  7.4906E-02
  9.8536E-01  1.4136E-01  1.7007E-01  7.5764E-02
  9.9210E-01  1.4318E-01  1.7205E-01  7.6649E-02
  9.9889E-01  1.4500E-01  1.7401E-01  7.7560E-02
  1.0057E+00  1.4681E-01  1.7596E-01  7.8498E-02
  1.0126E+00  1.4861E-01  1.7789E-01  7.9464E-02
  1.0195E+00  1.5041E-01  1.7979E-01  8.0459E-02
  1.0265E+00  1.5221E-01  1.8168E-01  8.1483E-02
  1.0335E+00  1.5399E-01  1.8354E-01  8.2538E-02
  1.0406E+00  1.5577E-01  1.8538E-01  8.3624E-02
  1.0477E+00  1.5753E-01  1.8720E-01  8.4743E-02
  1.0549E+00  1.5929E-01  1.8899E-01  8.5895E-02
  1.0621E+00  1.6103E-01  1.9076E-01  8.7082E-02
  1.0694E+00  1.6277E-01  1.9250E-01  8.8304E-02
  1.0767E+00  1.6449E-01  1.9421E-01  8.9562E-02
  1.0840E+00  1.6619E-01  1.9589E-01  9.0858E-02
  1.0915E+00  1.6789E-01  1.9755E-01  9.2192E-02
  1.0989E+00  1.6957E-01  1.9918E-01  9.3566E-02
  1.1064E+00  1.7124E-01  2.0078E-01  9.4981E-02
  1.1140E+00  1.7289E-01  2.0234E-01  9.6439E-02
  1.1216E+00  1.7453E-01  2.0388E-01  9.7940E-02
  1.1293E+00  1.7615E-01  2.0539E-01  9.9486E-02
  1.1370E+00  1.7776E-01  2.0686E-01  1.0108E-01
  1.1448E+00  1.7936E-01  2.0831E-01  1.0272E-01
  1.1526E+00  1.8093E-01  2.0973E-01  1.0441E-01
  1.1605E+00  1.8250E-01  2.1111E-01  1.0615E-01
  1.1685E+00  1.8405E-01  2.1247E-01  1.0794E-01
  1.1764E+00  1.8559E-01  2.1380E-01  1.0979E-01
  1.1845E+00  1.8711E-01  2.1510E-01  1.1169E-01
  1.1926E+00  1.8863E-01  2.1637E-01  1.1365E-01
  1.2008E+00  1.9013E-01  2.1761E-01  1.1567E-01
  1.2090E+00  1.9162E-01  2.1884E-01  1.1775E-01
  1.2172E+00  1.9310E-01  2.2003E-01  1.1990E-01
  1.2256E+00  1.9458E-01  2.2121E-01  1.2211E-01
  1.2339E+00  1.9605E-01  2.2237E-01  1.2438E-01
  1.2424E+00  1.9752E-01  2.2351E-01  1.2673E-01
  1.2509E+00  1.9899E-01  2.2463E-01  1.2915E-01
  1.2594E+00  2.0046E-01  2.2575E-01  1.3164E-01
  1.2681E+00  2.0193E-01  2.2685E-01  1.3421E-01
  1.2767E+00  2.0341E-01  2.2794E-01  1.3686E-01
  1.2855E+00  2.0490E-01  2.2904E-01  1.3959E-01
  1.2943E+00  2.0640E-01  2.3013E-01  1.4241E-01
  1.3031E+00  2.0792E-01  2.3123E-01  1.4531E-01
  1.3120E+00  2.0946E-01  2.3234E-01  1.4831E-01
  1.3210E+00  2.1102E-01  2.3346E-01  1.5140E-01
  1.3300E+00  2.1262E-01  2.3460E-01  1.5458E-01
  1.3391E+00  2.1425E-01  2.3577E-01  1.5787E-01
  1.3483E+00  2.1591E-01  2.3697E-01  1.6126E-01
  1.3575E+00  2.1763E-01  2.3820E-01  1.6475E-01
  1.3668E+00  2.1939E-01  2.3947E-01  1.6836E-01
  1.3762E+00  2.2121E-01  2.4080E-01  1.7208E-01
  1.3856E+00  2.2309E-01  2.4218E-01  1.7592E-01
  1.3950E+00  2.2505E-01  2.4363E-01  1.7989E-01
  1.4046E+00  2.2708E-01  2.4514E-01  1.8398E-01
  1.4142E+00  2.2920E-01  2.4674E-01  1.8821E-01
  1.4239E+00  2.3141E-01  2.4843E-01  1.9257E-01
  1.4336E+00  2.3373E-01  2.5022E-01  1.9707E-01
  1.4434E+00  2.3615E-01  2.5211E-01  2.0172E-01
  1.4533E+00  2.3870E-01  2.5413E-01  2.0652E-01
  1.4632E+00  2.4138E-01  2.5627E-01  2.1148E-01
  1.4732E+00  2.4420E-01  2.5856E-01  2.1661E-01
  1.4833E+00  2.4717E-01  2.6099E-01  2.2190E-01
  1.4935E+00  2.5030E-01  2.6359E-01  2.2737E-01
  1.5037E+00  2.5361E-01  2.6637E-01  2.3302E-01
  1.5140E+00  2.5710E-01  2.6933E-01  2.3887E-01
  1.5243E+00  2.6079E-01  2.7249E-01  2.4490E-01
  1.5347E+00  2.6469E-01  2.7588E-01  2.5115E-01
  1.5452E+00  2.6882E-01  2.7949E-01  2.5760E-01
  1.5558E+00  2.7318E-01  2.8334E-01  2.6428E-01
  1.5665E+00  2.7779E-01  2.8745E-01  2.7118E-01
  1.5772E+00  2.8268E-01  2.9184E-01  2.7832E-01
  1.5880E+00  2.8784E-01  2.9652E-01  2.8570E-01
  1.5988E+00  2.9330E-01  3.0150E-01  2.9335E-01
  1.6098E+00  2.9908E-01  3.0681E-01  3.0125E-01
  1.6208E+00  3.0518E-01  3.1245E-01  3.0944E-01
  1.6319E+00  3.1163E-01  3.1845E-01  3.1791E-01
  1.6430E+00  3.1844E-01  3.2483E-01  3.2668E-01
  1.6543E+00  3.2563E-01  3.3160E-01  3.3576E-01
  1.6656E+00  3.3322E-01  3.3878E-01  3.4516E-01
  1.6770E+00  3.4122E-01  3.4639E-01  3.5490E-01
  1.6884E+00  3.4966E-01  3.5444E-01  3.6499E-01
  1.7000E+00  3.5856E-01  3.6297E-01  3.7544E-01
  1.7116E+00  3.6792E-01  3.7199E-01  3.8627E-01
  1.7233E+00  3.7778E-01  3.8151E-01  3.9750E-01
  1.7351E+00  3.8815E-01  3.9156E-01  4.0914E-01
  1.7470E+00  3.9906E-01  4.0216E-01  4.2120E-01
  1.7589E+00  4.1052E-01  4.1333E-01  4.3371E-01
  1.7710E+00  4.2256E-01  4.2509E-01  4.4668E-01
  1.7831E+00  4.3519E-01  4.3747E-01  4.6014E-01
  1.7953E+00  4.4844E-01  4.5048E-01  4.7410E-01
  1.8075E+00  4.6234E-01  4.6415E-01  4.8859E-01
  1.8199E+00  4.7690E-01  4.7851E-01  5.0362E-01
  1.8324E+00  4.9215E-01  4.9356E-01  5.1923E-01
  1.8449E+00  5.0812E-01  5.0935E-01  5.3543E-01
  1.8575E+00  5.2482E-01  5.2589E-01  5.5225E-01
  1.8702E+00  5.4228E-01  5.4320E-01  5.6972E-01
  1.8830E+00  5.6054E-01  5.6133E-01  5.8787E-01
  1.8959E+00  5.7961E-01  5.8028E-01  6.0673E-01
  1.9089E+00  5.9953E-01  6.0009E-01  6.2632E-01
  1.9219E+00  6.2032E-01  6.2078E-01  6.4669E-01
  1.9351E+00  6.4201E-01  6.4239E-01  6.6786E-01
  1.9483E+00  6.6464E-01  6.6495E-01  6.8987E-01
  1.9616E+00  6.8823E-01  6.8848E-01  7.1276E-01
  1.9750E+00  7.1283E-01  7.1302E-01  7.3657E-01
  1.9886E+00  7.3846E-01  7.3861E-01  7.6135E-01
  2.0022E+00  7.6517E-01  7.6528E-01  7.8712E-01
  2.0158E+00  7.9299E-01  7.9307E-01  8.1395E-01
  2.0296E+00  8.2196E-01  8.2202E-01  8.4188E-01
  2.0435E+00  8.5213E-01  8.5218E-01  8.7096E-01
  2.0575E+00  8.8355E-01  8.8358E-01  9.0124E-01
  2.0716E+00  9.1627E-01  9.1629E-01  9.3278E-01
  2.0857E+00  9.5034E-01  9.5035E-01  9.6564E-01
  2.1000E+00  9.8581E-01  9.8581E-01  9.9989E-01
  2.1144E+00  1.0227E+00  1.0227E+00  1.0356E+00
  2.1288E+00  1.0612E+00  1.0612E+00  1.0728E+00
  2.1434E+00  1.1013E+00  1.1013E+00  1.1116E+00
  2.1581E+00  1.1430E+00  1.1430E+00  1.1521E+00
  2.1728E+00  1.1865E+00  1.1865E+00  1.1943E+00
  2.1877E+00  1.2318E+00  1.2318E+00  1.2383E+00
  2.2026E+00  1.2791E+00  1.2791E+00  1.2843E+00
  2.2177E+00  1.3284E+00  1.3284E+00  1.3323E+00
  2.2329E+00  1.3798E+00  1.3798E+00  1.3824E+00
  2.2482E+00  1.4334E+00  1.4334E+00  1.4347E+00
  2.2635E+00  1.4893E+00  1.4893E+00  1.4893E+00
  2.2790E+00  1.5477E+00  1.5477E+00  1.5464E+00
  2.2946E+00  1.6087E+00  1.6087E+00  1.6061E+00
  2.3103E+00  1.6725E+00  1.6725E+00  1.6685E+00
  2.3261E+00  1.7390E+00  1.7390E+00  1.7337E+00
  2.3420E+00  1.8086E+00  1.8086E+00  1.8019E+00
  2.3580E+00  1.8813E+00  1.8813E+00  1.8732E+00
  2.3742E+00  1.9574E+00  1.9574E+00  1.9478E+00
  2.3904E+00  2.0369E+00  2.0369E+00  2.0259E+00
  2.4068E+00  2.1201E+00  2.1201E+00  2.1077E+00
  2.4232E+00  2.2072E+00  2.2072E+00  2.1933E+00
