 # l=           4 energy=  -4.9859719438877761     
  0.0000E+00  0.0000E+00  0.0000E+00  0.0000E+00
  6.5668E-07  3.6211E-33  3.6211E-33  1.5903E-29
  1.3178E-06  1.1814E-31  1.1814E-31  3.7926E-28
  1.9835E-06  9.1277E-31  9.1277E-31  2.4408E-27
  2.6538E-06  3.9130E-30  3.9130E-30  9.1878E-27
  3.3286E-06  1.2148E-29  1.2148E-29  2.5780E-26
  4.0081E-06  3.0751E-29  3.0751E-29  6.0068E-26
  4.6922E-06  6.7617E-29  6.7617E-29  1.2311E-25
  5.3809E-06  1.3412E-28  1.3412E-28  2.2972E-25
  6.0744E-06  2.4588E-28  2.4588E-28  3.9899E-25
  6.7726E-06  4.2363E-28  4.2363E-28  6.5490E-25
  7.4756E-06  6.9413E-28  6.9413E-28  1.0269E-24
  8.1834E-06  1.0911E-27  1.0911E-27  1.5504E-24
  8.8961E-06  1.6565E-27  1.6565E-27  2.2679E-24
  9.6136E-06  2.4414E-27  2.4414E-27  3.2289E-24
  1.0336E-05  3.5073E-27  3.5073E-27  4.4915E-24
  1.1063E-05  4.9278E-27  4.9278E-27  6.1224E-24
  1.1796E-05  6.7894E-27  6.7894E-27  8.1982E-24
  1.2533E-05  9.1939E-27  9.1939E-27  1.0806E-23
  1.3276E-05  1.2259E-26  1.2259E-26  1.4045E-23
  1.4023E-05  1.6122E-26  1.6122E-26  1.8026E-23
  1.4776E-05  2.0938E-26  2.0938E-26  2.2873E-23
  1.5533E-05  2.6886E-26  2.6886E-26  2.8726E-23
  1.6296E-05  3.4170E-26  3.4170E-26  3.5739E-23
  1.7064E-05  4.3019E-26  4.3019E-26  4.4084E-23
  1.7838E-05  5.3692E-26  5.3692E-26  5.3950E-23
  1.8617E-05  6.6480E-26  6.6480E-26  6.5544E-23
  1.9401E-05  8.1708E-26  8.1708E-26  7.9098E-23
  2.0190E-05  9.9740E-26  9.9740E-26  9.4861E-23
  2.0985E-05  1.2098E-25  1.2098E-25  1.1311E-22
  2.1785E-05  1.4587E-25  1.4587E-25  1.3414E-22
  2.2591E-05  1.7492E-25  1.7492E-25  1.5828E-22
  2.3402E-05  2.0866E-25  2.0866E-25  1.8589E-22
  2.4218E-05  2.4771E-25  2.4771E-25  2.1734E-22
  2.5041E-05  2.9271E-25  2.9271E-25  2.5307E-22
  2.5869E-05  3.4441E-25  3.4441E-25  2.9351E-22
  2.6702E-05  4.0360E-25  4.0360E-25  3.3915E-22
  2.7542E-05  4.7115E-25  4.7115E-25  3.9053E-22
  2.8387E-05  5.4800E-25  5.4800E-25  4.4821E-22
  2.9238E-05  6.3520E-25  6.3520E-25  5.1279E-22
  3.0094E-05  7.3387E-25  7.3387E-25  5.8494E-22
  3.0957E-05  8.4524E-25  8.4524E-25  6.6535E-22
  3.1825E-05  9.7064E-25  9.7064E-25  7.5478E-22
  3.2700E-05  1.1115E-24  1.1115E-24  8.5404E-22
  3.3580E-05  1.2694E-24  1.2694E-24  9.6400E-22
  3.4466E-05  1.4460E-24  1.4460E-24  1.0856E-21
  3.5359E-05  1.6432E-24  1.6432E-24  1.2198E-21
  3.6257E-05  1.8628E-24  1.8628E-24  1.3676E-21
  3.7162E-05  2.1071E-24  2.1071E-24  1.5302E-21
  3.8073E-05  2.3783E-24  2.3783E-24  1.7089E-21
  3.8990E-05  2.6789E-24  2.6789E-24  1.9048E-21
  3.9913E-05  3.0115E-24  3.0115E-24  2.1193E-21
  4.0843E-05  3.3789E-24  3.3789E-24  2.3539E-21
  4.1779E-05  3.7843E-24  3.7843E-24  2.6102E-21
  4.2721E-05  4.2308E-24  4.2308E-24  2.8897E-21
  4.3670E-05  4.7220E-24  4.7220E-24  3.1942E-21
  4.4626E-05  5.2616E-24  5.2616E-24  3.5255E-21
  4.5588E-05  5.8537E-24  5.8537E-24  3.8857E-21
  4.6556E-05  6.5025E-24  6.5025E-24  4.2767E-21
  4.7531E-05  7.2126E-24  7.2126E-24  4.7007E-21
  4.8513E-05  7.9889E-24  7.9889E-24  5.1602E-21
  4.9501E-05  8.8366E-24  8.8366E-24  5.6575E-21
  5.0497E-05  9.7614E-24  9.7614E-24  6.1953E-21
  5.1499E-05  1.0769E-23  1.0769E-23  6.7763E-21
  5.2508E-05  1.1866E-23  1.1866E-23  7.4034E-21
  5.3523E-05  1.3059E-23  1.3059E-23  8.0797E-21
  5.4546E-05  1.4356E-23  1.4356E-23  8.8084E-21
  5.5576E-05  1.5763E-23  1.5763E-23  9.5930E-21
  5.6613E-05  1.7289E-23  1.7289E-23  1.0437E-20
  5.7657E-05  1.8943E-23  1.8943E-23  1.1345E-20
  5.8708E-05  2.0734E-23  2.0734E-23  1.2319E-20
  5.9766E-05  2.2671E-23  2.2671E-23  1.3366E-20
  6.0831E-05  2.4765E-23  2.4765E-23  1.4488E-20
  6.1904E-05  2.7027E-23  2.7027E-23  1.5691E-20
  6.2984E-05  2.9469E-23  2.9469E-23  1.6980E-20
  6.4072E-05  3.2102E-23  3.2102E-23  1.8360E-20
  6.5167E-05  3.4940E-23  3.4940E-23  1.9836E-20
  6.6269E-05  3.7998E-23  3.7998E-23  2.1414E-20
  6.7379E-05  4.1288E-23  4.1288E-23  2.3101E-20
  6.8497E-05  4.4828E-23  4.4828E-23  2.4902E-20
  6.9622E-05  4.8632E-23  4.8632E-23  2.6825E-20
  7.0755E-05  5.2720E-23  5.2720E-23  2.8876E-20
  7.1895E-05  5.7109E-23  5.7109E-23  3.1063E-20
  7.3044E-05  6.1818E-23  6.1818E-23  3.3394E-20
  7.4200E-05  6.6868E-23  6.6868E-23  3.5876E-20
  7.5364E-05  7.2281E-23  7.2281E-23  3.8519E-20
  7.6536E-05  7.8080E-23  7.8080E-23  4.1331E-20
  7.7717E-05  8.4288E-23  8.4288E-23  4.4322E-20
  7.8905E-05  9.0932E-23  9.0932E-23  4.7502E-20
  8.0101E-05  9.8038E-23  9.8038E-23  5.0881E-20
  8.1306E-05  1.0563E-22  1.0563E-22  5.4470E-20
  8.2519E-05  1.1375E-22  1.1375E-22  5.8280E-20
  8.3740E-05  1.2242E-22  1.2242E-22  6.2324E-20
  8.4969E-05  1.3168E-22  1.3168E-22  6.6614E-20
  8.6207E-05  1.4155E-22  1.4155E-22  7.1163E-20
  8.7453E-05  1.5208E-22  1.5208E-22  7.5985E-20
  8.8708E-05  1.6331E-22  1.6331E-22  8.1094E-20
  8.9971E-05  1.7528E-22  1.7528E-22  8.6505E-20
  9.1244E-05  1.8802E-22  1.8802E-22  9.2235E-20
  9.2524E-05  2.0159E-22  2.0159E-22  9.8300E-20
  9.3814E-05  2.1604E-22  2.1604E-22  1.0472E-19
  9.5112E-05  2.3141E-22  2.3141E-22  1.1150E-19
  9.6419E-05  2.4776E-22  2.4776E-22  1.1868E-19
  9.7736E-05  2.6513E-22  2.6513E-22  1.2626E-19
  9.9061E-05  2.8360E-22  2.8360E-22  1.3428E-19
  1.0040E-04  3.0322E-22  3.0322E-22  1.4274E-19
  1.0174E-04  3.2406E-22  3.2406E-22  1.5168E-19
  1.0309E-04  3.4618E-22  3.4618E-22  1.6112E-19
  1.0445E-04  3.6966E-22  3.6966E-22  1.7108E-19
  1.0582E-04  3.9456E-22  3.9456E-22  1.8158E-19
  1.0720E-04  4.2098E-22  4.2098E-22  1.9267E-19
  1.0859E-04  4.4899E-22  4.4899E-22  2.0435E-19
  1.0999E-04  4.7867E-22  4.7867E-22  2.1667E-19
  1.1140E-04  5.1013E-22  5.1013E-22  2.2965E-19
  1.1282E-04  5.4345E-22  5.4345E-22  2.4332E-19
  1.1425E-04  5.7873E-22  5.7873E-22  2.5773E-19
  1.1569E-04  6.1608E-22  6.1608E-22  2.7290E-19
  1.1714E-04  6.5562E-22  6.5562E-22  2.8887E-19
  1.1859E-04  6.9744E-22  6.9744E-22  3.0568E-19
  1.2006E-04  7.4169E-22  7.4169E-22  3.2336E-19
  1.2154E-04  7.8847E-22  7.8847E-22  3.4197E-19
  1.2303E-04  8.3793E-22  8.3793E-22  3.6154E-19
  1.2453E-04  8.9021E-22  8.9021E-22  3.8211E-19
  1.2603E-04  9.4545E-22  9.4545E-22  4.0375E-19
  1.2755E-04  1.0038E-21  1.0038E-21  4.2648E-19
  1.2908E-04  1.0654E-21  1.0654E-21  4.5037E-19
  1.3062E-04  1.1305E-21  1.1305E-21  4.7547E-19
  1.3217E-04  1.1992E-21  1.1992E-21  5.0184E-19
  1.3373E-04  1.2717E-21  1.2717E-21  5.2952E-19
  1.3530E-04  1.3482E-21  1.3482E-21  5.5859E-19
  1.3689E-04  1.4289E-21  1.4289E-21  5.8911E-19
  1.3848E-04  1.5140E-21  1.5140E-21  6.2113E-19
  1.4008E-04  1.6037E-21  1.6037E-21  6.5474E-19
  1.4170E-04  1.6983E-21  1.6983E-21  6.8999E-19
  1.4332E-04  1.7980E-21  1.7980E-21  7.2697E-19
  1.4496E-04  1.9030E-21  1.9030E-21  7.6575E-19
  1.4661E-04  2.0137E-21  2.0137E-21  8.0642E-19
  1.4827E-04  2.1303E-21  2.1303E-21  8.4904E-19
  1.4994E-04  2.2530E-21  2.2530E-21  8.9373E-19
  1.5162E-04  2.3823E-21  2.3823E-21  9.4055E-19
  1.5331E-04  2.5184E-21  2.5184E-21  9.8962E-19
  1.5502E-04  2.6616E-21  2.6616E-21  1.0410E-18
  1.5674E-04  2.8123E-21  2.8123E-21  1.0949E-18
  1.5847E-04  2.9708E-21  2.9708E-21  1.1512E-18
  1.6021E-04  3.1376E-21  3.1376E-21  1.2103E-18
  1.6196E-04  3.3130E-21  3.3130E-21  1.2721E-18
  1.6372E-04  3.4974E-21  3.4974E-21  1.3368E-18
  1.6550E-04  3.6914E-21  3.6914E-21  1.4045E-18
  1.6729E-04  3.8952E-21  3.8952E-21  1.4754E-18
  1.6909E-04  4.1094E-21  4.1094E-21  1.5496E-18
  1.7090E-04  4.3345E-21  4.3345E-21  1.6272E-18
  1.7273E-04  4.5710E-21  4.5710E-21  1.7083E-18
  1.7457E-04  4.8195E-21  4.8195E-21  1.7932E-18
  1.7642E-04  5.0804E-21  5.0804E-21  1.8819E-18
  1.7828E-04  5.3545E-21  5.3545E-21  1.9747E-18
  1.8016E-04  5.6422E-21  5.6422E-21  2.0717E-18
  1.8205E-04  5.9443E-21  5.9443E-21  2.1731E-18
  1.8395E-04  6.2613E-21  6.2613E-21  2.2791E-18
  1.8586E-04  6.5941E-21  6.5941E-21  2.3899E-18
  1.8779E-04  6.9432E-21  6.9432E-21  2.5056E-18
  1.8973E-04  7.3096E-21  7.3096E-21  2.6265E-18
  1.9169E-04  7.6939E-21  7.6939E-21  2.7528E-18
  1.9365E-04  8.0970E-21  8.0970E-21  2.8847E-18
  1.9563E-04  8.5198E-21  8.5198E-21  3.0225E-18
  1.9763E-04  8.9631E-21  8.9631E-21  3.1664E-18
  1.9964E-04  9.4278E-21  9.4278E-21  3.3166E-18
  2.0166E-04  9.9151E-21  9.9151E-21  3.4734E-18
  2.0370E-04  1.0426E-20  1.0426E-20  3.6371E-18
  2.0575E-04  1.0961E-20  1.0961E-20  3.8080E-18
  2.0781E-04  1.1522E-20  1.1522E-20  3.9864E-18
  2.0989E-04  1.2110E-20  1.2110E-20  4.1725E-18
  2.1198E-04  1.2726E-20  1.2726E-20  4.3666E-18
  2.1409E-04  1.3371E-20  1.3371E-20  4.5692E-18
  2.1621E-04  1.4046E-20  1.4046E-20  4.7805E-18
  2.1834E-04  1.4754E-20  1.4754E-20  5.0010E-18
  2.2049E-04  1.5494E-20  1.5494E-20  5.2309E-18
  2.2266E-04  1.6270E-20  1.6270E-20  5.4707E-18
  2.2484E-04  1.7082E-20  1.7082E-20  5.7207E-18
  2.2703E-04  1.7932E-20  1.7932E-20  5.9814E-18
  2.2924E-04  1.8822E-20  1.8822E-20  6.2532E-18
  2.3147E-04  1.9753E-20  1.9753E-20  6.5365E-18
  2.3371E-04  2.0728E-20  2.0728E-20  6.8318E-18
  2.3596E-04  2.1747E-20  2.1747E-20  7.1397E-18
  2.3823E-04  2.2814E-20  2.2814E-20  7.4605E-18
  2.4052E-04  2.3930E-20  2.3930E-20  7.7948E-18
  2.4282E-04  2.5097E-20  2.5097E-20  8.1431E-18
  2.4514E-04  2.6318E-20  2.6318E-20  8.5060E-18
  2.4747E-04  2.7594E-20  2.7594E-20  8.8841E-18
  2.4982E-04  2.8929E-20  2.8929E-20  9.2779E-18
  2.5219E-04  3.0325E-20  3.0325E-20  9.6882E-18
  2.5457E-04  3.1784E-20  3.1784E-20  1.0115E-17
  2.5697E-04  3.3310E-20  3.3310E-20  1.0560E-17
  2.5938E-04  3.4904E-20  3.4904E-20  1.1024E-17
  2.6181E-04  3.6571E-20  3.6571E-20  1.1506E-17
  2.6426E-04  3.8312E-20  3.8312E-20  1.2009E-17
  2.6672E-04  4.0132E-20  4.0132E-20  1.2532E-17
  2.6920E-04  4.2034E-20  4.2034E-20  1.3076E-17
  2.7170E-04  4.4020E-20  4.4020E-20  1.3643E-17
  2.7422E-04  4.6096E-20  4.6096E-20  1.4233E-17
  2.7675E-04  4.8264E-20  4.8264E-20  1.4847E-17
  2.7930E-04  5.0529E-20  5.0529E-20  1.5486E-17
  2.8186E-04  5.2894E-20  5.2894E-20  1.6151E-17
  2.8445E-04  5.5364E-20  5.5364E-20  1.6843E-17
  2.8705E-04  5.7943E-20  5.7943E-20  1.7562E-17
  2.8967E-04  6.0636E-20  6.0636E-20  1.8311E-17
  2.9231E-04  6.3448E-20  6.3448E-20  1.9091E-17
  2.9497E-04  6.6383E-20  6.6383E-20  1.9901E-17
  2.9764E-04  6.9447E-20  6.9447E-20  2.0744E-17
  3.0033E-04  7.2646E-20  7.2646E-20  2.1621E-17
  3.0304E-04  7.5984E-20  7.5984E-20  2.2533E-17
  3.0577E-04  7.9468E-20  7.9468E-20  2.3481E-17
  3.0852E-04  8.3104E-20  8.3104E-20  2.4468E-17
  3.1129E-04  8.6898E-20  8.6898E-20  2.5493E-17
  3.1407E-04  9.0857E-20  9.0857E-20  2.6560E-17
  3.1688E-04  9.4987E-20  9.4987E-20  2.7668E-17
  3.1970E-04  9.9296E-20  9.9296E-20  2.8821E-17
  3.2255E-04  1.0379E-19  1.0379E-19  3.0019E-17
  3.2541E-04  1.0848E-19  1.0848E-19  3.1265E-17
  3.2829E-04  1.1337E-19  1.1337E-19  3.2559E-17
  3.3119E-04  1.1847E-19  1.1847E-19  3.3905E-17
  3.3412E-04  1.2379E-19  1.2379E-19  3.5304E-17
  3.3706E-04  1.2934E-19  1.2934E-19  3.6757E-17
  3.4002E-04  1.3512E-19  1.3512E-19  3.8267E-17
  3.4300E-04  1.4115E-19  1.4115E-19  3.9837E-17
  3.4600E-04  1.4744E-19  1.4744E-19  4.1468E-17
  3.4903E-04  1.5399E-19  1.5399E-19  4.3162E-17
  3.5207E-04  1.6083E-19  1.6083E-19  4.4923E-17
  3.5514E-04  1.6795E-19  1.6795E-19  4.6752E-17
  3.5822E-04  1.7537E-19  1.7537E-19  4.8652E-17
  3.6133E-04  1.8311E-19  1.8311E-19  5.0626E-17
  3.6446E-04  1.9118E-19  1.9118E-19  5.2676E-17
  3.6761E-04  1.9958E-19  1.9958E-19  5.4805E-17
  3.7078E-04  2.0834E-19  2.0834E-19  5.7017E-17
  3.7397E-04  2.1746E-19  2.1746E-19  5.9314E-17
  3.7719E-04  2.2697E-19  2.2697E-19  6.1700E-17
  3.8042E-04  2.3688E-19  2.3688E-19  6.4177E-17
  3.8368E-04  2.4720E-19  2.4720E-19  6.6750E-17
  3.8696E-04  2.5795E-19  2.5795E-19  6.9421E-17
  3.9026E-04  2.6915E-19  2.6915E-19  7.2195E-17
  3.9359E-04  2.8082E-19  2.8082E-19  7.5074E-17
  3.9694E-04  2.9297E-19  2.9297E-19  7.8064E-17
  4.0031E-04  3.0563E-19  3.0563E-19  8.1168E-17
  4.0371E-04  3.1881E-19  3.1881E-19  8.4390E-17
  4.0712E-04  3.3253E-19  3.3253E-19  8.7735E-17
  4.1057E-04  3.4683E-19  3.4683E-19  9.1208E-17
  4.1403E-04  3.6171E-19  3.6171E-19  9.4812E-17
  4.1752E-04  3.7721E-19  3.7721E-19  9.8552E-17
  4.2103E-04  3.9334E-19  3.9334E-19  1.0243E-16
  4.2457E-04  4.1014E-19  4.1014E-19  1.0646E-16
  4.2813E-04  4.2763E-19  4.2763E-19  1.1065E-16
  4.3171E-04  4.4584E-19  4.4584E-19  1.1499E-16
  4.3532E-04  4.6479E-19  4.6479E-19  1.1949E-16
  4.3896E-04  4.8452E-19  4.8452E-19  1.2416E-16
  4.4262E-04  5.0505E-19  5.0505E-19  1.2901E-16
  4.4630E-04  5.2642E-19  5.2642E-19  1.3404E-16
  4.5001E-04  5.4867E-19  5.4867E-19  1.3926E-16
  4.5374E-04  5.7182E-19  5.7182E-19  1.4468E-16
  4.5750E-04  5.9591E-19  5.9591E-19  1.5029E-16
  4.6129E-04  6.2097E-19  6.2097E-19  1.5612E-16
  4.6510E-04  6.4706E-19  6.4706E-19  1.6217E-16
  4.6894E-04  6.7420E-19  6.7420E-19  1.6844E-16
  4.7280E-04  7.0244E-19  7.0244E-19  1.7495E-16
  4.7669E-04  7.3182E-19  7.3182E-19  1.8170E-16
  4.8061E-04  7.6238E-19  7.6238E-19  1.8870E-16
  4.8456E-04  7.9418E-19  7.9418E-19  1.9596E-16
  4.8853E-04  8.2726E-19  8.2726E-19  2.0349E-16
  4.9253E-04  8.6167E-19  8.6167E-19  2.1129E-16
  4.9655E-04  8.9747E-19  8.9747E-19  2.1939E-16
  5.0060E-04  9.3470E-19  9.3470E-19  2.2779E-16
  5.0468E-04  9.7342E-19  9.7342E-19  2.3650E-16
  5.0879E-04  1.0137E-18  1.0137E-18  2.4553E-16
  5.1293E-04  1.0556E-18  1.0556E-18  2.5490E-16
  5.1709E-04  1.0991E-18  1.0991E-18  2.6461E-16
  5.2129E-04  1.1444E-18  1.1444E-18  2.7468E-16
  5.2551E-04  1.1915E-18  1.1915E-18  2.8512E-16
  5.2976E-04  1.2405E-18  1.2405E-18  2.9594E-16
  5.3404E-04  1.2914E-18  1.2914E-18  3.0716E-16
  5.3835E-04  1.3444E-18  1.3444E-18  3.1879E-16
  5.4269E-04  1.3995E-18  1.3995E-18  3.3085E-16
  5.4706E-04  1.4567E-18  1.4567E-18  3.4335E-16
  5.5146E-04  1.5162E-18  1.5162E-18  3.5631E-16
  5.5589E-04  1.5781E-18  1.5781E-18  3.6975E-16
  5.6034E-04  1.6424E-18  1.6424E-18  3.8367E-16
  5.6483E-04  1.7092E-18  1.7092E-18  3.9811E-16
  5.6935E-04  1.7787E-18  1.7787E-18  4.1307E-16
  5.7390E-04  1.8510E-18  1.8510E-18  4.2858E-16
  5.7849E-04  1.9261E-18  1.9261E-18  4.4465E-16
  5.8310E-04  2.0041E-18  2.0041E-18  4.6130E-16
  5.8775E-04  2.0852E-18  2.0852E-18  4.7857E-16
  5.9242E-04  2.1695E-18  2.1695E-18  4.9646E-16
  5.9713E-04  2.2571E-18  2.2571E-18  5.1500E-16
  6.0187E-04  2.3481E-18  2.3481E-18  5.3421E-16
  6.0665E-04  2.4427E-18  2.4427E-18  5.5412E-16
  6.1145E-04  2.5410E-18  2.5410E-18  5.7476E-16
  6.1629E-04  2.6432E-18  2.6432E-18  5.9614E-16
  6.2116E-04  2.7493E-18  2.7493E-18  6.1829E-16
  6.2607E-04  2.8596E-18  2.8596E-18  6.4124E-16
  6.3101E-04  2.9742E-18  2.9742E-18  6.6503E-16
  6.3598E-04  3.0932E-18  3.0932E-18  6.8967E-16
  6.4099E-04  3.2169E-18  3.2169E-18  7.1520E-16
  6.4603E-04  3.3454E-18  3.3454E-18  7.4165E-16
  6.5110E-04  3.4789E-18  3.4789E-18  7.6906E-16
  6.5621E-04  3.6176E-18  3.6176E-18  7.9745E-16
  6.6136E-04  3.7617E-18  3.7617E-18  8.2686E-16
  6.6654E-04  3.9113E-18  3.9113E-18  8.5733E-16
  6.7175E-04  4.0668E-18  4.0668E-18  8.8889E-16
  6.7700E-04  4.2282E-18  4.2282E-18  9.2159E-16
  6.8229E-04  4.3959E-18  4.3959E-18  9.5546E-16
  6.8762E-04  4.5701E-18  4.5701E-18  9.9055E-16
  6.9298E-04  4.7510E-18  4.7510E-18  1.0269E-15
  6.9837E-04  4.9389E-18  4.9389E-18  1.0645E-15
  7.0381E-04  5.1341E-18  5.1341E-18  1.1035E-15
  7.0928E-04  5.3367E-18  5.3367E-18  1.1439E-15
  7.1478E-04  5.5472E-18  5.5472E-18  1.1857E-15
  7.2033E-04  5.7658E-18  5.7658E-18  1.2291E-15
  7.2591E-04  5.9927E-18  5.9927E-18  1.2739E-15
  7.3153E-04  6.2284E-18  6.2284E-18  1.3204E-15
  7.3720E-04  6.4731E-18  6.4731E-18  1.3685E-15
  7.4289E-04  6.7272E-18  6.7272E-18  1.4184E-15
  7.4863E-04  6.9911E-18  6.9911E-18  1.4700E-15
  7.5441E-04  7.2650E-18  7.2650E-18  1.5234E-15
  7.6023E-04  7.5494E-18  7.5494E-18  1.5788E-15
  7.6608E-04  7.8447E-18  7.8447E-18  1.6361E-15
  7.7198E-04  8.1513E-18  8.1513E-18  1.6955E-15
  7.7792E-04  8.4696E-18  8.4696E-18  1.7569E-15
  7.8389E-04  8.8001E-18  8.8001E-18  1.8206E-15
  7.8991E-04  9.1431E-18  9.1431E-18  1.8865E-15
  7.9597E-04  9.4992E-18  9.4992E-18  1.9547E-15
  8.0207E-04  9.8689E-18  9.8689E-18  2.0254E-15
  8.0822E-04  1.0253E-17  1.0253E-17  2.0986E-15
  8.1440E-04  1.0651E-17  1.0651E-17  2.1743E-15
  8.2063E-04  1.1064E-17  1.1064E-17  2.2527E-15
  8.2690E-04  1.1494E-17  1.1494E-17  2.3339E-15
  8.3321E-04  1.1939E-17  1.1939E-17  2.4180E-15
  8.3956E-04  1.2401E-17  1.2401E-17  2.5050E-15
  8.4596E-04  1.2881E-17  1.2881E-17  2.5951E-15
  8.5241E-04  1.3379E-17  1.3379E-17  2.6884E-15
  8.5889E-04  1.3896E-17  1.3896E-17  2.7850E-15
  8.6543E-04  1.4433E-17  1.4433E-17  2.8850E-15
  8.7200E-04  1.4989E-17  1.4989E-17  2.9885E-15
  8.7862E-04  1.5567E-17  1.5567E-17  3.0956E-15
  8.8529E-04  1.6167E-17  1.6167E-17  3.2066E-15
  8.9200E-04  1.6789E-17  1.6789E-17  3.3214E-15
  8.9876E-04  1.7435E-17  1.7435E-17  3.4402E-15
  9.0556E-04  1.8105E-17  1.8105E-17  3.5633E-15
  9.1241E-04  1.8800E-17  1.8800E-17  3.6906E-15
  9.1931E-04  1.9521E-17  1.9521E-17  3.8224E-15
  9.2626E-04  2.0270E-17  2.0270E-17  3.9589E-15
  9.3325E-04  2.1047E-17  2.1047E-17  4.1001E-15
  9.4029E-04  2.1853E-17  2.1853E-17  4.2463E-15
  9.4738E-04  2.2689E-17  2.2689E-17  4.3976E-15
  9.5451E-04  2.3556E-17  2.3556E-17  4.5542E-15
  9.6170E-04  2.4456E-17  2.4456E-17  4.7163E-15
  9.6893E-04  2.5390E-17  2.5390E-17  4.8841E-15
  9.7622E-04  2.6359E-17  2.6359E-17  5.0578E-15
  9.8355E-04  2.7364E-17  2.7364E-17  5.2375E-15
  9.9093E-04  2.8407E-17  2.8407E-17  5.4235E-15
  9.9837E-04  2.9489E-17  2.9489E-17  5.6160E-15
  1.0059E-03  3.0611E-17  3.0611E-17  5.8152E-15
  1.0134E-03  3.1775E-17  3.1775E-17  6.0213E-15
  1.0210E-03  3.2982E-17  3.2982E-17  6.2347E-15
  1.0286E-03  3.4235E-17  3.4235E-17  6.4555E-15
  1.0363E-03  3.5534E-17  3.5534E-17  6.6840E-15
  1.0441E-03  3.6882E-17  3.6882E-17  6.9205E-15
  1.0519E-03  3.8280E-17  3.8280E-17  7.1652E-15
  1.0597E-03  3.9730E-17  3.9730E-17  7.4185E-15
  1.0676E-03  4.1235E-17  4.1235E-17  7.6805E-15
  1.0756E-03  4.2795E-17  4.2795E-17  7.9517E-15
  1.0836E-03  4.4413E-17  4.4413E-17  8.2323E-15
  1.0916E-03  4.6091E-17  4.6091E-17  8.5227E-15
  1.0998E-03  4.7832E-17  4.7832E-17  8.8232E-15
  1.1080E-03  4.9637E-17  4.9637E-17  9.1341E-15
  1.1162E-03  5.1509E-17  5.1509E-17  9.4558E-15
  1.1245E-03  5.3451E-17  5.3451E-17  9.7887E-15
  1.1328E-03  5.5465E-17  5.5465E-17  1.0133E-14
  1.1412E-03  5.7553E-17  5.7553E-17  1.0490E-14
  1.1497E-03  5.9719E-17  5.9719E-17  1.0858E-14
  1.1582E-03  6.1965E-17  6.1965E-17  1.1240E-14
  1.1668E-03  6.4294E-17  6.4294E-17  1.1635E-14
  1.1754E-03  6.6709E-17  6.6709E-17  1.2043E-14
  1.1841E-03  6.9213E-17  6.9213E-17  1.2466E-14
  1.1929E-03  7.1811E-17  7.1811E-17  1.2903E-14
  1.2017E-03  7.4504E-17  7.4504E-17  1.3355E-14
  1.2106E-03  7.7296E-17  7.7296E-17  1.3824E-14
  1.2195E-03  8.0192E-17  8.0192E-17  1.4308E-14
  1.2285E-03  8.3194E-17  8.3194E-17  1.4809E-14
  1.2376E-03  8.6307E-17  8.6307E-17  1.5327E-14
  1.2467E-03  8.9535E-17  8.9535E-17  1.5863E-14
  1.2559E-03  9.2882E-17  9.2882E-17  1.6418E-14
  1.2651E-03  9.6352E-17  9.6352E-17  1.6992E-14
  1.2744E-03  9.9949E-17  9.9949E-17  1.7586E-14
  1.2838E-03  1.0368E-16  1.0368E-16  1.8200E-14
  1.2932E-03  1.0755E-16  1.0755E-16  1.8836E-14
  1.3027E-03  1.1156E-16  1.1156E-16  1.9493E-14
  1.3123E-03  1.1571E-16  1.1571E-16  2.0173E-14
  1.3219E-03  1.2002E-16  1.2002E-16  2.0877E-14
  1.3316E-03  1.2449E-16  1.2449E-16  2.1605E-14
  1.3414E-03  1.2912E-16  1.2912E-16  2.2358E-14
  1.3512E-03  1.3392E-16  1.3392E-16  2.3137E-14
  1.3611E-03  1.3890E-16  1.3890E-16  2.3943E-14
  1.3711E-03  1.4406E-16  1.4406E-16  2.4776E-14
  1.3811E-03  1.4941E-16  1.4941E-16  2.5638E-14
  1.3912E-03  1.5496E-16  1.5496E-16  2.6530E-14
  1.4014E-03  1.6071E-16  1.6071E-16  2.7453E-14
  1.4117E-03  1.6667E-16  1.6667E-16  2.8407E-14
  1.4220E-03  1.7284E-16  1.7284E-16  2.9394E-14
  1.4324E-03  1.7925E-16  1.7925E-16  3.0415E-14
  1.4428E-03  1.8588E-16  1.8588E-16  3.1472E-14
  1.4533E-03  1.9276E-16  1.9276E-16  3.2564E-14
  1.4639E-03  1.9989E-16  1.9989E-16  3.3694E-14
  1.4746E-03  2.0729E-16  2.0729E-16  3.4863E-14
  1.4853E-03  2.1495E-16  2.1495E-16  3.6072E-14
  1.4962E-03  2.2289E-16  2.2289E-16  3.7323E-14
  1.5070E-03  2.3112E-16  2.3112E-16  3.8617E-14
  1.5180E-03  2.3965E-16  2.3965E-16  3.9955E-14
  1.5291E-03  2.4849E-16  2.4849E-16  4.1339E-14
  1.5402E-03  2.5766E-16  2.5766E-16  4.2770E-14
  1.5514E-03  2.6715E-16  2.6715E-16  4.4251E-14
  1.5626E-03  2.7700E-16  2.7700E-16  4.5782E-14
  1.5740E-03  2.8720E-16  2.8720E-16  4.7366E-14
  1.5854E-03  2.9777E-16  2.9777E-16  4.9004E-14
  1.5969E-03  3.0873E-16  3.0873E-16  5.0698E-14
  1.6085E-03  3.2009E-16  3.2009E-16  5.2450E-14
  1.6201E-03  3.3186E-16  3.3186E-16  5.4263E-14
  1.6319E-03  3.4405E-16  3.4405E-16  5.6137E-14
  1.6437E-03  3.5669E-16  3.5669E-16  5.8076E-14
  1.6556E-03  3.6979E-16  3.6979E-16  6.0081E-14
  1.6676E-03  3.8337E-16  3.8337E-16  6.2155E-14
  1.6796E-03  3.9744E-16  3.9744E-16  6.4299E-14
  1.6918E-03  4.1201E-16  4.1201E-16  6.6517E-14
  1.7040E-03  4.2712E-16  4.2712E-16  6.8811E-14
  1.7163E-03  4.4278E-16  4.4278E-16  7.1184E-14
  1.7287E-03  4.5900E-16  4.5900E-16  7.3637E-14
  1.7412E-03  4.7581E-16  4.7581E-16  7.6175E-14
  1.7538E-03  4.9323E-16  4.9323E-16  7.8799E-14
  1.7664E-03  5.1128E-16  5.1128E-16  8.1513E-14
  1.7791E-03  5.2998E-16  5.2998E-16  8.4319E-14
  1.7920E-03  5.4936E-16  5.4936E-16  8.7222E-14
  1.8049E-03  5.6944E-16  5.6944E-16  9.0224E-14
  1.8179E-03  5.9025E-16  5.9025E-16  9.3328E-14
  1.8310E-03  6.1181E-16  6.1181E-16  9.6538E-14
  1.8442E-03  6.3415E-16  6.3415E-16  9.9858E-14
  1.8574E-03  6.5730E-16  6.5730E-16  1.0329E-13
  1.8708E-03  6.8128E-16  6.8128E-16  1.0684E-13
  1.8842E-03  7.0613E-16  7.0613E-16  1.1051E-13
  1.8978E-03  7.3188E-16  7.3188E-16  1.1431E-13
  1.9114E-03  7.5856E-16  7.5856E-16  1.1824E-13
  1.9252E-03  7.8620E-16  7.8620E-16  1.2230E-13
  1.9390E-03  8.1483E-16  8.1483E-16  1.2650E-13
  1.9529E-03  8.4450E-16  8.4450E-16  1.3084E-13
  1.9669E-03  8.7524E-16  8.7524E-16  1.3533E-13
  1.9810E-03  9.0709E-16  9.0709E-16  1.3997E-13
  1.9952E-03  9.4008E-16  9.4008E-16  1.4477E-13
  2.0095E-03  9.7427E-16  9.7427E-16  1.4974E-13
  2.0239E-03  1.0097E-15  1.0097E-15  1.5487E-13
  2.0384E-03  1.0464E-15  1.0464E-15  1.6018E-13
  2.0530E-03  1.0844E-15  1.0844E-15  1.6567E-13
  2.0677E-03  1.1238E-15  1.1238E-15  1.7135E-13
  2.0825E-03  1.1646E-15  1.1646E-15  1.7722E-13
  2.0974E-03  1.2068E-15  1.2068E-15  1.8329E-13
  2.1124E-03  1.2506E-15  1.2506E-15  1.8956E-13
  2.1275E-03  1.2960E-15  1.2960E-15  1.9605E-13
  2.1428E-03  1.3430E-15  1.3430E-15  2.0277E-13
  2.1581E-03  1.3916E-15  1.3916E-15  2.0971E-13
  2.1735E-03  1.4421E-15  1.4421E-15  2.1688E-13
  2.1890E-03  1.4943E-15  1.4943E-15  2.2430E-13
  2.2046E-03  1.5484E-15  1.5484E-15  2.3197E-13
  2.2204E-03  1.6045E-15  1.6045E-15  2.3991E-13
  2.2362E-03  1.6625E-15  1.6625E-15  2.4811E-13
  2.2522E-03  1.7227E-15  1.7227E-15  2.5659E-13
  2.2682E-03  1.7850E-15  1.7850E-15  2.6536E-13
  2.2844E-03  1.8495E-15  1.8495E-15  2.7443E-13
  2.3007E-03  1.9164E-15  1.9164E-15  2.8381E-13
  2.3171E-03  1.9856E-15  1.9856E-15  2.9350E-13
  2.3336E-03  2.0574E-15  2.0574E-15  3.0353E-13
  2.3502E-03  2.1317E-15  2.1317E-15  3.1389E-13
  2.3669E-03  2.2086E-15  2.2086E-15  3.2461E-13
  2.3838E-03  2.2884E-15  2.2884E-15  3.3569E-13
  2.4007E-03  2.3709E-15  2.3709E-15  3.4715E-13
  2.4178E-03  2.4565E-15  2.4565E-15  3.5900E-13
  2.4350E-03  2.5451E-15  2.5451E-15  3.7124E-13
  2.4523E-03  2.6368E-15  2.6368E-15  3.8391E-13
  2.4697E-03  2.7319E-15  2.7319E-15  3.9700E-13
  2.4873E-03  2.8303E-15  2.8303E-15  4.1054E-13
  2.5050E-03  2.9323E-15  2.9323E-15  4.2454E-13
  2.5228E-03  3.0379E-15  3.0379E-15  4.3902E-13
  2.5407E-03  3.1473E-15  3.1473E-15  4.5398E-13
  2.5587E-03  3.2606E-15  3.2606E-15  4.6945E-13
  2.5769E-03  3.3780E-15  3.3780E-15  4.8545E-13
  2.5951E-03  3.4995E-15  3.4995E-15  5.0199E-13
  2.6136E-03  3.6254E-15  3.6254E-15  5.1909E-13
  2.6321E-03  3.7558E-15  3.7558E-15  5.3677E-13
  2.6507E-03  3.8908E-15  3.8908E-15  5.5505E-13
  2.6695E-03  4.0306E-15  4.0306E-15  5.7395E-13
  2.6884E-03  4.1755E-15  4.1755E-15  5.9349E-13
  2.7075E-03  4.3255E-15  4.3255E-15  6.1369E-13
  2.7267E-03  4.4809E-15  4.4809E-15  6.3458E-13
  2.7460E-03  4.6418E-15  4.6418E-15  6.5618E-13
  2.7654E-03  4.8084E-15  4.8084E-15  6.7850E-13
  2.7850E-03  4.9810E-15  4.9810E-15  7.0159E-13
  2.8047E-03  5.1597E-15  5.1597E-15  7.2545E-13
  2.8245E-03  5.3448E-15  5.3448E-15  7.5012E-13
  2.8445E-03  5.5365E-15  5.5365E-15  7.7563E-13
  2.8646E-03  5.7350E-15  5.7350E-15  8.0201E-13
  2.8849E-03  5.9406E-15  5.9406E-15  8.2927E-13
  2.9053E-03  6.1535E-15  6.1535E-15  8.5746E-13
  2.9258E-03  6.3740E-15  6.3740E-15  8.8661E-13
  2.9465E-03  6.6023E-15  6.6023E-15  9.1674E-13
  2.9673E-03  6.8388E-15  6.8388E-15  9.4789E-13
  2.9882E-03  7.0837E-15  7.0837E-15  9.8009E-13
  3.0093E-03  7.3373E-15  7.3373E-15  1.0134E-12
  3.0306E-03  7.5999E-15  7.5999E-15  1.0478E-12
  3.0519E-03  7.8719E-15  7.8719E-15  1.0834E-12
  3.0735E-03  8.1535E-15  8.1535E-15  1.1202E-12
  3.0951E-03  8.4451E-15  8.4451E-15  1.1582E-12
  3.1170E-03  8.7471E-15  8.7471E-15  1.1975E-12
  3.1390E-03  9.0599E-15  9.0599E-15  1.2382E-12
  3.1611E-03  9.3837E-15  9.3837E-15  1.2802E-12
  3.1834E-03  9.7191E-15  9.7191E-15  1.3237E-12
  3.2058E-03  1.0066E-14  1.0066E-14  1.3686E-12
  3.2284E-03  1.0426E-14  1.0426E-14  1.4150E-12
  3.2511E-03  1.0798E-14  1.0798E-14  1.4630E-12
  3.2740E-03  1.1184E-14  1.1184E-14  1.5126E-12
  3.2971E-03  1.1583E-14  1.1583E-14  1.5639E-12
  3.3203E-03  1.1997E-14  1.1997E-14  1.6170E-12
  3.3436E-03  1.2425E-14  1.2425E-14  1.6718E-12
  3.3672E-03  1.2868E-14  1.2868E-14  1.7285E-12
  3.3908E-03  1.3327E-14  1.3327E-14  1.7871E-12
  3.4147E-03  1.3802E-14  1.3802E-14  1.8476E-12
  3.4387E-03  1.4295E-14  1.4295E-14  1.9103E-12
  3.4629E-03  1.4804E-14  1.4804E-14  1.9750E-12
  3.4872E-03  1.5332E-14  1.5332E-14  2.0419E-12
  3.5117E-03  1.5878E-14  1.5878E-14  2.1111E-12
  3.5364E-03  1.6444E-14  1.6444E-14  2.1826E-12
  3.5613E-03  1.7030E-14  1.7030E-14  2.2565E-12
  3.5863E-03  1.7636E-14  1.7636E-14  2.3330E-12
  3.6115E-03  1.8265E-14  1.8265E-14  2.4120E-12
  3.6368E-03  1.8915E-14  1.8915E-14  2.4937E-12
  3.6623E-03  1.9588E-14  1.9588E-14  2.5781E-12
  3.6881E-03  2.0285E-14  2.0285E-14  2.6654E-12
  3.7139E-03  2.1007E-14  2.1007E-14  2.7556E-12
  3.7400E-03  2.1755E-14  2.1755E-14  2.8489E-12
  3.7662E-03  2.2529E-14  2.2529E-14  2.9453E-12
  3.7926E-03  2.3330E-14  2.3330E-14  3.0449E-12
  3.8192E-03  2.4159E-14  2.4159E-14  3.1480E-12
  3.8460E-03  2.5018E-14  2.5018E-14  3.2545E-12
  3.8730E-03  2.5908E-14  2.5908E-14  3.3646E-12
  3.9001E-03  2.6829E-14  2.6829E-14  3.4784E-12
  3.9275E-03  2.7782E-14  2.7782E-14  3.5960E-12
  3.9550E-03  2.8769E-14  2.8769E-14  3.7176E-12
  3.9827E-03  2.9791E-14  2.9791E-14  3.8434E-12
  4.0106E-03  3.0849E-14  3.0849E-14  3.9733E-12
  4.0387E-03  3.1945E-14  3.1945E-14  4.1076E-12
  4.0670E-03  3.3079E-14  3.3079E-14  4.2465E-12
  4.0954E-03  3.4253E-14  3.4253E-14  4.3900E-12
  4.1241E-03  3.5469E-14  3.5469E-14  4.5384E-12
  4.1530E-03  3.6728E-14  3.6728E-14  4.6918E-12
  4.1820E-03  3.8031E-14  3.8031E-14  4.8503E-12
  4.2113E-03  3.9380E-14  3.9380E-14  5.0142E-12
  4.2408E-03  4.0777E-14  4.0777E-14  5.1836E-12
  4.2704E-03  4.2223E-14  4.2223E-14  5.3587E-12
  4.3003E-03  4.3720E-14  4.3720E-14  5.5397E-12
  4.3304E-03  4.5270E-14  4.5270E-14  5.7268E-12
  4.3606E-03  4.6875E-14  4.6875E-14  5.9202E-12
  4.3911E-03  4.8537E-14  4.8537E-14  6.1201E-12
  4.4218E-03  5.0257E-14  5.0257E-14  6.3267E-12
  4.4527E-03  5.2038E-14  5.2038E-14  6.5403E-12
  4.4838E-03  5.3881E-14  5.3881E-14  6.7611E-12
  4.5151E-03  5.5790E-14  5.5790E-14  6.9893E-12
  4.5467E-03  5.7766E-14  5.7766E-14  7.2252E-12
  4.5784E-03  5.9811E-14  5.9811E-14  7.4691E-12
  4.6104E-03  6.1929E-14  6.1929E-14  7.7211E-12
  4.6426E-03  6.4122E-14  6.4122E-14  7.9816E-12
  4.6750E-03  6.6391E-14  6.6391E-14  8.2509E-12
  4.7076E-03  6.8741E-14  6.8741E-14  8.5292E-12
  4.7405E-03  7.1174E-14  7.1174E-14  8.8169E-12
  4.7736E-03  7.3692E-14  7.3692E-14  9.1143E-12
  4.8069E-03  7.6299E-14  7.6299E-14  9.4216E-12
  4.8404E-03  7.8998E-14  7.8998E-14  9.7393E-12
  4.8742E-03  8.1792E-14  8.1792E-14  1.0068E-11
  4.9082E-03  8.4684E-14  8.4684E-14  1.0407E-11
  4.9424E-03  8.7678E-14  8.7678E-14  1.0758E-11
  4.9769E-03  9.0778E-14  9.0778E-14  1.1121E-11
  5.0116E-03  9.3987E-14  9.3987E-14  1.1495E-11
  5.0465E-03  9.7309E-14  9.7309E-14  1.1883E-11
  5.0817E-03  1.0075E-13  1.0075E-13  1.2283E-11
  5.1171E-03  1.0431E-13  1.0431E-13  1.2697E-11
  5.1528E-03  1.0799E-13  1.0799E-13  1.3125E-11
  5.1887E-03  1.1181E-13  1.1181E-13  1.3567E-11
  5.2248E-03  1.1576E-13  1.1576E-13  1.4024E-11
  5.2612E-03  1.1984E-13  1.1984E-13  1.4496E-11
  5.2978E-03  1.2408E-13  1.2408E-13  1.4984E-11
  5.3347E-03  1.2846E-13  1.2846E-13  1.5489E-11
  5.3719E-03  1.3299E-13  1.3299E-13  1.6011E-11
  5.4093E-03  1.3769E-13  1.3769E-13  1.6550E-11
  5.4469E-03  1.4255E-13  1.4255E-13  1.7107E-11
  5.4848E-03  1.4758E-13  1.4758E-13  1.7682E-11
  5.5230E-03  1.5278E-13  1.5278E-13  1.8278E-11
  5.5614E-03  1.5817E-13  1.5817E-13  1.8893E-11
  5.6001E-03  1.6375E-13  1.6375E-13  1.9528E-11
  5.6391E-03  1.6953E-13  1.6953E-13  2.0185E-11
  5.6783E-03  1.7551E-13  1.7551E-13  2.0865E-11
  5.7178E-03  1.8170E-13  1.8170E-13  2.1566E-11
  5.7576E-03  1.8810E-13  1.8810E-13  2.2292E-11
  5.7976E-03  1.9474E-13  1.9474E-13  2.3042E-11
  5.8379E-03  2.0160E-13  2.0160E-13  2.3816E-11
  5.8785E-03  2.0871E-13  2.0871E-13  2.4617E-11
  5.9194E-03  2.1606E-13  2.1606E-13  2.5445E-11
  5.9605E-03  2.2368E-13  2.2368E-13  2.6300E-11
  6.0020E-03  2.3156E-13  2.3156E-13  2.7184E-11
  6.0437E-03  2.3972E-13  2.3972E-13  2.8098E-11
  6.0857E-03  2.4816E-13  2.4816E-13  2.9042E-11
  6.1279E-03  2.5690E-13  2.5690E-13  3.0018E-11
  6.1705E-03  2.6595E-13  2.6595E-13  3.1027E-11
  6.2134E-03  2.7532E-13  2.7532E-13  3.2070E-11
  6.2565E-03  2.8501E-13  2.8501E-13  3.3147E-11
  6.3000E-03  2.9505E-13  2.9505E-13  3.4260E-11
  6.3437E-03  3.0544E-13  3.0544E-13  3.5411E-11
  6.3878E-03  3.1619E-13  3.1619E-13  3.6600E-11
  6.4321E-03  3.2732E-13  3.2732E-13  3.7829E-11
  6.4768E-03  3.3884E-13  3.3884E-13  3.9099E-11
  6.5217E-03  3.5076E-13  3.5076E-13  4.0412E-11
  6.5670E-03  3.6310E-13  3.6310E-13  4.1768E-11
  6.6126E-03  3.7588E-13  3.7588E-13  4.3170E-11
  6.6585E-03  3.8910E-13  3.8910E-13  4.4619E-11
  6.7047E-03  4.0279E-13  4.0279E-13  4.6116E-11
  6.7512E-03  4.1696E-13  4.1696E-13  4.7664E-11
  6.7980E-03  4.3162E-13  4.3162E-13  4.9263E-11
  6.8452E-03  4.4680E-13  4.4680E-13  5.0915E-11
  6.8926E-03  4.6251E-13  4.6251E-13  5.2623E-11
  6.9404E-03  4.7877E-13  4.7877E-13  5.4388E-11
  6.9886E-03  4.9561E-13  4.9561E-13  5.6212E-11
  7.0370E-03  5.1303E-13  5.1303E-13  5.8096E-11
  7.0858E-03  5.3106E-13  5.3106E-13  6.0044E-11
  7.1349E-03  5.4972E-13  5.4972E-13  6.2057E-11
  7.1844E-03  5.6904E-13  5.6904E-13  6.4137E-11
  7.2342E-03  5.8904E-13  5.8904E-13  6.6286E-11
  7.2843E-03  6.0974E-13  6.0974E-13  6.8508E-11
  7.3348E-03  6.3116E-13  6.3116E-13  7.0803E-11
  7.3856E-03  6.5333E-13  6.5333E-13  7.3175E-11
  7.4368E-03  6.7628E-13  6.7628E-13  7.5626E-11
  7.4883E-03  7.0003E-13  7.0003E-13  7.8159E-11
  7.5402E-03  7.2462E-13  7.2462E-13  8.0777E-11
  7.5924E-03  7.5007E-13  7.5007E-13  8.3482E-11
  7.6450E-03  7.7641E-13  7.7641E-13  8.6277E-11
  7.6980E-03  8.0367E-13  8.0367E-13  8.9165E-11
  7.7513E-03  8.3188E-13  8.3188E-13  9.2150E-11
  7.8050E-03  8.6109E-13  8.6109E-13  9.5234E-11
  7.8590E-03  8.9131E-13  8.9131E-13  9.8421E-11
  7.9134E-03  9.2260E-13  9.2260E-13  1.0171E-10
  7.9682E-03  9.5498E-13  9.5498E-13  1.0512E-10
  8.0234E-03  9.8849E-13  9.8849E-13  1.0863E-10
  8.0789E-03  1.0232E-12  1.0232E-12  1.1227E-10
  8.1348E-03  1.0591E-12  1.0591E-12  1.1602E-10
  8.1911E-03  1.0962E-12  1.0962E-12  1.1990E-10
  8.2478E-03  1.1347E-12  1.1347E-12  1.2391E-10
  8.3049E-03  1.1745E-12  1.1745E-12  1.2805E-10
  8.3623E-03  1.2157E-12  1.2157E-12  1.3233E-10
  8.4202E-03  1.2583E-12  1.2583E-12  1.3675E-10
  8.4784E-03  1.3025E-12  1.3025E-12  1.4132E-10
  8.5371E-03  1.3481E-12  1.3481E-12  1.4605E-10
  8.5961E-03  1.3954E-12  1.3954E-12  1.5092E-10
  8.6556E-03  1.4443E-12  1.4443E-12  1.5597E-10
  8.7154E-03  1.4950E-12  1.4950E-12  1.6118E-10
  8.7757E-03  1.5474E-12  1.5474E-12  1.6656E-10
  8.8364E-03  1.6016E-12  1.6016E-12  1.7212E-10
  8.8975E-03  1.6578E-12  1.6578E-12  1.7786E-10
  8.9590E-03  1.7159E-12  1.7159E-12  1.8380E-10
  9.0209E-03  1.7760E-12  1.7760E-12  1.8993E-10
  9.0833E-03  1.8382E-12  1.8382E-12  1.9627E-10
  9.1461E-03  1.9027E-12  1.9027E-12  2.0282E-10
  9.2093E-03  1.9693E-12  1.9693E-12  2.0959E-10
  9.2729E-03  2.0383E-12  2.0383E-12  2.1658E-10
  9.3370E-03  2.1097E-12  2.1097E-12  2.2380E-10
  9.4015E-03  2.1836E-12  2.1836E-12  2.3126E-10
  9.4665E-03  2.2601E-12  2.2601E-12  2.3897E-10
  9.5319E-03  2.3393E-12  2.3393E-12  2.4694E-10
  9.5977E-03  2.4212E-12  2.4212E-12  2.5517E-10
  9.6640E-03  2.5060E-12  2.5060E-12  2.6367E-10
  9.7308E-03  2.5938E-12  2.5938E-12  2.7246E-10
  9.7980E-03  2.6846E-12  2.6846E-12  2.8153E-10
  9.8657E-03  2.7786E-12  2.7786E-12  2.9091E-10
  9.9338E-03  2.8759E-12  2.8759E-12  3.0060E-10
  1.0002E-02  2.9766E-12  2.9766E-12  3.1061E-10
  1.0072E-02  3.0808E-12  3.0808E-12  3.2095E-10
  1.0141E-02  3.1886E-12  3.1886E-12  3.3163E-10
  1.0211E-02  3.3002E-12  3.3002E-12  3.4267E-10
  1.0282E-02  3.4157E-12  3.4157E-12  3.5407E-10
  1.0353E-02  3.5353E-12  3.5353E-12  3.6585E-10
  1.0424E-02  3.6590E-12  3.6590E-12  3.7802E-10
  1.0496E-02  3.7870E-12  3.7870E-12  3.9059E-10
  1.0568E-02  3.9196E-12  3.9196E-12  4.0358E-10
  1.0641E-02  4.0567E-12  4.0567E-12  4.1700E-10
  1.0715E-02  4.1986E-12  4.1986E-12  4.3086E-10
  1.0789E-02  4.3455E-12  4.3455E-12  4.4518E-10
  1.0863E-02  4.4975E-12  4.4975E-12  4.5997E-10
  1.0938E-02  4.6549E-12  4.6549E-12  4.7525E-10
  1.1014E-02  4.8177E-12  4.8177E-12  4.9104E-10
  1.1090E-02  4.9862E-12  4.9862E-12  5.0735E-10
  1.1166E-02  5.1606E-12  5.1606E-12  5.2420E-10
  1.1243E-02  5.3410E-12  5.3410E-12  5.4160E-10
  1.1321E-02  5.5278E-12  5.5278E-12  5.5958E-10
  1.1399E-02  5.7211E-12  5.7211E-12  5.7815E-10
  1.1477E-02  5.9212E-12  5.9212E-12  5.9733E-10
  1.1557E-02  6.1282E-12  6.1282E-12  6.1715E-10
  1.1636E-02  6.3424E-12  6.3424E-12  6.3762E-10
  1.1717E-02  6.5642E-12  6.5642E-12  6.5877E-10
  1.1797E-02  6.7936E-12  6.7936E-12  6.8061E-10
  1.1879E-02  7.0311E-12  7.0311E-12  7.0317E-10
  1.1961E-02  7.2769E-12  7.2769E-12  7.2648E-10
  1.2043E-02  7.5312E-12  7.5312E-12  7.5055E-10
  1.2126E-02  7.7944E-12  7.7944E-12  7.7542E-10
  1.2210E-02  8.0668E-12  8.0668E-12  8.0110E-10
  1.2294E-02  8.3487E-12  8.3487E-12  8.2763E-10
  1.2379E-02  8.6405E-12  8.6405E-12  8.5504E-10
  1.2464E-02  8.9424E-12  8.9424E-12  8.8334E-10
  1.2550E-02  9.2548E-12  9.2548E-12  9.1258E-10
  1.2636E-02  9.5782E-12  9.5782E-12  9.4278E-10
  1.2723E-02  9.9128E-12  9.9128E-12  9.7397E-10
  1.2811E-02  1.0259E-11  1.0259E-11  1.0062E-09
  1.2899E-02  1.0618E-11  1.0618E-11  1.0395E-09
  1.2988E-02  1.0988E-11  1.0988E-11  1.0738E-09
  1.3078E-02  1.1372E-11  1.1372E-11  1.1093E-09
  1.3168E-02  1.1769E-11  1.1769E-11  1.1460E-09
  1.3259E-02  1.2180E-11  1.2180E-11  1.1839E-09
  1.3350E-02  1.2606E-11  1.2606E-11  1.2230E-09
  1.3442E-02  1.3046E-11  1.3046E-11  1.2634E-09
  1.3534E-02  1.3502E-11  1.3502E-11  1.3051E-09
  1.3628E-02  1.3973E-11  1.3973E-11  1.3482E-09
  1.3722E-02  1.4461E-11  1.4461E-11  1.3927E-09
  1.3816E-02  1.4966E-11  1.4966E-11  1.4386E-09
  1.3911E-02  1.5488E-11  1.5488E-11  1.4861E-09
  1.4007E-02  1.6029E-11  1.6029E-11  1.5351E-09
  1.4104E-02  1.6589E-11  1.6589E-11  1.5857E-09
  1.4201E-02  1.7168E-11  1.7168E-11  1.6380E-09
  1.4298E-02  1.7767E-11  1.7767E-11  1.6920E-09
  1.4397E-02  1.8387E-11  1.8387E-11  1.7477E-09
  1.4496E-02  1.9029E-11  1.9029E-11  1.8053E-09
  1.4596E-02  1.9693E-11  1.9693E-11  1.8648E-09
  1.4696E-02  2.0381E-11  2.0381E-11  1.9262E-09
  1.4797E-02  2.1092E-11  2.1092E-11  1.9896E-09
  1.4899E-02  2.1828E-11  2.1828E-11  2.0551E-09
  1.5002E-02  2.2590E-11  2.2590E-11  2.1227E-09
  1.5105E-02  2.3378E-11  2.3378E-11  2.1925E-09
  1.5209E-02  2.4194E-11  2.4194E-11  2.2647E-09
  1.5314E-02  2.5038E-11  2.5038E-11  2.3391E-09
  1.5419E-02  2.5911E-11  2.5911E-11  2.4160E-09
  1.5525E-02  2.6815E-11  2.6815E-11  2.4954E-09
  1.5632E-02  2.7751E-11  2.7751E-11  2.5774E-09
  1.5740E-02  2.8719E-11  2.8719E-11  2.6621E-09
  1.5848E-02  2.9721E-11  2.9721E-11  2.7495E-09
  1.5957E-02  3.0757E-11  3.0757E-11  2.8398E-09
  1.6067E-02  3.1830E-11  3.1830E-11  2.9330E-09
  1.6178E-02  3.2940E-11  3.2940E-11  3.0292E-09
  1.6289E-02  3.4089E-11  3.4089E-11  3.1286E-09
  1.6401E-02  3.5278E-11  3.5278E-11  3.2312E-09
  1.6514E-02  3.6509E-11  3.6509E-11  3.3371E-09
  1.6627E-02  3.7782E-11  3.7782E-11  3.4465E-09
  1.6742E-02  3.9099E-11  3.9099E-11  3.5594E-09
  1.6857E-02  4.0463E-11  4.0463E-11  3.6760E-09
  1.6973E-02  4.1874E-11  4.1874E-11  3.7964E-09
  1.7090E-02  4.3334E-11  4.3334E-11  3.9207E-09
  1.7207E-02  4.4845E-11  4.4845E-11  4.0491E-09
  1.7325E-02  4.6408E-11  4.6408E-11  4.1816E-09
  1.7445E-02  4.8026E-11  4.8026E-11  4.3184E-09
  1.7565E-02  4.9700E-11  4.9700E-11  4.4596E-09
  1.7685E-02  5.1433E-11  5.1433E-11  4.6054E-09
  1.7807E-02  5.3226E-11  5.3226E-11  4.7559E-09
  1.7930E-02  5.5081E-11  5.5081E-11  4.9113E-09
  1.8053E-02  5.7001E-11  5.7001E-11  5.0718E-09
  1.8177E-02  5.8988E-11  5.8988E-11  5.2374E-09
  1.8302E-02  6.1044E-11  6.1044E-11  5.4084E-09
  1.8428E-02  6.3172E-11  6.3172E-11  5.5849E-09
  1.8554E-02  6.5373E-11  6.5373E-11  5.7671E-09
  1.8682E-02  6.7652E-11  6.7652E-11  5.9552E-09
  1.8810E-02  7.0009E-11  7.0009E-11  6.1494E-09
  1.8940E-02  7.2449E-11  7.2449E-11  6.3499E-09
  1.9070E-02  7.4974E-11  7.4974E-11  6.5568E-09
  1.9201E-02  7.7586E-11  7.7586E-11  6.7704E-09
  1.9333E-02  8.0290E-11  8.0290E-11  6.9909E-09
  1.9466E-02  8.3087E-11  8.3087E-11  7.2185E-09
  1.9600E-02  8.5982E-11  8.5982E-11  7.4534E-09
  1.9734E-02  8.8978E-11  8.8978E-11  7.6959E-09
  1.9870E-02  9.2078E-11  9.2078E-11  7.9462E-09
  2.0007E-02  9.5286E-11  9.5286E-11  8.2045E-09
  2.0144E-02  9.8605E-11  9.8605E-11  8.4712E-09
  2.0283E-02  1.0204E-10  1.0204E-10  8.7465E-09
  2.0422E-02  1.0559E-10  1.0559E-10  9.0306E-09
  2.0562E-02  1.0927E-10  1.0927E-10  9.3238E-09
  2.0704E-02  1.1308E-10  1.1308E-10  9.6264E-09
  2.0846E-02  1.1702E-10  1.1702E-10  9.9388E-09
  2.0989E-02  1.2109E-10  1.2109E-10  1.0261E-08
  2.1133E-02  1.2531E-10  1.2531E-10  1.0594E-08
  2.1279E-02  1.2968E-10  1.2968E-10  1.0937E-08
  2.1425E-02  1.3419E-10  1.3419E-10  1.1292E-08
  2.1572E-02  1.3887E-10  1.3887E-10  1.1657E-08
  2.1720E-02  1.4370E-10  1.4370E-10  1.2035E-08
  2.1869E-02  1.4871E-10  1.4871E-10  1.2424E-08
  2.2020E-02  1.5388E-10  1.5388E-10  1.2827E-08
  2.2171E-02  1.5924E-10  1.5924E-10  1.3241E-08
  2.2323E-02  1.6479E-10  1.6479E-10  1.3670E-08
  2.2477E-02  1.7053E-10  1.7053E-10  1.4111E-08
  2.2631E-02  1.7646E-10  1.7646E-10  1.4567E-08
  2.2786E-02  1.8261E-10  1.8261E-10  1.5038E-08
  2.2943E-02  1.8896E-10  1.8896E-10  1.5523E-08
  2.3100E-02  1.9554E-10  1.9554E-10  1.6024E-08
  2.3259E-02  2.0235E-10  2.0235E-10  1.6541E-08
  2.3419E-02  2.0940E-10  2.0940E-10  1.7075E-08
  2.3580E-02  2.1669E-10  2.1669E-10  1.7625E-08
  2.3742E-02  2.2423E-10  2.2423E-10  1.8193E-08
  2.3905E-02  2.3203E-10  2.3203E-10  1.8779E-08
  2.4069E-02  2.4011E-10  2.4011E-10  1.9384E-08
  2.4234E-02  2.4847E-10  2.4847E-10  2.0008E-08
  2.4401E-02  2.5712E-10  2.5712E-10  2.0651E-08
  2.4568E-02  2.6607E-10  2.6607E-10  2.1316E-08
  2.4737E-02  2.7533E-10  2.7533E-10  2.2001E-08
  2.4907E-02  2.8491E-10  2.8491E-10  2.2708E-08
  2.5078E-02  2.9483E-10  2.9483E-10  2.3437E-08
  2.5250E-02  3.0509E-10  3.0509E-10  2.4190E-08
  2.5423E-02  3.1570E-10  3.1570E-10  2.4966E-08
  2.5598E-02  3.2669E-10  3.2669E-10  2.5767E-08
  2.5774E-02  3.3806E-10  3.3806E-10  2.6593E-08
  2.5950E-02  3.4982E-10  3.4982E-10  2.7446E-08
  2.6129E-02  3.6200E-10  3.6200E-10  2.8325E-08
  2.6308E-02  3.7459E-10  3.7459E-10  2.9232E-08
  2.6489E-02  3.8763E-10  3.8763E-10  3.0168E-08
  2.6670E-02  4.0111E-10  4.0111E-10  3.1134E-08
  2.6853E-02  4.1507E-10  4.1507E-10  3.2129E-08
  2.7038E-02  4.2951E-10  4.2951E-10  3.3157E-08
  2.7223E-02  4.4446E-10  4.4446E-10  3.4216E-08
  2.7410E-02  4.5992E-10  4.5992E-10  3.5309E-08
  2.7598E-02  4.7592E-10  4.7592E-10  3.6437E-08
  2.7788E-02  4.9248E-10  4.9248E-10  3.7600E-08
  2.7979E-02  5.0961E-10  5.0961E-10  3.8799E-08
  2.8171E-02  5.2734E-10  5.2734E-10  4.0036E-08
  2.8364E-02  5.4568E-10  5.4568E-10  4.1312E-08
  2.8559E-02  5.6466E-10  5.6466E-10  4.2628E-08
  2.8755E-02  5.8431E-10  5.8431E-10  4.3986E-08
  2.8952E-02  6.0463E-10  6.0463E-10  4.5386E-08
  2.9151E-02  6.2566E-10  6.2566E-10  4.6829E-08
  2.9351E-02  6.4742E-10  6.4742E-10  4.8319E-08
  2.9552E-02  6.6994E-10  6.6994E-10  4.9854E-08
  2.9755E-02  6.9324E-10  6.9324E-10  5.1438E-08
  2.9959E-02  7.1736E-10  7.1736E-10  5.3071E-08
  3.0165E-02  7.4230E-10  7.4230E-10  5.4755E-08
  3.0372E-02  7.6812E-10  7.6812E-10  5.6492E-08
  3.0580E-02  7.9483E-10  7.9483E-10  5.8283E-08
  3.0790E-02  8.2248E-10  8.2248E-10  6.0130E-08
  3.1001E-02  8.5108E-10  8.5108E-10  6.2035E-08
  3.1214E-02  8.8068E-10  8.8068E-10  6.3999E-08
  3.1428E-02  9.1130E-10  9.1130E-10  6.6024E-08
  3.1643E-02  9.4299E-10  9.4299E-10  6.8112E-08
  3.1861E-02  9.7578E-10  9.7578E-10  7.0265E-08
  3.2079E-02  1.0097E-09  1.0097E-09  7.2485E-08
  3.2299E-02  1.0448E-09  1.0448E-09  7.4774E-08
  3.2521E-02  1.0811E-09  1.0811E-09  7.7134E-08
  3.2744E-02  1.1187E-09  1.1187E-09  7.9567E-08
  3.2969E-02  1.1576E-09  1.1576E-09  8.2076E-08
  3.3195E-02  1.1979E-09  1.1979E-09  8.4662E-08
  3.3422E-02  1.2395E-09  1.2395E-09  8.7328E-08
  3.3652E-02  1.2826E-09  1.2826E-09  9.0077E-08
  3.3882E-02  1.3272E-09  1.3272E-09  9.2911E-08
  3.4115E-02  1.3734E-09  1.3734E-09  9.5833E-08
  3.4349E-02  1.4211E-09  1.4211E-09  9.8844E-08
  3.4584E-02  1.4705E-09  1.4705E-09  1.0195E-07
  3.4822E-02  1.5216E-09  1.5216E-09  1.0515E-07
  3.5061E-02  1.5745E-09  1.5745E-09  1.0845E-07
  3.5301E-02  1.6293E-09  1.6293E-09  1.1185E-07
  3.5543E-02  1.6859E-09  1.6859E-09  1.1535E-07
  3.5787E-02  1.7445E-09  1.7445E-09  1.1897E-07
  3.6032E-02  1.8051E-09  1.8051E-09  1.2269E-07
  3.6279E-02  1.8679E-09  1.8679E-09  1.2653E-07
  3.6528E-02  1.9328E-09  1.9328E-09  1.3049E-07
  3.6779E-02  2.0000E-09  2.0000E-09  1.3456E-07
  3.7031E-02  2.0695E-09  2.0695E-09  1.3877E-07
  3.7285E-02  2.1414E-09  2.1414E-09  1.4310E-07
  3.7541E-02  2.2159E-09  2.2159E-09  1.4756E-07
  3.7798E-02  2.2929E-09  2.2929E-09  1.5216E-07
  3.8057E-02  2.3726E-09  2.3726E-09  1.5690E-07
  3.8318E-02  2.4550E-09  2.4550E-09  1.6179E-07
  3.8581E-02  2.5403E-09  2.5403E-09  1.6682E-07
  3.8845E-02  2.6286E-09  2.6286E-09  1.7201E-07
  3.9112E-02  2.7200E-09  2.7200E-09  1.7736E-07
  3.9380E-02  2.8145E-09  2.8145E-09  1.8287E-07
  3.9650E-02  2.9123E-09  2.9123E-09  1.8854E-07
  3.9922E-02  3.0135E-09  3.0135E-09  1.9439E-07
  4.0196E-02  3.1182E-09  3.1182E-09  2.0042E-07
  4.0471E-02  3.2265E-09  3.2265E-09  2.0663E-07
  4.0749E-02  3.3387E-09  3.3387E-09  2.1303E-07
  4.1028E-02  3.4547E-09  3.4547E-09  2.1962E-07
  4.1309E-02  3.5747E-09  3.5747E-09  2.2641E-07
  4.1592E-02  3.6989E-09  3.6989E-09  2.3341E-07
  4.1878E-02  3.8274E-09  3.8274E-09  2.4062E-07
  4.2165E-02  3.9604E-09  3.9604E-09  2.4805E-07
  4.2454E-02  4.0980E-09  4.0980E-09  2.5570E-07
  4.2745E-02  4.2404E-09  4.2404E-09  2.6358E-07
  4.3038E-02  4.3877E-09  4.3877E-09  2.7170E-07
  4.3333E-02  4.5401E-09  4.5401E-09  2.8006E-07
  4.3630E-02  4.6979E-09  4.6979E-09  2.8868E-07
  4.3929E-02  4.8611E-09  4.8611E-09  2.9755E-07
  4.4230E-02  5.0299E-09  5.0299E-09  3.0669E-07
  4.4533E-02  5.2047E-09  5.2047E-09  3.1611E-07
  4.4839E-02  5.3855E-09  5.3855E-09  3.2580E-07
  4.5146E-02  5.5726E-09  5.5726E-09  3.3579E-07
  4.5455E-02  5.7661E-09  5.7661E-09  3.4608E-07
  4.5767E-02  5.9664E-09  5.9664E-09  3.5667E-07
  4.6081E-02  6.1737E-09  6.1737E-09  3.6759E-07
  4.6396E-02  6.3881E-09  6.3881E-09  3.7882E-07
  4.6714E-02  6.6100E-09  6.6100E-09  3.9040E-07
  4.7035E-02  6.8396E-09  6.8396E-09  4.0231E-07
  4.7357E-02  7.0772E-09  7.0772E-09  4.1459E-07
  4.7682E-02  7.3230E-09  7.3230E-09  4.2722E-07
  4.8008E-02  7.5773E-09  7.5773E-09  4.4024E-07
  4.8337E-02  7.8405E-09  7.8405E-09  4.5364E-07
  4.8669E-02  8.1128E-09  8.1128E-09  4.6744E-07
  4.9002E-02  8.3946E-09  8.3946E-09  4.8164E-07
  4.9338E-02  8.6861E-09  8.6861E-09  4.9627E-07
  4.9676E-02  8.9878E-09  8.9878E-09  5.1133E-07
  5.0017E-02  9.2999E-09  9.2999E-09  5.2684E-07
  5.0359E-02  9.6229E-09  9.6229E-09  5.4280E-07
  5.0704E-02  9.9571E-09  9.9571E-09  5.5924E-07
  5.1052E-02  1.0303E-08  1.0303E-08  5.7616E-07
  5.1402E-02  1.0661E-08  1.0661E-08  5.9358E-07
  5.1754E-02  1.1031E-08  1.1031E-08  6.1151E-07
  5.2109E-02  1.1414E-08  1.1414E-08  6.2997E-07
  5.2466E-02  1.1810E-08  1.1810E-08  6.4897E-07
  5.2825E-02  1.2220E-08  1.2220E-08  6.6852E-07
  5.3187E-02  1.2645E-08  1.2645E-08  6.8866E-07
  5.3552E-02  1.3084E-08  1.3084E-08  7.0938E-07
  5.3919E-02  1.3538E-08  1.3538E-08  7.3071E-07
  5.4288E-02  1.4008E-08  1.4008E-08  7.5266E-07
  5.4660E-02  1.4494E-08  1.4494E-08  7.7525E-07
  5.5034E-02  1.4998E-08  1.4998E-08  7.9850E-07
  5.5412E-02  1.5518E-08  1.5518E-08  8.2243E-07
  5.5791E-02  1.6057E-08  1.6057E-08  8.4706E-07
  5.6173E-02  1.6615E-08  1.6615E-08  8.7240E-07
  5.6558E-02  1.7192E-08  1.7192E-08  8.9848E-07
  5.6946E-02  1.7788E-08  1.7788E-08  9.2532E-07
  5.7336E-02  1.8406E-08  1.8406E-08  9.5293E-07
  5.7729E-02  1.9045E-08  1.9045E-08  9.8135E-07
  5.8124E-02  1.9706E-08  1.9706E-08  1.0106E-06
  5.8523E-02  2.0390E-08  2.0390E-08  1.0407E-06
  5.8924E-02  2.1098E-08  2.1098E-08  1.0716E-06
  5.9327E-02  2.1831E-08  2.1831E-08  1.1035E-06
  5.9734E-02  2.2588E-08  2.2588E-08  1.1362E-06
  6.0143E-02  2.3373E-08  2.3373E-08  1.1699E-06
  6.0555E-02  2.4184E-08  2.4184E-08  1.2046E-06
  6.0970E-02  2.5023E-08  2.5023E-08  1.2403E-06
  6.1387E-02  2.5892E-08  2.5892E-08  1.2770E-06
  6.1808E-02  2.6791E-08  2.6791E-08  1.3147E-06
  6.2231E-02  2.7721E-08  2.7721E-08  1.3535E-06
  6.2658E-02  2.8683E-08  2.8683E-08  1.3935E-06
  6.3087E-02  2.9678E-08  2.9678E-08  1.4346E-06
  6.3519E-02  3.0708E-08  3.0708E-08  1.4768E-06
  6.3954E-02  3.1774E-08  3.1774E-08  1.5203E-06
  6.4392E-02  3.2877E-08  3.2877E-08  1.5650E-06
  6.4833E-02  3.4018E-08  3.4018E-08  1.6109E-06
  6.5277E-02  3.5199E-08  3.5199E-08  1.6582E-06
  6.5725E-02  3.6420E-08  3.6420E-08  1.7068E-06
  6.6175E-02  3.7684E-08  3.7684E-08  1.7568E-06
  6.6628E-02  3.8992E-08  3.8992E-08  1.8082E-06
  6.7084E-02  4.0345E-08  4.0345E-08  1.8611E-06
  6.7544E-02  4.1745E-08  4.1745E-08  1.9154E-06
  6.8007E-02  4.3194E-08  4.3194E-08  1.9713E-06
  6.8472E-02  4.4693E-08  4.4693E-08  2.0288E-06
  6.8941E-02  4.6244E-08  4.6244E-08  2.0879E-06
  6.9414E-02  4.7849E-08  4.7849E-08  2.1486E-06
  6.9889E-02  4.9509E-08  4.9509E-08  2.2111E-06
  7.0368E-02  5.1227E-08  5.1227E-08  2.2753E-06
  7.0850E-02  5.3005E-08  5.3005E-08  2.3413E-06
  7.1335E-02  5.4844E-08  5.4844E-08  2.4091E-06
  7.1824E-02  5.6747E-08  5.6747E-08  2.4789E-06
  7.2315E-02  5.8716E-08  5.8716E-08  2.5506E-06
  7.2811E-02  6.0753E-08  6.0753E-08  2.6242E-06
  7.3309E-02  6.2861E-08  6.2861E-08  2.7000E-06
  7.3812E-02  6.5042E-08  6.5042E-08  2.7778E-06
  7.4317E-02  6.7299E-08  6.7299E-08  2.8579E-06
  7.4826E-02  6.9634E-08  6.9634E-08  2.9401E-06
  7.5338E-02  7.2050E-08  7.2050E-08  3.0246E-06
  7.5854E-02  7.4549E-08  7.4549E-08  3.1115E-06
  7.6374E-02  7.7136E-08  7.7136E-08  3.2007E-06
  7.6897E-02  7.9812E-08  7.9812E-08  3.2924E-06
  7.7424E-02  8.2580E-08  8.2580E-08  3.3867E-06
  7.7954E-02  8.5445E-08  8.5445E-08  3.4835E-06
  7.8488E-02  8.8409E-08  8.8409E-08  3.5830E-06
  7.9025E-02  9.1476E-08  9.1476E-08  3.6853E-06
  7.9566E-02  9.4650E-08  9.4650E-08  3.7903E-06
  8.0111E-02  9.7933E-08  9.7933E-08  3.8982E-06
  8.0660E-02  1.0133E-07  1.0133E-07  4.0091E-06
  8.1212E-02  1.0484E-07  1.0484E-07  4.1230E-06
  8.1768E-02  1.0848E-07  1.0848E-07  4.2400E-06
  8.2328E-02  1.1224E-07  1.1224E-07  4.3602E-06
  8.2892E-02  1.1614E-07  1.1614E-07  4.4837E-06
  8.3460E-02  1.2017E-07  1.2017E-07  4.6105E-06
  8.4031E-02  1.2433E-07  1.2433E-07  4.7408E-06
  8.4607E-02  1.2865E-07  1.2865E-07  4.8746E-06
  8.5186E-02  1.3311E-07  1.3311E-07  5.0121E-06
  8.5769E-02  1.3772E-07  1.3772E-07  5.1532E-06
  8.6357E-02  1.4250E-07  1.4250E-07  5.2982E-06
  8.6948E-02  1.4744E-07  1.4744E-07  5.4470E-06
  8.7543E-02  1.5256E-07  1.5256E-07  5.5999E-06
  8.8143E-02  1.5785E-07  1.5785E-07  5.7569E-06
  8.8746E-02  1.6332E-07  1.6332E-07  5.9181E-06
  8.9354E-02  1.6898E-07  1.6898E-07  6.0836E-06
  8.9966E-02  1.7485E-07  1.7485E-07  6.2536E-06
  9.0582E-02  1.8091E-07  1.8091E-07  6.4281E-06
  9.1202E-02  1.8718E-07  1.8718E-07  6.6072E-06
  9.1826E-02  1.9367E-07  1.9367E-07  6.7911E-06
  9.2455E-02  2.0039E-07  2.0039E-07  6.9800E-06
  9.3088E-02  2.0734E-07  2.0734E-07  7.1738E-06
  9.3726E-02  2.1453E-07  2.1453E-07  7.3728E-06
  9.4367E-02  2.2196E-07  2.2196E-07  7.5771E-06
  9.5013E-02  2.2966E-07  2.2966E-07  7.7868E-06
  9.5664E-02  2.3762E-07  2.3762E-07  8.0020E-06
  9.6319E-02  2.4586E-07  2.4586E-07  8.2229E-06
  9.6978E-02  2.5438E-07  2.5438E-07  8.4497E-06
  9.7642E-02  2.6320E-07  2.6320E-07  8.6824E-06
  9.8311E-02  2.7233E-07  2.7233E-07  8.9212E-06
  9.8984E-02  2.8177E-07  2.8177E-07  9.1662E-06
  9.9662E-02  2.9154E-07  2.9154E-07  9.4178E-06
  1.0034E-01  3.0165E-07  3.0165E-07  9.6758E-06
  1.0103E-01  3.1210E-07  3.1210E-07  9.9407E-06
  1.0172E-01  3.2292E-07  3.2292E-07  1.0212E-05
  1.0242E-01  3.3412E-07  3.3412E-07  1.0491E-05
  1.0312E-01  3.4570E-07  3.4570E-07  1.0777E-05
  1.0383E-01  3.5768E-07  3.5768E-07  1.1071E-05
  1.0454E-01  3.7008E-07  3.7008E-07  1.1372E-05
  1.0525E-01  3.8290E-07  3.8290E-07  1.1681E-05
  1.0597E-01  3.9618E-07  3.9618E-07  1.1998E-05
  1.0670E-01  4.0991E-07  4.0991E-07  1.2323E-05
  1.0743E-01  4.2412E-07  4.2412E-07  1.2656E-05
  1.0816E-01  4.3881E-07  4.3881E-07  1.2998E-05
  1.0891E-01  4.5402E-07  4.5402E-07  1.3349E-05
  1.0965E-01  4.6976E-07  4.6976E-07  1.3709E-05
  1.1040E-01  4.8604E-07  4.8604E-07  1.4078E-05
  1.1116E-01  5.0288E-07  5.0288E-07  1.4456E-05
  1.1192E-01  5.2031E-07  5.2031E-07  1.4844E-05
  1.1268E-01  5.3834E-07  5.3834E-07  1.5242E-05
  1.1346E-01  5.5699E-07  5.5699E-07  1.5651E-05
  1.1423E-01  5.7629E-07  5.7629E-07  1.6069E-05
  1.1501E-01  5.9626E-07  5.9626E-07  1.6498E-05
  1.1580E-01  6.1692E-07  6.1692E-07  1.6938E-05
  1.1659E-01  6.3830E-07  6.3830E-07  1.7389E-05
  1.1739E-01  6.6041E-07  6.6041E-07  1.7852E-05
  1.1820E-01  6.8329E-07  6.8329E-07  1.8326E-05
  1.1901E-01  7.0697E-07  7.0697E-07  1.8812E-05
  1.1982E-01  7.3146E-07  7.3146E-07  1.9310E-05
  1.2064E-01  7.5680E-07  7.5680E-07  1.9821E-05
  1.2147E-01  7.8302E-07  7.8302E-07  2.0345E-05
  1.2230E-01  8.1015E-07  8.1015E-07  2.0882E-05
  1.2313E-01  8.3821E-07  8.3821E-07  2.1432E-05
  1.2398E-01  8.6725E-07  8.6725E-07  2.1995E-05
  1.2483E-01  8.9729E-07  8.9729E-07  2.2573E-05
  1.2568E-01  9.2837E-07  9.2837E-07  2.3165E-05
  1.2654E-01  9.6053E-07  9.6053E-07  2.3772E-05
  1.2741E-01  9.9379E-07  9.9379E-07  2.4394E-05
  1.2828E-01  1.0282E-06  1.0282E-06  2.5031E-05
  1.2916E-01  1.0638E-06  1.0638E-06  2.5684E-05
  1.3004E-01  1.1007E-06  1.1007E-06  2.6353E-05
  1.3093E-01  1.1388E-06  1.1388E-06  2.7039E-05
  1.3183E-01  1.1782E-06  1.1782E-06  2.7741E-05
  1.3273E-01  1.2190E-06  1.2190E-06  2.8461E-05
  1.3364E-01  1.2612E-06  1.2612E-06  2.9198E-05
  1.3455E-01  1.3049E-06  1.3049E-06  2.9953E-05
  1.3547E-01  1.3501E-06  1.3501E-06  3.0726E-05
  1.3640E-01  1.3969E-06  1.3969E-06  3.1519E-05
  1.3733E-01  1.4452E-06  1.4452E-06  3.2330E-05
  1.3827E-01  1.4953E-06  1.4953E-06  3.3161E-05
  1.3922E-01  1.5470E-06  1.5470E-06  3.4013E-05
  1.4017E-01  1.6006E-06  1.6006E-06  3.4885E-05
  1.4113E-01  1.6560E-06  1.6560E-06  3.5778E-05
  1.4210E-01  1.7133E-06  1.7133E-06  3.6692E-05
  1.4307E-01  1.7726E-06  1.7726E-06  3.7629E-05
  1.4405E-01  1.8340E-06  1.8340E-06  3.8588E-05
  1.4504E-01  1.8975E-06  1.8975E-06  3.9570E-05
  1.4603E-01  1.9632E-06  1.9632E-06  4.0575E-05
  1.4703E-01  2.0311E-06  2.0311E-06  4.1604E-05
  1.4804E-01  2.1014E-06  2.1014E-06  4.2658E-05
  1.4905E-01  2.1742E-06  2.1742E-06  4.3737E-05
  1.5007E-01  2.2494E-06  2.2494E-06  4.4842E-05
  1.5110E-01  2.3272E-06  2.3272E-06  4.5973E-05
  1.5213E-01  2.4078E-06  2.4078E-06  4.7130E-05
  1.5317E-01  2.4911E-06  2.4911E-06  4.8315E-05
  1.5422E-01  2.5773E-06  2.5773E-06  4.9528E-05
  1.5528E-01  2.6665E-06  2.6665E-06  5.0770E-05
  1.5634E-01  2.7588E-06  2.7588E-06  5.2040E-05
  1.5741E-01  2.8542E-06  2.8542E-06  5.3341E-05
  1.5849E-01  2.9530E-06  2.9530E-06  5.4672E-05
  1.5957E-01  3.0551E-06  3.0551E-06  5.6034E-05
  1.6066E-01  3.1608E-06  3.1608E-06  5.7428E-05
  1.6176E-01  3.2702E-06  3.2702E-06  5.8854E-05
  1.6287E-01  3.3833E-06  3.3833E-06  6.0314E-05
  1.6398E-01  3.5003E-06  3.5003E-06  6.1807E-05
  1.6511E-01  3.6214E-06  3.6214E-06  6.3335E-05
  1.6624E-01  3.7466E-06  3.7466E-06  6.4898E-05
  1.6737E-01  3.8762E-06  3.8762E-06  6.6498E-05
  1.6852E-01  4.0103E-06  4.0103E-06  6.8134E-05
  1.6967E-01  4.1490E-06  4.1490E-06  6.9808E-05
  1.7083E-01  4.2925E-06  4.2925E-06  7.1521E-05
  1.7200E-01  4.4409E-06  4.4409E-06  7.3273E-05
  1.7318E-01  4.5944E-06  4.5944E-06  7.5065E-05
  1.7436E-01  4.7533E-06  4.7533E-06  7.6898E-05
  1.7556E-01  4.9176E-06  4.9176E-06  7.8772E-05
  1.7676E-01  5.0877E-06  5.0877E-06  8.0690E-05
  1.7797E-01  5.2636E-06  5.2636E-06  8.2651E-05
  1.7919E-01  5.4455E-06  5.4455E-06  8.4656E-05
  1.8041E-01  5.6338E-06  5.6338E-06  8.6708E-05
  1.8165E-01  5.8285E-06  5.8285E-06  8.8805E-05
  1.8289E-01  6.0300E-06  6.0300E-06  9.0950E-05
  1.8414E-01  6.2384E-06  6.2384E-06  9.3143E-05
  1.8540E-01  6.4540E-06  6.4540E-06  9.5386E-05
  1.8667E-01  6.6770E-06  6.6770E-06  9.7679E-05
  1.8795E-01  6.9077E-06  6.9077E-06  1.0002E-04
  1.8924E-01  7.1464E-06  7.1464E-06  1.0242E-04
  1.9053E-01  7.3934E-06  7.3934E-06  1.0487E-04
  1.9183E-01  7.6488E-06  7.6488E-06  1.0738E-04
  1.9315E-01  7.9131E-06  7.9131E-06  1.0994E-04
  1.9447E-01  8.1865E-06  8.1865E-06  1.1256E-04
  1.9580E-01  8.4693E-06  8.4693E-06  1.1523E-04
  1.9714E-01  8.7618E-06  8.7618E-06  1.1797E-04
  1.9849E-01  9.0645E-06  9.0645E-06  1.2076E-04
  1.9985E-01  9.3775E-06  9.3775E-06  1.2362E-04
  2.0121E-01  9.7014E-06  9.7014E-06  1.2654E-04
  2.0259E-01  1.0036E-05  1.0036E-05  1.2953E-04
  2.0398E-01  1.0383E-05  1.0383E-05  1.3258E-04
  2.0537E-01  1.0742E-05  1.0742E-05  1.3570E-04
  2.0678E-01  1.1112E-05  1.1112E-05  1.3889E-04
  2.0819E-01  1.1496E-05  1.1496E-05  1.4214E-04
  2.0962E-01  1.1893E-05  1.1893E-05  1.4547E-04
  2.1105E-01  1.2304E-05  1.2304E-05  1.4887E-04
  2.1250E-01  1.2728E-05  1.2728E-05  1.5234E-04
  2.1395E-01  1.3168E-05  1.3168E-05  1.5589E-04
  2.1542E-01  1.3622E-05  1.3622E-05  1.5952E-04
  2.1689E-01  1.4092E-05  1.4092E-05  1.6323E-04
  2.1837E-01  1.4578E-05  1.4578E-05  1.6701E-04
  2.1987E-01  1.5081E-05  1.5081E-05  1.7088E-04
  2.2137E-01  1.5602E-05  1.5602E-05  1.7483E-04
  2.2289E-01  1.6140E-05  1.6140E-05  1.7887E-04
  2.2441E-01  1.6697E-05  1.6697E-05  1.8299E-04
  2.2595E-01  1.7273E-05  1.7273E-05  1.8721E-04
  2.2749E-01  1.7869E-05  1.7869E-05  1.9151E-04
  2.2905E-01  1.8485E-05  1.8485E-05  1.9591E-04
  2.3062E-01  1.9122E-05  1.9122E-05  2.0040E-04
  2.3220E-01  1.9782E-05  1.9782E-05  2.0498E-04
  2.3379E-01  2.0464E-05  2.0464E-05  2.0967E-04
  2.3538E-01  2.1170E-05  2.1170E-05  2.1445E-04
  2.3700E-01  2.1899E-05  2.1899E-05  2.1934E-04
  2.3862E-01  2.2654E-05  2.2654E-05  2.2433E-04
  2.4025E-01  2.3435E-05  2.3435E-05  2.2942E-04
  2.4189E-01  2.4243E-05  2.4243E-05  2.3463E-04
  2.4355E-01  2.5078E-05  2.5078E-05  2.3994E-04
  2.4522E-01  2.5943E-05  2.5943E-05  2.4537E-04
  2.4689E-01  2.6837E-05  2.6837E-05  2.5091E-04
  2.4858E-01  2.7761E-05  2.7761E-05  2.5657E-04
  2.5028E-01  2.8718E-05  2.8718E-05  2.6235E-04
  2.5200E-01  2.9707E-05  2.9707E-05  2.6825E-04
  2.5372E-01  3.0730E-05  3.0730E-05  2.7427E-04
  2.5546E-01  3.1789E-05  3.1789E-05  2.8042E-04
  2.5720E-01  3.2883E-05  3.2883E-05  2.8671E-04
  2.5896E-01  3.4016E-05  3.4016E-05  2.9312E-04
  2.6074E-01  3.5187E-05  3.5187E-05  2.9967E-04
  2.6252E-01  3.6398E-05  3.6398E-05  3.0635E-04
  2.6432E-01  3.7651E-05  3.7651E-05  3.1318E-04
  2.6613E-01  3.8947E-05  3.8947E-05  3.2014E-04
  2.6795E-01  4.0287E-05  4.0287E-05  3.2726E-04
  2.6978E-01  4.1674E-05  4.1674E-05  3.3452E-04
  2.7163E-01  4.3108E-05  4.3108E-05  3.4194E-04
  2.7348E-01  4.4591E-05  4.4591E-05  3.4951E-04
  2.7536E-01  4.6125E-05  4.6125E-05  3.5723E-04
  2.7724E-01  4.7711E-05  4.7711E-05  3.6512E-04
  2.7914E-01  4.9352E-05  4.9352E-05  3.7317E-04
  2.8105E-01  5.1050E-05  5.1050E-05  3.8139E-04
  2.8297E-01  5.2805E-05  5.2805E-05  3.8979E-04
  2.8490E-01  5.4620E-05  5.4620E-05  3.9835E-04
  2.8685E-01  5.6498E-05  5.6498E-05  4.0710E-04
  2.8882E-01  5.8440E-05  5.8440E-05  4.1602E-04
  2.9079E-01  6.0448E-05  6.0448E-05  4.2513E-04
  2.9278E-01  6.2526E-05  6.2526E-05  4.3443E-04
  2.9479E-01  6.4674E-05  6.4674E-05  4.4393E-04
  2.9680E-01  6.6896E-05  6.6896E-05  4.5362E-04
  2.9883E-01  6.9194E-05  6.9194E-05  4.6351E-04
  3.0088E-01  7.1570E-05  7.1570E-05  4.7361E-04
  3.0294E-01  7.4028E-05  7.4028E-05  4.8391E-04
  3.0501E-01  7.6570E-05  7.6570E-05  4.9443E-04
  3.0710E-01  7.9199E-05  7.9199E-05  5.0517E-04
  3.0920E-01  8.1917E-05  8.1917E-05  5.1613E-04
  3.1131E-01  8.4729E-05  8.4729E-05  5.2731E-04
  3.1344E-01  8.7636E-05  8.7636E-05  5.3873E-04
  3.1559E-01  9.0643E-05  9.0643E-05  5.5039E-04
  3.1775E-01  9.3753E-05  9.3753E-05  5.6228E-04
  3.1992E-01  9.6969E-05  9.6969E-05  5.7442E-04
  3.2211E-01  1.0029E-04  1.0029E-04  5.8682E-04
  3.2431E-01  1.0373E-04  1.0373E-04  5.9947E-04
  3.2653E-01  1.0729E-04  1.0729E-04  6.1238E-04
  3.2877E-01  1.1097E-04  1.1097E-04  6.2555E-04
  3.3102E-01  1.1477E-04  1.1477E-04  6.3900E-04
  3.3328E-01  1.1870E-04  1.1870E-04  6.5273E-04
  3.3556E-01  1.2277E-04  1.2277E-04  6.6675E-04
  3.3786E-01  1.2698E-04  1.2698E-04  6.8105E-04
  3.4017E-01  1.3133E-04  1.3133E-04  6.9565E-04
  3.4250E-01  1.3582E-04  1.3582E-04  7.1055E-04
  3.4484E-01  1.4047E-04  1.4047E-04  7.2576E-04
  3.4720E-01  1.4528E-04  1.4528E-04  7.4128E-04
  3.4957E-01  1.5026E-04  1.5026E-04  7.5713E-04
  3.5197E-01  1.5540E-04  1.5540E-04  7.7331E-04
  3.5437E-01  1.6071E-04  1.6071E-04  7.8982E-04
  3.5680E-01  1.6621E-04  1.6621E-04  8.0668E-04
  3.5924E-01  1.7190E-04  1.7190E-04  8.2388E-04
  3.6170E-01  1.7777E-04  1.7777E-04  8.4144E-04
  3.6417E-01  1.8385E-04  1.8385E-04  8.5937E-04
  3.6666E-01  1.9014E-04  1.9014E-04  8.7768E-04
  3.6917E-01  1.9664E-04  1.9664E-04  8.9636E-04
  3.7170E-01  2.0335E-04  2.0335E-04  9.1544E-04
  3.7424E-01  2.1030E-04  2.1030E-04  9.3491E-04
  3.7680E-01  2.1748E-04  2.1748E-04  9.5479E-04
  3.7938E-01  2.2491E-04  2.2491E-04  9.7509E-04
  3.8197E-01  2.3259E-04  2.3259E-04  9.9581E-04
  3.8459E-01  2.4053E-04  2.4053E-04  1.0170E-03
  3.8722E-01  2.4873E-04  2.4873E-04  1.0386E-03
  3.8987E-01  2.5722E-04  2.5722E-04  1.0606E-03
  3.9254E-01  2.6599E-04  2.6599E-04  1.0832E-03
  3.9522E-01  2.7507E-04  2.7507E-04  1.1062E-03
  3.9792E-01  2.8444E-04  2.8444E-04  1.1296E-03
  4.0065E-01  2.9414E-04  2.9414E-04  1.1536E-03
  4.0339E-01  3.0416E-04  3.0416E-04  1.1781E-03
  4.0615E-01  3.1452E-04  3.1452E-04  1.2031E-03
  4.0893E-01  3.2524E-04  3.2524E-04  1.2287E-03
  4.1172E-01  3.3631E-04  3.3631E-04  1.2548E-03
  4.1454E-01  3.4776E-04  3.4776E-04  1.2814E-03
  4.1738E-01  3.5960E-04  3.5960E-04  1.3087E-03
  4.2023E-01  3.7184E-04  3.7184E-04  1.3365E-03
  4.2311E-01  3.8448E-04  3.8448E-04  1.3649E-03
  4.2600E-01  3.9756E-04  3.9756E-04  1.3939E-03
  4.2892E-01  4.1108E-04  4.1108E-04  1.4235E-03
  4.3185E-01  4.2505E-04  4.2505E-04  1.4538E-03
  4.3481E-01  4.3950E-04  4.3950E-04  1.4847E-03
  4.3778E-01  4.5443E-04  4.5443E-04  1.5163E-03
  4.4077E-01  4.6986E-04  4.6986E-04  1.5486E-03
  4.4379E-01  4.8581E-04  4.8581E-04  1.5816E-03
  4.4683E-01  5.0230E-04  5.0230E-04  1.6153E-03
  4.4988E-01  5.1935E-04  5.1935E-04  1.6498E-03
  4.5296E-01  5.3697E-04  5.3697E-04  1.6850E-03
  4.5606E-01  5.5518E-04  5.5518E-04  1.7210E-03
  4.5918E-01  5.7400E-04  5.7400E-04  1.7578E-03
  4.6232E-01  5.9346E-04  5.9346E-04  1.7954E-03
  4.6548E-01  6.1356E-04  6.1356E-04  1.8338E-03
  4.6867E-01  6.3435E-04  6.3435E-04  1.8731E-03
  4.7188E-01  6.5583E-04  6.5583E-04  1.9132E-03
  4.7510E-01  6.7803E-04  6.7803E-04  1.9543E-03
  4.7835E-01  7.0097E-04  7.0097E-04  1.9962E-03
  4.8163E-01  7.2468E-04  7.2468E-04  2.0391E-03
  4.8492E-01  7.4919E-04  7.4919E-04  2.0830E-03
  4.8824E-01  7.7452E-04  7.7452E-04  2.1279E-03
  4.9158E-01  8.0069E-04  8.0069E-04  2.1738E-03
  4.9494E-01  8.2774E-04  8.2774E-04  2.2207E-03
  4.9833E-01  8.5570E-04  8.5570E-04  2.2687E-03
  5.0174E-01  8.8458E-04  8.8458E-04  2.3177E-03
  5.0517E-01  9.1444E-04  9.1444E-04  2.3679E-03
  5.0862E-01  9.4528E-04  9.4528E-04  2.4193E-03
  5.1210E-01  9.7716E-04  9.7716E-04  2.4718E-03
  5.1561E-01  1.0101E-03  1.0101E-03  2.5255E-03
  5.1914E-01  1.0441E-03  1.0441E-03  2.5805E-03
  5.2269E-01  1.0793E-03  1.0793E-03  2.6368E-03
  5.2626E-01  1.1157E-03  1.1157E-03  2.6943E-03
  5.2986E-01  1.1532E-03  1.1532E-03  2.7532E-03
  5.3349E-01  1.1920E-03  1.1920E-03  2.8135E-03
  5.3714E-01  1.2321E-03  1.2321E-03  2.8752E-03
  5.4081E-01  1.2735E-03  1.2735E-03  2.9383E-03
  5.4451E-01  1.3163E-03  1.3163E-03  3.0029E-03
  5.4824E-01  1.3605E-03  1.3605E-03  3.0691E-03
  5.5199E-01  1.4062E-03  1.4062E-03  3.1368E-03
  5.5576E-01  1.4534E-03  1.4534E-03  3.2061E-03
  5.5957E-01  1.5022E-03  1.5022E-03  3.2771E-03
  5.6339E-01  1.5525E-03  1.5525E-03  3.3498E-03
  5.6725E-01  1.6046E-03  1.6046E-03  3.4242E-03
  5.7113E-01  1.6583E-03  1.6583E-03  3.5004E-03
  5.7503E-01  1.7139E-03  1.7139E-03  3.5784E-03
  5.7897E-01  1.7712E-03  1.7712E-03  3.6583E-03
  5.8293E-01  1.8305E-03  1.8305E-03  3.7402E-03
  5.8692E-01  1.8917E-03  1.8917E-03  3.8240E-03
  5.9093E-01  1.9550E-03  1.9550E-03  3.9099E-03
  5.9497E-01  2.0203E-03  2.0203E-03  3.9979E-03
  5.9905E-01  2.0877E-03  2.0877E-03  4.0881E-03
  6.0314E-01  2.1574E-03  2.1574E-03  4.1804E-03
  6.0727E-01  2.2294E-03  2.2294E-03  4.2751E-03
  6.1142E-01  2.3038E-03  2.3038E-03  4.3721E-03
  6.1561E-01  2.3806E-03  2.3806E-03  4.4715E-03
  6.1982E-01  2.4599E-03  2.4599E-03  4.5733E-03
  6.2406E-01  2.5418E-03  2.5418E-03  4.6778E-03
  6.2833E-01  2.6264E-03  2.6264E-03  4.7848E-03
  6.3262E-01  2.7137E-03  2.7137E-03  4.8945E-03
  6.3695E-01  2.8040E-03  2.8040E-03  5.0070E-03
  6.4131E-01  2.8971E-03  2.8971E-03  5.1223E-03
  6.4570E-01  2.9934E-03  2.9934E-03  5.2405E-03
  6.5011E-01  3.0927E-03  3.0927E-03  5.3618E-03
  6.5456E-01  3.1953E-03  3.1953E-03  5.4861E-03
  6.5904E-01  3.3013E-03  3.3013E-03  5.6136E-03
  6.6355E-01  3.4107E-03  3.4107E-03  5.7444E-03
  6.6809E-01  3.5237E-03  3.5237E-03  5.8786E-03
  6.7266E-01  3.6403E-03  3.6403E-03  6.0162E-03
  6.7726E-01  3.7608E-03  3.7608E-03  6.1573E-03
  6.8189E-01  3.8851E-03  3.8851E-03  6.3021E-03
  6.8656E-01  4.0135E-03  4.0135E-03  6.4507E-03
  6.9125E-01  4.1461E-03  4.1461E-03  6.6032E-03
  6.9598E-01  4.2830E-03  4.2830E-03  6.7597E-03
  7.0074E-01  4.4243E-03  4.4243E-03  6.9202E-03
  7.0554E-01  4.5701E-03  4.5701E-03  7.0850E-03
  7.1036E-01  4.7207E-03  4.7207E-03  7.2542E-03
  7.1522E-01  4.8762E-03  4.8762E-03  7.4278E-03
  7.2011E-01  5.0367E-03  5.0367E-03  7.6061E-03
  7.2504E-01  5.2024E-03  5.2024E-03  7.7890E-03
  7.3000E-01  5.3734E-03  5.3734E-03  7.9769E-03
  7.3499E-01  5.5500E-03  5.5500E-03  8.1699E-03
  7.4002E-01  5.7322E-03  5.7322E-03  8.3680E-03
  7.4508E-01  5.9203E-03  5.9203E-03  8.5714E-03
  7.5018E-01  6.1145E-03  6.1145E-03  8.7804E-03
  7.5531E-01  6.3149E-03  6.3149E-03  8.9950E-03
  7.6048E-01  6.5217E-03  6.5217E-03  9.2155E-03
  7.6568E-01  6.7352E-03  6.7352E-03  9.4419E-03
  7.7092E-01  6.9556E-03  6.9556E-03  9.6746E-03
  7.7619E-01  7.1830E-03  7.1830E-03  9.9137E-03
  7.8150E-01  7.4177E-03  7.4177E-03  1.0159E-02
  7.8685E-01  7.6599E-03  7.6599E-03  1.0412E-02
  7.9223E-01  7.9099E-03  7.9099E-03  1.0671E-02
  7.9765E-01  8.1678E-03  8.1678E-03  1.0938E-02
  8.0311E-01  8.4340E-03  8.4340E-03  1.1212E-02
  8.0860E-01  8.7088E-03  8.7088E-03  1.1494E-02
  8.1413E-01  8.9923E-03  8.9923E-03  1.1783E-02
  8.1970E-01  9.2848E-03  9.2848E-03  1.2081E-02
  8.2531E-01  9.5867E-03  9.5867E-03  1.2387E-02
  8.3096E-01  9.8982E-03  9.8982E-03  1.2702E-02
  8.3664E-01  1.0220E-02  1.0220E-02  1.3026E-02
  8.4236E-01  1.0551E-02  1.0551E-02  1.3359E-02
  8.4813E-01  1.0893E-02  1.0893E-02  1.3702E-02
  8.5393E-01  1.1246E-02  1.1246E-02  1.4054E-02
  8.5977E-01  1.1611E-02  1.1611E-02  1.4416E-02
  8.6565E-01  1.1987E-02  1.1987E-02  1.4789E-02
  8.7157E-01  1.2374E-02  1.2374E-02  1.5173E-02
  8.7753E-01  1.2775E-02  1.2775E-02  1.5568E-02
  8.8354E-01  1.3187E-02  1.3187E-02  1.5974E-02
  8.8958E-01  1.3613E-02  1.3613E-02  1.6392E-02
  8.9567E-01  1.4053E-02  1.4053E-02  1.6822E-02
  9.0179E-01  1.4506E-02  1.4506E-02  1.7265E-02
  9.0796E-01  1.4974E-02  1.4974E-02  1.7721E-02
  9.1417E-01  1.5456E-02  1.5456E-02  1.8191E-02
  9.2043E-01  1.5954E-02  1.5954E-02  1.8674E-02
  9.2672E-01  1.6468E-02  1.6468E-02  1.9172E-02
  9.3306E-01  1.6998E-02  1.6998E-02  1.9684E-02
  9.3944E-01  1.7544E-02  1.7544E-02  2.0212E-02
  9.4587E-01  1.8108E-02  1.8108E-02  2.0756E-02
  9.5234E-01  1.8690E-02  1.8690E-02  2.1316E-02
  9.5885E-01  1.9290E-02  1.9290E-02  2.1893E-02
  9.6541E-01  1.9909E-02  1.9909E-02  2.2487E-02
  9.7202E-01  2.0548E-02  2.0548E-02  2.3099E-02
  9.7867E-01  2.1207E-02  2.1207E-02  2.3730E-02
  9.8536E-01  2.1886E-02  2.1886E-02  2.4381E-02
  9.9210E-01  2.2588E-02  2.2588E-02  2.5051E-02
  9.9889E-01  2.3311E-02  2.3311E-02  2.5742E-02
  1.0057E+00  2.4058E-02  2.4058E-02  2.6454E-02
  1.0126E+00  2.4828E-02  2.4828E-02  2.7188E-02
  1.0195E+00  2.5622E-02  2.5622E-02  2.7944E-02
  1.0265E+00  2.6442E-02  2.6442E-02  2.8725E-02
  1.0335E+00  2.7287E-02  2.7287E-02  2.9529E-02
  1.0406E+00  2.8160E-02  2.8160E-02  3.0359E-02
  1.0477E+00  2.9060E-02  2.9060E-02  3.1215E-02
  1.0549E+00  2.9989E-02  2.9989E-02  3.2098E-02
  1.0621E+00  3.0947E-02  3.0947E-02  3.3009E-02
  1.0694E+00  3.1936E-02  3.1936E-02  3.3948E-02
  1.0767E+00  3.2956E-02  3.2956E-02  3.4918E-02
  1.0840E+00  3.4008E-02  3.4008E-02  3.5918E-02
  1.0915E+00  3.5095E-02  3.5095E-02  3.6951E-02
  1.0989E+00  3.6216E-02  3.6216E-02  3.8016E-02
  1.1064E+00  3.7373E-02  3.7373E-02  3.9116E-02
  1.1140E+00  3.8567E-02  3.8567E-02  4.0252E-02
  1.1216E+00  3.9799E-02  3.9799E-02  4.1424E-02
  1.1293E+00  4.1071E-02  4.1071E-02  4.2635E-02
  1.1370E+00  4.2383E-02  4.2383E-02  4.3885E-02
  1.1448E+00  4.3738E-02  4.3738E-02  4.5176E-02
  1.1526E+00  4.5137E-02  4.5137E-02  4.6509E-02
  1.1605E+00  4.6581E-02  4.6581E-02  4.7886E-02
  1.1685E+00  4.8071E-02  4.8071E-02  4.9309E-02
  1.1764E+00  4.9610E-02  4.9610E-02  5.0779E-02
  1.1845E+00  5.1199E-02  5.1199E-02  5.2298E-02
  1.1926E+00  5.2839E-02  5.2839E-02  5.3868E-02
  1.2008E+00  5.4533E-02  5.4533E-02  5.5491E-02
  1.2090E+00  5.6283E-02  5.6283E-02  5.7168E-02
  1.2172E+00  5.8089E-02  5.8089E-02  5.8901E-02
  1.2256E+00  5.9956E-02  5.9956E-02  6.0694E-02
  1.2339E+00  6.1883E-02  6.1883E-02  6.2547E-02
  1.2424E+00  6.3874E-02  6.3874E-02  6.4464E-02
  1.2509E+00  6.5931E-02  6.5931E-02  6.6446E-02
  1.2594E+00  6.8057E-02  6.8057E-02  6.8496E-02
  1.2681E+00  7.0253E-02  7.0253E-02  7.0617E-02
  1.2767E+00  7.2523E-02  7.2523E-02  7.2812E-02
  1.2855E+00  7.4868E-02  7.4868E-02  7.5082E-02
  1.2943E+00  7.7293E-02  7.7293E-02  7.7432E-02
  1.3031E+00  7.9799E-02  7.9799E-02  7.9863E-02
  1.3120E+00  8.2390E-02  8.2390E-02  8.2381E-02
  1.3210E+00  8.5069E-02  8.5069E-02  8.4986E-02
  1.3300E+00  8.7839E-02  8.7839E-02  8.7684E-02
  1.3391E+00  9.0704E-02  9.0704E-02  9.0478E-02
  1.3483E+00  9.3668E-02  9.3668E-02  9.3371E-02
  1.3575E+00  9.6733E-02  9.6733E-02  9.6367E-02
  1.3668E+00  9.9904E-02  9.9904E-02  9.9471E-02
  1.3762E+00  1.0319E-01  1.0319E-01  1.0269E-01
  1.3856E+00  1.0658E-01  1.0658E-01  1.0602E-01
  1.3950E+00  1.1010E-01  1.1010E-01  1.0947E-01
  1.4046E+00  1.1374E-01  1.1374E-01  1.1305E-01
  1.4142E+00  1.1750E-01  1.1750E-01  1.1676E-01
  1.4239E+00  1.2140E-01  1.2140E-01  1.2060E-01
  1.4336E+00  1.2544E-01  1.2544E-01  1.2459E-01
  1.4434E+00  1.2963E-01  1.2963E-01  1.2872E-01
  1.4533E+00  1.3396E-01  1.3396E-01  1.3301E-01
  1.4632E+00  1.3845E-01  1.3845E-01  1.3745E-01
  1.4732E+00  1.4311E-01  1.4311E-01  1.4206E-01
  1.4833E+00  1.4793E-01  1.4793E-01  1.4685E-01
  1.4935E+00  1.5293E-01  1.5293E-01  1.5181E-01
  1.5037E+00  1.5812E-01  1.5812E-01  1.5697E-01
  1.5140E+00  1.6349E-01  1.6349E-01  1.6231E-01
  1.5243E+00  1.6907E-01  1.6907E-01  1.6786E-01
  1.5347E+00  1.7485E-01  1.7485E-01  1.7363E-01
  1.5452E+00  1.8086E-01  1.8086E-01  1.7961E-01
  1.5558E+00  1.8708E-01  1.8708E-01  1.8583E-01
  1.5665E+00  1.9355E-01  1.9355E-01  1.9228E-01
  1.5772E+00  2.0026E-01  2.0026E-01  1.9899E-01
  1.5880E+00  2.0723E-01  2.0723E-01  2.0596E-01
  1.5988E+00  2.1447E-01  2.1447E-01  2.1319E-01
  1.6098E+00  2.2199E-01  2.2199E-01  2.2072E-01
  1.6208E+00  2.2980E-01  2.2980E-01  2.2854E-01
  1.6319E+00  2.3791E-01  2.3791E-01  2.3667E-01
  1.6430E+00  2.4635E-01  2.4635E-01  2.4512E-01
  1.6543E+00  2.5512E-01  2.5512E-01  2.5391E-01
  1.6656E+00  2.6423E-01  2.6423E-01  2.6306E-01
  1.6770E+00  2.7371E-01  2.7371E-01  2.7257E-01
  1.6884E+00  2.8358E-01  2.8358E-01  2.8246E-01
  1.7000E+00  2.9384E-01  2.9384E-01  2.9276E-01
  1.7116E+00  3.0451E-01  3.0451E-01  3.0347E-01
  1.7233E+00  3.1562E-01  3.1562E-01  3.1462E-01
  1.7351E+00  3.2719E-01  3.2719E-01  3.2623E-01
  1.7470E+00  3.3923E-01  3.3923E-01  3.3832E-01
  1.7589E+00  3.5177E-01  3.5177E-01  3.5091E-01
  1.7710E+00  3.6484E-01  3.6484E-01  3.6403E-01
  1.7831E+00  3.7845E-01  3.7845E-01  3.7769E-01
  1.7953E+00  3.9263E-01  3.9263E-01  3.9192E-01
  1.8075E+00  4.0740E-01  4.0740E-01  4.0675E-01
  1.8199E+00  4.2281E-01  4.2281E-01  4.2221E-01
  1.8324E+00  4.3887E-01  4.3887E-01  4.3832E-01
  1.8449E+00  4.5561E-01  4.5561E-01  4.5513E-01
  1.8575E+00  4.7308E-01  4.7308E-01  4.7265E-01
  1.8702E+00  4.9130E-01  4.9130E-01  4.9092E-01
  1.8830E+00  5.1031E-01  5.1031E-01  5.0998E-01
  1.8959E+00  5.3015E-01  5.3015E-01  5.2987E-01
  1.9089E+00  5.5086E-01  5.5086E-01  5.5062E-01
  1.9219E+00  5.7248E-01  5.7248E-01  5.7229E-01
  1.9351E+00  5.9505E-01  5.9505E-01  5.9490E-01
  1.9483E+00  6.1862E-01  6.1862E-01  6.1851E-01
  1.9616E+00  6.4324E-01  6.4324E-01  6.4316E-01
  1.9750E+00  6.6896E-01  6.6896E-01  6.6892E-01
  1.9886E+00  6.9583E-01  6.9583E-01  6.9582E-01
  2.0022E+00  7.2391E-01  7.2391E-01  7.2393E-01
  2.0158E+00  7.5327E-01  7.5327E-01  7.5331E-01
  2.0296E+00  7.8396E-01  7.8396E-01  7.8401E-01
  2.0435E+00  8.1605E-01  8.1605E-01  8.1612E-01
  2.0575E+00  8.4961E-01  8.4961E-01  8.4968E-01
  2.0716E+00  8.8471E-01  8.8471E-01  8.8479E-01
  2.0857E+00  9.2143E-01  9.2143E-01  9.2152E-01
  2.1000E+00  9.5985E-01  9.5985E-01  9.5995E-01
  2.1144E+00  1.0001E+00  1.0001E+00  1.0002E+00
  2.1288E+00  1.0422E+00  1.0422E+00  1.0422E+00
  2.1434E+00  1.0862E+00  1.0862E+00  1.0863E+00
  2.1581E+00  1.1324E+00  1.1324E+00  1.1325E+00
  2.1728E+00  1.1807E+00  1.1807E+00  1.1808E+00
  2.1877E+00  1.2313E+00  1.2313E+00  1.2314E+00
  2.2026E+00  1.2844E+00  1.2844E+00  1.2844E+00
  2.2177E+00  1.3400E+00  1.3400E+00  1.3400E+00
  2.2329E+00  1.3982E+00  1.3982E+00  1.3983E+00
  2.2482E+00  1.4593E+00  1.4593E+00  1.4594E+00
  2.2635E+00  1.5234E+00  1.5234E+00  1.5234E+00
  2.2790E+00  1.5906E+00  1.5906E+00  1.5906E+00
  2.2946E+00  1.6611E+00  1.6611E+00  1.6611E+00
  2.3103E+00  1.7350E+00  1.7350E+00  1.7350E+00
  2.3261E+00  1.8127E+00  1.8127E+00  1.8126E+00
  2.3420E+00  1.8941E+00  1.8941E+00  1.8941E+00
  2.3580E+00  1.9797E+00  1.9797E+00  1.9796E+00
  2.3742E+00  2.0695E+00  2.0695E+00  2.0695E+00
  2.3904E+00  2.1639E+00  2.1639E+00  2.1638E+00
  2.4068E+00  2.2631E+00  2.2631E+00  2.2630E+00
  2.4232E+00  2.3673E+00  2.3673E+00  2.3672E+00
