 # l=           2 energy=  -4.9859719438877761     
  0.0000E+00  0.0000E+00  0.0000E+00  0.0000E+00
  6.5668E-07  4.4624E-20  3.6376E-15  5.0867E-15
  1.3178E-06  3.6067E-19  2.2168E-14  3.0999E-14
  1.9835E-06  1.2298E-18  6.4046E-14  8.9558E-14
  2.6538E-06  2.9452E-18  1.3631E-13  1.9061E-13
  3.3286E-06  5.8117E-18  2.4539E-13  3.4314E-13
  4.0081E-06  1.0146E-17  3.9736E-13  5.5565E-13
  4.6922E-06  1.6279E-17  5.9812E-13  8.3637E-13
  5.3809E-06  2.4552E-17  8.5341E-13  1.1933E-12
  6.0744E-06  3.5320E-17  1.1689E-12  1.6345E-12
  6.7726E-06  4.8953E-17  1.5503E-12  2.1679E-12
  7.4756E-06  6.5835E-17  2.0032E-12  2.8012E-12
  8.1834E-06  8.6361E-17  2.5334E-12  3.5425E-12
  8.8961E-06  1.1095E-16  3.1465E-12  4.3998E-12
  9.6136E-06  1.4001E-16  3.8482E-12  5.3811E-12
  1.0336E-05  1.7401E-16  4.6445E-12  6.4946E-12
  1.1063E-05  2.1339E-16  5.5412E-12  7.7485E-12
  1.1796E-05  2.5864E-16  6.5444E-12  9.1511E-12
  1.2533E-05  3.1023E-16  7.6599E-12  1.0711E-11
  1.3276E-05  3.6870E-16  8.8942E-12  1.2437E-11
  1.4023E-05  4.3455E-16  1.0253E-11  1.4337E-11
  1.4776E-05  5.0833E-16  1.1744E-11  1.6422E-11
  1.5533E-05  5.9062E-16  1.3372E-11  1.8698E-11
  1.6296E-05  6.8199E-16  1.5145E-11  2.1177E-11
  1.7064E-05  7.8304E-16  1.7069E-11  2.3867E-11
  1.7838E-05  8.9441E-16  1.9150E-11  2.6778E-11
  1.8617E-05  1.0167E-15  2.1397E-11  2.9920E-11
  1.9401E-05  1.1507E-15  2.3817E-11  3.3303E-11
  2.0190E-05  1.2969E-15  2.6415E-11  3.6937E-11
  2.0985E-05  1.4562E-15  2.9201E-11  4.0833E-11
  2.1785E-05  1.6292E-15  3.2182E-11  4.5000E-11
  2.2591E-05  1.8167E-15  3.5365E-11  4.9451E-11
  2.3402E-05  2.0196E-15  3.8758E-11  5.4196E-11
  2.4218E-05  2.2385E-15  4.2370E-11  5.9246E-11
  2.5041E-05  2.4743E-15  4.6208E-11  6.4614E-11
  2.5869E-05  2.7280E-15  5.0282E-11  7.0310E-11
  2.6702E-05  3.0003E-15  5.4600E-11  7.6348E-11
  2.7542E-05  3.2922E-15  5.9171E-11  8.2739E-11
  2.8387E-05  3.6046E-15  6.4003E-11  8.9496E-11
  2.9238E-05  3.9386E-15  6.9107E-11  9.6632E-11
  3.0094E-05  4.2950E-15  7.4491E-11  1.0416E-10
  3.0957E-05  4.6750E-15  8.0165E-11  1.1209E-10
  3.1825E-05  5.0795E-15  8.6139E-11  1.2045E-10
  3.2700E-05  5.5098E-15  9.2423E-11  1.2924E-10
  3.3580E-05  5.9669E-15  9.9028E-11  1.3847E-10
  3.4466E-05  6.4520E-15  1.0596E-10  1.4817E-10
  3.5359E-05  6.9663E-15  1.1324E-10  1.5835E-10
  3.6257E-05  7.5109E-15  1.2087E-10  1.6902E-10
  3.7162E-05  8.0873E-15  1.2887E-10  1.8019E-10
  3.8073E-05  8.6967E-15  1.3724E-10  1.9190E-10
  3.8990E-05  9.3404E-15  1.4599E-10  2.0414E-10
  3.9913E-05  1.0020E-14  1.5515E-10  2.1695E-10
  4.0843E-05  1.0736E-14  1.6472E-10  2.3032E-10
  4.1779E-05  1.1492E-14  1.7471E-10  2.4430E-10
  4.2721E-05  1.2287E-14  1.8514E-10  2.5888E-10
  4.3670E-05  1.3124E-14  1.9602E-10  2.7409E-10
  4.4626E-05  1.4004E-14  2.0736E-10  2.8995E-10
  4.5588E-05  1.4930E-14  2.1918E-10  3.0648E-10
  4.6556E-05  1.5902E-14  2.3149E-10  3.2370E-10
  4.7531E-05  1.6922E-14  2.4431E-10  3.4162E-10
  4.8513E-05  1.7992E-14  2.5765E-10  3.6027E-10
  4.9501E-05  1.9115E-14  2.7152E-10  3.7967E-10
  5.0497E-05  2.0291E-14  2.8594E-10  3.9984E-10
  5.1499E-05  2.1523E-14  3.0093E-10  4.2079E-10
  5.2508E-05  2.2813E-14  3.1651E-10  4.4257E-10
  5.3523E-05  2.4163E-14  3.3268E-10  4.6518E-10
  5.4546E-05  2.5574E-14  3.4946E-10  4.8865E-10
  5.5576E-05  2.7050E-14  3.6688E-10  5.1300E-10
  5.6613E-05  2.8593E-14  3.8495E-10  5.3827E-10
  5.7657E-05  3.0204E-14  4.0368E-10  5.6446E-10
  5.8708E-05  3.1886E-14  4.2310E-10  5.9162E-10
  5.9766E-05  3.3641E-14  4.4323E-10  6.1976E-10
  6.0831E-05  3.5473E-14  4.6407E-10  6.4891E-10
  6.1904E-05  3.7383E-14  4.8566E-10  6.7910E-10
  6.2984E-05  3.9374E-14  5.0802E-10  7.1035E-10
  6.4072E-05  4.1449E-14  5.3115E-10  7.4270E-10
  6.5167E-05  4.3610E-14  5.5509E-10  7.7618E-10
  6.6269E-05  4.5861E-14  5.7985E-10  8.1080E-10
  6.7379E-05  4.8204E-14  6.0546E-10  8.4661E-10
  6.8497E-05  5.0643E-14  6.3194E-10  8.8364E-10
  6.9622E-05  5.3180E-14  6.5931E-10  9.2191E-10
  7.0755E-05  5.5818E-14  6.8759E-10  9.6145E-10
  7.1895E-05  5.8562E-14  7.1681E-10  1.0023E-09
  7.3044E-05  6.1413E-14  7.4700E-10  1.0445E-09
  7.4200E-05  6.4376E-14  7.7816E-10  1.0881E-09
  7.5364E-05  6.7454E-14  8.1034E-10  1.1331E-09
  7.6536E-05  7.0650E-14  8.4356E-10  1.1795E-09
  7.7717E-05  7.3969E-14  8.7783E-10  1.2275E-09
  7.8905E-05  7.7414E-14  9.1320E-10  1.2769E-09
  8.0101E-05  8.0989E-14  9.4969E-10  1.3279E-09
  8.1306E-05  8.4698E-14  9.8731E-10  1.3805E-09
  8.2519E-05  8.8545E-14  1.0261E-09  1.4348E-09
  8.3740E-05  9.2534E-14  1.0661E-09  1.4907E-09
  8.4969E-05  9.6670E-14  1.1074E-09  1.5484E-09
  8.6207E-05  1.0096E-13  1.1499E-09  1.6078E-09
  8.7453E-05  1.0540E-13  1.1936E-09  1.6691E-09
  8.8708E-05  1.1000E-13  1.2388E-09  1.7321E-09
  8.9971E-05  1.1477E-13  1.2852E-09  1.7971E-09
  9.1244E-05  1.1971E-13  1.3331E-09  1.8640E-09
  9.2524E-05  1.2482E-13  1.3824E-09  1.9330E-09
  9.3814E-05  1.3011E-13  1.4331E-09  2.0039E-09
  9.5112E-05  1.3559E-13  1.4854E-09  2.0770E-09
  9.6419E-05  1.4126E-13  1.5391E-09  2.1521E-09
  9.7736E-05  1.4712E-13  1.5945E-09  2.2295E-09
  9.9061E-05  1.5318E-13  1.6514E-09  2.3091E-09
  1.0040E-04  1.5946E-13  1.7100E-09  2.3910E-09
  1.0174E-04  1.6595E-13  1.7702E-09  2.4753E-09
  1.0309E-04  1.7265E-13  1.8322E-09  2.5620E-09
  1.0445E-04  1.7959E-13  1.8960E-09  2.6511E-09
  1.0582E-04  1.8675E-13  1.9615E-09  2.7427E-09
  1.0720E-04  1.9415E-13  2.0289E-09  2.8369E-09
  1.0859E-04  2.0181E-13  2.0982E-09  2.9338E-09
  1.0999E-04  2.0971E-13  2.1694E-09  3.0334E-09
  1.1140E-04  2.1787E-13  2.2425E-09  3.1357E-09
  1.1282E-04  2.2630E-13  2.3177E-09  3.2408E-09
  1.1425E-04  2.3500E-13  2.3950E-09  3.3489E-09
  1.1569E-04  2.4399E-13  2.4744E-09  3.4599E-09
  1.1714E-04  2.5327E-13  2.5560E-09  3.5739E-09
  1.1859E-04  2.6284E-13  2.6397E-09  3.6910E-09
  1.2006E-04  2.7272E-13  2.7258E-09  3.8113E-09
  1.2154E-04  2.8292E-13  2.8141E-09  3.9349E-09
  1.2303E-04  2.9344E-13  2.9048E-09  4.0617E-09
  1.2453E-04  3.0429E-13  2.9980E-09  4.1920E-09
  1.2603E-04  3.1548E-13  3.0936E-09  4.3257E-09
  1.2755E-04  3.2702E-13  3.1918E-09  4.4630E-09
  1.2908E-04  3.3893E-13  3.2926E-09  4.6039E-09
  1.3062E-04  3.5120E-13  3.3960E-09  4.7485E-09
  1.3217E-04  3.6385E-13  3.5021E-09  4.8969E-09
  1.3373E-04  3.7689E-13  3.6110E-09  5.0491E-09
  1.3530E-04  3.9034E-13  3.7227E-09  5.2054E-09
  1.3689E-04  4.0419E-13  3.8374E-09  5.3657E-09
  1.3848E-04  4.1847E-13  3.9550E-09  5.5301E-09
  1.4008E-04  4.3318E-13  4.0756E-09  5.6988E-09
  1.4170E-04  4.4833E-13  4.1994E-09  5.8718E-09
  1.4332E-04  4.6394E-13  4.3263E-09  6.0493E-09
  1.4496E-04  4.8002E-13  4.4564E-09  6.2313E-09
  1.4661E-04  4.9658E-13  4.5899E-09  6.4179E-09
  1.4827E-04  5.1363E-13  4.7267E-09  6.6092E-09
  1.4994E-04  5.3119E-13  4.8670E-09  6.8054E-09
  1.5162E-04  5.4927E-13  5.0109E-09  7.0065E-09
  1.5331E-04  5.6789E-13  5.1583E-09  7.2126E-09
  1.5502E-04  5.8705E-13  5.3094E-09  7.4240E-09
  1.5674E-04  6.0677E-13  5.4643E-09  7.6406E-09
  1.5847E-04  6.2707E-13  5.6231E-09  7.8626E-09
  1.6021E-04  6.4796E-13  5.7858E-09  8.0901E-09
  1.6196E-04  6.6946E-13  5.9526E-09  8.3232E-09
  1.6372E-04  6.9158E-13  6.1234E-09  8.5621E-09
  1.6550E-04  7.1434E-13  6.2985E-09  8.8069E-09
  1.6729E-04  7.3775E-13  6.4778E-09  9.0576E-09
  1.6909E-04  7.6183E-13  6.6615E-09  9.3145E-09
  1.7090E-04  7.8660E-13  6.8498E-09  9.5777E-09
  1.7273E-04  8.1208E-13  7.0426E-09  9.8473E-09
  1.7457E-04  8.3829E-13  7.2401E-09  1.0123E-08
  1.7642E-04  8.6523E-13  7.4423E-09  1.0406E-08
  1.7828E-04  8.9294E-13  7.6495E-09  1.0696E-08
  1.8016E-04  9.2142E-13  7.8616E-09  1.0993E-08
  1.8205E-04  9.5071E-13  8.0788E-09  1.1296E-08
  1.8395E-04  9.8082E-13  8.3013E-09  1.1607E-08
  1.8586E-04  1.0118E-12  8.5290E-09  1.1926E-08
  1.8779E-04  1.0436E-12  8.7622E-09  1.2252E-08
  1.8973E-04  1.0763E-12  9.0009E-09  1.2586E-08
  1.9169E-04  1.1099E-12  9.2453E-09  1.2927E-08
  1.9365E-04  1.1444E-12  9.4955E-09  1.3277E-08
  1.9563E-04  1.1799E-12  9.7516E-09  1.3635E-08
  1.9763E-04  1.2164E-12  1.0014E-08  1.4002E-08
  1.9964E-04  1.2538E-12  1.0282E-08  1.4377E-08
  2.0166E-04  1.2923E-12  1.0557E-08  1.4761E-08
  2.0370E-04  1.3319E-12  1.0838E-08  1.5154E-08
  2.0575E-04  1.3725E-12  1.1125E-08  1.5556E-08
  2.0781E-04  1.4142E-12  1.1420E-08  1.5967E-08
  2.0989E-04  1.4570E-12  1.1721E-08  1.6388E-08
  2.1198E-04  1.5011E-12  1.2029E-08  1.6819E-08
  2.1409E-04  1.5463E-12  1.2344E-08  1.7260E-08
  2.1621E-04  1.5927E-12  1.2667E-08  1.7711E-08
  2.1834E-04  1.6403E-12  1.2997E-08  1.8172E-08
  2.2049E-04  1.6893E-12  1.3334E-08  1.8644E-08
  2.2266E-04  1.7395E-12  1.3679E-08  1.9127E-08
  2.2484E-04  1.7911E-12  1.4033E-08  1.9621E-08
  2.2703E-04  1.8441E-12  1.4394E-08  2.0126E-08
  2.2924E-04  1.8984E-12  1.4764E-08  2.0643E-08
  2.3147E-04  1.9542E-12  1.5142E-08  2.1172E-08
  2.3371E-04  2.0115E-12  1.5528E-08  2.1712E-08
  2.3596E-04  2.0703E-12  1.5924E-08  2.2265E-08
  2.3823E-04  2.1306E-12  1.6328E-08  2.2830E-08
  2.4052E-04  2.1926E-12  1.6741E-08  2.3409E-08
  2.4282E-04  2.2561E-12  1.7164E-08  2.4000E-08
  2.4514E-04  2.3213E-12  1.7597E-08  2.4604E-08
  2.4747E-04  2.3883E-12  1.8039E-08  2.5222E-08
  2.4982E-04  2.4569E-12  1.8491E-08  2.5854E-08
  2.5219E-04  2.5274E-12  1.8953E-08  2.6501E-08
  2.5457E-04  2.5997E-12  1.9425E-08  2.7161E-08
  2.5697E-04  2.6738E-12  1.9908E-08  2.7837E-08
  2.5938E-04  2.7499E-12  2.0402E-08  2.8527E-08
  2.6181E-04  2.8279E-12  2.0907E-08  2.9233E-08
  2.6426E-04  2.9080E-12  2.1423E-08  2.9955E-08
  2.6672E-04  2.9901E-12  2.1951E-08  3.0692E-08
  2.6920E-04  3.0743E-12  2.2490E-08  3.1446E-08
  2.7170E-04  3.1607E-12  2.3041E-08  3.2217E-08
  2.7422E-04  3.2493E-12  2.3604E-08  3.3005E-08
  2.7675E-04  3.3401E-12  2.4180E-08  3.3810E-08
  2.7930E-04  3.4333E-12  2.4769E-08  3.4632E-08
  2.8186E-04  3.5289E-12  2.5370E-08  3.5473E-08
  2.8445E-04  3.6268E-12  2.5985E-08  3.6333E-08
  2.8705E-04  3.7273E-12  2.6613E-08  3.7211E-08
  2.8967E-04  3.8303E-12  2.7255E-08  3.8108E-08
  2.9231E-04  3.9359E-12  2.7910E-08  3.9025E-08
  2.9497E-04  4.0441E-12  2.8581E-08  3.9962E-08
  2.9764E-04  4.1551E-12  2.9265E-08  4.0920E-08
  3.0033E-04  4.2689E-12  2.9965E-08  4.1898E-08
  3.0304E-04  4.3856E-12  3.0680E-08  4.2898E-08
  3.0577E-04  4.5051E-12  3.1410E-08  4.3919E-08
  3.0852E-04  4.6277E-12  3.2157E-08  4.4963E-08
  3.1129E-04  4.7533E-12  3.2919E-08  4.6029E-08
  3.1407E-04  4.8821E-12  3.3698E-08  4.7118E-08
  3.1688E-04  5.0141E-12  3.4494E-08  4.8230E-08
  3.1970E-04  5.1493E-12  3.5307E-08  4.9367E-08
  3.2255E-04  5.2879E-12  3.6137E-08  5.0528E-08
  3.2541E-04  5.4300E-12  3.6986E-08  5.1714E-08
  3.2829E-04  5.5756E-12  3.7852E-08  5.2926E-08
  3.3119E-04  5.7247E-12  3.8737E-08  5.4163E-08
  3.3412E-04  5.8776E-12  3.9641E-08  5.5427E-08
  3.3706E-04  6.0342E-12  4.0565E-08  5.6719E-08
  3.4002E-04  6.1947E-12  4.1508E-08  5.8037E-08
  3.4300E-04  6.3592E-12  4.2471E-08  5.9384E-08
  3.4600E-04  6.5276E-12  4.3455E-08  6.0760E-08
  3.4903E-04  6.7003E-12  4.4460E-08  6.2165E-08
  3.5207E-04  6.8771E-12  4.5486E-08  6.3600E-08
  3.5514E-04  7.0583E-12  4.6534E-08  6.5065E-08
  3.5822E-04  7.2438E-12  4.7605E-08  6.6562E-08
  3.6133E-04  7.4340E-12  4.8698E-08  6.8090E-08
  3.6446E-04  7.6287E-12  4.9814E-08  6.9651E-08
  3.6761E-04  7.8282E-12  5.0954E-08  7.1244E-08
  3.7078E-04  8.0325E-12  5.2117E-08  7.2872E-08
  3.7397E-04  8.2418E-12  5.3306E-08  7.4533E-08
  3.7719E-04  8.4562E-12  5.4519E-08  7.6230E-08
  3.8042E-04  8.6757E-12  5.5759E-08  7.7963E-08
  3.8368E-04  8.9006E-12  5.7024E-08  7.9732E-08
  3.8696E-04  9.1309E-12  5.8315E-08  8.1538E-08
  3.9026E-04  9.3668E-12  5.9634E-08  8.3382E-08
  3.9359E-04  9.6083E-12  6.0981E-08  8.5265E-08
  3.9694E-04  9.8556E-12  6.2356E-08  8.7187E-08
  4.0031E-04  1.0109E-11  6.3759E-08  8.9150E-08
  4.0371E-04  1.0368E-11  6.5192E-08  9.1153E-08
  4.0712E-04  1.0634E-11  6.6655E-08  9.3199E-08
  4.1057E-04  1.0906E-11  6.8149E-08  9.5287E-08
  4.1403E-04  1.1184E-11  6.9674E-08  9.7419E-08
  4.1752E-04  1.1469E-11  7.1230E-08  9.9595E-08
  4.2103E-04  1.1761E-11  7.2819E-08  1.0182E-07
  4.2457E-04  1.2060E-11  7.4441E-08  1.0408E-07
  4.2813E-04  1.2366E-11  7.6096E-08  1.0640E-07
  4.3171E-04  1.2679E-11  7.7786E-08  1.0876E-07
  4.3532E-04  1.3000E-11  7.9511E-08  1.1117E-07
  4.3896E-04  1.3328E-11  8.1272E-08  1.1364E-07
  4.4262E-04  1.3664E-11  8.3070E-08  1.1615E-07
  4.4630E-04  1.4009E-11  8.4904E-08  1.1871E-07
  4.5001E-04  1.4361E-11  8.6777E-08  1.2133E-07
  4.5374E-04  1.4721E-11  8.8688E-08  1.2400E-07
  4.5750E-04  1.5090E-11  9.0638E-08  1.2673E-07
  4.6129E-04  1.5468E-11  9.2629E-08  1.2951E-07
  4.6510E-04  1.5855E-11  9.4661E-08  1.3236E-07
  4.6894E-04  1.6250E-11  9.6735E-08  1.3526E-07
  4.7280E-04  1.6655E-11  9.8851E-08  1.3821E-07
  4.7669E-04  1.7070E-11  1.0101E-07  1.4123E-07
  4.8061E-04  1.7494E-11  1.0321E-07  1.4432E-07
  4.8456E-04  1.7928E-11  1.0546E-07  1.4746E-07
  4.8853E-04  1.8373E-11  1.0776E-07  1.5067E-07
  4.9253E-04  1.8828E-11  1.1010E-07  1.5395E-07
  4.9655E-04  1.9293E-11  1.1249E-07  1.5729E-07
  5.0060E-04  1.9769E-11  1.1493E-07  1.6070E-07
  5.0468E-04  2.0257E-11  1.1742E-07  1.6418E-07
  5.0879E-04  2.0756E-11  1.1996E-07  1.6773E-07
  5.1293E-04  2.1266E-11  1.2255E-07  1.7136E-07
  5.1709E-04  2.1788E-11  1.2520E-07  1.7505E-07
  5.2129E-04  2.2323E-11  1.2790E-07  1.7883E-07
  5.2551E-04  2.2869E-11  1.3065E-07  1.8268E-07
  5.2976E-04  2.3429E-11  1.3346E-07  1.8661E-07
  5.3404E-04  2.4001E-11  1.3633E-07  1.9062E-07
  5.3835E-04  2.4587E-11  1.3926E-07  1.9471E-07
  5.4269E-04  2.5186E-11  1.4224E-07  1.9888E-07
  5.4706E-04  2.5800E-11  1.4529E-07  2.0314E-07
  5.5146E-04  2.6427E-11  1.4839E-07  2.0748E-07
  5.5589E-04  2.7069E-11  1.5156E-07  2.1192E-07
  5.6034E-04  2.7725E-11  1.5480E-07  2.1644E-07
  5.6483E-04  2.8397E-11  1.5810E-07  2.2105E-07
  5.6935E-04  2.9084E-11  1.6147E-07  2.2576E-07
  5.7390E-04  2.9787E-11  1.6490E-07  2.3057E-07
  5.7849E-04  3.0506E-11  1.6841E-07  2.3547E-07
  5.8310E-04  3.1242E-11  1.7198E-07  2.4046E-07
  5.8775E-04  3.1995E-11  1.7563E-07  2.4556E-07
  5.9242E-04  3.2765E-11  1.7935E-07  2.5077E-07
  5.9713E-04  3.3552E-11  1.8315E-07  2.5608E-07
  6.0187E-04  3.4358E-11  1.8702E-07  2.6149E-07
  6.0665E-04  3.5182E-11  1.9097E-07  2.6701E-07
  6.1145E-04  3.6024E-11  1.9500E-07  2.7265E-07
  6.1629E-04  3.6886E-11  1.9911E-07  2.7840E-07
  6.2116E-04  3.7768E-11  2.0331E-07  2.8426E-07
  6.2607E-04  3.8670E-11  2.0759E-07  2.9025E-07
  6.3101E-04  3.9592E-11  2.1195E-07  2.9635E-07
  6.3598E-04  4.0536E-11  2.1640E-07  3.0257E-07
  6.4099E-04  4.1501E-11  2.2094E-07  3.0892E-07
  6.4603E-04  4.2488E-11  2.2558E-07  3.1540E-07
  6.5110E-04  4.3497E-11  2.3030E-07  3.2201E-07
  6.5621E-04  4.4529E-11  2.3512E-07  3.2875E-07
  6.6136E-04  4.5585E-11  2.4004E-07  3.3562E-07
  6.6654E-04  4.6664E-11  2.4505E-07  3.4263E-07
  6.7175E-04  4.7768E-11  2.5017E-07  3.4978E-07
  6.7700E-04  4.8897E-11  2.5539E-07  3.5708E-07
  6.8229E-04  5.0052E-11  2.6071E-07  3.6452E-07
  6.8762E-04  5.1233E-11  2.6614E-07  3.7211E-07
  6.9298E-04  5.2440E-11  2.7167E-07  3.7985E-07
  6.9837E-04  5.3675E-11  2.7732E-07  3.8775E-07
  7.0381E-04  5.4937E-11  2.8308E-07  3.9580E-07
  7.0928E-04  5.6228E-11  2.8895E-07  4.0401E-07
  7.1478E-04  5.7549E-11  2.9495E-07  4.1239E-07
  7.2033E-04  5.8899E-11  3.0106E-07  4.2093E-07
  7.2591E-04  6.0279E-11  3.0729E-07  4.2965E-07
  7.3153E-04  6.1690E-11  3.1365E-07  4.3854E-07
  7.3720E-04  6.3133E-11  3.2013E-07  4.4760E-07
  7.4289E-04  6.4609E-11  3.2674E-07  4.5684E-07
  7.4863E-04  6.6117E-11  3.3349E-07  4.6627E-07
  7.5441E-04  6.7660E-11  3.4036E-07  4.7589E-07
  7.6023E-04  6.9237E-11  3.4738E-07  4.8569E-07
  7.6608E-04  7.0850E-11  3.5453E-07  4.9570E-07
  7.7198E-04  7.2498E-11  3.6182E-07  5.0590E-07
  7.7792E-04  7.4184E-11  3.6926E-07  5.1630E-07
  7.8389E-04  7.5907E-11  3.7685E-07  5.2691E-07
  7.8991E-04  7.7669E-11  3.8459E-07  5.3772E-07
  7.9597E-04  7.9470E-11  3.9248E-07  5.4876E-07
  8.0207E-04  8.1311E-11  4.0053E-07  5.6001E-07
  8.0822E-04  8.3194E-11  4.0873E-07  5.7148E-07
  8.1440E-04  8.5119E-11  4.1710E-07  5.8318E-07
  8.2063E-04  8.7086E-11  4.2564E-07  5.9511E-07
  8.2690E-04  8.9097E-11  4.3434E-07  6.0728E-07
  8.3321E-04  9.1153E-11  4.4321E-07  6.1969E-07
  8.3956E-04  9.3255E-11  4.5227E-07  6.3234E-07
  8.4596E-04  9.5404E-11  4.6149E-07  6.4525E-07
  8.5241E-04  9.7600E-11  4.7091E-07  6.5841E-07
  8.5889E-04  9.9846E-11  4.8050E-07  6.7182E-07
  8.6543E-04  1.0214E-10  4.9029E-07  6.8551E-07
  8.7200E-04  1.0449E-10  5.0027E-07  6.9946E-07
  8.7862E-04  1.0689E-10  5.1044E-07  7.1369E-07
  8.8529E-04  1.0934E-10  5.2082E-07  7.2819E-07
  8.9200E-04  1.1184E-10  5.3140E-07  7.4299E-07
  8.9876E-04  1.1440E-10  5.4219E-07  7.5807E-07
  9.0556E-04  1.1702E-10  5.5319E-07  7.7346E-07
  9.1241E-04  1.1970E-10  5.6441E-07  7.8914E-07
  9.1931E-04  1.2243E-10  5.7585E-07  8.0513E-07
  9.2626E-04  1.2523E-10  5.8751E-07  8.2144E-07
  9.3325E-04  1.2809E-10  5.9941E-07  8.3807E-07
  9.4029E-04  1.3101E-10  6.1153E-07  8.5502E-07
  9.4738E-04  1.3399E-10  6.2390E-07  8.7231E-07
  9.5451E-04  1.3704E-10  6.3651E-07  8.8994E-07
  9.6170E-04  1.4016E-10  6.4936E-07  9.0791E-07
  9.6893E-04  1.4335E-10  6.6247E-07  9.2624E-07
  9.7622E-04  1.4660E-10  6.7583E-07  9.4493E-07
  9.8355E-04  1.4993E-10  6.8946E-07  9.6398E-07
  9.9093E-04  1.5334E-10  7.0336E-07  9.8341E-07
  9.9837E-04  1.5681E-10  7.1752E-07  1.0032E-06
  1.0059E-03  1.6037E-10  7.3197E-07  1.0234E-06
  1.0134E-03  1.6400E-10  7.4670E-07  1.0440E-06
  1.0210E-03  1.6771E-10  7.6171E-07  1.0650E-06
  1.0286E-03  1.7150E-10  7.7702E-07  1.0864E-06
  1.0363E-03  1.7538E-10  7.9263E-07  1.1082E-06
  1.0441E-03  1.7934E-10  8.0855E-07  1.1305E-06
  1.0519E-03  1.8339E-10  8.2478E-07  1.1532E-06
  1.0597E-03  1.8753E-10  8.4132E-07  1.1763E-06
  1.0676E-03  1.9176E-10  8.5819E-07  1.1999E-06
  1.0756E-03  1.9608E-10  8.7539E-07  1.2239E-06
  1.0836E-03  2.0049E-10  8.9292E-07  1.2484E-06
  1.0916E-03  2.0500E-10  9.1080E-07  1.2734E-06
  1.0998E-03  2.0961E-10  9.2902E-07  1.2989E-06
  1.1080E-03  2.1433E-10  9.4761E-07  1.3249E-06
  1.1162E-03  2.1914E-10  9.6655E-07  1.3514E-06
  1.1245E-03  2.2406E-10  9.8587E-07  1.3784E-06
  1.1328E-03  2.2909E-10  1.0056E-06  1.4059E-06
  1.1412E-03  2.3422E-10  1.0256E-06  1.4340E-06
  1.1497E-03  2.3947E-10  1.0461E-06  1.4626E-06
  1.1582E-03  2.4484E-10  1.0670E-06  1.4918E-06
  1.1668E-03  2.5032E-10  1.0882E-06  1.5215E-06
  1.1754E-03  2.5592E-10  1.1099E-06  1.5519E-06
  1.1841E-03  2.6164E-10  1.1320E-06  1.5828E-06
  1.1929E-03  2.6749E-10  1.1546E-06  1.6143E-06
  1.2017E-03  2.7346E-10  1.1776E-06  1.6464E-06
  1.2106E-03  2.7957E-10  1.2010E-06  1.6792E-06
  1.2195E-03  2.8580E-10  1.2249E-06  1.7126E-06
  1.2285E-03  2.9218E-10  1.2492E-06  1.7466E-06
  1.2376E-03  2.9869E-10  1.2741E-06  1.7813E-06
  1.2467E-03  3.0534E-10  1.2994E-06  1.8167E-06
  1.2559E-03  3.1214E-10  1.3252E-06  1.8528E-06
  1.2651E-03  3.1908E-10  1.3515E-06  1.8895E-06
  1.2744E-03  3.2618E-10  1.3783E-06  1.9270E-06
  1.2838E-03  3.3343E-10  1.4056E-06  1.9652E-06
  1.2932E-03  3.4084E-10  1.4335E-06  2.0042E-06
  1.3027E-03  3.4841E-10  1.4619E-06  2.0439E-06
  1.3123E-03  3.5614E-10  1.4908E-06  2.0844E-06
  1.3219E-03  3.6404E-10  1.5204E-06  2.1257E-06
  1.3316E-03  3.7211E-10  1.5505E-06  2.1678E-06
  1.3414E-03  3.8036E-10  1.5811E-06  2.2107E-06
  1.3512E-03  3.8878E-10  1.6124E-06  2.2544E-06
  1.3611E-03  3.9739E-10  1.6443E-06  2.2990E-06
  1.3711E-03  4.0618E-10  1.6768E-06  2.3444E-06
  1.3811E-03  4.1517E-10  1.7099E-06  2.3907E-06
  1.3912E-03  4.2435E-10  1.7437E-06  2.4379E-06
  1.4014E-03  4.3372E-10  1.7781E-06  2.4861E-06
  1.4117E-03  4.4330E-10  1.8132E-06  2.5351E-06
  1.4220E-03  4.5309E-10  1.8490E-06  2.5852E-06
  1.4324E-03  4.6308E-10  1.8855E-06  2.6362E-06
  1.4428E-03  4.7330E-10  1.9227E-06  2.6881E-06
  1.4533E-03  4.8373E-10  1.9606E-06  2.7411E-06
  1.4639E-03  4.9439E-10  1.9992E-06  2.7951E-06
  1.4746E-03  5.0528E-10  2.0386E-06  2.8502E-06
  1.4853E-03  5.1640E-10  2.0787E-06  2.9063E-06
  1.4962E-03  5.2777E-10  2.1196E-06  2.9635E-06
  1.5070E-03  5.3938E-10  2.1614E-06  3.0219E-06
  1.5180E-03  5.5123E-10  2.2039E-06  3.0813E-06
  1.5291E-03  5.6335E-10  2.2472E-06  3.1419E-06
  1.5402E-03  5.7572E-10  2.2914E-06  3.2037E-06
  1.5514E-03  5.8836E-10  2.3364E-06  3.2667E-06
  1.5626E-03  6.0128E-10  2.3824E-06  3.3308E-06
  1.5740E-03  6.1447E-10  2.4292E-06  3.3963E-06
  1.5854E-03  6.2794E-10  2.4769E-06  3.4630E-06
  1.5969E-03  6.4171E-10  2.5255E-06  3.5310E-06
  1.6085E-03  6.5577E-10  2.5750E-06  3.6002E-06
  1.6201E-03  6.7013E-10  2.6256E-06  3.6709E-06
  1.6319E-03  6.8480E-10  2.6771E-06  3.7429E-06
  1.6437E-03  6.9979E-10  2.7296E-06  3.8163E-06
  1.6556E-03  7.1510E-10  2.7831E-06  3.8911E-06
  1.6676E-03  7.3074E-10  2.8376E-06  3.9674E-06
  1.6796E-03  7.4671E-10  2.8932E-06  4.0451E-06
  1.6918E-03  7.6302E-10  2.9499E-06  4.1243E-06
  1.7040E-03  7.7969E-10  3.0077E-06  4.2051E-06
  1.7163E-03  7.9671E-10  3.0665E-06  4.2874E-06
  1.7287E-03  8.1410E-10  3.1266E-06  4.3713E-06
  1.7412E-03  8.3186E-10  3.1877E-06  4.4568E-06
  1.7538E-03  8.5000E-10  3.2501E-06  4.5440E-06
  1.7664E-03  8.6853E-10  3.3136E-06  4.6329E-06
  1.7791E-03  8.8746E-10  3.3784E-06  4.7235E-06
  1.7920E-03  9.0679E-10  3.4445E-06  4.8158E-06
  1.8049E-03  9.2653E-10  3.5118E-06  4.9099E-06
  1.8179E-03  9.4670E-10  3.5804E-06  5.0058E-06
  1.8310E-03  9.6730E-10  3.6503E-06  5.1036E-06
  1.8442E-03  9.8834E-10  3.7216E-06  5.2032E-06
  1.8574E-03  1.0098E-09  3.7942E-06  5.3048E-06
  1.8708E-03  1.0318E-09  3.8683E-06  5.4083E-06
  1.8842E-03  1.0542E-09  3.9438E-06  5.5138E-06
  1.8978E-03  1.0771E-09  4.0207E-06  5.6214E-06
  1.9114E-03  1.1005E-09  4.0991E-06  5.7310E-06
  1.9252E-03  1.1244E-09  4.1790E-06  5.8428E-06
  1.9390E-03  1.1488E-09  4.2605E-06  5.9567E-06
  1.9529E-03  1.1737E-09  4.3435E-06  6.0728E-06
  1.9669E-03  1.1991E-09  4.4282E-06  6.1911E-06
  1.9810E-03  1.2251E-09  4.5144E-06  6.3117E-06
  1.9952E-03  1.2517E-09  4.6023E-06  6.4346E-06
  2.0095E-03  1.2788E-09  4.6920E-06  6.5599E-06
  2.0239E-03  1.3065E-09  4.7833E-06  6.6876E-06
  2.0384E-03  1.3348E-09  4.8764E-06  6.8177E-06
  2.0530E-03  1.3636E-09  4.9713E-06  6.9504E-06
  2.0677E-03  1.3931E-09  5.0680E-06  7.0856E-06
  2.0825E-03  1.4233E-09  5.1665E-06  7.2234E-06
  2.0974E-03  1.4540E-09  5.2670E-06  7.3639E-06
  2.1124E-03  1.4855E-09  5.3694E-06  7.5070E-06
  2.1275E-03  1.5176E-09  5.4738E-06  7.6529E-06
  2.1428E-03  1.5503E-09  5.5801E-06  7.8016E-06
  2.1581E-03  1.5838E-09  5.6885E-06  7.9532E-06
  2.1735E-03  1.6180E-09  5.7990E-06  8.1077E-06
  2.1890E-03  1.6529E-09  5.9117E-06  8.2651E-06
  2.2046E-03  1.6886E-09  6.0264E-06  8.4256E-06
  2.2204E-03  1.7250E-09  6.1434E-06  8.5892E-06
  2.2362E-03  1.7622E-09  6.2627E-06  8.7558E-06
  2.2522E-03  1.8002E-09  6.3842E-06  8.9257E-06
  2.2682E-03  1.8390E-09  6.5080E-06  9.0989E-06
  2.2844E-03  1.8786E-09  6.6343E-06  9.2754E-06
  2.3007E-03  1.9190E-09  6.7629E-06  9.4553E-06
  2.3171E-03  1.9603E-09  6.8940E-06  9.6386E-06
  2.3336E-03  2.0025E-09  7.0277E-06  9.8254E-06
  2.3502E-03  2.0456E-09  7.1639E-06  1.0016E-05
  2.3669E-03  2.0896E-09  7.3027E-06  1.0210E-05
  2.3838E-03  2.1345E-09  7.4442E-06  1.0408E-05
  2.4007E-03  2.1804E-09  7.5884E-06  1.0609E-05
  2.4178E-03  2.2273E-09  7.7353E-06  1.0815E-05
  2.4350E-03  2.2752E-09  7.8851E-06  1.1024E-05
  2.4523E-03  2.3240E-09  8.0377E-06  1.1238E-05
  2.4697E-03  2.3739E-09  8.1933E-06  1.1455E-05
  2.4873E-03  2.4249E-09  8.3519E-06  1.1677E-05
  2.5050E-03  2.4769E-09  8.5134E-06  1.1903E-05
  2.5228E-03  2.5301E-09  8.6781E-06  1.2133E-05
  2.5407E-03  2.5844E-09  8.8460E-06  1.2367E-05
  2.5587E-03  2.6398E-09  9.0170E-06  1.2607E-05
  2.5769E-03  2.6964E-09  9.1913E-06  1.2850E-05
  2.5951E-03  2.7542E-09  9.3690E-06  1.3099E-05
  2.6136E-03  2.8132E-09  9.5500E-06  1.3352E-05
  2.6321E-03  2.8735E-09  9.7346E-06  1.3610E-05
  2.6507E-03  2.9350E-09  9.9226E-06  1.3873E-05
  2.6695E-03  2.9979E-09  1.0114E-05  1.4141E-05
  2.6884E-03  3.0621E-09  1.0310E-05  1.4414E-05
  2.7075E-03  3.1276E-09  1.0509E-05  1.4692E-05
  2.7267E-03  3.1945E-09  1.0712E-05  1.4976E-05
  2.7460E-03  3.2629E-09  1.0918E-05  1.5265E-05
  2.7654E-03  3.3326E-09  1.1129E-05  1.5559E-05
  2.7850E-03  3.4039E-09  1.1344E-05  1.5859E-05
  2.8047E-03  3.4767E-09  1.1563E-05  1.6165E-05
  2.8245E-03  3.5510E-09  1.1786E-05  1.6477E-05
  2.8445E-03  3.6269E-09  1.2013E-05  1.6795E-05
  2.8646E-03  3.7043E-09  1.2244E-05  1.7119E-05
  2.8849E-03  3.7834E-09  1.2480E-05  1.7449E-05
  2.9053E-03  3.8642E-09  1.2721E-05  1.7785E-05
  2.9258E-03  3.9467E-09  1.2966E-05  1.8128E-05
  2.9465E-03  4.0310E-09  1.3216E-05  1.8477E-05
  2.9673E-03  4.1170E-09  1.3471E-05  1.8833E-05
  2.9882E-03  4.2048E-09  1.3730E-05  1.9196E-05
  3.0093E-03  4.2945E-09  1.3994E-05  1.9565E-05
  3.0306E-03  4.3861E-09  1.4264E-05  1.9942E-05
  3.0519E-03  4.4796E-09  1.4538E-05  2.0326E-05
  3.0735E-03  4.5750E-09  1.4818E-05  2.0717E-05
  3.0951E-03  4.6725E-09  1.5103E-05  2.1116E-05
  3.1170E-03  4.7721E-09  1.5394E-05  2.1522E-05
  3.1390E-03  4.8737E-09  1.5690E-05  2.1936E-05
  3.1611E-03  4.9775E-09  1.5992E-05  2.2358E-05
  3.1834E-03  5.0835E-09  1.6299E-05  2.2788E-05
  3.2058E-03  5.1917E-09  1.6613E-05  2.3226E-05
  3.2284E-03  5.3022E-09  1.6932E-05  2.3672E-05
  3.2511E-03  5.4151E-09  1.7257E-05  2.4127E-05
  3.2740E-03  5.5303E-09  1.7589E-05  2.4591E-05
  3.2971E-03  5.6479E-09  1.7927E-05  2.5063E-05
  3.3203E-03  5.7680E-09  1.8271E-05  2.5545E-05
  3.3436E-03  5.8906E-09  1.8622E-05  2.6035E-05
  3.3672E-03  6.0159E-09  1.8980E-05  2.6535E-05
  3.3908E-03  6.1437E-09  1.9344E-05  2.7045E-05
  3.4147E-03  6.2743E-09  1.9716E-05  2.7564E-05
  3.4387E-03  6.4076E-09  2.0094E-05  2.8093E-05
  3.4629E-03  6.5437E-09  2.0480E-05  2.8632E-05
  3.4872E-03  6.6826E-09  2.0872E-05  2.9181E-05
  3.5117E-03  6.8245E-09  2.1273E-05  2.9741E-05
  3.5364E-03  6.9694E-09  2.1681E-05  3.0311E-05
  3.5613E-03  7.1173E-09  2.2096E-05  3.0892E-05
  3.5863E-03  7.2684E-09  2.2520E-05  3.1485E-05
  3.6115E-03  7.4226E-09  2.2952E-05  3.2088E-05
  3.6368E-03  7.5800E-09  2.3392E-05  3.2703E-05
  3.6623E-03  7.7408E-09  2.3840E-05  3.3330E-05
  3.6881E-03  7.9049E-09  2.4297E-05  3.3968E-05
  3.7139E-03  8.0725E-09  2.4762E-05  3.4619E-05
  3.7400E-03  8.2437E-09  2.5236E-05  3.5282E-05
  3.7662E-03  8.4184E-09  2.5719E-05  3.5957E-05
  3.7926E-03  8.5968E-09  2.6212E-05  3.6646E-05
  3.8192E-03  8.7789E-09  2.6713E-05  3.7347E-05
  3.8460E-03  8.9649E-09  2.7225E-05  3.8062E-05
  3.8730E-03  9.1547E-09  2.7746E-05  3.8790E-05
  3.9001E-03  9.3486E-09  2.8276E-05  3.9532E-05
  3.9275E-03  9.5465E-09  2.8817E-05  4.0288E-05
  3.9550E-03  9.7486E-09  2.9368E-05  4.1058E-05
  3.9827E-03  9.9549E-09  2.9930E-05  4.1843E-05
  4.0106E-03  1.0166E-08  3.0502E-05  4.2643E-05
  4.0387E-03  1.0381E-08  3.1085E-05  4.3458E-05
  4.0670E-03  1.0600E-08  3.1679E-05  4.4289E-05
  4.0954E-03  1.0825E-08  3.2284E-05  4.5135E-05
  4.1241E-03  1.1053E-08  3.2901E-05  4.5997E-05
  4.1530E-03  1.1287E-08  3.3529E-05  4.6875E-05
  4.1820E-03  1.1526E-08  3.4169E-05  4.7770E-05
  4.2113E-03  1.1769E-08  3.4821E-05  4.8682E-05
  4.2408E-03  1.2018E-08  3.5486E-05  4.9611E-05
  4.2704E-03  1.2272E-08  3.6163E-05  5.0558E-05
  4.3003E-03  1.2531E-08  3.6853E-05  5.1522E-05
  4.3304E-03  1.2796E-08  3.7556E-05  5.2505E-05
  4.3606E-03  1.3066E-08  3.8272E-05  5.3506E-05
  4.3911E-03  1.3342E-08  3.9002E-05  5.4526E-05
  4.4218E-03  1.3624E-08  3.9746E-05  5.5566E-05
  4.4527E-03  1.3912E-08  4.0503E-05  5.6625E-05
  4.4838E-03  1.4205E-08  4.1275E-05  5.7704E-05
  4.5151E-03  1.4505E-08  4.2061E-05  5.8803E-05
  4.5467E-03  1.4811E-08  4.2862E-05  5.9923E-05
  4.5784E-03  1.5124E-08  4.3679E-05  6.1064E-05
  4.6104E-03  1.5443E-08  4.4510E-05  6.2227E-05
  4.6426E-03  1.5768E-08  4.5358E-05  6.3411E-05
  4.6750E-03  1.6101E-08  4.6221E-05  6.4618E-05
  4.7076E-03  1.6441E-08  4.7100E-05  6.5848E-05
  4.7405E-03  1.6787E-08  4.7996E-05  6.7100E-05
  4.7736E-03  1.7141E-08  4.8909E-05  6.8377E-05
  4.8069E-03  1.7502E-08  4.9839E-05  6.9677E-05
  4.8404E-03  1.7871E-08  5.0787E-05  7.1001E-05
  4.8742E-03  1.8248E-08  5.1752E-05  7.2351E-05
  4.9082E-03  1.8632E-08  5.2735E-05  7.3726E-05
  4.9424E-03  1.9025E-08  5.3737E-05  7.5126E-05
  4.9769E-03  1.9426E-08  5.4758E-05  7.6553E-05
  5.0116E-03  1.9835E-08  5.5798E-05  7.8007E-05
  5.0465E-03  2.0252E-08  5.6857E-05  7.9488E-05
  5.0817E-03  2.0679E-08  5.7936E-05  8.0997E-05
  5.1171E-03  2.1114E-08  5.9036E-05  8.2534E-05
  5.1528E-03  2.1559E-08  6.0156E-05  8.4099E-05
  5.1887E-03  2.2012E-08  6.1297E-05  8.5695E-05
  5.2248E-03  2.2476E-08  6.2459E-05  8.7320E-05
  5.2612E-03  2.2949E-08  6.3643E-05  8.8975E-05
  5.2978E-03  2.3431E-08  6.4850E-05  9.0661E-05
  5.3347E-03  2.3924E-08  6.6079E-05  9.2379E-05
  5.3719E-03  2.4428E-08  6.7331E-05  9.4130E-05
  5.4093E-03  2.4941E-08  6.8606E-05  9.5912E-05
  5.4469E-03  2.5466E-08  6.9905E-05  9.7729E-05
  5.4848E-03  2.6001E-08  7.1228E-05  9.9579E-05
  5.5230E-03  2.6548E-08  7.2577E-05  1.0146E-04
  5.5614E-03  2.7106E-08  7.3950E-05  1.0338E-04
  5.6001E-03  2.7676E-08  7.5349E-05  1.0534E-04
  5.6391E-03  2.8258E-08  7.6774E-05  1.0733E-04
  5.6783E-03  2.8851E-08  7.8225E-05  1.0936E-04
  5.7178E-03  2.9458E-08  7.9704E-05  1.1143E-04
  5.7576E-03  3.0076E-08  8.1210E-05  1.1353E-04
  5.7976E-03  3.0708E-08  8.2745E-05  1.1568E-04
  5.8379E-03  3.1353E-08  8.4307E-05  1.1786E-04
  5.8785E-03  3.2012E-08  8.5899E-05  1.2009E-04
  5.9194E-03  3.2684E-08  8.7521E-05  1.2236E-04
  5.9605E-03  3.3370E-08  8.9173E-05  1.2466E-04
  6.0020E-03  3.4071E-08  9.0855E-05  1.2702E-04
  6.0437E-03  3.4786E-08  9.2569E-05  1.2941E-04
  6.0857E-03  3.5516E-08  9.4314E-05  1.3185E-04
  6.1279E-03  3.6262E-08  9.6092E-05  1.3434E-04
  6.1705E-03  3.7023E-08  9.7903E-05  1.3687E-04
  6.2134E-03  3.7800E-08  9.9748E-05  1.3945E-04
  6.2565E-03  3.8593E-08  1.0163E-04  1.4207E-04
  6.3000E-03  3.9402E-08  1.0354E-04  1.4475E-04
  6.3437E-03  4.0229E-08  1.0549E-04  1.4747E-04
  6.3878E-03  4.1073E-08  1.0747E-04  1.5025E-04
  6.4321E-03  4.1934E-08  1.0950E-04  1.5308E-04
  6.4768E-03  4.2813E-08  1.1156E-04  1.5596E-04
  6.5217E-03  4.3711E-08  1.1365E-04  1.5889E-04
  6.5670E-03  4.4628E-08  1.1579E-04  1.6187E-04
  6.6126E-03  4.5563E-08  1.1797E-04  1.6492E-04
  6.6585E-03  4.6518E-08  1.2018E-04  1.6801E-04
  6.7047E-03  4.7493E-08  1.2244E-04  1.7117E-04
  6.7512E-03  4.8489E-08  1.2474E-04  1.7438E-04
  6.7980E-03  4.9505E-08  1.2708E-04  1.7765E-04
  6.8452E-03  5.0542E-08  1.2946E-04  1.8099E-04
  6.8926E-03  5.1601E-08  1.3189E-04  1.8438E-04
  6.9404E-03  5.2682E-08  1.3436E-04  1.8784E-04
  6.9886E-03  5.3785E-08  1.3688E-04  1.9136E-04
  7.0370E-03  5.4912E-08  1.3945E-04  1.9494E-04
  7.0858E-03  5.6062E-08  1.4206E-04  1.9860E-04
  7.1349E-03  5.7236E-08  1.4472E-04  2.0231E-04
  7.1844E-03  5.8435E-08  1.4743E-04  2.0610E-04
  7.2342E-03  5.9658E-08  1.5019E-04  2.0996E-04
  7.2843E-03  6.0907E-08  1.5299E-04  2.1388E-04
  7.3348E-03  6.2182E-08  1.5586E-04  2.1788E-04
  7.3856E-03  6.3484E-08  1.5877E-04  2.2196E-04
  7.4368E-03  6.4813E-08  1.6174E-04  2.2610E-04
  7.4883E-03  6.6169E-08  1.6476E-04  2.3033E-04
  7.5402E-03  6.7554E-08  1.6783E-04  2.3463E-04
  7.5924E-03  6.8967E-08  1.7097E-04  2.3901E-04
  7.6450E-03  7.0410E-08  1.7416E-04  2.4346E-04
  7.6980E-03  7.1883E-08  1.7740E-04  2.4801E-04
  7.7513E-03  7.3387E-08  1.8071E-04  2.5263E-04
  7.8050E-03  7.4922E-08  1.8408E-04  2.5734E-04
  7.8590E-03  7.6489E-08  1.8751E-04  2.6213E-04
  7.9134E-03  7.8089E-08  1.9100E-04  2.6701E-04
  7.9682E-03  7.9722E-08  1.9456E-04  2.7198E-04
  8.0234E-03  8.1389E-08  1.9818E-04  2.7705E-04
  8.0789E-03  8.3090E-08  2.0186E-04  2.8220E-04
  8.1348E-03  8.4828E-08  2.0562E-04  2.8745E-04
  8.1911E-03  8.6601E-08  2.0944E-04  2.9279E-04
  8.2478E-03  8.8411E-08  2.1333E-04  2.9823E-04
  8.3049E-03  9.0259E-08  2.1729E-04  3.0377E-04
  8.3623E-03  9.2146E-08  2.2133E-04  3.0941E-04
  8.4202E-03  9.4071E-08  2.2544E-04  3.1515E-04
  8.4784E-03  9.6037E-08  2.2962E-04  3.2099E-04
  8.5371E-03  9.8044E-08  2.3387E-04  3.2695E-04
  8.5961E-03  1.0009E-07  2.3821E-04  3.3301E-04
  8.6556E-03  1.0218E-07  2.4262E-04  3.3917E-04
  8.7154E-03  1.0432E-07  2.4712E-04  3.4546E-04
  8.7757E-03  1.0650E-07  2.5169E-04  3.5185E-04
  8.8364E-03  1.0872E-07  2.5635E-04  3.5836E-04
  8.8975E-03  1.1099E-07  2.6109E-04  3.6499E-04
  8.9590E-03  1.1331E-07  2.6591E-04  3.7173E-04
  9.0209E-03  1.1568E-07  2.7083E-04  3.7860E-04
  9.0833E-03  1.1809E-07  2.7583E-04  3.8559E-04
  9.1461E-03  1.2056E-07  2.8092E-04  3.9271E-04
  9.2093E-03  1.2307E-07  2.8611E-04  3.9996E-04
  9.2729E-03  1.2564E-07  2.9138E-04  4.0734E-04
  9.3370E-03  1.2827E-07  2.9675E-04  4.1484E-04
  9.4015E-03  1.3094E-07  3.0222E-04  4.2249E-04
  9.4665E-03  1.3368E-07  3.0779E-04  4.3027E-04
  9.5319E-03  1.3647E-07  3.1346E-04  4.3819E-04
  9.5977E-03  1.3932E-07  3.1922E-04  4.4625E-04
  9.6640E-03  1.4222E-07  3.2509E-04  4.5446E-04
  9.7308E-03  1.4519E-07  3.3107E-04  4.6281E-04
  9.7980E-03  1.4822E-07  3.3715E-04  4.7132E-04
  9.8657E-03  1.5131E-07  3.4335E-04  4.7997E-04
  9.9338E-03  1.5447E-07  3.4965E-04  4.8878E-04
  1.0002E-02  1.5769E-07  3.5606E-04  4.9775E-04
  1.0072E-02  1.6098E-07  3.6259E-04  5.0687E-04
  1.0141E-02  1.6434E-07  3.6924E-04  5.1616E-04
  1.0211E-02  1.6777E-07  3.7600E-04  5.2562E-04
  1.0282E-02  1.7126E-07  3.8288E-04  5.3524E-04
  1.0353E-02  1.7484E-07  3.8989E-04  5.4503E-04
  1.0424E-02  1.7848E-07  3.9702E-04  5.5500E-04
  1.0496E-02  1.8220E-07  4.0428E-04  5.6515E-04
  1.0568E-02  1.8600E-07  4.1166E-04  5.7547E-04
  1.0641E-02  1.8988E-07  4.1918E-04  5.8598E-04
  1.0715E-02  1.9384E-07  4.2683E-04  5.9667E-04
  1.0789E-02  1.9788E-07  4.3461E-04  6.0755E-04
  1.0863E-02  2.0200E-07  4.4254E-04  6.1862E-04
  1.0938E-02  2.0621E-07  4.5060E-04  6.2989E-04
  1.1014E-02  2.1051E-07  4.5880E-04  6.4136E-04
  1.1090E-02  2.1490E-07  4.6715E-04  6.5303E-04
  1.1166E-02  2.1938E-07  4.7565E-04  6.6491E-04
  1.1243E-02  2.2395E-07  4.8429E-04  6.7699E-04
  1.1321E-02  2.2861E-07  4.9309E-04  6.8929E-04
  1.1399E-02  2.3338E-07  5.0204E-04  7.0180E-04
  1.1477E-02  2.3824E-07  5.1115E-04  7.1454E-04
  1.1557E-02  2.4320E-07  5.2042E-04  7.2749E-04
  1.1636E-02  2.4827E-07  5.2985E-04  7.4067E-04
  1.1717E-02  2.5344E-07  5.3945E-04  7.5409E-04
  1.1797E-02  2.5872E-07  5.4921E-04  7.6773E-04
  1.1879E-02  2.6411E-07  5.5915E-04  7.8162E-04
  1.1961E-02  2.6961E-07  5.6925E-04  7.9575E-04
  1.2043E-02  2.7523E-07  5.7954E-04  8.1012E-04
  1.2126E-02  2.8096E-07  5.9000E-04  8.2475E-04
  1.2210E-02  2.8681E-07  6.0064E-04  8.3963E-04
  1.2294E-02  2.9278E-07  6.1147E-04  8.5476E-04
  1.2379E-02  2.9888E-07  6.2249E-04  8.7016E-04
  1.2464E-02  3.0510E-07  6.3370E-04  8.8583E-04
  1.2550E-02  3.1145E-07  6.4510E-04  9.0177E-04
  1.2636E-02  3.1793E-07  6.5670E-04  9.1798E-04
  1.2723E-02  3.2455E-07  6.6850E-04  9.3448E-04
  1.2811E-02  3.3131E-07  6.8051E-04  9.5126E-04
  1.2899E-02  3.3820E-07  6.9272E-04  9.6833E-04
  1.2988E-02  3.4524E-07  7.0514E-04  9.8569E-04
  1.3078E-02  3.5243E-07  7.1778E-04  1.0034E-03
  1.3168E-02  3.5976E-07  7.3063E-04  1.0213E-03
  1.3259E-02  3.6725E-07  7.4371E-04  1.0396E-03
  1.3350E-02  3.7489E-07  7.5701E-04  1.0582E-03
  1.3442E-02  3.8269E-07  7.7053E-04  1.0771E-03
  1.3534E-02  3.9066E-07  7.8429E-04  1.0963E-03
  1.3628E-02  3.9879E-07  7.9829E-04  1.1159E-03
  1.3722E-02  4.0708E-07  8.1252E-04  1.1358E-03
  1.3816E-02  4.1555E-07  8.2700E-04  1.1560E-03
  1.3911E-02  4.2420E-07  8.4172E-04  1.1766E-03
  1.4007E-02  4.3302E-07  8.5669E-04  1.1975E-03
  1.4104E-02  4.4203E-07  8.7192E-04  1.2188E-03
  1.4201E-02  4.5122E-07  8.8741E-04  1.2404E-03
  1.4298E-02  4.6061E-07  9.0315E-04  1.2625E-03
  1.4397E-02  4.7019E-07  9.1917E-04  1.2848E-03
  1.4496E-02  4.7997E-07  9.3546E-04  1.3076E-03
  1.4596E-02  4.8995E-07  9.5202E-04  1.3308E-03
  1.4696E-02  5.0014E-07  9.6886E-04  1.3543E-03
  1.4797E-02  5.1054E-07  9.8599E-04  1.3782E-03
  1.4899E-02  5.2115E-07  1.0034E-03  1.4026E-03
  1.5002E-02  5.3199E-07  1.0211E-03  1.4273E-03
  1.5105E-02  5.4305E-07  1.0391E-03  1.4525E-03
  1.5209E-02  5.5434E-07  1.0574E-03  1.4781E-03
  1.5314E-02  5.6586E-07  1.0760E-03  1.5041E-03
  1.5419E-02  5.7763E-07  1.0950E-03  1.5305E-03
  1.5525E-02  5.8964E-07  1.1142E-03  1.5574E-03
  1.5632E-02  6.0189E-07  1.1338E-03  1.5848E-03
  1.5740E-02  6.1440E-07  1.1536E-03  1.6126E-03
  1.5848E-02  6.2717E-07  1.1739E-03  1.6408E-03
  1.5957E-02  6.4021E-07  1.1944E-03  1.6696E-03
  1.6067E-02  6.5352E-07  1.2153E-03  1.6988E-03
  1.6178E-02  6.6710E-07  1.2366E-03  1.7284E-03
  1.6289E-02  6.8096E-07  1.2582E-03  1.7586E-03
  1.6401E-02  6.9511E-07  1.2801E-03  1.7893E-03
  1.6514E-02  7.0956E-07  1.3024E-03  1.8205E-03
  1.6627E-02  7.2430E-07  1.3251E-03  1.8522E-03
  1.6742E-02  7.3935E-07  1.3482E-03  1.8844E-03
  1.6857E-02  7.5471E-07  1.3716E-03  1.9172E-03
  1.6973E-02  7.7039E-07  1.3954E-03  1.9504E-03
  1.7090E-02  7.8640E-07  1.4196E-03  1.9843E-03
  1.7207E-02  8.0273E-07  1.4442E-03  2.0187E-03
  1.7325E-02  8.1941E-07  1.4692E-03  2.0536E-03
  1.7445E-02  8.3643E-07  1.4946E-03  2.0891E-03
  1.7565E-02  8.5381E-07  1.5204E-03  2.1252E-03
  1.7685E-02  8.7154E-07  1.5467E-03  2.1619E-03
  1.7807E-02  8.8965E-07  1.5734E-03  2.1992E-03
  1.7930E-02  9.0812E-07  1.6005E-03  2.2370E-03
  1.8053E-02  9.2698E-07  1.6280E-03  2.2755E-03
  1.8177E-02  9.4624E-07  1.6560E-03  2.3146E-03
  1.8302E-02  9.6589E-07  1.6844E-03  2.3544E-03
  1.8428E-02  9.8595E-07  1.7133E-03  2.3948E-03
  1.8554E-02  1.0064E-06  1.7427E-03  2.4358E-03
  1.8682E-02  1.0273E-06  1.7725E-03  2.4775E-03
  1.8810E-02  1.0487E-06  1.8028E-03  2.5198E-03
  1.8940E-02  1.0704E-06  1.8336E-03  2.5629E-03
  1.9070E-02  1.0926E-06  1.8649E-03  2.6066E-03
  1.9201E-02  1.1153E-06  1.8967E-03  2.6510E-03
  1.9333E-02  1.1385E-06  1.9289E-03  2.6961E-03
  1.9466E-02  1.1621E-06  1.9617E-03  2.7419E-03
  1.9600E-02  1.1863E-06  1.9951E-03  2.7885E-03
  1.9734E-02  1.2109E-06  2.0289E-03  2.8358E-03
  1.9870E-02  1.2360E-06  2.0633E-03  2.8838E-03
  2.0007E-02  1.2617E-06  2.0982E-03  2.9326E-03
  2.0144E-02  1.2879E-06  2.1337E-03  2.9822E-03
  2.0283E-02  1.3146E-06  2.1697E-03  3.0325E-03
  2.0422E-02  1.3419E-06  2.2063E-03  3.0837E-03
  2.0562E-02  1.3697E-06  2.2434E-03  3.1356E-03
  2.0704E-02  1.3982E-06  2.2812E-03  3.1883E-03
  2.0846E-02  1.4272E-06  2.3195E-03  3.2419E-03
  2.0989E-02  1.4568E-06  2.3584E-03  3.2963E-03
  2.1133E-02  1.4870E-06  2.3980E-03  3.3515E-03
  2.1279E-02  1.5179E-06  2.4381E-03  3.4076E-03
  2.1425E-02  1.5494E-06  2.4788E-03  3.4646E-03
  2.1572E-02  1.5815E-06  2.5202E-03  3.5224E-03
  2.1720E-02  1.6143E-06  2.5622E-03  3.5811E-03
  2.1869E-02  1.6478E-06  2.6049E-03  3.6407E-03
  2.2020E-02  1.6820E-06  2.6482E-03  3.7013E-03
  2.2171E-02  1.7169E-06  2.6922E-03  3.7627E-03
  2.2323E-02  1.7525E-06  2.7369E-03  3.8251E-03
  2.2477E-02  1.7889E-06  2.7822E-03  3.8884E-03
  2.2631E-02  1.8260E-06  2.8282E-03  3.9527E-03
  2.2786E-02  1.8639E-06  2.8749E-03  4.0180E-03
  2.2943E-02  1.9026E-06  2.9223E-03  4.0843E-03
  2.3100E-02  1.9420E-06  2.9705E-03  4.1515E-03
  2.3259E-02  1.9823E-06  3.0193E-03  4.2198E-03
  2.3419E-02  2.0234E-06  3.0689E-03  4.2891E-03
  2.3580E-02  2.0654E-06  3.1193E-03  4.3594E-03
  2.3742E-02  2.1082E-06  3.1703E-03  4.4308E-03
  2.3905E-02  2.1520E-06  3.2222E-03  4.5033E-03
  2.4069E-02  2.1966E-06  3.2748E-03  4.5768E-03
  2.4234E-02  2.2421E-06  3.3282E-03  4.6514E-03
  2.4401E-02  2.2886E-06  3.3824E-03  4.7271E-03
  2.4568E-02  2.3361E-06  3.4374E-03  4.8039E-03
  2.4737E-02  2.3846E-06  3.4931E-03  4.8819E-03
  2.4907E-02  2.4340E-06  3.5498E-03  4.9610E-03
  2.5078E-02  2.4845E-06  3.6072E-03  5.0412E-03
  2.5250E-02  2.5360E-06  3.6655E-03  5.1226E-03
  2.5423E-02  2.5886E-06  3.7246E-03  5.2052E-03
  2.5598E-02  2.6422E-06  3.7846E-03  5.2890E-03
  2.5774E-02  2.6970E-06  3.8454E-03  5.3740E-03
  2.5950E-02  2.7529E-06  3.9071E-03  5.4603E-03
  2.6129E-02  2.8100E-06  3.9698E-03  5.5478E-03
  2.6308E-02  2.8683E-06  4.0333E-03  5.6365E-03
  2.6489E-02  2.9277E-06  4.0977E-03  5.7265E-03
  2.6670E-02  2.9884E-06  4.1630E-03  5.8178E-03
  2.6853E-02  3.0504E-06  4.2293E-03  5.9104E-03
  2.7038E-02  3.1136E-06  4.2965E-03  6.0043E-03
  2.7223E-02  3.1782E-06  4.3647E-03  6.0995E-03
  2.7410E-02  3.2440E-06  4.4338E-03  6.1961E-03
  2.7598E-02  3.3113E-06  4.5039E-03  6.2940E-03
  2.7788E-02  3.3799E-06  4.5750E-03  6.3933E-03
  2.7979E-02  3.4500E-06  4.6470E-03  6.4940E-03
  2.8171E-02  3.5215E-06  4.7201E-03  6.5961E-03
  2.8364E-02  3.5944E-06  4.7942E-03  6.6996E-03
  2.8559E-02  3.6689E-06  4.8693E-03  6.8045E-03
  2.8755E-02  3.7450E-06  4.9455E-03  6.9109E-03
  2.8952E-02  3.8226E-06  5.0227E-03  7.0187E-03
  2.9151E-02  3.9018E-06  5.1009E-03  7.1281E-03
  2.9351E-02  3.9827E-06  5.1802E-03  7.2389E-03
  2.9552E-02  4.0652E-06  5.2606E-03  7.3512E-03
  2.9755E-02  4.1494E-06  5.3421E-03  7.4650E-03
  2.9959E-02  4.2354E-06  5.4247E-03  7.5804E-03
  3.0165E-02  4.3232E-06  5.5084E-03  7.6973E-03
  3.0372E-02  4.4127E-06  5.5933E-03  7.8158E-03
  3.0580E-02  4.5042E-06  5.6792E-03  7.9359E-03
  3.0790E-02  4.5975E-06  5.7663E-03  8.0576E-03
  3.1001E-02  4.6927E-06  5.8546E-03  8.1808E-03
  3.1214E-02  4.7900E-06  5.9440E-03  8.3058E-03
  3.1428E-02  4.8892E-06  6.0346E-03  8.4323E-03
  3.1643E-02  4.9905E-06  6.1264E-03  8.5605E-03
  3.1861E-02  5.0939E-06  6.2194E-03  8.6904E-03
  3.2079E-02  5.1994E-06  6.3136E-03  8.8220E-03
  3.2299E-02  5.3071E-06  6.4090E-03  8.9553E-03
  3.2521E-02  5.4170E-06  6.5057E-03  9.0903E-03
  3.2744E-02  5.5292E-06  6.6036E-03  9.2270E-03
  3.2969E-02  5.6438E-06  6.7027E-03  9.3655E-03
  3.3195E-02  5.7607E-06  6.8031E-03  9.5057E-03
  3.3422E-02  5.8800E-06  6.9048E-03  9.6478E-03
  3.3652E-02  6.0018E-06  7.0078E-03  9.7916E-03
  3.3882E-02  6.1261E-06  7.1121E-03  9.9372E-03
  3.4115E-02  6.2530E-06  7.2177E-03  1.0085E-02
  3.4349E-02  6.3825E-06  7.3246E-03  1.0234E-02
  3.4584E-02  6.5146E-06  7.4328E-03  1.0385E-02
  3.4822E-02  6.6496E-06  7.5423E-03  1.0538E-02
  3.5061E-02  6.7873E-06  7.6532E-03  1.0693E-02
  3.5301E-02  6.9278E-06  7.7655E-03  1.0850E-02
  3.5543E-02  7.0713E-06  7.8791E-03  1.1008E-02
  3.5787E-02  7.2177E-06  7.9941E-03  1.1169E-02
  3.6032E-02  7.3672E-06  8.1105E-03  1.1332E-02
  3.6279E-02  7.5197E-06  8.2283E-03  1.1496E-02
  3.6528E-02  7.6754E-06  8.3475E-03  1.1662E-02
  3.6779E-02  7.8343E-06  8.4681E-03  1.1831E-02
  3.7031E-02  7.9965E-06  8.5902E-03  1.2001E-02
  3.7285E-02  8.1621E-06  8.7136E-03  1.2174E-02
  3.7541E-02  8.3311E-06  8.8386E-03  1.2348E-02
  3.7798E-02  8.5036E-06  8.9649E-03  1.2525E-02
  3.8057E-02  8.6796E-06  9.0927E-03  1.2703E-02
  3.8318E-02  8.8593E-06  9.2220E-03  1.2884E-02
  3.8581E-02  9.0427E-06  9.3528E-03  1.3066E-02
  3.8845E-02  9.2299E-06  9.4851E-03  1.3251E-02
  3.9112E-02  9.4210E-06  9.6188E-03  1.3438E-02
  3.9380E-02  9.6160E-06  9.7541E-03  1.3626E-02
  3.9650E-02  9.8150E-06  9.8909E-03  1.3817E-02
  3.9922E-02  1.0018E-05  1.0029E-02  1.4010E-02
  4.0196E-02  1.0226E-05  1.0169E-02  1.4206E-02
  4.0471E-02  1.0437E-05  1.0310E-02  1.4403E-02
  4.0749E-02  1.0653E-05  1.0453E-02  1.4602E-02
  4.1028E-02  1.0874E-05  1.0598E-02  1.4804E-02
  4.1309E-02  1.1099E-05  1.0744E-02  1.5008E-02
  4.1592E-02  1.1328E-05  1.0891E-02  1.5214E-02
  4.1878E-02  1.1563E-05  1.1040E-02  1.5422E-02
  4.2165E-02  1.1802E-05  1.1191E-02  1.5632E-02
  4.2454E-02  1.2046E-05  1.1343E-02  1.5844E-02
  4.2745E-02  1.2296E-05  1.1497E-02  1.6059E-02
  4.3038E-02  1.2550E-05  1.1652E-02  1.6276E-02
  4.3333E-02  1.2810E-05  1.1809E-02  1.6495E-02
  4.3630E-02  1.3075E-05  1.1968E-02  1.6716E-02
  4.3929E-02  1.3346E-05  1.2128E-02  1.6940E-02
  4.4230E-02  1.3622E-05  1.2290E-02  1.7166E-02
  4.4533E-02  1.3904E-05  1.2453E-02  1.7394E-02
  4.4839E-02  1.4191E-05  1.2618E-02  1.7624E-02
  4.5146E-02  1.4485E-05  1.2784E-02  1.7856E-02
  4.5455E-02  1.4785E-05  1.2953E-02  1.8091E-02
  4.5767E-02  1.5090E-05  1.3122E-02  1.8328E-02
  4.6081E-02  1.5403E-05  1.3294E-02  1.8567E-02
  4.6396E-02  1.5721E-05  1.3467E-02  1.8808E-02
  4.6714E-02  1.6047E-05  1.3641E-02  1.9052E-02
  4.7035E-02  1.6378E-05  1.3817E-02  1.9297E-02
  4.7357E-02  1.6717E-05  1.3995E-02  1.9546E-02
  4.7682E-02  1.7063E-05  1.4175E-02  1.9796E-02
  4.8008E-02  1.7416E-05  1.4356E-02  2.0048E-02
  4.8337E-02  1.7776E-05  1.4538E-02  2.0303E-02
  4.8669E-02  1.8144E-05  1.4722E-02  2.0560E-02
  4.9002E-02  1.8519E-05  1.4908E-02  2.0819E-02
  4.9338E-02  1.8902E-05  1.5096E-02  2.1081E-02
  4.9676E-02  1.9293E-05  1.5285E-02  2.1344E-02
  5.0017E-02  1.9692E-05  1.5475E-02  2.1610E-02
  5.0359E-02  2.0100E-05  1.5667E-02  2.1878E-02
  5.0704E-02  2.0515E-05  1.5861E-02  2.2148E-02
  5.1052E-02  2.0940E-05  1.6056E-02  2.2420E-02
  5.1402E-02  2.1373E-05  1.6253E-02  2.2695E-02
  5.1754E-02  2.1815E-05  1.6451E-02  2.2971E-02
  5.2109E-02  2.2266E-05  1.6651E-02  2.3250E-02
  5.2466E-02  2.2726E-05  1.6853E-02  2.3531E-02
  5.2825E-02  2.3196E-05  1.7056E-02  2.3814E-02
  5.3187E-02  2.3676E-05  1.7260E-02  2.4099E-02
  5.3552E-02  2.4165E-05  1.7466E-02  2.4386E-02
  5.3919E-02  2.4665E-05  1.7673E-02  2.4675E-02
  5.4288E-02  2.5175E-05  1.7882E-02  2.4967E-02
  5.4660E-02  2.5696E-05  1.8093E-02  2.5260E-02
  5.5034E-02  2.6227E-05  1.8304E-02  2.5555E-02
  5.5412E-02  2.6769E-05  1.8518E-02  2.5852E-02
  5.5791E-02  2.7322E-05  1.8732E-02  2.6152E-02
  5.6173E-02  2.7887E-05  1.8948E-02  2.6453E-02
  5.6558E-02  2.8464E-05  1.9166E-02  2.6756E-02
  5.6946E-02  2.9052E-05  1.9385E-02  2.7061E-02
  5.7336E-02  2.9653E-05  1.9605E-02  2.7368E-02
  5.7729E-02  3.0266E-05  1.9826E-02  2.7676E-02
  5.8124E-02  3.0891E-05  2.0049E-02  2.7987E-02
  5.8523E-02  3.1530E-05  2.0273E-02  2.8299E-02
  5.8924E-02  3.2182E-05  2.0498E-02  2.8613E-02
  5.9327E-02  3.2847E-05  2.0725E-02  2.8928E-02
  5.9734E-02  3.3526E-05  2.0953E-02  2.9246E-02
  6.0143E-02  3.4219E-05  2.1182E-02  2.9564E-02
  6.0555E-02  3.4926E-05  2.1412E-02  2.9885E-02
  6.0970E-02  3.5648E-05  2.1643E-02  3.0207E-02
  6.1387E-02  3.6384E-05  2.1875E-02  3.0531E-02
  6.1808E-02  3.7136E-05  2.2109E-02  3.0856E-02
  6.2231E-02  3.7904E-05  2.2343E-02  3.1182E-02
  6.2658E-02  3.8687E-05  2.2579E-02  3.1510E-02
  6.3087E-02  3.9486E-05  2.2815E-02  3.1839E-02
  6.3519E-02  4.0302E-05  2.3053E-02  3.2170E-02
  6.3954E-02  4.1135E-05  2.3291E-02  3.2502E-02
  6.4392E-02  4.1985E-05  2.3530E-02  3.2835E-02
  6.4833E-02  4.2853E-05  2.3771E-02  3.3169E-02
  6.5277E-02  4.3738E-05  2.4012E-02  3.3504E-02
  6.5725E-02  4.4642E-05  2.4253E-02  3.3841E-02
  6.6175E-02  4.5564E-05  2.4496E-02  3.4178E-02
  6.6628E-02  4.6505E-05  2.4739E-02  3.4516E-02
  6.7084E-02  4.7466E-05  2.4983E-02  3.4855E-02
  6.7544E-02  4.8446E-05  2.5227E-02  3.5195E-02
  6.8007E-02  4.9447E-05  2.5472E-02  3.5536E-02
  6.8472E-02  5.0469E-05  2.5717E-02  3.5878E-02
  6.8941E-02  5.1511E-05  2.5963E-02  3.6220E-02
  6.9414E-02  5.2575E-05  2.6210E-02  3.6562E-02
  6.9889E-02  5.3661E-05  2.6457E-02  3.6905E-02
  7.0368E-02  5.4769E-05  2.6704E-02  3.7249E-02
  7.0850E-02  5.5900E-05  2.6951E-02  3.7593E-02
  7.1335E-02  5.7055E-05  2.7199E-02  3.7937E-02
  7.1824E-02  5.8233E-05  2.7447E-02  3.8281E-02
  7.2315E-02  5.9436E-05  2.7694E-02  3.8626E-02
  7.2811E-02  6.0663E-05  2.7942E-02  3.8970E-02
  7.3309E-02  6.1916E-05  2.8190E-02  3.9315E-02
  7.3812E-02  6.3194E-05  2.8438E-02  3.9659E-02
  7.4317E-02  6.4499E-05  2.8686E-02  4.0003E-02
  7.4826E-02  6.5831E-05  2.8934E-02  4.0347E-02
  7.5338E-02  6.7190E-05  2.9181E-02  4.0690E-02
  7.5854E-02  6.8577E-05  2.9429E-02  4.1034E-02
  7.6374E-02  6.9993E-05  2.9675E-02  4.1376E-02
  7.6897E-02  7.1438E-05  2.9922E-02  4.1718E-02
  7.7424E-02  7.2913E-05  3.0168E-02  4.2059E-02
  7.7954E-02  7.4418E-05  3.0413E-02  4.2399E-02
  7.8488E-02  7.5954E-05  3.0658E-02  4.2739E-02
  7.9025E-02  7.7522E-05  3.0902E-02  4.3077E-02
  7.9566E-02  7.9122E-05  3.1145E-02  4.3414E-02
  8.0111E-02  8.0755E-05  3.1388E-02  4.3750E-02
  8.0660E-02  8.2422E-05  3.1629E-02  4.4085E-02
  8.1212E-02  8.4123E-05  3.1870E-02  4.4418E-02
  8.1768E-02  8.5859E-05  3.2109E-02  4.4749E-02
  8.2328E-02  8.7631E-05  3.2347E-02  4.5079E-02
  8.2892E-02  8.9439E-05  3.2584E-02  4.5407E-02
  8.3460E-02  9.1285E-05  3.2820E-02  4.5734E-02
  8.4031E-02  9.3169E-05  3.3055E-02  4.6058E-02
  8.4607E-02  9.5091E-05  3.3287E-02  4.6380E-02
  8.5186E-02  9.7053E-05  3.3519E-02  4.6700E-02
  8.5769E-02  9.9055E-05  3.3749E-02  4.7017E-02
  8.6357E-02  1.0110E-04  3.3977E-02  4.7332E-02
  8.6948E-02  1.0318E-04  3.4203E-02  4.7645E-02
  8.7543E-02  1.0531E-04  3.4427E-02  4.7954E-02
  8.8143E-02  1.0749E-04  3.4649E-02  4.8261E-02
  8.8746E-02  1.0970E-04  3.4869E-02  4.8565E-02
  8.9354E-02  1.1197E-04  3.5087E-02  4.8865E-02
  8.9966E-02  1.1428E-04  3.5303E-02  4.9163E-02
  9.0582E-02  1.1663E-04  3.5516E-02  4.9456E-02
  9.1202E-02  1.1904E-04  3.5727E-02  4.9747E-02
  9.1826E-02  1.2149E-04  3.5936E-02  5.0034E-02
  9.2455E-02  1.2400E-04  3.6141E-02  5.0316E-02
  9.3088E-02  1.2655E-04  3.6344E-02  5.0595E-02
  9.3726E-02  1.2916E-04  3.6544E-02  5.0870E-02
  9.4367E-02  1.3183E-04  3.6741E-02  5.1141E-02
  9.5013E-02  1.3455E-04  3.6935E-02  5.1407E-02
  9.5664E-02  1.3732E-04  3.7126E-02  5.1668E-02
  9.6319E-02  1.4015E-04  3.7313E-02  5.1925E-02
  9.6978E-02  1.4304E-04  3.7497E-02  5.2177E-02
  9.7642E-02  1.4599E-04  3.7678E-02  5.2424E-02
  9.8311E-02  1.4900E-04  3.7855E-02  5.2666E-02
  9.8984E-02  1.5207E-04  3.8028E-02  5.2903E-02
  9.9662E-02  1.5520E-04  3.8198E-02  5.3134E-02
  1.0034E-01  1.5840E-04  3.8363E-02  5.3360E-02
  1.0103E-01  1.6167E-04  3.8525E-02  5.3580E-02
  1.0172E-01  1.6500E-04  3.8682E-02  5.3793E-02
  1.0242E-01  1.6840E-04  3.8835E-02  5.4001E-02
  1.0312E-01  1.7187E-04  3.8984E-02  5.4203E-02
  1.0383E-01  1.7541E-04  3.9128E-02  5.4398E-02
  1.0454E-01  1.7902E-04  3.9268E-02  5.4586E-02
  1.0525E-01  1.8271E-04  3.9402E-02  5.4768E-02
  1.0597E-01  1.8647E-04  3.9532E-02  5.4943E-02
  1.0670E-01  1.9031E-04  3.9657E-02  5.5111E-02
  1.0743E-01  1.9423E-04  3.9777E-02  5.5272E-02
  1.0816E-01  1.9823E-04  3.9892E-02  5.5425E-02
  1.0891E-01  2.0232E-04  4.0002E-02  5.5570E-02
  1.0965E-01  2.0648E-04  4.0106E-02  5.5708E-02
  1.1040E-01  2.1074E-04  4.0204E-02  5.5838E-02
  1.1116E-01  2.1508E-04  4.0297E-02  5.5960E-02
  1.1192E-01  2.1950E-04  4.0384E-02  5.6074E-02
  1.1268E-01  2.2402E-04  4.0465E-02  5.6179E-02
  1.1346E-01  2.2864E-04  4.0540E-02  5.6276E-02
  1.1423E-01  2.3334E-04  4.0609E-02  5.6364E-02
  1.1501E-01  2.3815E-04  4.0671E-02  5.6443E-02
  1.1580E-01  2.4305E-04  4.0728E-02  5.6513E-02
  1.1659E-01  2.4805E-04  4.0777E-02  5.6573E-02
  1.1739E-01  2.5315E-04  4.0820E-02  5.6625E-02
  1.1820E-01  2.5836E-04  4.0857E-02  5.6666E-02
  1.1901E-01  2.6368E-04  4.0886E-02  5.6698E-02
  1.1982E-01  2.6911E-04  4.0909E-02  5.6720E-02
  1.2064E-01  2.7464E-04  4.0924E-02  5.6732E-02
  1.2147E-01  2.8029E-04  4.0932E-02  5.6733E-02
  1.2230E-01  2.8606E-04  4.0933E-02  5.6725E-02
  1.2313E-01  2.9194E-04  4.0926E-02  5.6705E-02
  1.2398E-01  2.9795E-04  4.0912E-02  5.6675E-02
  1.2483E-01  3.0408E-04  4.0890E-02  5.6634E-02
  1.2568E-01  3.1033E-04  4.0860E-02  5.6581E-02
  1.2654E-01  3.1671E-04  4.0823E-02  5.6518E-02
  1.2741E-01  3.2322E-04  4.0777E-02  5.6443E-02
  1.2828E-01  3.2987E-04  4.0723E-02  5.6356E-02
  1.2916E-01  3.3665E-04  4.0661E-02  5.6258E-02
  1.3004E-01  3.4357E-04  4.0590E-02  5.6148E-02
  1.3093E-01  3.5063E-04  4.0512E-02  5.6026E-02
  1.3183E-01  3.5784E-04  4.0424E-02  5.5891E-02
  1.3273E-01  3.6519E-04  4.0328E-02  5.5745E-02
  1.3364E-01  3.7270E-04  4.0223E-02  5.5585E-02
  1.3455E-01  3.8036E-04  4.0109E-02  5.5414E-02
  1.3547E-01  3.8817E-04  3.9986E-02  5.5229E-02
  1.3640E-01  3.9615E-04  3.9854E-02  5.5031E-02
  1.3733E-01  4.0428E-04  3.9713E-02  5.4821E-02
  1.3827E-01  4.1259E-04  3.9562E-02  5.4597E-02
  1.3922E-01  4.2106E-04  3.9403E-02  5.4360E-02
  1.4017E-01  4.2971E-04  3.9233E-02  5.4109E-02
  1.4113E-01  4.3853E-04  3.9054E-02  5.3845E-02
  1.4210E-01  4.4754E-04  3.8866E-02  5.3567E-02
  1.4307E-01  4.5673E-04  3.8668E-02  5.3275E-02
  1.4405E-01  4.6610E-04  3.8460E-02  5.2970E-02
  1.4504E-01  4.7567E-04  3.8242E-02  5.2650E-02
  1.4603E-01  4.8543E-04  3.8014E-02  5.2316E-02
  1.4703E-01  4.9539E-04  3.7776E-02  5.1968E-02
  1.4804E-01  5.0556E-04  3.7528E-02  5.1605E-02
  1.4905E-01  5.1593E-04  3.7269E-02  5.1228E-02
  1.5007E-01  5.2652E-04  3.7001E-02  5.0837E-02
  1.5110E-01  5.3732E-04  3.6722E-02  5.0431E-02
  1.5213E-01  5.4834E-04  3.6433E-02  5.0009E-02
  1.5317E-01  5.5959E-04  3.6133E-02  4.9574E-02
  1.5422E-01  5.7106E-04  3.5823E-02  4.9123E-02
  1.5528E-01  5.8277E-04  3.5502E-02  4.8657E-02
  1.5634E-01  5.9472E-04  3.5171E-02  4.8176E-02
  1.5741E-01  6.0691E-04  3.4829E-02  4.7680E-02
  1.5849E-01  6.1935E-04  3.4477E-02  4.7169E-02
  1.5957E-01  6.3204E-04  3.4113E-02  4.6643E-02
  1.6066E-01  6.4499E-04  3.3739E-02  4.6102E-02
  1.6176E-01  6.5821E-04  3.3355E-02  4.5545E-02
  1.6287E-01  6.7169E-04  3.2959E-02  4.4973E-02
  1.6398E-01  6.8545E-04  3.2553E-02  4.4385E-02
  1.6511E-01  6.9949E-04  3.2136E-02  4.3782E-02
  1.6624E-01  7.1382E-04  3.1708E-02  4.3164E-02
  1.6737E-01  7.2843E-04  3.1269E-02  4.2530E-02
  1.6852E-01  7.4335E-04  3.0819E-02  4.1881E-02
  1.6967E-01  7.5856E-04  3.0359E-02  4.1216E-02
  1.7083E-01  7.7409E-04  2.9887E-02  4.0536E-02
  1.7200E-01  7.8993E-04  2.9405E-02  3.9840E-02
  1.7318E-01  8.0609E-04  2.8912E-02  3.9129E-02
  1.7436E-01  8.2258E-04  2.8408E-02  3.8403E-02
  1.7556E-01  8.3941E-04  2.7894E-02  3.7661E-02
  1.7676E-01  8.5658E-04  2.7368E-02  3.6904E-02
  1.7797E-01  8.7410E-04  2.6832E-02  3.6132E-02
  1.7919E-01  8.9197E-04  2.6285E-02  3.5345E-02
  1.8041E-01  9.1020E-04  2.5728E-02  3.4542E-02
  1.8165E-01  9.2881E-04  2.5160E-02  3.3725E-02
  1.8289E-01  9.4779E-04  2.4582E-02  3.2892E-02
  1.8414E-01  9.6716E-04  2.3993E-02  3.2045E-02
  1.8540E-01  9.8692E-04  2.3394E-02  3.1182E-02
  1.8667E-01  1.0071E-03  2.2784E-02  3.0305E-02
  1.8795E-01  1.0276E-03  2.2164E-02  2.9414E-02
  1.8924E-01  1.0486E-03  2.1534E-02  2.8507E-02
  1.9053E-01  1.0700E-03  2.0894E-02  2.7587E-02
  1.9183E-01  1.0919E-03  2.0244E-02  2.6652E-02
  1.9315E-01  1.1142E-03  1.9584E-02  2.5703E-02
  1.9447E-01  1.1369E-03  1.8914E-02  2.4740E-02
  1.9580E-01  1.1601E-03  1.8235E-02  2.3763E-02
  1.9714E-01  1.1838E-03  1.7545E-02  2.2773E-02
  1.9849E-01  1.2079E-03  1.6847E-02  2.1769E-02
  1.9985E-01  1.2325E-03  1.6139E-02  2.0752E-02
  2.0121E-01  1.2577E-03  1.5422E-02  1.9721E-02
  2.0259E-01  1.2833E-03  1.4696E-02  1.8678E-02
  2.0398E-01  1.3095E-03  1.3961E-02  1.7622E-02
  2.0537E-01  1.3361E-03  1.3218E-02  1.6553E-02
  2.0678E-01  1.3634E-03  1.2465E-02  1.5472E-02
  2.0819E-01  1.3911E-03  1.1705E-02  1.4379E-02
  2.0962E-01  1.4195E-03  1.0936E-02  1.3275E-02
  2.1105E-01  1.4484E-03  1.0159E-02  1.2158E-02
  2.1250E-01  1.4778E-03  9.3737E-03  1.1030E-02
  2.1395E-01  1.5079E-03  8.5810E-03  9.8913E-03
  2.1542E-01  1.5386E-03  7.7807E-03  8.7415E-03
  2.1689E-01  1.5699E-03  6.9731E-03  7.5812E-03
  2.1837E-01  1.6018E-03  6.1584E-03  6.4105E-03
  2.1987E-01  1.6344E-03  5.3367E-03  5.2299E-03
  2.2137E-01  1.6676E-03  4.5084E-03  4.0396E-03
  2.2289E-01  1.7015E-03  3.6735E-03  2.8399E-03
  2.2441E-01  1.7361E-03  2.8323E-03  1.6311E-03
  2.2595E-01  1.7713E-03  1.9852E-03  4.1359E-04
  2.2749E-01  1.8073E-03  1.1322E-03 -8.1234E-04
  2.2905E-01  1.8440E-03  2.7363E-04 -2.0463E-03
  2.3062E-01  1.8814E-03 -5.9024E-04 -3.2881E-03
  2.3220E-01  1.9196E-03 -1.4592E-03 -4.5372E-03
  2.3379E-01  1.9586E-03 -2.3329E-03 -5.7933E-03
  2.3538E-01  1.9983E-03 -3.2111E-03 -7.0560E-03
  2.3700E-01  2.0388E-03 -4.0937E-03 -8.3251E-03
  2.3862E-01  2.0802E-03 -4.9802E-03 -9.6000E-03
  2.4025E-01  2.1223E-03 -5.8704E-03 -1.0880E-02
  2.4189E-01  2.1653E-03 -6.7641E-03 -1.2166E-02
  2.4355E-01  2.2092E-03 -7.6609E-03 -1.3456E-02
  2.4522E-01  2.2539E-03 -8.5605E-03 -1.4750E-02
  2.4689E-01  2.2995E-03 -9.4627E-03 -1.6049E-02
  2.4858E-01  2.3461E-03 -1.0367E-02 -1.7350E-02
  2.5028E-01  2.3936E-03 -1.1274E-02 -1.8655E-02
  2.5200E-01  2.4420E-03 -1.2182E-02 -1.9963E-02
  2.5372E-01  2.4914E-03 -1.3091E-02 -2.1272E-02
  2.5546E-01  2.5417E-03 -1.4001E-02 -2.2583E-02
  2.5720E-01  2.5931E-03 -1.4912E-02 -2.3895E-02
  2.5896E-01  2.6455E-03 -1.5823E-02 -2.5208E-02
  2.6074E-01  2.6989E-03 -1.6735E-02 -2.6522E-02
  2.6252E-01  2.7534E-03 -1.7646E-02 -2.7835E-02
  2.6432E-01  2.8090E-03 -1.8556E-02 -2.9148E-02
  2.6613E-01  2.8657E-03 -1.9465E-02 -3.0459E-02
  2.6795E-01  2.9235E-03 -2.0373E-02 -3.1769E-02
  2.6978E-01  2.9824E-03 -2.1279E-02 -3.3077E-02
  2.7163E-01  3.0425E-03 -2.2183E-02 -3.4382E-02
  2.7348E-01  3.1038E-03 -2.3085E-02 -3.5684E-02
  2.7536E-01  3.1664E-03 -2.3984E-02 -3.6982E-02
  2.7724E-01  3.2301E-03 -2.4880E-02 -3.8277E-02
  2.7914E-01  3.2951E-03 -2.5772E-02 -3.9567E-02
  2.8105E-01  3.3614E-03 -2.6660E-02 -4.0851E-02
  2.8297E-01  3.4291E-03 -2.7544E-02 -4.2130E-02
  2.8490E-01  3.4980E-03 -2.8424E-02 -4.3403E-02
  2.8685E-01  3.5683E-03 -2.9298E-02 -4.4670E-02
  2.8882E-01  3.6400E-03 -3.0168E-02 -4.5929E-02
  2.9079E-01  3.7131E-03 -3.1031E-02 -4.7181E-02
  2.9278E-01  3.7877E-03 -3.1889E-02 -4.8424E-02
  2.9479E-01  3.8637E-03 -3.2740E-02 -4.9659E-02
  2.9680E-01  3.9412E-03 -3.3584E-02 -5.0884E-02
  2.9883E-01  4.0202E-03 -3.4421E-02 -5.2100E-02
  3.0088E-01  4.1008E-03 -3.5250E-02 -5.3305E-02
  3.0294E-01  4.1830E-03 -3.6071E-02 -5.4500E-02
  3.0501E-01  4.2667E-03 -3.6884E-02 -5.5683E-02
  3.0710E-01  4.3522E-03 -3.7689E-02 -5.6855E-02
  3.0920E-01  4.4392E-03 -3.8484E-02 -5.8014E-02
  3.1131E-01  4.5280E-03 -3.9270E-02 -5.9160E-02
  3.1344E-01  4.6186E-03 -4.0046E-02 -6.0293E-02
  3.1559E-01  4.7109E-03 -4.0811E-02 -6.1412E-02
  3.1775E-01  4.8050E-03 -4.1566E-02 -6.2516E-02
  3.1992E-01  4.9009E-03 -4.2310E-02 -6.3606E-02
  3.2211E-01  4.9987E-03 -4.3043E-02 -6.4680E-02
  3.2431E-01  5.0984E-03 -4.3764E-02 -6.5738E-02
  3.2653E-01  5.2000E-03 -4.4473E-02 -6.6779E-02
  3.2877E-01  5.3037E-03 -4.5169E-02 -6.7804E-02
  3.3102E-01  5.4093E-03 -4.5853E-02 -6.8811E-02
  3.3328E-01  5.5170E-03 -4.6523E-02 -6.9800E-02
  3.3556E-01  5.6267E-03 -4.7180E-02 -7.0771E-02
  3.3786E-01  5.7386E-03 -4.7823E-02 -7.1723E-02
  3.4017E-01  5.8527E-03 -4.8452E-02 -7.2655E-02
  3.4250E-01  5.9690E-03 -4.9066E-02 -7.3567E-02
  3.4484E-01  6.0875E-03 -4.9665E-02 -7.4459E-02
  3.4720E-01  6.2083E-03 -5.0249E-02 -7.5330E-02
  3.4957E-01  6.3314E-03 -5.0818E-02 -7.6180E-02
  3.5197E-01  6.4570E-03 -5.1370E-02 -7.7008E-02
  3.5437E-01  6.5849E-03 -5.1906E-02 -7.7814E-02
  3.5680E-01  6.7153E-03 -5.2426E-02 -7.8598E-02
  3.5924E-01  6.8482E-03 -5.2928E-02 -7.9358E-02
  3.6170E-01  6.9836E-03 -5.3413E-02 -8.0095E-02
  3.6417E-01  7.1216E-03 -5.3881E-02 -8.0808E-02
  3.6666E-01  7.2623E-03 -5.4331E-02 -8.1496E-02
  3.6917E-01  7.4057E-03 -5.4763E-02 -8.2160E-02
  3.7170E-01  7.5518E-03 -5.5177E-02 -8.2799E-02
  3.7424E-01  7.7007E-03 -5.5571E-02 -8.3413E-02
  3.7680E-01  7.8525E-03 -5.5947E-02 -8.4001E-02
  3.7938E-01  8.0071E-03 -5.6304E-02 -8.4562E-02
  3.8197E-01  8.1647E-03 -5.6641E-02 -8.5097E-02
  3.8459E-01  8.3253E-03 -5.6958E-02 -8.5606E-02
  3.8722E-01  8.4889E-03 -5.7256E-02 -8.6087E-02
  3.8987E-01  8.6556E-03 -5.7533E-02 -8.6541E-02
  3.9254E-01  8.8255E-03 -5.7789E-02 -8.6967E-02
  3.9522E-01  8.9987E-03 -5.8025E-02 -8.7365E-02
  3.9792E-01  9.1750E-03 -5.8240E-02 -8.7735E-02
  4.0065E-01  9.3548E-03 -5.8434E-02 -8.8076E-02
  4.0339E-01  9.5379E-03 -5.8607E-02 -8.8388E-02
  4.0615E-01  9.7244E-03 -5.8758E-02 -8.8671E-02
  4.0893E-01  9.9145E-03 -5.8887E-02 -8.8925E-02
  4.1172E-01  1.0108E-02 -5.8994E-02 -8.9150E-02
  4.1454E-01  1.0305E-02 -5.9079E-02 -8.9345E-02
  4.1738E-01  1.0506E-02 -5.9142E-02 -8.9509E-02
  4.2023E-01  1.0711E-02 -5.9183E-02 -8.9644E-02
  4.2311E-01  1.0920E-02 -5.9201E-02 -8.9749E-02
  4.2600E-01  1.1132E-02 -5.9196E-02 -8.9823E-02
  4.2892E-01  1.1349E-02 -5.9169E-02 -8.9866E-02
  4.3185E-01  1.1569E-02 -5.9119E-02 -8.9879E-02
  4.3481E-01  1.1794E-02 -5.9045E-02 -8.9860E-02
  4.3778E-01  1.2022E-02 -5.8948E-02 -8.9811E-02
  4.4077E-01  1.2255E-02 -5.8828E-02 -8.9731E-02
  4.4379E-01  1.2493E-02 -5.8685E-02 -8.9620E-02
  4.4683E-01  1.2734E-02 -5.8518E-02 -8.9477E-02
  4.4988E-01  1.2980E-02 -5.8328E-02 -8.9304E-02
  4.5296E-01  1.3231E-02 -5.8114E-02 -8.9099E-02
  4.5606E-01  1.3486E-02 -5.7876E-02 -8.8862E-02
  4.5918E-01  1.3746E-02 -5.7615E-02 -8.8594E-02
  4.6232E-01  1.4011E-02 -5.7330E-02 -8.8295E-02
  4.6548E-01  1.4281E-02 -5.7021E-02 -8.7965E-02
  4.6867E-01  1.4555E-02 -5.6688E-02 -8.7603E-02
  4.7188E-01  1.4835E-02 -5.6331E-02 -8.7210E-02
  4.7510E-01  1.5119E-02 -5.5951E-02 -8.6785E-02
  4.7835E-01  1.5409E-02 -5.5546E-02 -8.6330E-02
  4.8163E-01  1.5704E-02 -5.5118E-02 -8.5843E-02
  4.8492E-01  1.6005E-02 -5.4666E-02 -8.5325E-02
  4.8824E-01  1.6311E-02 -5.4190E-02 -8.4776E-02
  4.9158E-01  1.6622E-02 -5.3690E-02 -8.4196E-02
  4.9494E-01  1.6939E-02 -5.3167E-02 -8.3585E-02
  4.9833E-01  1.7262E-02 -5.2619E-02 -8.2944E-02
  5.0174E-01  1.7591E-02 -5.2048E-02 -8.2272E-02
  5.0517E-01  1.7925E-02 -5.1454E-02 -8.1570E-02
  5.0862E-01  1.8266E-02 -5.0836E-02 -8.0837E-02
  5.1210E-01  1.8612E-02 -5.0194E-02 -8.0075E-02
  5.1561E-01  1.8965E-02 -4.9529E-02 -7.9282E-02
  5.1914E-01  1.9324E-02 -4.8840E-02 -7.8460E-02
  5.2269E-01  1.9690E-02 -4.8128E-02 -7.7608E-02
  5.2626E-01  2.0062E-02 -4.7393E-02 -7.6727E-02
  5.2986E-01  2.0441E-02 -4.6635E-02 -7.5816E-02
  5.3349E-01  2.0826E-02 -4.5854E-02 -7.4877E-02
  5.3714E-01  2.1218E-02 -4.5049E-02 -7.3909E-02
  5.4081E-01  2.1617E-02 -4.4223E-02 -7.2912E-02
  5.4451E-01  2.2023E-02 -4.3373E-02 -7.1888E-02
  5.4824E-01  2.2437E-02 -4.2501E-02 -7.0835E-02
  5.5199E-01  2.2857E-02 -4.1606E-02 -6.9755E-02
  5.5576E-01  2.3285E-02 -4.0690E-02 -6.8647E-02
  5.5957E-01  2.3721E-02 -3.9751E-02 -6.7512E-02
  5.6339E-01  2.4164E-02 -3.8790E-02 -6.6350E-02
  5.6725E-01  2.4614E-02 -3.7807E-02 -6.5162E-02
  5.7113E-01  2.5073E-02 -3.6802E-02 -6.3947E-02
  5.7503E-01  2.5539E-02 -3.5776E-02 -6.2706E-02
  5.7897E-01  2.6014E-02 -3.4728E-02 -6.1440E-02
  5.8293E-01  2.6497E-02 -3.3659E-02 -6.0148E-02
  5.8692E-01  2.6988E-02 -3.2569E-02 -5.8831E-02
  5.9093E-01  2.7488E-02 -3.1458E-02 -5.7489E-02
  5.9497E-01  2.7996E-02 -3.0327E-02 -5.6123E-02
  5.9905E-01  2.8513E-02 -2.9174E-02 -5.4732E-02
  6.0314E-01  2.9039E-02 -2.8002E-02 -5.3318E-02
  6.0727E-01  2.9574E-02 -2.6808E-02 -5.1881E-02
  6.1142E-01  3.0118E-02 -2.5595E-02 -5.0420E-02
  6.1561E-01  3.0671E-02 -2.4362E-02 -4.8936E-02
  6.1982E-01  3.1233E-02 -2.3109E-02 -4.7430E-02
  6.2406E-01  3.1806E-02 -2.1837E-02 -4.5902E-02
  6.2833E-01  3.2387E-02 -2.0545E-02 -4.4353E-02
  6.3262E-01  3.2979E-02 -1.9234E-02 -4.2781E-02
  6.3695E-01  3.3581E-02 -1.7904E-02 -4.1189E-02
  6.4131E-01  3.4193E-02 -1.6555E-02 -3.9576E-02
  6.4570E-01  3.4815E-02 -1.5188E-02 -3.7943E-02
  6.5011E-01  3.5447E-02 -1.3802E-02 -3.6289E-02
  6.5456E-01  3.6090E-02 -1.2398E-02 -3.4616E-02
  6.5904E-01  3.6744E-02 -1.0975E-02 -3.2923E-02
  6.6355E-01  3.7409E-02 -9.5347E-03 -3.1212E-02
  6.6809E-01  3.8085E-02 -8.0765E-03 -2.9482E-02
  6.7266E-01  3.8772E-02 -6.6006E-03 -2.7733E-02
  6.7726E-01  3.9470E-02 -5.1074E-03 -2.5967E-02
  6.8189E-01  4.0180E-02 -3.5969E-03 -2.4183E-02
  6.8656E-01  4.0902E-02 -2.0693E-03 -2.2381E-02
  6.9125E-01  4.1636E-02 -5.2482E-04 -2.0563E-02
  6.9598E-01  4.2382E-02  1.0364E-03 -1.8728E-02
  7.0074E-01  4.3140E-02  2.6143E-03 -1.6876E-02
  7.0554E-01  4.3910E-02  4.2086E-03 -1.5009E-02
  7.1036E-01  4.4693E-02  5.8191E-03 -1.3126E-02
  7.1522E-01  4.5489E-02  7.4458E-03 -1.1227E-02
  7.2011E-01  4.6298E-02  9.0884E-03 -9.3132E-03
  7.2504E-01  4.7121E-02  1.0747E-02 -7.3845E-03
  7.3000E-01  4.7956E-02  1.2421E-02 -5.4414E-03
  7.3499E-01  4.8806E-02  1.4111E-02 -3.4839E-03
  7.4002E-01  4.9669E-02  1.5816E-02 -1.5125E-03
  7.4508E-01  5.0546E-02  1.7536E-02  4.7273E-04
  7.5018E-01  5.1437E-02  1.9272E-02  2.4714E-03
  7.5531E-01  5.2343E-02  2.1022E-02  4.4833E-03
  7.6048E-01  5.3263E-02  2.2788E-02  6.5083E-03
  7.6568E-01  5.4199E-02  2.4568E-02  8.5460E-03
  7.7092E-01  5.5149E-02  2.6363E-02  1.0596E-02
  7.7619E-01  5.6115E-02  2.8173E-02  1.2659E-02
  7.8150E-01  5.7097E-02  2.9997E-02  1.4734E-02
  7.8685E-01  5.8094E-02  3.1835E-02  1.6820E-02
  7.9223E-01  5.9108E-02  3.3688E-02  1.8919E-02
  7.9765E-01  6.0138E-02  3.5556E-02  2.1029E-02
  8.0311E-01  6.1184E-02  3.7437E-02  2.3151E-02
  8.0860E-01  6.2247E-02  3.9333E-02  2.5284E-02
  8.1413E-01  6.3328E-02  4.1243E-02  2.7428E-02
  8.1970E-01  6.4426E-02  4.3167E-02  2.9583E-02
  8.2531E-01  6.5541E-02  4.5105E-02  3.1750E-02
  8.3096E-01  6.6675E-02  4.7057E-02  3.3927E-02
  8.3664E-01  6.7827E-02  4.9023E-02  3.6115E-02
  8.4236E-01  6.8998E-02  5.1004E-02  3.8314E-02
  8.4813E-01  7.0187E-02  5.2998E-02  4.0524E-02
  8.5393E-01  7.1396E-02  5.5007E-02  4.2744E-02
  8.5977E-01  7.2624E-02  5.7030E-02  4.4975E-02
  8.6565E-01  7.3873E-02  5.9067E-02  4.7217E-02
  8.7157E-01  7.5141E-02  6.1118E-02  4.9469E-02
  8.7753E-01  7.6430E-02  6.3183E-02  5.1733E-02
  8.8354E-01  7.7741E-02  6.5263E-02  5.4007E-02
  8.8958E-01  7.9072E-02  6.7358E-02  5.6292E-02
  8.9567E-01  8.0426E-02  6.9467E-02  5.8589E-02
  9.0179E-01  8.1801E-02  7.1591E-02  6.0896E-02
  9.0796E-01  8.3199E-02  7.3730E-02  6.3215E-02
  9.1417E-01  8.4621E-02  7.5884E-02  6.5545E-02
  9.2043E-01  8.6065E-02  7.8053E-02  6.7887E-02
  9.2672E-01  8.7534E-02  8.0237E-02  7.0241E-02
  9.3306E-01  8.9027E-02  8.2437E-02  7.2607E-02
  9.3944E-01  9.0545E-02  8.4653E-02  7.4985E-02
  9.4587E-01  9.2088E-02  8.6885E-02  7.7375E-02
  9.5234E-01  9.3657E-02  8.9134E-02  7.9779E-02
  9.5885E-01  9.5253E-02  9.1399E-02  8.2196E-02
  9.6541E-01  9.6875E-02  9.3681E-02  8.4626E-02
  9.7202E-01  9.8525E-02  9.5980E-02  8.7071E-02
  9.7867E-01  1.0020E-01  9.8297E-02  8.9529E-02
  9.8536E-01  1.0191E-01  1.0063E-01  9.2003E-02
  9.9210E-01  1.0365E-01  1.0298E-01  9.4491E-02
  9.9889E-01  1.0541E-01  1.0536E-01  9.6995E-02
  1.0057E+00  1.0721E-01  1.0775E-01  9.9516E-02
  1.0126E+00  1.0904E-01  1.1016E-01  1.0205E-01
  1.0195E+00  1.1090E-01  1.1259E-01  1.0461E-01
  1.0265E+00  1.1279E-01  1.1504E-01  1.0718E-01
  1.0335E+00  1.1472E-01  1.1751E-01  1.0977E-01
  1.0406E+00  1.1668E-01  1.2001E-01  1.1238E-01
  1.0477E+00  1.1867E-01  1.2253E-01  1.1501E-01
  1.0549E+00  1.2071E-01  1.2507E-01  1.1766E-01
  1.0621E+00  1.2278E-01  1.2763E-01  1.2033E-01
  1.0694E+00  1.2488E-01  1.3022E-01  1.2303E-01
  1.0767E+00  1.2703E-01  1.3283E-01  1.2575E-01
  1.0840E+00  1.2921E-01  1.3547E-01  1.2849E-01
  1.0915E+00  1.3144E-01  1.3814E-01  1.3125E-01
  1.0989E+00  1.3371E-01  1.4083E-01  1.3405E-01
  1.1064E+00  1.3602E-01  1.4355E-01  1.3686E-01
  1.1140E+00  1.3837E-01  1.4631E-01  1.3971E-01
  1.1216E+00  1.4077E-01  1.4909E-01  1.4259E-01
  1.1293E+00  1.4322E-01  1.5190E-01  1.4550E-01
  1.1370E+00  1.4571E-01  1.5475E-01  1.4843E-01
  1.1448E+00  1.4826E-01  1.5763E-01  1.5140E-01
  1.1526E+00  1.5085E-01  1.6055E-01  1.5441E-01
  1.1605E+00  1.5349E-01  1.6350E-01  1.5745E-01
  1.1685E+00  1.5619E-01  1.6649E-01  1.6053E-01
  1.1764E+00  1.5894E-01  1.6952E-01  1.6364E-01
  1.1845E+00  1.6175E-01  1.7259E-01  1.6680E-01
  1.1926E+00  1.6462E-01  1.7570E-01  1.6999E-01
  1.2008E+00  1.6754E-01  1.7885E-01  1.7323E-01
  1.2090E+00  1.7053E-01  1.8205E-01  1.7652E-01
  1.2172E+00  1.7358E-01  1.8530E-01  1.7985E-01
  1.2256E+00  1.7669E-01  1.8859E-01  1.8323E-01
  1.2339E+00  1.7987E-01  1.9194E-01  1.8666E-01
  1.2424E+00  1.8312E-01  1.9534E-01  1.9014E-01
  1.2509E+00  1.8644E-01  1.9879E-01  1.9368E-01
  1.2594E+00  1.8983E-01  2.0230E-01  1.9727E-01
  1.2681E+00  1.9330E-01  2.0587E-01  2.0093E-01
  1.2767E+00  1.9684E-01  2.0950E-01  2.0464E-01
  1.2855E+00  2.0046E-01  2.1319E-01  2.0842E-01
  1.2943E+00  2.0417E-01  2.1695E-01  2.1226E-01
  1.3031E+00  2.0795E-01  2.2077E-01  2.1618E-01
  1.3120E+00  2.1183E-01  2.2467E-01  2.2016E-01
  1.3210E+00  2.1579E-01  2.2864E-01  2.2422E-01
  1.3300E+00  2.1985E-01  2.3269E-01  2.2836E-01
  1.3391E+00  2.2400E-01  2.3682E-01  2.3257E-01
  1.3483E+00  2.2825E-01  2.4103E-01  2.3687E-01
  1.3575E+00  2.3261E-01  2.4533E-01  2.4126E-01
  1.3668E+00  2.3706E-01  2.4971E-01  2.4574E-01
  1.3762E+00  2.4162E-01  2.5419E-01  2.5031E-01
  1.3856E+00  2.4630E-01  2.5877E-01  2.5498E-01
  1.3950E+00  2.5109E-01  2.6344E-01  2.5975E-01
  1.4046E+00  2.5600E-01  2.6822E-01  2.6462E-01
  1.4142E+00  2.6103E-01  2.7311E-01  2.6960E-01
  1.4239E+00  2.6618E-01  2.7812E-01  2.7470E-01
  1.4336E+00  2.7147E-01  2.8323E-01  2.7991E-01
  1.4434E+00  2.7689E-01  2.8848E-01  2.8525E-01
  1.4533E+00  2.8245E-01  2.9384E-01  2.9071E-01
  1.4632E+00  2.8815E-01  2.9934E-01  2.9631E-01
  1.4732E+00  2.9401E-01  3.0498E-01  3.0204E-01
  1.4833E+00  3.0001E-01  3.1076E-01  3.0792E-01
  1.4935E+00  3.0617E-01  3.1669E-01  3.1394E-01
  1.5037E+00  3.1250E-01  3.2277E-01  3.2012E-01
  1.5140E+00  3.1900E-01  3.2901E-01  3.2646E-01
  1.5243E+00  3.2567E-01  3.3541E-01  3.3296E-01
  1.5347E+00  3.3252E-01  3.4199E-01  3.3964E-01
  1.5452E+00  3.3956E-01  3.4875E-01  3.4649E-01
  1.5558E+00  3.4679E-01  3.5570E-01  3.5353E-01
  1.5665E+00  3.5422E-01  3.6284E-01  3.6077E-01
  1.5772E+00  3.6186E-01  3.7018E-01  3.6820E-01
  1.5880E+00  3.6971E-01  3.7773E-01  3.7585E-01
  1.5988E+00  3.7779E-01  3.8550E-01  3.8371E-01
  1.6098E+00  3.8610E-01  3.9349E-01  3.9180E-01
  1.6208E+00  3.9464E-01  4.0172E-01  4.0012E-01
  1.6319E+00  4.0343E-01  4.1020E-01  4.0869E-01
  1.6430E+00  4.1248E-01  4.1893E-01  4.1751E-01
  1.6543E+00  4.2179E-01  4.2793E-01  4.2660E-01
  1.6656E+00  4.3138E-01  4.3720E-01  4.3596E-01
  1.6770E+00  4.4125E-01  4.4676E-01  4.4560E-01
  1.6884E+00  4.5142E-01  4.5662E-01  4.5554E-01
  1.7000E+00  4.6190E-01  4.6679E-01  4.6579E-01
  1.7116E+00  4.7269E-01  4.7728E-01  4.7636E-01
  1.7233E+00  4.8382E-01  4.8811E-01  4.8726E-01
  1.7351E+00  4.9529E-01  4.9928E-01  4.9851E-01
  1.7470E+00  5.0711E-01  5.1082E-01  5.1013E-01
  1.7589E+00  5.1931E-01  5.2274E-01  5.2212E-01
  1.7710E+00  5.3190E-01  5.3505E-01  5.3450E-01
  1.7831E+00  5.4488E-01  5.4778E-01  5.4728E-01
  1.7953E+00  5.5829E-01  5.6093E-01  5.6050E-01
  1.8075E+00  5.7212E-01  5.7452E-01  5.7415E-01
  1.8199E+00  5.8641E-01  5.8858E-01  5.8826E-01
  1.8324E+00  6.0118E-01  6.0312E-01  6.0286E-01
  1.8449E+00  6.1643E-01  6.1816E-01  6.1795E-01
  1.8575E+00  6.3219E-01  6.3373E-01  6.3356E-01
  1.8702E+00  6.4849E-01  6.4984E-01  6.4971E-01
  1.8830E+00  6.6534E-01  6.6652E-01  6.6643E-01
  1.8959E+00  6.8277E-01  6.8379E-01  6.8374E-01
  1.9089E+00  7.0080E-01  7.0168E-01  7.0166E-01
  1.9219E+00  7.1947E-01  7.2021E-01  7.2022E-01
  1.9351E+00  7.3879E-01  7.3941E-01  7.3945E-01
  1.9483E+00  7.5880E-01  7.5931E-01  7.5938E-01
  1.9616E+00  7.7952E-01  7.7994E-01  7.8003E-01
  1.9750E+00  8.0100E-01  8.0134E-01  8.0143E-01
  1.9886E+00  8.2325E-01  8.2352E-01  8.2363E-01
  2.0022E+00  8.4633E-01  8.4653E-01  8.4666E-01
  2.0158E+00  8.7026E-01  8.7041E-01  8.7054E-01
  2.0296E+00  8.9508E-01  8.9519E-01  8.9533E-01
  2.0435E+00  9.2083E-01  9.2091E-01  9.2105E-01
  2.0575E+00  9.4756E-01  9.4762E-01  9.4775E-01
  2.0716E+00  9.7531E-01  9.7535E-01  9.7548E-01
  2.0857E+00  1.0041E+00  1.0042E+00  1.0043E+00
  2.1000E+00  1.0341E+00  1.0341E+00  1.0342E+00
  2.1144E+00  1.0652E+00  1.0652E+00  1.0653E+00
  2.1288E+00  1.0975E+00  1.0975E+00  1.0976E+00
  2.1434E+00  1.1311E+00  1.1311E+00  1.1312E+00
  2.1581E+00  1.1661E+00  1.1661E+00  1.1661E+00
  2.1728E+00  1.2024E+00  1.2024E+00  1.2025E+00
  2.1877E+00  1.2402E+00  1.2402E+00  1.2403E+00
  2.2026E+00  1.2796E+00  1.2796E+00  1.2796E+00
  2.2177E+00  1.3205E+00  1.3205E+00  1.3206E+00
  2.2329E+00  1.3632E+00  1.3632E+00  1.3632E+00
  2.2482E+00  1.4076E+00  1.4076E+00  1.4076E+00
  2.2635E+00  1.4538E+00  1.4538E+00  1.4538E+00
  2.2790E+00  1.5020E+00  1.5020E+00  1.5020E+00
  2.2946E+00  1.5522E+00  1.5522E+00  1.5522E+00
  2.3103E+00  1.6045E+00  1.6045E+00  1.6045E+00
  2.3261E+00  1.6591E+00  1.6591E+00  1.6590E+00
  2.3420E+00  1.7160E+00  1.7160E+00  1.7159E+00
  2.3580E+00  1.7754E+00  1.7754E+00  1.7753E+00
  2.3742E+00  1.8373E+00  1.8373E+00  1.8372E+00
  2.3904E+00  1.9019E+00  1.9019E+00  1.9018E+00
  2.4068E+00  1.9694E+00  1.9694E+00  1.9692E+00
  2.4232E+00  2.0398E+00  2.0398E+00  2.0397E+00
