 # l=           1 energy=  -4.9859719438877761     
  0.0000E+00  0.0000E+00  0.0000E+00 -0.0000E+00
  6.5668E-07  2.0486E-13 -2.0513E-09 -2.2961E-09
  1.3178E-06  8.2505E-13 -6.4867E-09 -7.2608E-09
  1.9835E-06  1.8691E-12 -1.2750E-08 -1.4272E-08
  2.6538E-06  3.3456E-12 -2.0629E-08 -2.3091E-08
  3.3286E-06  5.2635E-12 -3.0001E-08 -3.3582E-08
  4.0081E-06  7.6316E-12 -4.0784E-08 -4.5651E-08
  4.6922E-06  1.0459E-11 -5.2919E-08 -5.9235E-08
  5.3809E-06  1.3755E-11 -6.6364E-08 -7.4286E-08
  6.0744E-06  1.7529E-11 -8.1089E-08 -9.0768E-08
  6.7726E-06  2.1790E-11 -9.7067E-08 -1.0865E-07
  7.4756E-06  2.6549E-11 -1.1428E-07 -1.2792E-07
  8.1834E-06  3.1814E-11 -1.3271E-07 -1.4856E-07
  8.8961E-06  3.7597E-11 -1.5236E-07 -1.7055E-07
  9.6136E-06  4.3906E-11 -1.7320E-07 -1.9388E-07
  1.0336E-05  5.0753E-11 -1.9525E-07 -2.1855E-07
  1.1063E-05  5.8147E-11 -2.1848E-07 -2.4456E-07
  1.1796E-05  6.6100E-11 -2.4290E-07 -2.7190E-07
  1.2533E-05  7.4622E-11 -2.6851E-07 -3.0057E-07
  1.3276E-05  8.3725E-11 -2.9532E-07 -3.3057E-07
  1.4023E-05  9.3418E-11 -3.2331E-07 -3.6191E-07
  1.4776E-05  1.0371E-10 -3.5250E-07 -3.9458E-07
  1.5533E-05  1.1463E-10 -3.8289E-07 -4.2860E-07
  1.6296E-05  1.2616E-10 -4.1448E-07 -4.6396E-07
  1.7064E-05  1.3834E-10 -4.4727E-07 -5.0067E-07
  1.7838E-05  1.5116E-10 -4.8129E-07 -5.3875E-07
  1.8617E-05  1.6464E-10 -5.1652E-07 -5.7819E-07
  1.9401E-05  1.7880E-10 -5.5299E-07 -6.1901E-07
  2.0190E-05  1.9365E-10 -5.9068E-07 -6.6121E-07
  2.0985E-05  2.0920E-10 -6.2963E-07 -7.0480E-07
  2.1785E-05  2.2545E-10 -6.6983E-07 -7.4980E-07
  2.2591E-05  2.4244E-10 -7.1129E-07 -7.9621E-07
  2.3402E-05  2.6016E-10 -7.5402E-07 -8.4405E-07
  2.4218E-05  2.7864E-10 -7.9804E-07 -8.9332E-07
  2.5041E-05  2.9788E-10 -8.4335E-07 -9.4404E-07
  2.5869E-05  3.1791E-10 -8.8996E-07 -9.9623E-07
  2.6702E-05  3.3873E-10 -9.3789E-07 -1.0499E-06
  2.7542E-05  3.6036E-10 -9.8715E-07 -1.1050E-06
  2.8387E-05  3.8281E-10 -1.0378E-06 -1.1617E-06
  2.9238E-05  4.0610E-10 -1.0897E-06 -1.2198E-06
  3.0094E-05  4.3025E-10 -1.1430E-06 -1.2795E-06
  3.0957E-05  4.5526E-10 -1.1977E-06 -1.3407E-06
  3.1825E-05  4.8116E-10 -1.2538E-06 -1.4035E-06
  3.2700E-05  5.0796E-10 -1.3113E-06 -1.4679E-06
  3.3580E-05  5.3568E-10 -1.3702E-06 -1.5338E-06
  3.4466E-05  5.6434E-10 -1.4305E-06 -1.6014E-06
  3.5359E-05  5.9394E-10 -1.4923E-06 -1.6705E-06
  3.6257E-05  6.2451E-10 -1.5556E-06 -1.7414E-06
  3.7162E-05  6.5606E-10 -1.6203E-06 -1.8138E-06
  3.8073E-05  6.8862E-10 -1.6866E-06 -1.8880E-06
  3.8990E-05  7.2219E-10 -1.7543E-06 -1.9638E-06
  3.9913E-05  7.5680E-10 -1.8236E-06 -2.0414E-06
  4.0843E-05  7.9247E-10 -1.8944E-06 -2.1206E-06
  4.1779E-05  8.2921E-10 -1.9668E-06 -2.2016E-06
  4.2721E-05  8.6704E-10 -2.0407E-06 -2.2844E-06
  4.3670E-05  9.0598E-10 -2.1163E-06 -2.3690E-06
  4.4626E-05  9.4606E-10 -2.1934E-06 -2.4554E-06
  4.5588E-05  9.8728E-10 -2.2722E-06 -2.5436E-06
  4.6556E-05  1.0297E-09 -2.3527E-06 -2.6336E-06
  4.7531E-05  1.0733E-09 -2.4348E-06 -2.7255E-06
  4.8513E-05  1.1181E-09 -2.5185E-06 -2.8193E-06
  4.9501E-05  1.1641E-09 -2.6040E-06 -2.9150E-06
  5.0497E-05  1.2114E-09 -2.6913E-06 -3.0127E-06
  5.1499E-05  1.2599E-09 -2.7802E-06 -3.1123E-06
  5.2508E-05  1.3098E-09 -2.8709E-06 -3.2138E-06
  5.3523E-05  1.3609E-09 -2.9635E-06 -3.3174E-06
  5.4546E-05  1.4134E-09 -3.0578E-06 -3.4230E-06
  5.5576E-05  1.4673E-09 -3.1539E-06 -3.5306E-06
  5.6613E-05  1.5226E-09 -3.2519E-06 -3.6403E-06
  5.7657E-05  1.5792E-09 -3.3518E-06 -3.7521E-06
  5.8708E-05  1.6373E-09 -3.4535E-06 -3.8660E-06
  5.9766E-05  1.6969E-09 -3.5572E-06 -3.9820E-06
  6.0831E-05  1.7579E-09 -3.6628E-06 -4.1002E-06
  6.1904E-05  1.8205E-09 -3.7703E-06 -4.2206E-06
  6.2984E-05  1.8846E-09 -3.8798E-06 -4.3432E-06
  6.4072E-05  1.9502E-09 -3.9914E-06 -4.4681E-06
  6.5167E-05  2.0174E-09 -4.1049E-06 -4.5952E-06
  6.6269E-05  2.0863E-09 -4.2205E-06 -4.7246E-06
  6.7379E-05  2.1567E-09 -4.3382E-06 -4.8564E-06
  6.8497E-05  2.2289E-09 -4.4580E-06 -4.9905E-06
  6.9622E-05  2.3027E-09 -4.5799E-06 -5.1269E-06
  7.0755E-05  2.3783E-09 -4.7040E-06 -5.2658E-06
  7.1895E-05  2.4556E-09 -4.8302E-06 -5.4071E-06
  7.3044E-05  2.5346E-09 -4.9587E-06 -5.5509E-06
  7.4200E-05  2.6155E-09 -5.0893E-06 -5.6972E-06
  7.5364E-05  2.6982E-09 -5.2222E-06 -5.8460E-06
  7.6536E-05  2.7828E-09 -5.3574E-06 -5.9974E-06
  7.7717E-05  2.8693E-09 -5.4950E-06 -6.1513E-06
  7.8905E-05  2.9577E-09 -5.6348E-06 -6.3079E-06
  8.0101E-05  3.0481E-09 -5.7770E-06 -6.4671E-06
  8.1306E-05  3.1404E-09 -5.9216E-06 -6.6289E-06
  8.2519E-05  3.2348E-09 -6.0686E-06 -6.7935E-06
  8.3740E-05  3.3313E-09 -6.2181E-06 -6.9609E-06
  8.4969E-05  3.4298E-09 -6.3701E-06 -7.1310E-06
  8.6207E-05  3.5305E-09 -6.5245E-06 -7.3039E-06
  8.7453E-05  3.6333E-09 -6.6815E-06 -7.4796E-06
  8.8708E-05  3.7383E-09 -6.8411E-06 -7.6583E-06
  8.9971E-05  3.8456E-09 -7.0033E-06 -7.8398E-06
  9.1244E-05  3.9551E-09 -7.1681E-06 -8.0243E-06
  9.2524E-05  4.0669E-09 -7.3355E-06 -8.2118E-06
  9.3814E-05  4.1810E-09 -7.5057E-06 -8.4023E-06
  9.5112E-05  4.2976E-09 -7.6786E-06 -8.5959E-06
  9.6419E-05  4.4165E-09 -7.8543E-06 -8.7925E-06
  9.7736E-05  4.5379E-09 -8.0327E-06 -8.9923E-06
  9.9061E-05  4.6618E-09 -8.2140E-06 -9.1952E-06
  1.0040E-04  4.7882E-09 -8.3981E-06 -9.4014E-06
  1.0174E-04  4.9172E-09 -8.5852E-06 -9.6108E-06
  1.0309E-04  5.0488E-09 -8.7752E-06 -9.8234E-06
  1.0445E-04  5.1831E-09 -8.9681E-06 -1.0039E-05
  1.0582E-04  5.3201E-09 -9.1641E-06 -1.0259E-05
  1.0720E-04  5.4598E-09 -9.3630E-06 -1.0482E-05
  1.0859E-04  5.6023E-09 -9.5651E-06 -1.0708E-05
  1.0999E-04  5.7476E-09 -9.7703E-06 -1.0937E-05
  1.1140E-04  5.8958E-09 -9.9786E-06 -1.1171E-05
  1.1282E-04  6.0469E-09 -1.0190E-05 -1.1408E-05
  1.1425E-04  6.2010E-09 -1.0405E-05 -1.1648E-05
  1.1569E-04  6.3581E-09 -1.0623E-05 -1.1892E-05
  1.1714E-04  6.5182E-09 -1.0844E-05 -1.2140E-05
  1.1859E-04  6.6815E-09 -1.1069E-05 -1.2391E-05
  1.2006E-04  6.8479E-09 -1.1297E-05 -1.2647E-05
  1.2154E-04  7.0175E-09 -1.1528E-05 -1.2906E-05
  1.2303E-04  7.1904E-09 -1.1763E-05 -1.3169E-05
  1.2453E-04  7.3666E-09 -1.2002E-05 -1.3436E-05
  1.2603E-04  7.5461E-09 -1.2244E-05 -1.3707E-05
  1.2755E-04  7.7291E-09 -1.2490E-05 -1.3982E-05
  1.2908E-04  7.9155E-09 -1.2739E-05 -1.4261E-05
  1.3062E-04  8.1055E-09 -1.2992E-05 -1.4544E-05
  1.3217E-04  8.2990E-09 -1.3248E-05 -1.4831E-05
  1.3373E-04  8.4961E-09 -1.3509E-05 -1.5123E-05
  1.3530E-04  8.6970E-09 -1.3773E-05 -1.5419E-05
  1.3689E-04  8.9015E-09 -1.4041E-05 -1.5719E-05
  1.3848E-04  9.1099E-09 -1.4313E-05 -1.6024E-05
  1.4008E-04  9.3222E-09 -1.4589E-05 -1.6333E-05
  1.4170E-04  9.5383E-09 -1.4869E-05 -1.6646E-05
  1.4332E-04  9.7585E-09 -1.5154E-05 -1.6964E-05
  1.4496E-04  9.9827E-09 -1.5442E-05 -1.7287E-05
  1.4661E-04  1.0211E-08 -1.5734E-05 -1.7614E-05
  1.4827E-04  1.0443E-08 -1.6031E-05 -1.7946E-05
  1.4994E-04  1.0680E-08 -1.6331E-05 -1.8283E-05
  1.5162E-04  1.0921E-08 -1.6637E-05 -1.8624E-05
  1.5331E-04  1.1166E-08 -1.6946E-05 -1.8971E-05
  1.5502E-04  1.1416E-08 -1.7260E-05 -1.9322E-05
  1.5674E-04  1.1671E-08 -1.7578E-05 -1.9679E-05
  1.5847E-04  1.1929E-08 -1.7901E-05 -2.0040E-05
  1.6021E-04  1.2193E-08 -1.8229E-05 -2.0407E-05
  1.6196E-04  1.2461E-08 -1.8561E-05 -2.0779E-05
  1.6372E-04  1.2734E-08 -1.8898E-05 -2.1156E-05
  1.6550E-04  1.3012E-08 -1.9239E-05 -2.1538E-05
  1.6729E-04  1.3295E-08 -1.9586E-05 -2.1926E-05
  1.6909E-04  1.3583E-08 -1.9937E-05 -2.2319E-05
  1.7090E-04  1.3875E-08 -2.0293E-05 -2.2718E-05
  1.7273E-04  1.4173E-08 -2.0654E-05 -2.3122E-05
  1.7457E-04  1.4477E-08 -2.1020E-05 -2.3532E-05
  1.7642E-04  1.4785E-08 -2.1391E-05 -2.3947E-05
  1.7828E-04  1.5099E-08 -2.1768E-05 -2.4369E-05
  1.8016E-04  1.5419E-08 -2.2149E-05 -2.4796E-05
  1.8205E-04  1.5744E-08 -2.2536E-05 -2.5229E-05
  1.8395E-04  1.6074E-08 -2.2928E-05 -2.5668E-05
  1.8586E-04  1.6411E-08 -2.3326E-05 -2.6114E-05
  1.8779E-04  1.6753E-08 -2.3729E-05 -2.6565E-05
  1.8973E-04  1.7101E-08 -2.4138E-05 -2.7022E-05
  1.9169E-04  1.7455E-08 -2.4552E-05 -2.7486E-05
  1.9365E-04  1.7816E-08 -2.4972E-05 -2.7956E-05
  1.9563E-04  1.8182E-08 -2.5398E-05 -2.8433E-05
  1.9763E-04  1.8555E-08 -2.5830E-05 -2.8916E-05
  1.9964E-04  1.8934E-08 -2.6267E-05 -2.9406E-05
  2.0166E-04  1.9319E-08 -2.6710E-05 -2.9902E-05
  2.0370E-04  1.9711E-08 -2.7160E-05 -3.0406E-05
  2.0575E-04  2.0110E-08 -2.7615E-05 -3.0915E-05
  2.0781E-04  2.0515E-08 -2.8077E-05 -3.1432E-05
  2.0989E-04  2.0928E-08 -2.8545E-05 -3.1956E-05
  2.1198E-04  2.1347E-08 -2.9019E-05 -3.2487E-05
  2.1409E-04  2.1773E-08 -2.9500E-05 -3.3025E-05
  2.1621E-04  2.2207E-08 -2.9987E-05 -3.3571E-05
  2.1834E-04  2.2648E-08 -3.0481E-05 -3.4124E-05
  2.2049E-04  2.3096E-08 -3.0981E-05 -3.4684E-05
  2.2266E-04  2.3552E-08 -3.1488E-05 -3.5252E-05
  2.2484E-04  2.4015E-08 -3.2002E-05 -3.5827E-05
  2.2703E-04  2.4486E-08 -3.2523E-05 -3.6410E-05
  2.2924E-04  2.4965E-08 -3.3051E-05 -3.7001E-05
  2.3147E-04  2.5452E-08 -3.3586E-05 -3.7599E-05
  2.3371E-04  2.5947E-08 -3.4128E-05 -3.8206E-05
  2.3596E-04  2.6450E-08 -3.4677E-05 -3.8821E-05
  2.3823E-04  2.6962E-08 -3.5233E-05 -3.9444E-05
  2.4052E-04  2.7482E-08 -3.5797E-05 -4.0075E-05
  2.4282E-04  2.8010E-08 -3.6368E-05 -4.0715E-05
  2.4514E-04  2.8548E-08 -3.6947E-05 -4.1363E-05
  2.4747E-04  2.9094E-08 -3.7534E-05 -4.2020E-05
  2.4982E-04  2.9649E-08 -3.8128E-05 -4.2685E-05
  2.5219E-04  3.0213E-08 -3.8730E-05 -4.3359E-05
  2.5457E-04  3.0786E-08 -3.9340E-05 -4.4042E-05
  2.5697E-04  3.1369E-08 -3.9958E-05 -4.4734E-05
  2.5938E-04  3.1961E-08 -4.0585E-05 -4.5435E-05
  2.6181E-04  3.2563E-08 -4.1219E-05 -4.6145E-05
  2.6426E-04  3.3174E-08 -4.1862E-05 -4.6865E-05
  2.6672E-04  3.3796E-08 -4.2513E-05 -4.7594E-05
  2.6920E-04  3.4428E-08 -4.3173E-05 -4.8333E-05
  2.7170E-04  3.5070E-08 -4.3841E-05 -4.9081E-05
  2.7422E-04  3.5722E-08 -4.4518E-05 -4.9839E-05
  2.7675E-04  3.6385E-08 -4.5204E-05 -5.0607E-05
  2.7930E-04  3.7058E-08 -4.5899E-05 -5.1385E-05
  2.8186E-04  3.7742E-08 -4.6603E-05 -5.2173E-05
  2.8445E-04  3.8438E-08 -4.7316E-05 -5.2972E-05
  2.8705E-04  3.9144E-08 -4.8039E-05 -5.3781E-05
  2.8967E-04  3.9862E-08 -4.8771E-05 -5.4600E-05
  2.9231E-04  4.0592E-08 -4.9512E-05 -5.5430E-05
  2.9497E-04  4.1333E-08 -5.0263E-05 -5.6271E-05
  2.9764E-04  4.2085E-08 -5.1023E-05 -5.7122E-05
  3.0033E-04  4.2850E-08 -5.1794E-05 -5.7985E-05
  3.0304E-04  4.3627E-08 -5.2574E-05 -5.8858E-05
  3.0577E-04  4.4417E-08 -5.3365E-05 -5.9744E-05
  3.0852E-04  4.5219E-08 -5.4165E-05 -6.0640E-05
  3.1129E-04  4.6033E-08 -5.4976E-05 -6.1548E-05
  3.1407E-04  4.6861E-08 -5.5798E-05 -6.2468E-05
  3.1688E-04  4.7702E-08 -5.6630E-05 -6.3399E-05
  3.1970E-04  4.8556E-08 -5.7473E-05 -6.4343E-05
  3.2255E-04  4.9423E-08 -5.8326E-05 -6.5298E-05
  3.2541E-04  5.0305E-08 -5.9191E-05 -6.6266E-05
  3.2829E-04  5.1200E-08 -6.0066E-05 -6.7246E-05
  3.3119E-04  5.2109E-08 -6.0953E-05 -6.8239E-05
  3.3412E-04  5.3032E-08 -6.1851E-05 -6.9245E-05
  3.3706E-04  5.3971E-08 -6.2761E-05 -7.0263E-05
  3.4002E-04  5.4923E-08 -6.3682E-05 -7.1295E-05
  3.4300E-04  5.5891E-08 -6.4615E-05 -7.2339E-05
  3.4600E-04  5.6874E-08 -6.5560E-05 -7.3397E-05
  3.4903E-04  5.7872E-08 -6.6517E-05 -7.4469E-05
  3.5207E-04  5.8886E-08 -6.7486E-05 -7.5554E-05
  3.5514E-04  5.9916E-08 -6.8468E-05 -7.6653E-05
  3.5822E-04  6.0961E-08 -6.9462E-05 -7.7766E-05
  3.6133E-04  6.2023E-08 -7.0469E-05 -7.8893E-05
  3.6446E-04  6.3102E-08 -7.1488E-05 -8.0034E-05
  3.6761E-04  6.4197E-08 -7.2520E-05 -8.1190E-05
  3.7078E-04  6.5310E-08 -7.3566E-05 -8.2360E-05
  3.7397E-04  6.6439E-08 -7.4624E-05 -8.3545E-05
  3.7719E-04  6.7586E-08 -7.5696E-05 -8.4746E-05
  3.8042E-04  6.8751E-08 -7.6782E-05 -8.5961E-05
  3.8368E-04  6.9934E-08 -7.7881E-05 -8.7192E-05
  3.8696E-04  7.1135E-08 -7.8995E-05 -8.8438E-05
  3.9026E-04  7.2355E-08 -8.0122E-05 -8.9701E-05
  3.9359E-04  7.3593E-08 -8.1264E-05 -9.0979E-05
  3.9694E-04  7.4851E-08 -8.2419E-05 -9.2273E-05
  4.0031E-04  7.6128E-08 -8.3590E-05 -9.3583E-05
  4.0371E-04  7.7425E-08 -8.4775E-05 -9.4910E-05
  4.0712E-04  7.8741E-08 -8.5975E-05 -9.6254E-05
  4.1057E-04  8.0078E-08 -8.7191E-05 -9.7615E-05
  4.1403E-04  8.1435E-08 -8.8421E-05 -9.8992E-05
  4.1752E-04  8.2813E-08 -8.9667E-05 -1.0039E-04
  4.2103E-04  8.4213E-08 -9.0929E-05 -1.0180E-04
  4.2457E-04  8.5633E-08 -9.2206E-05 -1.0323E-04
  4.2813E-04  8.7076E-08 -9.3499E-05 -1.0468E-04
  4.3171E-04  8.8540E-08 -9.4809E-05 -1.0614E-04
  4.3532E-04  9.0027E-08 -9.6135E-05 -1.0763E-04
  4.3896E-04  9.1536E-08 -9.7478E-05 -1.0913E-04
  4.4262E-04  9.3069E-08 -9.8837E-05 -1.1065E-04
  4.4630E-04  9.4624E-08 -1.0021E-04 -1.1219E-04
  4.5001E-04  9.6204E-08 -1.0161E-04 -1.1376E-04
  4.5374E-04  9.7807E-08 -1.0302E-04 -1.1533E-04
  4.5750E-04  9.9435E-08 -1.0445E-04 -1.1693E-04
  4.6129E-04  1.0109E-07 -1.0589E-04 -1.1855E-04
  4.6510E-04  1.0277E-07 -1.0736E-04 -1.2019E-04
  4.6894E-04  1.0447E-07 -1.0884E-04 -1.2185E-04
  4.7280E-04  1.0620E-07 -1.1034E-04 -1.2353E-04
  4.7669E-04  1.0795E-07 -1.1186E-04 -1.2524E-04
  4.8061E-04  1.0973E-07 -1.1340E-04 -1.2696E-04
  4.8456E-04  1.1154E-07 -1.1496E-04 -1.2870E-04
  4.8853E-04  1.1338E-07 -1.1653E-04 -1.3047E-04
  4.9253E-04  1.1524E-07 -1.1813E-04 -1.3226E-04
  4.9655E-04  1.1713E-07 -1.1975E-04 -1.3407E-04
  5.0060E-04  1.1905E-07 -1.2138E-04 -1.3590E-04
  5.0468E-04  1.2100E-07 -1.2304E-04 -1.3775E-04
  5.0879E-04  1.2298E-07 -1.2472E-04 -1.3963E-04
  5.1293E-04  1.2499E-07 -1.2642E-04 -1.4153E-04
  5.1709E-04  1.2703E-07 -1.2814E-04 -1.4346E-04
  5.2129E-04  1.2909E-07 -1.2988E-04 -1.4541E-04
  5.2551E-04  1.3119E-07 -1.3164E-04 -1.4738E-04
  5.2976E-04  1.3332E-07 -1.3342E-04 -1.4937E-04
  5.3404E-04  1.3549E-07 -1.3523E-04 -1.5140E-04
  5.3835E-04  1.3768E-07 -1.3705E-04 -1.5344E-04
  5.4269E-04  1.3991E-07 -1.3891E-04 -1.5552E-04
  5.4706E-04  1.4217E-07 -1.4078E-04 -1.5761E-04
  5.5146E-04  1.4447E-07 -1.4267E-04 -1.5974E-04
  5.5589E-04  1.4680E-07 -1.4459E-04 -1.6189E-04
  5.6034E-04  1.4916E-07 -1.4654E-04 -1.6406E-04
  5.6483E-04  1.5156E-07 -1.4851E-04 -1.6626E-04
  5.6935E-04  1.5400E-07 -1.5050E-04 -1.6849E-04
  5.7390E-04  1.5647E-07 -1.5251E-04 -1.7075E-04
  5.7849E-04  1.5898E-07 -1.5455E-04 -1.7304E-04
  5.8310E-04  1.6152E-07 -1.5662E-04 -1.7535E-04
  5.8775E-04  1.6411E-07 -1.5871E-04 -1.7769E-04
  5.9242E-04  1.6673E-07 -1.6083E-04 -1.8006E-04
  5.9713E-04  1.6939E-07 -1.6297E-04 -1.8246E-04
  6.0187E-04  1.7209E-07 -1.6514E-04 -1.8489E-04
  6.0665E-04  1.7483E-07 -1.6734E-04 -1.8735E-04
  6.1145E-04  1.7761E-07 -1.6956E-04 -1.8984E-04
  6.1629E-04  1.8043E-07 -1.7181E-04 -1.9236E-04
  6.2116E-04  1.8330E-07 -1.7409E-04 -1.9491E-04
  6.2607E-04  1.8621E-07 -1.7639E-04 -1.9749E-04
  6.3101E-04  1.8915E-07 -1.7873E-04 -2.0010E-04
  6.3598E-04  1.9215E-07 -1.8109E-04 -2.0275E-04
  6.4099E-04  1.9518E-07 -1.8348E-04 -2.0542E-04
  6.4603E-04  1.9827E-07 -1.8590E-04 -2.0813E-04
  6.5110E-04  2.0139E-07 -1.8835E-04 -2.1088E-04
  6.5621E-04  2.0457E-07 -1.9083E-04 -2.1365E-04
  6.6136E-04  2.0779E-07 -1.9334E-04 -2.1646E-04
  6.6654E-04  2.1106E-07 -1.9588E-04 -2.1931E-04
  6.7175E-04  2.1437E-07 -1.9845E-04 -2.2219E-04
  6.7700E-04  2.1774E-07 -2.0105E-04 -2.2510E-04
  6.8229E-04  2.2115E-07 -2.0369E-04 -2.2805E-04
  6.8762E-04  2.2462E-07 -2.0636E-04 -2.3104E-04
  6.9298E-04  2.2813E-07 -2.0906E-04 -2.3406E-04
  6.9837E-04  2.3170E-07 -2.1179E-04 -2.3712E-04
  7.0381E-04  2.3532E-07 -2.1455E-04 -2.4022E-04
  7.0928E-04  2.3899E-07 -2.1735E-04 -2.4335E-04
  7.1478E-04  2.4272E-07 -2.2019E-04 -2.4652E-04
  7.2033E-04  2.4650E-07 -2.2305E-04 -2.4973E-04
  7.2591E-04  2.5033E-07 -2.2596E-04 -2.5298E-04
  7.3153E-04  2.5423E-07 -2.2889E-04 -2.5627E-04
  7.3720E-04  2.5817E-07 -2.3187E-04 -2.5960E-04
  7.4289E-04  2.6218E-07 -2.3488E-04 -2.6297E-04
  7.4863E-04  2.6625E-07 -2.3792E-04 -2.6638E-04
  7.5441E-04  2.7037E-07 -2.4101E-04 -2.6983E-04
  7.6023E-04  2.7456E-07 -2.4413E-04 -2.7333E-04
  7.6608E-04  2.7880E-07 -2.4729E-04 -2.7686E-04
  7.7198E-04  2.8311E-07 -2.5048E-04 -2.8044E-04
  7.7792E-04  2.8748E-07 -2.5372E-04 -2.8407E-04
  7.8389E-04  2.9192E-07 -2.5699E-04 -2.8773E-04
  7.8991E-04  2.9642E-07 -2.6031E-04 -2.9144E-04
  7.9597E-04  3.0098E-07 -2.6366E-04 -2.9520E-04
  8.0207E-04  3.0562E-07 -2.6706E-04 -2.9900E-04
  8.0822E-04  3.1032E-07 -2.7049E-04 -3.0285E-04
  8.1440E-04  3.1508E-07 -2.7397E-04 -3.0674E-04
  8.2063E-04  3.1992E-07 -2.7749E-04 -3.1068E-04
  8.2690E-04  3.2483E-07 -2.8105E-04 -3.1467E-04
  8.3321E-04  3.2980E-07 -2.8466E-04 -3.1871E-04
  8.3956E-04  3.3486E-07 -2.8831E-04 -3.2279E-04
  8.4596E-04  3.3998E-07 -2.9200E-04 -3.2693E-04
  8.5241E-04  3.4518E-07 -2.9574E-04 -3.3111E-04
  8.5889E-04  3.5045E-07 -2.9952E-04 -3.3535E-04
  8.6543E-04  3.5580E-07 -3.0335E-04 -3.3963E-04
  8.7200E-04  3.6123E-07 -3.0722E-04 -3.4397E-04
  8.7862E-04  3.6674E-07 -3.1114E-04 -3.4836E-04
  8.8529E-04  3.7232E-07 -3.1511E-04 -3.5281E-04
  8.9200E-04  3.7799E-07 -3.1913E-04 -3.5730E-04
  8.9876E-04  3.8374E-07 -3.2319E-04 -3.6185E-04
  9.0556E-04  3.8957E-07 -3.2731E-04 -3.6646E-04
  9.1241E-04  3.9549E-07 -3.3147E-04 -3.7112E-04
  9.1931E-04  4.0149E-07 -3.3568E-04 -3.7584E-04
  9.2626E-04  4.0758E-07 -3.3995E-04 -3.8061E-04
  9.3325E-04  4.1375E-07 -3.4426E-04 -3.8545E-04
  9.4029E-04  4.2002E-07 -3.4863E-04 -3.9034E-04
  9.4738E-04  4.2638E-07 -3.5305E-04 -3.9528E-04
  9.5451E-04  4.3282E-07 -3.5752E-04 -4.0029E-04
  9.6170E-04  4.3937E-07 -3.6205E-04 -4.0536E-04
  9.6893E-04  4.4600E-07 -3.6663E-04 -4.1049E-04
  9.7622E-04  4.5273E-07 -3.7126E-04 -4.1568E-04
  9.8355E-04  4.5956E-07 -3.7596E-04 -4.2093E-04
  9.9093E-04  4.6649E-07 -3.8070E-04 -4.2625E-04
  9.9837E-04  4.7351E-07 -3.8551E-04 -4.3163E-04
  1.0059E-03  4.8064E-07 -3.9037E-04 -4.3708E-04
  1.0134E-03  4.8787E-07 -3.9529E-04 -4.4259E-04
  1.0210E-03  4.9520E-07 -4.0027E-04 -4.4816E-04
  1.0286E-03  5.0264E-07 -4.0531E-04 -4.5380E-04
  1.0363E-03  5.1019E-07 -4.1041E-04 -4.5952E-04
  1.0441E-03  5.1784E-07 -4.1557E-04 -4.6529E-04
  1.0519E-03  5.2560E-07 -4.2080E-04 -4.7114E-04
  1.0597E-03  5.3348E-07 -4.2608E-04 -4.7706E-04
  1.0676E-03  5.4147E-07 -4.3143E-04 -4.8305E-04
  1.0756E-03  5.4957E-07 -4.3684E-04 -4.8911E-04
  1.0836E-03  5.5779E-07 -4.4232E-04 -4.9524E-04
  1.0916E-03  5.6613E-07 -4.4786E-04 -5.0145E-04
  1.0998E-03  5.7459E-07 -4.5347E-04 -5.0773E-04
  1.1080E-03  5.8316E-07 -4.5915E-04 -5.1409E-04
  1.1162E-03  5.9186E-07 -4.6490E-04 -5.2052E-04
  1.1245E-03  6.0069E-07 -4.7071E-04 -5.2703E-04
  1.1328E-03  6.0964E-07 -4.7659E-04 -5.3362E-04
  1.1412E-03  6.1872E-07 -4.8254E-04 -5.4028E-04
  1.1497E-03  6.2793E-07 -4.8857E-04 -5.4703E-04
  1.1582E-03  6.3727E-07 -4.9466E-04 -5.5385E-04
  1.1668E-03  6.4675E-07 -5.0083E-04 -5.6076E-04
  1.1754E-03  6.5636E-07 -5.0707E-04 -5.6775E-04
  1.1841E-03  6.6611E-07 -5.1339E-04 -5.7482E-04
  1.1929E-03  6.7600E-07 -5.1978E-04 -5.8198E-04
  1.2017E-03  6.8602E-07 -5.2625E-04 -5.8922E-04
  1.2106E-03  6.9620E-07 -5.3279E-04 -5.9655E-04
  1.2195E-03  7.0651E-07 -5.3942E-04 -6.0396E-04
  1.2285E-03  7.1698E-07 -5.4612E-04 -6.1147E-04
  1.2376E-03  7.2759E-07 -5.5290E-04 -6.1906E-04
  1.2467E-03  7.3836E-07 -5.5976E-04 -6.2675E-04
  1.2559E-03  7.4927E-07 -5.6671E-04 -6.3452E-04
  1.2651E-03  7.6035E-07 -5.7373E-04 -6.4239E-04
  1.2744E-03  7.7158E-07 -5.8084E-04 -6.5035E-04
  1.2838E-03  7.8297E-07 -5.8804E-04 -6.5841E-04
  1.2932E-03  7.9453E-07 -5.9532E-04 -6.6656E-04
  1.3027E-03  8.0624E-07 -6.0269E-04 -6.7481E-04
  1.3123E-03  8.1813E-07 -6.1014E-04 -6.8316E-04
  1.3219E-03  8.3018E-07 -6.1769E-04 -6.9160E-04
  1.3316E-03  8.4241E-07 -6.2532E-04 -7.0015E-04
  1.3414E-03  8.5481E-07 -6.3304E-04 -7.0880E-04
  1.3512E-03  8.6739E-07 -6.4086E-04 -7.1755E-04
  1.3611E-03  8.8014E-07 -6.4876E-04 -7.2640E-04
  1.3711E-03  8.9308E-07 -6.5677E-04 -7.3536E-04
  1.3811E-03  9.0620E-07 -6.6486E-04 -7.4443E-04
  1.3912E-03  9.1951E-07 -6.7305E-04 -7.5360E-04
  1.4014E-03  9.3300E-07 -6.8134E-04 -7.6289E-04
  1.4117E-03  9.4669E-07 -6.8973E-04 -7.7228E-04
  1.4220E-03  9.6057E-07 -6.9822E-04 -7.8178E-04
  1.4324E-03  9.7465E-07 -7.0681E-04 -7.9140E-04
  1.4428E-03  9.8893E-07 -7.1550E-04 -8.0113E-04
  1.4533E-03  1.0034E-06 -7.2429E-04 -8.1097E-04
  1.4639E-03  1.0181E-06 -7.3319E-04 -8.2093E-04
  1.4746E-03  1.0330E-06 -7.4219E-04 -8.3101E-04
  1.4853E-03  1.0481E-06 -7.5130E-04 -8.4121E-04
  1.4962E-03  1.0634E-06 -7.6051E-04 -8.5153E-04
  1.5070E-03  1.0790E-06 -7.6984E-04 -8.6197E-04
  1.5180E-03  1.0947E-06 -7.7927E-04 -8.7254E-04
  1.5291E-03  1.1107E-06 -7.8882E-04 -8.8323E-04
  1.5402E-03  1.1269E-06 -7.9848E-04 -8.9404E-04
  1.5514E-03  1.1433E-06 -8.0825E-04 -9.0499E-04
  1.5626E-03  1.1600E-06 -8.1814E-04 -9.1606E-04
  1.5740E-03  1.1769E-06 -8.2814E-04 -9.2726E-04
  1.5854E-03  1.1940E-06 -8.3827E-04 -9.3860E-04
  1.5969E-03  1.2114E-06 -8.4851E-04 -9.5007E-04
  1.6085E-03  1.2291E-06 -8.5887E-04 -9.6167E-04
  1.6201E-03  1.2469E-06 -8.6936E-04 -9.7342E-04
  1.6319E-03  1.2651E-06 -8.7997E-04 -9.8530E-04
  1.6437E-03  1.2835E-06 -8.9070E-04 -9.9732E-04
  1.6556E-03  1.3021E-06 -9.0156E-04 -1.0095E-03
  1.6676E-03  1.3210E-06 -9.1255E-04 -1.0218E-03
  1.6796E-03  1.3402E-06 -9.2367E-04 -1.0342E-03
  1.6918E-03  1.3597E-06 -9.3492E-04 -1.0468E-03
  1.7040E-03  1.3794E-06 -9.4630E-04 -1.0596E-03
  1.7163E-03  1.3994E-06 -9.5782E-04 -1.0725E-03
  1.7287E-03  1.4197E-06 -9.6947E-04 -1.0855E-03
  1.7412E-03  1.4403E-06 -9.8125E-04 -1.0987E-03
  1.7538E-03  1.4611E-06 -9.9318E-04 -1.1121E-03
  1.7664E-03  1.4823E-06 -1.0052E-03 -1.1256E-03
  1.7791E-03  1.5037E-06 -1.0175E-03 -1.1392E-03
  1.7920E-03  1.5255E-06 -1.0298E-03 -1.1531E-03
  1.8049E-03  1.5476E-06 -1.0423E-03 -1.1671E-03
  1.8179E-03  1.5699E-06 -1.0549E-03 -1.1812E-03
  1.8310E-03  1.5926E-06 -1.0677E-03 -1.1955E-03
  1.8442E-03  1.6156E-06 -1.0807E-03 -1.2100E-03
  1.8574E-03  1.6390E-06 -1.0938E-03 -1.2247E-03
  1.8708E-03  1.6626E-06 -1.1070E-03 -1.2395E-03
  1.8842E-03  1.6866E-06 -1.1204E-03 -1.2545E-03
  1.8978E-03  1.7110E-06 -1.1340E-03 -1.2697E-03
  1.9114E-03  1.7357E-06 -1.1477E-03 -1.2851E-03
  1.9252E-03  1.7607E-06 -1.1616E-03 -1.3006E-03
  1.9390E-03  1.7861E-06 -1.1756E-03 -1.3163E-03
  1.9529E-03  1.8118E-06 -1.1898E-03 -1.3322E-03
  1.9669E-03  1.8379E-06 -1.2042E-03 -1.3483E-03
  1.9810E-03  1.8644E-06 -1.2187E-03 -1.3646E-03
  1.9952E-03  1.8912E-06 -1.2334E-03 -1.3811E-03
  2.0095E-03  1.9184E-06 -1.2483E-03 -1.3977E-03
  2.0239E-03  1.9460E-06 -1.2633E-03 -1.4146E-03
  2.0384E-03  1.9740E-06 -1.2786E-03 -1.4316E-03
  2.0530E-03  2.0024E-06 -1.2940E-03 -1.4489E-03
  2.0677E-03  2.0311E-06 -1.3096E-03 -1.4663E-03
  2.0825E-03  2.0603E-06 -1.3253E-03 -1.4840E-03
  2.0974E-03  2.0899E-06 -1.3413E-03 -1.5019E-03
  2.1124E-03  2.1199E-06 -1.3574E-03 -1.5199E-03
  2.1275E-03  2.1503E-06 -1.3737E-03 -1.5382E-03
  2.1428E-03  2.1812E-06 -1.3902E-03 -1.5567E-03
  2.1581E-03  2.2125E-06 -1.4070E-03 -1.5754E-03
  2.1735E-03  2.2442E-06 -1.4239E-03 -1.5943E-03
  2.1890E-03  2.2764E-06 -1.4409E-03 -1.6135E-03
  2.2046E-03  2.3090E-06 -1.4582E-03 -1.6328E-03
  2.2204E-03  2.3421E-06 -1.4757E-03 -1.6524E-03
  2.2362E-03  2.3756E-06 -1.4934E-03 -1.6723E-03
  2.2522E-03  2.4096E-06 -1.5113E-03 -1.6923E-03
  2.2682E-03  2.4441E-06 -1.5294E-03 -1.7126E-03
  2.2844E-03  2.4791E-06 -1.5478E-03 -1.7331E-03
  2.3007E-03  2.5146E-06 -1.5663E-03 -1.7539E-03
  2.3171E-03  2.5505E-06 -1.5851E-03 -1.7748E-03
  2.3336E-03  2.5870E-06 -1.6040E-03 -1.7961E-03
  2.3502E-03  2.6240E-06 -1.6232E-03 -1.8176E-03
  2.3669E-03  2.6614E-06 -1.6426E-03 -1.8393E-03
  2.3838E-03  2.6995E-06 -1.6622E-03 -1.8613E-03
  2.4007E-03  2.7380E-06 -1.6821E-03 -1.8835E-03
  2.4178E-03  2.7771E-06 -1.7022E-03 -1.9060E-03
  2.4350E-03  2.8167E-06 -1.7225E-03 -1.9288E-03
  2.4523E-03  2.8569E-06 -1.7431E-03 -1.9518E-03
  2.4697E-03  2.8977E-06 -1.7638E-03 -1.9751E-03
  2.4873E-03  2.9390E-06 -1.7849E-03 -1.9986E-03
  2.5050E-03  2.9809E-06 -1.8062E-03 -2.0224E-03
  2.5228E-03  3.0234E-06 -1.8277E-03 -2.0465E-03
  2.5407E-03  3.0665E-06 -1.8494E-03 -2.0709E-03
  2.5587E-03  3.1102E-06 -1.8715E-03 -2.0956E-03
  2.5769E-03  3.1545E-06 -1.8937E-03 -2.1205E-03
  2.5951E-03  3.1994E-06 -1.9163E-03 -2.1457E-03
  2.6136E-03  3.2450E-06 -1.9390E-03 -2.1712E-03
  2.6321E-03  3.2911E-06 -1.9621E-03 -2.1971E-03
  2.6507E-03  3.3380E-06 -1.9854E-03 -2.2232E-03
  2.6695E-03  3.3855E-06 -2.0090E-03 -2.2496E-03
  2.6884E-03  3.4336E-06 -2.0328E-03 -2.2763E-03
  2.7075E-03  3.4824E-06 -2.0569E-03 -2.3033E-03
  2.7267E-03  3.5319E-06 -2.0813E-03 -2.3306E-03
  2.7460E-03  3.5821E-06 -2.1060E-03 -2.3583E-03
  2.7654E-03  3.6330E-06 -2.1310E-03 -2.3862E-03
  2.7850E-03  3.6846E-06 -2.1562E-03 -2.4145E-03
  2.8047E-03  3.7369E-06 -2.1818E-03 -2.4431E-03
  2.8245E-03  3.7900E-06 -2.2076E-03 -2.4720E-03
  2.8445E-03  3.8438E-06 -2.2337E-03 -2.5012E-03
  2.8646E-03  3.8984E-06 -2.2601E-03 -2.5308E-03
  2.8849E-03  3.9537E-06 -2.2869E-03 -2.5608E-03
  2.9053E-03  4.0097E-06 -2.3139E-03 -2.5910E-03
  2.9258E-03  4.0666E-06 -2.3412E-03 -2.6216E-03
  2.9465E-03  4.1243E-06 -2.3689E-03 -2.6526E-03
  2.9673E-03  4.1827E-06 -2.3968E-03 -2.6839E-03
  2.9882E-03  4.2420E-06 -2.4251E-03 -2.7156E-03
  3.0093E-03  4.3021E-06 -2.4537E-03 -2.7476E-03
  3.0306E-03  4.3631E-06 -2.4826E-03 -2.7800E-03
  3.0519E-03  4.4248E-06 -2.5119E-03 -2.8128E-03
  3.0735E-03  4.4875E-06 -2.5415E-03 -2.8459E-03
  3.0951E-03  4.5510E-06 -2.5714E-03 -2.8794E-03
  3.1170E-03  4.6154E-06 -2.6017E-03 -2.9133E-03
  3.1390E-03  4.6808E-06 -2.6323E-03 -2.9476E-03
  3.1611E-03  4.7470E-06 -2.6632E-03 -2.9822E-03
  3.1834E-03  4.8141E-06 -2.6945E-03 -3.0173E-03
  3.2058E-03  4.8822E-06 -2.7262E-03 -3.0527E-03
  3.2284E-03  4.9512E-06 -2.7582E-03 -3.0886E-03
  3.2511E-03  5.0212E-06 -2.7906E-03 -3.1248E-03
  3.2740E-03  5.0922E-06 -2.8233E-03 -3.1615E-03
  3.2971E-03  5.1641E-06 -2.8564E-03 -3.1986E-03
  3.3203E-03  5.2371E-06 -2.8899E-03 -3.2361E-03
  3.3436E-03  5.3111E-06 -2.9237E-03 -3.2740E-03
  3.3672E-03  5.3861E-06 -2.9580E-03 -3.3123E-03
  3.3908E-03  5.4621E-06 -2.9926E-03 -3.3511E-03
  3.4147E-03  5.5392E-06 -3.0276E-03 -3.3903E-03
  3.4387E-03  5.6174E-06 -3.0630E-03 -3.4300E-03
  3.4629E-03  5.6967E-06 -3.0988E-03 -3.4701E-03
  3.4872E-03  5.7770E-06 -3.1350E-03 -3.5106E-03
  3.5117E-03  5.8585E-06 -3.1716E-03 -3.5516E-03
  3.5364E-03  5.9412E-06 -3.2087E-03 -3.5931E-03
  3.5613E-03  6.0249E-06 -3.2461E-03 -3.6350E-03
  3.5863E-03  6.1099E-06 -3.2840E-03 -3.6774E-03
  3.6115E-03  6.1960E-06 -3.3222E-03 -3.7203E-03
  3.6368E-03  6.2833E-06 -3.3609E-03 -3.7636E-03
  3.6623E-03  6.3718E-06 -3.4001E-03 -3.8074E-03
  3.6881E-03  6.4616E-06 -3.4397E-03 -3.8518E-03
  3.7139E-03  6.5526E-06 -3.4797E-03 -3.8966E-03
  3.7400E-03  6.6449E-06 -3.5201E-03 -3.9419E-03
  3.7662E-03  6.7384E-06 -3.5610E-03 -3.9877E-03
  3.7926E-03  6.8333E-06 -3.6024E-03 -4.0340E-03
  3.8192E-03  6.9295E-06 -3.6442E-03 -4.0808E-03
  3.8460E-03  7.0270E-06 -3.6865E-03 -4.1282E-03
  3.8730E-03  7.1259E-06 -3.7293E-03 -4.1761E-03
  3.9001E-03  7.2261E-06 -3.7725E-03 -4.2245E-03
  3.9275E-03  7.3278E-06 -3.8162E-03 -4.2734E-03
  3.9550E-03  7.4308E-06 -3.8604E-03 -4.3229E-03
  3.9827E-03  7.5353E-06 -3.9051E-03 -4.3730E-03
  4.0106E-03  7.6412E-06 -3.9502E-03 -4.4236E-03
  4.0387E-03  7.7486E-06 -3.9959E-03 -4.4747E-03
  4.0670E-03  7.8575E-06 -4.0421E-03 -4.5264E-03
  4.0954E-03  7.9679E-06 -4.0888E-03 -4.5787E-03
  4.1241E-03  8.0799E-06 -4.1359E-03 -4.6316E-03
  4.1530E-03  8.1934E-06 -4.1837E-03 -4.6850E-03
  4.1820E-03  8.3084E-06 -4.2319E-03 -4.7390E-03
  4.2113E-03  8.4251E-06 -4.2807E-03 -4.7936E-03
  4.2408E-03  8.5434E-06 -4.3300E-03 -4.8488E-03
  4.2704E-03  8.6633E-06 -4.3798E-03 -4.9047E-03
  4.3003E-03  8.7849E-06 -4.4302E-03 -4.9611E-03
  4.3304E-03  8.9082E-06 -4.4811E-03 -5.0181E-03
  4.3606E-03  9.0332E-06 -4.5326E-03 -5.0758E-03
  4.3911E-03  9.1600E-06 -4.5847E-03 -5.1341E-03
  4.4218E-03  9.2885E-06 -4.6373E-03 -5.1930E-03
  4.4527E-03  9.4187E-06 -4.6905E-03 -5.2526E-03
  4.4838E-03  9.5508E-06 -4.7442E-03 -5.3128E-03
  4.5151E-03  9.6847E-06 -4.7986E-03 -5.3737E-03
  4.5467E-03  9.8205E-06 -4.8535E-03 -5.4352E-03
  4.5784E-03  9.9582E-06 -4.9091E-03 -5.4974E-03
  4.6104E-03  1.0098E-05 -4.9652E-03 -5.5603E-03
  4.6426E-03  1.0239E-05 -5.0219E-03 -5.6238E-03
  4.6750E-03  1.0383E-05 -5.0793E-03 -5.6881E-03
  4.7076E-03  1.0528E-05 -5.1373E-03 -5.7530E-03
  4.7405E-03  1.0676E-05 -5.1959E-03 -5.8186E-03
  4.7736E-03  1.0825E-05 -5.2551E-03 -5.8850E-03
  4.8069E-03  1.0977E-05 -5.3150E-03 -5.9520E-03
  4.8404E-03  1.1130E-05 -5.3755E-03 -6.0198E-03
  4.8742E-03  1.1286E-05 -5.4366E-03 -6.0883E-03
  4.9082E-03  1.1444E-05 -5.4985E-03 -6.1575E-03
  4.9424E-03  1.1604E-05 -5.5609E-03 -6.2275E-03
  4.9769E-03  1.1767E-05 -5.6241E-03 -6.2982E-03
  5.0116E-03  1.1931E-05 -5.6879E-03 -6.3697E-03
  5.0465E-03  1.2098E-05 -5.7524E-03 -6.4419E-03
  5.0817E-03  1.2268E-05 -5.8176E-03 -6.5149E-03
  5.1171E-03  1.2439E-05 -5.8834E-03 -6.5887E-03
  5.1528E-03  1.2613E-05 -5.9500E-03 -6.6632E-03
  5.1887E-03  1.2789E-05 -6.0173E-03 -6.7386E-03
  5.2248E-03  1.2968E-05 -6.0853E-03 -6.8148E-03
  5.2612E-03  1.3150E-05 -6.1540E-03 -6.8917E-03
  5.2978E-03  1.3333E-05 -6.2235E-03 -6.9695E-03
  5.3347E-03  1.3520E-05 -6.2936E-03 -7.0481E-03
  5.3719E-03  1.3709E-05 -6.3645E-03 -7.1275E-03
  5.4093E-03  1.3900E-05 -6.4362E-03 -7.2078E-03
  5.4469E-03  1.4094E-05 -6.5086E-03 -7.2889E-03
  5.4848E-03  1.4291E-05 -6.5818E-03 -7.3708E-03
  5.5230E-03  1.4491E-05 -6.6557E-03 -7.4536E-03
  5.5614E-03  1.4693E-05 -6.7304E-03 -7.5373E-03
  5.6001E-03  1.4898E-05 -6.8059E-03 -7.6218E-03
  5.6391E-03  1.5106E-05 -6.8822E-03 -7.7073E-03
  5.6783E-03  1.5317E-05 -6.9593E-03 -7.7936E-03
  5.7178E-03  1.5531E-05 -7.0371E-03 -7.8808E-03
  5.7576E-03  1.5748E-05 -7.1158E-03 -7.9689E-03
  5.7976E-03  1.5968E-05 -7.1953E-03 -8.0580E-03
  5.8379E-03  1.6191E-05 -7.2756E-03 -8.1479E-03
  5.8785E-03  1.6416E-05 -7.3568E-03 -8.2388E-03
  5.9194E-03  1.6645E-05 -7.4388E-03 -8.3307E-03
  5.9605E-03  1.6878E-05 -7.5216E-03 -8.4234E-03
  6.0020E-03  1.7113E-05 -7.6053E-03 -8.5172E-03
  6.0437E-03  1.7352E-05 -7.6898E-03 -8.6119E-03
  6.0857E-03  1.7594E-05 -7.7753E-03 -8.7075E-03
  6.1279E-03  1.7839E-05 -7.8615E-03 -8.8042E-03
  6.1705E-03  1.8088E-05 -7.9487E-03 -8.9018E-03
  6.2134E-03  1.8340E-05 -8.0368E-03 -9.0004E-03
  6.2565E-03  1.8596E-05 -8.1257E-03 -9.1001E-03
  6.3000E-03  1.8855E-05 -8.2156E-03 -9.2007E-03
  6.3437E-03  1.9117E-05 -8.3064E-03 -9.3024E-03
  6.3878E-03  1.9384E-05 -8.3981E-03 -9.4051E-03
  6.4321E-03  1.9654E-05 -8.4907E-03 -9.5088E-03
  6.4768E-03  1.9928E-05 -8.5842E-03 -9.6136E-03
  6.5217E-03  2.0205E-05 -8.6787E-03 -9.7195E-03
  6.5670E-03  2.0487E-05 -8.7742E-03 -9.8264E-03
  6.6126E-03  2.0772E-05 -8.8706E-03 -9.9344E-03
  6.6585E-03  2.1061E-05 -8.9679E-03 -1.0043E-02
  6.7047E-03  2.1355E-05 -9.0663E-03 -1.0154E-02
  6.7512E-03  2.1652E-05 -9.1656E-03 -1.0265E-02
  6.7980E-03  2.1953E-05 -9.2659E-03 -1.0377E-02
  6.8452E-03  2.2259E-05 -9.3673E-03 -1.0491E-02
  6.8926E-03  2.2569E-05 -9.4696E-03 -1.0605E-02
  6.9404E-03  2.2883E-05 -9.5729E-03 -1.0721E-02
  6.9886E-03  2.3201E-05 -9.6773E-03 -1.0838E-02
  7.0370E-03  2.3524E-05 -9.7826E-03 -1.0956E-02
  7.0858E-03  2.3852E-05 -9.8891E-03 -1.1075E-02
  7.1349E-03  2.4183E-05 -9.9965E-03 -1.1196E-02
  7.1844E-03  2.4520E-05 -1.0105E-02 -1.1317E-02
  7.2342E-03  2.4861E-05 -1.0215E-02 -1.1440E-02
  7.2843E-03  2.5207E-05 -1.0325E-02 -1.1564E-02
  7.3348E-03  2.5557E-05 -1.0437E-02 -1.1689E-02
  7.3856E-03  2.5913E-05 -1.0550E-02 -1.1815E-02
  7.4368E-03  2.6273E-05 -1.0664E-02 -1.1943E-02
  7.4883E-03  2.6638E-05 -1.0779E-02 -1.2072E-02
  7.5402E-03  2.7009E-05 -1.0895E-02 -1.2202E-02
  7.5924E-03  2.7384E-05 -1.1012E-02 -1.2333E-02
  7.6450E-03  2.7765E-05 -1.1130E-02 -1.2466E-02
  7.6980E-03  2.8151E-05 -1.1250E-02 -1.2599E-02
  7.7513E-03  2.8542E-05 -1.1371E-02 -1.2735E-02
  7.8050E-03  2.8939E-05 -1.1492E-02 -1.2871E-02
  7.8590E-03  2.9341E-05 -1.1615E-02 -1.3009E-02
  7.9134E-03  2.9748E-05 -1.1739E-02 -1.3148E-02
  7.9682E-03  3.0162E-05 -1.1865E-02 -1.3288E-02
  8.0234E-03  3.0581E-05 -1.1991E-02 -1.3430E-02
  8.0789E-03  3.1005E-05 -1.2119E-02 -1.3573E-02
  8.1348E-03  3.1436E-05 -1.2248E-02 -1.3717E-02
  8.1911E-03  3.1873E-05 -1.2378E-02 -1.3863E-02
  8.2478E-03  3.2315E-05 -1.2509E-02 -1.4010E-02
  8.3049E-03  3.2764E-05 -1.2642E-02 -1.4158E-02
  8.3623E-03  3.3219E-05 -1.2775E-02 -1.4308E-02
  8.4202E-03  3.3680E-05 -1.2910E-02 -1.4459E-02
  8.4784E-03  3.4148E-05 -1.3046E-02 -1.4612E-02
  8.5371E-03  3.4622E-05 -1.3184E-02 -1.4766E-02
  8.5961E-03  3.5102E-05 -1.3323E-02 -1.4921E-02
  8.6556E-03  3.5590E-05 -1.3463E-02 -1.5078E-02
  8.7154E-03  3.6084E-05 -1.3604E-02 -1.5236E-02
  8.7757E-03  3.6584E-05 -1.3747E-02 -1.5396E-02
  8.8364E-03  3.7092E-05 -1.3890E-02 -1.5557E-02
  8.8975E-03  3.7607E-05 -1.4036E-02 -1.5720E-02
  8.9590E-03  3.8128E-05 -1.4182E-02 -1.5884E-02
  9.0209E-03  3.8657E-05 -1.4330E-02 -1.6049E-02
  9.0833E-03  3.9194E-05 -1.4479E-02 -1.6216E-02
  9.1461E-03  3.9737E-05 -1.4629E-02 -1.6385E-02
  9.2093E-03  4.0289E-05 -1.4781E-02 -1.6555E-02
  9.2729E-03  4.0847E-05 -1.4934E-02 -1.6727E-02
  9.3370E-03  4.1414E-05 -1.5089E-02 -1.6900E-02
  9.4015E-03  4.1988E-05 -1.5245E-02 -1.7074E-02
  9.4665E-03  4.2570E-05 -1.5402E-02 -1.7250E-02
  9.5319E-03  4.3161E-05 -1.5560E-02 -1.7428E-02
  9.5977E-03  4.3759E-05 -1.5720E-02 -1.7607E-02
  9.6640E-03  4.4366E-05 -1.5882E-02 -1.7788E-02
  9.7308E-03  4.4981E-05 -1.6044E-02 -1.7970E-02
  9.7980E-03  4.5604E-05 -1.6209E-02 -1.8154E-02
  9.8657E-03  4.6236E-05 -1.6374E-02 -1.8340E-02
  9.9338E-03  4.6877E-05 -1.6541E-02 -1.8527E-02
  1.0002E-02  4.7527E-05 -1.6710E-02 -1.8715E-02
  1.0072E-02  4.8185E-05 -1.6879E-02 -1.8906E-02
  1.0141E-02  4.8853E-05 -1.7051E-02 -1.9097E-02
  1.0211E-02  4.9530E-05 -1.7223E-02 -1.9291E-02
  1.0282E-02  5.0216E-05 -1.7398E-02 -1.9486E-02
  1.0353E-02  5.0912E-05 -1.7573E-02 -1.9683E-02
  1.0424E-02  5.1617E-05 -1.7750E-02 -1.9881E-02
  1.0496E-02  5.2332E-05 -1.7929E-02 -2.0081E-02
  1.0568E-02  5.3057E-05 -1.8109E-02 -2.0283E-02
  1.0641E-02  5.3792E-05 -1.8290E-02 -2.0486E-02
  1.0715E-02  5.4537E-05 -1.8473E-02 -2.0691E-02
  1.0789E-02  5.5292E-05 -1.8658E-02 -2.0898E-02
  1.0863E-02  5.6058E-05 -1.8844E-02 -2.1106E-02
  1.0938E-02  5.6834E-05 -1.9031E-02 -2.1316E-02
  1.1014E-02  5.7621E-05 -1.9220E-02 -2.1528E-02
  1.1090E-02  5.8419E-05 -1.9411E-02 -2.1741E-02
  1.1166E-02  5.9228E-05 -1.9603E-02 -2.1956E-02
  1.1243E-02  6.0048E-05 -1.9796E-02 -2.2173E-02
  1.1321E-02  6.0879E-05 -1.9991E-02 -2.2392E-02
  1.1399E-02  6.1722E-05 -2.0188E-02 -2.2612E-02
  1.1477E-02  6.2576E-05 -2.0386E-02 -2.2834E-02
  1.1557E-02  6.3442E-05 -2.0585E-02 -2.3057E-02
  1.1636E-02  6.4320E-05 -2.0786E-02 -2.3283E-02
  1.1717E-02  6.5210E-05 -2.0989E-02 -2.3510E-02
  1.1797E-02  6.6113E-05 -2.1193E-02 -2.3739E-02
  1.1879E-02  6.7028E-05 -2.1399E-02 -2.3969E-02
  1.1961E-02  6.7955E-05 -2.1607E-02 -2.4202E-02
  1.2043E-02  6.8895E-05 -2.1815E-02 -2.4436E-02
  1.2126E-02  6.9849E-05 -2.2026E-02 -2.4671E-02
  1.2210E-02  7.0815E-05 -2.2238E-02 -2.4909E-02
  1.2294E-02  7.1794E-05 -2.2451E-02 -2.5148E-02
  1.2379E-02  7.2788E-05 -2.2667E-02 -2.5389E-02
  1.2464E-02  7.3794E-05 -2.2883E-02 -2.5632E-02
  1.2550E-02  7.4815E-05 -2.3101E-02 -2.5877E-02
  1.2636E-02  7.5850E-05 -2.3321E-02 -2.6123E-02
  1.2723E-02  7.6899E-05 -2.3543E-02 -2.6371E-02
  1.2811E-02  7.7962E-05 -2.3766E-02 -2.6621E-02
  1.2899E-02  7.9040E-05 -2.3990E-02 -2.6872E-02
  1.2988E-02  8.0133E-05 -2.4216E-02 -2.7126E-02
  1.3078E-02  8.1241E-05 -2.4444E-02 -2.7381E-02
  1.3168E-02  8.2365E-05 -2.4673E-02 -2.7637E-02
  1.3259E-02  8.3503E-05 -2.4904E-02 -2.7896E-02
  1.3350E-02  8.4658E-05 -2.5136E-02 -2.8156E-02
  1.3442E-02  8.5828E-05 -2.5370E-02 -2.8418E-02
  1.3534E-02  8.7015E-05 -2.5606E-02 -2.8682E-02
  1.3628E-02  8.8217E-05 -2.5843E-02 -2.8948E-02
  1.3722E-02  8.9437E-05 -2.6081E-02 -2.9215E-02
  1.3816E-02  9.0673E-05 -2.6321E-02 -2.9484E-02
  1.3911E-02  9.1926E-05 -2.6563E-02 -2.9755E-02
  1.4007E-02  9.3196E-05 -2.6806E-02 -3.0028E-02
  1.4104E-02  9.4484E-05 -2.7051E-02 -3.0302E-02
  1.4201E-02  9.5790E-05 -2.7297E-02 -3.0578E-02
  1.4298E-02  9.7114E-05 -2.7545E-02 -3.0856E-02
  1.4397E-02  9.8456E-05 -2.7795E-02 -3.1135E-02
  1.4496E-02  9.9816E-05 -2.8045E-02 -3.1416E-02
  1.4596E-02  1.0119E-04 -2.8298E-02 -3.1699E-02
  1.4696E-02  1.0259E-04 -2.8552E-02 -3.1984E-02
  1.4797E-02  1.0401E-04 -2.8807E-02 -3.2270E-02
  1.4899E-02  1.0545E-04 -2.9064E-02 -3.2558E-02
  1.5002E-02  1.0690E-04 -2.9323E-02 -3.2847E-02
  1.5105E-02  1.0838E-04 -2.9582E-02 -3.3139E-02
  1.5209E-02  1.0988E-04 -2.9844E-02 -3.3432E-02
  1.5314E-02  1.1140E-04 -3.0107E-02 -3.3726E-02
  1.5419E-02  1.1293E-04 -3.0371E-02 -3.4022E-02
  1.5525E-02  1.1449E-04 -3.0637E-02 -3.4320E-02
  1.5632E-02  1.1607E-04 -3.0904E-02 -3.4620E-02
  1.5740E-02  1.1768E-04 -3.1173E-02 -3.4921E-02
  1.5848E-02  1.1930E-04 -3.1443E-02 -3.5223E-02
  1.5957E-02  1.2095E-04 -3.1714E-02 -3.5527E-02
  1.6067E-02  1.2262E-04 -3.1987E-02 -3.5833E-02
  1.6178E-02  1.2431E-04 -3.2261E-02 -3.6140E-02
  1.6289E-02  1.2603E-04 -3.2537E-02 -3.6449E-02
  1.6401E-02  1.2777E-04 -3.2813E-02 -3.6760E-02
  1.6514E-02  1.2953E-04 -3.3092E-02 -3.7072E-02
  1.6627E-02  1.3132E-04 -3.3371E-02 -3.7385E-02
  1.6742E-02  1.3313E-04 -3.3652E-02 -3.7700E-02
  1.6857E-02  1.3497E-04 -3.3934E-02 -3.8016E-02
  1.6973E-02  1.3683E-04 -3.4218E-02 -3.8334E-02
  1.7090E-02  1.3872E-04 -3.4503E-02 -3.8653E-02
  1.7207E-02  1.4064E-04 -3.4788E-02 -3.8973E-02
  1.7325E-02  1.4258E-04 -3.5076E-02 -3.9295E-02
  1.7445E-02  1.4455E-04 -3.5364E-02 -3.9618E-02
  1.7565E-02  1.4654E-04 -3.5654E-02 -3.9943E-02
  1.7685E-02  1.4856E-04 -3.5944E-02 -4.0269E-02
  1.7807E-02  1.5061E-04 -3.6236E-02 -4.0596E-02
  1.7930E-02  1.5269E-04 -3.6529E-02 -4.0924E-02
  1.8053E-02  1.5480E-04 -3.6823E-02 -4.1254E-02
  1.8177E-02  1.5693E-04 -3.7118E-02 -4.1585E-02
  1.8302E-02  1.5910E-04 -3.7415E-02 -4.1917E-02
  1.8428E-02  1.6129E-04 -3.7712E-02 -4.2250E-02
  1.8554E-02  1.6352E-04 -3.8010E-02 -4.2585E-02
  1.8682E-02  1.6578E-04 -3.8309E-02 -4.2920E-02
  1.8810E-02  1.6806E-04 -3.8610E-02 -4.3256E-02
  1.8940E-02  1.7038E-04 -3.8911E-02 -4.3594E-02
  1.9070E-02  1.7273E-04 -3.9213E-02 -4.3933E-02
  1.9201E-02  1.7511E-04 -3.9516E-02 -4.4272E-02
  1.9333E-02  1.7753E-04 -3.9819E-02 -4.4613E-02
  1.9466E-02  1.7998E-04 -4.0124E-02 -4.4954E-02
  1.9600E-02  1.8246E-04 -4.0429E-02 -4.5296E-02
  1.9734E-02  1.8498E-04 -4.0735E-02 -4.5639E-02
  1.9870E-02  1.8753E-04 -4.1042E-02 -4.5983E-02
  2.0007E-02  1.9011E-04 -4.1349E-02 -4.6328E-02
  2.0144E-02  1.9273E-04 -4.1658E-02 -4.6674E-02
  2.0283E-02  1.9539E-04 -4.1966E-02 -4.7020E-02
  2.0422E-02  1.9809E-04 -4.2276E-02 -4.7366E-02
  2.0562E-02  2.0082E-04 -4.2585E-02 -4.7714E-02
  2.0704E-02  2.0359E-04 -4.2896E-02 -4.8062E-02
  2.0846E-02  2.0639E-04 -4.3206E-02 -4.8410E-02
  2.0989E-02  2.0924E-04 -4.3518E-02 -4.8759E-02
  2.1133E-02  2.1212E-04 -4.3829E-02 -4.9109E-02
  2.1279E-02  2.1505E-04 -4.4141E-02 -4.9458E-02
  2.1425E-02  2.1801E-04 -4.4453E-02 -4.9808E-02
  2.1572E-02  2.2102E-04 -4.4766E-02 -5.0159E-02
  2.1720E-02  2.2406E-04 -4.5079E-02 -5.0510E-02
  2.1869E-02  2.2715E-04 -4.5391E-02 -5.0860E-02
  2.2020E-02  2.3028E-04 -4.5704E-02 -5.1211E-02
  2.2171E-02  2.3346E-04 -4.6018E-02 -5.1563E-02
  2.2323E-02  2.3667E-04 -4.6331E-02 -5.1914E-02
  2.2477E-02  2.3994E-04 -4.6644E-02 -5.2265E-02
  2.2631E-02  2.4324E-04 -4.6957E-02 -5.2616E-02
  2.2786E-02  2.4660E-04 -4.7270E-02 -5.2967E-02
  2.2943E-02  2.4999E-04 -4.7582E-02 -5.3317E-02
  2.3100E-02  2.5344E-04 -4.7895E-02 -5.3668E-02
  2.3259E-02  2.5693E-04 -4.8207E-02 -5.4018E-02
  2.3419E-02  2.6047E-04 -4.8519E-02 -5.4368E-02
  2.3580E-02  2.6406E-04 -4.8830E-02 -5.4717E-02
  2.3742E-02  2.6770E-04 -4.9141E-02 -5.5066E-02
  2.3905E-02  2.7139E-04 -4.9452E-02 -5.5415E-02
  2.4069E-02  2.7513E-04 -4.9762E-02 -5.5762E-02
  2.4234E-02  2.7892E-04 -5.0071E-02 -5.6109E-02
  2.4401E-02  2.8276E-04 -5.0380E-02 -5.6456E-02
  2.4568E-02  2.8665E-04 -5.0688E-02 -5.6801E-02
  2.4737E-02  2.9060E-04 -5.0995E-02 -5.7146E-02
  2.4907E-02  2.9461E-04 -5.1301E-02 -5.7489E-02
  2.5078E-02  2.9867E-04 -5.1606E-02 -5.7832E-02
  2.5250E-02  3.0278E-04 -5.1910E-02 -5.8173E-02
  2.5423E-02  3.0695E-04 -5.2214E-02 -5.8513E-02
  2.5598E-02  3.1118E-04 -5.2516E-02 -5.8852E-02
  2.5774E-02  3.1546E-04 -5.2816E-02 -5.9190E-02
  2.5950E-02  3.1981E-04 -5.3116E-02 -5.9526E-02
  2.6129E-02  3.2421E-04 -5.3414E-02 -5.9861E-02
  2.6308E-02  3.2868E-04 -5.3711E-02 -6.0194E-02
  2.6489E-02  3.3321E-04 -5.4006E-02 -6.0525E-02
  2.6670E-02  3.3779E-04 -5.4300E-02 -6.0855E-02
  2.6853E-02  3.4245E-04 -5.4592E-02 -6.1183E-02
  2.7038E-02  3.4716E-04 -5.4882E-02 -6.1508E-02
  2.7223E-02  3.5194E-04 -5.5170E-02 -6.1832E-02
  2.7410E-02  3.5679E-04 -5.5457E-02 -6.2154E-02
  2.7598E-02  3.6170E-04 -5.5741E-02 -6.2473E-02
  2.7788E-02  3.6668E-04 -5.6024E-02 -6.2791E-02
  2.7979E-02  3.7173E-04 -5.6304E-02 -6.3105E-02
  2.8171E-02  3.7685E-04 -5.6582E-02 -6.3418E-02
  2.8364E-02  3.8204E-04 -5.6858E-02 -6.3728E-02
  2.8559E-02  3.8730E-04 -5.7131E-02 -6.4035E-02
  2.8755E-02  3.9263E-04 -5.7402E-02 -6.4339E-02
  2.8952E-02  3.9803E-04 -5.7671E-02 -6.4640E-02
  2.9151E-02  4.0351E-04 -5.7936E-02 -6.4939E-02
  2.9351E-02  4.0907E-04 -5.8199E-02 -6.5234E-02
  2.9552E-02  4.1470E-04 -5.8459E-02 -6.5526E-02
  2.9755E-02  4.2041E-04 -5.8716E-02 -6.5815E-02
  2.9959E-02  4.2619E-04 -5.8970E-02 -6.6101E-02
  3.0165E-02  4.3206E-04 -5.9221E-02 -6.6383E-02
  3.0372E-02  4.3801E-04 -5.9468E-02 -6.6661E-02
  3.0580E-02  4.4403E-04 -5.9713E-02 -6.6935E-02
  3.0790E-02  4.5015E-04 -5.9953E-02 -6.7206E-02
  3.1001E-02  4.5634E-04 -6.0191E-02 -6.7473E-02
  3.1214E-02  4.6262E-04 -6.0424E-02 -6.7736E-02
  3.1428E-02  4.6899E-04 -6.0654E-02 -6.7994E-02
  3.1643E-02  4.7544E-04 -6.0880E-02 -6.8249E-02
  3.1861E-02  4.8198E-04 -6.1102E-02 -6.8498E-02
  3.2079E-02  4.8862E-04 -6.1320E-02 -6.8744E-02
  3.2299E-02  4.9534E-04 -6.1534E-02 -6.8984E-02
  3.2521E-02  5.0216E-04 -6.1743E-02 -6.9220E-02
  3.2744E-02  5.0907E-04 -6.1949E-02 -6.9451E-02
  3.2969E-02  5.1607E-04 -6.2149E-02 -6.9677E-02
  3.3195E-02  5.2317E-04 -6.2345E-02 -6.9898E-02
  3.3422E-02  5.3037E-04 -6.2536E-02 -7.0113E-02
  3.3652E-02  5.3767E-04 -6.2723E-02 -7.0323E-02
  3.3882E-02  5.4506E-04 -6.2904E-02 -7.0528E-02
  3.4115E-02  5.5256E-04 -6.3080E-02 -7.0727E-02
  3.4349E-02  5.6016E-04 -6.3252E-02 -7.0920E-02
  3.4584E-02  5.6787E-04 -6.3417E-02 -7.1107E-02
  3.4822E-02  5.7568E-04 -6.3578E-02 -7.1288E-02
  3.5061E-02  5.8360E-04 -6.3732E-02 -7.1463E-02
  3.5301E-02  5.9163E-04 -6.3882E-02 -7.1631E-02
  3.5543E-02  5.9976E-04 -6.4025E-02 -7.1793E-02
  3.5787E-02  6.0801E-04 -6.4162E-02 -7.1949E-02
  3.6032E-02  6.1638E-04 -6.4294E-02 -7.2097E-02
  3.6279E-02  6.2485E-04 -6.4419E-02 -7.2239E-02
  3.6528E-02  6.3345E-04 -6.4538E-02 -7.2374E-02
  3.6779E-02  6.4216E-04 -6.4650E-02 -7.2502E-02
  3.7031E-02  6.5099E-04 -6.4756E-02 -7.2622E-02
  3.7285E-02  6.5994E-04 -6.4856E-02 -7.2735E-02
  3.7541E-02  6.6902E-04 -6.4948E-02 -7.2840E-02
  3.7798E-02  6.7822E-04 -6.5034E-02 -7.2938E-02
  3.8057E-02  6.8755E-04 -6.5112E-02 -7.3027E-02
  3.8318E-02  6.9700E-04 -6.5183E-02 -7.3109E-02
  3.8581E-02  7.0659E-04 -6.5247E-02 -7.3182E-02
  3.8845E-02  7.1630E-04 -6.5304E-02 -7.3248E-02
  3.9112E-02  7.2615E-04 -6.5353E-02 -7.3304E-02
  3.9380E-02  7.3613E-04 -6.5394E-02 -7.3352E-02
  3.9650E-02  7.4626E-04 -6.5427E-02 -7.3392E-02
  3.9922E-02  7.5652E-04 -6.5453E-02 -7.3422E-02
  4.0196E-02  7.6692E-04 -6.5470E-02 -7.3444E-02
  4.0471E-02  7.7746E-04 -6.5479E-02 -7.3456E-02
  4.0749E-02  7.8815E-04 -6.5480E-02 -7.3459E-02
  4.1028E-02  7.9898E-04 -6.5472E-02 -7.3452E-02
  4.1309E-02  8.0997E-04 -6.5456E-02 -7.3436E-02
  4.1592E-02  8.2110E-04 -6.5430E-02 -7.3410E-02
  4.1878E-02  8.3239E-04 -6.5396E-02 -7.3374E-02
  4.2165E-02  8.4383E-04 -6.5353E-02 -7.3328E-02
  4.2454E-02  8.5543E-04 -6.5301E-02 -7.3272E-02
  4.2745E-02  8.6719E-04 -6.5239E-02 -7.3205E-02
  4.3038E-02  8.7910E-04 -6.5168E-02 -7.3128E-02
  4.3333E-02  8.9119E-04 -6.5088E-02 -7.3040E-02
  4.3630E-02  9.0343E-04 -6.4997E-02 -7.2941E-02
  4.3929E-02  9.1585E-04 -6.4897E-02 -7.2831E-02
  4.4230E-02  9.2844E-04 -6.4787E-02 -7.2710E-02
  4.4533E-02  9.4120E-04 -6.4667E-02 -7.2578E-02
  4.4839E-02  9.5413E-04 -6.4536E-02 -7.2435E-02
  4.5146E-02  9.6724E-04 -6.4395E-02 -7.2280E-02
  4.5455E-02  9.8053E-04 -6.4244E-02 -7.2113E-02
  4.5767E-02  9.9401E-04 -6.4082E-02 -7.1934E-02
  4.6081E-02  1.0077E-03 -6.3909E-02 -7.1744E-02
  4.6396E-02  1.0215E-03 -6.3726E-02 -7.1541E-02
  4.6714E-02  1.0355E-03 -6.3531E-02 -7.1326E-02
  4.7035E-02  1.0498E-03 -6.3326E-02 -7.1099E-02
  4.7357E-02  1.0642E-03 -6.3109E-02 -7.0859E-02
  4.7682E-02  1.0788E-03 -6.2880E-02 -7.0606E-02
  4.8008E-02  1.0936E-03 -6.2641E-02 -7.0341E-02
  4.8337E-02  1.1087E-03 -6.2389E-02 -7.0062E-02
  4.8669E-02  1.1239E-03 -6.2126E-02 -6.9771E-02
  4.9002E-02  1.1393E-03 -6.1851E-02 -6.9466E-02
  4.9338E-02  1.1550E-03 -6.1564E-02 -6.9148E-02
  4.9676E-02  1.1708E-03 -6.1265E-02 -6.8817E-02
  5.0017E-02  1.1869E-03 -6.0954E-02 -6.8471E-02
  5.0359E-02  1.2032E-03 -6.0631E-02 -6.8113E-02
  5.0704E-02  1.2198E-03 -6.0295E-02 -6.7740E-02
  5.1052E-02  1.2365E-03 -5.9946E-02 -6.7353E-02
  5.1402E-02  1.2535E-03 -5.9585E-02 -6.6952E-02
  5.1754E-02  1.2707E-03 -5.9211E-02 -6.6538E-02
  5.2109E-02  1.2882E-03 -5.8825E-02 -6.6108E-02
  5.2466E-02  1.3058E-03 -5.8425E-02 -6.5665E-02
  5.2825E-02  1.3238E-03 -5.8013E-02 -6.5206E-02
  5.3187E-02  1.3420E-03 -5.7587E-02 -6.4733E-02
  5.3552E-02  1.3604E-03 -5.7148E-02 -6.4246E-02
  5.3919E-02  1.3791E-03 -5.6696E-02 -6.3743E-02
  5.4288E-02  1.3980E-03 -5.6230E-02 -6.3226E-02
  5.4660E-02  1.4172E-03 -5.5751E-02 -6.2694E-02
  5.5034E-02  1.4366E-03 -5.5258E-02 -6.2146E-02
  5.5412E-02  1.4564E-03 -5.4752E-02 -6.1584E-02
  5.5791E-02  1.4764E-03 -5.4232E-02 -6.1006E-02
  5.6173E-02  1.4966E-03 -5.3698E-02 -6.0412E-02
  5.6558E-02  1.5172E-03 -5.3150E-02 -5.9804E-02
  5.6946E-02  1.5380E-03 -5.2589E-02 -5.9179E-02
  5.7336E-02  1.5591E-03 -5.2013E-02 -5.8539E-02
  5.7729E-02  1.5805E-03 -5.1424E-02 -5.7884E-02
  5.8124E-02  1.6022E-03 -5.0820E-02 -5.7213E-02
  5.8523E-02  1.6242E-03 -5.0202E-02 -5.6526E-02
  5.8924E-02  1.6465E-03 -4.9570E-02 -5.5823E-02
  5.9327E-02  1.6691E-03 -4.8924E-02 -5.5105E-02
  5.9734E-02  1.6920E-03 -4.8264E-02 -5.4370E-02
  6.0143E-02  1.7152E-03 -4.7589E-02 -5.3620E-02
  6.0555E-02  1.7388E-03 -4.6900E-02 -5.2853E-02
  6.0970E-02  1.7626E-03 -4.6196E-02 -5.2071E-02
  6.1387E-02  1.7868E-03 -4.5478E-02 -5.1273E-02
  6.1808E-02  1.8113E-03 -4.4746E-02 -5.0458E-02
  6.2231E-02  1.8362E-03 -4.4000E-02 -4.9628E-02
  6.2658E-02  1.8614E-03 -4.3239E-02 -4.8781E-02
  6.3087E-02  1.8869E-03 -4.2463E-02 -4.7919E-02
  6.3519E-02  1.9128E-03 -4.1673E-02 -4.7040E-02
  6.3954E-02  1.9390E-03 -4.0869E-02 -4.6146E-02
  6.4392E-02  1.9656E-03 -4.0050E-02 -4.5235E-02
  6.4833E-02  1.9926E-03 -3.9217E-02 -4.4309E-02
  6.5277E-02  2.0199E-03 -3.8370E-02 -4.3366E-02
  6.5725E-02  2.0476E-03 -3.7508E-02 -4.2408E-02
  6.6175E-02  2.0757E-03 -3.6632E-02 -4.1433E-02
  6.6628E-02  2.1042E-03 -3.5742E-02 -4.0443E-02
  6.7084E-02  2.1330E-03 -3.4837E-02 -3.9437E-02
  6.7544E-02  2.1623E-03 -3.3919E-02 -3.8415E-02
  6.8007E-02  2.1920E-03 -3.2986E-02 -3.7378E-02
  6.8472E-02  2.2220E-03 -3.2040E-02 -3.6325E-02
  6.8941E-02  2.2525E-03 -3.1079E-02 -3.5257E-02
  6.9414E-02  2.2834E-03 -3.0105E-02 -3.4173E-02
  6.9889E-02  2.3147E-03 -2.9116E-02 -3.3074E-02
  7.0368E-02  2.3464E-03 -2.8114E-02 -3.1960E-02
  7.0850E-02  2.3786E-03 -2.7099E-02 -3.0831E-02
  7.1335E-02  2.4112E-03 -2.6070E-02 -2.9686E-02
  7.1824E-02  2.4442E-03 -2.5028E-02 -2.8527E-02
  7.2315E-02  2.4778E-03 -2.3972E-02 -2.7354E-02
  7.2811E-02  2.5117E-03 -2.2903E-02 -2.6165E-02
  7.3309E-02  2.5461E-03 -2.1822E-02 -2.4962E-02
  7.3812E-02  2.5810E-03 -2.0727E-02 -2.3745E-02
  7.4317E-02  2.6164E-03 -1.9620E-02 -2.2514E-02
  7.4826E-02  2.6523E-03 -1.8500E-02 -2.1270E-02
  7.5338E-02  2.6886E-03 -1.7368E-02 -2.0011E-02
  7.5854E-02  2.7255E-03 -1.6223E-02 -1.8739E-02
  7.6374E-02  2.7628E-03 -1.5067E-02 -1.7453E-02
  7.6897E-02  2.8007E-03 -1.3899E-02 -1.6155E-02
  7.7424E-02  2.8390E-03 -1.2719E-02 -1.4843E-02
  7.7954E-02  2.8779E-03 -1.1528E-02 -1.3519E-02
  7.8488E-02  2.9174E-03 -1.0325E-02 -1.2183E-02
  7.9025E-02  2.9573E-03 -9.1113E-03 -1.0834E-02
  7.9566E-02  2.9979E-03 -7.8868E-03 -9.4734E-03
  8.0111E-02  3.0389E-03 -6.6518E-03 -8.1012E-03
  8.0660E-02  3.0805E-03 -5.4065E-03 -6.7176E-03
  8.1212E-02  3.1227E-03 -4.1511E-03 -5.3229E-03
  8.1768E-02  3.1655E-03 -2.8859E-03 -3.9174E-03
  8.2328E-02  3.2089E-03 -1.6112E-03 -2.5015E-03
  8.2892E-02  3.2528E-03 -3.2718E-04 -1.0753E-03
  8.3460E-02  3.2973E-03  9.6583E-04  3.6065E-04
  8.4031E-02  3.3425E-03  2.2675E-03  1.8062E-03
  8.4607E-02  3.3883E-03  3.5776E-03  3.2609E-03
  8.5186E-02  3.4347E-03  4.8958E-03  4.7244E-03
  8.5769E-02  3.4817E-03  6.2217E-03  6.1964E-03
  8.6357E-02  3.5293E-03  7.5551E-03  7.6765E-03
  8.6948E-02  3.5777E-03  8.8956E-03  9.1643E-03
  8.7543E-02  3.6266E-03  1.0243E-02  1.0660E-02
  8.8143E-02  3.6763E-03  1.1597E-02  1.2162E-02
  8.8746E-02  3.7266E-03  1.2956E-02  1.3670E-02
  8.9354E-02  3.7776E-03  1.4322E-02  1.5185E-02
  8.9966E-02  3.8293E-03  1.5692E-02  1.6705E-02
  9.0582E-02  3.8817E-03  1.7068E-02  1.8231E-02
  9.1202E-02  3.9348E-03  1.8448E-02  1.9762E-02
  9.1826E-02  3.9886E-03  1.9832E-02  2.1297E-02
  9.2455E-02  4.0432E-03  2.1220E-02  2.2835E-02
  9.3088E-02  4.0985E-03  2.2611E-02  2.4377E-02
  9.3726E-02  4.1546E-03  2.4006E-02  2.5922E-02
  9.4367E-02  4.2114E-03  2.5402E-02  2.7470E-02
  9.5013E-02  4.2690E-03  2.6801E-02  2.9019E-02
  9.5664E-02  4.3274E-03  2.8201E-02  3.0570E-02
  9.6319E-02  4.3866E-03  2.9602E-02  3.2122E-02
  9.6978E-02  4.4465E-03  3.1004E-02  3.3674E-02
  9.7642E-02  4.5073E-03  3.2405E-02  3.5226E-02
  9.8311E-02  4.5690E-03  3.3807E-02  3.6777E-02
  9.8984E-02  4.6314E-03  3.5207E-02  3.8327E-02
  9.9662E-02  4.6948E-03  3.6607E-02  3.9875E-02
  1.0034E-01  4.7589E-03  3.8004E-02  4.1421E-02
  1.0103E-01  4.8240E-03  3.9399E-02  4.2964E-02
  1.0172E-01  4.8899E-03  4.0791E-02  4.4503E-02
  1.0242E-01  4.9567E-03  4.2180E-02  4.6038E-02
  1.0312E-01  5.0245E-03  4.3565E-02  4.7568E-02
  1.0383E-01  5.0931E-03  4.4945E-02  4.9093E-02
  1.0454E-01  5.1627E-03  4.6320E-02  5.0611E-02
  1.0525E-01  5.2332E-03  4.7690E-02  5.2123E-02
  1.0597E-01  5.3047E-03  4.9053E-02  5.3628E-02
  1.0670E-01  5.3772E-03  5.0410E-02  5.5125E-02
  1.0743E-01  5.4506E-03  5.1759E-02  5.6613E-02
  1.0816E-01  5.5251E-03  5.3100E-02  5.8092E-02
  1.0891E-01  5.6005E-03  5.4433E-02  5.9561E-02
  1.0965E-01  5.6770E-03  5.5757E-02  6.1020E-02
  1.1040E-01  5.7545E-03  5.7071E-02  6.2467E-02
  1.1116E-01  5.8331E-03  5.8375E-02  6.3903E-02
  1.1192E-01  5.9127E-03  5.9668E-02  6.5326E-02
  1.1268E-01  5.9934E-03  6.0949E-02  6.6735E-02
  1.1346E-01  6.0752E-03  6.2219E-02  6.8130E-02
  1.1423E-01  6.1581E-03  6.3475E-02  6.9511E-02
  1.1501E-01  6.2421E-03  6.4719E-02  7.0877E-02
  1.1580E-01  6.3273E-03  6.5948E-02  7.2226E-02
  1.1659E-01  6.4136E-03  6.7163E-02  7.3558E-02
  1.1739E-01  6.5011E-03  6.8362E-02  7.4873E-02
  1.1820E-01  6.5898E-03  6.9546E-02  7.6170E-02
  1.1901E-01  6.6797E-03  7.0712E-02  7.7447E-02
  1.1982E-01  6.7708E-03  7.1862E-02  7.8705E-02
  1.2064E-01  6.8631E-03  7.2994E-02  7.9943E-02
  1.2147E-01  6.9567E-03  7.4108E-02  8.1159E-02
  1.2230E-01  7.0515E-03  7.5202E-02  8.2354E-02
  1.2313E-01  7.1476E-03  7.6277E-02  8.3525E-02
  1.2398E-01  7.2451E-03  7.7331E-02  8.4674E-02
  1.2483E-01  7.3438E-03  7.8364E-02  8.5798E-02
  1.2568E-01  7.4439E-03  7.9376E-02  8.6898E-02
  1.2654E-01  7.5453E-03  8.0365E-02  8.7972E-02
  1.2741E-01  7.6481E-03  8.1331E-02  8.9020E-02
  1.2828E-01  7.7523E-03  8.2274E-02  9.0040E-02
  1.2916E-01  7.8579E-03  8.3192E-02  9.1033E-02
  1.3004E-01  7.9649E-03  8.4086E-02  9.1998E-02
  1.3093E-01  8.0733E-03  8.4954E-02  9.2933E-02
  1.3183E-01  8.1833E-03  8.5795E-02  9.3839E-02
  1.3273E-01  8.2947E-03  8.6610E-02  9.4714E-02
  1.3364E-01  8.4076E-03  8.7397E-02  9.5557E-02
  1.3455E-01  8.5220E-03  8.8157E-02  9.6369E-02
  1.3547E-01  8.6380E-03  8.8887E-02  9.7148E-02
  1.3640E-01  8.7555E-03  8.9589E-02  9.7893E-02
  1.3733E-01  8.8746E-03  9.0260E-02  9.8605E-02
  1.3827E-01  8.9953E-03  9.0901E-02  9.9281E-02
  1.3922E-01  9.1177E-03  9.1511E-02  9.9922E-02
  1.4017E-01  9.2417E-03  9.2089E-02  1.0053E-01
  1.4113E-01  9.3673E-03  9.2635E-02  1.0110E-01
  1.4210E-01  9.4947E-03  9.3148E-02  1.0163E-01
  1.4307E-01  9.6237E-03  9.3628E-02  1.0212E-01
  1.4405E-01  9.7545E-03  9.4073E-02  1.0257E-01
  1.4504E-01  9.8871E-03  9.4485E-02  1.0299E-01
  1.4603E-01  1.0021E-02  9.4861E-02  1.0336E-01
  1.4703E-01  1.0158E-02  9.5201E-02  1.0370E-01
  1.4804E-01  1.0295E-02  9.5506E-02  1.0399E-01
  1.4905E-01  1.0435E-02  9.5773E-02  1.0424E-01
  1.5007E-01  1.0577E-02  9.6004E-02  1.0445E-01
  1.5110E-01  1.0721E-02  9.6197E-02  1.0462E-01
  1.5213E-01  1.0866E-02  9.6352E-02  1.0474E-01
  1.5317E-01  1.1014E-02  9.6469E-02  1.0482E-01
  1.5422E-01  1.1163E-02  9.6546E-02  1.0486E-01
  1.5528E-01  1.1314E-02  9.6585E-02  1.0485E-01
  1.5634E-01  1.1468E-02  9.6583E-02  1.0479E-01
  1.5741E-01  1.1623E-02  9.6541E-02  1.0469E-01
  1.5849E-01  1.1781E-02  9.6459E-02  1.0454E-01
  1.5957E-01  1.1941E-02  9.6336E-02  1.0435E-01
  1.6066E-01  1.2103E-02  9.6171E-02  1.0411E-01
  1.6176E-01  1.2267E-02  9.5965E-02  1.0382E-01
  1.6287E-01  1.2433E-02  9.5717E-02  1.0349E-01
  1.6398E-01  1.2601E-02  9.5426E-02  1.0311E-01
  1.6511E-01  1.2772E-02  9.5093E-02  1.0267E-01
  1.6624E-01  1.2945E-02  9.4718E-02  1.0219E-01
  1.6737E-01  1.3120E-02  9.4299E-02  1.0166E-01
  1.6852E-01  1.3298E-02  9.3837E-02  1.0109E-01
  1.6967E-01  1.3478E-02  9.3331E-02  1.0046E-01
  1.7083E-01  1.3660E-02  9.2782E-02  9.9780E-02
  1.7200E-01  1.3845E-02  9.2189E-02  9.9053E-02
  1.7318E-01  1.4032E-02  9.1552E-02  9.8275E-02
  1.7436E-01  1.4222E-02  9.0871E-02  9.7448E-02
  1.7556E-01  1.4414E-02  9.0145E-02  9.6570E-02
  1.7676E-01  1.4609E-02  8.9376E-02  9.5642E-02
  1.7797E-01  1.4806E-02  8.8562E-02  9.4664E-02
  1.7919E-01  1.5006E-02  8.7704E-02  9.3635E-02
  1.8041E-01  1.5209E-02  8.6801E-02  9.2556E-02
  1.8165E-01  1.5415E-02  8.5854E-02  9.1426E-02
  1.8289E-01  1.5623E-02  8.4863E-02  9.0246E-02
  1.8414E-01  1.5833E-02  8.3827E-02  8.9016E-02
  1.8540E-01  1.6047E-02  8.2748E-02  8.7736E-02
  1.8667E-01  1.6264E-02  8.1624E-02  8.6406E-02
  1.8795E-01  1.6483E-02  8.0457E-02  8.5025E-02
  1.8924E-01  1.6705E-02  7.9245E-02  8.3595E-02
  1.9053E-01  1.6930E-02  7.7991E-02  8.2116E-02
  1.9183E-01  1.7159E-02  7.6693E-02  8.0587E-02
  1.9315E-01  1.7390E-02  7.5352E-02  7.9010E-02
  1.9447E-01  1.7624E-02  7.3968E-02  7.7384E-02
  1.9580E-01  1.7861E-02  7.2541E-02  7.5709E-02
  1.9714E-01  1.8102E-02  7.1073E-02  7.3987E-02
  1.9849E-01  1.8345E-02  6.9562E-02  7.2217E-02
  1.9985E-01  1.8592E-02  6.8011E-02  7.0400E-02
  2.0121E-01  1.8842E-02  6.6418E-02  6.8537E-02
  2.0259E-01  1.9096E-02  6.4784E-02  6.6627E-02
  2.0398E-01  1.9352E-02  6.3111E-02  6.4672E-02
  2.0537E-01  1.9612E-02  6.1398E-02  6.2672E-02
  2.0678E-01  1.9876E-02  5.9646E-02  6.0627E-02
  2.0819E-01  2.0143E-02  5.7855E-02  5.8539E-02
  2.0962E-01  2.0413E-02  5.6026E-02  5.6407E-02
  2.1105E-01  2.0687E-02  5.4160E-02  5.4233E-02
  2.1250E-01  2.0965E-02  5.2257E-02  5.2017E-02
  2.1395E-01  2.1246E-02  5.0319E-02  4.9760E-02
  2.1542E-01  2.1531E-02  4.8344E-02  4.7463E-02
  2.1689E-01  2.1820E-02  4.6336E-02  4.5127E-02
  2.1837E-01  2.2112E-02  4.4293E-02  4.2752E-02
  2.1987E-01  2.2408E-02  4.2217E-02  4.0339E-02
  2.2137E-01  2.2708E-02  4.0109E-02  3.7889E-02
  2.2289E-01  2.3012E-02  3.7969E-02  3.5404E-02
  2.2441E-01  2.3320E-02  3.5798E-02  3.2884E-02
  2.2595E-01  2.3632E-02  3.3598E-02  3.0330E-02
  2.2749E-01  2.3948E-02  3.1369E-02  2.7743E-02
  2.2905E-01  2.4268E-02  2.9112E-02  2.5125E-02
  2.3062E-01  2.4592E-02  2.6828E-02  2.2476E-02
  2.3220E-01  2.4921E-02  2.4518E-02  1.9797E-02
  2.3379E-01  2.5254E-02  2.2183E-02  1.7090E-02
  2.3538E-01  2.5591E-02  1.9824E-02  1.4355E-02
  2.3700E-01  2.5932E-02  1.7442E-02  1.1595E-02
  2.3862E-01  2.6278E-02  1.5039E-02  8.8098E-03
  2.4025E-01  2.6628E-02  1.2615E-02  6.0011E-03
  2.4189E-01  2.6983E-02  1.0171E-02  3.1702E-03
  2.4355E-01  2.7342E-02  7.7089E-03  3.1845E-04
  2.4522E-01  2.7706E-02  5.2295E-03 -2.5529E-03
  2.4689E-01  2.8075E-02  2.7342E-03 -5.4425E-03
  2.4858E-01  2.8448E-02  2.2415E-04 -8.3489E-03
  2.5028E-01  2.8827E-02 -2.2995E-03 -1.1271E-02
  2.5200E-01  2.9210E-02 -4.8353E-03 -1.4206E-02
  2.5372E-01  2.9598E-02 -7.3822E-03 -1.7155E-02
  2.5546E-01  2.9991E-02 -9.9388E-03 -2.0114E-02
  2.5720E-01  3.0389E-02 -1.2504E-02 -2.3083E-02
  2.5896E-01  3.0792E-02 -1.5076E-02 -2.6060E-02
  2.6074E-01  3.1200E-02 -1.7653E-02 -2.9043E-02
  2.6252E-01  3.1613E-02 -2.0235E-02 -3.2031E-02
  2.6432E-01  3.2032E-02 -2.2820E-02 -3.5023E-02
  2.6613E-01  3.2456E-02 -2.5406E-02 -3.8016E-02
  2.6795E-01  3.2885E-02 -2.7993E-02 -4.1009E-02
  2.6978E-01  3.3320E-02 -3.0578E-02 -4.4001E-02
  2.7163E-01  3.3761E-02 -3.3160E-02 -4.6990E-02
  2.7348E-01  3.4207E-02 -3.5738E-02 -4.9974E-02
  2.7536E-01  3.4658E-02 -3.8311E-02 -5.2952E-02
  2.7724E-01  3.5116E-02 -4.0876E-02 -5.5921E-02
  2.7914E-01  3.5579E-02 -4.3432E-02 -5.8881E-02
  2.8105E-01  3.6048E-02 -4.5979E-02 -6.1829E-02
  2.8297E-01  3.6523E-02 -4.8514E-02 -6.4764E-02
  2.8490E-01  3.7003E-02 -5.1035E-02 -6.7684E-02
  2.8685E-01  3.7490E-02 -5.3543E-02 -7.0588E-02
  2.8882E-01  3.7983E-02 -5.6034E-02 -7.3473E-02
  2.9079E-01  3.8483E-02 -5.8507E-02 -7.6338E-02
  2.9278E-01  3.8988E-02 -6.0961E-02 -7.9182E-02
  2.9479E-01  3.9500E-02 -6.3395E-02 -8.2002E-02
  2.9680E-01  4.0018E-02 -6.5806E-02 -8.4796E-02
  2.9883E-01  4.0542E-02 -6.8193E-02 -8.7564E-02
  3.0088E-01  4.1074E-02 -7.0556E-02 -9.0303E-02
  3.0294E-01  4.1611E-02 -7.2891E-02 -9.3012E-02
  3.0501E-01  4.2156E-02 -7.5199E-02 -9.5688E-02
  3.0710E-01  4.2707E-02 -7.7476E-02 -9.8331E-02
  3.0920E-01  4.3265E-02 -7.9723E-02 -1.0094E-01
  3.1131E-01  4.3830E-02 -8.1936E-02 -1.0351E-01
  3.1344E-01  4.4401E-02 -8.4115E-02 -1.0604E-01
  3.1559E-01  4.4980E-02 -8.6259E-02 -1.0853E-01
  3.1775E-01  4.5566E-02 -8.8365E-02 -1.1098E-01
  3.1992E-01  4.6160E-02 -9.0433E-02 -1.1338E-01
  3.2211E-01  4.6760E-02 -9.2461E-02 -1.1574E-01
  3.2431E-01  4.7368E-02 -9.4447E-02 -1.1805E-01
  3.2653E-01  4.7983E-02 -9.6390E-02 -1.2032E-01
  3.2877E-01  4.8606E-02 -9.8289E-02 -1.2253E-01
  3.3102E-01  4.9236E-02 -1.0014E-01 -1.2469E-01
  3.3328E-01  4.9874E-02 -1.0195E-01 -1.2680E-01
  3.3556E-01  5.0520E-02 -1.0370E-01 -1.2885E-01
  3.3786E-01  5.1173E-02 -1.0541E-01 -1.3084E-01
  3.4017E-01  5.1835E-02 -1.0707E-01 -1.3278E-01
  3.4250E-01  5.2504E-02 -1.0867E-01 -1.3466E-01
  3.4484E-01  5.3182E-02 -1.1022E-01 -1.3647E-01
  3.4720E-01  5.3867E-02 -1.1172E-01 -1.3823E-01
  3.4957E-01  5.4561E-02 -1.1316E-01 -1.3992E-01
  3.5197E-01  5.5263E-02 -1.1454E-01 -1.4154E-01
  3.5437E-01  5.5974E-02 -1.1586E-01 -1.4310E-01
  3.5680E-01  5.6693E-02 -1.1713E-01 -1.4459E-01
  3.5924E-01  5.7421E-02 -1.1833E-01 -1.4601E-01
  3.6170E-01  5.8157E-02 -1.1947E-01 -1.4736E-01
  3.6417E-01  5.8902E-02 -1.2055E-01 -1.4864E-01
  3.6666E-01  5.9655E-02 -1.2156E-01 -1.4985E-01
  3.6917E-01  6.0418E-02 -1.2251E-01 -1.5098E-01
  3.7170E-01  6.1190E-02 -1.2340E-01 -1.5204E-01
  3.7424E-01  6.1970E-02 -1.2421E-01 -1.5303E-01
  3.7680E-01  6.2760E-02 -1.2496E-01 -1.5393E-01
  3.7938E-01  6.3559E-02 -1.2564E-01 -1.5476E-01
  3.8197E-01  6.4367E-02 -1.2626E-01 -1.5551E-01
  3.8459E-01  6.5185E-02 -1.2680E-01 -1.5618E-01
  3.8722E-01  6.6012E-02 -1.2727E-01 -1.5677E-01
  3.8987E-01  6.6849E-02 -1.2767E-01 -1.5728E-01
  3.9254E-01  6.7695E-02 -1.2799E-01 -1.5771E-01
  3.9522E-01  6.8551E-02 -1.2825E-01 -1.5805E-01
  3.9792E-01  6.9417E-02 -1.2843E-01 -1.5831E-01
  4.0065E-01  7.0293E-02 -1.2854E-01 -1.5849E-01
  4.0339E-01  7.1179E-02 -1.2857E-01 -1.5858E-01
  4.0615E-01  7.2075E-02 -1.2853E-01 -1.5859E-01
  4.0893E-01  7.2981E-02 -1.2841E-01 -1.5851E-01
  4.1172E-01  7.3897E-02 -1.2822E-01 -1.5835E-01
  4.1454E-01  7.4824E-02 -1.2795E-01 -1.5810E-01
  4.1738E-01  7.5761E-02 -1.2760E-01 -1.5776E-01
  4.2023E-01  7.6708E-02 -1.2718E-01 -1.5734E-01
  4.2311E-01  7.7666E-02 -1.2668E-01 -1.5683E-01
  4.2600E-01  7.8635E-02 -1.2610E-01 -1.5623E-01
  4.2892E-01  7.9615E-02 -1.2545E-01 -1.5555E-01
  4.3185E-01  8.0605E-02 -1.2472E-01 -1.5478E-01
  4.3481E-01  8.1606E-02 -1.2391E-01 -1.5392E-01
  4.3778E-01  8.2619E-02 -1.2303E-01 -1.5297E-01
  4.4077E-01  8.3642E-02 -1.2207E-01 -1.5194E-01
  4.4379E-01  8.4677E-02 -1.2103E-01 -1.5082E-01
  4.4683E-01  8.5722E-02 -1.1992E-01 -1.4961E-01
  4.4988E-01  8.6780E-02 -1.1872E-01 -1.4831E-01
  4.5296E-01  8.7848E-02 -1.1745E-01 -1.4693E-01
  4.5606E-01  8.8928E-02 -1.1611E-01 -1.4546E-01
  4.5918E-01  9.0020E-02 -1.1469E-01 -1.4391E-01
  4.6232E-01  9.1123E-02 -1.1319E-01 -1.4227E-01
  4.6548E-01  9.2238E-02 -1.1162E-01 -1.4055E-01
  4.6867E-01  9.3364E-02 -1.0997E-01 -1.3874E-01
  4.7188E-01  9.4503E-02 -1.0825E-01 -1.3685E-01
  4.7510E-01  9.5653E-02 -1.0646E-01 -1.3487E-01
  4.7835E-01  9.6816E-02 -1.0459E-01 -1.3281E-01
  4.8163E-01  9.7991E-02 -1.0265E-01 -1.3067E-01
  4.8492E-01  9.9177E-02 -1.0063E-01 -1.2845E-01
  4.8824E-01  1.0038E-01 -9.8549E-02 -1.2615E-01
  4.9158E-01  1.0159E-01 -9.6393E-02 -1.2377E-01
  4.9494E-01  1.0281E-01 -9.4167E-02 -1.2131E-01
  4.9833E-01  1.0405E-01 -9.1872E-02 -1.1877E-01
  5.0174E-01  1.0530E-01 -8.9508E-02 -1.1615E-01
  5.0517E-01  1.0656E-01 -8.7076E-02 -1.1346E-01
  5.0862E-01  1.0783E-01 -8.4577E-02 -1.1070E-01
  5.1210E-01  1.0912E-01 -8.2013E-02 -1.0785E-01
  5.1561E-01  1.1042E-01 -7.9383E-02 -1.0494E-01
  5.1914E-01  1.1173E-01 -7.6689E-02 -1.0196E-01
  5.2269E-01  1.1305E-01 -7.3932E-02 -9.8902E-02
  5.2626E-01  1.1439E-01 -7.1112E-02 -9.5777E-02
  5.2986E-01  1.1574E-01 -6.8232E-02 -9.2584E-02
  5.3349E-01  1.1711E-01 -6.5291E-02 -8.9325E-02
  5.3714E-01  1.1848E-01 -6.2292E-02 -8.6000E-02
  5.4081E-01  1.1987E-01 -5.9235E-02 -8.2611E-02
  5.4451E-01  1.2128E-01 -5.6121E-02 -7.9159E-02
  5.4824E-01  1.2269E-01 -5.2951E-02 -7.5646E-02
  5.5199E-01  1.2412E-01 -4.9728E-02 -7.2072E-02
  5.5576E-01  1.2557E-01 -4.6451E-02 -6.8440E-02
  5.5957E-01  1.2702E-01 -4.3122E-02 -6.4751E-02
  5.6339E-01  1.2849E-01 -3.9742E-02 -6.1006E-02
  5.6725E-01  1.2997E-01 -3.6314E-02 -5.7207E-02
  5.7113E-01  1.3147E-01 -3.2837E-02 -5.3356E-02
  5.7503E-01  1.3298E-01 -2.9313E-02 -4.9453E-02
  5.7897E-01  1.3450E-01 -2.5744E-02 -4.5501E-02
  5.8293E-01  1.3604E-01 -2.2131E-02 -4.1502E-02
  5.8692E-01  1.3759E-01 -1.8475E-02 -3.7455E-02
  5.9093E-01  1.3915E-01 -1.4778E-02 -3.3364E-02
  5.9497E-01  1.4073E-01 -1.1040E-02 -2.9231E-02
  5.9905E-01  1.4232E-01 -7.2646E-03 -2.5055E-02
  6.0314E-01  1.4393E-01 -3.4514E-03 -2.0840E-02
  6.0727E-01  1.4555E-01  3.9751E-04 -1.6587E-02
  6.1142E-01  1.4718E-01  4.2809E-03 -1.2298E-02
  6.1561E-01  1.4882E-01  8.1972E-03 -7.9734E-03
  6.1982E-01  1.5048E-01  1.2145E-02 -3.6161E-03
  6.2406E-01  1.5215E-01  1.6123E-02  7.7259E-04
  6.2833E-01  1.5384E-01  2.0130E-02  5.1909E-03
  6.3262E-01  1.5554E-01  2.4164E-02  9.6371E-03
  6.3695E-01  1.5725E-01  2.8224E-02  1.4110E-02
  6.4131E-01  1.5898E-01  3.2308E-02  1.8607E-02
  6.4570E-01  1.6072E-01  3.6415E-02  2.3127E-02
  6.5011E-01  1.6247E-01  4.0544E-02  2.7668E-02
  6.5456E-01  1.6424E-01  4.4693E-02  3.2228E-02
  6.5904E-01  1.6602E-01  4.8861E-02  3.6807E-02
  6.6355E-01  1.6781E-01  5.3046E-02  4.1401E-02
  6.6809E-01  1.6962E-01  5.7246E-02  4.6010E-02
  6.7266E-01  1.7144E-01  6.1462E-02  5.0632E-02
  6.7726E-01  1.7327E-01  6.5690E-02  5.5265E-02
  6.8189E-01  1.7511E-01  6.9930E-02  5.9907E-02
  6.8656E-01  1.7697E-01  7.4180E-02  6.4557E-02
  6.9125E-01  1.7885E-01  7.8439E-02  6.9213E-02
  6.9598E-01  1.8073E-01  8.2706E-02  7.3874E-02
  7.0074E-01  1.8263E-01  8.6979E-02  7.8538E-02
  7.0554E-01  1.8454E-01  9.1256E-02  8.3204E-02
  7.1036E-01  1.8646E-01  9.5538E-02  8.7869E-02
  7.1522E-01  1.8840E-01  9.9821E-02  9.2533E-02
  7.2011E-01  1.9035E-01  1.0411E-01  9.7194E-02
  7.2504E-01  1.9231E-01  1.0839E-01  1.0185E-01
  7.3000E-01  1.9428E-01  1.1267E-01  1.0650E-01
  7.3499E-01  1.9627E-01  1.1695E-01  1.1114E-01
  7.4002E-01  1.9826E-01  1.2123E-01  1.1578E-01
  7.4508E-01  2.0027E-01  1.2550E-01  1.2040E-01
  7.5018E-01  2.0230E-01  1.2976E-01  1.2501E-01
  7.5531E-01  2.0433E-01  1.3402E-01  1.2961E-01
  7.6048E-01  2.0638E-01  1.3827E-01  1.3419E-01
  7.6568E-01  2.0843E-01  1.4251E-01  1.3876E-01
  7.7092E-01  2.1050E-01  1.4674E-01  1.4331E-01
  7.7619E-01  2.1258E-01  1.5095E-01  1.4785E-01
  7.8150E-01  2.1467E-01  1.5516E-01  1.5236E-01
  7.8685E-01  2.1678E-01  1.5935E-01  1.5686E-01
  7.9223E-01  2.1889E-01  1.6352E-01  1.6133E-01
  7.9765E-01  2.2101E-01  1.6768E-01  1.6578E-01
  8.0311E-01  2.2315E-01  1.7182E-01  1.7020E-01
  8.0860E-01  2.2529E-01  1.7595E-01  1.7460E-01
  8.1413E-01  2.2745E-01  1.8005E-01  1.7898E-01
  8.1970E-01  2.2962E-01  1.8414E-01  1.8333E-01
  8.2531E-01  2.3180E-01  1.8820E-01  1.8765E-01
  8.3096E-01  2.3398E-01  1.9225E-01  1.9194E-01
  8.3664E-01  2.3618E-01  1.9627E-01  1.9621E-01
  8.4236E-01  2.3839E-01  2.0028E-01  2.0044E-01
  8.4813E-01  2.4060E-01  2.0426E-01  2.0464E-01
  8.5393E-01  2.4283E-01  2.0821E-01  2.0881E-01
  8.5977E-01  2.4507E-01  2.1214E-01  2.1295E-01
  8.6565E-01  2.4731E-01  2.1605E-01  2.1706E-01
  8.7157E-01  2.4956E-01  2.1993E-01  2.2113E-01
  8.7753E-01  2.5183E-01  2.2379E-01  2.2517E-01
  8.8354E-01  2.5410E-01  2.2761E-01  2.2917E-01
  8.8958E-01  2.5638E-01  2.3142E-01  2.3314E-01
  8.9567E-01  2.5867E-01  2.3519E-01  2.3708E-01
  9.0179E-01  2.6097E-01  2.3894E-01  2.4097E-01
  9.0796E-01  2.6328E-01  2.4266E-01  2.4484E-01
  9.1417E-01  2.6559E-01  2.4635E-01  2.4866E-01
  9.2043E-01  2.6791E-01  2.5001E-01  2.5245E-01
  9.2672E-01  2.7025E-01  2.5365E-01  2.5621E-01
  9.3306E-01  2.7259E-01  2.5726E-01  2.5992E-01
  9.3944E-01  2.7493E-01  2.6083E-01  2.6360E-01
  9.4587E-01  2.7729E-01  2.6438E-01  2.6724E-01
  9.5234E-01  2.7965E-01  2.6790E-01  2.7085E-01
  9.5885E-01  2.8202E-01  2.7139E-01  2.7442E-01
  9.6541E-01  2.8440E-01  2.7485E-01  2.7795E-01
  9.7202E-01  2.8679E-01  2.7828E-01  2.8145E-01
  9.7867E-01  2.8918E-01  2.8169E-01  2.8491E-01
  9.8536E-01  2.9158E-01  2.8506E-01  2.8833E-01
  9.9210E-01  2.9399E-01  2.8841E-01  2.9172E-01
  9.9889E-01  2.9641E-01  2.9173E-01  2.9507E-01
  1.0057E+00  2.9884E-01  2.9502E-01  2.9838E-01
  1.0126E+00  3.0127E-01  2.9828E-01  3.0167E-01
  1.0195E+00  3.0371E-01  3.0152E-01  3.0492E-01
  1.0265E+00  3.0616E-01  3.0473E-01  3.0813E-01
  1.0335E+00  3.0862E-01  3.0791E-01  3.1131E-01
  1.0406E+00  3.1108E-01  3.1107E-01  3.1446E-01
  1.0477E+00  3.1356E-01  3.1420E-01  3.1758E-01
  1.0549E+00  3.1604E-01  3.1731E-01  3.2067E-01
  1.0621E+00  3.1853E-01  3.2039E-01  3.2373E-01
  1.0694E+00  3.2103E-01  3.2345E-01  3.2676E-01
  1.0767E+00  3.2354E-01  3.2649E-01  3.2976E-01
  1.0840E+00  3.2606E-01  3.2950E-01  3.3274E-01
  1.0915E+00  3.2859E-01  3.3250E-01  3.3569E-01
  1.0989E+00  3.3113E-01  3.3548E-01  3.3861E-01
  1.1064E+00  3.3369E-01  3.3843E-01  3.4151E-01
  1.1140E+00  3.3625E-01  3.4137E-01  3.4439E-01
  1.1216E+00  3.3882E-01  3.4429E-01  3.4725E-01
  1.1293E+00  3.4141E-01  3.4720E-01  3.5009E-01
  1.1370E+00  3.4401E-01  3.5009E-01  3.5291E-01
  1.1448E+00  3.4662E-01  3.5297E-01  3.5572E-01
  1.1526E+00  3.4925E-01  3.5584E-01  3.5851E-01
  1.1605E+00  3.5189E-01  3.5870E-01  3.6129E-01
  1.1685E+00  3.5455E-01  3.6155E-01  3.6405E-01
  1.1764E+00  3.5722E-01  3.6439E-01  3.6681E-01
  1.1845E+00  3.5991E-01  3.6723E-01  3.6955E-01
  1.1926E+00  3.6262E-01  3.7006E-01  3.7230E-01
  1.2008E+00  3.6535E-01  3.7289E-01  3.7503E-01
  1.2090E+00  3.6810E-01  3.7572E-01  3.7777E-01
  1.2172E+00  3.7087E-01  3.7855E-01  3.8050E-01
  1.2256E+00  3.7366E-01  3.8138E-01  3.8324E-01
  1.2339E+00  3.7647E-01  3.8422E-01  3.8598E-01
  1.2424E+00  3.7931E-01  3.8707E-01  3.8873E-01
  1.2509E+00  3.8218E-01  3.8992E-01  3.9149E-01
  1.2594E+00  3.8507E-01  3.9279E-01  3.9426E-01
  1.2681E+00  3.8799E-01  3.9567E-01  3.9704E-01
  1.2767E+00  3.9095E-01  3.9857E-01  3.9984E-01
  1.2855E+00  3.9393E-01  4.0148E-01  4.0266E-01
  1.2943E+00  3.9695E-01  4.0442E-01  4.0550E-01
  1.3031E+00  4.0001E-01  4.0738E-01  4.0837E-01
  1.3120E+00  4.0310E-01  4.1037E-01  4.1126E-01
  1.3210E+00  4.0624E-01  4.1339E-01  4.1419E-01
  1.3300E+00  4.0942E-01  4.1644E-01  4.1715E-01
  1.3391E+00  4.1264E-01  4.1952E-01  4.2014E-01
  1.3483E+00  4.1591E-01  4.2265E-01  4.2318E-01
  1.3575E+00  4.1923E-01  4.2581E-01  4.2627E-01
  1.3668E+00  4.2260E-01  4.2903E-01  4.2940E-01
  1.3762E+00  4.2602E-01  4.3229E-01  4.3258E-01
  1.3856E+00  4.2950E-01  4.3560E-01  4.3581E-01
  1.3950E+00  4.3305E-01  4.3897E-01  4.3911E-01
  1.4046E+00  4.3666E-01  4.4240E-01  4.4247E-01
  1.4142E+00  4.4033E-01  4.4589E-01  4.4590E-01
  1.4239E+00  4.4408E-01  4.4945E-01  4.4939E-01
  1.4336E+00  4.4790E-01  4.5309E-01  4.5297E-01
  1.4434E+00  4.5180E-01  4.5680E-01  4.5662E-01
  1.4533E+00  4.5578E-01  4.6059E-01  4.6036E-01
  1.4632E+00  4.5985E-01  4.6446E-01  4.6419E-01
  1.4732E+00  4.6401E-01  4.6843E-01  4.6811E-01
  1.4833E+00  4.6826E-01  4.7249E-01  4.7213E-01
  1.4935E+00  4.7262E-01  4.7666E-01  4.7626E-01
  1.5037E+00  4.7707E-01  4.8093E-01  4.8050E-01
  1.5140E+00  4.8164E-01  4.8531E-01  4.8485E-01
  1.5243E+00  4.8632E-01  4.8981E-01  4.8933E-01
  1.5347E+00  4.9113E-01  4.9443E-01  4.9393E-01
  1.5452E+00  4.9606E-01  4.9918E-01  4.9867E-01
  1.5558E+00  5.0112E-01  5.0407E-01  5.0354E-01
  1.5665E+00  5.0632E-01  5.0910E-01  5.0856E-01
  1.5772E+00  5.1166E-01  5.1428E-01  5.1374E-01
  1.5880E+00  5.1716E-01  5.1961E-01  5.1908E-01
  1.5988E+00  5.2282E-01  5.2511E-01  5.2458E-01
  1.6098E+00  5.2864E-01  5.3078E-01  5.3026E-01
  1.6208E+00  5.3464E-01  5.3663E-01  5.3612E-01
  1.6319E+00  5.4081E-01  5.4267E-01  5.4217E-01
  1.6430E+00  5.4718E-01  5.4890E-01  5.4842E-01
  1.6543E+00  5.5375E-01  5.5534E-01  5.5488E-01
  1.6656E+00  5.6053E-01  5.6199E-01  5.6156E-01
  1.6770E+00  5.6752E-01  5.6886E-01  5.6846E-01
  1.6884E+00  5.7474E-01  5.7597E-01  5.7560E-01
  1.7000E+00  5.8219E-01  5.8332E-01  5.8298E-01
  1.7116E+00  5.8990E-01  5.9092E-01  5.9062E-01
  1.7233E+00  5.9786E-01  5.9879E-01  5.9852E-01
  1.7351E+00  6.0610E-01  6.0693E-01  6.0670E-01
  1.7470E+00  6.1461E-01  6.1536E-01  6.1517E-01
  1.7589E+00  6.2342E-01  6.2410E-01  6.2394E-01
  1.7710E+00  6.3254E-01  6.3314E-01  6.3303E-01
  1.7831E+00  6.4198E-01  6.4251E-01  6.4244E-01
  1.7953E+00  6.5175E-01  6.5222E-01  6.5219E-01
  1.8075E+00  6.6187E-01  6.6229E-01  6.6230E-01
  1.8199E+00  6.7236E-01  6.7272E-01  6.7277E-01
  1.8324E+00  6.8323E-01  6.8354E-01  6.8363E-01
  1.8449E+00  6.9449E-01  6.9476E-01  6.9489E-01
  1.8575E+00  7.0616E-01  7.0640E-01  7.0656E-01
  1.8702E+00  7.1827E-01  7.1847E-01  7.1867E-01
  1.8830E+00  7.3083E-01  7.3099E-01  7.3122E-01
  1.8959E+00  7.4385E-01  7.4399E-01  7.4425E-01
  1.9089E+00  7.5737E-01  7.5748E-01  7.5777E-01
  1.9219E+00  7.7139E-01  7.7149E-01  7.7179E-01
  1.9351E+00  7.8595E-01  7.8602E-01  7.8635E-01
  1.9483E+00  8.0106E-01  8.0112E-01  8.0146E-01
  1.9616E+00  8.1674E-01  8.1679E-01  8.1715E-01
  1.9750E+00  8.3303E-01  8.3307E-01  8.3344E-01
  1.9886E+00  8.4995E-01  8.4998E-01  8.5035E-01
  2.0022E+00  8.6752E-01  8.6754E-01  8.6792E-01
  2.0158E+00  8.8577E-01  8.8578E-01  8.8616E-01
  2.0296E+00  9.0473E-01  9.0474E-01  9.0512E-01
  2.0435E+00  9.2444E-01  9.2444E-01  9.2481E-01
  2.0575E+00  9.4491E-01  9.4492E-01  9.4527E-01
  2.0716E+00  9.6620E-01  9.6620E-01  9.6654E-01
  2.0857E+00  9.8832E-01  9.8833E-01  9.8865E-01
  2.1000E+00  1.0113E+00  1.0113E+00  1.0116E+00
  2.1144E+00  1.0352E+00  1.0352E+00  1.0355E+00
  2.1288E+00  1.0601E+00  1.0601E+00  1.0604E+00
  2.1434E+00  1.0860E+00  1.0860E+00  1.0862E+00
  2.1581E+00  1.1129E+00  1.1129E+00  1.1131E+00
  2.1728E+00  1.1409E+00  1.1409E+00  1.1411E+00
  2.1877E+00  1.1700E+00  1.1700E+00  1.1702E+00
  2.2026E+00  1.2003E+00  1.2003E+00  1.2005E+00
  2.2177E+00  1.2319E+00  1.2319E+00  1.2320E+00
  2.2329E+00  1.2647E+00  1.2647E+00  1.2648E+00
  2.2482E+00  1.2989E+00  1.2989E+00  1.2990E+00
  2.2635E+00  1.3346E+00  1.3346E+00  1.3346E+00
  2.2790E+00  1.3717E+00  1.3717E+00  1.3716E+00
  2.2946E+00  1.4103E+00  1.4103E+00  1.4102E+00
  2.3103E+00  1.4506E+00  1.4506E+00  1.4505E+00
  2.3261E+00  1.4925E+00  1.4925E+00  1.4924E+00
  2.3420E+00  1.5363E+00  1.5363E+00  1.5361E+00
  2.3580E+00  1.5819E+00  1.5819E+00  1.5817E+00
  2.3742E+00  1.6294E+00  1.6294E+00  1.6292E+00
  2.3904E+00  1.6790E+00  1.6790E+00  1.6787E+00
  2.4068E+00  1.7307E+00  1.7307E+00  1.7304E+00
  2.4232E+00  1.7847E+00  1.7847E+00  1.7844E+00
