 # l=           2 basis function with energy   -0.12993217161703180     
  0.0000E+00  0.0000E+00  0.0000E+00  0.0000E+00
  6.5668E-07  1.3906E-14  1.3385E-19 -1.9072E-17
  1.3178E-06  8.4744E-14  1.0818E-18 -1.5415E-16
  1.9835E-06  2.4483E-13  3.6888E-18 -5.2560E-16
  2.6538E-06  5.2109E-13  8.8340E-18 -1.2587E-15
  3.3286E-06  9.3806E-13  1.7432E-17 -2.4839E-15
  4.0081E-06  1.5190E-12  3.0434E-17 -4.3365E-15
  4.6922E-06  2.2864E-12  4.8829E-17 -6.9575E-15
  5.3809E-06  3.2623E-12  7.3643E-17 -1.0493E-14
  6.0744E-06  4.4684E-12  1.0594E-16 -1.5095E-14
  6.7726E-06  5.9264E-12  1.4684E-16 -2.0922E-14
  7.4756E-06  7.6578E-12  1.9747E-16 -2.8137E-14
  8.1834E-06  9.6844E-12  2.5904E-16 -3.6910E-14
  8.8961E-06  1.2028E-11  3.3278E-16 -4.7417E-14
  9.6136E-06  1.4711E-11  4.1997E-16 -5.9841E-14
  1.0336E-05  1.7755E-11  5.2194E-16 -7.4370E-14
  1.1063E-05  2.1182E-11  6.4007E-16 -9.1202E-14
  1.1796E-05  2.5017E-11  7.7578E-16 -1.1054E-13
  1.2533E-05  2.9281E-11  9.3055E-16 -1.3259E-13
  1.3276E-05  3.3999E-11  1.1059E-15 -1.5758E-13
  1.4023E-05  3.9195E-11  1.3034E-15 -1.8572E-13
  1.4776E-05  4.4892E-11  1.5247E-15 -2.1726E-13
  1.5533E-05  5.1117E-11  1.7716E-15 -2.5242E-13
  1.6296E-05  5.7893E-11  2.0456E-15 -2.9147E-13
  1.7064E-05  6.5247E-11  2.3487E-15 -3.3467E-13
  1.7838E-05  7.3206E-11  2.6828E-15 -3.8226E-13
  1.8617E-05  8.1795E-11  3.0497E-15 -4.3454E-13
  1.9401E-05  9.1043E-11  3.4514E-15 -4.9179E-13
  2.0190E-05  1.0098E-10  3.8901E-15 -5.5429E-13
  2.0985E-05  1.1163E-10  4.3678E-15 -6.2236E-13
  2.1785E-05  1.2302E-10  4.8868E-15 -6.9631E-13
  2.2591E-05  1.3519E-10  5.4493E-15 -7.7646E-13
  2.3402E-05  1.4816E-10  6.0577E-15 -8.6314E-13
  2.4218E-05  1.6196E-10  6.7143E-15 -9.5670E-13
  2.5041E-05  1.7664E-10  7.4217E-15 -1.0575E-12
  2.5869E-05  1.9221E-10  8.1825E-15 -1.1659E-12
  2.6702E-05  2.0872E-10  8.9993E-15 -1.2823E-12
  2.7542E-05  2.2619E-10  9.8749E-15 -1.4070E-12
  2.8387E-05  2.4466E-10  1.0812E-14 -1.5406E-12
  2.9238E-05  2.6417E-10  1.1814E-14 -1.6833E-12
  3.0094E-05  2.8475E-10  1.2883E-14 -1.8356E-12
  3.0957E-05  3.0644E-10  1.4023E-14 -1.9980E-12
  3.1825E-05  3.2928E-10  1.5236E-14 -2.1709E-12
  3.2700E-05  3.5330E-10  1.6527E-14 -2.3548E-12
  3.3580E-05  3.7855E-10  1.7898E-14 -2.5502E-12
  3.4466E-05  4.0506E-10  1.9353E-14 -2.7575E-12
  3.5359E-05  4.3288E-10  2.0895E-14 -2.9773E-12
  3.6257E-05  4.6205E-10  2.2529E-14 -3.2101E-12
  3.7162E-05  4.9261E-10  2.4258E-14 -3.4564E-12
  3.8073E-05  5.2460E-10  2.6086E-14 -3.7169E-12
  3.8990E-05  5.5808E-10  2.8016E-14 -3.9920E-12
  3.9913E-05  5.9308E-10  3.0054E-14 -4.2824E-12
  4.0843E-05  6.2965E-10  3.2204E-14 -4.5886E-12
  4.1779E-05  6.6785E-10  3.4469E-14 -4.9114E-12
  4.2721E-05  7.0772E-10  3.6855E-14 -5.2513E-12
  4.3670E-05  7.4930E-10  3.9365E-14 -5.6091E-12
  4.4626E-05  7.9266E-10  4.2006E-14 -5.9853E-12
  4.5588E-05  8.3785E-10  4.4781E-14 -6.3808E-12
  4.6556E-05  8.8491E-10  4.7696E-14 -6.7961E-12
  4.7531E-05  9.3390E-10  5.0757E-14 -7.2322E-12
  4.8513E-05  9.8489E-10  5.3967E-14 -7.6897E-12
  4.9501E-05  1.0379E-09  5.7334E-14 -8.1694E-12
  5.0497E-05  1.0931E-09  6.0862E-14 -8.6721E-12
  5.1499E-05  1.1504E-09  6.4558E-14 -9.1987E-12
  5.2508E-05  1.2099E-09  6.8427E-14 -9.7500E-12
  5.3523E-05  1.2717E-09  7.2476E-14 -1.0327E-11
  5.4546E-05  1.3358E-09  7.6710E-14 -1.0930E-11
  5.5576E-05  1.4024E-09  8.1137E-14 -1.1561E-11
  5.6613E-05  1.4715E-09  8.5764E-14 -1.2220E-11
  5.7657E-05  1.5431E-09  9.0596E-14 -1.2909E-11
  5.8708E-05  1.6173E-09  9.5641E-14 -1.3628E-11
  5.9766E-05  1.6943E-09  1.0091E-13 -1.4378E-11
  6.0831E-05  1.7740E-09  1.0640E-13 -1.5161E-11
  6.1904E-05  1.8565E-09  1.1213E-13 -1.5977E-11
  6.2984E-05  1.9419E-09  1.1810E-13 -1.6828E-11
  6.4072E-05  2.0304E-09  1.2433E-13 -1.7715E-11
  6.5167E-05  2.1219E-09  1.3081E-13 -1.8639E-11
  6.6269E-05  2.2165E-09  1.3756E-13 -1.9601E-11
  6.7379E-05  2.3144E-09  1.4459E-13 -2.0602E-11
  6.8497E-05  2.4156E-09  1.5190E-13 -2.1644E-11
  6.9622E-05  2.5203E-09  1.5951E-13 -2.2729E-11
  7.0755E-05  2.6284E-09  1.6743E-13 -2.3856E-11
  7.1895E-05  2.7401E-09  1.7565E-13 -2.5029E-11
  7.3044E-05  2.8554E-09  1.8421E-13 -2.6247E-11
  7.4200E-05  2.9746E-09  1.9309E-13 -2.7514E-11
  7.5364E-05  3.0976E-09  2.0233E-13 -2.8829E-11
  7.6536E-05  3.2246E-09  2.1192E-13 -3.0195E-11
  7.7717E-05  3.3556E-09  2.2187E-13 -3.1614E-11
  7.8905E-05  3.4908E-09  2.3220E-13 -3.3086E-11
  8.0101E-05  3.6302E-09  2.4293E-13 -3.4614E-11
  8.1306E-05  3.7741E-09  2.5405E-13 -3.6199E-11
  8.2519E-05  3.9224E-09  2.6559E-13 -3.7843E-11
  8.3740E-05  4.0753E-09  2.7756E-13 -3.9548E-11
  8.4969E-05  4.2329E-09  2.8996E-13 -4.1316E-11
  8.6207E-05  4.3954E-09  3.0282E-13 -4.3148E-11
  8.7453E-05  4.5628E-09  3.1615E-13 -4.5047E-11
  8.8708E-05  4.7352E-09  3.2995E-13 -4.7014E-11
  8.9971E-05  4.9129E-09  3.4425E-13 -4.9051E-11
  9.1244E-05  5.0959E-09  3.5906E-13 -5.1161E-11
  9.2524E-05  5.2843E-09  3.7439E-13 -5.3346E-11
  9.3814E-05  5.4782E-09  3.9027E-13 -5.5608E-11
  9.5112E-05  5.6779E-09  4.0669E-13 -5.7949E-11
  9.6419E-05  5.8834E-09  4.2369E-13 -6.0371E-11
  9.7736E-05  6.0950E-09  4.4128E-13 -6.2877E-11
  9.9061E-05  6.3126E-09  4.5948E-13 -6.5470E-11
  1.0040E-04  6.5365E-09  4.7829E-13 -6.8151E-11
  1.0174E-04  6.7669E-09  4.9775E-13 -7.0923E-11
  1.0309E-04  7.0038E-09  5.1787E-13 -7.3790E-11
  1.0445E-04  7.2474E-09  5.3866E-13 -7.6753E-11
  1.0582E-04  7.4979E-09  5.6016E-13 -7.9815E-11
  1.0720E-04  7.7555E-09  5.8237E-13 -8.2980E-11
  1.0859E-04  8.0203E-09  6.0531E-13 -8.6249E-11
  1.0999E-04  8.2925E-09  6.2902E-13 -8.9627E-11
  1.1140E-04  8.5722E-09  6.5350E-13 -9.3116E-11
  1.1282E-04  8.8597E-09  6.7879E-13 -9.6719E-11
  1.1425E-04  9.1550E-09  7.0490E-13 -1.0044E-10
  1.1569E-04  9.4585E-09  7.3185E-13 -1.0428E-10
  1.1714E-04  9.7702E-09  7.5968E-13 -1.0824E-10
  1.1859E-04  1.0090E-08  7.8840E-13 -1.1234E-10
  1.2006E-04  1.0419E-08  8.1803E-13 -1.1656E-10
  1.2154E-04  1.0757E-08  8.4862E-13 -1.2092E-10
  1.2303E-04  1.1104E-08  8.8017E-13 -1.2541E-10
  1.2453E-04  1.1460E-08  9.1271E-13 -1.3005E-10
  1.2603E-04  1.1825E-08  9.4629E-13 -1.3483E-10
  1.2755E-04  1.2201E-08  9.8091E-13 -1.3977E-10
  1.2908E-04  1.2586E-08  1.0166E-12 -1.4485E-10
  1.3062E-04  1.2981E-08  1.0534E-12 -1.5010E-10
  1.3217E-04  1.3387E-08  1.0914E-12 -1.5551E-10
  1.3373E-04  1.3803E-08  1.1305E-12 -1.6108E-10
  1.3530E-04  1.4230E-08  1.1708E-12 -1.6683E-10
  1.3689E-04  1.4668E-08  1.2124E-12 -1.7275E-10
  1.3848E-04  1.5118E-08  1.2552E-12 -1.7885E-10
  1.4008E-04  1.5579E-08  1.2993E-12 -1.8513E-10
  1.4170E-04  1.6052E-08  1.3448E-12 -1.9161E-10
  1.4332E-04  1.6537E-08  1.3916E-12 -1.9828E-10
  1.4496E-04  1.7035E-08  1.4398E-12 -2.0516E-10
  1.4661E-04  1.7545E-08  1.4895E-12 -2.1223E-10
  1.4827E-04  1.8068E-08  1.5406E-12 -2.1952E-10
  1.4994E-04  1.8604E-08  1.5933E-12 -2.2703E-10
  1.5162E-04  1.9154E-08  1.6475E-12 -2.3475E-10
  1.5331E-04  1.9718E-08  1.7034E-12 -2.4271E-10
  1.5502E-04  2.0295E-08  1.7609E-12 -2.5090E-10
  1.5674E-04  2.0887E-08  1.8200E-12 -2.5933E-10
  1.5847E-04  2.1494E-08  1.8809E-12 -2.6800E-10
  1.6021E-04  2.2116E-08  1.9436E-12 -2.7693E-10
  1.6196E-04  2.2754E-08  2.0080E-12 -2.8612E-10
  1.6372E-04  2.3407E-08  2.0744E-12 -2.9557E-10
  1.6550E-04  2.4076E-08  2.1426E-12 -3.0530E-10
  1.6729E-04  2.4761E-08  2.2129E-12 -3.1531E-10
  1.6909E-04  2.5464E-08  2.2851E-12 -3.2560E-10
  1.7090E-04  2.6183E-08  2.3594E-12 -3.3619E-10
  1.7273E-04  2.6920E-08  2.4358E-12 -3.4708E-10
  1.7457E-04  2.7675E-08  2.5144E-12 -3.5827E-10
  1.7642E-04  2.8448E-08  2.5953E-12 -3.6979E-10
  1.7828E-04  2.9240E-08  2.6784E-12 -3.8163E-10
  1.8016E-04  3.0051E-08  2.7638E-12 -3.9381E-10
  1.8205E-04  3.0881E-08  2.8517E-12 -4.0633E-10
  1.8395E-04  3.1732E-08  2.9420E-12 -4.1919E-10
  1.8586E-04  3.2602E-08  3.0348E-12 -4.3242E-10
  1.8779E-04  3.3493E-08  3.1302E-12 -4.4602E-10
  1.8973E-04  3.4406E-08  3.2283E-12 -4.5999E-10
  1.9169E-04  3.5340E-08  3.3291E-12 -4.7435E-10
  1.9365E-04  3.6297E-08  3.4327E-12 -4.8911E-10
  1.9563E-04  3.7275E-08  3.5391E-12 -5.0428E-10
  1.9763E-04  3.8277E-08  3.6485E-12 -5.1986E-10
  1.9964E-04  3.9303E-08  3.7609E-12 -5.3587E-10
  2.0166E-04  4.0353E-08  3.8763E-12 -5.5232E-10
  2.0370E-04  4.1427E-08  3.9949E-12 -5.6922E-10
  2.0575E-04  4.2526E-08  4.1167E-12 -5.8658E-10
  2.0781E-04  4.3651E-08  4.2419E-12 -6.0441E-10
  2.0989E-04  4.4802E-08  4.3704E-12 -6.2273E-10
  2.1198E-04  4.5980E-08  4.5024E-12 -6.4154E-10
  2.1409E-04  4.7185E-08  4.6380E-12 -6.6085E-10
  2.1621E-04  4.8418E-08  4.7772E-12 -6.8069E-10
  2.1834E-04  4.9679E-08  4.9201E-12 -7.0106E-10
  2.2049E-04  5.0969E-08  5.0669E-12 -7.2197E-10
  2.2266E-04  5.2289E-08  5.2176E-12 -7.4345E-10
  2.2484E-04  5.3640E-08  5.3724E-12 -7.6550E-10
  2.2703E-04  5.5021E-08  5.5312E-12 -7.8813E-10
  2.2924E-04  5.6433E-08  5.6943E-12 -8.1137E-10
  2.3147E-04  5.7878E-08  5.8617E-12 -8.3522E-10
  2.3371E-04  5.9356E-08  6.0335E-12 -8.5970E-10
  2.3596E-04  6.0867E-08  6.2099E-12 -8.8483E-10
  2.3823E-04  6.2413E-08  6.3909E-12 -9.1062E-10
  2.4052E-04  6.3993E-08  6.5766E-12 -9.3709E-10
  2.4282E-04  6.5610E-08  6.7673E-12 -9.6425E-10
  2.4514E-04  6.7262E-08  6.9629E-12 -9.9212E-10
  2.4747E-04  6.8952E-08  7.1636E-12 -1.0207E-09
  2.4982E-04  7.0680E-08  7.3696E-12 -1.0501E-09
  2.5219E-04  7.2447E-08  7.5809E-12 -1.0802E-09
  2.5457E-04  7.4253E-08  7.7977E-12 -1.1111E-09
  2.5697E-04  7.6099E-08  8.0201E-12 -1.1428E-09
  2.5938E-04  7.7987E-08  8.2483E-12 -1.1753E-09
  2.6181E-04  7.9916E-08  8.4824E-12 -1.2086E-09
  2.6426E-04  8.1889E-08  8.7225E-12 -1.2428E-09
  2.6672E-04  8.3905E-08  8.9688E-12 -1.2779E-09
  2.6920E-04  8.5967E-08  9.2214E-12 -1.3139E-09
  2.7170E-04  8.8073E-08  9.4805E-12 -1.3509E-09
  2.7422E-04  9.0227E-08  9.7462E-12 -1.3887E-09
  2.7675E-04  9.2427E-08  1.0019E-11 -1.4275E-09
  2.7930E-04  9.4677E-08  1.0298E-11 -1.4674E-09
  2.8186E-04  9.6975E-08  1.0585E-11 -1.5082E-09
  2.8445E-04  9.9325E-08  1.0879E-11 -1.5501E-09
  2.8705E-04  1.0173E-07  1.1180E-11 -1.5930E-09
  2.8967E-04  1.0418E-07  1.1489E-11 -1.6370E-09
  2.9231E-04  1.0669E-07  1.1806E-11 -1.6822E-09
  2.9497E-04  1.0925E-07  1.2130E-11 -1.7284E-09
  2.9764E-04  1.1186E-07  1.2463E-11 -1.7759E-09
  3.0033E-04  1.1454E-07  1.2805E-11 -1.8245E-09
  3.0304E-04  1.1727E-07  1.3154E-11 -1.8743E-09
  3.0577E-04  1.2006E-07  1.3513E-11 -1.9254E-09
  3.0852E-04  1.2292E-07  1.3881E-11 -1.9778E-09
  3.1129E-04  1.2583E-07  1.4258E-11 -2.0315E-09
  3.1407E-04  1.2881E-07  1.4644E-11 -2.0866E-09
  3.1688E-04  1.3185E-07  1.5040E-11 -2.1430E-09
  3.1970E-04  1.3496E-07  1.5445E-11 -2.2008E-09
  3.2255E-04  1.3813E-07  1.5861E-11 -2.2600E-09
  3.2541E-04  1.4137E-07  1.6287E-11 -2.3207E-09
  3.2829E-04  1.4469E-07  1.6724E-11 -2.3829E-09
  3.3119E-04  1.4807E-07  1.7171E-11 -2.4467E-09
  3.3412E-04  1.5153E-07  1.7630E-11 -2.5120E-09
  3.3706E-04  1.5506E-07  1.8100E-11 -2.5790E-09
  3.4002E-04  1.5866E-07  1.8581E-11 -2.6476E-09
  3.4300E-04  1.6234E-07  1.9074E-11 -2.7178E-09
  3.4600E-04  1.6610E-07  1.9580E-11 -2.7898E-09
  3.4903E-04  1.6994E-07  2.0097E-11 -2.8636E-09
  3.5207E-04  1.7387E-07  2.0628E-11 -2.9392E-09
  3.5514E-04  1.7787E-07  2.1171E-11 -3.0166E-09
  3.5822E-04  1.8196E-07  2.1728E-11 -3.0959E-09
  3.6133E-04  1.8614E-07  2.2298E-11 -3.1772E-09
  3.6446E-04  1.9041E-07  2.2882E-11 -3.2604E-09
  3.6761E-04  1.9477E-07  2.3481E-11 -3.3457E-09
  3.7078E-04  1.9921E-07  2.4094E-11 -3.4330E-09
  3.7397E-04  2.0376E-07  2.4721E-11 -3.5225E-09
  3.7719E-04  2.0840E-07  2.5364E-11 -3.6141E-09
  3.8042E-04  2.1313E-07  2.6023E-11 -3.7079E-09
  3.8368E-04  2.1797E-07  2.6697E-11 -3.8040E-09
  3.8696E-04  2.2290E-07  2.7388E-11 -3.9025E-09
  3.9026E-04  2.2795E-07  2.8096E-11 -4.0033E-09
  3.9359E-04  2.3309E-07  2.8820E-11 -4.1065E-09
  3.9694E-04  2.3835E-07  2.9562E-11 -4.2122E-09
  4.0031E-04  2.4371E-07  3.0322E-11 -4.3205E-09
  4.0371E-04  2.4919E-07  3.1100E-11 -4.4313E-09
  4.0712E-04  2.5478E-07  3.1896E-11 -4.5448E-09
  4.1057E-04  2.6049E-07  3.2712E-11 -4.6610E-09
  4.1403E-04  2.6632E-07  3.3547E-11 -4.7800E-09
  4.1752E-04  2.7227E-07  3.4402E-11 -4.9019E-09
  4.2103E-04  2.7834E-07  3.5278E-11 -5.0266E-09
  4.2457E-04  2.8454E-07  3.6174E-11 -5.1544E-09
  4.2813E-04  2.9087E-07  3.7092E-11 -5.2852E-09
  4.3171E-04  2.9733E-07  3.8032E-11 -5.4190E-09
  4.3532E-04  3.0392E-07  3.8994E-11 -5.5561E-09
  4.3896E-04  3.1065E-07  3.9978E-11 -5.6964E-09
  4.4262E-04  3.1752E-07  4.0987E-11 -5.8401E-09
  4.4630E-04  3.2454E-07  4.2019E-11 -5.9871E-09
  4.5001E-04  3.3169E-07  4.3075E-11 -6.1376E-09
  4.5374E-04  3.3900E-07  4.4156E-11 -6.2917E-09
  4.5750E-04  3.4645E-07  4.5263E-11 -6.4494E-09
  4.6129E-04  3.5406E-07  4.6396E-11 -6.6109E-09
  4.6510E-04  3.6183E-07  4.7556E-11 -6.7761E-09
  4.6894E-04  3.6976E-07  4.8743E-11 -6.9453E-09
  4.7280E-04  3.7784E-07  4.9958E-11 -7.1184E-09
  4.7669E-04  3.8610E-07  5.1201E-11 -7.2955E-09
  4.8061E-04  3.9453E-07  5.2474E-11 -7.4769E-09
  4.8456E-04  4.0312E-07  5.3776E-11 -7.6625E-09
  4.8853E-04  4.1190E-07  5.5109E-11 -7.8524E-09
  4.9253E-04  4.2085E-07  5.6473E-11 -8.0468E-09
  4.9655E-04  4.2999E-07  5.7870E-11 -8.2457E-09
  5.0060E-04  4.3931E-07  5.9298E-11 -8.4492E-09
  5.0468E-04  4.4883E-07  6.0760E-11 -8.6576E-09
  5.0879E-04  4.5854E-07  6.2256E-11 -8.8707E-09
  5.1293E-04  4.6845E-07  6.3787E-11 -9.0889E-09
  5.1709E-04  4.7856E-07  6.5354E-11 -9.3121E-09
  5.2129E-04  4.8888E-07  6.6957E-11 -9.5405E-09
  5.2551E-04  4.9940E-07  6.8597E-11 -9.7742E-09
  5.2976E-04  5.1014E-07  7.0275E-11 -1.0013E-08
  5.3404E-04  5.2110E-07  7.1992E-11 -1.0258E-08
  5.3835E-04  5.3229E-07  7.3749E-11 -1.0508E-08
  5.4269E-04  5.4369E-07  7.5547E-11 -1.0764E-08
  5.4706E-04  5.5534E-07  7.7386E-11 -1.1026E-08
  5.5146E-04  5.6721E-07  7.9267E-11 -1.1295E-08
  5.5589E-04  5.7933E-07  8.1192E-11 -1.1569E-08
  5.6034E-04  5.9170E-07  8.3162E-11 -1.1850E-08
  5.6483E-04  6.0431E-07  8.5177E-11 -1.2137E-08
  5.6935E-04  6.1718E-07  8.7238E-11 -1.2430E-08
  5.7390E-04  6.3031E-07  8.9347E-11 -1.2731E-08
  5.7849E-04  6.4371E-07  9.1504E-11 -1.3038E-08
  5.8310E-04  6.5737E-07  9.3711E-11 -1.3353E-08
  5.8775E-04  6.7132E-07  9.5968E-11 -1.3674E-08
  5.9242E-04  6.8554E-07  9.8277E-11 -1.4003E-08
  5.9713E-04  7.0005E-07  1.0064E-10 -1.4340E-08
  6.0187E-04  7.1485E-07  1.0306E-10 -1.4684E-08
  6.0665E-04  7.2996E-07  1.0553E-10 -1.5036E-08
  6.1145E-04  7.4536E-07  1.0806E-10 -1.5396E-08
  6.1629E-04  7.6108E-07  1.1064E-10 -1.5765E-08
  6.2116E-04  7.7711E-07  1.1329E-10 -1.6142E-08
  6.2607E-04  7.9346E-07  1.1599E-10 -1.6527E-08
  6.3101E-04  8.1014E-07  1.1876E-10 -1.6921E-08
  6.3598E-04  8.2716E-07  1.2159E-10 -1.7325E-08
  6.4099E-04  8.4452E-07  1.2448E-10 -1.7737E-08
  6.4603E-04  8.6223E-07  1.2744E-10 -1.8159E-08
  6.5110E-04  8.8029E-07  1.3047E-10 -1.8590E-08
  6.5621E-04  8.9871E-07  1.3356E-10 -1.9031E-08
  6.6136E-04  9.1750E-07  1.3673E-10 -1.9482E-08
  6.6654E-04  9.3667E-07  1.3997E-10 -1.9944E-08
  6.7175E-04  9.5623E-07  1.4328E-10 -2.0416E-08
  6.7700E-04  9.7617E-07  1.4667E-10 -2.0898E-08
  6.8229E-04  9.9651E-07  1.5013E-10 -2.1392E-08
  6.8762E-04  1.0173E-06  1.5367E-10 -2.1896E-08
  6.9298E-04  1.0384E-06  1.5729E-10 -2.2412E-08
  6.9837E-04  1.0600E-06  1.6100E-10 -2.2940E-08
  7.0381E-04  1.0820E-06  1.6478E-10 -2.3480E-08
  7.0928E-04  1.1045E-06  1.6866E-10 -2.4031E-08
  7.1478E-04  1.1274E-06  1.7262E-10 -2.4596E-08
  7.2033E-04  1.1507E-06  1.7667E-10 -2.5173E-08
  7.2591E-04  1.1746E-06  1.8081E-10 -2.5763E-08
  7.3153E-04  1.1989E-06  1.8504E-10 -2.6366E-08
  7.3720E-04  1.2236E-06  1.8937E-10 -2.6983E-08
  7.4289E-04  1.2489E-06  1.9379E-10 -2.7613E-08
  7.4863E-04  1.2747E-06  1.9832E-10 -2.8258E-08
  7.5441E-04  1.3010E-06  2.0295E-10 -2.8917E-08
  7.6023E-04  1.3278E-06  2.0768E-10 -2.9591E-08
  7.6608E-04  1.3551E-06  2.1251E-10 -3.0280E-08
  7.7198E-04  1.3830E-06  2.1746E-10 -3.0985E-08
  7.7792E-04  1.4114E-06  2.2251E-10 -3.1705E-08
  7.8389E-04  1.4404E-06  2.2768E-10 -3.2442E-08
  7.8991E-04  1.4700E-06  2.3297E-10 -3.3195E-08
  7.9597E-04  1.5002E-06  2.3837E-10 -3.3965E-08
  8.0207E-04  1.5309E-06  2.4389E-10 -3.4752E-08
  8.0822E-04  1.5623E-06  2.4954E-10 -3.5556E-08
  8.1440E-04  1.5943E-06  2.5531E-10 -3.6379E-08
  8.2063E-04  1.6269E-06  2.6121E-10 -3.7220E-08
  8.2690E-04  1.6602E-06  2.6725E-10 -3.8079E-08
  8.3321E-04  1.6941E-06  2.7341E-10 -3.8958E-08
  8.3956E-04  1.7287E-06  2.7972E-10 -3.9856E-08
  8.4596E-04  1.7640E-06  2.8616E-10 -4.0775E-08
  8.5241E-04  1.7999E-06  2.9275E-10 -4.1713E-08
  8.5889E-04  1.8366E-06  2.9949E-10 -4.2673E-08
  8.6543E-04  1.8740E-06  3.0637E-10 -4.3654E-08
  8.7200E-04  1.9122E-06  3.1341E-10 -4.4657E-08
  8.7862E-04  1.9511E-06  3.2060E-10 -4.5682E-08
  8.8529E-04  1.9907E-06  3.2795E-10 -4.6729E-08
  8.9200E-04  2.0312E-06  3.3547E-10 -4.7800E-08
  8.9876E-04  2.0724E-06  3.4315E-10 -4.8895E-08
  9.0556E-04  2.1144E-06  3.5101E-10 -5.0014E-08
  9.1241E-04  2.1573E-06  3.5903E-10 -5.1158E-08
  9.1931E-04  2.2010E-06  3.6724E-10 -5.2327E-08
  9.2626E-04  2.2456E-06  3.7562E-10 -5.3521E-08
  9.3325E-04  2.2911E-06  3.8419E-10 -5.4743E-08
  9.4029E-04  2.3374E-06  3.9295E-10 -5.5991E-08
  9.4738E-04  2.3847E-06  4.0191E-10 -5.7267E-08
  9.5451E-04  2.4329E-06  4.1106E-10 -5.8571E-08
  9.6170E-04  2.4820E-06  4.2041E-10 -5.9903E-08
  9.6893E-04  2.5321E-06  4.2997E-10 -6.1265E-08
  9.7622E-04  2.5832E-06  4.3974E-10 -6.2657E-08
  9.8355E-04  2.6353E-06  4.4973E-10 -6.4080E-08
  9.9093E-04  2.6884E-06  4.5993E-10 -6.5534E-08
  9.9837E-04  2.7426E-06  4.7036E-10 -6.7020E-08
  1.0059E-03  2.7978E-06  4.8102E-10 -6.8539E-08
  1.0134E-03  2.8541E-06  4.9191E-10 -7.0091E-08
  1.0210E-03  2.9115E-06  5.0305E-10 -7.1678E-08
  1.0286E-03  2.9700E-06  5.1442E-10 -7.3299E-08
  1.0363E-03  3.0296E-06  5.2605E-10 -7.4956E-08
  1.0441E-03  3.0905E-06  5.3793E-10 -7.6649E-08
  1.0519E-03  3.1525E-06  5.5008E-10 -7.8379E-08
  1.0597E-03  3.2157E-06  5.6249E-10 -8.0147E-08
  1.0676E-03  3.2802E-06  5.7517E-10 -8.1954E-08
  1.0756E-03  3.3459E-06  5.8813E-10 -8.3801E-08
  1.0836E-03  3.4130E-06  6.0137E-10 -8.5688E-08
  1.0916E-03  3.4813E-06  6.1491E-10 -8.7616E-08
  1.0998E-03  3.5509E-06  6.2874E-10 -8.9587E-08
  1.1080E-03  3.6220E-06  6.4287E-10 -9.1601E-08
  1.1162E-03  3.6944E-06  6.5731E-10 -9.3658E-08
  1.1245E-03  3.7682E-06  6.7207E-10 -9.5761E-08
  1.1328E-03  3.8435E-06  6.8715E-10 -9.7909E-08
  1.1412E-03  3.9202E-06  7.0255E-10 -1.0011E-07
  1.1497E-03  3.9984E-06  7.1830E-10 -1.0235E-07
  1.1582E-03  4.0782E-06  7.3439E-10 -1.0464E-07
  1.1668E-03  4.1595E-06  7.5083E-10 -1.0698E-07
  1.1754E-03  4.2424E-06  7.6763E-10 -1.0938E-07
  1.1841E-03  4.3269E-06  7.8479E-10 -1.1182E-07
  1.1929E-03  4.4131E-06  8.0233E-10 -1.1432E-07
  1.2017E-03  4.5009E-06  8.2025E-10 -1.1687E-07
  1.2106E-03  4.5905E-06  8.3856E-10 -1.1948E-07
  1.2195E-03  4.6817E-06  8.5727E-10 -1.2215E-07
  1.2285E-03  4.7748E-06  8.7638E-10 -1.2487E-07
  1.2376E-03  4.8697E-06  8.9591E-10 -1.2766E-07
  1.2467E-03  4.9664E-06  9.1587E-10 -1.3050E-07
  1.2559E-03  5.0650E-06  9.3626E-10 -1.3341E-07
  1.2651E-03  5.1656E-06  9.5709E-10 -1.3637E-07
  1.2744E-03  5.2680E-06  9.7838E-10 -1.3941E-07
  1.2838E-03  5.3725E-06  1.0001E-09 -1.4251E-07
  1.2932E-03  5.4790E-06  1.0223E-09 -1.4567E-07
  1.3027E-03  5.5876E-06  1.0450E-09 -1.4891E-07
  1.3123E-03  5.6983E-06  1.0682E-09 -1.5221E-07
  1.3219E-03  5.8111E-06  1.0919E-09 -1.5559E-07
  1.3316E-03  5.9261E-06  1.1161E-09 -1.5904E-07
  1.3414E-03  6.0434E-06  1.1409E-09 -1.6256E-07
  1.3512E-03  6.1629E-06  1.1662E-09 -1.6616E-07
  1.3611E-03  6.2848E-06  1.1920E-09 -1.6984E-07
  1.3711E-03  6.4090E-06  1.2183E-09 -1.7360E-07
  1.3811E-03  6.5357E-06  1.2453E-09 -1.7744E-07
  1.3912E-03  6.6647E-06  1.2728E-09 -1.8136E-07
  1.4014E-03  6.7963E-06  1.3009E-09 -1.8537E-07
  1.4117E-03  6.9305E-06  1.3297E-09 -1.8946E-07
  1.4220E-03  7.0672E-06  1.3590E-09 -1.9364E-07
  1.4324E-03  7.2066E-06  1.3890E-09 -1.9792E-07
  1.4428E-03  7.3487E-06  1.4197E-09 -2.0228E-07
  1.4533E-03  7.4936E-06  1.4510E-09 -2.0674E-07
  1.4639E-03  7.6413E-06  1.4829E-09 -2.1130E-07
  1.4746E-03  7.7918E-06  1.5156E-09 -2.1595E-07
  1.4853E-03  7.9452E-06  1.5489E-09 -2.2071E-07
  1.4962E-03  8.1016E-06  1.5830E-09 -2.2556E-07
  1.5070E-03  8.2611E-06  1.6179E-09 -2.3052E-07
  1.5180E-03  8.4236E-06  1.6534E-09 -2.3559E-07
  1.5291E-03  8.5893E-06  1.6898E-09 -2.4077E-07
  1.5402E-03  8.7581E-06  1.7269E-09 -2.4606E-07
  1.5514E-03  8.9303E-06  1.7648E-09 -2.5146E-07
  1.5626E-03  9.1057E-06  1.8035E-09 -2.5698E-07
  1.5740E-03  9.2846E-06  1.8431E-09 -2.6262E-07
  1.5854E-03  9.4669E-06  1.8835E-09 -2.6838E-07
  1.5969E-03  9.6528E-06  1.9248E-09 -2.7426E-07
  1.6085E-03  9.8422E-06  1.9670E-09 -2.8027E-07
  1.6201E-03  1.0035E-05  2.0101E-09 -2.8641E-07
  1.6319E-03  1.0232E-05  2.0541E-09 -2.9268E-07
  1.6437E-03  1.0433E-05  2.0990E-09 -2.9908E-07
  1.6556E-03  1.0637E-05  2.1449E-09 -3.0563E-07
  1.6676E-03  1.0846E-05  2.1918E-09 -3.1231E-07
  1.6796E-03  1.1058E-05  2.2397E-09 -3.1914E-07
  1.6918E-03  1.1275E-05  2.2887E-09 -3.2611E-07
  1.7040E-03  1.1496E-05  2.3387E-09 -3.3323E-07
  1.7163E-03  1.1721E-05  2.3897E-09 -3.4051E-07
  1.7287E-03  1.1950E-05  2.4419E-09 -3.4794E-07
  1.7412E-03  1.2184E-05  2.4952E-09 -3.5553E-07
  1.7538E-03  1.2422E-05  2.5496E-09 -3.6328E-07
  1.7664E-03  1.2665E-05  2.6052E-09 -3.7120E-07
  1.7791E-03  1.2913E-05  2.6619E-09 -3.7929E-07
  1.7920E-03  1.3165E-05  2.7199E-09 -3.8755E-07
  1.8049E-03  1.3422E-05  2.7791E-09 -3.9599E-07
  1.8179E-03  1.3685E-05  2.8396E-09 -4.0461E-07
  1.8310E-03  1.3952E-05  2.9014E-09 -4.1341E-07
  1.8442E-03  1.4224E-05  2.9645E-09 -4.2241E-07
  1.8574E-03  1.4502E-05  3.0290E-09 -4.3159E-07
  1.8708E-03  1.4785E-05  3.0948E-09 -4.4097E-07
  1.8842E-03  1.5074E-05  3.1621E-09 -4.5055E-07
  1.8978E-03  1.5368E-05  3.2307E-09 -4.6034E-07
  1.9114E-03  1.5667E-05  3.3009E-09 -4.7033E-07
  1.9252E-03  1.5973E-05  3.3725E-09 -4.8054E-07
  1.9390E-03  1.6284E-05  3.4457E-09 -4.9097E-07
  1.9529E-03  1.6601E-05  3.5205E-09 -5.0162E-07
  1.9669E-03  1.6925E-05  3.5968E-09 -5.1250E-07
  1.9810E-03  1.7255E-05  3.6748E-09 -5.2361E-07
  1.9952E-03  1.7591E-05  3.7544E-09 -5.3495E-07
  2.0095E-03  1.7933E-05  3.8357E-09 -5.4654E-07
  2.0239E-03  1.8282E-05  3.9188E-09 -5.5837E-07
  2.0384E-03  1.8638E-05  4.0036E-09 -5.7046E-07
  2.0530E-03  1.9001E-05  4.0902E-09 -5.8281E-07
  2.0677E-03  1.9370E-05  4.1787E-09 -5.9541E-07
  2.0825E-03  1.9747E-05  4.2691E-09 -6.0829E-07
  2.0974E-03  2.0131E-05  4.3614E-09 -6.2144E-07
  2.1124E-03  2.0522E-05  4.4556E-09 -6.3487E-07
  2.1275E-03  2.0921E-05  4.5519E-09 -6.4859E-07
  2.1428E-03  2.1328E-05  4.6502E-09 -6.6260E-07
  2.1581E-03  2.1742E-05  4.7506E-09 -6.7691E-07
  2.1735E-03  2.2164E-05  4.8532E-09 -6.9152E-07
  2.1890E-03  2.2595E-05  4.9579E-09 -7.0644E-07
  2.2046E-03  2.3034E-05  5.0649E-09 -7.2168E-07
  2.2204E-03  2.3481E-05  5.1741E-09 -7.3724E-07
  2.2362E-03  2.3936E-05  5.2857E-09 -7.5314E-07
  2.2522E-03  2.4401E-05  5.3996E-09 -7.6937E-07
  2.2682E-03  2.4874E-05  5.5159E-09 -7.8595E-07
  2.2844E-03  2.5357E-05  5.6347E-09 -8.0288E-07
  2.3007E-03  2.5848E-05  5.7561E-09 -8.2017E-07
  2.3171E-03  2.6350E-05  5.8800E-09 -8.3782E-07
  2.3336E-03  2.6860E-05  6.0066E-09 -8.5586E-07
  2.3502E-03  2.7381E-05  6.1358E-09 -8.7427E-07
  2.3669E-03  2.7911E-05  6.2678E-09 -8.9308E-07
  2.3838E-03  2.8452E-05  6.4026E-09 -9.1228E-07
  2.4007E-03  2.9003E-05  6.5402E-09 -9.3189E-07
  2.4178E-03  2.9565E-05  6.6808E-09 -9.5192E-07
  2.4350E-03  3.0137E-05  6.8243E-09 -9.7238E-07
  2.4523E-03  3.0721E-05  6.9709E-09 -9.9326E-07
  2.4697E-03  3.1315E-05  7.1206E-09 -1.0146E-06
  2.4873E-03  3.1921E-05  7.2735E-09 -1.0364E-06
  2.5050E-03  3.2539E-05  7.4296E-09 -1.0586E-06
  2.5228E-03  3.3168E-05  7.5890E-09 -1.0813E-06
  2.5407E-03  3.3810E-05  7.7518E-09 -1.1045E-06
  2.5587E-03  3.4463E-05  7.9181E-09 -1.1282E-06
  2.5769E-03  3.5130E-05  8.0878E-09 -1.1524E-06
  2.5951E-03  3.5809E-05  8.2612E-09 -1.1771E-06
  2.6136E-03  3.6501E-05  8.4382E-09 -1.2023E-06
  2.6321E-03  3.7206E-05  8.6190E-09 -1.2281E-06
  2.6507E-03  3.7925E-05  8.8036E-09 -1.2544E-06
  2.6695E-03  3.8657E-05  8.9921E-09 -1.2813E-06
  2.6884E-03  3.9404E-05  9.1846E-09 -1.3087E-06
  2.7075E-03  4.0165E-05  9.3812E-09 -1.3367E-06
  2.7267E-03  4.0940E-05  9.5820E-09 -1.3653E-06
  2.7460E-03  4.1730E-05  9.7869E-09 -1.3945E-06
  2.7654E-03  4.2535E-05  9.9963E-09 -1.4243E-06
  2.7850E-03  4.3356E-05  1.0210E-08 -1.4548E-06
  2.8047E-03  4.4192E-05  1.0428E-08 -1.4859E-06
  2.8245E-03  4.5045E-05  1.0651E-08 -1.5177E-06
  2.8445E-03  4.5913E-05  1.0879E-08 -1.5501E-06
  2.8646E-03  4.6798E-05  1.1111E-08 -1.5832E-06
  2.8849E-03  4.7700E-05  1.1348E-08 -1.6170E-06
  2.9053E-03  4.8620E-05  1.1591E-08 -1.6515E-06
  2.9258E-03  4.9557E-05  1.1838E-08 -1.6868E-06
  2.9465E-03  5.0511E-05  1.2091E-08 -1.7228E-06
  2.9673E-03  5.1484E-05  1.2349E-08 -1.7596E-06
  2.9882E-03  5.2476E-05  1.2612E-08 -1.7971E-06
  3.0093E-03  5.3486E-05  1.2881E-08 -1.8354E-06
  3.0306E-03  5.4516E-05  1.3156E-08 -1.8746E-06
  3.0519E-03  5.5566E-05  1.3436E-08 -1.9145E-06
  3.0735E-03  5.6635E-05  1.3723E-08 -1.9553E-06
  3.0951E-03  5.7725E-05  1.4015E-08 -1.9970E-06
  3.1170E-03  5.8835E-05  1.4314E-08 -2.0395E-06
  3.1390E-03  5.9967E-05  1.4619E-08 -2.0830E-06
  3.1611E-03  6.1120E-05  1.4930E-08 -2.1273E-06
  3.1834E-03  6.2296E-05  1.5248E-08 -2.1726E-06
  3.2058E-03  6.3493E-05  1.5573E-08 -2.2189E-06
  3.2284E-03  6.4714E-05  1.5904E-08 -2.2661E-06
  3.2511E-03  6.5958E-05  1.6242E-08 -2.3143E-06
  3.2740E-03  6.7225E-05  1.6588E-08 -2.3636E-06
  3.2971E-03  6.8516E-05  1.6941E-08 -2.4138E-06
  3.3203E-03  6.9833E-05  1.7301E-08 -2.4652E-06
  3.3436E-03  7.1174E-05  1.7669E-08 -2.5176E-06
  3.3672E-03  7.2540E-05  1.8045E-08 -2.5711E-06
  3.3908E-03  7.3933E-05  1.8428E-08 -2.6258E-06
  3.4147E-03  7.5352E-05  1.8820E-08 -2.6815E-06
  3.4387E-03  7.6798E-05  1.9219E-08 -2.7385E-06
  3.4629E-03  7.8272E-05  1.9628E-08 -2.7967E-06
  3.4872E-03  7.9774E-05  2.0045E-08 -2.8561E-06
  3.5117E-03  8.1304E-05  2.0470E-08 -2.9167E-06
  3.5364E-03  8.2863E-05  2.0905E-08 -2.9786E-06
  3.5613E-03  8.4452E-05  2.1348E-08 -3.0419E-06
  3.5863E-03  8.6071E-05  2.1801E-08 -3.1064E-06
  3.6115E-03  8.7721E-05  2.2264E-08 -3.1723E-06
  3.6368E-03  8.9402E-05  2.2736E-08 -3.2396E-06
  3.6623E-03  9.1115E-05  2.3218E-08 -3.3083E-06
  3.6881E-03  9.2860E-05  2.3711E-08 -3.3785E-06
  3.7139E-03  9.4639E-05  2.4214E-08 -3.4501E-06
  3.7400E-03  9.6451E-05  2.4727E-08 -3.5232E-06
  3.7662E-03  9.8298E-05  2.5251E-08 -3.5979E-06
  3.7926E-03  1.0018E-04  2.5786E-08 -3.6742E-06
  3.8192E-03  1.0210E-04  2.6332E-08 -3.7520E-06
  3.8460E-03  1.0405E-04  2.6890E-08 -3.8315E-06
  3.8730E-03  1.0604E-04  2.7460E-08 -3.9126E-06
  3.9001E-03  1.0807E-04  2.8041E-08 -3.9955E-06
  3.9275E-03  1.1014E-04  2.8635E-08 -4.0801E-06
  3.9550E-03  1.1224E-04  2.9241E-08 -4.1664E-06
  3.9827E-03  1.1439E-04  2.9860E-08 -4.2546E-06
  4.0106E-03  1.1658E-04  3.0492E-08 -4.3447E-06
  4.0387E-03  1.1880E-04  3.1137E-08 -4.4366E-06
  4.0670E-03  1.2107E-04  3.1796E-08 -4.5304E-06
  4.0954E-03  1.2339E-04  3.2468E-08 -4.6263E-06
  4.1241E-03  1.2574E-04  3.3155E-08 -4.7241E-06
  4.1530E-03  1.2814E-04  3.3856E-08 -4.8240E-06
  4.1820E-03  1.3059E-04  3.4571E-08 -4.9260E-06
  4.2113E-03  1.3308E-04  3.5302E-08 -5.0301E-06
  4.2408E-03  1.3562E-04  3.6048E-08 -5.1364E-06
  4.2704E-03  1.3821E-04  3.6810E-08 -5.2449E-06
  4.3003E-03  1.4085E-04  3.7588E-08 -5.3558E-06
  4.3304E-03  1.4354E-04  3.8382E-08 -5.4689E-06
  4.3606E-03  1.4627E-04  3.9192E-08 -5.5844E-06
  4.3911E-03  1.4906E-04  4.0020E-08 -5.7023E-06
  4.4218E-03  1.5190E-04  4.0865E-08 -5.8227E-06
  4.4527E-03  1.5480E-04  4.1728E-08 -5.9457E-06
  4.4838E-03  1.5775E-04  4.2609E-08 -6.0712E-06
  4.5151E-03  1.6075E-04  4.3508E-08 -6.1993E-06
  4.5467E-03  1.6381E-04  4.4426E-08 -6.3301E-06
  4.5784E-03  1.6693E-04  4.5363E-08 -6.4637E-06
  4.6104E-03  1.7011E-04  4.6321E-08 -6.6000E-06
  4.6426E-03  1.7335E-04  4.7298E-08 -6.7393E-06
  4.6750E-03  1.7665E-04  4.8295E-08 -6.8814E-06
  4.7076E-03  1.8001E-04  4.9313E-08 -7.0265E-06
  4.7405E-03  1.8343E-04  5.0353E-08 -7.1746E-06
  4.7736E-03  1.8692E-04  5.1415E-08 -7.3259E-06
  4.8069E-03  1.9048E-04  5.2498E-08 -7.4803E-06
  4.8404E-03  1.9410E-04  5.3605E-08 -7.6380E-06
  4.8742E-03  1.9779E-04  5.4735E-08 -7.7989E-06
  4.9082E-03  2.0155E-04  5.5888E-08 -7.9632E-06
  4.9424E-03  2.0538E-04  5.7065E-08 -8.1310E-06
  4.9769E-03  2.0928E-04  5.8267E-08 -8.3023E-06
  5.0116E-03  2.1325E-04  5.9494E-08 -8.4771E-06
  5.0465E-03  2.1730E-04  6.0747E-08 -8.6556E-06
  5.0817E-03  2.2142E-04  6.2026E-08 -8.8379E-06
  5.1171E-03  2.2562E-04  6.3332E-08 -9.0240E-06
  5.1528E-03  2.2991E-04  6.4665E-08 -9.2139E-06
  5.1887E-03  2.3427E-04  6.6026E-08 -9.4078E-06
  5.2248E-03  2.3871E-04  6.7416E-08 -9.6058E-06
  5.2612E-03  2.4323E-04  6.8834E-08 -9.8080E-06
  5.2978E-03  2.4784E-04  7.0283E-08 -1.0014E-05
  5.3347E-03  2.5254E-04  7.1761E-08 -1.0225E-05
  5.3719E-03  2.5732E-04  7.3271E-08 -1.0440E-05
  5.4093E-03  2.6220E-04  7.4812E-08 -1.0660E-05
  5.4469E-03  2.6716E-04  7.6385E-08 -1.0884E-05
  5.4848E-03  2.7222E-04  7.7991E-08 -1.1113E-05
  5.5230E-03  2.7737E-04  7.9631E-08 -1.1346E-05
  5.5614E-03  2.8262E-04  8.1305E-08 -1.1585E-05
  5.6001E-03  2.8797E-04  8.3014E-08 -1.1828E-05
  5.6391E-03  2.9341E-04  8.4758E-08 -1.2077E-05
  5.6783E-03  2.9896E-04  8.6540E-08 -1.2331E-05
  5.7178E-03  3.0461E-04  8.8358E-08 -1.2590E-05
  5.7576E-03  3.1037E-04  9.0214E-08 -1.2854E-05
  5.7976E-03  3.1623E-04  9.2109E-08 -1.3124E-05
  5.8379E-03  3.2220E-04  9.4044E-08 -1.3400E-05
  5.8785E-03  3.2829E-04  9.6019E-08 -1.3681E-05
  5.9194E-03  3.3448E-04  9.8036E-08 -1.3969E-05
  5.9605E-03  3.4080E-04  1.0009E-07 -1.4262E-05
  6.0020E-03  3.4723E-04  1.0220E-07 -1.4561E-05
  6.0437E-03  3.5377E-04  1.0434E-07 -1.4867E-05
  6.0857E-03  3.6045E-04  1.0653E-07 -1.5179E-05
  6.1279E-03  3.6724E-04  1.0877E-07 -1.5498E-05
  6.1705E-03  3.7416E-04  1.1105E-07 -1.5823E-05
  6.2134E-03  3.8121E-04  1.1338E-07 -1.6155E-05
  6.2565E-03  3.8839E-04  1.1576E-07 -1.6494E-05
  6.3000E-03  3.9570E-04  1.1819E-07 -1.6840E-05
  6.3437E-03  4.0315E-04  1.2067E-07 -1.7193E-05
  6.3878E-03  4.1074E-04  1.2320E-07 -1.7554E-05
  6.4321E-03  4.1847E-04  1.2578E-07 -1.7922E-05
  6.4768E-03  4.2634E-04  1.2842E-07 -1.8298E-05
  6.5217E-03  4.3435E-04  1.3111E-07 -1.8681E-05
  6.5670E-03  4.4251E-04  1.3386E-07 -1.9073E-05
  6.6126E-03  4.5083E-04  1.3667E-07 -1.9473E-05
  6.6585E-03  4.5930E-04  1.3953E-07 -1.9881E-05
  6.7047E-03  4.6792E-04  1.4246E-07 -2.0298E-05
  6.7512E-03  4.7671E-04  1.4544E-07 -2.0723E-05
  6.7980E-03  4.8565E-04  1.4849E-07 -2.1158E-05
  6.8452E-03  4.9476E-04  1.5160E-07 -2.1601E-05
  6.8926E-03  5.0404E-04  1.5478E-07 -2.2053E-05
  6.9404E-03  5.1349E-04  1.5802E-07 -2.2515E-05
  6.9886E-03  5.2312E-04  1.6133E-07 -2.2987E-05
  7.0370E-03  5.3292E-04  1.6471E-07 -2.3469E-05
  7.0858E-03  5.4290E-04  1.6816E-07 -2.3960E-05
  7.1349E-03  5.5306E-04  1.7168E-07 -2.4462E-05
  7.1844E-03  5.6341E-04  1.7527E-07 -2.4974E-05
  7.2342E-03  5.7396E-04  1.7894E-07 -2.5497E-05
  7.2843E-03  5.8469E-04  1.8269E-07 -2.6031E-05
  7.3348E-03  5.9562E-04  1.8652E-07 -2.6576E-05
  7.3856E-03  6.0676E-04  1.9042E-07 -2.7132E-05
  7.4368E-03  6.1809E-04  1.9441E-07 -2.7700E-05
  7.4883E-03  6.2964E-04  1.9847E-07 -2.8280E-05
  7.5402E-03  6.4139E-04  2.0263E-07 -2.8871E-05
  7.5924E-03  6.5337E-04  2.0687E-07 -2.9475E-05
  7.6450E-03  6.6556E-04  2.1120E-07 -3.0092E-05
  7.6980E-03  6.7797E-04  2.1561E-07 -3.0722E-05
  7.7513E-03  6.9061E-04  2.2012E-07 -3.1364E-05
  7.8050E-03  7.0348E-04  2.2473E-07 -3.2020E-05
  7.8590E-03  7.1658E-04  2.2943E-07 -3.2690E-05
  7.9134E-03  7.2993E-04  2.3423E-07 -3.3374E-05
  7.9682E-03  7.4352E-04  2.3913E-07 -3.4072E-05
  8.0234E-03  7.5735E-04  2.4413E-07 -3.4784E-05
  8.0789E-03  7.7144E-04  2.4923E-07 -3.5511E-05
  8.1348E-03  7.8578E-04  2.5444E-07 -3.6254E-05
  8.1911E-03  8.0039E-04  2.5976E-07 -3.7012E-05
  8.2478E-03  8.1526E-04  2.6519E-07 -3.7785E-05
  8.3049E-03  8.3040E-04  2.7073E-07 -3.8575E-05
  8.3623E-03  8.4582E-04  2.7639E-07 -3.9381E-05
  8.4202E-03  8.6151E-04  2.8217E-07 -4.0204E-05
  8.4784E-03  8.7749E-04  2.8806E-07 -4.1045E-05
  8.5371E-03  8.9376E-04  2.9408E-07 -4.1902E-05
  8.5961E-03  9.1032E-04  3.0023E-07 -4.2778E-05
  8.6556E-03  9.2719E-04  3.0650E-07 -4.3671E-05
  8.7154E-03  9.4436E-04  3.1290E-07 -4.4584E-05
  8.7757E-03  9.6184E-04  3.1944E-07 -4.5515E-05
  8.8364E-03  9.7963E-04  3.2611E-07 -4.6466E-05
  8.8975E-03  9.9775E-04  3.3292E-07 -4.7436E-05
  8.9590E-03  1.0162E-03  3.3987E-07 -4.8427E-05
  9.0209E-03  1.0350E-03  3.4697E-07 -4.9438E-05
  9.0833E-03  1.0541E-03  3.5422E-07 -5.0470E-05
  9.1461E-03  1.0735E-03  3.6161E-07 -5.1524E-05
  9.2093E-03  1.0933E-03  3.6916E-07 -5.2600E-05
  9.2729E-03  1.1135E-03  3.7687E-07 -5.3698E-05
  9.3370E-03  1.1340E-03  3.8474E-07 -5.4819E-05
  9.4015E-03  1.1549E-03  3.9277E-07 -5.5963E-05
  9.4665E-03  1.1762E-03  4.0097E-07 -5.7131E-05
  9.5319E-03  1.1979E-03  4.0933E-07 -5.8323E-05
  9.5977E-03  1.2199E-03  4.1788E-07 -5.9540E-05
  9.6640E-03  1.2423E-03  4.2660E-07 -6.0783E-05
  9.7308E-03  1.2652E-03  4.3550E-07 -6.2051E-05
  9.7980E-03  1.2884E-03  4.4458E-07 -6.3346E-05
  9.8657E-03  1.3121E-03  4.5386E-07 -6.4667E-05
  9.9338E-03  1.3361E-03  4.6333E-07 -6.6016E-05
  1.0002E-02  1.3607E-03  4.7299E-07 -6.7394E-05
  1.0072E-02  1.3856E-03  4.8286E-07 -6.8799E-05
  1.0141E-02  1.4110E-03  4.9293E-07 -7.0234E-05
  1.0211E-02  1.4368E-03  5.0321E-07 -7.1699E-05
  1.0282E-02  1.4631E-03  5.1371E-07 -7.3194E-05
  1.0353E-02  1.4899E-03  5.2442E-07 -7.4721E-05
  1.0424E-02  1.5172E-03  5.3536E-07 -7.6279E-05
  1.0496E-02  1.5449E-03  5.4652E-07 -7.7869E-05
  1.0568E-02  1.5731E-03  5.5791E-07 -7.9493E-05
  1.0641E-02  1.6018E-03  5.6954E-07 -8.1150E-05
  1.0715E-02  1.6311E-03  5.8142E-07 -8.2842E-05
  1.0789E-02  1.6608E-03  5.9354E-07 -8.4569E-05
  1.0863E-02  1.6911E-03  6.0591E-07 -8.6331E-05
  1.0938E-02  1.7219E-03  6.1854E-07 -8.8131E-05
  1.1014E-02  1.7532E-03  6.3143E-07 -8.9967E-05
  1.1090E-02  1.7851E-03  6.4459E-07 -9.1842E-05
  1.1166E-02  1.8176E-03  6.5802E-07 -9.3756E-05
  1.1243E-02  1.8506E-03  6.7174E-07 -9.5710E-05
  1.1321E-02  1.8842E-03  6.8573E-07 -9.7704E-05
  1.1399E-02  1.9184E-03  7.0002E-07 -9.9740E-05
  1.1477E-02  1.9532E-03  7.1460E-07 -1.0182E-04
  1.1557E-02  1.9887E-03  7.2949E-07 -1.0394E-04
  1.1636E-02  2.0247E-03  7.4469E-07 -1.0610E-04
  1.1717E-02  2.0613E-03  7.6020E-07 -1.0831E-04
  1.1797E-02  2.0987E-03  7.7604E-07 -1.1057E-04
  1.1879E-02  2.1366E-03  7.9220E-07 -1.1287E-04
  1.1961E-02  2.1752E-03  8.0870E-07 -1.1522E-04
  1.2043E-02  2.2145E-03  8.2554E-07 -1.1762E-04
  1.2126E-02  2.2545E-03  8.4273E-07 -1.2007E-04
  1.2210E-02  2.2952E-03  8.6028E-07 -1.2257E-04
  1.2294E-02  2.3365E-03  8.7820E-07 -1.2513E-04
  1.2379E-02  2.3786E-03  8.9648E-07 -1.2773E-04
  1.2464E-02  2.4215E-03  9.1515E-07 -1.3039E-04
  1.2550E-02  2.4650E-03  9.3420E-07 -1.3310E-04
  1.2636E-02  2.5093E-03  9.5365E-07 -1.3588E-04
  1.2723E-02  2.5544E-03  9.7350E-07 -1.3870E-04
  1.2811E-02  2.6003E-03  9.9376E-07 -1.4159E-04
  1.2899E-02  2.6470E-03  1.0144E-06 -1.4454E-04
  1.2988E-02  2.6944E-03  1.0356E-06 -1.4755E-04
  1.3078E-02  2.7427E-03  1.0571E-06 -1.5062E-04
  1.3168E-02  2.7918E-03  1.0791E-06 -1.5375E-04
  1.3259E-02  2.8418E-03  1.1016E-06 -1.5695E-04
  1.3350E-02  2.8926E-03  1.1245E-06 -1.6022E-04
  1.3442E-02  2.9442E-03  1.1479E-06 -1.6355E-04
  1.3534E-02  2.9968E-03  1.1718E-06 -1.6695E-04
  1.3628E-02  3.0503E-03  1.1962E-06 -1.7043E-04
  1.3722E-02  3.1046E-03  1.2211E-06 -1.7397E-04
  1.3816E-02  3.1599E-03  1.2465E-06 -1.7759E-04
  1.3911E-02  3.2162E-03  1.2724E-06 -1.8129E-04
  1.4007E-02  3.2734E-03  1.2989E-06 -1.8506E-04
  1.4104E-02  3.3316E-03  1.3259E-06 -1.8891E-04
  1.4201E-02  3.3907E-03  1.3535E-06 -1.9284E-04
  1.4298E-02  3.4509E-03  1.3816E-06 -1.9685E-04
  1.4397E-02  3.5121E-03  1.4103E-06 -2.0094E-04
  1.4496E-02  3.5743E-03  1.4397E-06 -2.0512E-04
  1.4596E-02  3.6376E-03  1.4696E-06 -2.0939E-04
  1.4696E-02  3.7019E-03  1.5002E-06 -2.1374E-04
  1.4797E-02  3.7673E-03  1.5314E-06 -2.1818E-04
  1.4899E-02  3.8339E-03  1.5632E-06 -2.2272E-04
  1.5002E-02  3.9015E-03  1.5957E-06 -2.2735E-04
  1.5105E-02  3.9703E-03  1.6289E-06 -2.3208E-04
  1.5209E-02  4.0402E-03  1.6628E-06 -2.3690E-04
  1.5314E-02  4.1113E-03  1.6973E-06 -2.4183E-04
  1.5419E-02  4.1836E-03  1.7326E-06 -2.4686E-04
  1.5525E-02  4.2571E-03  1.7686E-06 -2.5199E-04
  1.5632E-02  4.3319E-03  1.8054E-06 -2.5723E-04
  1.5740E-02  4.4078E-03  1.8429E-06 -2.6257E-04
  1.5848E-02  4.4851E-03  1.8812E-06 -2.6803E-04
  1.5957E-02  4.5636E-03  1.9203E-06 -2.7360E-04
  1.6067E-02  4.6434E-03  1.9602E-06 -2.7929E-04
  1.6178E-02  4.7245E-03  2.0010E-06 -2.8509E-04
  1.6289E-02  4.8070E-03  2.0426E-06 -2.9101E-04
  1.6401E-02  4.8909E-03  2.0850E-06 -2.9706E-04
  1.6514E-02  4.9761E-03  2.1283E-06 -3.0323E-04
  1.6627E-02  5.0627E-03  2.1726E-06 -3.0953E-04
  1.6742E-02  5.1508E-03  2.2177E-06 -3.1597E-04
  1.6857E-02  5.2403E-03  2.2638E-06 -3.2253E-04
  1.6973E-02  5.3313E-03  2.3108E-06 -3.2923E-04
  1.7090E-02  5.4237E-03  2.3588E-06 -3.3607E-04
  1.7207E-02  5.5177E-03  2.4078E-06 -3.4305E-04
  1.7325E-02  5.6132E-03  2.4578E-06 -3.5018E-04
  1.7445E-02  5.7103E-03  2.5089E-06 -3.5745E-04
  1.7565E-02  5.8089E-03  2.5610E-06 -3.6488E-04
  1.7685E-02  5.9092E-03  2.6142E-06 -3.7246E-04
  1.7807E-02  6.0110E-03  2.6685E-06 -3.8019E-04
  1.7930E-02  6.1146E-03  2.7239E-06 -3.8809E-04
  1.8053E-02  6.2197E-03  2.7805E-06 -3.9615E-04
  1.8177E-02  6.3266E-03  2.8383E-06 -4.0437E-04
  1.8302E-02  6.4352E-03  2.8972E-06 -4.1277E-04
  1.8428E-02  6.5456E-03  2.9574E-06 -4.2134E-04
  1.8554E-02  6.6577E-03  3.0188E-06 -4.3009E-04
  1.8682E-02  6.7717E-03  3.0815E-06 -4.3902E-04
  1.8810E-02  6.8874E-03  3.1455E-06 -4.4814E-04
  1.8940E-02  7.0050E-03  3.2108E-06 -4.5744E-04
  1.9070E-02  7.1245E-03  3.2774E-06 -4.6694E-04
  1.9201E-02  7.2458E-03  3.3455E-06 -4.7663E-04
  1.9333E-02  7.3691E-03  3.4150E-06 -4.8653E-04
  1.9466E-02  7.4944E-03  3.4859E-06 -4.9663E-04
  1.9600E-02  7.6216E-03  3.5582E-06 -5.0694E-04
  1.9734E-02  7.7509E-03  3.6321E-06 -5.1746E-04
  1.9870E-02  7.8822E-03  3.7075E-06 -5.2820E-04
  2.0007E-02  8.0155E-03  3.7844E-06 -5.3917E-04
  2.0144E-02  8.1510E-03  3.8630E-06 -5.5036E-04
  2.0283E-02  8.2886E-03  3.9432E-06 -5.6178E-04
  2.0422E-02  8.4283E-03  4.0250E-06 -5.7344E-04
  2.0562E-02  8.5702E-03  4.1086E-06 -5.8534E-04
  2.0704E-02  8.7143E-03  4.1938E-06 -5.9749E-04
  2.0846E-02  8.8607E-03  4.2809E-06 -6.0989E-04
  2.0989E-02  9.0093E-03  4.3697E-06 -6.2254E-04
  2.1133E-02  9.1602E-03  4.4604E-06 -6.3546E-04
  2.1279E-02  9.3135E-03  4.5530E-06 -6.4865E-04
  2.1425E-02  9.4691E-03  4.6474E-06 -6.6210E-04
  2.1572E-02  9.6272E-03  4.7439E-06 -6.7584E-04
  2.1720E-02  9.7876E-03  4.8423E-06 -6.8986E-04
  2.1869E-02  9.9505E-03  4.9428E-06 -7.0418E-04
  2.2020E-02  1.0116E-02  5.0453E-06 -7.1879E-04
  2.2171E-02  1.0284E-02  5.1500E-06 -7.3370E-04
  2.2323E-02  1.0454E-02  5.2569E-06 -7.4892E-04
  2.2477E-02  1.0627E-02  5.3659E-06 -7.6445E-04
  2.2631E-02  1.0803E-02  5.4772E-06 -7.8031E-04
  2.2786E-02  1.0982E-02  5.5909E-06 -7.9650E-04
  2.2943E-02  1.1163E-02  5.7069E-06 -8.1302E-04
  2.3100E-02  1.1346E-02  5.8252E-06 -8.2988E-04
  2.3259E-02  1.1533E-02  5.9461E-06 -8.4709E-04
  2.3419E-02  1.1722E-02  6.0694E-06 -8.6466E-04
  2.3580E-02  1.1914E-02  6.1953E-06 -8.8259E-04
  2.3742E-02  1.2109E-02  6.3238E-06 -9.0090E-04
  2.3905E-02  1.2307E-02  6.4550E-06 -9.1958E-04
  2.4069E-02  1.2508E-02  6.5888E-06 -9.3865E-04
  2.4234E-02  1.2712E-02  6.7255E-06 -9.5812E-04
  2.4401E-02  1.2919E-02  6.8650E-06 -9.7798E-04
  2.4568E-02  1.3129E-02  7.0073E-06 -9.9826E-04
  2.4737E-02  1.3342E-02  7.1526E-06 -1.0190E-03
  2.4907E-02  1.3558E-02  7.3010E-06 -1.0401E-03
  2.5078E-02  1.3777E-02  7.4524E-06 -1.0617E-03
  2.5250E-02  1.4000E-02  7.6069E-06 -1.0837E-03
  2.5423E-02  1.4225E-02  7.7646E-06 -1.1061E-03
  2.5598E-02  1.4454E-02  7.9256E-06 -1.1291E-03
  2.5774E-02  1.4687E-02  8.0899E-06 -1.1525E-03
  2.5950E-02  1.4922E-02  8.2577E-06 -1.1764E-03
  2.6129E-02  1.5161E-02  8.4289E-06 -1.2007E-03
  2.6308E-02  1.5404E-02  8.6036E-06 -1.2256E-03
  2.6489E-02  1.5650E-02  8.7820E-06 -1.2510E-03
  2.6670E-02  1.5899E-02  8.9641E-06 -1.2770E-03
  2.6853E-02  1.6152E-02  9.1499E-06 -1.3034E-03
  2.7038E-02  1.6409E-02  9.3396E-06 -1.3305E-03
  2.7223E-02  1.6669E-02  9.5332E-06 -1.3580E-03
  2.7410E-02  1.6932E-02  9.7308E-06 -1.3862E-03
  2.7598E-02  1.7200E-02  9.9325E-06 -1.4149E-03
  2.7788E-02  1.7471E-02  1.0138E-05 -1.4442E-03
  2.7979E-02  1.7746E-02  1.0348E-05 -1.4742E-03
  2.8171E-02  1.8025E-02  1.0563E-05 -1.5047E-03
  2.8364E-02  1.8308E-02  1.0782E-05 -1.5359E-03
  2.8559E-02  1.8595E-02  1.1005E-05 -1.5677E-03
  2.8755E-02  1.8885E-02  1.1233E-05 -1.6002E-03
  2.8952E-02  1.9180E-02  1.1466E-05 -1.6334E-03
  2.9151E-02  1.9478E-02  1.1704E-05 -1.6672E-03
  2.9351E-02  1.9781E-02  1.1946E-05 -1.7017E-03
  2.9552E-02  2.0088E-02  1.2194E-05 -1.7370E-03
  2.9755E-02  2.0399E-02  1.2447E-05 -1.7730E-03
  2.9959E-02  2.0714E-02  1.2705E-05 -1.8097E-03
  3.0165E-02  2.1033E-02  1.2968E-05 -1.8472E-03
  3.0372E-02  2.1357E-02  1.3237E-05 -1.8855E-03
  3.0580E-02  2.1685E-02  1.3511E-05 -1.9245E-03
  3.0790E-02  2.2017E-02  1.3791E-05 -1.9644E-03
  3.1001E-02  2.2354E-02  1.4076E-05 -2.0051E-03
  3.1214E-02  2.2695E-02  1.4368E-05 -2.0466E-03
  3.1428E-02  2.3041E-02  1.4666E-05 -2.0890E-03
  3.1643E-02  2.3391E-02  1.4970E-05 -2.1323E-03
  3.1861E-02  2.3746E-02  1.5280E-05 -2.1765E-03
  3.2079E-02  2.4105E-02  1.5596E-05 -2.2215E-03
  3.2299E-02  2.4469E-02  1.5919E-05 -2.2675E-03
  3.2521E-02  2.4838E-02  1.6249E-05 -2.3145E-03
  3.2744E-02  2.5211E-02  1.6586E-05 -2.3624E-03
  3.2969E-02  2.5590E-02  1.6929E-05 -2.4114E-03
  3.3195E-02  2.5973E-02  1.7280E-05 -2.4613E-03
  3.3422E-02  2.6360E-02  1.7638E-05 -2.5123E-03
  3.3652E-02  2.6753E-02  1.8003E-05 -2.5643E-03
  3.3882E-02  2.7151E-02  1.8376E-05 -2.6174E-03
  3.4115E-02  2.7554E-02  1.8757E-05 -2.6716E-03
  3.4349E-02  2.7961E-02  1.9145E-05 -2.7269E-03
  3.4584E-02  2.8374E-02  1.9542E-05 -2.7834E-03
  3.4822E-02  2.8792E-02  1.9946E-05 -2.8410E-03
  3.5061E-02  2.9215E-02  2.0359E-05 -2.8998E-03
  3.5301E-02  2.9643E-02  2.0781E-05 -2.9598E-03
  3.5543E-02  3.0076E-02  2.1211E-05 -3.0211E-03
  3.5787E-02  3.0515E-02  2.1651E-05 -3.0837E-03
  3.6032E-02  3.0958E-02  2.2099E-05 -3.1475E-03
  3.6279E-02  3.1407E-02  2.2557E-05 -3.2127E-03
  3.6528E-02  3.1862E-02  2.3024E-05 -3.2792E-03
  3.6779E-02  3.2322E-02  2.3500E-05 -3.3470E-03
  3.7031E-02  3.2787E-02  2.3987E-05 -3.4163E-03
  3.7285E-02  3.3258E-02  2.4484E-05 -3.4870E-03
  3.7541E-02  3.3734E-02  2.4991E-05 -3.5592E-03
  3.7798E-02  3.4216E-02  2.5508E-05 -3.6329E-03
  3.8057E-02  3.4703E-02  2.6036E-05 -3.7081E-03
  3.8318E-02  3.5196E-02  2.6575E-05 -3.7848E-03
  3.8581E-02  3.5694E-02  2.7125E-05 -3.8632E-03
  3.8845E-02  3.6198E-02  2.7687E-05 -3.9431E-03
  3.9112E-02  3.6708E-02  2.8260E-05 -4.0247E-03
  3.9380E-02  3.7223E-02  2.8845E-05 -4.1080E-03
  3.9650E-02  3.7745E-02  2.9442E-05 -4.1930E-03
  3.9922E-02  3.8272E-02  3.0052E-05 -4.2798E-03
  4.0196E-02  3.8804E-02  3.0674E-05 -4.3683E-03
  4.0471E-02  3.9343E-02  3.1309E-05 -4.4587E-03
  4.0749E-02  3.9887E-02  3.1957E-05 -4.5510E-03
  4.1028E-02  4.0437E-02  3.2618E-05 -4.6451E-03
  4.1309E-02  4.0993E-02  3.3293E-05 -4.7413E-03
  4.1592E-02  4.1555E-02  3.3982E-05 -4.8393E-03
  4.1878E-02  4.2123E-02  3.4686E-05 -4.9395E-03
  4.2165E-02  4.2697E-02  3.5403E-05 -5.0417E-03
  4.2454E-02  4.3277E-02  3.6136E-05 -5.1460E-03
  4.2745E-02  4.3863E-02  3.6884E-05 -5.2524E-03
  4.3038E-02  4.4455E-02  3.7647E-05 -5.3611E-03
  4.3333E-02  4.5052E-02  3.8426E-05 -5.4720E-03
  4.3630E-02  4.5656E-02  3.9222E-05 -5.5852E-03
  4.3929E-02  4.6266E-02  4.0033E-05 -5.7007E-03
  4.4230E-02  4.6882E-02  4.0862E-05 -5.8186E-03
  4.4533E-02  4.7504E-02  4.1707E-05 -5.9389E-03
  4.4839E-02  4.8132E-02  4.2570E-05 -6.0618E-03
  4.5146E-02  4.8766E-02  4.3451E-05 -6.1872E-03
  4.5455E-02  4.9406E-02  4.4350E-05 -6.3151E-03
  4.5767E-02  5.0052E-02  4.5268E-05 -6.4457E-03
  4.6081E-02  5.0704E-02  4.6204E-05 -6.5790E-03
  4.6396E-02  5.1363E-02  4.7160E-05 -6.7151E-03
  4.6714E-02  5.2027E-02  4.8136E-05 -6.8539E-03
  4.7035E-02  5.2698E-02  4.9132E-05 -6.9957E-03
  4.7357E-02  5.3374E-02  5.0148E-05 -7.1403E-03
  4.7682E-02  5.4057E-02  5.1186E-05 -7.2880E-03
  4.8008E-02  5.4745E-02  5.2245E-05 -7.4387E-03
  4.8337E-02  5.5440E-02  5.3325E-05 -7.5925E-03
  4.8669E-02  5.6141E-02  5.4428E-05 -7.7494E-03
  4.9002E-02  5.6848E-02  5.5554E-05 -7.9097E-03
  4.9338E-02  5.7560E-02  5.6703E-05 -8.0732E-03
  4.9676E-02  5.8279E-02  5.7876E-05 -8.2401E-03
  5.0017E-02  5.9004E-02  5.9073E-05 -8.4104E-03
  5.0359E-02  5.9734E-02  6.0295E-05 -8.5843E-03
  5.0704E-02  6.0471E-02  6.1542E-05 -8.7618E-03
  5.1052E-02  6.1213E-02  6.2815E-05 -8.9429E-03
  5.1402E-02  6.1961E-02  6.4114E-05 -9.1277E-03
  5.1754E-02  6.2715E-02  6.5440E-05 -9.3164E-03
  5.2109E-02  6.3475E-02  6.6794E-05 -9.5090E-03
  5.2466E-02  6.4241E-02  6.8175E-05 -9.7055E-03
  5.2825E-02  6.5012E-02  6.9585E-05 -9.9061E-03
  5.3187E-02  6.5789E-02  7.1024E-05 -1.0111E-02
  5.3552E-02  6.6571E-02  7.2493E-05 -1.0320E-02
  5.3919E-02  6.7359E-02  7.3992E-05 -1.0533E-02
  5.4288E-02  6.8153E-02  7.5522E-05 -1.0751E-02
  5.4660E-02  6.8952E-02  7.7083E-05 -1.0973E-02
  5.5034E-02  6.9756E-02  7.8677E-05 -1.1200E-02
  5.5412E-02  7.0566E-02  8.0304E-05 -1.1431E-02
  5.5791E-02  7.1381E-02  8.1965E-05 -1.1667E-02
  5.6173E-02  7.2201E-02  8.3659E-05 -1.1908E-02
  5.6558E-02  7.3027E-02  8.5389E-05 -1.2154E-02
  5.6946E-02  7.3857E-02  8.7154E-05 -1.2405E-02
  5.7336E-02  7.4693E-02  8.8956E-05 -1.2662E-02
  5.7729E-02  7.5533E-02  9.0795E-05 -1.2923E-02
  5.8124E-02  7.6378E-02  9.2672E-05 -1.3190E-02
  5.8523E-02  7.7228E-02  9.4588E-05 -1.3463E-02
  5.8924E-02  7.8083E-02  9.6543E-05 -1.3741E-02
  5.9327E-02  7.8942E-02  9.8539E-05 -1.4025E-02
  5.9734E-02  7.9806E-02  1.0058E-04 -1.4314E-02
  6.0143E-02  8.0674E-02  1.0265E-04 -1.4610E-02
  6.0555E-02  8.1547E-02  1.0478E-04 -1.4912E-02
  6.0970E-02  8.2423E-02  1.0694E-04 -1.5220E-02
  6.1387E-02  8.3304E-02  1.0915E-04 -1.5534E-02
  6.1808E-02  8.4188E-02  1.1141E-04 -1.5855E-02
  6.2231E-02  8.5077E-02  1.1371E-04 -1.6182E-02
  6.2658E-02  8.5969E-02  1.1606E-04 -1.6516E-02
  6.3087E-02  8.6864E-02  1.1846E-04 -1.6857E-02
  6.3519E-02  8.7764E-02  1.2091E-04 -1.7205E-02
  6.3954E-02  8.8666E-02  1.2341E-04 -1.7561E-02
  6.4392E-02  8.9572E-02  1.2596E-04 -1.7923E-02
  6.4833E-02  9.0480E-02  1.2856E-04 -1.8293E-02
  6.5277E-02  9.1392E-02  1.3122E-04 -1.8671E-02
  6.5725E-02  9.2306E-02  1.3393E-04 -1.9056E-02
  6.6175E-02  9.3223E-02  1.3669E-04 -1.9450E-02
  6.6628E-02  9.4143E-02  1.3952E-04 -1.9851E-02
  6.7084E-02  9.5064E-02  1.4240E-04 -2.0261E-02
  6.7544E-02  9.5988E-02  1.4534E-04 -2.0679E-02
  6.8007E-02  9.6914E-02  1.4835E-04 -2.1106E-02
  6.8472E-02  9.7841E-02  1.5141E-04 -2.1541E-02
  6.8941E-02  9.8770E-02  1.5454E-04 -2.1986E-02
  6.9414E-02  9.9701E-02  1.5773E-04 -2.2440E-02
  6.9889E-02  1.0063E-01  1.6099E-04 -2.2903E-02
  7.0368E-02  1.0156E-01  1.6431E-04 -2.3375E-02
  7.0850E-02  1.0250E-01  1.6771E-04 -2.3858E-02
  7.1335E-02  1.0343E-01  1.7117E-04 -2.4350E-02
  7.1824E-02  1.0437E-01  1.7471E-04 -2.4852E-02
  7.2315E-02  1.0530E-01  1.7832E-04 -2.5365E-02
  7.2811E-02  1.0624E-01  1.8200E-04 -2.5888E-02
  7.3309E-02  1.0717E-01  1.8576E-04 -2.6422E-02
  7.3812E-02  1.0810E-01  1.8959E-04 -2.6967E-02
  7.4317E-02  1.0904E-01  1.9351E-04 -2.7523E-02
  7.4826E-02  1.0997E-01  1.9751E-04 -2.8091E-02
  7.5338E-02  1.1090E-01  2.0159E-04 -2.8670E-02
  7.5854E-02  1.1183E-01  2.0575E-04 -2.9262E-02
  7.6374E-02  1.1276E-01  2.1000E-04 -2.9865E-02
  7.6897E-02  1.1368E-01  2.1433E-04 -3.0481E-02
  7.7424E-02  1.1461E-01  2.1876E-04 -3.1109E-02
  7.7954E-02  1.1553E-01  2.2327E-04 -3.1751E-02
  7.8488E-02  1.1645E-01  2.2788E-04 -3.2406E-02
  7.9025E-02  1.1736E-01  2.3259E-04 -3.3074E-02
  7.9566E-02  1.1828E-01  2.3739E-04 -3.3755E-02
  8.0111E-02  1.1918E-01  2.4229E-04 -3.4451E-02
  8.0660E-02  1.2009E-01  2.4729E-04 -3.5161E-02
  8.1212E-02  1.2099E-01  2.5240E-04 -3.5886E-02
  8.1768E-02  1.2188E-01  2.5761E-04 -3.6626E-02
  8.2328E-02  1.2278E-01  2.6292E-04 -3.7381E-02
  8.2892E-02  1.2366E-01  2.6835E-04 -3.8151E-02
  8.3460E-02  1.2454E-01  2.7389E-04 -3.8937E-02
  8.4031E-02  1.2542E-01  2.7954E-04 -3.9740E-02
  8.4607E-02  1.2629E-01  2.8531E-04 -4.0558E-02
  8.5186E-02  1.2715E-01  2.9120E-04 -4.1394E-02
  8.5769E-02  1.2801E-01  2.9721E-04 -4.2247E-02
  8.6357E-02  1.2885E-01  3.0334E-04 -4.3117E-02
  8.6948E-02  1.2970E-01  3.0960E-04 -4.4005E-02
  8.7543E-02  1.3053E-01  3.1599E-04 -4.4912E-02
  8.8143E-02  1.3135E-01  3.2251E-04 -4.5837E-02
  8.8746E-02  1.3217E-01  3.2916E-04 -4.6781E-02
  8.9354E-02  1.3298E-01  3.3595E-04 -4.7744E-02
  8.9966E-02  1.3378E-01  3.4288E-04 -4.8728E-02
  9.0582E-02  1.3457E-01  3.4996E-04 -4.9731E-02
  9.1202E-02  1.3535E-01  3.5718E-04 -5.0755E-02
  9.1826E-02  1.3612E-01  3.6455E-04 -5.1800E-02
  9.2455E-02  1.3687E-01  3.7206E-04 -5.2866E-02
  9.3088E-02  1.3762E-01  3.7974E-04 -5.3955E-02
  9.3726E-02  1.3836E-01  3.8757E-04 -5.5065E-02
  9.4367E-02  1.3908E-01  3.9556E-04 -5.6199E-02
  9.5013E-02  1.3979E-01  4.0372E-04 -5.7355E-02
  9.5664E-02  1.4049E-01  4.1205E-04 -5.8536E-02
  9.6319E-02  1.4118E-01  4.2054E-04 -5.9740E-02
  9.6978E-02  1.4185E-01  4.2922E-04 -6.0969E-02
  9.7642E-02  1.4251E-01  4.3807E-04 -6.2224E-02
  9.8311E-02  1.4315E-01  4.4710E-04 -6.3504E-02
  9.8984E-02  1.4378E-01  4.5632E-04 -6.4810E-02
  9.9662E-02  1.4439E-01  4.6572E-04 -6.6143E-02
  1.0034E-01  1.4499E-01  4.7532E-04 -6.7504E-02
  1.0103E-01  1.4557E-01  4.8512E-04 -6.8892E-02
  1.0172E-01  1.4614E-01  4.9512E-04 -7.0309E-02
  1.0242E-01  1.4668E-01  5.0533E-04 -7.1755E-02
  1.0312E-01  1.4722E-01  5.1574E-04 -7.3230E-02
  1.0383E-01  1.4773E-01  5.2637E-04 -7.4736E-02
  1.0454E-01  1.4822E-01  5.3722E-04 -7.6272E-02
  1.0525E-01  1.4870E-01  5.4829E-04 -7.7840E-02
  1.0597E-01  1.4915E-01  5.5959E-04 -7.9440E-02
  1.0670E-01  1.4959E-01  5.7112E-04 -8.1072E-02
  1.0743E-01  1.5001E-01  5.8289E-04 -8.2738E-02
  1.0816E-01  1.5040E-01  5.9490E-04 -8.4439E-02
  1.0891E-01  1.5078E-01  6.0715E-04 -8.6173E-02
  1.0965E-01  1.5113E-01  6.1966E-04 -8.7944E-02
  1.1040E-01  1.5146E-01  6.3243E-04 -8.9750E-02
  1.1116E-01  1.5177E-01  6.4545E-04 -9.1594E-02
  1.1192E-01  1.5206E-01  6.5875E-04 -9.3475E-02
  1.1268E-01  1.5232E-01  6.7232E-04 -9.5395E-02
  1.1346E-01  1.5256E-01  6.8616E-04 -9.7353E-02
  1.1423E-01  1.5277E-01  7.0029E-04 -9.9352E-02
  1.1501E-01  1.5296E-01  7.1471E-04 -1.0139E-01
  1.1580E-01  1.5313E-01  7.2943E-04 -1.0347E-01
  1.1659E-01  1.5327E-01  7.4445E-04 -1.0560E-01
  1.1739E-01  1.5338E-01  7.5977E-04 -1.0776E-01
  1.1820E-01  1.5346E-01  7.7542E-04 -1.0998E-01
  1.1901E-01  1.5352E-01  7.9138E-04 -1.1223E-01
  1.1982E-01  1.5355E-01  8.0767E-04 -1.1453E-01
  1.2064E-01  1.5356E-01  8.2429E-04 -1.1688E-01
  1.2147E-01  1.5353E-01  8.4126E-04 -1.1928E-01
  1.2230E-01  1.5348E-01  8.5857E-04 -1.2173E-01
  1.2313E-01  1.5339E-01  8.7624E-04 -1.2422E-01
  1.2398E-01  1.5328E-01  8.9427E-04 -1.2677E-01
  1.2483E-01  1.5313E-01  9.1267E-04 -1.2937E-01
  1.2568E-01  1.5296E-01  9.3145E-04 -1.3202E-01
  1.2654E-01  1.5275E-01  9.5061E-04 -1.3473E-01
  1.2741E-01  1.5251E-01  9.7016E-04 -1.3749E-01
  1.2828E-01  1.5224E-01  9.9012E-04 -1.4031E-01
  1.2916E-01  1.5194E-01  1.0105E-03 -1.4318E-01
  1.3004E-01  1.5161E-01  1.0313E-03 -1.4611E-01
  1.3093E-01  1.5124E-01  1.0525E-03 -1.4911E-01
  1.3183E-01  1.5084E-01  1.0741E-03 -1.5216E-01
  1.3273E-01  1.5040E-01  1.0962E-03 -1.5527E-01
  1.3364E-01  1.4993E-01  1.1187E-03 -1.5845E-01
  1.3455E-01  1.4942E-01  1.1417E-03 -1.6170E-01
  1.3547E-01  1.4888E-01  1.1652E-03 -1.6501E-01
  1.3640E-01  1.4830E-01  1.1892E-03 -1.6838E-01
  1.3733E-01  1.4769E-01  1.2136E-03 -1.7183E-01
  1.3827E-01  1.4704E-01  1.2385E-03 -1.7534E-01
  1.3922E-01  1.4635E-01  1.2640E-03 -1.7893E-01
  1.4017E-01  1.4563E-01  1.2900E-03 -1.8259E-01
  1.4113E-01  1.4487E-01  1.3165E-03 -1.8632E-01
  1.4210E-01  1.4407E-01  1.3435E-03 -1.9013E-01
  1.4307E-01  1.4323E-01  1.3711E-03 -1.9402E-01
  1.4405E-01  1.4235E-01  1.3993E-03 -1.9799E-01
  1.4504E-01  1.4144E-01  1.4280E-03 -2.0203E-01
  1.4603E-01  1.4048E-01  1.4573E-03 -2.0616E-01
  1.4703E-01  1.3949E-01  1.4873E-03 -2.1037E-01
  1.4804E-01  1.3845E-01  1.5178E-03 -2.1467E-01
  1.4905E-01  1.3738E-01  1.5490E-03 -2.1905E-01
  1.5007E-01  1.3627E-01  1.5808E-03 -2.2352E-01
  1.5110E-01  1.3511E-01  1.6132E-03 -2.2808E-01
  1.5213E-01  1.3392E-01  1.6463E-03 -2.3274E-01
  1.5317E-01  1.3268E-01  1.6801E-03 -2.3749E-01
  1.5422E-01  1.3141E-01  1.7146E-03 -2.4233E-01
  1.5528E-01  1.3009E-01  1.7497E-03 -2.4728E-01
  1.5634E-01  1.2873E-01  1.7856E-03 -2.5232E-01
  1.5741E-01  1.2733E-01  1.8223E-03 -2.5746E-01
  1.5849E-01  1.2589E-01  1.8597E-03 -2.6271E-01
  1.5957E-01  1.2440E-01  1.8978E-03 -2.6807E-01
  1.6066E-01  1.2287E-01  1.9367E-03 -2.7353E-01
  1.6176E-01  1.2131E-01  1.9764E-03 -2.7910E-01
  1.6287E-01  1.1970E-01  2.0169E-03 -2.8478E-01
  1.6398E-01  1.1804E-01  2.0583E-03 -2.9058E-01
  1.6511E-01  1.1635E-01  2.1005E-03 -2.9650E-01
  1.6624E-01  1.1461E-01  2.1435E-03 -3.0253E-01
  1.6737E-01  1.1283E-01  2.1874E-03 -3.0869E-01
  1.6852E-01  1.1101E-01  2.2322E-03 -3.1497E-01
  1.6967E-01  1.0914E-01  2.2780E-03 -3.2138E-01
  1.7083E-01  1.0723E-01  2.3246E-03 -3.2791E-01
  1.7200E-01  1.0529E-01  2.3722E-03 -3.3458E-01
  1.7318E-01  1.0329E-01  2.4208E-03 -3.4138E-01
  1.7436E-01  1.0126E-01  2.4704E-03 -3.4831E-01
  1.7556E-01  9.9185E-02  2.5210E-03 -3.5539E-01
  1.7676E-01  9.7068E-02  2.5726E-03 -3.6261E-01
  1.7797E-01  9.4909E-02  2.6252E-03 -3.6997E-01
  1.7919E-01  9.2709E-02  2.6789E-03 -3.7748E-01
  1.8041E-01  9.0467E-02  2.7338E-03 -3.8514E-01
  1.8165E-01  8.8184E-02  2.7897E-03 -3.9295E-01
  1.8289E-01  8.5860E-02  2.8467E-03 -4.0092E-01
  1.8414E-01  8.3496E-02  2.9050E-03 -4.0905E-01
  1.8540E-01  8.1092E-02  2.9644E-03 -4.1734E-01
  1.8667E-01  7.8647E-02  3.0250E-03 -4.2580E-01
  1.8795E-01  7.6163E-02  3.0868E-03 -4.3442E-01
  1.8924E-01  7.3639E-02  3.1499E-03 -4.4322E-01
  1.9053E-01  7.1076E-02  3.2143E-03 -4.5219E-01
  1.9183E-01  6.8475E-02  3.2800E-03 -4.6134E-01
  1.9315E-01  6.5835E-02  3.3470E-03 -4.7068E-01
  1.9447E-01  6.3158E-02  3.4153E-03 -4.8020E-01
  1.9580E-01  6.0443E-02  3.4851E-03 -4.8991E-01
  1.9714E-01  5.7692E-02  3.5562E-03 -4.9981E-01
  1.9849E-01  5.4904E-02  3.6288E-03 -5.0991E-01
  1.9985E-01  5.2080E-02  3.7029E-03 -5.2020E-01
  2.0121E-01  4.9221E-02  3.7785E-03 -5.3071E-01
  2.0259E-01  4.6327E-02  3.8556E-03 -5.4142E-01
  2.0398E-01  4.3399E-02  3.9342E-03 -5.5234E-01
  2.0537E-01  4.0438E-02  4.0145E-03 -5.6348E-01
  2.0678E-01  3.7444E-02  4.0964E-03 -5.7484E-01
  2.0819E-01  3.4417E-02  4.1799E-03 -5.8643E-01
  2.0962E-01  3.1360E-02  4.2651E-03 -5.9824E-01
  2.1105E-01  2.8271E-02  4.3520E-03 -6.1029E-01
  2.1250E-01  2.5152E-02  4.4407E-03 -6.2258E-01
  2.1395E-01  2.2004E-02  4.5312E-03 -6.3510E-01
  2.1542E-01  1.8827E-02  4.6235E-03 -6.4788E-01
  2.1689E-01  1.5623E-02  4.7176E-03 -6.6090E-01
  2.1837E-01  1.2392E-02  4.8137E-03 -6.7419E-01
  2.1987E-01  9.1346E-03  4.9117E-03 -6.8773E-01
  2.2137E-01  5.8523E-03  5.0116E-03 -7.0154E-01
  2.2289E-01  2.5456E-03  5.1136E-03 -7.1562E-01
  2.2441E-01 -7.8432E-04  5.2176E-03 -7.2998E-01
  2.2595E-01 -4.1367E-03  5.3238E-03 -7.4461E-01
  2.2749E-01 -7.5104E-03  5.4320E-03 -7.5954E-01
  2.2905E-01 -1.0905E-02  5.5424E-03 -7.7475E-01
  2.3062E-01 -1.4318E-02  5.6551E-03 -7.9027E-01
  2.3220E-01 -1.7750E-02  5.7700E-03 -8.0608E-01
  2.3379E-01 -2.1199E-02  5.8872E-03 -8.2221E-01
  2.3538E-01 -2.4665E-02  6.0068E-03 -8.3865E-01
  2.3700E-01 -2.8146E-02  6.1288E-03 -8.5541E-01
  2.3862E-01 -3.1640E-02  6.2532E-03 -8.7249E-01
  2.4025E-01 -3.5148E-02  6.3801E-03 -8.8991E-01
  2.4189E-01 -3.8667E-02  6.5095E-03 -9.0766E-01
  2.4355E-01 -4.2197E-02  6.6416E-03 -9.2576E-01
  2.4522E-01 -4.5736E-02  6.7763E-03 -9.4421E-01
  2.4689E-01 -4.9283E-02  6.9136E-03 -9.6302E-01
  2.4858E-01 -5.2837E-02  7.0538E-03 -9.8219E-01
  2.5028E-01 -5.6397E-02  7.1967E-03 -1.0017E+00
  2.5200E-01 -5.9961E-02  7.3425E-03 -1.0216E+00
  2.5372E-01 -6.3528E-02  7.4912E-03 -1.0419E+00
  2.5546E-01 -6.7097E-02  7.6428E-03 -1.0626E+00
  2.5720E-01 -7.0666E-02  7.7975E-03 -1.0837E+00
  2.5896E-01 -7.4234E-02  7.9553E-03 -1.1052E+00
  2.6074E-01 -7.7800E-02  8.1162E-03 -1.1271E+00
  2.6252E-01 -8.1362E-02  8.2803E-03 -1.1495E+00
  2.6432E-01 -8.4919E-02  8.4477E-03 -1.1722E+00
  2.6613E-01 -8.8470E-02  8.6184E-03 -1.1954E+00
  2.6795E-01 -9.2013E-02  8.7926E-03 -1.2190E+00
  2.6978E-01 -9.5547E-02  8.9701E-03 -1.2431E+00
  2.7163E-01 -9.9070E-02  9.1512E-03 -1.2676E+00
  2.7348E-01 -1.0258E-01  9.3359E-03 -1.2926E+00
  2.7536E-01 -1.0608E-01  9.5243E-03 -1.3181E+00
  2.7724E-01 -1.0956E-01  9.7164E-03 -1.3441E+00
  2.7914E-01 -1.1303E-01  9.9123E-03 -1.3705E+00
  2.8105E-01 -1.1647E-01  1.0112E-02 -1.3975E+00
  2.8297E-01 -1.1990E-01  1.0316E-02 -1.4249E+00
  2.8490E-01 -1.2331E-01  1.0524E-02 -1.4529E+00
  2.8685E-01 -1.2669E-01  1.0735E-02 -1.4814E+00
  2.8882E-01 -1.3005E-01  1.0952E-02 -1.5104E+00
  2.9079E-01 -1.3339E-01  1.1172E-02 -1.5400E+00
  2.9278E-01 -1.3669E-01  1.1397E-02 -1.5701E+00
  2.9479E-01 -1.3997E-01  1.1626E-02 -1.6008E+00
  2.9680E-01 -1.4322E-01  1.1859E-02 -1.6321E+00
  2.9883E-01 -1.4644E-01  1.2098E-02 -1.6639E+00
  3.0088E-01 -1.4962E-01  1.2340E-02 -1.6964E+00
  3.0294E-01 -1.5277E-01  1.2588E-02 -1.7294E+00
  3.0501E-01 -1.5589E-01  1.2841E-02 -1.7631E+00
  3.0710E-01 -1.5896E-01  1.3098E-02 -1.7973E+00
  3.0920E-01 -1.6200E-01  1.3361E-02 -1.8322E+00
  3.1131E-01 -1.6499E-01  1.3629E-02 -1.8678E+00
  3.1344E-01 -1.6794E-01  1.3902E-02 -1.9039E+00
  3.1559E-01 -1.7085E-01  1.4180E-02 -1.9408E+00
  3.1775E-01 -1.7372E-01  1.4464E-02 -1.9783E+00
  3.1992E-01 -1.7653E-01  1.4753E-02 -2.0165E+00
  3.2211E-01 -1.7930E-01  1.5048E-02 -2.0554E+00
  3.2431E-01 -1.8202E-01  1.5349E-02 -2.0950E+00
  3.2653E-01 -1.8468E-01  1.5655E-02 -2.1353E+00
  3.2877E-01 -1.8730E-01  1.5968E-02 -2.1764E+00
  3.3102E-01 -1.8986E-01  1.6286E-02 -2.2182E+00
  3.3328E-01 -1.9236E-01  1.6611E-02 -2.2607E+00
  3.3556E-01 -1.9481E-01  1.6942E-02 -2.3040E+00
  3.3786E-01 -1.9719E-01  1.7280E-02 -2.3481E+00
  3.4017E-01 -1.9952E-01  1.7624E-02 -2.3929E+00
  3.4250E-01 -2.0179E-01  1.7975E-02 -2.4386E+00
  3.4484E-01 -2.0399E-01  1.8333E-02 -2.4850E+00
  3.4720E-01 -2.0613E-01  1.8697E-02 -2.5323E+00
  3.4957E-01 -2.0820E-01  1.9069E-02 -2.5804E+00
  3.5197E-01 -2.1021E-01  1.9447E-02 -2.6293E+00
  3.5437E-01 -2.1215E-01  1.9833E-02 -2.6791E+00
  3.5680E-01 -2.1401E-01  2.0227E-02 -2.7298E+00
  3.5924E-01 -2.1581E-01  2.0628E-02 -2.7813E+00
  3.6170E-01 -2.1754E-01  2.1037E-02 -2.8338E+00
  3.6417E-01 -2.1919E-01  2.1453E-02 -2.8871E+00
  3.6666E-01 -2.2077E-01  2.1878E-02 -2.9414E+00
  3.6917E-01 -2.2227E-01  2.2311E-02 -2.9966E+00
  3.7170E-01 -2.2370E-01  2.2752E-02 -3.0527E+00
  3.7424E-01 -2.2505E-01  2.3201E-02 -3.1098E+00
  3.7680E-01 -2.2631E-01  2.3659E-02 -3.1678E+00
  3.7938E-01 -2.2750E-01  2.4126E-02 -3.2268E+00
  3.8197E-01 -2.2861E-01  2.4602E-02 -3.2868E+00
  3.8459E-01 -2.2964E-01  2.5086E-02 -3.3478E+00
  3.8722E-01 -2.3058E-01  2.5580E-02 -3.4099E+00
  3.8987E-01 -2.3144E-01  2.6084E-02 -3.4729E+00
  3.9254E-01 -2.3222E-01  2.6597E-02 -3.5370E+00
  3.9522E-01 -2.3291E-01  2.7119E-02 -3.6021E+00
  3.9792E-01 -2.3352E-01  2.7652E-02 -3.6683E+00
  4.0065E-01 -2.3403E-01  2.8194E-02 -3.7356E+00
  4.0339E-01 -2.3446E-01  2.8747E-02 -3.8040E+00
  4.0615E-01 -2.3480E-01  2.9310E-02 -3.8734E+00
  4.0893E-01 -2.3506E-01  2.9884E-02 -3.9440E+00
  4.1172E-01 -2.3522E-01  3.0469E-02 -4.0157E+00
  4.1454E-01 -2.3529E-01  3.1064E-02 -4.0885E+00
  4.1738E-01 -2.3527E-01  3.1671E-02 -4.1625E+00
  4.2023E-01 -2.3516E-01  3.2289E-02 -4.2376E+00
  4.2311E-01 -2.3496E-01  3.2919E-02 -4.3139E+00
  4.2600E-01 -2.3466E-01  3.3560E-02 -4.3913E+00
  4.2892E-01 -2.3427E-01  3.4214E-02 -4.4700E+00
  4.3185E-01 -2.3379E-01  3.4879E-02 -4.5498E+00
  4.3481E-01 -2.3322E-01  3.5557E-02 -4.6308E+00
  4.3778E-01 -2.3255E-01  3.6247E-02 -4.7131E+00
  4.4077E-01 -2.3178E-01  3.6951E-02 -4.7966E+00
  4.4379E-01 -2.3092E-01  3.7667E-02 -4.8813E+00
  4.4683E-01 -2.2997E-01  3.8396E-02 -4.9672E+00
  4.4988E-01 -2.2893E-01  3.9139E-02 -5.0544E+00
  4.5296E-01 -2.2778E-01  3.9895E-02 -5.1429E+00
  4.5606E-01 -2.2655E-01  4.0666E-02 -5.2326E+00
  4.5918E-01 -2.2521E-01  4.1450E-02 -5.3235E+00
  4.6232E-01 -2.2379E-01  4.2249E-02 -5.4158E+00
  4.6548E-01 -2.2227E-01  4.3062E-02 -5.5093E+00
  4.6867E-01 -2.2065E-01  4.3891E-02 -5.6041E+00
  4.7188E-01 -2.1894E-01  4.4734E-02 -5.7002E+00
  4.7510E-01 -2.1713E-01  4.5592E-02 -5.7976E+00
  4.7835E-01 -2.1523E-01  4.6467E-02 -5.8963E+00
  4.8163E-01 -2.1324E-01  4.7356E-02 -5.9963E+00
  4.8492E-01 -2.1115E-01  4.8262E-02 -6.0975E+00
  4.8824E-01 -2.0897E-01  4.9185E-02 -6.2001E+00
  4.9158E-01 -2.0669E-01  5.0124E-02 -6.3040E+00
  4.9494E-01 -2.0432E-01  5.1079E-02 -6.4091E+00
  4.9833E-01 -2.0186E-01  5.2052E-02 -6.5156E+00
  5.0174E-01 -1.9931E-01  5.3042E-02 -6.6234E+00
  5.0517E-01 -1.9667E-01  5.4050E-02 -6.7324E+00
  5.0862E-01 -1.9394E-01  5.5075E-02 -6.8427E+00
  5.1210E-01 -1.9111E-01  5.6119E-02 -6.9543E+00
  5.1561E-01 -1.8820E-01  5.7181E-02 -7.0672E+00
  5.1914E-01 -1.8519E-01  5.8262E-02 -7.1813E+00
  5.2269E-01 -1.8210E-01  5.9362E-02 -7.2966E+00
  5.2626E-01 -1.7892E-01  6.0481E-02 -7.4132E+00
  5.2986E-01 -1.7566E-01  6.1620E-02 -7.5311E+00
  5.3349E-01 -1.7231E-01  6.2779E-02 -7.6501E+00
  5.3714E-01 -1.6887E-01  6.3958E-02 -7.7703E+00
  5.4081E-01 -1.6535E-01  6.5157E-02 -7.8917E+00
  5.4451E-01 -1.6174E-01  6.6377E-02 -8.0143E+00
  5.4824E-01 -1.5806E-01  6.7618E-02 -8.1380E+00
  5.5199E-01 -1.5429E-01  6.8881E-02 -8.2628E+00
  5.5576E-01 -1.5044E-01  7.0165E-02 -8.3887E+00
  5.5957E-01 -1.4651E-01  7.1471E-02 -8.5157E+00
  5.6339E-01 -1.4250E-01  7.2799E-02 -8.6437E+00
  5.6725E-01 -1.3841E-01  7.4150E-02 -8.7727E+00
  5.7113E-01 -1.3425E-01  7.5524E-02 -8.9027E+00
  5.7503E-01 -1.3001E-01  7.6921E-02 -9.0336E+00
  5.7897E-01 -1.2569E-01  7.8342E-02 -9.1655E+00
  5.8293E-01 -1.2131E-01  7.9786E-02 -9.2982E+00
  5.8692E-01 -1.1685E-01  8.1255E-02 -9.4317E+00
  5.9093E-01 -1.1232E-01  8.2748E-02 -9.5660E+00
  5.9497E-01 -1.0772E-01  8.4266E-02 -9.7011E+00
  5.9905E-01 -1.0305E-01  8.5809E-02 -9.8368E+00
  6.0314E-01 -9.8318E-02  8.7377E-02 -9.9732E+00
  6.0727E-01 -9.3517E-02  8.8972E-02 -1.0110E+01
  6.1142E-01 -8.8652E-02  9.0592E-02 -1.0248E+01
  6.1561E-01 -8.3723E-02  9.2239E-02 -1.0386E+01
  6.1982E-01 -7.8733E-02  9.3912E-02 -1.0524E+01
  6.2406E-01 -7.3681E-02  9.5613E-02 -1.0663E+01
  6.2833E-01 -6.8571E-02  9.7341E-02 -1.0801E+01
  6.3262E-01 -6.3403E-02  9.9096E-02 -1.0941E+01
  6.3695E-01 -5.8178E-02  1.0088E-01 -1.1080E+01
  6.4131E-01 -5.2899E-02  1.0269E-01 -1.1219E+01
  6.4570E-01 -4.7566E-02  1.0453E-01 -1.1358E+01
  6.5011E-01 -4.2181E-02  1.0640E-01 -1.1497E+01
  6.5456E-01 -3.6745E-02  1.0830E-01 -1.1636E+01
  6.5904E-01 -3.1260E-02  1.1023E-01 -1.1775E+01
  6.6355E-01 -2.5728E-02  1.1219E-01 -1.1913E+01
  6.6809E-01 -2.0149E-02  1.1418E-01 -1.2051E+01
  6.7266E-01 -1.4526E-02  1.1620E-01 -1.2188E+01
  6.7726E-01 -8.8599E-03  1.1825E-01 -1.2324E+01
  6.8189E-01 -3.1522E-03  1.2033E-01 -1.2459E+01
  6.8656E-01  2.5956E-03  1.2244E-01 -1.2594E+01
  6.9125E-01  8.3818E-03  1.2459E-01 -1.2727E+01
  6.9598E-01  1.4205E-02  1.2676E-01 -1.2859E+01
  7.0074E-01  2.0063E-02  1.2897E-01 -1.2990E+01
  7.0554E-01  2.5956E-02  1.3121E-01 -1.3119E+01
  7.1036E-01  3.1880E-02  1.3349E-01 -1.3247E+01
  7.1522E-01  3.7835E-02  1.3580E-01 -1.3373E+01
  7.2011E-01  4.3819E-02  1.3814E-01 -1.3497E+01
  7.2504E-01  4.9831E-02  1.4052E-01 -1.3619E+01
  7.3000E-01  5.5869E-02  1.4292E-01 -1.3739E+01
  7.3499E-01  6.1931E-02  1.4537E-01 -1.3856E+01
  7.4002E-01  6.8015E-02  1.4785E-01 -1.3971E+01
  7.4508E-01  7.4121E-02  1.5036E-01 -1.4082E+01
  7.5018E-01  8.0246E-02  1.5291E-01 -1.4192E+01
  7.5531E-01  8.6390E-02  1.5549E-01 -1.4297E+01
  7.6048E-01  9.2550E-02  1.5811E-01 -1.4400E+01
  7.6568E-01  9.8724E-02  1.6077E-01 -1.4499E+01
  7.7092E-01  1.0491E-01  1.6346E-01 -1.4595E+01
  7.7619E-01  1.1111E-01  1.6618E-01 -1.4686E+01
  7.8150E-01  1.1732E-01  1.6894E-01 -1.4774E+01
  7.8685E-01  1.2354E-01  1.7174E-01 -1.4857E+01
  7.9223E-01  1.2977E-01  1.7458E-01 -1.4936E+01
  7.9765E-01  1.3600E-01  1.7745E-01 -1.5009E+01
  8.0311E-01  1.4223E-01  1.8036E-01 -1.5078E+01
  8.0860E-01  1.4847E-01  1.8331E-01 -1.5142E+01
  8.1413E-01  1.5471E-01  1.8629E-01 -1.5201E+01
  8.1970E-01  1.6094E-01  1.8931E-01 -1.5253E+01
  8.2531E-01  1.6718E-01  1.9237E-01 -1.5300E+01
  8.3096E-01  1.7341E-01  1.9546E-01 -1.5341E+01
  8.3664E-01  1.7964E-01  1.9859E-01 -1.5375E+01
  8.4236E-01  1.8586E-01  2.0176E-01 -1.5403E+01
  8.4813E-01  1.9207E-01  2.0497E-01 -1.5423E+01
  8.5393E-01  1.9827E-01  2.0821E-01 -1.5437E+01
  8.5977E-01  2.0446E-01  2.1149E-01 -1.5443E+01
  8.6565E-01  2.1064E-01  2.1481E-01 -1.5442E+01
  8.7157E-01  2.1681E-01  2.1817E-01 -1.5433E+01
  8.7753E-01  2.2296E-01  2.2156E-01 -1.5415E+01
  8.8354E-01  2.2909E-01  2.2499E-01 -1.5390E+01
  8.8958E-01  2.3520E-01  2.2845E-01 -1.5355E+01
  8.9567E-01  2.4130E-01  2.3195E-01 -1.5312E+01
  9.0179E-01  2.4737E-01  2.3549E-01 -1.5259E+01
  9.0796E-01  2.5343E-01  2.3907E-01 -1.5197E+01
  9.1417E-01  2.5946E-01  2.4268E-01 -1.5126E+01
  9.2043E-01  2.6546E-01  2.4632E-01 -1.5044E+01
  9.2672E-01  2.7144E-01  2.5001E-01 -1.4953E+01
  9.3306E-01  2.7739E-01  2.5372E-01 -1.4851E+01
  9.3944E-01  2.8331E-01  2.5747E-01 -1.4738E+01
  9.4587E-01  2.8920E-01  2.6126E-01 -1.4614E+01
  9.5234E-01  2.9506E-01  2.6508E-01 -1.4480E+01
  9.5885E-01  3.0089E-01  2.6893E-01 -1.4334E+01
  9.6541E-01  3.0668E-01  2.7282E-01 -1.4176E+01
  9.7202E-01  3.1244E-01  2.7674E-01 -1.4007E+01
  9.7867E-01  3.1817E-01  2.8069E-01 -1.3826E+01
  9.8536E-01  3.2385E-01  2.8467E-01 -1.3633E+01
  9.9210E-01  3.2950E-01  2.8868E-01 -1.3428E+01
  9.9889E-01  3.3511E-01  2.9272E-01 -1.3210E+01
  1.0057E+00  3.4068E-01  2.9680E-01 -1.2980E+01
  1.0126E+00  3.4620E-01  3.0090E-01 -1.2738E+01
  1.0195E+00  3.5168E-01  3.0503E-01 -1.2482E+01
  1.0265E+00  3.5712E-01  3.0918E-01 -1.2214E+01
  1.0335E+00  3.6252E-01  3.1336E-01 -1.1933E+01
  1.0406E+00  3.6787E-01  3.1757E-01 -1.1639E+01
  1.0477E+00  3.7317E-01  3.2180E-01 -1.1332E+01
  1.0549E+00  3.7842E-01  3.2606E-01 -1.1012E+01
  1.0621E+00  3.8363E-01  3.3034E-01 -1.0679E+01
  1.0694E+00  3.8878E-01  3.3464E-01 -1.0334E+01
  1.0767E+00  3.9389E-01  3.3896E-01 -9.9755E+00
  1.0840E+00  3.9894E-01  3.4330E-01 -9.6044E+00
  1.0915E+00  4.0394E-01  3.4765E-01 -9.2208E+00
  1.0989E+00  4.0889E-01  3.5203E-01 -8.8247E+00
  1.1064E+00  4.1378E-01  3.5642E-01 -8.4165E+00
  1.1140E+00  4.1862E-01  3.6082E-01 -7.9963E+00
  1.1216E+00  4.2340E-01  3.6524E-01 -7.5644E+00
  1.1293E+00  4.2813E-01  3.6967E-01 -7.1210E+00
  1.1370E+00  4.3279E-01  3.7411E-01 -6.6666E+00
  1.1448E+00  4.3740E-01  3.7856E-01 -6.2014E+00
  1.1526E+00  4.4196E-01  3.8301E-01 -5.7258E+00
  1.1605E+00  4.4645E-01  3.8747E-01 -5.2404E+00
  1.1685E+00  4.5088E-01  3.9194E-01 -4.7456E+00
  1.1764E+00  4.5526E-01  3.9640E-01 -4.2419E+00
  1.1845E+00  4.5957E-01  4.0087E-01 -3.7299E+00
  1.1926E+00  4.6382E-01  4.0534E-01 -3.2102E+00
  1.2008E+00  4.6800E-01  4.0980E-01 -2.6834E+00
  1.2090E+00  4.7213E-01  4.1426E-01 -2.1503E+00
  1.2172E+00  4.7619E-01  4.1871E-01 -1.6116E+00
  1.2256E+00  4.8018E-01  4.2315E-01 -1.0681E+00
  1.2339E+00  4.8412E-01  4.2759E-01 -5.2050E-01
  1.2424E+00  4.8798E-01  4.3201E-01  3.0179E-02
  1.2509E+00  4.9179E-01  4.3641E-01  5.8307E-01
  1.2594E+00  4.9552E-01  4.4080E-01  1.1372E+00
  1.2681E+00  4.9919E-01  4.4517E-01  1.6916E+00
  1.2767E+00  5.0280E-01  4.4952E-01  2.2452E+00
  1.2855E+00  5.0633E-01  4.5385E-01  2.7970E+00
  1.2943E+00  5.0980E-01  4.5815E-01  3.3457E+00
  1.3031E+00  5.1321E-01  4.6242E-01  3.8903E+00
  1.3120E+00  5.1654E-01  4.6666E-01  4.4295E+00
  1.3210E+00  5.1981E-01  4.7087E-01  4.9621E+00
  1.3300E+00  5.2301E-01  4.7505E-01  5.4869E+00
  1.3391E+00  5.2614E-01  4.7919E-01  6.0026E+00
  1.3483E+00  5.2920E-01  4.8329E-01  6.5078E+00
  1.3575E+00  5.3219E-01  4.8735E-01  7.0012E+00
  1.3668E+00  5.3512E-01  4.9137E-01  7.4815E+00
  1.3762E+00  5.3797E-01  4.9534E-01  7.9473E+00
  1.3856E+00  5.4076E-01  4.9926E-01  8.3973E+00
  1.3950E+00  5.4347E-01  5.0313E-01  8.8300E+00
  1.4046E+00  5.4612E-01  5.0694E-01  9.2440E+00
  1.4142E+00  5.4869E-01  5.1070E-01  9.6380E+00
  1.4239E+00  5.5120E-01  5.1441E-01  1.0011E+01
  1.4336E+00  5.5364E-01  5.1805E-01  1.0361E+01
  1.4434E+00  5.5601E-01  5.2163E-01  1.0687E+01
  1.4533E+00  5.5831E-01  5.2514E-01  1.0987E+01
  1.4632E+00  5.6054E-01  5.2859E-01  1.1261E+01
  1.4732E+00  5.6270E-01  5.3197E-01  1.1508E+01
  1.4833E+00  5.6479E-01  5.3527E-01  1.1725E+01
  1.4935E+00  5.6681E-01  5.3851E-01  1.1913E+01
  1.5037E+00  5.6876E-01  5.4166E-01  1.2070E+01
  1.5140E+00  5.7064E-01  5.4474E-01  1.2194E+01
  1.5243E+00  5.7246E-01  5.4774E-01  1.2286E+01
  1.5347E+00  5.7421E-01  5.5066E-01  1.2345E+01
  1.5452E+00  5.7588E-01  5.5349E-01  1.2370E+01
  1.5558E+00  5.7749E-01  5.5624E-01  1.2360E+01
  1.5665E+00  5.7903E-01  5.5890E-01  1.2315E+01
  1.5772E+00  5.8051E-01  5.6147E-01  1.2235E+01
  1.5880E+00  5.8191E-01  5.6395E-01  1.2120E+01
  1.5988E+00  5.8325E-01  5.6634E-01  1.1970E+01
  1.6098E+00  5.8452E-01  5.6863E-01  1.1786E+01
  1.6208E+00  5.8573E-01  5.7084E-01  1.1566E+01
  1.6319E+00  5.8687E-01  5.7294E-01  1.1313E+01
  1.6430E+00  5.8794E-01  5.7495E-01  1.1027E+01
  1.6543E+00  5.8895E-01  5.7687E-01  1.0709E+01
  1.6656E+00  5.8989E-01  5.7868E-01  1.0361E+01
  1.6770E+00  5.9076E-01  5.8040E-01  9.9830E+00
  1.6884E+00  5.9158E-01  5.8202E-01  9.5775E+00
  1.7000E+00  5.9232E-01  5.8354E-01  9.1462E+00
  1.7116E+00  5.9301E-01  5.8496E-01  8.6913E+00
  1.7233E+00  5.9363E-01  5.8628E-01  8.2150E+00
  1.7351E+00  5.9419E-01  5.8750E-01  7.7198E+00
  1.7470E+00  5.9469E-01  5.8863E-01  7.2086E+00
  1.7589E+00  5.9512E-01  5.8966E-01  6.6842E+00
  1.7710E+00  5.9550E-01  5.9058E-01  6.1499E+00
  1.7831E+00  5.9581E-01  5.9142E-01  5.6089E+00
  1.7953E+00  5.9606E-01  5.9215E-01  5.0647E+00
  1.8075E+00  5.9626E-01  5.9280E-01  4.5211E+00
  1.8199E+00  5.9639E-01  5.9334E-01  3.9817E+00
  1.8324E+00  5.9647E-01  5.9380E-01  3.4505E+00
  1.8449E+00  5.9648E-01  5.9417E-01  2.9314E+00
  1.8575E+00  5.9644E-01  5.9444E-01  2.4285E+00
  1.8702E+00  5.9635E-01  5.9463E-01  1.9457E+00
  1.8830E+00  5.9620E-01  5.9474E-01  1.4870E+00
  1.8959E+00  5.9599E-01  5.9476E-01  1.0561E+00
  1.9089E+00  5.9573E-01  5.9470E-01  6.5689E-01
  1.9219E+00  5.9541E-01  5.9456E-01  2.9269E-01
  1.9351E+00  5.9504E-01  5.9435E-01 -3.3291E-02
  1.9483E+00  5.9462E-01  5.9406E-01 -3.1827E-01
  1.9616E+00  5.9414E-01  5.9370E-01 -5.5991E-01
  1.9750E+00  5.9362E-01  5.9327E-01 -7.5644E-01
  1.9886E+00  5.9304E-01  5.9277E-01 -9.0674E-01
  2.0022E+00  5.9241E-01  5.9221E-01 -1.0105E+00
  2.0158E+00  5.9173E-01  5.9159E-01 -1.0681E+00
  2.0296E+00  5.9101E-01  5.9090E-01 -1.0813E+00
  2.0435E+00  5.9023E-01  5.9016E-01 -1.0528E+00
  2.0575E+00  5.8941E-01  5.8936E-01 -9.8657E-01
  2.0716E+00  5.8854E-01  5.8851E-01 -8.8820E-01
  2.0857E+00  5.8763E-01  5.8761E-01 -7.6487E-01
  2.1000E+00  5.8667E-01  5.8666E-01 -6.2563E-01
  2.1144E+00  5.8567E-01  5.8566E-01 -4.8160E-01
  2.1288E+00  5.8462E-01  5.8462E-01 -3.4610E-01
  2.1434E+00  5.8353E-01  5.8353E-01 -2.3668E-01
  2.1581E+00  5.8239E-01  5.8239E-01 -1.5162E-01
  2.1728E+00  5.8122E-01  5.8122E-01 -8.9658E-02
  2.1877E+00  5.8000E-01  5.8000E-01 -4.8489E-02
  2.2026E+00  5.7875E-01  5.7875E-01 -2.4533E-02
  2.2177E+00  5.7745E-01  5.7745E-01 -1.2703E-02
  2.2329E+00  5.7612E-01  5.7612E-01 -5.3278E-03
  2.2482E+00  5.7474E-01  5.7474E-01 -2.2285E-03
  2.2635E+00  5.7333E-01  5.7333E-01  0.0000E+00
  2.2790E+00  5.7189E-01  5.7189E-01  0.0000E+00
  2.2946E+00  5.7041E-01  5.7041E-01  0.0000E+00
  2.3103E+00  5.6889E-01  5.6889E-01  0.0000E+00
  2.3261E+00  5.6733E-01  5.6733E-01  0.0000E+00
  2.3420E+00  5.6575E-01  5.6575E-01  0.0000E+00
  2.3580E+00  5.6413E-01  5.6413E-01  0.0000E+00
  2.3742E+00  5.6247E-01  5.6247E-01  0.0000E+00
  2.3904E+00  5.6079E-01  5.6079E-01  0.0000E+00
  2.4068E+00  5.5907E-01  5.5907E-01  0.0000E+00
  2.4232E+00  5.5733E-01  5.5733E-01  0.0000E+00
  2.4398E+00  5.5555E-01  5.5555E-01  0.0000E+00
  2.4565E+00  5.5374E-01  5.5374E-01  0.0000E+00
  2.4733E+00  5.5190E-01  5.5190E-01  0.0000E+00
  2.4902E+00  5.5004E-01  5.5004E-01  0.0000E+00
  2.5072E+00  5.4814E-01  5.4814E-01  0.0000E+00
  2.5244E+00  5.4622E-01  5.4622E-01  0.0000E+00
  2.5417E+00  5.4427E-01  5.4427E-01  0.0000E+00
  2.5590E+00  5.4230E-01  5.4230E-01  0.0000E+00
  2.5765E+00  5.4030E-01  5.4030E-01  0.0000E+00
  2.5942E+00  5.3827E-01  5.3827E-01  0.0000E+00
  2.6119E+00  5.3622E-01  5.3622E-01  0.0000E+00
  2.6298E+00  5.3414E-01  5.3414E-01  0.0000E+00
  2.6478E+00  5.3204E-01  5.3204E-01  0.0000E+00
  2.6659E+00  5.2991E-01  5.2991E-01  0.0000E+00
  2.6841E+00  5.2776E-01  5.2776E-01  0.0000E+00
  2.7025E+00  5.2559E-01  5.2559E-01  0.0000E+00
  2.7210E+00  5.2339E-01  5.2339E-01  0.0000E+00
  2.7396E+00  5.2118E-01  5.2118E-01  0.0000E+00
  2.7583E+00  5.1893E-01  5.1893E-01  0.0000E+00
  2.7772E+00  5.1667E-01  5.1667E-01  0.0000E+00
  2.7962E+00  5.1438E-01  5.1438E-01  0.0000E+00
  2.8153E+00  5.1207E-01  5.1207E-01  0.0000E+00
  2.8345E+00  5.0975E-01  5.0975E-01  0.0000E+00
  2.8539E+00  5.0739E-01  5.0739E-01  0.0000E+00
  2.8735E+00  5.0502E-01  5.0502E-01  0.0000E+00
  2.8931E+00  5.0263E-01  5.0263E-01  0.0000E+00
  2.9129E+00  5.0022E-01  5.0022E-01  0.0000E+00
  2.9328E+00  4.9778E-01  4.9778E-01  0.0000E+00
  2.9529E+00  4.9533E-01  4.9533E-01  0.0000E+00
  2.9731E+00  4.9286E-01  4.9286E-01  0.0000E+00
  2.9934E+00  4.9037E-01  4.9037E-01  0.0000E+00
  3.0139E+00  4.8785E-01  4.8785E-01  0.0000E+00
  3.0345E+00  4.8532E-01  4.8532E-01  0.0000E+00
  3.0553E+00  4.8277E-01  4.8277E-01  0.0000E+00
  3.0762E+00  4.8020E-01  4.8020E-01  0.0000E+00
  3.0972E+00  4.7762E-01  4.7762E-01  0.0000E+00
  3.1184E+00  4.7501E-01  4.7501E-01  0.0000E+00
  3.1397E+00  4.7239E-01  4.7239E-01  0.0000E+00
  3.1612E+00  4.6975E-01  4.6975E-01  0.0000E+00
  3.1828E+00  4.6709E-01  4.6709E-01  0.0000E+00
