 # l=           2 basis function with energy     2.0000000000000000     
  0.0000E+00 -0.0000E+00 -0.0000E+00  0.0000E+00
  6.5668E-07 -1.2314E-13 -1.3876E-18 -2.1863E-18
  1.3178E-06 -7.5041E-13 -1.1215E-17 -1.7671E-17
  1.9835E-06 -2.1680E-12 -3.8240E-17 -6.0253E-17
  2.6538E-06 -4.6143E-12 -9.1579E-17 -1.4430E-16
  3.3286E-06 -8.3065E-12 -1.8071E-16 -2.8474E-16
  4.0081E-06 -1.3451E-11 -3.1550E-16 -4.9712E-16
  4.6922E-06 -2.0246E-11 -5.0619E-16 -7.9758E-16
  5.3809E-06 -2.8888E-11 -7.6343E-16 -1.2029E-15
  6.0744E-06 -3.9568E-11 -1.0983E-15 -1.7305E-15
  6.7726E-06 -5.2478E-11 -1.5222E-15 -2.3984E-15
  7.4756E-06 -6.7810E-11 -2.0471E-15 -3.2255E-15
  8.1834E-06 -8.5756E-11 -2.6854E-15 -4.2312E-15
  8.8961E-06 -1.0651E-10 -3.4498E-15 -5.4357E-15
  9.6136E-06 -1.3026E-10 -4.3537E-15 -6.8599E-15
  1.0336E-05 -1.5722E-10 -5.4108E-15 -8.5255E-15
  1.1063E-05 -1.8757E-10 -6.6354E-15 -1.0455E-14
  1.1796E-05 -2.2153E-10 -8.0423E-15 -1.2672E-14
  1.2533E-05 -2.5929E-10 -9.6467E-15 -1.5200E-14
  1.3276E-05 -3.0107E-10 -1.1465E-14 -1.8064E-14
  1.4023E-05 -3.4707E-10 -1.3512E-14 -2.1290E-14
  1.4776E-05 -3.9753E-10 -1.5806E-14 -2.4905E-14
  1.5533E-05 -4.5264E-10 -1.8365E-14 -2.8937E-14
  1.6296E-05 -5.1265E-10 -2.1206E-14 -3.3414E-14
  1.7064E-05 -5.7777E-10 -2.4349E-14 -3.8365E-14
  1.7838E-05 -6.4824E-10 -2.7811E-14 -4.3821E-14
  1.8617E-05 -7.2430E-10 -3.1615E-14 -4.9814E-14
  1.9401E-05 -8.0619E-10 -3.5780E-14 -5.6376E-14
  2.0190E-05 -8.9416E-10 -4.0327E-14 -6.3542E-14
  2.0985E-05 -9.8846E-10 -4.5280E-14 -7.1345E-14
  2.1785E-05 -1.0893E-09 -5.0660E-14 -7.9822E-14
  2.2591E-05 -1.1971E-09 -5.6491E-14 -8.9010E-14
  2.3402E-05 -1.3120E-09 -6.2798E-14 -9.8947E-14
  2.4218E-05 -1.4342E-09 -6.9605E-14 -1.0967E-13
  2.5041E-05 -1.5641E-09 -7.6939E-14 -1.2123E-13
  2.5869E-05 -1.7020E-09 -8.4825E-14 -1.3365E-13
  2.6702E-05 -1.8482E-09 -9.3293E-14 -1.4700E-13
  2.7542E-05 -2.0029E-09 -1.0237E-13 -1.6130E-13
  2.8387E-05 -2.1665E-09 -1.1208E-13 -1.7661E-13
  2.9238E-05 -2.3392E-09 -1.2247E-13 -1.9297E-13
  3.0094E-05 -2.5215E-09 -1.3355E-13 -2.1043E-13
  3.0957E-05 -2.7135E-09 -1.4537E-13 -2.2905E-13
  3.1825E-05 -2.9158E-09 -1.5795E-13 -2.4887E-13
  3.2700E-05 -3.1285E-09 -1.7133E-13 -2.6995E-13
  3.3580E-05 -3.3521E-09 -1.8554E-13 -2.9234E-13
  3.4466E-05 -3.5868E-09 -2.0062E-13 -3.1611E-13
  3.5359E-05 -3.8332E-09 -2.1661E-13 -3.4131E-13
  3.6257E-05 -4.0915E-09 -2.3355E-13 -3.6799E-13
  3.7162E-05 -4.3621E-09 -2.5147E-13 -3.9623E-13
  3.8073E-05 -4.6454E-09 -2.7042E-13 -4.2609E-13
  3.8990E-05 -4.9418E-09 -2.9044E-13 -4.5763E-13
  3.9913E-05 -5.2517E-09 -3.1156E-13 -4.9092E-13
  4.0843E-05 -5.5756E-09 -3.3385E-13 -5.2602E-13
  4.1779E-05 -5.9138E-09 -3.5733E-13 -5.6303E-13
  4.2721E-05 -6.2669E-09 -3.8206E-13 -6.0199E-13
  4.3670E-05 -6.6351E-09 -4.0809E-13 -6.4300E-13
  4.4626E-05 -7.0191E-09 -4.3546E-13 -6.8613E-13
  4.5588E-05 -7.4192E-09 -4.6423E-13 -7.3147E-13
  4.6556E-05 -7.8359E-09 -4.9445E-13 -7.7908E-13
  4.7531E-05 -8.2698E-09 -5.2618E-13 -8.2907E-13
  4.8513E-05 -8.7212E-09 -5.5946E-13 -8.8151E-13
  4.9501E-05 -9.1908E-09 -5.9436E-13 -9.3650E-13
  5.0497E-05 -9.6790E-09 -6.3094E-13 -9.9413E-13
  5.1499E-05 -1.0186E-08 -6.6925E-13 -1.0545E-12
  5.2508E-05 -1.0714E-08 -7.0936E-13 -1.1177E-12
  5.3523E-05 -1.1261E-08 -7.5133E-13 -1.1838E-12
  5.4546E-05 -1.1829E-08 -7.9523E-13 -1.2530E-12
  5.5576E-05 -1.2419E-08 -8.4112E-13 -1.3253E-12
  5.6613E-05 -1.3030E-08 -8.8908E-13 -1.4009E-12
  5.7657E-05 -1.3664E-08 -9.3918E-13 -1.4798E-12
  5.8708E-05 -1.4322E-08 -9.9148E-13 -1.5622E-12
  5.9766E-05 -1.5003E-08 -1.0461E-12 -1.6482E-12
  6.0831E-05 -1.5709E-08 -1.1030E-12 -1.7380E-12
  6.1904E-05 -1.6439E-08 -1.1624E-12 -1.8315E-12
  6.2984E-05 -1.7196E-08 -1.2243E-12 -1.9291E-12
  6.4072E-05 -1.7979E-08 -1.2888E-12 -2.0308E-12
  6.5167E-05 -1.8789E-08 -1.3560E-12 -2.1367E-12
  6.6269E-05 -1.9628E-08 -1.4260E-12 -2.2469E-12
  6.7379E-05 -2.0494E-08 -1.4989E-12 -2.3617E-12
  6.8497E-05 -2.1391E-08 -1.5747E-12 -2.4812E-12
  6.9622E-05 -2.2317E-08 -1.6536E-12 -2.6055E-12
  7.0755E-05 -2.3274E-08 -1.7357E-12 -2.7348E-12
  7.1895E-05 -2.4264E-08 -1.8210E-12 -2.8692E-12
  7.3044E-05 -2.5285E-08 -1.9096E-12 -3.0089E-12
  7.4200E-05 -2.6340E-08 -2.0018E-12 -3.1541E-12
  7.5364E-05 -2.7429E-08 -2.0975E-12 -3.3049E-12
  7.6536E-05 -2.8554E-08 -2.1969E-12 -3.4615E-12
  7.7717E-05 -2.9714E-08 -2.3001E-12 -3.6241E-12
  7.8905E-05 -3.0911E-08 -2.4072E-12 -3.7929E-12
  8.0101E-05 -3.2146E-08 -2.5183E-12 -3.9680E-12
  8.1306E-05 -3.3420E-08 -2.6337E-12 -4.1497E-12
  8.2519E-05 -3.4733E-08 -2.7533E-12 -4.3382E-12
  8.3740E-05 -3.6087E-08 -2.8773E-12 -4.5337E-12
  8.4969E-05 -3.7483E-08 -3.0059E-12 -4.7363E-12
  8.6207E-05 -3.8921E-08 -3.1392E-12 -4.9463E-12
  8.7453E-05 -4.0404E-08 -3.2774E-12 -5.1640E-12
  8.8708E-05 -4.1931E-08 -3.4205E-12 -5.3895E-12
  8.9971E-05 -4.3504E-08 -3.5687E-12 -5.6230E-12
  9.1244E-05 -4.5124E-08 -3.7222E-12 -5.8649E-12
  9.2524E-05 -4.6792E-08 -3.8812E-12 -6.1154E-12
  9.3814E-05 -4.8510E-08 -4.0458E-12 -6.3747E-12
  9.5112E-05 -5.0278E-08 -4.2161E-12 -6.6430E-12
  9.6419E-05 -5.2098E-08 -4.3923E-12 -6.9207E-12
  9.7736E-05 -5.3971E-08 -4.5746E-12 -7.2080E-12
  9.9061E-05 -5.5898E-08 -4.7633E-12 -7.5052E-12
  1.0040E-04 -5.7881E-08 -4.9583E-12 -7.8126E-12
  1.0174E-04 -5.9921E-08 -5.1600E-12 -8.1304E-12
  1.0309E-04 -6.2019E-08 -5.3686E-12 -8.4590E-12
  1.0445E-04 -6.4176E-08 -5.5842E-12 -8.7987E-12
  1.0582E-04 -6.6395E-08 -5.8070E-12 -9.1497E-12
  1.0720E-04 -6.8675E-08 -6.0372E-12 -9.5125E-12
  1.0859E-04 -7.1020E-08 -6.2751E-12 -9.8873E-12
  1.0999E-04 -7.3430E-08 -6.5208E-12 -1.0275E-11
  1.1140E-04 -7.5907E-08 -6.7746E-12 -1.0674E-11
  1.1282E-04 -7.8453E-08 -7.0368E-12 -1.1087E-11
  1.1425E-04 -8.1068E-08 -7.3074E-12 -1.1514E-11
  1.1569E-04 -8.3755E-08 -7.5869E-12 -1.1954E-11
  1.1714E-04 -8.6516E-08 -7.8753E-12 -1.2409E-11
  1.1859E-04 -8.9351E-08 -8.1730E-12 -1.2878E-11
  1.2006E-04 -9.2264E-08 -8.4803E-12 -1.3362E-11
  1.2154E-04 -9.5254E-08 -8.7973E-12 -1.3861E-11
  1.2303E-04 -9.8325E-08 -9.1244E-12 -1.4377E-11
  1.2453E-04 -1.0148E-07 -9.4618E-12 -1.4908E-11
  1.2603E-04 -1.0472E-07 -9.8098E-12 -1.5457E-11
  1.2755E-04 -1.0804E-07 -1.0169E-11 -1.6022E-11
  1.2908E-04 -1.1145E-07 -1.0539E-11 -1.6606E-11
  1.3062E-04 -1.1495E-07 -1.0920E-11 -1.7207E-11
  1.3217E-04 -1.1854E-07 -1.1314E-11 -1.7827E-11
  1.3373E-04 -1.2223E-07 -1.1719E-11 -1.8466E-11
  1.3530E-04 -1.2601E-07 -1.2137E-11 -1.9124E-11
  1.3689E-04 -1.2989E-07 -1.2568E-11 -1.9803E-11
  1.3848E-04 -1.3387E-07 -1.3012E-11 -2.0502E-11
  1.4008E-04 -1.3795E-07 -1.3469E-11 -2.1223E-11
  1.4170E-04 -1.4214E-07 -1.3941E-11 -2.1966E-11
  1.4332E-04 -1.4644E-07 -1.4426E-11 -2.2730E-11
  1.4496E-04 -1.5084E-07 -1.4926E-11 -2.3518E-11
  1.4661E-04 -1.5536E-07 -1.5441E-11 -2.4330E-11
  1.4827E-04 -1.5999E-07 -1.5971E-11 -2.5165E-11
  1.4994E-04 -1.6474E-07 -1.6517E-11 -2.6025E-11
  1.5162E-04 -1.6961E-07 -1.7080E-11 -2.6911E-11
  1.5331E-04 -1.7460E-07 -1.7658E-11 -2.7823E-11
  1.5502E-04 -1.7972E-07 -1.8254E-11 -2.8762E-11
  1.5674E-04 -1.8496E-07 -1.8867E-11 -2.9728E-11
  1.5847E-04 -1.9033E-07 -1.9499E-11 -3.0723E-11
  1.6021E-04 -1.9584E-07 -2.0148E-11 -3.1746E-11
  1.6196E-04 -2.0149E-07 -2.0817E-11 -3.2800E-11
  1.6372E-04 -2.0727E-07 -2.1504E-11 -3.3883E-11
  1.6550E-04 -2.1319E-07 -2.2212E-11 -3.4998E-11
  1.6729E-04 -2.1926E-07 -2.2940E-11 -3.6146E-11
  1.6909E-04 -2.2548E-07 -2.3689E-11 -3.7325E-11
  1.7090E-04 -2.3185E-07 -2.4459E-11 -3.8539E-11
  1.7273E-04 -2.3838E-07 -2.5252E-11 -3.9787E-11
  1.7457E-04 -2.4506E-07 -2.6066E-11 -4.1071E-11
  1.7642E-04 -2.5191E-07 -2.6904E-11 -4.2391E-11
  1.7828E-04 -2.5892E-07 -2.7766E-11 -4.3749E-11
  1.8016E-04 -2.6610E-07 -2.8651E-11 -4.5145E-11
  1.8205E-04 -2.7346E-07 -2.9562E-11 -4.6580E-11
  1.8395E-04 -2.8098E-07 -3.0498E-11 -4.8055E-11
  1.8586E-04 -2.8869E-07 -3.1461E-11 -4.9571E-11
  1.8779E-04 -2.9659E-07 -3.2450E-11 -5.1130E-11
  1.8973E-04 -3.0467E-07 -3.3467E-11 -5.2732E-11
  1.9169E-04 -3.1294E-07 -3.4512E-11 -5.4378E-11
  1.9365E-04 -3.2141E-07 -3.5585E-11 -5.6070E-11
  1.9563E-04 -3.3008E-07 -3.6689E-11 -5.7809E-11
  1.9763E-04 -3.3895E-07 -3.7823E-11 -5.9595E-11
  1.9964E-04 -3.4803E-07 -3.8988E-11 -6.1431E-11
  2.0166E-04 -3.5732E-07 -4.0184E-11 -6.3316E-11
  2.0370E-04 -3.6684E-07 -4.1414E-11 -6.5253E-11
  2.0575E-04 -3.7657E-07 -4.2677E-11 -6.7243E-11
  2.0781E-04 -3.8653E-07 -4.3974E-11 -6.9287E-11
  2.0989E-04 -3.9672E-07 -4.5306E-11 -7.1387E-11
  2.1198E-04 -4.0715E-07 -4.6675E-11 -7.3543E-11
  2.1409E-04 -4.1782E-07 -4.8080E-11 -7.5758E-11
  2.1621E-04 -4.2874E-07 -4.9524E-11 -7.8032E-11
  2.1834E-04 -4.3991E-07 -5.1006E-11 -8.0367E-11
  2.2049E-04 -4.5134E-07 -5.2527E-11 -8.2764E-11
  2.2266E-04 -4.6302E-07 -5.4090E-11 -8.5226E-11
  2.2484E-04 -4.7498E-07 -5.5694E-11 -8.7754E-11
  2.2703E-04 -4.8721E-07 -5.7340E-11 -9.0348E-11
  2.2924E-04 -4.9972E-07 -5.9031E-11 -9.3012E-11
  2.3147E-04 -5.1252E-07 -6.0766E-11 -9.5746E-11
  2.3371E-04 -5.2560E-07 -6.2547E-11 -9.8553E-11
  2.3596E-04 -5.3898E-07 -6.4376E-11 -1.0143E-10
  2.3823E-04 -5.5267E-07 -6.6252E-11 -1.0439E-10
  2.4052E-04 -5.6667E-07 -6.8178E-11 -1.0742E-10
  2.4282E-04 -5.8098E-07 -7.0154E-11 -1.1054E-10
  2.4514E-04 -5.9561E-07 -7.2182E-11 -1.1373E-10
  2.4747E-04 -6.1058E-07 -7.4263E-11 -1.1701E-10
  2.4982E-04 -6.2588E-07 -7.6398E-11 -1.2038E-10
  2.5219E-04 -6.4152E-07 -7.8589E-11 -1.2383E-10
  2.5457E-04 -6.5751E-07 -8.0836E-11 -1.2737E-10
  2.5697E-04 -6.7386E-07 -8.3142E-11 -1.3100E-10
  2.5938E-04 -6.9058E-07 -8.5508E-11 -1.3473E-10
  2.6181E-04 -7.0767E-07 -8.7934E-11 -1.3855E-10
  2.6426E-04 -7.2513E-07 -9.0423E-11 -1.4248E-10
  2.6672E-04 -7.4299E-07 -9.2977E-11 -1.4650E-10
  2.6920E-04 -7.6124E-07 -9.5595E-11 -1.5062E-10
  2.7170E-04 -7.7989E-07 -9.8281E-11 -1.5486E-10
  2.7422E-04 -7.9896E-07 -1.0104E-10 -1.5920E-10
  2.7675E-04 -8.1845E-07 -1.0386E-10 -1.6365E-10
  2.7930E-04 -8.3837E-07 -1.0676E-10 -1.6821E-10
  2.8186E-04 -8.5872E-07 -1.0973E-10 -1.7289E-10
  2.8445E-04 -8.7953E-07 -1.1278E-10 -1.7769E-10
  2.8705E-04 -9.0078E-07 -1.1590E-10 -1.8262E-10
  2.8967E-04 -9.2251E-07 -1.1910E-10 -1.8766E-10
  2.9231E-04 -9.4471E-07 -1.2238E-10 -1.9284E-10
  2.9497E-04 -9.6739E-07 -1.2575E-10 -1.9814E-10
  2.9764E-04 -9.9057E-07 -1.2920E-10 -2.0358E-10
  3.0033E-04 -1.0143E-06 -1.3274E-10 -2.0915E-10
  3.0304E-04 -1.0385E-06 -1.3637E-10 -2.1487E-10
  3.0577E-04 -1.0632E-06 -1.4009E-10 -2.2073E-10
  3.0852E-04 -1.0884E-06 -1.4390E-10 -2.2673E-10
  3.1129E-04 -1.1142E-06 -1.4780E-10 -2.3289E-10
  3.1407E-04 -1.1406E-06 -1.5181E-10 -2.3919E-10
  3.1688E-04 -1.1675E-06 -1.5591E-10 -2.4566E-10
  3.1970E-04 -1.1951E-06 -1.6012E-10 -2.5229E-10
  3.2255E-04 -1.2232E-06 -1.6443E-10 -2.5908E-10
  3.2541E-04 -1.2519E-06 -1.6884E-10 -2.6604E-10
  3.2829E-04 -1.2812E-06 -1.7337E-10 -2.7317E-10
  3.3119E-04 -1.3112E-06 -1.7801E-10 -2.8048E-10
  3.3412E-04 -1.3418E-06 -1.8276E-10 -2.8797E-10
  3.3706E-04 -1.3730E-06 -1.8763E-10 -2.9564E-10
  3.4002E-04 -1.4049E-06 -1.9262E-10 -3.0351E-10
  3.4300E-04 -1.4376E-06 -1.9774E-10 -3.1156E-10
  3.4600E-04 -1.4709E-06 -2.0298E-10 -3.1982E-10
  3.4903E-04 -1.5049E-06 -2.0834E-10 -3.2827E-10
  3.5207E-04 -1.5396E-06 -2.1384E-10 -3.3694E-10
  3.5514E-04 -1.5751E-06 -2.1947E-10 -3.4581E-10
  3.5822E-04 -1.6113E-06 -2.2525E-10 -3.5491E-10
  3.6133E-04 -1.6483E-06 -2.3116E-10 -3.6422E-10
  3.6446E-04 -1.6861E-06 -2.3721E-10 -3.7376E-10
  3.6761E-04 -1.7247E-06 -2.4342E-10 -3.8354E-10
  3.7078E-04 -1.7641E-06 -2.4977E-10 -3.9355E-10
  3.7397E-04 -1.8043E-06 -2.5628E-10 -4.0380E-10
  3.7719E-04 -1.8454E-06 -2.6294E-10 -4.1431E-10
  3.8042E-04 -1.8873E-06 -2.6977E-10 -4.2506E-10
  3.8368E-04 -1.9301E-06 -2.7676E-10 -4.3608E-10
  3.8696E-04 -1.9738E-06 -2.8392E-10 -4.4736E-10
  3.9026E-04 -2.0185E-06 -2.9126E-10 -4.5892E-10
  3.9359E-04 -2.0641E-06 -2.9877E-10 -4.7075E-10
  3.9694E-04 -2.1106E-06 -3.0646E-10 -4.8287E-10
  4.0031E-04 -2.1581E-06 -3.1433E-10 -4.9528E-10
  4.0371E-04 -2.2066E-06 -3.2240E-10 -5.0799E-10
  4.0712E-04 -2.2561E-06 -3.3066E-10 -5.2100E-10
  4.1057E-04 -2.3067E-06 -3.3911E-10 -5.3432E-10
  4.1403E-04 -2.3583E-06 -3.4777E-10 -5.4797E-10
  4.1752E-04 -2.4110E-06 -3.5664E-10 -5.6193E-10
  4.2103E-04 -2.4647E-06 -3.6571E-10 -5.7624E-10
  4.2457E-04 -2.5196E-06 -3.7501E-10 -5.9088E-10
  4.2813E-04 -2.5757E-06 -3.8452E-10 -6.0587E-10
  4.3171E-04 -2.6329E-06 -3.9426E-10 -6.2122E-10
  4.3532E-04 -2.6913E-06 -4.0423E-10 -6.3693E-10
  4.3896E-04 -2.7509E-06 -4.1444E-10 -6.5302E-10
  4.4262E-04 -2.8117E-06 -4.2489E-10 -6.6948E-10
  4.4630E-04 -2.8738E-06 -4.3559E-10 -6.8634E-10
  4.5001E-04 -2.9372E-06 -4.4654E-10 -7.0359E-10
  4.5374E-04 -3.0018E-06 -4.5775E-10 -7.2126E-10
  4.5750E-04 -3.0679E-06 -4.6923E-10 -7.3934E-10
  4.6129E-04 -3.1352E-06 -4.8097E-10 -7.5785E-10
  4.6510E-04 -3.2040E-06 -4.9300E-10 -7.7679E-10
  4.6894E-04 -3.2742E-06 -5.0530E-10 -7.9618E-10
  4.7280E-04 -3.3458E-06 -5.1790E-10 -8.1602E-10
  4.7669E-04 -3.4189E-06 -5.3079E-10 -8.3633E-10
  4.8061E-04 -3.4935E-06 -5.4398E-10 -8.5712E-10
  4.8456E-04 -3.5697E-06 -5.5748E-10 -8.7839E-10
  4.8853E-04 -3.6474E-06 -5.7130E-10 -9.0017E-10
  4.9253E-04 -3.7267E-06 -5.8544E-10 -9.2245E-10
  4.9655E-04 -3.8076E-06 -5.9991E-10 -9.4525E-10
  5.0060E-04 -3.8902E-06 -6.1472E-10 -9.6859E-10
  5.0468E-04 -3.9744E-06 -6.2988E-10 -9.9247E-10
  5.0879E-04 -4.0604E-06 -6.4539E-10 -1.0169E-09
  5.1293E-04 -4.1481E-06 -6.6126E-10 -1.0419E-09
  5.1709E-04 -4.2377E-06 -6.7750E-10 -1.0675E-09
  5.2129E-04 -4.3290E-06 -6.9412E-10 -1.0937E-09
  5.2551E-04 -4.4222E-06 -7.1112E-10 -1.1205E-09
  5.2976E-04 -4.5174E-06 -7.2852E-10 -1.1479E-09
  5.3404E-04 -4.6144E-06 -7.4632E-10 -1.1759E-09
  5.3835E-04 -4.7134E-06 -7.6453E-10 -1.2046E-09
  5.4269E-04 -4.8145E-06 -7.8317E-10 -1.2340E-09
  5.4706E-04 -4.9175E-06 -8.0223E-10 -1.2640E-09
  5.5146E-04 -5.0227E-06 -8.2174E-10 -1.2948E-09
  5.5589E-04 -5.1300E-06 -8.4170E-10 -1.3262E-09
  5.6034E-04 -5.2395E-06 -8.6211E-10 -1.3584E-09
  5.6483E-04 -5.3512E-06 -8.8300E-10 -1.3913E-09
  5.6935E-04 -5.4652E-06 -9.0437E-10 -1.4250E-09
  5.7390E-04 -5.5815E-06 -9.2623E-10 -1.4594E-09
  5.7849E-04 -5.7001E-06 -9.4859E-10 -1.4946E-09
  5.8310E-04 -5.8211E-06 -9.7147E-10 -1.5307E-09
  5.8775E-04 -5.9446E-06 -9.9487E-10 -1.5676E-09
  5.9242E-04 -6.0705E-06 -1.0188E-09 -1.6053E-09
  5.9713E-04 -6.1990E-06 -1.0433E-09 -1.6439E-09
  6.0187E-04 -6.3301E-06 -1.0683E-09 -1.6833E-09
  6.0665E-04 -6.4638E-06 -1.0940E-09 -1.7237E-09
  6.1145E-04 -6.6002E-06 -1.1202E-09 -1.7650E-09
  6.1629E-04 -6.7394E-06 -1.1470E-09 -1.8072E-09
  6.2116E-04 -6.8813E-06 -1.1744E-09 -1.8504E-09
  6.2607E-04 -7.0262E-06 -1.2024E-09 -1.8946E-09
  6.3101E-04 -7.1739E-06 -1.2311E-09 -1.9398E-09
  6.3598E-04 -7.3246E-06 -1.2605E-09 -1.9860E-09
  6.4099E-04 -7.4783E-06 -1.2905E-09 -2.0333E-09
  6.4603E-04 -7.6351E-06 -1.3211E-09 -2.0817E-09
  6.5110E-04 -7.7950E-06 -1.3525E-09 -2.1311E-09
  6.5621E-04 -7.9582E-06 -1.3846E-09 -2.1817E-09
  6.6136E-04 -8.1246E-06 -1.4174E-09 -2.2334E-09
  6.6654E-04 -8.2943E-06 -1.4510E-09 -2.2863E-09
  6.7175E-04 -8.4674E-06 -1.4853E-09 -2.3404E-09
  6.7700E-04 -8.6440E-06 -1.5205E-09 -2.3957E-09
  6.8229E-04 -8.8242E-06 -1.5564E-09 -2.4523E-09
  6.8762E-04 -9.0079E-06 -1.5931E-09 -2.5101E-09
  6.9298E-04 -9.1953E-06 -1.6306E-09 -2.5693E-09
  6.9837E-04 -9.3864E-06 -1.6690E-09 -2.6298E-09
  7.0381E-04 -9.5814E-06 -1.7083E-09 -2.6916E-09
  7.0928E-04 -9.7802E-06 -1.7484E-09 -2.7549E-09
  7.1478E-04 -9.9830E-06 -1.7895E-09 -2.8196E-09
  7.2033E-04 -1.0190E-05 -1.8314E-09 -2.8857E-09
  7.2591E-04 -1.0401E-05 -1.8744E-09 -2.9533E-09
  7.3153E-04 -1.0616E-05 -1.9182E-09 -3.0225E-09
  7.3720E-04 -1.0835E-05 -1.9631E-09 -3.0932E-09
  7.4289E-04 -1.1059E-05 -2.0090E-09 -3.1655E-09
  7.4863E-04 -1.1287E-05 -2.0559E-09 -3.2394E-09
  7.5441E-04 -1.1520E-05 -2.1039E-09 -3.3150E-09
  7.6023E-04 -1.1758E-05 -2.1529E-09 -3.3922E-09
  7.6608E-04 -1.2000E-05 -2.2031E-09 -3.4712E-09
  7.7198E-04 -1.2247E-05 -2.2543E-09 -3.5520E-09
  7.7792E-04 -1.2498E-05 -2.3067E-09 -3.6346E-09
  7.8389E-04 -1.2755E-05 -2.3603E-09 -3.7190E-09
  7.8991E-04 -1.3017E-05 -2.4151E-09 -3.8053E-09
  7.9597E-04 -1.3284E-05 -2.4711E-09 -3.8936E-09
  8.0207E-04 -1.3556E-05 -2.5284E-09 -3.9838E-09
  8.0822E-04 -1.3834E-05 -2.5869E-09 -4.0760E-09
  8.1440E-04 -1.4117E-05 -2.6467E-09 -4.1703E-09
  8.2063E-04 -1.4406E-05 -2.7079E-09 -4.2667E-09
  8.2690E-04 -1.4701E-05 -2.7705E-09 -4.3653E-09
  8.3321E-04 -1.5001E-05 -2.8344E-09 -4.4660E-09
  8.3956E-04 -1.5308E-05 -2.8998E-09 -4.5690E-09
  8.4596E-04 -1.5620E-05 -2.9666E-09 -4.6743E-09
  8.5241E-04 -1.5939E-05 -3.0349E-09 -4.7819E-09
  8.5889E-04 -1.6263E-05 -3.1047E-09 -4.8919E-09
  8.6543E-04 -1.6595E-05 -3.1760E-09 -5.0043E-09
  8.7200E-04 -1.6932E-05 -3.2490E-09 -5.1193E-09
  8.7862E-04 -1.7277E-05 -3.3236E-09 -5.2368E-09
  8.8529E-04 -1.7628E-05 -3.3998E-09 -5.3569E-09
  8.9200E-04 -1.7986E-05 -3.4777E-09 -5.4796E-09
  8.9876E-04 -1.8351E-05 -3.5574E-09 -5.6051E-09
  9.0556E-04 -1.8724E-05 -3.6388E-09 -5.7334E-09
  9.1241E-04 -1.9103E-05 -3.7220E-09 -5.8645E-09
  9.1931E-04 -1.9490E-05 -3.8070E-09 -5.9985E-09
  9.2626E-04 -1.9885E-05 -3.8939E-09 -6.1355E-09
  9.3325E-04 -2.0288E-05 -3.9828E-09 -6.2755E-09
  9.4029E-04 -2.0698E-05 -4.0736E-09 -6.4186E-09
  9.4738E-04 -2.1117E-05 -4.1664E-09 -6.5648E-09
  9.5451E-04 -2.1543E-05 -4.2613E-09 -6.7143E-09
  9.6170E-04 -2.1979E-05 -4.3583E-09 -6.8671E-09
  9.6893E-04 -2.2422E-05 -4.4574E-09 -7.0232E-09
  9.7622E-04 -2.2875E-05 -4.5586E-09 -7.1828E-09
  9.8355E-04 -2.3336E-05 -4.6622E-09 -7.3459E-09
  9.9093E-04 -2.3806E-05 -4.7680E-09 -7.5126E-09
  9.9837E-04 -2.4286E-05 -4.8761E-09 -7.6830E-09
  1.0059E-03 -2.4774E-05 -4.9866E-09 -7.8571E-09
  1.0134E-03 -2.5273E-05 -5.0995E-09 -8.0350E-09
  1.0210E-03 -2.5781E-05 -5.2149E-09 -8.2169E-09
  1.0286E-03 -2.6299E-05 -5.3329E-09 -8.4027E-09
  1.0363E-03 -2.6828E-05 -5.4534E-09 -8.5926E-09
  1.0441E-03 -2.7366E-05 -5.5766E-09 -8.7867E-09
  1.0519E-03 -2.7916E-05 -5.7025E-09 -8.9851E-09
  1.0597E-03 -2.8475E-05 -5.8311E-09 -9.1878E-09
  1.0676E-03 -2.9046E-05 -5.9626E-09 -9.3949E-09
  1.0756E-03 -2.9628E-05 -6.0969E-09 -9.6066E-09
  1.0836E-03 -3.0222E-05 -6.2342E-09 -9.8229E-09
  1.0916E-03 -3.0827E-05 -6.3745E-09 -1.0044E-08
  1.0998E-03 -3.1444E-05 -6.5179E-09 -1.0270E-08
  1.1080E-03 -3.2073E-05 -6.6644E-09 -1.0501E-08
  1.1162E-03 -3.2714E-05 -6.8141E-09 -1.0737E-08
  1.1245E-03 -3.3368E-05 -6.9671E-09 -1.0978E-08
  1.1328E-03 -3.4034E-05 -7.1234E-09 -1.1224E-08
  1.1412E-03 -3.4714E-05 -7.2831E-09 -1.1476E-08
  1.1497E-03 -3.5406E-05 -7.4464E-09 -1.1733E-08
  1.1582E-03 -3.6113E-05 -7.6132E-09 -1.1996E-08
  1.1668E-03 -3.6833E-05 -7.7836E-09 -1.2264E-08
  1.1754E-03 -3.7567E-05 -7.9577E-09 -1.2539E-08
  1.1841E-03 -3.8315E-05 -8.1357E-09 -1.2819E-08
  1.1929E-03 -3.9078E-05 -8.3175E-09 -1.3105E-08
  1.2017E-03 -3.9856E-05 -8.5032E-09 -1.3398E-08
  1.2106E-03 -4.0649E-05 -8.6931E-09 -1.3697E-08
  1.2195E-03 -4.1457E-05 -8.8870E-09 -1.4003E-08
  1.2285E-03 -4.2281E-05 -9.0852E-09 -1.4315E-08
  1.2376E-03 -4.3122E-05 -9.2876E-09 -1.4634E-08
  1.2467E-03 -4.3978E-05 -9.4945E-09 -1.4960E-08
  1.2559E-03 -4.4851E-05 -9.7059E-09 -1.5293E-08
  1.2651E-03 -4.5741E-05 -9.9219E-09 -1.5633E-08
  1.2744E-03 -4.6649E-05 -1.0143E-08 -1.5981E-08
  1.2838E-03 -4.7574E-05 -1.0368E-08 -1.6336E-08
  1.2932E-03 -4.8517E-05 -1.0598E-08 -1.6699E-08
  1.3027E-03 -4.9479E-05 -1.0834E-08 -1.7070E-08
  1.3123E-03 -5.0459E-05 -1.1074E-08 -1.7449E-08
  1.3219E-03 -5.1458E-05 -1.1320E-08 -1.7836E-08
  1.3316E-03 -5.2476E-05 -1.1571E-08 -1.8231E-08
  1.3414E-03 -5.3515E-05 -1.1827E-08 -1.8635E-08
  1.3512E-03 -5.4573E-05 -1.2089E-08 -1.9048E-08
  1.3611E-03 -5.5652E-05 -1.2357E-08 -1.9470E-08
  1.3711E-03 -5.6752E-05 -1.2630E-08 -1.9901E-08
  1.3811E-03 -5.7874E-05 -1.2910E-08 -2.0341E-08
  1.3912E-03 -5.9017E-05 -1.3195E-08 -2.0791E-08
  1.4014E-03 -6.0182E-05 -1.3486E-08 -2.1250E-08
  1.4117E-03 -6.1370E-05 -1.3784E-08 -2.1719E-08
  1.4220E-03 -6.2581E-05 -1.4089E-08 -2.2199E-08
  1.4324E-03 -6.3815E-05 -1.4400E-08 -2.2689E-08
  1.4428E-03 -6.5074E-05 -1.4717E-08 -2.3189E-08
  1.4533E-03 -6.6356E-05 -1.5042E-08 -2.3700E-08
  1.4639E-03 -6.7664E-05 -1.5373E-08 -2.4222E-08
  1.4746E-03 -6.8997E-05 -1.5712E-08 -2.4756E-08
  1.4853E-03 -7.0355E-05 -1.6057E-08 -2.5301E-08
  1.4962E-03 -7.1740E-05 -1.6411E-08 -2.5858E-08
  1.5070E-03 -7.3152E-05 -1.6772E-08 -2.6426E-08
  1.5180E-03 -7.4591E-05 -1.7140E-08 -2.7007E-08
  1.5291E-03 -7.6058E-05 -1.7517E-08 -2.7601E-08
  1.5402E-03 -7.7554E-05 -1.7902E-08 -2.8207E-08
  1.5514E-03 -7.9078E-05 -1.8295E-08 -2.8827E-08
  1.5626E-03 -8.0632E-05 -1.8697E-08 -2.9459E-08
  1.5740E-03 -8.2216E-05 -1.9107E-08 -3.0106E-08
  1.5854E-03 -8.3830E-05 -1.9526E-08 -3.0766E-08
  1.5969E-03 -8.5476E-05 -1.9954E-08 -3.1440E-08
  1.6085E-03 -8.7154E-05 -2.0391E-08 -3.2129E-08
  1.6201E-03 -8.8864E-05 -2.0838E-08 -3.2833E-08
  1.6319E-03 -9.0607E-05 -2.1294E-08 -3.3552E-08
  1.6437E-03 -9.2383E-05 -2.1760E-08 -3.4286E-08
  1.6556E-03 -9.4194E-05 -2.2236E-08 -3.5036E-08
  1.6676E-03 -9.6040E-05 -2.2722E-08 -3.5802E-08
  1.6796E-03 -9.7922E-05 -2.3219E-08 -3.6584E-08
  1.6918E-03 -9.9840E-05 -2.3726E-08 -3.7384E-08
  1.7040E-03 -1.0180E-04 -2.4244E-08 -3.8200E-08
  1.7163E-03 -1.0379E-04 -2.4774E-08 -3.9034E-08
  1.7287E-03 -1.0582E-04 -2.5314E-08 -3.9886E-08
  1.7412E-03 -1.0789E-04 -2.5866E-08 -4.0756E-08
  1.7538E-03 -1.1000E-04 -2.6431E-08 -4.1645E-08
  1.7664E-03 -1.1215E-04 -2.7007E-08 -4.2553E-08
  1.7791E-03 -1.1434E-04 -2.7595E-08 -4.3480E-08
  1.7920E-03 -1.1658E-04 -2.8196E-08 -4.4427E-08
  1.8049E-03 -1.1886E-04 -2.8810E-08 -4.5395E-08
  1.8179E-03 -1.2118E-04 -2.9437E-08 -4.6383E-08
  1.8310E-03 -1.2355E-04 -3.0078E-08 -4.7392E-08
  1.8442E-03 -1.2596E-04 -3.0732E-08 -4.8423E-08
  1.8574E-03 -1.2842E-04 -3.1400E-08 -4.9476E-08
  1.8708E-03 -1.3092E-04 -3.2083E-08 -5.0551E-08
  1.8842E-03 -1.3348E-04 -3.2780E-08 -5.1650E-08
  1.8978E-03 -1.3608E-04 -3.3492E-08 -5.2772E-08
  1.9114E-03 -1.3874E-04 -3.4219E-08 -5.3917E-08
  1.9252E-03 -1.4144E-04 -3.4962E-08 -5.5088E-08
  1.9390E-03 -1.4420E-04 -3.5721E-08 -5.6283E-08
  1.9529E-03 -1.4701E-04 -3.6495E-08 -5.7504E-08
  1.9669E-03 -1.4987E-04 -3.7287E-08 -5.8751E-08
  1.9810E-03 -1.5279E-04 -3.8095E-08 -6.0024E-08
  1.9952E-03 -1.5577E-04 -3.8920E-08 -6.1325E-08
  2.0095E-03 -1.5880E-04 -3.9763E-08 -6.2653E-08
  2.0239E-03 -1.6189E-04 -4.0625E-08 -6.4010E-08
  2.0384E-03 -1.6504E-04 -4.1504E-08 -6.5395E-08
  2.0530E-03 -1.6825E-04 -4.2402E-08 -6.6811E-08
  2.0677E-03 -1.7153E-04 -4.3319E-08 -6.8256E-08
  2.0825E-03 -1.7486E-04 -4.4256E-08 -6.9732E-08
  2.0974E-03 -1.7826E-04 -4.5213E-08 -7.1240E-08
  2.1124E-03 -1.8173E-04 -4.6190E-08 -7.2779E-08
  2.1275E-03 -1.8526E-04 -4.7188E-08 -7.4352E-08
  2.1428E-03 -1.8886E-04 -4.8207E-08 -7.5958E-08
  2.1581E-03 -1.9253E-04 -4.9248E-08 -7.7598E-08
  2.1735E-03 -1.9627E-04 -5.0311E-08 -7.9273E-08
  2.1890E-03 -2.0008E-04 -5.1397E-08 -8.0984E-08
  2.2046E-03 -2.0396E-04 -5.2506E-08 -8.2731E-08
  2.2204E-03 -2.0792E-04 -5.3638E-08 -8.4515E-08
  2.2362E-03 -2.1196E-04 -5.4795E-08 -8.6337E-08
  2.2522E-03 -2.1607E-04 -5.5976E-08 -8.8198E-08
  2.2682E-03 -2.2026E-04 -5.7182E-08 -9.0098E-08
  2.2844E-03 -2.2454E-04 -5.8413E-08 -9.2039E-08
  2.3007E-03 -2.2889E-04 -5.9671E-08 -9.4021E-08
  2.3171E-03 -2.3333E-04 -6.0956E-08 -9.6045E-08
  2.3336E-03 -2.3785E-04 -6.2268E-08 -9.8112E-08
  2.3502E-03 -2.4246E-04 -6.3608E-08 -1.0022E-07
  2.3669E-03 -2.4716E-04 -6.4976E-08 -1.0238E-07
  2.3838E-03 -2.5195E-04 -6.6373E-08 -1.0458E-07
  2.4007E-03 -2.5683E-04 -6.7800E-08 -1.0683E-07
  2.4178E-03 -2.6180E-04 -6.9257E-08 -1.0912E-07
  2.4350E-03 -2.6687E-04 -7.0745E-08 -1.1147E-07
  2.4523E-03 -2.7203E-04 -7.2265E-08 -1.1386E-07
  2.4697E-03 -2.7730E-04 -7.3817E-08 -1.1631E-07
  2.4873E-03 -2.8266E-04 -7.5402E-08 -1.1881E-07
  2.5050E-03 -2.8813E-04 -7.7020E-08 -1.2136E-07
  2.5228E-03 -2.9371E-04 -7.8673E-08 -1.2396E-07
  2.5407E-03 -2.9939E-04 -8.0360E-08 -1.2662E-07
  2.5587E-03 -3.0518E-04 -8.2084E-08 -1.2933E-07
  2.5769E-03 -3.1108E-04 -8.3844E-08 -1.3211E-07
  2.5951E-03 -3.1709E-04 -8.5641E-08 -1.3494E-07
  2.6136E-03 -3.2322E-04 -8.7476E-08 -1.3783E-07
  2.6321E-03 -3.2946E-04 -8.9350E-08 -1.4078E-07
  2.6507E-03 -3.3583E-04 -9.1264E-08 -1.4380E-07
  2.6695E-03 -3.4231E-04 -9.3218E-08 -1.4688E-07
  2.6884E-03 -3.4892E-04 -9.5214E-08 -1.5002E-07
  2.7075E-03 -3.5566E-04 -9.7252E-08 -1.5323E-07
  2.7267E-03 -3.6252E-04 -9.9333E-08 -1.5651E-07
  2.7460E-03 -3.6952E-04 -1.0146E-07 -1.5986E-07
  2.7654E-03 -3.7665E-04 -1.0363E-07 -1.6328E-07
  2.7850E-03 -3.8392E-04 -1.0584E-07 -1.6677E-07
  2.8047E-03 -3.9133E-04 -1.0811E-07 -1.7034E-07
  2.8245E-03 -3.9887E-04 -1.1042E-07 -1.7398E-07
  2.8445E-03 -4.0656E-04 -1.1278E-07 -1.7770E-07
  2.8646E-03 -4.1440E-04 -1.1519E-07 -1.8149E-07
  2.8849E-03 -4.2239E-04 -1.1765E-07 -1.8537E-07
  2.9053E-03 -4.3053E-04 -1.2016E-07 -1.8933E-07
  2.9258E-03 -4.3883E-04 -1.2272E-07 -1.9337E-07
  2.9465E-03 -4.4728E-04 -1.2534E-07 -1.9749E-07
  2.9673E-03 -4.5590E-04 -1.2802E-07 -2.0171E-07
  2.9882E-03 -4.6468E-04 -1.3075E-07 -2.0601E-07
  3.0093E-03 -4.7363E-04 -1.3354E-07 -2.1041E-07
  3.0306E-03 -4.8274E-04 -1.3638E-07 -2.1489E-07
  3.0519E-03 -4.9204E-04 -1.3929E-07 -2.1947E-07
  3.0735E-03 -5.0151E-04 -1.4226E-07 -2.2415E-07
  3.0951E-03 -5.1116E-04 -1.4529E-07 -2.2893E-07
  3.1170E-03 -5.2099E-04 -1.4839E-07 -2.3381E-07
  3.1390E-03 -5.3101E-04 -1.5155E-07 -2.3879E-07
  3.1611E-03 -5.4122E-04 -1.5478E-07 -2.4387E-07
  3.1834E-03 -5.5163E-04 -1.5807E-07 -2.4906E-07
  3.2058E-03 -5.6224E-04 -1.6144E-07 -2.5437E-07
  3.2284E-03 -5.7304E-04 -1.6487E-07 -2.5978E-07
  3.2511E-03 -5.8406E-04 -1.6838E-07 -2.6531E-07
  3.2740E-03 -5.9528E-04 -1.7196E-07 -2.7095E-07
  3.2971E-03 -6.0672E-04 -1.7562E-07 -2.7671E-07
  3.3203E-03 -6.1837E-04 -1.7935E-07 -2.8260E-07
  3.3436E-03 -6.3025E-04 -1.8317E-07 -2.8861E-07
  3.3672E-03 -6.4235E-04 -1.8706E-07 -2.9474E-07
  3.3908E-03 -6.5468E-04 -1.9104E-07 -3.0101E-07
  3.4147E-03 -6.6725E-04 -1.9510E-07 -3.0740E-07
  3.4387E-03 -6.8005E-04 -1.9924E-07 -3.1393E-07
  3.4629E-03 -6.9310E-04 -2.0347E-07 -3.2060E-07
  3.4872E-03 -7.0640E-04 -2.0779E-07 -3.2741E-07
  3.5117E-03 -7.1995E-04 -2.1221E-07 -3.3436E-07
  3.5364E-03 -7.3376E-04 -2.1671E-07 -3.4146E-07
  3.5613E-03 -7.4783E-04 -2.2131E-07 -3.4871E-07
  3.5863E-03 -7.6216E-04 -2.2601E-07 -3.5611E-07
  3.6115E-03 -7.7677E-04 -2.3080E-07 -3.6366E-07
  3.6368E-03 -7.9166E-04 -2.3570E-07 -3.7138E-07
  3.6623E-03 -8.0683E-04 -2.4070E-07 -3.7925E-07
  3.6881E-03 -8.2228E-04 -2.4580E-07 -3.8730E-07
  3.7139E-03 -8.3803E-04 -2.5101E-07 -3.9551E-07
  3.7400E-03 -8.5408E-04 -2.5633E-07 -4.0389E-07
  3.7662E-03 -8.7043E-04 -2.6177E-07 -4.1245E-07
  3.7926E-03 -8.8710E-04 -2.6731E-07 -4.2119E-07
  3.8192E-03 -9.0408E-04 -2.7298E-07 -4.3012E-07
  3.8460E-03 -9.2138E-04 -2.7876E-07 -4.3923E-07
  3.8730E-03 -9.3900E-04 -2.8466E-07 -4.4853E-07
  3.9001E-03 -9.5697E-04 -2.9069E-07 -4.5803E-07
  3.9275E-03 -9.7527E-04 -2.9685E-07 -4.6773E-07
  3.9550E-03 -9.9392E-04 -3.0313E-07 -4.7763E-07
  3.9827E-03 -1.0129E-03 -3.0955E-07 -4.8774E-07
  4.0106E-03 -1.0323E-03 -3.1610E-07 -4.9806E-07
  4.0387E-03 -1.0520E-03 -3.2278E-07 -5.0859E-07
  4.0670E-03 -1.0721E-03 -3.2961E-07 -5.1935E-07
  4.0954E-03 -1.0926E-03 -3.3658E-07 -5.3034E-07
  4.1241E-03 -1.1135E-03 -3.4370E-07 -5.4155E-07
  4.1530E-03 -1.1347E-03 -3.5097E-07 -5.5300E-07
  4.1820E-03 -1.1564E-03 -3.5839E-07 -5.6470E-07
  4.2113E-03 -1.1785E-03 -3.6597E-07 -5.7663E-07
  4.2408E-03 -1.2010E-03 -3.7370E-07 -5.8882E-07
  4.2704E-03 -1.2239E-03 -3.8160E-07 -6.0126E-07
  4.3003E-03 -1.2472E-03 -3.8966E-07 -6.1396E-07
  4.3304E-03 -1.2710E-03 -3.9789E-07 -6.2693E-07
  4.3606E-03 -1.2952E-03 -4.0629E-07 -6.4018E-07
  4.3911E-03 -1.3199E-03 -4.1487E-07 -6.5369E-07
  4.4218E-03 -1.3451E-03 -4.2363E-07 -6.6750E-07
  4.4527E-03 -1.3707E-03 -4.3258E-07 -6.8159E-07
  4.4838E-03 -1.3969E-03 -4.4171E-07 -6.9598E-07
  4.5151E-03 -1.4235E-03 -4.5103E-07 -7.1067E-07
  4.5467E-03 -1.4506E-03 -4.6055E-07 -7.2566E-07
  4.5784E-03 -1.4782E-03 -4.7027E-07 -7.4097E-07
  4.6104E-03 -1.5063E-03 -4.8019E-07 -7.5661E-07
  4.6426E-03 -1.5350E-03 -4.9032E-07 -7.7256E-07
  4.6750E-03 -1.5642E-03 -5.0066E-07 -7.8886E-07
  4.7076E-03 -1.5940E-03 -5.1122E-07 -8.0549E-07
  4.7405E-03 -1.6243E-03 -5.2199E-07 -8.2248E-07
  4.7736E-03 -1.6552E-03 -5.3300E-07 -8.3982E-07
  4.8069E-03 -1.6867E-03 -5.4423E-07 -8.5752E-07
  4.8404E-03 -1.7187E-03 -5.5570E-07 -8.7559E-07
  4.8742E-03 -1.7514E-03 -5.6741E-07 -8.9404E-07
  4.9082E-03 -1.7847E-03 -5.7937E-07 -9.1288E-07
  4.9424E-03 -1.8186E-03 -5.9157E-07 -9.3211E-07
  4.9769E-03 -1.8531E-03 -6.0403E-07 -9.5174E-07
  5.0116E-03 -1.8883E-03 -6.1676E-07 -9.7179E-07
  5.0465E-03 -1.9242E-03 -6.2974E-07 -9.9225E-07
  5.0817E-03 -1.9607E-03 -6.4300E-07 -1.0131E-06
  5.1171E-03 -1.9979E-03 -6.5654E-07 -1.0345E-06
  5.1528E-03 -2.0358E-03 -6.7036E-07 -1.0563E-06
  5.1887E-03 -2.0744E-03 -6.8447E-07 -1.0785E-06
  5.2248E-03 -2.1138E-03 -6.9888E-07 -1.1012E-06
  5.2612E-03 -2.1538E-03 -7.1358E-07 -1.1244E-06
  5.2978E-03 -2.1947E-03 -7.2860E-07 -1.1480E-06
  5.3347E-03 -2.2362E-03 -7.4392E-07 -1.1722E-06
  5.3719E-03 -2.2786E-03 -7.5957E-07 -1.1968E-06
  5.4093E-03 -2.3218E-03 -7.7555E-07 -1.2220E-06
  5.4469E-03 -2.3657E-03 -7.9185E-07 -1.2477E-06
  5.4848E-03 -2.4105E-03 -8.0850E-07 -1.2739E-06
  5.5230E-03 -2.4561E-03 -8.2550E-07 -1.3007E-06
  5.5614E-03 -2.5026E-03 -8.4286E-07 -1.3280E-06
  5.6001E-03 -2.5499E-03 -8.6057E-07 -1.3560E-06
  5.6391E-03 -2.5982E-03 -8.7866E-07 -1.3845E-06
  5.6783E-03 -2.6473E-03 -8.9712E-07 -1.4135E-06
  5.7178E-03 -2.6973E-03 -9.1597E-07 -1.4432E-06
  5.7576E-03 -2.7483E-03 -9.3522E-07 -1.4736E-06
  5.7976E-03 -2.8002E-03 -9.5486E-07 -1.5045E-06
  5.8379E-03 -2.8531E-03 -9.7492E-07 -1.5361E-06
  5.8785E-03 -2.9070E-03 -9.9539E-07 -1.5684E-06
  5.9194E-03 -2.9619E-03 -1.0163E-06 -1.6013E-06
  5.9605E-03 -3.0178E-03 -1.0376E-06 -1.6349E-06
  6.0020E-03 -3.0747E-03 -1.0594E-06 -1.6693E-06
  6.0437E-03 -3.1327E-03 -1.0817E-06 -1.7043E-06
  6.0857E-03 -3.1917E-03 -1.1044E-06 -1.7401E-06
  6.1279E-03 -3.2519E-03 -1.1275E-06 -1.7766E-06
  6.1705E-03 -3.3132E-03 -1.1512E-06 -1.8139E-06
  6.2134E-03 -3.3756E-03 -1.1754E-06 -1.8520E-06
  6.2565E-03 -3.4392E-03 -1.2000E-06 -1.8908E-06
  6.3000E-03 -3.5039E-03 -1.2252E-06 -1.9305E-06
  6.3437E-03 -3.5699E-03 -1.2509E-06 -1.9710E-06
  6.3878E-03 -3.6371E-03 -1.2771E-06 -2.0123E-06
  6.4321E-03 -3.7055E-03 -1.3039E-06 -2.0545E-06
  6.4768E-03 -3.7752E-03 -1.3313E-06 -2.0976E-06
  6.5217E-03 -3.8462E-03 -1.3592E-06 -2.1416E-06
  6.5670E-03 -3.9185E-03 -1.3877E-06 -2.1865E-06
  6.6126E-03 -3.9921E-03 -1.4168E-06 -2.2323E-06
  6.6585E-03 -4.0671E-03 -1.4465E-06 -2.2791E-06
  6.7047E-03 -4.1434E-03 -1.4768E-06 -2.3269E-06
  6.7512E-03 -4.2212E-03 -1.5077E-06 -2.3756E-06
  6.7980E-03 -4.3004E-03 -1.5393E-06 -2.4254E-06
  6.8452E-03 -4.3811E-03 -1.5716E-06 -2.4763E-06
  6.8926E-03 -4.4633E-03 -1.6045E-06 -2.5281E-06
  6.9404E-03 -4.5470E-03 -1.6381E-06 -2.5811E-06
  6.9886E-03 -4.6322E-03 -1.6724E-06 -2.6352E-06
  7.0370E-03 -4.7190E-03 -1.7075E-06 -2.6904E-06
  7.0858E-03 -4.8073E-03 -1.7432E-06 -2.7467E-06
  7.1349E-03 -4.8974E-03 -1.7797E-06 -2.8042E-06
  7.1844E-03 -4.9890E-03 -1.8170E-06 -2.8629E-06
  7.2342E-03 -5.0824E-03 -1.8550E-06 -2.9229E-06
  7.2843E-03 -5.1774E-03 -1.8939E-06 -2.9841E-06
  7.3348E-03 -5.2742E-03 -1.9335E-06 -3.0466E-06
  7.3856E-03 -5.3728E-03 -1.9740E-06 -3.1103E-06
  7.4368E-03 -5.4732E-03 -2.0153E-06 -3.1754E-06
  7.4883E-03 -5.5754E-03 -2.0575E-06 -3.2419E-06
  7.5402E-03 -5.6795E-03 -2.1006E-06 -3.3097E-06
  7.5924E-03 -5.7855E-03 -2.1445E-06 -3.3790E-06
  7.6450E-03 -5.8935E-03 -2.1894E-06 -3.4497E-06
  7.6980E-03 -6.0034E-03 -2.2352E-06 -3.5218E-06
  7.7513E-03 -6.1153E-03 -2.2819E-06 -3.5955E-06
  7.8050E-03 -6.2293E-03 -2.3297E-06 -3.6707E-06
  7.8590E-03 -6.3453E-03 -2.3784E-06 -3.7475E-06
  7.9134E-03 -6.4635E-03 -2.4281E-06 -3.8259E-06
  7.9682E-03 -6.5838E-03 -2.4789E-06 -3.9059E-06
  8.0234E-03 -6.7063E-03 -2.5307E-06 -3.9875E-06
  8.0789E-03 -6.8311E-03 -2.5837E-06 -4.0709E-06
  8.1348E-03 -6.9581E-03 -2.6377E-06 -4.1560E-06
  8.1911E-03 -7.0874E-03 -2.6928E-06 -4.2429E-06
  8.2478E-03 -7.2191E-03 -2.7491E-06 -4.3316E-06
  8.3049E-03 -7.3531E-03 -2.8066E-06 -4.4221E-06
  8.3623E-03 -7.4896E-03 -2.8652E-06 -4.5146E-06
  8.4202E-03 -7.6286E-03 -2.9251E-06 -4.6089E-06
  8.4784E-03 -7.7701E-03 -2.9862E-06 -4.7052E-06
  8.5371E-03 -7.9142E-03 -3.0486E-06 -4.8035E-06
  8.5961E-03 -8.0608E-03 -3.1123E-06 -4.9039E-06
  8.6556E-03 -8.2102E-03 -3.1774E-06 -5.0064E-06
  8.7154E-03 -8.3622E-03 -3.2437E-06 -5.1109E-06
  8.7757E-03 -8.5170E-03 -3.3115E-06 -5.2177E-06
  8.8364E-03 -8.6745E-03 -3.3807E-06 -5.3267E-06
  8.8975E-03 -8.8350E-03 -3.4513E-06 -5.4379E-06
  8.9590E-03 -8.9983E-03 -3.5233E-06 -5.5515E-06
  9.0209E-03 -9.1645E-03 -3.5969E-06 -5.6674E-06
  9.0833E-03 -9.3338E-03 -3.6720E-06 -5.7858E-06
  9.1461E-03 -9.5061E-03 -3.7487E-06 -5.9066E-06
  9.2093E-03 -9.6815E-03 -3.8270E-06 -6.0299E-06
  9.2729E-03 -9.8600E-03 -3.9068E-06 -6.1558E-06
  9.3370E-03 -1.0042E-02 -3.9884E-06 -6.2843E-06
  9.4015E-03 -1.0227E-02 -4.0716E-06 -6.4154E-06
  9.4665E-03 -1.0415E-02 -4.1566E-06 -6.5493E-06
  9.5319E-03 -1.0607E-02 -4.2434E-06 -6.6860E-06
  9.5977E-03 -1.0802E-02 -4.3319E-06 -6.8256E-06
  9.6640E-03 -1.1001E-02 -4.4223E-06 -6.9680E-06
  9.7308E-03 -1.1203E-02 -4.5146E-06 -7.1134E-06
  9.7980E-03 -1.1409E-02 -4.6088E-06 -7.2618E-06
  9.8657E-03 -1.1618E-02 -4.7050E-06 -7.4133E-06
  9.9338E-03 -1.1831E-02 -4.8031E-06 -7.5680E-06
  1.0002E-02 -1.2048E-02 -4.9033E-06 -7.7258E-06
  1.0072E-02 -1.2269E-02 -5.0056E-06 -7.8870E-06
  1.0141E-02 -1.2494E-02 -5.1100E-06 -8.0515E-06
  1.0211E-02 -1.2723E-02 -5.2166E-06 -8.2194E-06
  1.0282E-02 -1.2956E-02 -5.3254E-06 -8.3908E-06
  1.0353E-02 -1.3193E-02 -5.4364E-06 -8.5658E-06
  1.0424E-02 -1.3434E-02 -5.5498E-06 -8.7444E-06
  1.0496E-02 -1.3680E-02 -5.6655E-06 -8.9267E-06
  1.0568E-02 -1.3930E-02 -5.7836E-06 -9.1129E-06
  1.0641E-02 -1.4184E-02 -5.9042E-06 -9.3028E-06
  1.0715E-02 -1.4443E-02 -6.0273E-06 -9.4968E-06
  1.0789E-02 -1.4706E-02 -6.1529E-06 -9.6947E-06
  1.0863E-02 -1.4974E-02 -6.2812E-06 -9.8968E-06
  1.0938E-02 -1.5247E-02 -6.4121E-06 -1.0103E-05
  1.1014E-02 -1.5524E-02 -6.5457E-06 -1.0314E-05
  1.1090E-02 -1.5807E-02 -6.6821E-06 -1.0529E-05
  1.1166E-02 -1.6094E-02 -6.8214E-06 -1.0748E-05
  1.1243E-02 -1.6387E-02 -6.9635E-06 -1.0972E-05
  1.1321E-02 -1.6685E-02 -7.1086E-06 -1.1201E-05
  1.1399E-02 -1.6987E-02 -7.2568E-06 -1.1434E-05
  1.1477E-02 -1.7296E-02 -7.4079E-06 -1.1672E-05
  1.1557E-02 -1.7609E-02 -7.5623E-06 -1.1915E-05
  1.1636E-02 -1.7928E-02 -7.7198E-06 -1.2164E-05
  1.1717E-02 -1.8253E-02 -7.8806E-06 -1.2417E-05
  1.1797E-02 -1.8583E-02 -8.0448E-06 -1.2676E-05
  1.1879E-02 -1.8919E-02 -8.2123E-06 -1.2940E-05
  1.1961E-02 -1.9261E-02 -8.3834E-06 -1.3209E-05
  1.2043E-02 -1.9609E-02 -8.5580E-06 -1.3484E-05
  1.2126E-02 -1.9963E-02 -8.7362E-06 -1.3765E-05
  1.2210E-02 -2.0323E-02 -8.9181E-06 -1.4052E-05
  1.2294E-02 -2.0690E-02 -9.1038E-06 -1.4344E-05
  1.2379E-02 -2.1062E-02 -9.2933E-06 -1.4643E-05
  1.2464E-02 -2.1441E-02 -9.4868E-06 -1.4948E-05
  1.2550E-02 -2.1827E-02 -9.6843E-06 -1.5259E-05
  1.2636E-02 -2.2220E-02 -9.8859E-06 -1.5577E-05
  1.2723E-02 -2.2619E-02 -1.0092E-05 -1.5901E-05
  1.2811E-02 -2.3025E-02 -1.0302E-05 -1.6232E-05
  1.2899E-02 -2.3438E-02 -1.0516E-05 -1.6570E-05
  1.2988E-02 -2.3858E-02 -1.0735E-05 -1.6915E-05
  1.3078E-02 -2.4286E-02 -1.0959E-05 -1.7267E-05
  1.3168E-02 -2.4721E-02 -1.1187E-05 -1.7626E-05
  1.3259E-02 -2.5163E-02 -1.1419E-05 -1.7993E-05
  1.3350E-02 -2.5613E-02 -1.1657E-05 -1.8367E-05
  1.3442E-02 -2.6070E-02 -1.1900E-05 -1.8749E-05
  1.3534E-02 -2.6536E-02 -1.2147E-05 -1.9139E-05
  1.3628E-02 -2.7009E-02 -1.2400E-05 -1.9538E-05
  1.3722E-02 -2.7491E-02 -1.2658E-05 -1.9944E-05
  1.3816E-02 -2.7980E-02 -1.2921E-05 -2.0359E-05
  1.3911E-02 -2.8478E-02 -1.3190E-05 -2.0783E-05
  1.4007E-02 -2.8985E-02 -1.3464E-05 -2.1215E-05
  1.4104E-02 -2.9500E-02 -1.3745E-05 -2.1656E-05
  1.4201E-02 -3.0024E-02 -1.4030E-05 -2.2107E-05
  1.4298E-02 -3.0557E-02 -1.4322E-05 -2.2566E-05
  1.4397E-02 -3.1098E-02 -1.4620E-05 -2.3036E-05
  1.4496E-02 -3.1649E-02 -1.4924E-05 -2.3515E-05
  1.4596E-02 -3.2209E-02 -1.5235E-05 -2.4004E-05
  1.4696E-02 -3.2779E-02 -1.5551E-05 -2.4503E-05
  1.4797E-02 -3.3358E-02 -1.5875E-05 -2.5013E-05
  1.4899E-02 -3.3947E-02 -1.6205E-05 -2.5533E-05
  1.5002E-02 -3.4546E-02 -1.6542E-05 -2.6064E-05
  1.5105E-02 -3.5155E-02 -1.6886E-05 -2.6605E-05
  1.5209E-02 -3.5775E-02 -1.7237E-05 -2.7159E-05
  1.5314E-02 -3.6404E-02 -1.7595E-05 -2.7723E-05
  1.5419E-02 -3.7044E-02 -1.7961E-05 -2.8299E-05
  1.5525E-02 -3.7695E-02 -1.8334E-05 -2.8888E-05
  1.5632E-02 -3.8357E-02 -1.8715E-05 -2.9488E-05
  1.5740E-02 -3.9029E-02 -1.9104E-05 -3.0101E-05
  1.5848E-02 -3.9713E-02 -1.9501E-05 -3.0727E-05
  1.5957E-02 -4.0409E-02 -1.9907E-05 -3.1365E-05
  1.6067E-02 -4.1115E-02 -2.0320E-05 -3.2017E-05
  1.6178E-02 -4.1834E-02 -2.0743E-05 -3.2683E-05
  1.6289E-02 -4.2564E-02 -2.1174E-05 -3.3362E-05
  1.6401E-02 -4.3307E-02 -2.1614E-05 -3.4055E-05
  1.6514E-02 -4.4061E-02 -2.2063E-05 -3.4763E-05
  1.6627E-02 -4.4828E-02 -2.2521E-05 -3.5485E-05
  1.6742E-02 -4.5608E-02 -2.2989E-05 -3.6222E-05
  1.6857E-02 -4.6400E-02 -2.3467E-05 -3.6975E-05
  1.6973E-02 -4.7206E-02 -2.3955E-05 -3.7743E-05
  1.7090E-02 -4.8025E-02 -2.4452E-05 -3.8527E-05
  1.7207E-02 -4.8857E-02 -2.4960E-05 -3.9328E-05
  1.7325E-02 -4.9702E-02 -2.5479E-05 -4.0145E-05
  1.7445E-02 -5.0562E-02 -2.6008E-05 -4.0979E-05
  1.7565E-02 -5.1435E-02 -2.6548E-05 -4.1830E-05
  1.7685E-02 -5.2322E-02 -2.7100E-05 -4.2699E-05
  1.7807E-02 -5.3224E-02 -2.7663E-05 -4.3585E-05
  1.7930E-02 -5.4141E-02 -2.8237E-05 -4.4491E-05
  1.8053E-02 -5.5072E-02 -2.8824E-05 -4.5415E-05
  1.8177E-02 -5.6019E-02 -2.9422E-05 -4.6358E-05
  1.8302E-02 -5.6980E-02 -3.0033E-05 -4.7321E-05
  1.8428E-02 -5.7957E-02 -3.0657E-05 -4.8303E-05
  1.8554E-02 -5.8950E-02 -3.1293E-05 -4.9306E-05
  1.8682E-02 -5.9959E-02 -3.1943E-05 -5.0330E-05
  1.8810E-02 -6.0984E-02 -3.2607E-05 -5.1375E-05
  1.8940E-02 -6.2025E-02 -3.3284E-05 -5.2442E-05
  1.9070E-02 -6.3083E-02 -3.3975E-05 -5.3531E-05
  1.9201E-02 -6.4157E-02 -3.4680E-05 -5.4642E-05
  1.9333E-02 -6.5249E-02 -3.5400E-05 -5.5776E-05
  1.9466E-02 -6.6358E-02 -3.6135E-05 -5.6934E-05
  1.9600E-02 -6.7485E-02 -3.6885E-05 -5.8116E-05
  1.9734E-02 -6.8629E-02 -3.7651E-05 -5.9323E-05
  1.9870E-02 -6.9791E-02 -3.8432E-05 -6.0554E-05
  2.0007E-02 -7.0972E-02 -3.9230E-05 -6.1811E-05
  2.0144E-02 -7.2171E-02 -4.0044E-05 -6.3094E-05
  2.0283E-02 -7.3389E-02 -4.0876E-05 -6.4404E-05
  2.0422E-02 -7.4626E-02 -4.1724E-05 -6.5740E-05
  2.0562E-02 -7.5883E-02 -4.2590E-05 -6.7105E-05
  2.0704E-02 -7.7159E-02 -4.3474E-05 -6.8497E-05
  2.0846E-02 -7.8454E-02 -4.4376E-05 -6.9919E-05
  2.0989E-02 -7.9770E-02 -4.5297E-05 -7.1370E-05
  2.1133E-02 -8.1107E-02 -4.6237E-05 -7.2851E-05
  2.1279E-02 -8.2464E-02 -4.7196E-05 -7.4362E-05
  2.1425E-02 -8.3842E-02 -4.8176E-05 -7.5905E-05
  2.1572E-02 -8.5241E-02 -4.9175E-05 -7.7480E-05
  2.1720E-02 -8.6661E-02 -5.0196E-05 -7.9088E-05
  2.1869E-02 -8.8104E-02 -5.1237E-05 -8.0729E-05
  2.2020E-02 -8.9568E-02 -5.2300E-05 -8.2404E-05
  2.2171E-02 -9.1055E-02 -5.3385E-05 -8.4113E-05
  2.2323E-02 -9.2564E-02 -5.4493E-05 -8.5858E-05
  2.2477E-02 -9.4097E-02 -5.5623E-05 -8.7639E-05
  2.2631E-02 -9.5652E-02 -5.6777E-05 -8.9457E-05
  2.2786E-02 -9.7231E-02 -5.7955E-05 -9.1313E-05
  2.2943E-02 -9.8834E-02 -5.9157E-05 -9.3207E-05
  2.3100E-02 -1.0046E-01 -6.0384E-05 -9.5141E-05
  2.3259E-02 -1.0211E-01 -6.1637E-05 -9.7114E-05
  2.3419E-02 -1.0379E-01 -6.2915E-05 -9.9128E-05
  2.3580E-02 -1.0549E-01 -6.4220E-05 -1.0118E-04
  2.3742E-02 -1.0722E-01 -6.5552E-05 -1.0328E-04
  2.3905E-02 -1.0897E-01 -6.6911E-05 -1.0542E-04
  2.4069E-02 -1.1075E-01 -6.8299E-05 -1.0761E-04
  2.4234E-02 -1.1255E-01 -6.9716E-05 -1.0984E-04
  2.4401E-02 -1.1438E-01 -7.1161E-05 -1.1212E-04
  2.4568E-02 -1.1624E-01 -7.2637E-05 -1.1445E-04
  2.4737E-02 -1.1813E-01 -7.4143E-05 -1.1682E-04
  2.4907E-02 -1.2004E-01 -7.5681E-05 -1.1924E-04
  2.5078E-02 -1.2198E-01 -7.7250E-05 -1.2171E-04
  2.5250E-02 -1.2395E-01 -7.8852E-05 -1.2424E-04
  2.5423E-02 -1.2595E-01 -8.0487E-05 -1.2681E-04
  2.5598E-02 -1.2798E-01 -8.2155E-05 -1.2944E-04
  2.5774E-02 -1.3003E-01 -8.3859E-05 -1.3213E-04
  2.5950E-02 -1.3212E-01 -8.5597E-05 -1.3486E-04
  2.6129E-02 -1.3423E-01 -8.7372E-05 -1.3766E-04
  2.6308E-02 -1.3638E-01 -8.9183E-05 -1.4051E-04
  2.6489E-02 -1.3856E-01 -9.1032E-05 -1.4343E-04
  2.6670E-02 -1.4077E-01 -9.2919E-05 -1.4640E-04
  2.6853E-02 -1.4300E-01 -9.4845E-05 -1.4943E-04
  2.7038E-02 -1.4528E-01 -9.6811E-05 -1.5253E-04
  2.7223E-02 -1.4758E-01 -9.8818E-05 -1.5569E-04
  2.7410E-02 -1.4991E-01 -1.0087E-04 -1.5892E-04
  2.7598E-02 -1.5228E-01 -1.0296E-04 -1.6221E-04
  2.7788E-02 -1.5468E-01 -1.0509E-04 -1.6558E-04
  2.7979E-02 -1.5712E-01 -1.0727E-04 -1.6901E-04
  2.8171E-02 -1.5959E-01 -1.0949E-04 -1.7251E-04
  2.8364E-02 -1.6209E-01 -1.1176E-04 -1.7609E-04
  2.8559E-02 -1.6463E-01 -1.1408E-04 -1.7973E-04
  2.8755E-02 -1.6720E-01 -1.1644E-04 -1.8346E-04
  2.8952E-02 -1.6981E-01 -1.1885E-04 -1.8726E-04
  2.9151E-02 -1.7245E-01 -1.2132E-04 -1.9114E-04
  2.9351E-02 -1.7513E-01 -1.2383E-04 -1.9510E-04
  2.9552E-02 -1.7785E-01 -1.2640E-04 -1.9914E-04
  2.9755E-02 -1.8060E-01 -1.2902E-04 -2.0327E-04
  2.9959E-02 -1.8339E-01 -1.3169E-04 -2.0748E-04
  3.0165E-02 -1.8622E-01 -1.3442E-04 -2.1178E-04
  3.0372E-02 -1.8908E-01 -1.3720E-04 -2.1617E-04
  3.0580E-02 -1.9198E-01 -1.4004E-04 -2.2065E-04
  3.0790E-02 -1.9493E-01 -1.4295E-04 -2.2522E-04
  3.1001E-02 -1.9791E-01 -1.4591E-04 -2.2988E-04
  3.1214E-02 -2.0093E-01 -1.4893E-04 -2.3465E-04
  3.1428E-02 -2.0399E-01 -1.5202E-04 -2.3951E-04
  3.1643E-02 -2.0709E-01 -1.5516E-04 -2.4447E-04
  3.1861E-02 -2.1023E-01 -1.5838E-04 -2.4953E-04
  3.2079E-02 -2.1341E-01 -1.6166E-04 -2.5470E-04
  3.2299E-02 -2.1663E-01 -1.6501E-04 -2.5998E-04
  3.2521E-02 -2.1989E-01 -1.6843E-04 -2.6536E-04
  3.2744E-02 -2.2320E-01 -1.7191E-04 -2.7086E-04
  3.2969E-02 -2.2655E-01 -1.7548E-04 -2.7647E-04
  3.3195E-02 -2.2994E-01 -1.7911E-04 -2.8219E-04
  3.3422E-02 -2.3337E-01 -1.8282E-04 -2.8804E-04
  3.3652E-02 -2.3684E-01 -1.8661E-04 -2.9400E-04
  3.3882E-02 -2.4036E-01 -1.9047E-04 -3.0009E-04
  3.4115E-02 -2.4393E-01 -1.9441E-04 -3.0630E-04
  3.4349E-02 -2.4754E-01 -1.9844E-04 -3.1265E-04
  3.4584E-02 -2.5119E-01 -2.0255E-04 -3.1912E-04
  3.4822E-02 -2.5489E-01 -2.0674E-04 -3.2573E-04
  3.5061E-02 -2.5863E-01 -2.1103E-04 -3.3247E-04
  3.5301E-02 -2.6242E-01 -2.1540E-04 -3.3936E-04
  3.5543E-02 -2.6625E-01 -2.1986E-04 -3.4638E-04
  3.5787E-02 -2.7014E-01 -2.2441E-04 -3.5356E-04
  3.6032E-02 -2.7406E-01 -2.2905E-04 -3.6088E-04
  3.6279E-02 -2.7804E-01 -2.3380E-04 -3.6835E-04
  3.6528E-02 -2.8206E-01 -2.3864E-04 -3.7597E-04
  3.6779E-02 -2.8613E-01 -2.4358E-04 -3.8376E-04
  3.7031E-02 -2.9025E-01 -2.4862E-04 -3.9170E-04
  3.7285E-02 -2.9441E-01 -2.5377E-04 -3.9981E-04
  3.7541E-02 -2.9863E-01 -2.5902E-04 -4.0809E-04
  3.7798E-02 -3.0289E-01 -2.6438E-04 -4.1653E-04
  3.8057E-02 -3.0720E-01 -2.6986E-04 -4.2516E-04
  3.8318E-02 -3.1156E-01 -2.7544E-04 -4.3396E-04
  3.8581E-02 -3.1597E-01 -2.8114E-04 -4.4294E-04
  3.8845E-02 -3.2043E-01 -2.8696E-04 -4.5211E-04
  3.9112E-02 -3.2495E-01 -2.9290E-04 -4.6146E-04
  3.9380E-02 -3.2951E-01 -2.9897E-04 -4.7102E-04
  3.9650E-02 -3.3412E-01 -3.0515E-04 -4.8076E-04
  3.9922E-02 -3.3878E-01 -3.1147E-04 -4.9071E-04
  4.0196E-02 -3.4350E-01 -3.1792E-04 -5.0087E-04
  4.0471E-02 -3.4826E-01 -3.2450E-04 -5.1123E-04
  4.0749E-02 -3.5308E-01 -3.3121E-04 -5.2181E-04
  4.1028E-02 -3.5795E-01 -3.3807E-04 -5.3261E-04
  4.1309E-02 -3.6287E-01 -3.4506E-04 -5.4363E-04
  4.1592E-02 -3.6784E-01 -3.5220E-04 -5.5488E-04
  4.1878E-02 -3.7287E-01 -3.5949E-04 -5.6636E-04
  4.2165E-02 -3.7794E-01 -3.6693E-04 -5.7808E-04
  4.2454E-02 -3.8307E-01 -3.7452E-04 -5.9004E-04
  4.2745E-02 -3.8826E-01 -3.8227E-04 -6.0225E-04
  4.3038E-02 -3.9349E-01 -3.9018E-04 -6.1471E-04
  4.3333E-02 -3.9878E-01 -3.9826E-04 -6.2743E-04
  4.3630E-02 -4.0412E-01 -4.0650E-04 -6.4041E-04
  4.3929E-02 -4.0952E-01 -4.1491E-04 -6.5366E-04
  4.4230E-02 -4.1497E-01 -4.2349E-04 -6.6718E-04
  4.4533E-02 -4.2047E-01 -4.3225E-04 -6.8098E-04
  4.4839E-02 -4.2603E-01 -4.4120E-04 -6.9507E-04
  4.5146E-02 -4.3164E-01 -4.5032E-04 -7.0945E-04
  4.5455E-02 -4.3730E-01 -4.5964E-04 -7.2413E-04
  4.5767E-02 -4.4302E-01 -4.6915E-04 -7.3910E-04
  4.6081E-02 -4.4879E-01 -4.7885E-04 -7.5439E-04
  4.6396E-02 -4.5461E-01 -4.8876E-04 -7.7000E-04
  4.6714E-02 -4.6049E-01 -4.9887E-04 -7.8592E-04
  4.7035E-02 -4.6642E-01 -5.0919E-04 -8.0218E-04
  4.7357E-02 -4.7240E-01 -5.1972E-04 -8.1877E-04
  4.7682E-02 -4.7844E-01 -5.3047E-04 -8.3570E-04
  4.8008E-02 -4.8453E-01 -5.4144E-04 -8.5298E-04
  4.8337E-02 -4.9068E-01 -5.5264E-04 -8.7062E-04
  4.8669E-02 -4.9688E-01 -5.6407E-04 -8.8863E-04
  4.9002E-02 -5.0313E-01 -5.7574E-04 -9.0700E-04
  4.9338E-02 -5.0943E-01 -5.8764E-04 -9.2576E-04
  4.9676E-02 -5.1579E-01 -5.9979E-04 -9.4490E-04
  5.0017E-02 -5.2220E-01 -6.1220E-04 -9.6444E-04
  5.0359E-02 -5.2866E-01 -6.2486E-04 -9.8438E-04
  5.0704E-02 -5.3517E-01 -6.3778E-04 -1.0047E-03
  5.1052E-02 -5.4174E-01 -6.5097E-04 -1.0255E-03
  5.1402E-02 -5.4836E-01 -6.6443E-04 -1.0467E-03
  5.1754E-02 -5.5502E-01 -6.7817E-04 -1.0683E-03
  5.2109E-02 -5.6174E-01 -6.9219E-04 -1.0904E-03
  5.2466E-02 -5.6851E-01 -7.0650E-04 -1.1130E-03
  5.2825E-02 -5.7533E-01 -7.2111E-04 -1.1360E-03
  5.3187E-02 -5.8220E-01 -7.3602E-04 -1.1595E-03
  5.3552E-02 -5.8912E-01 -7.5123E-04 -1.1834E-03
  5.3919E-02 -5.9609E-01 -7.6676E-04 -1.2079E-03
  5.4288E-02 -6.0311E-01 -7.8261E-04 -1.2329E-03
  5.4660E-02 -6.1017E-01 -7.9879E-04 -1.2583E-03
  5.5034E-02 -6.1729E-01 -8.1530E-04 -1.2844E-03
  5.5412E-02 -6.2445E-01 -8.3216E-04 -1.3109E-03
  5.5791E-02 -6.3165E-01 -8.4936E-04 -1.3380E-03
  5.6173E-02 -6.3890E-01 -8.6692E-04 -1.3656E-03
  5.6558E-02 -6.4620E-01 -8.8483E-04 -1.3939E-03
  5.6946E-02 -6.5354E-01 -9.0312E-04 -1.4227E-03
  5.7336E-02 -6.6093E-01 -9.2179E-04 -1.4521E-03
  5.7729E-02 -6.6836E-01 -9.4084E-04 -1.4821E-03
  5.8124E-02 -6.7583E-01 -9.6028E-04 -1.5127E-03
  5.8523E-02 -6.8334E-01 -9.8013E-04 -1.5440E-03
  5.8924E-02 -6.9090E-01 -1.0004E-03 -1.5759E-03
  5.9327E-02 -6.9849E-01 -1.0211E-03 -1.6084E-03
  5.9734E-02 -7.0613E-01 -1.0422E-03 -1.6417E-03
  6.0143E-02 -7.1380E-01 -1.0637E-03 -1.6756E-03
  6.0555E-02 -7.2151E-01 -1.0857E-03 -1.7102E-03
  6.0970E-02 -7.2926E-01 -1.1081E-03 -1.7455E-03
  6.1387E-02 -7.3704E-01 -1.1310E-03 -1.7816E-03
  6.1808E-02 -7.4486E-01 -1.1544E-03 -1.8184E-03
  6.2231E-02 -7.5271E-01 -1.1782E-03 -1.8559E-03
  6.2658E-02 -7.6059E-01 -1.2026E-03 -1.8943E-03
  6.3087E-02 -7.6850E-01 -1.2274E-03 -1.9334E-03
  6.3519E-02 -7.7645E-01 -1.2528E-03 -1.9733E-03
  6.3954E-02 -7.8442E-01 -1.2786E-03 -2.0141E-03
  6.4392E-02 -7.9242E-01 -1.3051E-03 -2.0557E-03
  6.4833E-02 -8.0045E-01 -1.3320E-03 -2.0981E-03
  6.5277E-02 -8.0850E-01 -1.3595E-03 -2.1415E-03
  6.5725E-02 -8.1658E-01 -1.3876E-03 -2.1857E-03
  6.6175E-02 -8.2468E-01 -1.4163E-03 -2.2308E-03
  6.6628E-02 -8.3280E-01 -1.4455E-03 -2.2769E-03
  6.7084E-02 -8.4094E-01 -1.4754E-03 -2.3239E-03
  6.7544E-02 -8.4910E-01 -1.5058E-03 -2.3719E-03
  6.8007E-02 -8.5727E-01 -1.5369E-03 -2.4209E-03
  6.8472E-02 -8.6546E-01 -1.5687E-03 -2.4708E-03
  6.8941E-02 -8.7366E-01 -1.6011E-03 -2.5219E-03
  6.9414E-02 -8.8188E-01 -1.6341E-03 -2.5739E-03
  6.9889E-02 -8.9010E-01 -1.6679E-03 -2.6271E-03
  7.0368E-02 -8.9834E-01 -1.7023E-03 -2.6813E-03
  7.0850E-02 -9.0658E-01 -1.7375E-03 -2.7366E-03
  7.1335E-02 -9.1482E-01 -1.7733E-03 -2.7931E-03
  7.1824E-02 -9.2307E-01 -1.8099E-03 -2.8508E-03
  7.2315E-02 -9.3132E-01 -1.8473E-03 -2.9096E-03
  7.2811E-02 -9.3957E-01 -1.8854E-03 -2.9697E-03
  7.3309E-02 -9.4781E-01 -1.9244E-03 -3.0309E-03
  7.3812E-02 -9.5605E-01 -1.9641E-03 -3.0935E-03
  7.4317E-02 -9.6429E-01 -2.0046E-03 -3.1573E-03
  7.4826E-02 -9.7251E-01 -2.0460E-03 -3.2225E-03
  7.5338E-02 -9.8072E-01 -2.0882E-03 -3.2890E-03
  7.5854E-02 -9.8892E-01 -2.1313E-03 -3.3568E-03
  7.6374E-02 -9.9711E-01 -2.1753E-03 -3.4261E-03
  7.6897E-02 -1.0053E+00 -2.2202E-03 -3.4968E-03
  7.7424E-02 -1.0134E+00 -2.2660E-03 -3.5689E-03
  7.7954E-02 -1.0215E+00 -2.3128E-03 -3.6425E-03
  7.8488E-02 -1.0296E+00 -2.3605E-03 -3.7177E-03
  7.9025E-02 -1.0377E+00 -2.4092E-03 -3.7944E-03
  7.9566E-02 -1.0457E+00 -2.4589E-03 -3.8726E-03
  8.0111E-02 -1.0538E+00 -2.5097E-03 -3.9525E-03
  8.0660E-02 -1.0617E+00 -2.5615E-03 -4.0340E-03
  8.1212E-02 -1.0697E+00 -2.6143E-03 -4.1172E-03
  8.1768E-02 -1.0776E+00 -2.6682E-03 -4.2021E-03
  8.2328E-02 -1.0854E+00 -2.7233E-03 -4.2888E-03
  8.2892E-02 -1.0932E+00 -2.7795E-03 -4.3772E-03
  8.3460E-02 -1.1010E+00 -2.8368E-03 -4.4675E-03
  8.4031E-02 -1.1087E+00 -2.8953E-03 -4.5596E-03
  8.4607E-02 -1.1163E+00 -2.9550E-03 -4.6536E-03
  8.5186E-02 -1.1239E+00 -3.0160E-03 -4.7495E-03
  8.5769E-02 -1.1314E+00 -3.0782E-03 -4.8474E-03
  8.6357E-02 -1.1389E+00 -3.1416E-03 -4.9473E-03
  8.6948E-02 -1.1463E+00 -3.2064E-03 -5.0493E-03
  8.7543E-02 -1.1536E+00 -3.2725E-03 -5.1534E-03
  8.8143E-02 -1.1609E+00 -3.3400E-03 -5.2596E-03
  8.8746E-02 -1.1681E+00 -3.4089E-03 -5.3680E-03
  8.9354E-02 -1.1752E+00 -3.4792E-03 -5.4786E-03
  8.9966E-02 -1.1822E+00 -3.5509E-03 -5.5915E-03
  9.0582E-02 -1.1891E+00 -3.6241E-03 -5.7067E-03
  9.1202E-02 -1.1960E+00 -3.6988E-03 -5.8243E-03
  9.1826E-02 -1.2027E+00 -3.7750E-03 -5.9443E-03
  9.2455E-02 -1.2094E+00 -3.8528E-03 -6.0668E-03
  9.3088E-02 -1.2160E+00 -3.9322E-03 -6.1918E-03
  9.3726E-02 -1.2224E+00 -4.0133E-03 -6.3193E-03
  9.4367E-02 -1.2288E+00 -4.0960E-03 -6.4495E-03
  9.5013E-02 -1.2350E+00 -4.1804E-03 -6.5823E-03
  9.5664E-02 -1.2411E+00 -4.2665E-03 -6.7179E-03
  9.6319E-02 -1.2471E+00 -4.3544E-03 -6.8562E-03
  9.6978E-02 -1.2530E+00 -4.4442E-03 -6.9974E-03
  9.7642E-02 -1.2588E+00 -4.5357E-03 -7.1415E-03
  9.8311E-02 -1.2644E+00 -4.6292E-03 -7.2885E-03
  9.8984E-02 -1.2699E+00 -4.7245E-03 -7.4386E-03
  9.9662E-02 -1.2752E+00 -4.8218E-03 -7.5917E-03
  1.0034E-01 -1.2805E+00 -4.9212E-03 -7.7480E-03
  1.0103E-01 -1.2855E+00 -5.0225E-03 -7.9075E-03
  1.0172E-01 -1.2905E+00 -5.1259E-03 -8.0702E-03
  1.0242E-01 -1.2953E+00 -5.2315E-03 -8.2363E-03
  1.0312E-01 -1.2999E+00 -5.3392E-03 -8.4058E-03
  1.0383E-01 -1.3043E+00 -5.4492E-03 -8.5788E-03
  1.0454E-01 -1.3086E+00 -5.5614E-03 -8.7553E-03
  1.0525E-01 -1.3128E+00 -5.6759E-03 -8.9355E-03
  1.0597E-01 -1.3167E+00 -5.7927E-03 -9.1193E-03
  1.0670E-01 -1.3205E+00 -5.9120E-03 -9.3069E-03
  1.0743E-01 -1.3241E+00 -6.0336E-03 -9.4983E-03
  1.0816E-01 -1.3275E+00 -6.1578E-03 -9.6937E-03
  1.0891E-01 -1.3308E+00 -6.2846E-03 -9.8931E-03
  1.0965E-01 -1.3338E+00 -6.4139E-03 -1.0097E-02
  1.1040E-01 -1.3366E+00 -6.5459E-03 -1.0304E-02
  1.1116E-01 -1.3393E+00 -6.6806E-03 -1.0516E-02
  1.1192E-01 -1.3417E+00 -6.8180E-03 -1.0732E-02
  1.1268E-01 -1.3439E+00 -6.9583E-03 -1.0953E-02
  1.1346E-01 -1.3459E+00 -7.1014E-03 -1.1178E-02
  1.1423E-01 -1.3477E+00 -7.2475E-03 -1.1408E-02
  1.1501E-01 -1.3493E+00 -7.3966E-03 -1.1642E-02
  1.1580E-01 -1.3507E+00 -7.5487E-03 -1.1881E-02
  1.1659E-01 -1.3518E+00 -7.7040E-03 -1.2126E-02
  1.1739E-01 -1.3527E+00 -7.8624E-03 -1.2375E-02
  1.1820E-01 -1.3533E+00 -8.0240E-03 -1.2629E-02
  1.1901E-01 -1.3537E+00 -8.1890E-03 -1.2888E-02
  1.1982E-01 -1.3539E+00 -8.3574E-03 -1.3153E-02
  1.2064E-01 -1.3538E+00 -8.5292E-03 -1.3423E-02
  1.2147E-01 -1.3535E+00 -8.7045E-03 -1.3699E-02
  1.2230E-01 -1.3529E+00 -8.8834E-03 -1.3980E-02
  1.2313E-01 -1.3520E+00 -9.0660E-03 -1.4267E-02
  1.2398E-01 -1.3509E+00 -9.2523E-03 -1.4560E-02
  1.2483E-01 -1.3495E+00 -9.4424E-03 -1.4859E-02
  1.2568E-01 -1.3478E+00 -9.6364E-03 -1.5164E-02
  1.2654E-01 -1.3459E+00 -9.8343E-03 -1.5475E-02
  1.2741E-01 -1.3436E+00 -1.0036E-02 -1.5793E-02
  1.2828E-01 -1.3411E+00 -1.0243E-02 -1.6117E-02
  1.2916E-01 -1.3383E+00 -1.0453E-02 -1.6447E-02
  1.3004E-01 -1.3352E+00 -1.0668E-02 -1.6785E-02
  1.3093E-01 -1.3318E+00 -1.0887E-02 -1.7129E-02
  1.3183E-01 -1.3281E+00 -1.1110E-02 -1.7480E-02
  1.3273E-01 -1.3241E+00 -1.1338E-02 -1.7839E-02
  1.3364E-01 -1.3198E+00 -1.1571E-02 -1.8205E-02
  1.3455E-01 -1.3152E+00 -1.1808E-02 -1.8578E-02
  1.3547E-01 -1.3102E+00 -1.2051E-02 -1.8959E-02
  1.3640E-01 -1.3050E+00 -1.2298E-02 -1.9347E-02
  1.3733E-01 -1.2994E+00 -1.2550E-02 -1.9744E-02
  1.3827E-01 -1.2935E+00 -1.2808E-02 -2.0148E-02
  1.3922E-01 -1.2872E+00 -1.3071E-02 -2.0561E-02
  1.4017E-01 -1.2807E+00 -1.3339E-02 -2.0982E-02
  1.4113E-01 -1.2738E+00 -1.3612E-02 -2.1412E-02
  1.4210E-01 -1.2665E+00 -1.3892E-02 -2.1851E-02
  1.4307E-01 -1.2590E+00 -1.4176E-02 -2.2298E-02
  1.4405E-01 -1.2511E+00 -1.4467E-02 -2.2755E-02
  1.4504E-01 -1.2428E+00 -1.4764E-02 -2.3220E-02
  1.4603E-01 -1.2342E+00 -1.5066E-02 -2.3696E-02
  1.4703E-01 -1.2252E+00 -1.5375E-02 -2.4180E-02
  1.4804E-01 -1.2159E+00 -1.5690E-02 -2.4675E-02
  1.4905E-01 -1.2062E+00 -1.6012E-02 -2.5180E-02
  1.5007E-01 -1.1962E+00 -1.6340E-02 -2.5695E-02
  1.5110E-01 -1.1858E+00 -1.6674E-02 -2.6221E-02
  1.5213E-01 -1.1751E+00 -1.7016E-02 -2.6757E-02
  1.5317E-01 -1.1640E+00 -1.7364E-02 -2.7304E-02
  1.5422E-01 -1.1525E+00 -1.7720E-02 -2.7862E-02
  1.5528E-01 -1.1407E+00 -1.8083E-02 -2.8431E-02
  1.5634E-01 -1.1285E+00 -1.8453E-02 -2.9012E-02
  1.5741E-01 -1.1159E+00 -1.8831E-02 -2.9605E-02
  1.5849E-01 -1.1029E+00 -1.9216E-02 -3.0210E-02
  1.5957E-01 -1.0896E+00 -1.9609E-02 -3.0827E-02
  1.6066E-01 -1.0759E+00 -2.0010E-02 -3.1456E-02
  1.6176E-01 -1.0618E+00 -2.0420E-02 -3.2099E-02
  1.6287E-01 -1.0474E+00 -2.0837E-02 -3.2754E-02
  1.6398E-01 -1.0326E+00 -2.1264E-02 -3.3422E-02
  1.6511E-01 -1.0174E+00 -2.1698E-02 -3.4104E-02
  1.6624E-01 -1.0018E+00 -2.2142E-02 -3.4800E-02
  1.6737E-01 -9.8588E-01 -2.2595E-02 -3.5510E-02
  1.6852E-01 -9.6956E-01 -2.3056E-02 -3.6234E-02
  1.6967E-01 -9.5287E-01 -2.3527E-02 -3.6973E-02
  1.7083E-01 -9.3580E-01 -2.4008E-02 -3.7726E-02
  1.7200E-01 -9.1836E-01 -2.4499E-02 -3.8495E-02
  1.7318E-01 -9.0054E-01 -2.4999E-02 -3.9280E-02
  1.7436E-01 -8.8236E-01 -2.5509E-02 -4.0080E-02
  1.7556E-01 -8.6380E-01 -2.6030E-02 -4.0896E-02
  1.7676E-01 -8.4487E-01 -2.6562E-02 -4.1729E-02
  1.7797E-01 -8.2557E-01 -2.7104E-02 -4.2578E-02
  1.7919E-01 -8.0590E-01 -2.7657E-02 -4.3445E-02
  1.8041E-01 -7.8587E-01 -2.8221E-02 -4.4329E-02
  1.8165E-01 -7.6548E-01 -2.8797E-02 -4.5231E-02
  1.8289E-01 -7.4472E-01 -2.9384E-02 -4.6151E-02
  1.8414E-01 -7.2361E-01 -2.9983E-02 -4.7089E-02
  1.8540E-01 -7.0214E-01 -3.0594E-02 -4.8046E-02
  1.8667E-01 -6.8032E-01 -3.1218E-02 -4.9023E-02
  1.8795E-01 -6.5814E-01 -3.1854E-02 -5.0019E-02
  1.8924E-01 -6.3562E-01 -3.2503E-02 -5.1035E-02
  1.9053E-01 -6.1276E-01 -3.3165E-02 -5.2071E-02
  1.9183E-01 -5.8955E-01 -3.3841E-02 -5.3128E-02
  1.9315E-01 -5.6601E-01 -3.4530E-02 -5.4206E-02
  1.9447E-01 -5.4213E-01 -3.5233E-02 -5.5306E-02
  1.9580E-01 -5.1793E-01 -3.5950E-02 -5.6428E-02
  1.9714E-01 -4.9340E-01 -3.6681E-02 -5.7572E-02
  1.9849E-01 -4.6855E-01 -3.7428E-02 -5.8740E-02
  1.9985E-01 -4.4339E-01 -3.8189E-02 -5.9930E-02
  2.0121E-01 -4.1792E-01 -3.8966E-02 -6.1144E-02
  2.0259E-01 -3.9214E-01 -3.9758E-02 -6.2383E-02
  2.0398E-01 -3.6606E-01 -4.0566E-02 -6.3646E-02
  2.0537E-01 -3.3969E-01 -4.1390E-02 -6.4934E-02
  2.0678E-01 -3.1304E-01 -4.2231E-02 -6.6248E-02
  2.0819E-01 -2.8610E-01 -4.3089E-02 -6.7588E-02
  2.0962E-01 -2.5888E-01 -4.3964E-02 -6.8955E-02
  2.1105E-01 -2.3140E-01 -4.4856E-02 -7.0349E-02
  2.1250E-01 -2.0366E-01 -4.5767E-02 -7.1770E-02
  2.1395E-01 -1.7566E-01 -4.6695E-02 -7.3220E-02
  2.1542E-01 -1.4741E-01 -4.7643E-02 -7.4699E-02
  2.1689E-01 -1.1892E-01 -4.8609E-02 -7.6207E-02
  2.1837E-01 -9.0197E-02 -4.9594E-02 -7.7745E-02
  2.1987E-01 -6.1250E-02 -5.0600E-02 -7.9313E-02
  2.2137E-01 -3.2086E-02 -5.1625E-02 -8.0912E-02
  2.2289E-01 -2.7126E-03 -5.2671E-02 -8.2543E-02
  2.2441E-01  2.6861E-02 -5.3737E-02 -8.4206E-02
  2.2595E-01  5.6627E-02 -5.4825E-02 -8.5902E-02
  2.2749E-01  8.6576E-02 -5.5935E-02 -8.7631E-02
  2.2905E-01  1.1670E-01 -5.7067E-02 -8.9395E-02
  2.3062E-01  1.4699E-01 -5.8221E-02 -9.1193E-02
  2.3220E-01  1.7743E-01 -5.9399E-02 -9.3027E-02
  2.3379E-01  2.0802E-01 -6.0599E-02 -9.4896E-02
  2.3538E-01  2.3875E-01 -6.1824E-02 -9.6803E-02
  2.3700E-01  2.6960E-01 -6.3073E-02 -9.8747E-02
  2.3862E-01  3.0057E-01 -6.4347E-02 -1.0073E-01
  2.4025E-01  3.3164E-01 -6.5646E-02 -1.0275E-01
  2.4189E-01  3.6281E-01 -6.6971E-02 -1.0481E-01
  2.4355E-01  3.9406E-01 -6.8322E-02 -1.0691E-01
  2.4522E-01  4.2538E-01 -6.9700E-02 -1.0905E-01
  2.4689E-01  4.5677E-01 -7.1106E-02 -1.1124E-01
  2.4858E-01  4.8821E-01 -7.2539E-02 -1.1346E-01
  2.5028E-01  5.1968E-01 -7.4000E-02 -1.1573E-01
  2.5200E-01  5.5119E-01 -7.5491E-02 -1.1805E-01
  2.5372E-01  5.8271E-01 -7.7011E-02 -1.2040E-01
  2.5546E-01  6.1423E-01 -7.8561E-02 -1.2281E-01
  2.5720E-01  6.4575E-01 -8.0141E-02 -1.2526E-01
  2.5896E-01  6.7724E-01 -8.1753E-02 -1.2776E-01
  2.6074E-01  7.0871E-01 -8.3397E-02 -1.3031E-01
  2.6252E-01  7.4012E-01 -8.5073E-02 -1.3290E-01
  2.6432E-01  7.7148E-01 -8.6781E-02 -1.3555E-01
  2.6613E-01  8.0277E-01 -8.8524E-02 -1.3825E-01
  2.6795E-01  8.3398E-01 -9.0301E-02 -1.4100E-01
  2.6978E-01  8.6509E-01 -9.2113E-02 -1.4380E-01
  2.7163E-01  8.9609E-01 -9.3960E-02 -1.4666E-01
  2.7348E-01  9.2697E-01 -9.5843E-02 -1.4957E-01
  2.7536E-01  9.5771E-01 -9.7764E-02 -1.5254E-01
  2.7724E-01  9.8831E-01 -9.9722E-02 -1.5556E-01
  2.7914E-01  1.0187E+00 -1.0172E-01 -1.5864E-01
  2.8105E-01  1.0490E+00 -1.0375E-01 -1.6179E-01
  2.8297E-01  1.0791E+00 -1.0583E-01 -1.6499E-01
  2.8490E-01  1.1089E+00 -1.0794E-01 -1.6825E-01
  2.8685E-01  1.1386E+00 -1.1010E-01 -1.7157E-01
  2.8882E-01  1.1680E+00 -1.1230E-01 -1.7496E-01
  2.9079E-01  1.1971E+00 -1.1454E-01 -1.7841E-01
  2.9278E-01  1.2261E+00 -1.1683E-01 -1.8193E-01
  2.9479E-01  1.2547E+00 -1.1916E-01 -1.8551E-01
  2.9680E-01  1.2831E+00 -1.2153E-01 -1.8917E-01
  2.9883E-01  1.3111E+00 -1.2396E-01 -1.9289E-01
  3.0088E-01  1.3388E+00 -1.2642E-01 -1.9668E-01
  3.0294E-01  1.3663E+00 -1.2894E-01 -2.0054E-01
  3.0501E-01  1.3933E+00 -1.3150E-01 -2.0447E-01
  3.0710E-01  1.4200E+00 -1.3412E-01 -2.0848E-01
  3.0920E-01  1.4464E+00 -1.3678E-01 -2.1256E-01
  3.1131E-01  1.4723E+00 -1.3950E-01 -2.1672E-01
  3.1344E-01  1.4979E+00 -1.4227E-01 -2.2096E-01
  3.1559E-01  1.5230E+00 -1.4509E-01 -2.2527E-01
  3.1775E-01  1.5478E+00 -1.4797E-01 -2.2967E-01
  3.1992E-01  1.5721E+00 -1.5090E-01 -2.3415E-01
  3.2211E-01  1.5959E+00 -1.5389E-01 -2.3871E-01
  3.2431E-01  1.6193E+00 -1.5693E-01 -2.4335E-01
  3.2653E-01  1.6421E+00 -1.6004E-01 -2.4808E-01
  3.2877E-01  1.6645E+00 -1.6320E-01 -2.5290E-01
  3.3102E-01  1.6864E+00 -1.6642E-01 -2.5780E-01
  3.3328E-01  1.7078E+00 -1.6971E-01 -2.6279E-01
  3.3556E-01  1.7286E+00 -1.7306E-01 -2.6788E-01
  3.3786E-01  1.7489E+00 -1.7647E-01 -2.7306E-01
  3.4017E-01  1.7686E+00 -1.7994E-01 -2.7833E-01
  3.4250E-01  1.7878E+00 -1.8349E-01 -2.8370E-01
  3.4484E-01  1.8063E+00 -1.8710E-01 -2.8916E-01
  3.4720E-01  1.8243E+00 -1.9077E-01 -2.9472E-01
  3.4957E-01  1.8417E+00 -1.9452E-01 -3.0039E-01
  3.5197E-01  1.8584E+00 -1.9834E-01 -3.0615E-01
  3.5437E-01  1.8745E+00 -2.0223E-01 -3.1202E-01
  3.5680E-01  1.8900E+00 -2.0619E-01 -3.1799E-01
  3.5924E-01  1.9048E+00 -2.1023E-01 -3.2407E-01
  3.6170E-01  1.9190E+00 -2.1435E-01 -3.3025E-01
  3.6417E-01  1.9324E+00 -2.1854E-01 -3.3655E-01
  3.6666E-01  1.9452E+00 -2.2281E-01 -3.4295E-01
  3.6917E-01  1.9573E+00 -2.2716E-01 -3.4947E-01
  3.7170E-01  1.9686E+00 -2.3159E-01 -3.5610E-01
  3.7424E-01  1.9793E+00 -2.3610E-01 -3.6285E-01
  3.7680E-01  1.9892E+00 -2.4070E-01 -3.6972E-01
  3.7938E-01  1.9984E+00 -2.4539E-01 -3.7670E-01
  3.8197E-01  2.0068E+00 -2.5016E-01 -3.8381E-01
  3.8459E-01  2.0145E+00 -2.5502E-01 -3.9103E-01
  3.8722E-01  2.0214E+00 -2.5997E-01 -3.9838E-01
  3.8987E-01  2.0276E+00 -2.6501E-01 -4.0586E-01
  3.9254E-01  2.0329E+00 -2.7014E-01 -4.1346E-01
  3.9522E-01  2.0375E+00 -2.7537E-01 -4.2119E-01
  3.9792E-01  2.0413E+00 -2.8069E-01 -4.2906E-01
  4.0065E-01  2.0442E+00 -2.8612E-01 -4.3705E-01
  4.0339E-01  2.0464E+00 -2.9164E-01 -4.4518E-01
  4.0615E-01  2.0477E+00 -2.9726E-01 -4.5344E-01
  4.0893E-01  2.0483E+00 -3.0298E-01 -4.6184E-01
  4.1172E-01  2.0480E+00 -3.0881E-01 -4.7038E-01
  4.1454E-01  2.0468E+00 -3.1475E-01 -4.7906E-01
  4.1738E-01  2.0448E+00 -3.2079E-01 -4.8788E-01
  4.2023E-01  2.0420E+00 -3.2694E-01 -4.9684E-01
  4.2311E-01  2.0383E+00 -3.3321E-01 -5.0595E-01
  4.2600E-01  2.0338E+00 -3.3958E-01 -5.1520E-01
  4.2892E-01  2.0285E+00 -3.4607E-01 -5.2460E-01
  4.3185E-01  2.0222E+00 -3.5268E-01 -5.3415E-01
  4.3481E-01  2.0151E+00 -3.5941E-01 -5.4385E-01
  4.3778E-01  2.0072E+00 -3.6625E-01 -5.5371E-01
  4.4077E-01  1.9983E+00 -3.7322E-01 -5.6371E-01
  4.4379E-01  1.9886E+00 -3.8032E-01 -5.7388E-01
  4.4683E-01  1.9781E+00 -3.8753E-01 -5.8419E-01
  4.4988E-01  1.9666E+00 -3.9488E-01 -5.9467E-01
  4.5296E-01  1.9543E+00 -4.0235E-01 -6.0531E-01
  4.5606E-01  1.9412E+00 -4.0996E-01 -6.1610E-01
  4.5918E-01  1.9271E+00 -4.1770E-01 -6.2706E-01
  4.6232E-01  1.9122E+00 -4.2558E-01 -6.3818E-01
  4.6548E-01  1.8964E+00 -4.3359E-01 -6.4946E-01
  4.6867E-01  1.8797E+00 -4.4175E-01 -6.6091E-01
  4.7188E-01  1.8622E+00 -4.5004E-01 -6.7252E-01
  4.7510E-01  1.8438E+00 -4.5848E-01 -6.8430E-01
  4.7835E-01  1.8246E+00 -4.6707E-01 -6.9625E-01
  4.8163E-01  1.8044E+00 -4.7580E-01 -7.0836E-01
  4.8492E-01  1.7835E+00 -4.8468E-01 -7.2064E-01
  4.8824E-01  1.7616E+00 -4.9372E-01 -7.3310E-01
  4.9158E-01  1.7390E+00 -5.0291E-01 -7.4572E-01
  4.9494E-01  1.7154E+00 -5.1225E-01 -7.5852E-01
  4.9833E-01  1.6911E+00 -5.2176E-01 -7.7148E-01
  5.0174E-01  1.6659E+00 -5.3142E-01 -7.8462E-01
  5.0517E-01  1.6398E+00 -5.4125E-01 -7.9792E-01
  5.0862E-01  1.6130E+00 -5.5124E-01 -8.1140E-01
  5.1210E-01  1.5853E+00 -5.6140E-01 -8.2505E-01
  5.1561E-01  1.5568E+00 -5.7173E-01 -8.3887E-01
  5.1914E-01  1.5275E+00 -5.8224E-01 -8.5287E-01
  5.2269E-01  1.4974E+00 -5.9291E-01 -8.6703E-01
  5.2626E-01  1.4665E+00 -6.0376E-01 -8.8136E-01
  5.2986E-01  1.4348E+00 -6.1479E-01 -8.9586E-01
  5.3349E-01  1.4023E+00 -6.2600E-01 -9.1054E-01
  5.3714E-01  1.3691E+00 -6.3740E-01 -9.2537E-01
  5.4081E-01  1.3351E+00 -6.4897E-01 -9.4038E-01
  5.4451E-01  1.3004E+00 -6.6074E-01 -9.5555E-01
  5.4824E-01  1.2649E+00 -6.7269E-01 -9.7088E-01
  5.5199E-01  1.2287E+00 -6.8484E-01 -9.8637E-01
  5.5576E-01  1.1917E+00 -6.9718E-01 -1.0020E+00
  5.5957E-01  1.1541E+00 -7.0971E-01 -1.0178E+00
  5.6339E-01  1.1157E+00 -7.2245E-01 -1.0338E+00
  5.6725E-01  1.0767E+00 -7.3538E-01 -1.0499E+00
  5.7113E-01  1.0369E+00 -7.4852E-01 -1.0662E+00
  5.7503E-01  9.9654E-01 -7.6186E-01 -1.0826E+00
  5.7897E-01  9.5549E-01 -7.7541E-01 -1.0992E+00
  5.8293E-01  9.1379E-01 -7.8916E-01 -1.1159E+00
  5.8692E-01  8.7146E-01 -8.0313E-01 -1.1327E+00
  5.9093E-01  8.2850E-01 -8.1731E-01 -1.1497E+00
  5.9497E-01  7.8494E-01 -8.3171E-01 -1.1668E+00
  5.9905E-01  7.4079E-01 -8.4632E-01 -1.1840E+00
  6.0314E-01  6.9605E-01 -8.6115E-01 -1.2014E+00
  6.0727E-01  6.5074E-01 -8.7621E-01 -1.2188E+00
  6.1142E-01  6.0488E-01 -8.9148E-01 -1.2364E+00
  6.1561E-01  5.5848E-01 -9.0698E-01 -1.2541E+00
  6.1982E-01  5.1155E-01 -9.2271E-01 -1.2718E+00
  6.2406E-01  4.6411E-01 -9.3866E-01 -1.2897E+00
  6.2833E-01  4.1617E-01 -9.5485E-01 -1.3077E+00
  6.3262E-01  3.6775E-01 -9.7127E-01 -1.3257E+00
  6.3695E-01  3.1886E-01 -9.8792E-01 -1.3438E+00
  6.4131E-01  2.6952E-01 -1.0048E+00 -1.3619E+00
  6.4570E-01  2.1974E-01 -1.0219E+00 -1.3801E+00
  6.5011E-01  1.6954E-01 -1.0393E+00 -1.3984E+00
  6.5456E-01  1.1894E-01 -1.0569E+00 -1.4167E+00
  6.5904E-01  6.7944E-02 -1.0747E+00 -1.4350E+00
  6.6355E-01  1.6576E-02 -1.0928E+00 -1.4533E+00
  6.6809E-01 -3.5149E-02 -1.1111E+00 -1.4716E+00
  6.7266E-01 -8.7215E-02 -1.1297E+00 -1.4900E+00
  6.7726E-01 -1.3960E-01 -1.1485E+00 -1.5083E+00
  6.8189E-01 -1.9230E-01 -1.1676E+00 -1.5265E+00
  6.8656E-01 -2.4529E-01 -1.1869E+00 -1.5448E+00
  6.9125E-01 -2.9855E-01 -1.2064E+00 -1.5630E+00
  6.9598E-01 -3.5207E-01 -1.2263E+00 -1.5811E+00
  7.0074E-01 -4.0582E-01 -1.2463E+00 -1.5991E+00
  7.0554E-01 -4.5980E-01 -1.2666E+00 -1.6171E+00
  7.1036E-01 -5.1397E-01 -1.2872E+00 -1.6349E+00
  7.1522E-01 -5.6834E-01 -1.3080E+00 -1.6526E+00
  7.2011E-01 -6.2287E-01 -1.3290E+00 -1.6701E+00
  7.2504E-01 -6.7756E-01 -1.3503E+00 -1.6875E+00
  7.3000E-01 -7.3237E-01 -1.3719E+00 -1.7048E+00
  7.3499E-01 -7.8730E-01 -1.3937E+00 -1.7218E+00
  7.4002E-01 -8.4232E-01 -1.4157E+00 -1.7386E+00
  7.4508E-01 -8.9742E-01 -1.4380E+00 -1.7552E+00
  7.5018E-01 -9.5258E-01 -1.4605E+00 -1.7715E+00
  7.5531E-01 -1.0078E+00 -1.4833E+00 -1.7876E+00
  7.6048E-01 -1.0630E+00 -1.5064E+00 -1.8034E+00
  7.6568E-01 -1.1182E+00 -1.5296E+00 -1.8188E+00
  7.7092E-01 -1.1734E+00 -1.5531E+00 -1.8339E+00
  7.7619E-01 -1.2286E+00 -1.5769E+00 -1.8487E+00
  7.8150E-01 -1.2837E+00 -1.6009E+00 -1.8631E+00
  7.8685E-01 -1.3388E+00 -1.6251E+00 -1.8771E+00
  7.9223E-01 -1.3938E+00 -1.6496E+00 -1.8906E+00
  7.9765E-01 -1.4486E+00 -1.6743E+00 -1.9037E+00
  8.0311E-01 -1.5033E+00 -1.6992E+00 -1.9164E+00
  8.0860E-01 -1.5579E+00 -1.7243E+00 -1.9285E+00
  8.1413E-01 -1.6123E+00 -1.7497E+00 -1.9401E+00
  8.1970E-01 -1.6665E+00 -1.7752E+00 -1.9511E+00
  8.2531E-01 -1.7206E+00 -1.8010E+00 -1.9616E+00
  8.3096E-01 -1.7744E+00 -1.8270E+00 -1.9714E+00
  8.3664E-01 -1.8279E+00 -1.8532E+00 -1.9806E+00
  8.4236E-01 -1.8812E+00 -1.8796E+00 -1.9891E+00
  8.4813E-01 -1.9342E+00 -1.9062E+00 -1.9969E+00
  8.5393E-01 -1.9869E+00 -1.9330E+00 -2.0040E+00
  8.5977E-01 -2.0393E+00 -1.9600E+00 -2.0104E+00
  8.6565E-01 -2.0914E+00 -1.9871E+00 -2.0159E+00
  8.7157E-01 -2.1431E+00 -2.0144E+00 -2.0207E+00
  8.7753E-01 -2.1944E+00 -2.0419E+00 -2.0246E+00
  8.8354E-01 -2.2453E+00 -2.0695E+00 -2.0276E+00
  8.8958E-01 -2.2958E+00 -2.0973E+00 -2.0296E+00
  8.9567E-01 -2.3459E+00 -2.1252E+00 -2.0308E+00
  9.0179E-01 -2.3956E+00 -2.1532E+00 -2.0310E+00
  9.0796E-01 -2.4447E+00 -2.1814E+00 -2.0301E+00
  9.1417E-01 -2.4934E+00 -2.2097E+00 -2.0283E+00
  9.2043E-01 -2.5415E+00 -2.2381E+00 -2.0253E+00
  9.2672E-01 -2.5892E+00 -2.2665E+00 -2.0213E+00
  9.3306E-01 -2.6362E+00 -2.2951E+00 -2.0161E+00
  9.3944E-01 -2.6828E+00 -2.3237E+00 -2.0098E+00
  9.4587E-01 -2.7287E+00 -2.3525E+00 -2.0023E+00
  9.5234E-01 -2.7740E+00 -2.3812E+00 -1.9935E+00
  9.5885E-01 -2.8187E+00 -2.4100E+00 -1.9835E+00
  9.6541E-01 -2.8628E+00 -2.4388E+00 -1.9722E+00
  9.7202E-01 -2.9062E+00 -2.4676E+00 -1.9597E+00
  9.7867E-01 -2.9489E+00 -2.4965E+00 -1.9457E+00
  9.8536E-01 -2.9909E+00 -2.5253E+00 -1.9305E+00
  9.9210E-01 -3.0323E+00 -2.5541E+00 -1.9138E+00
  9.9889E-01 -3.0728E+00 -2.5828E+00 -1.8957E+00
  1.0057E+00 -3.1127E+00 -2.6115E+00 -1.8763E+00
  1.0126E+00 -3.1517E+00 -2.6401E+00 -1.8553E+00
  1.0195E+00 -3.1900E+00 -2.6686E+00 -1.8329E+00
  1.0265E+00 -3.2275E+00 -2.6970E+00 -1.8090E+00
  1.0335E+00 -3.2641E+00 -2.7253E+00 -1.7836E+00
  1.0406E+00 -3.2999E+00 -2.7534E+00 -1.7566E+00
  1.0477E+00 -3.3349E+00 -2.7813E+00 -1.7282E+00
  1.0549E+00 -3.3689E+00 -2.8091E+00 -1.6982E+00
  1.0621E+00 -3.4021E+00 -2.8367E+00 -1.6666E+00
  1.0694E+00 -3.4344E+00 -2.8640E+00 -1.6335E+00
  1.0767E+00 -3.4657E+00 -2.8911E+00 -1.5989E+00
  1.0840E+00 -3.4961E+00 -2.9179E+00 -1.5626E+00
  1.0915E+00 -3.5255E+00 -2.9445E+00 -1.5249E+00
  1.0989E+00 -3.5540E+00 -2.9707E+00 -1.4855E+00
  1.1064E+00 -3.5814E+00 -2.9966E+00 -1.4447E+00
  1.1140E+00 -3.6079E+00 -3.0221E+00 -1.4023E+00
  1.1216E+00 -3.6333E+00 -3.0472E+00 -1.3584E+00
  1.1293E+00 -3.6576E+00 -3.0720E+00 -1.3130E+00
  1.1370E+00 -3.6810E+00 -3.0963E+00 -1.2661E+00
  1.1448E+00 -3.7032E+00 -3.1201E+00 -1.2178E+00
  1.1526E+00 -3.7243E+00 -3.1434E+00 -1.1681E+00
  1.1605E+00 -3.7443E+00 -3.1662E+00 -1.1170E+00
  1.1685E+00 -3.7632E+00 -3.1885E+00 -1.0645E+00
  1.1764E+00 -3.7810E+00 -3.2102E+00 -1.0108E+00
  1.1845E+00 -3.7976E+00 -3.2313E+00 -9.5584E-01
  1.1926E+00 -3.8130E+00 -3.2518E+00 -8.9968E-01
  1.2008E+00 -3.8273E+00 -3.2716E+00 -8.4238E-01
  1.2090E+00 -3.8403E+00 -3.2907E+00 -7.8401E-01
  1.2172E+00 -3.8522E+00 -3.3091E+00 -7.2464E-01
  1.2256E+00 -3.8628E+00 -3.3267E+00 -6.6434E-01
  1.2339E+00 -3.8721E+00 -3.3436E+00 -6.0318E-01
  1.2424E+00 -3.8802E+00 -3.3596E+00 -5.4125E-01
  1.2509E+00 -3.8871E+00 -3.3748E+00 -4.7864E-01
  1.2594E+00 -3.8926E+00 -3.3891E+00 -4.1544E-01
  1.2681E+00 -3.8969E+00 -3.4025E+00 -3.5174E-01
  1.2767E+00 -3.8999E+00 -3.4149E+00 -2.8765E-01
  1.2855E+00 -3.9015E+00 -3.4264E+00 -2.2328E-01
  1.2943E+00 -3.9018E+00 -3.4369E+00 -1.5873E-01
  1.3031E+00 -3.9008E+00 -3.4463E+00 -9.4133E-02
  1.3120E+00 -3.8984E+00 -3.4546E+00 -2.9600E-02
  1.3210E+00 -3.8946E+00 -3.4618E+00  3.4740E-02
  1.3300E+00 -3.8894E+00 -3.4678E+00  9.8757E-02
  1.3391E+00 -3.8829E+00 -3.4727E+00  1.6232E-01
  1.3483E+00 -3.8750E+00 -3.4764E+00  2.2528E-01
  1.3575E+00 -3.8656E+00 -3.4788E+00  2.8751E-01
  1.3668E+00 -3.8549E+00 -3.4799E+00  3.4886E-01
  1.3762E+00 -3.8426E+00 -3.4797E+00  4.0917E-01
  1.3856E+00 -3.8290E+00 -3.4781E+00  4.6831E-01
  1.3950E+00 -3.8139E+00 -3.4752E+00  5.2612E-01
  1.4046E+00 -3.7974E+00 -3.4709E+00  5.8245E-01
  1.4142E+00 -3.7793E+00 -3.4651E+00  6.3714E-01
  1.4239E+00 -3.7599E+00 -3.4578E+00  6.9004E-01
  1.4336E+00 -3.7389E+00 -3.4490E+00  7.4099E-01
  1.4434E+00 -3.7164E+00 -3.4387E+00  7.8984E-01
  1.4533E+00 -3.6925E+00 -3.4268E+00  8.3644E-01
  1.4632E+00 -3.6670E+00 -3.4133E+00  8.8065E-01
  1.4732E+00 -3.6400E+00 -3.3982E+00  9.2230E-01
  1.4833E+00 -3.6116E+00 -3.3814E+00  9.6127E-01
  1.4935E+00 -3.5816E+00 -3.3629E+00  9.9741E-01
  1.5037E+00 -3.5500E+00 -3.3428E+00  1.0306E+00
  1.5140E+00 -3.5170E+00 -3.3209E+00  1.0607E+00
  1.5243E+00 -3.4824E+00 -3.2973E+00  1.0876E+00
  1.5347E+00 -3.4463E+00 -3.2719E+00  1.1111E+00
  1.5452E+00 -3.4087E+00 -3.2447E+00  1.1313E+00
  1.5558E+00 -3.3695E+00 -3.2157E+00  1.1479E+00
  1.5665E+00 -3.3287E+00 -3.1849E+00  1.1610E+00
  1.5772E+00 -3.2865E+00 -3.1522E+00  1.1704E+00
  1.5880E+00 -3.2427E+00 -3.1177E+00  1.1761E+00
  1.5988E+00 -3.1973E+00 -3.0813E+00  1.1781E+00
  1.6098E+00 -3.1504E+00 -3.0431E+00  1.1763E+00
  1.6208E+00 -3.1020E+00 -3.0030E+00  1.1707E+00
  1.6319E+00 -3.0521E+00 -2.9610E+00  1.1614E+00
  1.6430E+00 -3.0006E+00 -2.9170E+00  1.1483E+00
  1.6543E+00 -2.9476E+00 -2.8713E+00  1.1315E+00
  1.6656E+00 -2.8930E+00 -2.8236E+00  1.1111E+00
  1.6770E+00 -2.8370E+00 -2.7740E+00  1.0873E+00
  1.6884E+00 -2.7794E+00 -2.7225E+00  1.0599E+00
  1.7000E+00 -2.7203E+00 -2.6692E+00  1.0294E+00
  1.7116E+00 -2.6597E+00 -2.6140E+00  9.9567E-01
  1.7233E+00 -2.5976E+00 -2.5569E+00  9.5903E-01
  1.7351E+00 -2.5341E+00 -2.4980E+00  9.1965E-01
  1.7470E+00 -2.4690E+00 -2.4373E+00  8.7777E-01
  1.7589E+00 -2.4025E+00 -2.3747E+00  8.3364E-01
  1.7710E+00 -2.3346E+00 -2.3104E+00  7.8751E-01
  1.7831E+00 -2.2652E+00 -2.2443E+00  7.3970E-01
  1.7953E+00 -2.1944E+00 -2.1764E+00  6.9051E-01
  1.8075E+00 -2.1221E+00 -2.1069E+00  6.4028E-01
  1.8199E+00 -2.0485E+00 -2.0357E+00  5.8936E-01
  1.8324E+00 -1.9735E+00 -1.9628E+00  5.3812E-01
  1.8449E+00 -1.8971E+00 -1.8883E+00  4.8693E-01
  1.8575E+00 -1.8194E+00 -1.8122E+00  4.3620E-01
  1.8702E+00 -1.7404E+00 -1.7345E+00  3.8632E-01
  1.8830E+00 -1.6600E+00 -1.6554E+00  3.3768E-01
  1.8959E+00 -1.5784E+00 -1.5747E+00  2.9071E-01
  1.9089E+00 -1.4955E+00 -1.4927E+00  2.4577E-01
  1.9219E+00 -1.4113E+00 -1.4092E+00  2.0327E-01
  1.9351E+00 -1.3260E+00 -1.3244E+00  1.6356E-01
  1.9483E+00 -1.2394E+00 -1.2383E+00  1.2699E-01
  1.9616E+00 -1.1517E+00 -1.1509E+00  9.3858E-02
  1.9750E+00 -1.0629E+00 -1.0623E+00  6.4432E-02
  1.9886E+00 -9.7292E-01 -9.7258E-01  3.8926E-02
  2.0022E+00 -8.8190E-01 -8.8170E-01  1.7492E-02
  2.0158E+00 -7.8984E-01 -7.8972E-01  2.1036E-04
  2.0296E+00 -6.9677E-01 -6.9671E-01 -1.2926E-02
  2.0435E+00 -6.0273E-01 -6.0271E-01 -2.2023E-02
  2.0575E+00 -5.0776E-01 -5.0775E-01 -2.7300E-02
  2.0716E+00 -4.1188E-01 -4.1188E-01 -2.9106E-02
  2.0857E+00 -3.1515E-01 -3.1515E-01 -2.7940E-02
  2.1000E+00 -2.1760E-01 -2.1760E-01 -2.4464E-02
  2.1144E+00 -1.1927E-01 -1.1927E-01 -1.9530E-02
  2.1288E+00 -2.0208E-02 -2.0208E-02 -1.4191E-02
  2.1434E+00  7.9541E-02  7.9541E-02 -9.8764E-03
  2.1581E+00  1.7993E-01  1.7993E-01 -6.4744E-03
  2.1728E+00  2.8091E-01  2.8091E-01 -3.9513E-03
  2.1877E+00  3.8244E-01  3.8244E-01 -2.2336E-03
  2.2026E+00  4.8446E-01  4.8446E-01 -1.1967E-03
  2.2177E+00  5.8691E-01  5.8691E-01 -6.5333E-04
  2.2329E+00  6.8975E-01  6.8975E-01 -3.0629E-04
  2.2482E+00  7.9292E-01  7.9292E-01 -1.5744E-04
  2.2635E+00  8.9636E-01  8.9636E-01  0.0000E+00
  2.2790E+00  1.0000E+00  1.0000E+00  0.0000E+00
  2.2946E+00  1.1038E+00  1.1038E+00  0.0000E+00
  2.3103E+00  1.2077E+00  1.2077E+00  0.0000E+00
  2.3261E+00  1.3116E+00  1.3116E+00  0.0000E+00
  2.3420E+00  1.4154E+00  1.4154E+00  0.0000E+00
  2.3580E+00  1.5191E+00  1.5191E+00  0.0000E+00
  2.3742E+00  1.6227E+00  1.6227E+00  0.0000E+00
  2.3904E+00  1.7260E+00  1.7260E+00  0.0000E+00
  2.4068E+00  1.8289E+00  1.8289E+00  0.0000E+00
  2.4232E+00  1.9314E+00  1.9314E+00  0.0000E+00
  2.4398E+00  2.0335E+00  2.0335E+00  0.0000E+00
  2.4565E+00  2.1350E+00  2.1350E+00  0.0000E+00
  2.4733E+00  2.2358E+00  2.2358E+00  0.0000E+00
  2.4902E+00  2.3359E+00  2.3359E+00  0.0000E+00
  2.5072E+00  2.4351E+00  2.4351E+00  0.0000E+00
  2.5244E+00  2.5335E+00  2.5335E+00  0.0000E+00
  2.5417E+00  2.6309E+00  2.6309E+00  0.0000E+00
  2.5590E+00  2.7272E+00  2.7272E+00  0.0000E+00
  2.5765E+00  2.8223E+00  2.8223E+00  0.0000E+00
  2.5942E+00  2.9161E+00  2.9161E+00  0.0000E+00
  2.6119E+00  3.0086E+00  3.0086E+00  0.0000E+00
  2.6298E+00  3.0996E+00  3.0996E+00  0.0000E+00
  2.6478E+00  3.1890E+00  3.1890E+00  0.0000E+00
  2.6659E+00  3.2768E+00  3.2768E+00  0.0000E+00
  2.6841E+00  3.3627E+00  3.3627E+00  0.0000E+00
  2.7025E+00  3.4469E+00  3.4469E+00  0.0000E+00
  2.7210E+00  3.5290E+00  3.5290E+00  0.0000E+00
  2.7396E+00  3.6090E+00  3.6090E+00  0.0000E+00
  2.7583E+00  3.6869E+00  3.6869E+00  0.0000E+00
  2.7772E+00  3.7625E+00  3.7625E+00  0.0000E+00
  2.7962E+00  3.8356E+00  3.8356E+00  0.0000E+00
  2.8153E+00  3.9062E+00  3.9062E+00  0.0000E+00
  2.8345E+00  3.9742E+00  3.9742E+00  0.0000E+00
  2.8539E+00  4.0394E+00  4.0394E+00  0.0000E+00
  2.8735E+00  4.1018E+00  4.1018E+00  0.0000E+00
  2.8931E+00  4.1612E+00  4.1612E+00  0.0000E+00
  2.9129E+00  4.2175E+00  4.2175E+00  0.0000E+00
  2.9328E+00  4.2706E+00  4.2706E+00  0.0000E+00
  2.9529E+00  4.3204E+00  4.3204E+00  0.0000E+00
  2.9731E+00  4.3668E+00  4.3668E+00  0.0000E+00
  2.9934E+00  4.4096E+00  4.4096E+00  0.0000E+00
  3.0139E+00  4.4488E+00  4.4488E+00  0.0000E+00
  3.0345E+00  4.4842E+00  4.4842E+00  0.0000E+00
  3.0553E+00  4.5158E+00  4.5158E+00  0.0000E+00
  3.0762E+00  4.5433E+00  4.5433E+00  0.0000E+00
  3.0972E+00  4.5668E+00  4.5668E+00  0.0000E+00
  3.1184E+00  4.5861E+00  4.5861E+00  0.0000E+00
  3.1397E+00  4.6011E+00  4.6011E+00  0.0000E+00
  3.1612E+00  4.6117E+00  4.6117E+00  0.0000E+00
  3.1828E+00  4.6177E+00  4.6177E+00  0.0000E+00
