 # l=           3 basis function with energy   -0.70940914656137111     
  0.0000E+00  0.0000E+00  0.0000E+00  0.0000E+00
  6.5668E-07  4.4506E-20  4.6046E-26  8.3874E-24
  1.3178E-06  5.3441E-19  7.4686E-25  1.3604E-22
  1.9835E-06  2.2989E-18  3.8330E-24  6.9820E-22
  2.6538E-06  6.4964E-18  1.2281E-23  2.2371E-21
  3.3286E-06  1.4582E-17  3.0397E-23  5.5370E-21
  4.0081E-06  2.8295E-17  6.3902E-23  1.1640E-20
  4.6922E-06  4.9653E-17  1.2002E-22  2.1863E-20
  5.3809E-06  8.0955E-17  2.0759E-22  3.7813E-20
  6.0744E-06  1.2478E-16  3.3713E-22  6.1409E-20
  6.7726E-06  1.8399E-16  5.2097E-22  9.4896E-20
  7.4756E-06  2.6174E-16  7.7334E-22  1.4087E-19
  8.1834E-06  3.6150E-16  1.1105E-21  2.0228E-19
  8.8961E-06  4.8702E-16  1.5509E-21  2.8250E-19
  9.6136E-06  6.4238E-16  2.1151E-21  3.8527E-19
  1.0336E-05  8.3199E-16  2.8262E-21  5.1480E-19
  1.1063E-05  1.0606E-15  3.7097E-21  6.7574E-19
  1.1796E-05  1.3333E-15  4.7939E-21  8.7322E-19
  1.2533E-05  1.6555E-15  6.1097E-21  1.1129E-18
  1.3276E-05  2.0331E-15  7.6911E-21  1.4010E-18
  1.4023E-05  2.4722E-15  9.5751E-21  1.7442E-18
  1.4776E-05  2.9795E-15  1.1802E-20  2.1498E-18
  1.5533E-05  3.5620E-15  1.4416E-20  2.6259E-18
  1.6296E-05  4.2271E-15  1.7464E-20  3.1811E-18
  1.7064E-05  4.9827E-15  2.0996E-20  3.8246E-18
  1.7838E-05  5.8371E-15  2.5069E-20  4.5665E-18
  1.8617E-05  6.7992E-15  2.9742E-20  5.4177E-18
  1.9401E-05  7.8783E-15  3.5078E-20  6.3896E-18
  2.0190E-05  9.0842E-15  4.1145E-20  7.4947E-18
  2.0985E-05  1.0427E-14  4.8016E-20  8.7464E-18
  2.1785E-05  1.1918E-14  5.5770E-20  1.0159E-17
  2.2591E-05  1.3569E-14  6.4489E-20  1.1747E-17
  2.3402E-05  1.5391E-14  7.4263E-20  1.3527E-17
  2.4218E-05  1.7397E-14  8.5186E-20  1.5517E-17
  2.5041E-05  1.9601E-14  9.7358E-20  1.7734E-17
  2.5869E-05  2.2016E-14  1.1089E-19  2.0199E-17
  2.6702E-05  2.4657E-14  1.2589E-19  2.2931E-17
  2.7542E-05  2.7539E-14  1.4248E-19  2.5953E-17
  2.8387E-05  3.0678E-14  1.6078E-19  2.9288E-17
  2.9238E-05  3.4092E-14  1.8094E-19  3.2960E-17
  3.0094E-05  3.7797E-14  2.0310E-19  3.6996E-17
  3.0957E-05  4.1812E-14  2.2741E-19  4.1423E-17
  3.1825E-05  4.6156E-14  2.5402E-19  4.6270E-17
  3.2700E-05  5.0849E-14  2.8310E-19  5.1569E-17
  3.3580E-05  5.5912E-14  3.1484E-19  5.7350E-17
  3.4466E-05  6.1367E-14  3.4943E-19  6.3650E-17
  3.5359E-05  6.7236E-14  3.8705E-19  7.0502E-17
  3.6257E-05  7.3544E-14  4.2791E-19  7.7946E-17
  3.7162E-05  8.0315E-14  4.7225E-19  8.6022E-17
  3.8073E-05  8.7574E-14  5.2028E-19  9.4771E-17
  3.8990E-05  9.5350E-14  5.7225E-19  1.0424E-16
  3.9913E-05  1.0367E-13  6.2841E-19  1.1447E-16
  4.0843E-05  1.1256E-13  6.8904E-19  1.2551E-16
  4.1779E-05  1.2206E-13  7.5441E-19  1.3742E-16
  4.2721E-05  1.3219E-13  8.2482E-19  1.5024E-16
  4.3670E-05  1.4299E-13  9.0058E-19  1.6404E-16
  4.4626E-05  1.5449E-13  9.8201E-19  1.7888E-16
  4.5588E-05  1.6672E-13  1.0695E-18  1.9481E-16
  4.6556E-05  1.7974E-13  1.1633E-18  2.1190E-16
  4.7531E-05  1.9356E-13  1.2638E-18  2.3021E-16
  4.8513E-05  2.0824E-13  1.3715E-18  2.4983E-16
  4.9501E-05  2.2381E-13  1.4868E-18  2.7082E-16
  5.0497E-05  2.4032E-13  1.6100E-18  2.9327E-16
  5.1499E-05  2.5781E-13  1.7417E-18  3.1725E-16
  5.2508E-05  2.7633E-13  1.8822E-18  3.4285E-16
  5.3523E-05  2.9593E-13  2.0321E-18  3.7017E-16
  5.4546E-05  3.1666E-13  2.1920E-18  3.9928E-16
  5.5576E-05  3.3856E-13  2.3623E-18  4.3030E-16
  5.6613E-05  3.6170E-13  2.5435E-18  4.6332E-16
  5.7657E-05  3.8612E-13  2.7364E-18  4.9845E-16
  5.8708E-05  4.1189E-13  2.9414E-18  5.3580E-16
  5.9766E-05  4.3907E-13  3.1593E-18  5.7549E-16
  6.0831E-05  4.6772E-13  3.3907E-18  6.1763E-16
  6.1904E-05  4.9790E-13  3.6363E-18  6.6237E-16
  6.2984E-05  5.2968E-13  3.8968E-18  7.0982E-16
  6.4072E-05  5.6313E-13  4.1730E-18  7.6013E-16
  6.5167E-05  5.9832E-13  4.4656E-18  8.1343E-16
  6.6269E-05  6.3533E-13  4.7755E-18  8.6989E-16
  6.7379E-05  6.7423E-13  5.1036E-18  9.2965E-16
  6.8497E-05  7.1511E-13  5.4507E-18  9.9288E-16
  6.9622E-05  7.5804E-13  5.8178E-18  1.0597E-15
  7.0755E-05  8.0311E-13  6.2058E-18  1.1304E-15
  7.1895E-05  8.5041E-13  6.6158E-18  1.2051E-15
  7.3044E-05  9.0003E-13  7.0487E-18  1.2840E-15
  7.4200E-05  9.5207E-13  7.5058E-18  1.3672E-15
  7.5364E-05  1.0066E-12  7.9880E-18  1.4551E-15
  7.6536E-05  1.0638E-12  8.4967E-18  1.5477E-15
  7.7717E-05  1.1237E-12  9.0330E-18  1.6454E-15
  7.8905E-05  1.1864E-12  9.5982E-18  1.7484E-15
  8.0101E-05  1.2521E-12  1.0194E-17  1.8568E-15
  8.1306E-05  1.3208E-12  1.0821E-17  1.9711E-15
  8.2519E-05  1.3927E-12  1.1481E-17  2.0913E-15
  8.3740E-05  1.4679E-12  1.2176E-17  2.2179E-15
  8.4969E-05  1.5465E-12  1.2907E-17  2.3510E-15
  8.6207E-05  1.6287E-12  1.3676E-17  2.4911E-15
  8.7453E-05  1.7146E-12  1.4484E-17  2.6383E-15
  8.8708E-05  1.8043E-12  1.5333E-17  2.7930E-15
  8.9971E-05  1.8981E-12  1.6225E-17  2.9556E-15
  9.1244E-05  1.9959E-12  1.7163E-17  3.1263E-15
  9.2524E-05  2.0981E-12  1.8147E-17  3.3055E-15
  9.3814E-05  2.2047E-12  1.9180E-17  3.4937E-15
  9.5112E-05  2.3160E-12  2.0264E-17  3.6912E-15
  9.6419E-05  2.4320E-12  2.1401E-17  3.8983E-15
  9.7736E-05  2.5530E-12  2.2594E-17  4.1156E-15
  9.9061E-05  2.6792E-12  2.3844E-17  4.3434E-15
  1.0040E-04  2.8108E-12  2.5155E-17  4.5821E-15
  1.0174E-04  2.9479E-12  2.6529E-17  4.8323E-15
  1.0309E-04  3.0907E-12  2.7968E-17  5.0945E-15
  1.0445E-04  3.2395E-12  2.9475E-17  5.3691E-15
  1.0582E-04  3.3945E-12  3.1054E-17  5.6566E-15
  1.0720E-04  3.5558E-12  3.2706E-17  5.9576E-15
  1.0859E-04  3.7238E-12  3.4436E-17  6.2726E-15
  1.0999E-04  3.8987E-12  3.6245E-17  6.6022E-15
  1.1140E-04  4.0806E-12  3.8138E-17  6.9471E-15
  1.1282E-04  4.2700E-12  4.0118E-17  7.3078E-15
  1.1425E-04  4.4669E-12  4.2189E-17  7.6849E-15
  1.1569E-04  4.6717E-12  4.4354E-17  8.0792E-15
  1.1714E-04  4.8848E-12  4.6616E-17  8.4914E-15
  1.1859E-04  5.1062E-12  4.8981E-17  8.9221E-15
  1.2006E-04  5.3364E-12  5.1451E-17  9.3721E-15
  1.2154E-04  5.5757E-12  5.4032E-17  9.8421E-15
  1.2303E-04  5.8244E-12  5.6727E-17  1.0333E-14
  1.2453E-04  6.0827E-12  5.9541E-17  1.0846E-14
  1.2603E-04  6.3511E-12  6.2478E-17  1.1381E-14
  1.2755E-04  6.6298E-12  6.5545E-17  1.1939E-14
  1.2908E-04  6.9193E-12  6.8745E-17  1.2522E-14
  1.3062E-04  7.2199E-12  7.2084E-17  1.3130E-14
  1.3217E-04  7.5319E-12  7.5567E-17  1.3765E-14
  1.3373E-04  7.8558E-12  7.9200E-17  1.4427E-14
  1.3530E-04  8.1920E-12  8.2988E-17  1.5117E-14
  1.3689E-04  8.5408E-12  8.6938E-17  1.5836E-14
  1.3848E-04  8.9028E-12  9.1056E-17  1.6586E-14
  1.4008E-04  9.2783E-12  9.5349E-17  1.7368E-14
  1.4170E-04  9.6677E-12  9.9822E-17  1.8183E-14
  1.4332E-04  1.0072E-11  1.0448E-16  1.9032E-14
  1.4496E-04  1.0491E-11  1.0934E-16  1.9917E-14
  1.4661E-04  1.0925E-11  1.1440E-16  2.0838E-14
  1.4827E-04  1.1375E-11  1.1966E-16  2.1798E-14
  1.4994E-04  1.1842E-11  1.2515E-16  2.2797E-14
  1.5162E-04  1.2326E-11  1.3086E-16  2.3837E-14
  1.5331E-04  1.2827E-11  1.3681E-16  2.4920E-14
  1.5502E-04  1.3347E-11  1.4300E-16  2.6048E-14
  1.5674E-04  1.3885E-11  1.4944E-16  2.7221E-14
  1.5847E-04  1.4443E-11  1.5614E-16  2.8442E-14
  1.6021E-04  1.5021E-11  1.6312E-16  2.9712E-14
  1.6196E-04  1.5619E-11  1.7037E-16  3.1034E-14
  1.6372E-04  1.6238E-11  1.7792E-16  3.2409E-14
  1.6550E-04  1.6880E-11  1.8577E-16  3.3838E-14
  1.6729E-04  1.7544E-11  1.9393E-16  3.5325E-14
  1.6909E-04  1.8232E-11  2.0242E-16  3.6871E-14
  1.7090E-04  1.8944E-11  2.1124E-16  3.8478E-14
  1.7273E-04  1.9681E-11  2.2041E-16  4.0149E-14
  1.7457E-04  2.0444E-11  2.2994E-16  4.1885E-14
  1.7642E-04  2.1233E-11  2.3985E-16  4.3690E-14
  1.7828E-04  2.2050E-11  2.5014E-16  4.5565E-14
  1.8016E-04  2.2895E-11  2.6084E-16  4.7514E-14
  1.8205E-04  2.3769E-11  2.7195E-16  4.9538E-14
  1.8395E-04  2.4674E-11  2.8350E-16  5.1641E-14
  1.8586E-04  2.5609E-11  2.9549E-16  5.3825E-14
  1.8779E-04  2.6577E-11  3.0794E-16  5.6093E-14
  1.8973E-04  2.7577E-11  3.2087E-16  5.8448E-14
  1.9169E-04  2.8612E-11  3.3430E-16  6.0894E-14
  1.9365E-04  2.9682E-11  3.4824E-16  6.3433E-14
  1.9563E-04  3.0788E-11  3.6271E-16  6.6069E-14
  1.9763E-04  3.1931E-11  3.7773E-16  6.8806E-14
  1.9964E-04  3.3114E-11  3.9332E-16  7.1645E-14
  2.0166E-04  3.4335E-11  4.0950E-16  7.4593E-14
  2.0370E-04  3.5598E-11  4.2629E-16  7.7651E-14
  2.0575E-04  3.6903E-11  4.4371E-16  8.0824E-14
  2.0781E-04  3.8252E-11  4.6179E-16  8.4117E-14
  2.0989E-04  3.9645E-11  4.8054E-16  8.7532E-14
  2.1198E-04  4.1085E-11  4.9999E-16  9.1075E-14
  2.1409E-04  4.2573E-11  5.2016E-16  9.4750E-14
  2.1621E-04  4.4110E-11  5.4108E-16  9.8561E-14
  2.1834E-04  4.5697E-11  5.6278E-16  1.0251E-13
  2.2049E-04  4.7337E-11  5.8527E-16  1.0661E-13
  2.2266E-04  4.9030E-11  6.0860E-16  1.1086E-13
  2.2484E-04  5.0779E-11  6.3278E-16  1.1526E-13
  2.2703E-04  5.2585E-11  6.5785E-16  1.1983E-13
  2.2924E-04  5.4450E-11  6.8384E-16  1.2456E-13
  2.3147E-04  5.6376E-11  7.1077E-16  1.2947E-13
  2.3371E-04  5.8364E-11  7.3869E-16  1.3456E-13
  2.3596E-04  6.0417E-11  7.6761E-16  1.3982E-13
  2.3823E-04  6.2536E-11  7.9759E-16  1.4528E-13
  2.4052E-04  6.4724E-11  8.2865E-16  1.5094E-13
  2.4282E-04  6.6981E-11  8.6083E-16  1.5680E-13
  2.4514E-04  6.9312E-11  8.9417E-16  1.6288E-13
  2.4747E-04  7.1717E-11  9.2870E-16  1.6917E-13
  2.4982E-04  7.4199E-11  9.6447E-16  1.7568E-13
  2.5219E-04  7.6760E-11  1.0015E-15  1.8243E-13
  2.5457E-04  7.9403E-11  1.0399E-15  1.8942E-13
  2.5697E-04  8.2130E-11  1.0796E-15  1.9666E-13
  2.5938E-04  8.4944E-11  1.1208E-15  2.0416E-13
  2.6181E-04  8.7847E-11  1.1634E-15  2.1192E-13
  2.6426E-04  9.0841E-11  1.2075E-15  2.1995E-13
  2.6672E-04  9.3931E-11  1.2532E-15  2.2827E-13
  2.6920E-04  9.7117E-11  1.3005E-15  2.3688E-13
  2.7170E-04  1.0040E-10  1.3494E-15  2.4580E-13
  2.7422E-04  1.0379E-10  1.4001E-15  2.5503E-13
  2.7675E-04  1.0729E-10  1.4525E-15  2.6458E-13
  2.7930E-04  1.1090E-10  1.5068E-15  2.7447E-13
  2.8186E-04  1.1461E-10  1.5629E-15  2.8470E-13
  2.8445E-04  1.1845E-10  1.6211E-15  2.9528E-13
  2.8705E-04  1.2240E-10  1.6812E-15  3.0624E-13
  2.8967E-04  1.2648E-10  1.7434E-15  3.1757E-13
  2.9231E-04  1.3068E-10  1.8078E-15  3.2930E-13
  2.9497E-04  1.3501E-10  1.8744E-15  3.4143E-13
  2.9764E-04  1.3948E-10  1.9433E-15  3.5398E-13
  3.0033E-04  1.4408E-10  2.0146E-15  3.6697E-13
  3.0304E-04  1.4883E-10  2.0883E-15  3.8040E-13
  3.0577E-04  1.5372E-10  2.1646E-15  3.9429E-13
  3.0852E-04  1.5877E-10  2.2435E-15  4.0865E-13
  3.1129E-04  1.6396E-10  2.3250E-15  4.2351E-13
  3.1407E-04  1.6932E-10  2.4094E-15  4.3888E-13
  3.1688E-04  1.7484E-10  2.4966E-15  4.5477E-13
  3.1970E-04  1.8053E-10  2.5868E-15  4.7120E-13
  3.2255E-04  1.8639E-10  2.6801E-15  4.8819E-13
  3.2541E-04  1.9243E-10  2.7765E-15  5.0575E-13
  3.2829E-04  1.9866E-10  2.8762E-15  5.2391E-13
  3.3119E-04  2.0507E-10  2.9792E-15  5.4268E-13
  3.3412E-04  2.1168E-10  3.0858E-15  5.6209E-13
  3.3706E-04  2.1849E-10  3.1959E-15  5.8215E-13
  3.4002E-04  2.2550E-10  3.3097E-15  6.0288E-13
  3.4300E-04  2.3272E-10  3.4274E-15  6.2432E-13
  3.4600E-04  2.4017E-10  3.5490E-15  6.4647E-13
  3.4903E-04  2.4783E-10  3.6747E-15  6.6936E-13
  3.5207E-04  2.5573E-10  3.8046E-15  6.9302E-13
  3.5514E-04  2.6387E-10  3.9388E-15  7.1746E-13
  3.5822E-04  2.7224E-10  4.0775E-15  7.4273E-13
  3.6133E-04  2.8087E-10  4.2208E-15  7.6883E-13
  3.6446E-04  2.8976E-10  4.3688E-15  7.9580E-13
  3.6761E-04  2.9891E-10  4.5218E-15  8.2367E-13
  3.7078E-04  3.0834E-10  4.6799E-15  8.5246E-13
  3.7397E-04  3.1804E-10  4.8432E-15  8.8220E-13
  3.7719E-04  3.2804E-10  5.0118E-15  9.1293E-13
  3.8042E-04  3.3833E-10  5.1861E-15  9.4467E-13
  3.8368E-04  3.4892E-10  5.3661E-15  9.7746E-13
  3.8696E-04  3.5983E-10  5.5520E-15  1.0113E-12
  3.9026E-04  3.7107E-10  5.7440E-15  1.0463E-12
  3.9359E-04  3.8263E-10  5.9424E-15  1.0824E-12
  3.9694E-04  3.9454E-10  6.1472E-15  1.1197E-12
  4.0031E-04  4.0680E-10  6.3587E-15  1.1583E-12
  4.0371E-04  4.1942E-10  6.5772E-15  1.1981E-12
  4.0712E-04  4.3241E-10  6.8028E-15  1.2392E-12
  4.1057E-04  4.4578E-10  7.0357E-15  1.2816E-12
  4.1403E-04  4.5955E-10  7.2762E-15  1.3254E-12
  4.1752E-04  4.7372E-10  7.5246E-15  1.3706E-12
  4.2103E-04  4.8830E-10  7.7810E-15  1.4173E-12
  4.2457E-04  5.0331E-10  8.0457E-15  1.4656E-12
  4.2813E-04  5.1876E-10  8.3191E-15  1.5154E-12
  4.3171E-04  5.3466E-10  8.6012E-15  1.5668E-12
  4.3532E-04  5.5103E-10  8.8925E-15  1.6198E-12
  4.3896E-04  5.6787E-10  9.1932E-15  1.6746E-12
  4.4262E-04  5.8520E-10  9.5036E-15  1.7311E-12
  4.4630E-04  6.0304E-10  9.8240E-15  1.7895E-12
  4.5001E-04  6.2139E-10  1.0155E-14  1.8497E-12
  4.5374E-04  6.4028E-10  1.0496E-14  1.9119E-12
  4.5750E-04  6.5971E-10  1.0848E-14  1.9761E-12
  4.6129E-04  6.7971E-10  1.1212E-14  2.0423E-12
  4.6510E-04  7.0028E-10  1.1587E-14  2.1106E-12
  4.6894E-04  7.2145E-10  1.1974E-14  2.1812E-12
  4.7280E-04  7.4324E-10  1.2374E-14  2.2540E-12
  4.7669E-04  7.6565E-10  1.2786E-14  2.3291E-12
  4.8061E-04  7.8870E-10  1.3212E-14  2.4066E-12
  4.8456E-04  8.1242E-10  1.3651E-14  2.4865E-12
  4.8853E-04  8.3683E-10  1.4104E-14  2.5691E-12
  4.9253E-04  8.6193E-10  1.4571E-14  2.6542E-12
  4.9655E-04  8.8776E-10  1.5053E-14  2.7420E-12
  5.0060E-04  9.1433E-10  1.5551E-14  2.8327E-12
  5.0468E-04  9.4165E-10  1.6064E-14  2.9262E-12
  5.0879E-04  9.6977E-10  1.6594E-14  3.0226E-12
  5.1293E-04  9.9868E-10  1.7140E-14  3.1221E-12
  5.1709E-04  1.0284E-09  1.7704E-14  3.2248E-12
  5.2129E-04  1.0590E-09  1.8285E-14  3.3307E-12
  5.2551E-04  1.0905E-09  1.8884E-14  3.4399E-12
  5.2976E-04  1.1228E-09  1.9503E-14  3.5526E-12
  5.3404E-04  1.1561E-09  2.0141E-14  3.6688E-12
  5.3835E-04  1.1904E-09  2.0799E-14  3.7886E-12
  5.4269E-04  1.2256E-09  2.1478E-14  3.9123E-12
  5.4706E-04  1.2618E-09  2.2178E-14  4.0398E-12
  5.5146E-04  1.2990E-09  2.2899E-14  4.1712E-12
  5.5589E-04  1.3373E-09  2.3644E-14  4.3069E-12
  5.6034E-04  1.3767E-09  2.4412E-14  4.4467E-12
  5.6483E-04  1.4172E-09  2.5204E-14  4.5909E-12
  5.6935E-04  1.4588E-09  2.6020E-14  4.7397E-12
  5.7390E-04  1.5017E-09  2.6862E-14  4.8930E-12
  5.7849E-04  1.5457E-09  2.7730E-14  5.0512E-12
  5.8310E-04  1.5910E-09  2.8625E-14  5.2143E-12
  5.8775E-04  1.6375E-09  2.9549E-14  5.3824E-12
  5.9242E-04  1.6854E-09  3.0500E-14  5.5558E-12
  5.9713E-04  1.7346E-09  3.1482E-14  5.7345E-12
  6.0187E-04  1.7852E-09  3.2493E-14  5.9188E-12
  6.0665E-04  1.8373E-09  3.3537E-14  6.1088E-12
  6.1145E-04  1.8908E-09  3.4612E-14  6.3047E-12
  6.1629E-04  1.9458E-09  3.5721E-14  6.5067E-12
  6.2116E-04  2.0023E-09  3.6864E-14  6.7149E-12
  6.2607E-04  2.0605E-09  3.8042E-14  6.9295E-12
  6.3101E-04  2.1202E-09  3.9257E-14  7.1508E-12
  6.3598E-04  2.1817E-09  4.0509E-14  7.3789E-12
  6.4099E-04  2.2449E-09  4.1800E-14  7.6140E-12
  6.4603E-04  2.3098E-09  4.3130E-14  7.8564E-12
  6.5110E-04  2.3765E-09  4.4502E-14  8.1062E-12
  6.5621E-04  2.4452E-09  4.5915E-14  8.3637E-12
  6.6136E-04  2.5157E-09  4.7372E-14  8.6291E-12
  6.6654E-04  2.5882E-09  4.8874E-14  8.9026E-12
  6.7175E-04  2.6628E-09  5.0422E-14  9.1846E-12
  6.7700E-04  2.7394E-09  5.2017E-14  9.4751E-12
  6.8229E-04  2.8181E-09  5.3661E-14  9.7746E-12
  6.8762E-04  2.8991E-09  5.5356E-14  1.0083E-11
  6.9298E-04  2.9823E-09  5.7102E-14  1.0401E-11
  6.9837E-04  3.0678E-09  5.8901E-14  1.0729E-11
  7.0381E-04  3.1557E-09  6.0756E-14  1.1067E-11
  7.0928E-04  3.2460E-09  6.2667E-14  1.1415E-11
  7.1478E-04  3.3389E-09  6.4636E-14  1.1774E-11
  7.2033E-04  3.4343E-09  6.6666E-14  1.2143E-11
  7.2591E-04  3.5324E-09  6.8757E-14  1.2524E-11
  7.3153E-04  3.6332E-09  7.0912E-14  1.2917E-11
  7.3720E-04  3.7368E-09  7.3132E-14  1.3321E-11
  7.4289E-04  3.8433E-09  7.5420E-14  1.3738E-11
  7.4863E-04  3.9527E-09  7.7777E-14  1.4167E-11
  7.5441E-04  4.0651E-09  8.0206E-14  1.4610E-11
  7.6023E-04  4.1807E-09  8.2708E-14  1.5066E-11
  7.6608E-04  4.2995E-09  8.5287E-14  1.5535E-11
  7.7198E-04  4.4215E-09  8.7943E-14  1.6019E-11
  7.7792E-04  4.5469E-09  9.0680E-14  1.6518E-11
  7.8389E-04  4.6758E-09  9.3499E-14  1.7031E-11
  7.8991E-04  4.8082E-09  9.6404E-14  1.7560E-11
  7.9597E-04  4.9443E-09  9.9396E-14  1.8105E-11
  8.0207E-04  5.0842E-09  1.0248E-13  1.8667E-11
  8.0822E-04  5.2278E-09  1.0565E-13  1.9245E-11
  8.1440E-04  5.3755E-09  1.0893E-13  1.9841E-11
  8.2063E-04  5.5272E-09  1.1230E-13  2.0455E-11
  8.2690E-04  5.6831E-09  1.1577E-13  2.1087E-11
  8.3321E-04  5.8433E-09  1.1934E-13  2.1739E-11
  8.3956E-04  6.0079E-09  1.2303E-13  2.2410E-11
  8.4596E-04  6.1770E-09  1.2682E-13  2.3101E-11
  8.5241E-04  6.3508E-09  1.3073E-13  2.3813E-11
  8.5889E-04  6.5293E-09  1.3475E-13  2.4546E-11
  8.6543E-04  6.7127E-09  1.3890E-13  2.5301E-11
  8.7200E-04  6.9012E-09  1.4317E-13  2.6079E-11
  8.7862E-04  7.0948E-09  1.4757E-13  2.6880E-11
  8.8529E-04  7.2938E-09  1.5210E-13  2.7705E-11
  8.9200E-04  7.4982E-09  1.5676E-13  2.8555E-11
  8.9876E-04  7.7082E-09  1.6157E-13  2.9430E-11
  9.0556E-04  7.9239E-09  1.6651E-13  3.0331E-11
  9.1241E-04  8.1455E-09  1.7161E-13  3.1260E-11
  9.1931E-04  8.3733E-09  1.7686E-13  3.2216E-11
  9.2626E-04  8.6072E-09  1.8226E-13  3.3200E-11
  9.3325E-04  8.8475E-09  1.8783E-13  3.4214E-11
  9.4029E-04  9.0944E-09  1.9356E-13  3.5258E-11
  9.4738E-04  9.3481E-09  1.9946E-13  3.6333E-11
  9.5451E-04  9.6086E-09  2.0554E-13  3.7441E-11
  9.6170E-04  9.8763E-09  2.1180E-13  3.8581E-11
  9.6893E-04  1.0151E-08  2.1825E-13  3.9755E-11
  9.7622E-04  1.0434E-08  2.2489E-13  4.0964E-11
  9.8355E-04  1.0724E-08  2.3172E-13  4.2209E-11
  9.9093E-04  1.1022E-08  2.3876E-13  4.3491E-11
  9.9837E-04  1.1328E-08  2.4600E-13  4.4811E-11
  1.0059E-03  1.1643E-08  2.5346E-13  4.6170E-11
  1.0134E-03  1.1966E-08  2.6115E-13  4.7569E-11
  1.0210E-03  1.2298E-08  2.6906E-13  4.9010E-11
  1.0286E-03  1.2639E-08  2.7720E-13  5.0493E-11
  1.0363E-03  1.2989E-08  2.8559E-13  5.2021E-11
  1.0441E-03  1.3349E-08  2.9422E-13  5.3594E-11
  1.0519E-03  1.3718E-08  3.0311E-13  5.5213E-11
  1.0597E-03  1.4098E-08  3.1226E-13  5.6880E-11
  1.0676E-03  1.4488E-08  3.2168E-13  5.8596E-11
  1.0756E-03  1.4888E-08  3.3138E-13  6.0363E-11
  1.0836E-03  1.5300E-08  3.4137E-13  6.2182E-11
  1.0916E-03  1.5722E-08  3.5165E-13  6.4055E-11
  1.0998E-03  1.6156E-08  3.6224E-13  6.5983E-11
  1.1080E-03  1.6602E-08  3.7313E-13  6.7968E-11
  1.1162E-03  1.7060E-08  3.8435E-13  7.0011E-11
  1.1245E-03  1.7530E-08  3.9590E-13  7.2115E-11
  1.1328E-03  1.8013E-08  4.0778E-13  7.4280E-11
  1.1412E-03  1.8509E-08  4.2002E-13  7.6509E-11
  1.1497E-03  1.9018E-08  4.3262E-13  7.8804E-11
  1.1582E-03  1.9542E-08  4.4559E-13  8.1166E-11
  1.1668E-03  2.0079E-08  4.5894E-13  8.3598E-11
  1.1754E-03  2.0631E-08  4.7268E-13  8.6101E-11
  1.1841E-03  2.1198E-08  4.8682E-13  8.8677E-11
  1.1929E-03  2.1780E-08  5.0138E-13  9.1329E-11
  1.2017E-03  2.2378E-08  5.1637E-13  9.4059E-11
  1.2106E-03  2.2992E-08  5.3179E-13  9.6869E-11
  1.2195E-03  2.3623E-08  5.4767E-13  9.9761E-11
  1.2285E-03  2.4271E-08  5.6402E-13  1.0274E-10
  1.2376E-03  2.4936E-08  5.8084E-13  1.0580E-10
  1.2467E-03  2.5619E-08  5.9815E-13  1.0896E-10
  1.2559E-03  2.6321E-08  6.1597E-13  1.1220E-10
  1.2651E-03  2.7041E-08  6.3432E-13  1.1554E-10
  1.2744E-03  2.7781E-08  6.5319E-13  1.1898E-10
  1.2838E-03  2.8541E-08  6.7262E-13  1.2252E-10
  1.2932E-03  2.9322E-08  6.9262E-13  1.2616E-10
  1.3027E-03  3.0123E-08  7.1320E-13  1.2991E-10
  1.3123E-03  3.0946E-08  7.3439E-13  1.3377E-10
  1.3219E-03  3.1792E-08  7.5619E-13  1.3774E-10
  1.3316E-03  3.2660E-08  7.7863E-13  1.4183E-10
  1.3414E-03  3.3551E-08  8.0172E-13  1.4604E-10
  1.3512E-03  3.4467E-08  8.2548E-13  1.5037E-10
  1.3611E-03  3.5407E-08  8.4994E-13  1.5482E-10
  1.3711E-03  3.6372E-08  8.7511E-13  1.5940E-10
  1.3811E-03  3.7363E-08  9.0101E-13  1.6412E-10
  1.3912E-03  3.8381E-08  9.2766E-13  1.6898E-10
  1.4014E-03  3.9427E-08  9.5509E-13  1.7397E-10
  1.4117E-03  4.0500E-08  9.8332E-13  1.7912E-10
  1.4220E-03  4.1603E-08  1.0124E-12  1.8441E-10
  1.4324E-03  4.2735E-08  1.0423E-12  1.8985E-10
  1.4428E-03  4.3897E-08  1.0730E-12  1.9546E-10
  1.4533E-03  4.5091E-08  1.1047E-12  2.0122E-10
  1.4639E-03  4.6317E-08  1.1373E-12  2.0716E-10
  1.4746E-03  4.7575E-08  1.1708E-12  2.1326E-10
  1.4853E-03  4.8868E-08  1.2053E-12  2.1954E-10
  1.4962E-03  5.0195E-08  1.2408E-12  2.2601E-10
  1.5070E-03  5.1557E-08  1.2773E-12  2.3266E-10
  1.5180E-03  5.2957E-08  1.3149E-12  2.3951E-10
  1.5291E-03  5.4394E-08  1.3535E-12  2.4655E-10
  1.5402E-03  5.5869E-08  1.3933E-12  2.5380E-10
  1.5514E-03  5.7384E-08  1.4343E-12  2.6126E-10
  1.5626E-03  5.8939E-08  1.4764E-12  2.6893E-10
  1.5740E-03  6.0537E-08  1.5197E-12  2.7682E-10
  1.5854E-03  6.2177E-08  1.5643E-12  2.8495E-10
  1.5969E-03  6.3861E-08  1.6102E-12  2.9331E-10
  1.6085E-03  6.5590E-08  1.6574E-12  3.0191E-10
  1.6201E-03  6.7365E-08  1.7060E-12  3.1076E-10
  1.6319E-03  6.9188E-08  1.7560E-12  3.1986E-10
  1.6437E-03  7.1060E-08  1.8074E-12  3.2923E-10
  1.6556E-03  7.2982E-08  1.8603E-12  3.3886E-10
  1.6676E-03  7.4956E-08  1.9147E-12  3.4878E-10
  1.6796E-03  7.6982E-08  1.9708E-12  3.5898E-10
  1.6918E-03  7.9062E-08  2.0284E-12  3.6948E-10
  1.7040E-03  8.1198E-08  2.0877E-12  3.8028E-10
  1.7163E-03  8.3392E-08  2.1486E-12  3.9139E-10
  1.7287E-03  8.5644E-08  2.2114E-12  4.0282E-10
  1.7412E-03  8.7956E-08  2.2760E-12  4.1458E-10
  1.7538E-03  9.0330E-08  2.3424E-12  4.2667E-10
  1.7664E-03  9.2767E-08  2.4107E-12  4.3912E-10
  1.7791E-03  9.5270E-08  2.4810E-12  4.5193E-10
  1.7920E-03  9.7839E-08  2.5533E-12  4.6510E-10
  1.8049E-03  1.0048E-07  2.6277E-12  4.7865E-10
  1.8179E-03  1.0319E-07  2.7043E-12  4.9259E-10
  1.8310E-03  1.0597E-07  2.7830E-12  5.0694E-10
  1.8442E-03  1.0882E-07  2.8640E-12  5.2169E-10
  1.8574E-03  1.1175E-07  2.9473E-12  5.3687E-10
  1.8708E-03  1.1476E-07  3.0331E-12  5.5249E-10
  1.8842E-03  1.1785E-07  3.1212E-12  5.6855E-10
  1.8978E-03  1.2103E-07  3.2120E-12  5.8507E-10
  1.9114E-03  1.2428E-07  3.3053E-12  6.0207E-10
  1.9252E-03  1.2763E-07  3.4013E-12  6.1956E-10
  1.9390E-03  1.3106E-07  3.5000E-12  6.3755E-10
  1.9529E-03  1.3459E-07  3.6016E-12  6.5605E-10
  1.9669E-03  1.3820E-07  3.7061E-12  6.7509E-10
  1.9810E-03  1.4192E-07  3.8136E-12  6.9467E-10
  1.9952E-03  1.4574E-07  3.9242E-12  7.1481E-10
  2.0095E-03  1.4965E-07  4.0379E-12  7.3553E-10
  2.0239E-03  1.5367E-07  4.1549E-12  7.5684E-10
  2.0384E-03  1.5780E-07  4.2753E-12  7.7877E-10
  2.0530E-03  1.6204E-07  4.3991E-12  8.0132E-10
  2.0677E-03  1.6639E-07  4.5264E-12  8.2451E-10
  2.0825E-03  1.7086E-07  4.6574E-12  8.4837E-10
  2.0974E-03  1.7544E-07  4.7922E-12  8.7292E-10
  2.1124E-03  1.8015E-07  4.9308E-12  8.9816E-10
  2.1275E-03  1.8498E-07  5.0733E-12  9.2413E-10
  2.1428E-03  1.8995E-07  5.2199E-12  9.5084E-10
  2.1581E-03  1.9504E-07  5.3708E-12  9.7831E-10
  2.1735E-03  2.0027E-07  5.5259E-12  1.0066E-09
  2.1890E-03  2.0564E-07  5.6855E-12  1.0356E-09
  2.2046E-03  2.1115E-07  5.8496E-12  1.0655E-09
  2.2204E-03  2.1681E-07  6.0184E-12  1.0963E-09
  2.2362E-03  2.2262E-07  6.1920E-12  1.1279E-09
  2.2522E-03  2.2858E-07  6.3706E-12  1.1604E-09
  2.2682E-03  2.3470E-07  6.5543E-12  1.1939E-09
  2.2844E-03  2.4099E-07  6.7432E-12  1.2283E-09
  2.3007E-03  2.4744E-07  6.9375E-12  1.2637E-09
  2.3171E-03  2.5407E-07  7.1373E-12  1.3001E-09
  2.3336E-03  2.6087E-07  7.3429E-12  1.3375E-09
  2.3502E-03  2.6785E-07  7.5543E-12  1.3761E-09
  2.3669E-03  2.7501E-07  7.7717E-12  1.4157E-09
  2.3838E-03  2.8237E-07  7.9954E-12  1.4564E-09
  2.4007E-03  2.8992E-07  8.2254E-12  1.4983E-09
  2.4178E-03  2.9768E-07  8.4619E-12  1.5414E-09
  2.4350E-03  3.0564E-07  8.7052E-12  1.5857E-09
  2.4523E-03  3.1381E-07  8.9554E-12  1.6313E-09
  2.4697E-03  3.2220E-07  9.2127E-12  1.6781E-09
  2.4873E-03  3.3081E-07  9.4774E-12  1.7264E-09
  2.5050E-03  3.3965E-07  9.7496E-12  1.7759E-09
  2.5228E-03  3.4872E-07  1.0029E-11  1.8269E-09
  2.5407E-03  3.5804E-07  1.0317E-11  1.8794E-09
  2.5587E-03  3.6760E-07  1.0613E-11  1.9333E-09
  2.5769E-03  3.7742E-07  1.0918E-11  1.9888E-09
  2.5951E-03  3.8749E-07  1.1231E-11  2.0458E-09
  2.6136E-03  3.9784E-07  1.1553E-11  2.1045E-09
  2.6321E-03  4.0846E-07  1.1884E-11  2.1648E-09
  2.6507E-03  4.1936E-07  1.2225E-11  2.2268E-09
  2.6695E-03  4.3055E-07  1.2575E-11  2.2906E-09
  2.6884E-03  4.4204E-07  1.2935E-11  2.3563E-09
  2.7075E-03  4.5383E-07  1.3306E-11  2.4237E-09
  2.7267E-03  4.6593E-07  1.3687E-11  2.4931E-09
  2.7460E-03  4.7836E-07  1.4079E-11  2.5645E-09
  2.7654E-03  4.9111E-07  1.4482E-11  2.6379E-09
  2.7850E-03  5.0421E-07  1.4896E-11  2.7134E-09
  2.8047E-03  5.1765E-07  1.5322E-11  2.7910E-09
  2.8245E-03  5.3144E-07  1.5760E-11  2.8708E-09
  2.8445E-03  5.4561E-07  1.6211E-11  2.9529E-09
  2.8646E-03  5.6014E-07  1.6674E-11  3.0373E-09
  2.8849E-03  5.7507E-07  1.7151E-11  3.1241E-09
  2.9053E-03  5.9039E-07  1.7641E-11  3.2133E-09
  2.9258E-03  6.0611E-07  1.8145E-11  3.3051E-09
  2.9465E-03  6.2225E-07  1.8663E-11  3.3995E-09
  2.9673E-03  6.3882E-07  1.9196E-11  3.4966E-09
  2.9882E-03  6.5583E-07  1.9744E-11  3.5964E-09
  3.0093E-03  6.7329E-07  2.0307E-11  3.6990E-09
  3.0306E-03  6.9121E-07  2.0886E-11  3.8046E-09
  3.0519E-03  7.0960E-07  2.1482E-11  3.9131E-09
  3.0735E-03  7.2848E-07  2.2095E-11  4.0247E-09
  3.0951E-03  7.4787E-07  2.2725E-11  4.1395E-09
  3.1170E-03  7.6776E-07  2.3373E-11  4.2575E-09
  3.1390E-03  7.8818E-07  2.4039E-11  4.3788E-09
  3.1611E-03  8.0915E-07  2.4724E-11  4.5036E-09
  3.1834E-03  8.3066E-07  2.5428E-11  4.6319E-09
  3.2058E-03  8.5275E-07  2.6153E-11  4.7638E-09
  3.2284E-03  8.7542E-07  2.6897E-11  4.8995E-09
  3.2511E-03  8.9869E-07  2.7663E-11  5.0390E-09
  3.2740E-03  9.2257E-07  2.8451E-11  5.1824E-09
  3.2971E-03  9.4709E-07  2.9260E-11  5.3299E-09
  3.3203E-03  9.7226E-07  3.0093E-11  5.4816E-09
  3.3436E-03  9.9809E-07  3.0949E-11  5.6375E-09
  3.3672E-03  1.0246E-06  3.1829E-11  5.7979E-09
  3.3908E-03  1.0518E-06  3.2734E-11  5.9628E-09
  3.4147E-03  1.0798E-06  3.3665E-11  6.1323E-09
  3.4387E-03  1.1084E-06  3.4622E-11  6.3066E-09
  3.4629E-03  1.1379E-06  3.5606E-11  6.4859E-09
  3.4872E-03  1.1681E-06  3.6618E-11  6.6702E-09
  3.5117E-03  1.1991E-06  3.7658E-11  6.8597E-09
  3.5364E-03  1.2309E-06  3.8728E-11  7.0545E-09
  3.5613E-03  1.2636E-06  3.9828E-11  7.2548E-09
  3.5863E-03  1.2971E-06  4.0959E-11  7.4608E-09
  3.6115E-03  1.3315E-06  4.2121E-11  7.6727E-09
  3.6368E-03  1.3668E-06  4.3317E-11  7.8904E-09
  3.6623E-03  1.4031E-06  4.4546E-11  8.1144E-09
  3.6881E-03  1.4403E-06  4.5810E-11  8.3446E-09
  3.7139E-03  1.4785E-06  4.7110E-11  8.5813E-09
  3.7400E-03  1.5177E-06  4.8446E-11  8.8247E-09
  3.7662E-03  1.5579E-06  4.9820E-11  9.0750E-09
  3.7926E-03  1.5992E-06  5.1232E-11  9.3323E-09
  3.8192E-03  1.6416E-06  5.2685E-11  9.5968E-09
  3.8460E-03  1.6851E-06  5.4178E-11  9.8688E-09
  3.8730E-03  1.7298E-06  5.5713E-11  1.0148E-08
  3.9001E-03  1.7756E-06  5.7292E-11  1.0436E-08
  3.9275E-03  1.8227E-06  5.8915E-11  1.0732E-08
  3.9550E-03  1.8709E-06  6.0584E-11  1.1036E-08
  3.9827E-03  1.9205E-06  6.2299E-11  1.1348E-08
  4.0106E-03  1.9714E-06  6.4063E-11  1.1669E-08
  4.0387E-03  2.0236E-06  6.5877E-11  1.2000E-08
  4.0670E-03  2.0771E-06  6.7742E-11  1.2339E-08
  4.0954E-03  2.1321E-06  6.9659E-11  1.2689E-08
  4.1241E-03  2.1886E-06  7.1630E-11  1.3048E-08
  4.1530E-03  2.2465E-06  7.3656E-11  1.3417E-08
  4.1820E-03  2.3060E-06  7.5740E-11  1.3796E-08
  4.2113E-03  2.3670E-06  7.7882E-11  1.4187E-08
  4.2408E-03  2.4296E-06  8.0084E-11  1.4588E-08
  4.2704E-03  2.4939E-06  8.2348E-11  1.5000E-08
  4.3003E-03  2.5598E-06  8.4676E-11  1.5424E-08
  4.3304E-03  2.6275E-06  8.7070E-11  1.5860E-08
  4.3606E-03  2.6970E-06  8.9530E-11  1.6308E-08
  4.3911E-03  2.7683E-06  9.2060E-11  1.6769E-08
  4.4218E-03  2.8415E-06  9.4661E-11  1.7243E-08
  4.4527E-03  2.9167E-06  9.7335E-11  1.7730E-08
  4.4838E-03  2.9937E-06  1.0008E-10  1.8231E-08
  4.5151E-03  3.0729E-06  1.0291E-10  1.8746E-08
  4.5467E-03  3.1541E-06  1.0582E-10  1.9275E-08
  4.5784E-03  3.2374E-06  1.0880E-10  1.9819E-08
  4.6104E-03  3.3229E-06  1.1187E-10  2.0379E-08
  4.6426E-03  3.4107E-06  1.1503E-10  2.0954E-08
  4.6750E-03  3.5008E-06  1.1828E-10  2.1545E-08
  4.7076E-03  3.5933E-06  1.2162E-10  2.2153E-08
  4.7405E-03  3.6881E-06  1.2505E-10  2.2778E-08
  4.7736E-03  3.7855E-06  1.2857E-10  2.3420E-08
  4.8069E-03  3.8855E-06  1.3220E-10  2.4081E-08
  4.8404E-03  3.9880E-06  1.3593E-10  2.4760E-08
  4.8742E-03  4.0933E-06  1.3976E-10  2.5458E-08
  4.9082E-03  4.2013E-06  1.4370E-10  2.6176E-08
  4.9424E-03  4.3121E-06  1.4775E-10  2.6914E-08
  4.9769E-03  4.4259E-06  1.5191E-10  2.7672E-08
  5.0116E-03  4.5427E-06  1.5620E-10  2.8452E-08
  5.0465E-03  4.6625E-06  1.6060E-10  2.9254E-08
  5.0817E-03  4.7854E-06  1.6512E-10  3.0078E-08
  5.1171E-03  4.9116E-06  1.6977E-10  3.0925E-08
  5.1528E-03  5.0411E-06  1.7455E-10  3.1796E-08
  5.1887E-03  5.1740E-06  1.7947E-10  3.2691E-08
  5.2248E-03  5.3104E-06  1.8452E-10  3.3612E-08
  5.2612E-03  5.4504E-06  1.8972E-10  3.4558E-08
  5.2978E-03  5.5940E-06  1.9506E-10  3.5531E-08
  5.3347E-03  5.7414E-06  2.0055E-10  3.6531E-08
  5.3719E-03  5.8926E-06  2.0619E-10  3.7559E-08
  5.4093E-03  6.0478E-06  2.1200E-10  3.8616E-08
  5.4469E-03  6.2071E-06  2.1796E-10  3.9703E-08
  5.4848E-03  6.3706E-06  2.2409E-10  4.0820E-08
  5.5230E-03  6.5383E-06  2.3040E-10  4.1968E-08
  5.5614E-03  6.7104E-06  2.3688E-10  4.3148E-08
  5.6001E-03  6.8871E-06  2.4354E-10  4.4362E-08
  5.6391E-03  7.0683E-06  2.5039E-10  4.5609E-08
  5.6783E-03  7.2543E-06  2.5743E-10  4.6892E-08
  5.7178E-03  7.4452E-06  2.6466E-10  4.8210E-08
  5.7576E-03  7.6411E-06  2.7210E-10  4.9565E-08
  5.7976E-03  7.8421E-06  2.7975E-10  5.0958E-08
  5.8379E-03  8.0483E-06  2.8761E-10  5.2391E-08
  5.8785E-03  8.2599E-06  2.9569E-10  5.3863E-08
  5.9194E-03  8.4771E-06  3.0400E-10  5.5376E-08
  5.9605E-03  8.7000E-06  3.1254E-10  5.6932E-08
  6.0020E-03  8.9286E-06  3.2132E-10  5.8531E-08
  6.0437E-03  9.1633E-06  3.3035E-10  6.0175E-08
  6.0857E-03  9.4041E-06  3.3963E-10  6.1865E-08
  6.1279E-03  9.6512E-06  3.4916E-10  6.3603E-08
  6.1705E-03  9.9047E-06  3.5897E-10  6.5388E-08
  6.2134E-03  1.0165E-05  3.6905E-10  6.7224E-08
  6.2565E-03  1.0432E-05  3.7941E-10  6.9111E-08
  6.3000E-03  1.0706E-05  3.9006E-10  7.1051E-08
  6.3437E-03  1.0987E-05  4.0100E-10  7.3045E-08
  6.3878E-03  1.1275E-05  4.1226E-10  7.5095E-08
  6.4321E-03  1.1571E-05  4.2382E-10  7.7203E-08
  6.4768E-03  1.1875E-05  4.3572E-10  7.9369E-08
  6.5217E-03  1.2186E-05  4.4794E-10  8.1596E-08
  6.5670E-03  1.2506E-05  4.6051E-10  8.3884E-08
  6.6126E-03  1.2834E-05  4.7342E-10  8.6237E-08
  6.6585E-03  1.3170E-05  4.8670E-10  8.8656E-08
  6.7047E-03  1.3516E-05  5.0035E-10  9.1142E-08
  6.7512E-03  1.3870E-05  5.1438E-10  9.3698E-08
  6.7980E-03  1.4234E-05  5.2880E-10  9.6325E-08
  6.8452E-03  1.4607E-05  5.4363E-10  9.9026E-08
  6.8926E-03  1.4989E-05  5.5887E-10  1.0180E-07
  6.9404E-03  1.5382E-05  5.7453E-10  1.0466E-07
  6.9886E-03  1.5785E-05  5.9063E-10  1.0759E-07
  7.0370E-03  1.6198E-05  6.0719E-10  1.1060E-07
  7.0858E-03  1.6622E-05  6.2420E-10  1.1370E-07
  7.1349E-03  1.7057E-05  6.4169E-10  1.1689E-07
  7.1844E-03  1.7504E-05  6.5967E-10  1.2016E-07
  7.2342E-03  1.7962E-05  6.7815E-10  1.2353E-07
  7.2843E-03  1.8432E-05  6.9714E-10  1.2699E-07
  7.3348E-03  1.8914E-05  7.1667E-10  1.3055E-07
  7.3856E-03  1.9409E-05  7.3674E-10  1.3420E-07
  7.4368E-03  1.9916E-05  7.5737E-10  1.3796E-07
  7.4883E-03  2.0437E-05  7.7858E-10  1.4182E-07
  7.5402E-03  2.0971E-05  8.0038E-10  1.4580E-07
  7.5924E-03  2.1520E-05  8.2279E-10  1.4988E-07
  7.6450E-03  2.2082E-05  8.4582E-10  1.5407E-07
  7.6980E-03  2.2659E-05  8.6950E-10  1.5839E-07
  7.7513E-03  2.3251E-05  8.9383E-10  1.6282E-07
  7.8050E-03  2.3858E-05  9.1885E-10  1.6738E-07
  7.8590E-03  2.4481E-05  9.4456E-10  1.7206E-07
  7.9134E-03  2.5120E-05  9.7099E-10  1.7687E-07
  7.9682E-03  2.5776E-05  9.9816E-10  1.8182E-07
  8.0234E-03  2.6448E-05  1.0261E-09  1.8691E-07
  8.0789E-03  2.7138E-05  1.0548E-09  1.9214E-07
  8.1348E-03  2.7846E-05  1.0843E-09  1.9751E-07
  8.1911E-03  2.8572E-05  1.1146E-09  2.0304E-07
  8.2478E-03  2.9317E-05  1.1458E-09  2.0872E-07
  8.3049E-03  3.0082E-05  1.1778E-09  2.1455E-07
  8.3623E-03  3.0866E-05  1.2108E-09  2.2055E-07
  8.4202E-03  3.1670E-05  1.2446E-09  2.2672E-07
  8.4784E-03  3.2495E-05  1.2794E-09  2.3306E-07
  8.5371E-03  3.3342E-05  1.3152E-09  2.3958E-07
  8.5961E-03  3.4210E-05  1.3520E-09  2.4627E-07
  8.6556E-03  3.5100E-05  1.3898E-09  2.5316E-07
  8.7154E-03  3.6014E-05  1.4286E-09  2.6023E-07
  8.7757E-03  3.6951E-05  1.4685E-09  2.6751E-07
  8.8364E-03  3.7913E-05  1.5096E-09  2.7498E-07
  8.8975E-03  3.8899E-05  1.5518E-09  2.8267E-07
  8.9590E-03  3.9911E-05  1.5951E-09  2.9057E-07
  9.0209E-03  4.0948E-05  1.6397E-09  2.9868E-07
  9.0833E-03  4.2013E-05  1.6855E-09  3.0703E-07
  9.1461E-03  4.3105E-05  1.7326E-09  3.1561E-07
  9.2093E-03  4.4225E-05  1.7810E-09  3.2442E-07
  9.2729E-03  4.5374E-05  1.8307E-09  3.3348E-07
  9.3370E-03  4.6552E-05  1.8819E-09  3.4280E-07
  9.4015E-03  4.7761E-05  1.9344E-09  3.5237E-07
  9.4665E-03  4.9001E-05  1.9884E-09  3.6221E-07
  9.5319E-03  5.0272E-05  2.0440E-09  3.7233E-07
  9.5977E-03  5.1577E-05  2.1010E-09  3.8272E-07
  9.6640E-03  5.2914E-05  2.1597E-09  3.9341E-07
  9.7308E-03  5.4287E-05  2.2200E-09  4.0439E-07
  9.7980E-03  5.5694E-05  2.2819E-09  4.1568E-07
  9.8657E-03  5.7138E-05  2.3456E-09  4.2728E-07
  9.9338E-03  5.8618E-05  2.4111E-09  4.3921E-07
  1.0002E-02  6.0137E-05  2.4784E-09  4.5147E-07
  1.0072E-02  6.1695E-05  2.5476E-09  4.6407E-07
  1.0141E-02  6.3292E-05  2.6187E-09  4.7702E-07
  1.0211E-02  6.4931E-05  2.6918E-09  4.9033E-07
  1.0282E-02  6.6611E-05  2.7669E-09  5.0401E-07
  1.0353E-02  6.8334E-05  2.8441E-09  5.1808E-07
  1.0424E-02  7.0102E-05  2.9234E-09  5.3253E-07
  1.0496E-02  7.1915E-05  3.0050E-09  5.4739E-07
  1.0568E-02  7.3774E-05  3.0888E-09  5.6266E-07
  1.0641E-02  7.5681E-05  3.1749E-09  5.7835E-07
  1.0715E-02  7.7636E-05  3.2635E-09  5.9448E-07
  1.0789E-02  7.9642E-05  3.3545E-09  6.1107E-07
  1.0863E-02  8.1698E-05  3.4481E-09  6.2811E-07
  1.0938E-02  8.3807E-05  3.5442E-09  6.4562E-07
  1.1014E-02  8.5970E-05  3.6431E-09  6.6363E-07
  1.1090E-02  8.8188E-05  3.7447E-09  6.8213E-07
  1.1166E-02  9.0463E-05  3.8491E-09  7.0115E-07
  1.1243E-02  9.2796E-05  3.9564E-09  7.2070E-07
  1.1321E-02  9.5188E-05  4.0667E-09  7.4079E-07
  1.1399E-02  9.7641E-05  4.1800E-09  7.6145E-07
  1.1477E-02  1.0016E-04  4.2966E-09  7.8267E-07
  1.1557E-02  1.0274E-04  4.4163E-09  8.0449E-07
  1.1636E-02  1.0538E-04  4.5394E-09  8.2691E-07
  1.1717E-02  1.0809E-04  4.6659E-09  8.4996E-07
  1.1797E-02  1.1088E-04  4.7960E-09  8.7365E-07
  1.1879E-02  1.1373E-04  4.9296E-09  8.9799E-07
  1.1961E-02  1.1665E-04  5.0670E-09  9.2302E-07
  1.2043E-02  1.1965E-04  5.2082E-09  9.4874E-07
  1.2126E-02  1.2273E-04  5.3533E-09  9.7517E-07
  1.2210E-02  1.2588E-04  5.5024E-09  1.0023E-06
  1.2294E-02  1.2911E-04  5.6557E-09  1.0303E-06
  1.2379E-02  1.3243E-04  5.8133E-09  1.0590E-06
  1.2464E-02  1.3583E-04  5.9752E-09  1.0885E-06
  1.2550E-02  1.3931E-04  6.1417E-09  1.1188E-06
  1.2636E-02  1.4289E-04  6.3127E-09  1.1500E-06
  1.2723E-02  1.4655E-04  6.4886E-09  1.1820E-06
  1.2811E-02  1.5031E-04  6.6693E-09  1.2149E-06
  1.2899E-02  1.5416E-04  6.8550E-09  1.2487E-06
  1.2988E-02  1.5811E-04  7.0459E-09  1.2835E-06
  1.3078E-02  1.6215E-04  7.2421E-09  1.3193E-06
  1.3168E-02  1.6630E-04  7.4438E-09  1.3560E-06
  1.3259E-02  1.7056E-04  7.6510E-09  1.3937E-06
  1.3350E-02  1.7492E-04  7.8640E-09  1.4326E-06
  1.3442E-02  1.7940E-04  8.0830E-09  1.4724E-06
  1.3534E-02  1.8398E-04  8.3080E-09  1.5134E-06
  1.3628E-02  1.8868E-04  8.5393E-09  1.5556E-06
  1.3722E-02  1.9350E-04  8.7770E-09  1.5989E-06
  1.3816E-02  1.9844E-04  9.0213E-09  1.6434E-06
  1.3911E-02  2.0351E-04  9.2724E-09  1.6891E-06
  1.4007E-02  2.0870E-04  9.5305E-09  1.7361E-06
  1.4104E-02  2.1402E-04  9.7957E-09  1.7844E-06
  1.4201E-02  2.1948E-04  1.0068E-08  1.8341E-06
  1.4298E-02  2.2507E-04  1.0348E-08  1.8852E-06
  1.4397E-02  2.3080E-04  1.0636E-08  1.9376E-06
  1.4496E-02  2.3668E-04  1.0932E-08  1.9915E-06
  1.4596E-02  2.4271E-04  1.1237E-08  2.0469E-06
  1.4696E-02  2.4888E-04  1.1549E-08  2.1039E-06
  1.4797E-02  2.5521E-04  1.1871E-08  2.1624E-06
  1.4899E-02  2.6170E-04  1.2201E-08  2.2226E-06
  1.5002E-02  2.6835E-04  1.2540E-08  2.2844E-06
  1.5105E-02  2.7517E-04  1.2889E-08  2.3480E-06
  1.5209E-02  2.8216E-04  1.3248E-08  2.4133E-06
  1.5314E-02  2.8932E-04  1.3616E-08  2.4804E-06
  1.5419E-02  2.9666E-04  1.3995E-08  2.5494E-06
  1.5525E-02  3.0418E-04  1.4384E-08  2.6203E-06
  1.5632E-02  3.1189E-04  1.4784E-08  2.6932E-06
  1.5740E-02  3.1980E-04  1.5195E-08  2.7681E-06
  1.5848E-02  3.2790E-04  1.5618E-08  2.8451E-06
  1.5957E-02  3.3620E-04  1.6052E-08  2.9242E-06
  1.6067E-02  3.4471E-04  1.6499E-08  3.0055E-06
  1.6178E-02  3.5343E-04  1.6957E-08  3.0891E-06
  1.6289E-02  3.6236E-04  1.7429E-08  3.1750E-06
  1.6401E-02  3.7152E-04  1.7913E-08  3.2633E-06
  1.6514E-02  3.8091E-04  1.8411E-08  3.3540E-06
  1.6627E-02  3.9053E-04  1.8923E-08  3.4473E-06
  1.6742E-02  4.0038E-04  1.9449E-08  3.5431E-06
  1.6857E-02  4.1049E-04  1.9990E-08  3.6416E-06
  1.6973E-02  4.2084E-04  2.0546E-08  3.7428E-06
  1.7090E-02  4.3144E-04  2.1117E-08  3.8469E-06
  1.7207E-02  4.4231E-04  2.1704E-08  3.9538E-06
  1.7325E-02  4.5345E-04  2.2307E-08  4.0637E-06
  1.7445E-02  4.6486E-04  2.2927E-08  4.1767E-06
  1.7565E-02  4.7656E-04  2.3564E-08  4.2928E-06
  1.7685E-02  4.8854E-04  2.4219E-08  4.4121E-06
  1.7807E-02  5.0082E-04  2.4892E-08  4.5347E-06
  1.7930E-02  5.1340E-04  2.5584E-08  4.6607E-06
  1.8053E-02  5.2629E-04  2.6295E-08  4.7902E-06
  1.8177E-02  5.3950E-04  2.7025E-08  4.9233E-06
  1.8302E-02  5.5303E-04  2.7776E-08  5.0601E-06
  1.8428E-02  5.6689E-04  2.8548E-08  5.2007E-06
  1.8554E-02  5.8110E-04  2.9341E-08  5.3452E-06
  1.8682E-02  5.9565E-04  3.0156E-08  5.4938E-06
  1.8810E-02  6.1056E-04  3.0994E-08  5.6464E-06
  1.8940E-02  6.2584E-04  3.1855E-08  5.8033E-06
  1.9070E-02  6.4149E-04  3.2740E-08  5.9645E-06
  1.9201E-02  6.5752E-04  3.3650E-08  6.1302E-06
  1.9333E-02  6.7394E-04  3.4584E-08  6.3005E-06
  1.9466E-02  6.9077E-04  3.5545E-08  6.4755E-06
  1.9600E-02  7.0800E-04  3.6532E-08  6.6554E-06
  1.9734E-02  7.2566E-04  3.7547E-08  6.8402E-06
  1.9870E-02  7.4375E-04  3.8590E-08  7.0302E-06
  2.0007E-02  7.6228E-04  3.9662E-08  7.2255E-06
  2.0144E-02  7.8125E-04  4.0763E-08  7.4262E-06
  2.0283E-02  8.0069E-04  4.1895E-08  7.6324E-06
  2.0422E-02  8.2061E-04  4.3059E-08  7.8444E-06
  2.0562E-02  8.4100E-04  4.4254E-08  8.0622E-06
  2.0704E-02  8.6189E-04  4.5483E-08  8.2861E-06
  2.0846E-02  8.8329E-04  4.6746E-08  8.5162E-06
  2.0989E-02  9.0521E-04  4.8044E-08  8.7527E-06
  2.1133E-02  9.2766E-04  4.9378E-08  8.9957E-06
  2.1279E-02  9.5065E-04  5.0749E-08  9.2455E-06
  2.1425E-02  9.7419E-04  5.2158E-08  9.5022E-06
  2.1572E-02  9.9831E-04  5.3606E-08  9.7660E-06
  2.1720E-02  1.0230E-03  5.5094E-08  1.0037E-05
  2.1869E-02  1.0483E-03  5.6624E-08  1.0316E-05
  2.2020E-02  1.0742E-03  5.8195E-08  1.0602E-05
  2.2171E-02  1.1007E-03  5.9811E-08  1.0897E-05
  2.2323E-02  1.1279E-03  6.1471E-08  1.1199E-05
  2.2477E-02  1.1557E-03  6.3177E-08  1.1510E-05
  2.2631E-02  1.1842E-03  6.4931E-08  1.1829E-05
  2.2786E-02  1.2134E-03  6.6733E-08  1.2158E-05
  2.2943E-02  1.2432E-03  6.8585E-08  1.2495E-05
  2.3100E-02  1.2738E-03  7.0489E-08  1.2842E-05
  2.3259E-02  1.3051E-03  7.2445E-08  1.3198E-05
  2.3419E-02  1.3372E-03  7.4455E-08  1.3565E-05
  2.3580E-02  1.3700E-03  7.6522E-08  1.3941E-05
  2.3742E-02  1.4036E-03  7.8645E-08  1.4328E-05
  2.3905E-02  1.4381E-03  8.0828E-08  1.4726E-05
  2.4069E-02  1.4733E-03  8.3070E-08  1.5134E-05
  2.4234E-02  1.5094E-03  8.5375E-08  1.5554E-05
  2.4401E-02  1.5463E-03  8.7744E-08  1.5986E-05
  2.4568E-02  1.5841E-03  9.0179E-08  1.6430E-05
  2.4737E-02  1.6228E-03  9.2681E-08  1.6886E-05
  2.4907E-02  1.6625E-03  9.5252E-08  1.7354E-05
  2.5078E-02  1.7030E-03  9.7895E-08  1.7836E-05
  2.5250E-02  1.7445E-03  1.0061E-07  1.8330E-05
  2.5423E-02  1.7871E-03  1.0340E-07  1.8839E-05
  2.5598E-02  1.8306E-03  1.0627E-07  1.9362E-05
  2.5774E-02  1.8751E-03  1.0922E-07  1.9899E-05
  2.5950E-02  1.9207E-03  1.1225E-07  2.0451E-05
  2.6129E-02  1.9674E-03  1.1536E-07  2.1018E-05
  2.6308E-02  2.0151E-03  1.1856E-07  2.1601E-05
  2.6489E-02  2.0640E-03  1.2185E-07  2.2201E-05
  2.6670E-02  2.1141E-03  1.2523E-07  2.2816E-05
  2.6853E-02  2.1653E-03  1.2870E-07  2.3449E-05
  2.7038E-02  2.2177E-03  1.3227E-07  2.4100E-05
  2.7223E-02  2.2714E-03  1.3594E-07  2.4768E-05
  2.7410E-02  2.3263E-03  1.3971E-07  2.5455E-05
  2.7598E-02  2.3824E-03  1.4359E-07  2.6161E-05
  2.7788E-02  2.4399E-03  1.4757E-07  2.6887E-05
  2.7979E-02  2.4988E-03  1.5166E-07  2.7633E-05
  2.8171E-02  2.5590E-03  1.5587E-07  2.8399E-05
  2.8364E-02  2.6206E-03  1.6019E-07  2.9186E-05
  2.8559E-02  2.6836E-03  1.6463E-07  2.9996E-05
  2.8755E-02  2.7481E-03  1.6919E-07  3.0828E-05
  2.8952E-02  2.8141E-03  1.7389E-07  3.1683E-05
  2.9151E-02  2.8817E-03  1.7871E-07  3.2561E-05
  2.9351E-02  2.9508E-03  1.8366E-07  3.3464E-05
  2.9552E-02  3.0215E-03  1.8875E-07  3.4392E-05
  2.9755E-02  3.0938E-03  1.9399E-07  3.5346E-05
  2.9959E-02  3.1678E-03  1.9936E-07  3.6326E-05
  3.0165E-02  3.2435E-03  2.0489E-07  3.7333E-05
  3.0372E-02  3.3209E-03  2.1057E-07  3.8368E-05
  3.0580E-02  3.4002E-03  2.1641E-07  3.9432E-05
  3.0790E-02  3.4812E-03  2.2241E-07  4.0525E-05
  3.1001E-02  3.5641E-03  2.2857E-07  4.1649E-05
  3.1214E-02  3.6489E-03  2.3491E-07  4.2803E-05
  3.1428E-02  3.7357E-03  2.4142E-07  4.3990E-05
  3.1643E-02  3.8244E-03  2.4811E-07  4.5209E-05
  3.1861E-02  3.9152E-03  2.5499E-07  4.6463E-05
  3.2079E-02  4.0080E-03  2.6206E-07  4.7751E-05
  3.2299E-02  4.1029E-03  2.6932E-07  4.9074E-05
  3.2521E-02  4.2000E-03  2.7678E-07  5.0435E-05
  3.2744E-02  4.2993E-03  2.8446E-07  5.1833E-05
  3.2969E-02  4.4009E-03  2.9234E-07  5.3270E-05
  3.3195E-02  4.5048E-03  3.0044E-07  5.4746E-05
  3.3422E-02  4.6110E-03  3.0877E-07  5.6264E-05
  3.3652E-02  4.7196E-03  3.1732E-07  5.7823E-05
  3.3882E-02  4.8307E-03  3.2612E-07  5.9426E-05
  3.4115E-02  4.9443E-03  3.3515E-07  6.1073E-05
  3.4349E-02  5.0604E-03  3.4444E-07  6.2765E-05
  3.4584E-02  5.1791E-03  3.5398E-07  6.4505E-05
  3.4822E-02  5.3006E-03  3.6379E-07  6.6292E-05
  3.5061E-02  5.4247E-03  3.7387E-07  6.8130E-05
  3.5301E-02  5.5516E-03  3.8423E-07  7.0018E-05
  3.5543E-02  5.6814E-03  3.9488E-07  7.1958E-05
  3.5787E-02  5.8140E-03  4.0582E-07  7.3952E-05
  3.6032E-02  5.9496E-03  4.1706E-07  7.6001E-05
  3.6279E-02  6.0883E-03  4.2862E-07  7.8107E-05
  3.6528E-02  6.2300E-03  4.4049E-07  8.0272E-05
  3.6779E-02  6.3749E-03  4.5269E-07  8.2496E-05
  3.7031E-02  6.5229E-03  4.6523E-07  8.4782E-05
  3.7285E-02  6.6743E-03  4.7812E-07  8.7131E-05
  3.7541E-02  6.8290E-03  4.9137E-07  8.9545E-05
  3.7798E-02  6.9871E-03  5.0498E-07  9.2026E-05
  3.8057E-02  7.1487E-03  5.1896E-07  9.4576E-05
  3.8318E-02  7.3139E-03  5.3334E-07  9.7196E-05
  3.8581E-02  7.4827E-03  5.4811E-07  9.9889E-05
  3.8845E-02  7.6552E-03  5.6329E-07  1.0266E-04
  3.9112E-02  7.8315E-03  5.7890E-07  1.0550E-04
  3.9380E-02  8.0117E-03  5.9493E-07  1.0842E-04
  3.9650E-02  8.1958E-03  6.1141E-07  1.1143E-04
  3.9922E-02  8.3839E-03  6.2834E-07  1.1451E-04
  4.0196E-02  8.5761E-03  6.4574E-07  1.1769E-04
  4.0471E-02  8.7725E-03  6.6362E-07  1.2095E-04
  4.0749E-02  8.9731E-03  6.8200E-07  1.2430E-04
  4.1028E-02  9.1781E-03  7.0089E-07  1.2774E-04
  4.1309E-02  9.3876E-03  7.2030E-07  1.3128E-04
  4.1592E-02  9.6016E-03  7.4024E-07  1.3491E-04
  4.1878E-02  9.8201E-03  7.6074E-07  1.3865E-04
  4.2165E-02  1.0043E-02  7.8181E-07  1.4249E-04
  4.2454E-02  1.0272E-02  8.0345E-07  1.4644E-04
  4.2745E-02  1.0505E-02  8.2570E-07  1.5049E-04
  4.3038E-02  1.0743E-02  8.4856E-07  1.5466E-04
  4.3333E-02  1.0986E-02  8.7206E-07  1.5895E-04
  4.3630E-02  1.1234E-02  8.9620E-07  1.6335E-04
  4.3929E-02  1.1487E-02  9.2101E-07  1.6787E-04
  4.4230E-02  1.1746E-02  9.4651E-07  1.7252E-04
  4.4533E-02  1.2011E-02  9.7272E-07  1.7730E-04
  4.4839E-02  1.2281E-02  9.9965E-07  1.8221E-04
  4.5146E-02  1.2557E-02  1.0273E-06  1.8725E-04
  4.5455E-02  1.2838E-02  1.0558E-06  1.9244E-04
  4.5767E-02  1.3126E-02  1.0850E-06  1.9777E-04
  4.6081E-02  1.3420E-02  1.1150E-06  2.0324E-04
  4.6396E-02  1.3720E-02  1.1459E-06  2.0887E-04
  4.6714E-02  1.4026E-02  1.1776E-06  2.1466E-04
  4.7035E-02  1.4338E-02  1.2102E-06  2.2060E-04
  4.7357E-02  1.4657E-02  1.2437E-06  2.2671E-04
  4.7682E-02  1.4983E-02  1.2781E-06  2.3299E-04
  4.8008E-02  1.5315E-02  1.3135E-06  2.3944E-04
  4.8337E-02  1.5655E-02  1.3498E-06  2.4607E-04
  4.8669E-02  1.6001E-02  1.3872E-06  2.5288E-04
  4.9002E-02  1.6355E-02  1.4256E-06  2.5988E-04
  4.9338E-02  1.6716E-02  1.4651E-06  2.6707E-04
  4.9676E-02  1.7084E-02  1.5056E-06  2.7447E-04
  5.0017E-02  1.7460E-02  1.5473E-06  2.8207E-04
  5.0359E-02  1.7844E-02  1.5901E-06  2.8988E-04
  5.0704E-02  1.8236E-02  1.6341E-06  2.9790E-04
  5.1052E-02  1.8635E-02  1.6793E-06  3.0615E-04
  5.1402E-02  1.9043E-02  1.7258E-06  3.1462E-04
  5.1754E-02  1.9459E-02  1.7735E-06  3.2333E-04
  5.2109E-02  1.9883E-02  1.8226E-06  3.3228E-04
  5.2466E-02  2.0317E-02  1.8730E-06  3.4148E-04
  5.2825E-02  2.0758E-02  1.9249E-06  3.5093E-04
  5.3187E-02  2.1209E-02  1.9781E-06  3.6065E-04
  5.3552E-02  2.1669E-02  2.0328E-06  3.7063E-04
  5.3919E-02  2.2138E-02  2.0891E-06  3.8089E-04
  5.4288E-02  2.2617E-02  2.1469E-06  3.9143E-04
  5.4660E-02  2.3105E-02  2.2063E-06  4.0227E-04
  5.5034E-02  2.3603E-02  2.2673E-06  4.1340E-04
  5.5412E-02  2.4111E-02  2.3300E-06  4.2484E-04
  5.5791E-02  2.4629E-02  2.3945E-06  4.3660E-04
  5.6173E-02  2.5157E-02  2.4607E-06  4.4868E-04
  5.6558E-02  2.5696E-02  2.5288E-06  4.6110E-04
  5.6946E-02  2.6245E-02  2.5987E-06  4.7386E-04
  5.7336E-02  2.6805E-02  2.6706E-06  4.8698E-04
  5.7729E-02  2.7377E-02  2.7445E-06  5.0045E-04
  5.8124E-02  2.7959E-02  2.8204E-06  5.1430E-04
  5.8523E-02  2.8553E-02  2.8984E-06  5.2854E-04
  5.8924E-02  2.9158E-02  2.9786E-06  5.4316E-04
  5.9327E-02  2.9775E-02  3.0609E-06  5.5819E-04
  5.9734E-02  3.0405E-02  3.1456E-06  5.7364E-04
  6.0143E-02  3.1046E-02  3.2326E-06  5.8951E-04
  6.0555E-02  3.1700E-02  3.3220E-06  6.0582E-04
  6.0970E-02  3.2366E-02  3.4138E-06  6.2259E-04
  6.1387E-02  3.3046E-02  3.5082E-06  6.3981E-04
  6.1808E-02  3.3738E-02  3.6053E-06  6.5752E-04
  6.2231E-02  3.4443E-02  3.7049E-06  6.7571E-04
  6.2658E-02  3.5162E-02  3.8074E-06  6.9440E-04
  6.3087E-02  3.5895E-02  3.9127E-06  7.1362E-04
  6.3519E-02  3.6642E-02  4.0208E-06  7.3336E-04
  6.3954E-02  3.7402E-02  4.1320E-06  7.5365E-04
  6.4392E-02  3.8178E-02  4.2463E-06  7.7450E-04
  6.4833E-02  3.8967E-02  4.3637E-06  7.9593E-04
  6.5277E-02  3.9772E-02  4.4843E-06  8.1795E-04
  6.5725E-02  4.0591E-02  4.6083E-06  8.4057E-04
  6.6175E-02  4.1426E-02  4.7357E-06  8.6383E-04
  6.6628E-02  4.2277E-02  4.8666E-06  8.8772E-04
  6.7084E-02  4.3143E-02  5.0011E-06  9.1228E-04
  6.7544E-02  4.4026E-02  5.1393E-06  9.3752E-04
  6.8007E-02  4.4924E-02  5.2814E-06  9.6345E-04
  6.8472E-02  4.5839E-02  5.4274E-06  9.9010E-04
  6.8941E-02  4.6771E-02  5.5774E-06  1.0175E-03
  6.9414E-02  4.7721E-02  5.7315E-06  1.0456E-03
  6.9889E-02  4.8687E-02  5.8900E-06  1.0746E-03
  7.0368E-02  4.9671E-02  6.0527E-06  1.1043E-03
  7.0850E-02  5.0673E-02  6.2200E-06  1.1348E-03
  7.1335E-02  5.1693E-02  6.3919E-06  1.1662E-03
  7.1824E-02  5.2731E-02  6.5685E-06  1.1985E-03
  7.2315E-02  5.3788E-02  6.7501E-06  1.2316E-03
  7.2811E-02  5.4864E-02  6.9366E-06  1.2657E-03
  7.3309E-02  5.5960E-02  7.1283E-06  1.3007E-03
  7.3812E-02  5.7074E-02  7.3252E-06  1.3366E-03
  7.4317E-02  5.8209E-02  7.5276E-06  1.3736E-03
  7.4826E-02  5.9364E-02  7.7356E-06  1.4116E-03
  7.5338E-02  6.0539E-02  7.9493E-06  1.4506E-03
  7.5854E-02  6.1734E-02  8.1689E-06  1.4907E-03
  7.6374E-02  6.2951E-02  8.3946E-06  1.5320E-03
  7.6897E-02  6.4189E-02  8.6265E-06  1.5743E-03
  7.7424E-02  6.5448E-02  8.8648E-06  1.6178E-03
  7.7954E-02  6.6730E-02  9.1097E-06  1.6626E-03
  7.8488E-02  6.8033E-02  9.3614E-06  1.7086E-03
  7.9025E-02  6.9359E-02  9.6199E-06  1.7558E-03
  7.9566E-02  7.0707E-02  9.8856E-06  1.8043E-03
  8.0111E-02  7.2079E-02  1.0159E-05  1.8542E-03
  8.0660E-02  7.3474E-02  1.0439E-05  1.9055E-03
  8.1212E-02  7.4893E-02  1.0728E-05  1.9582E-03
  8.1768E-02  7.6336E-02  1.1024E-05  2.0123E-03
  8.2328E-02  7.7803E-02  1.1328E-05  2.0679E-03
  8.2892E-02  7.9295E-02  1.1641E-05  2.1251E-03
  8.3460E-02  8.0811E-02  1.1963E-05  2.1838E-03
  8.4031E-02  8.2353E-02  1.2293E-05  2.2442E-03
  8.4607E-02  8.3921E-02  1.2632E-05  2.3063E-03
  8.5186E-02  8.5515E-02  1.2981E-05  2.3700E-03
  8.5769E-02  8.7134E-02  1.3340E-05  2.4355E-03
  8.6357E-02  8.8781E-02  1.3708E-05  2.5028E-03
  8.6948E-02  9.0454E-02  1.4086E-05  2.5720E-03
  8.7543E-02  9.2155E-02  1.4475E-05  2.6431E-03
  8.8143E-02  9.3883E-02  1.4875E-05  2.7162E-03
  8.8746E-02  9.5639E-02  1.5285E-05  2.7912E-03
  8.9354E-02  9.7423E-02  1.5707E-05  2.8684E-03
  8.9966E-02  9.9236E-02  1.6141E-05  2.9476E-03
  9.0582E-02  1.0108E-01  1.6586E-05  3.0291E-03
  9.1202E-02  1.0295E-01  1.7044E-05  3.1128E-03
  9.1826E-02  1.0485E-01  1.7514E-05  3.1988E-03
  9.2455E-02  1.0678E-01  1.7998E-05  3.2872E-03
  9.3088E-02  1.0874E-01  1.8494E-05  3.3781E-03
  9.3726E-02  1.1073E-01  1.9005E-05  3.4714E-03
  9.4367E-02  1.1276E-01  1.9529E-05  3.5673E-03
  9.5013E-02  1.1481E-01  2.0068E-05  3.6659E-03
  9.5664E-02  1.1689E-01  2.0622E-05  3.7672E-03
  9.6319E-02  1.1901E-01  2.1191E-05  3.8713E-03
  9.6978E-02  1.2116E-01  2.1775E-05  3.9782E-03
  9.7642E-02  1.2334E-01  2.2376E-05  4.0881E-03
  9.8311E-02  1.2556E-01  2.2993E-05  4.2011E-03
  9.8984E-02  1.2781E-01  2.3628E-05  4.3171E-03
  9.9662E-02  1.3009E-01  2.4279E-05  4.4364E-03
  1.0034E-01  1.3241E-01  2.4949E-05  4.5590E-03
  1.0103E-01  1.3476E-01  2.5637E-05  4.6849E-03
  1.0172E-01  1.3714E-01  2.6344E-05  4.8143E-03
  1.0242E-01  1.3956E-01  2.7071E-05  4.9473E-03
  1.0312E-01  1.4202E-01  2.7817E-05  5.0839E-03
  1.0383E-01  1.4451E-01  2.8584E-05  5.2244E-03
  1.0454E-01  1.4704E-01  2.9372E-05  5.3687E-03
  1.0525E-01  1.4960E-01  3.0182E-05  5.5169E-03
  1.0597E-01  1.5220E-01  3.1014E-05  5.6693E-03
  1.0670E-01  1.5484E-01  3.1869E-05  5.8259E-03
  1.0743E-01  1.5751E-01  3.2748E-05  5.9868E-03
  1.0816E-01  1.6022E-01  3.3651E-05  6.1521E-03
  1.0891E-01  1.6297E-01  3.4578E-05  6.3220E-03
  1.0965E-01  1.6576E-01  3.5531E-05  6.4965E-03
  1.1040E-01  1.6859E-01  3.6511E-05  6.6759E-03
  1.1116E-01  1.7146E-01  3.7517E-05  6.8603E-03
  1.1192E-01  1.7436E-01  3.8551E-05  7.0497E-03
  1.1268E-01  1.7731E-01  3.9613E-05  7.2443E-03
  1.1346E-01  1.8029E-01  4.0705E-05  7.4443E-03
  1.1423E-01  1.8331E-01  4.1826E-05  7.6498E-03
  1.1501E-01  1.8638E-01  4.2978E-05  7.8610E-03
  1.1580E-01  1.8948E-01  4.4163E-05  8.0780E-03
  1.1659E-01  1.9263E-01  4.5379E-05  8.3010E-03
  1.1739E-01  1.9582E-01  4.6629E-05  8.5302E-03
  1.1820E-01  1.9905E-01  4.7914E-05  8.7656E-03
  1.1901E-01  2.0232E-01  4.9233E-05  9.0076E-03
  1.1982E-01  2.0563E-01  5.0589E-05  9.2562E-03
  1.2064E-01  2.0898E-01  5.1982E-05  9.5116E-03
  1.2147E-01  2.1238E-01  5.3414E-05  9.7741E-03
  1.2230E-01  2.1582E-01  5.4884E-05  1.0044E-02
  1.2313E-01  2.1930E-01  5.6396E-05  1.0321E-02
  1.2398E-01  2.2283E-01  5.7948E-05  1.0606E-02
  1.2483E-01  2.2640E-01  5.9544E-05  1.0899E-02
  1.2568E-01  2.3001E-01  6.1183E-05  1.1199E-02
  1.2654E-01  2.3367E-01  6.2867E-05  1.1508E-02
  1.2741E-01  2.3737E-01  6.4597E-05  1.1826E-02
  1.2828E-01  2.4111E-01  6.6375E-05  1.2152E-02
  1.2916E-01  2.4490E-01  6.8201E-05  1.2487E-02
  1.3004E-01  2.4873E-01  7.0078E-05  1.2832E-02
  1.3093E-01  2.5261E-01  7.2006E-05  1.3186E-02
  1.3183E-01  2.5653E-01  7.3987E-05  1.3549E-02
  1.3273E-01  2.6050E-01  7.6023E-05  1.3923E-02
  1.3364E-01  2.6451E-01  7.8114E-05  1.4307E-02
  1.3455E-01  2.6857E-01  8.0263E-05  1.4702E-02
  1.3547E-01  2.7268E-01  8.2470E-05  1.5107E-02
  1.3640E-01  2.7683E-01  8.4738E-05  1.5524E-02
  1.3733E-01  2.8102E-01  8.7068E-05  1.5952E-02
  1.3827E-01  2.8526E-01  8.9463E-05  1.6392E-02
  1.3922E-01  2.8955E-01  9.1922E-05  1.6844E-02
  1.4017E-01  2.9388E-01  9.4449E-05  1.7308E-02
  1.4113E-01  2.9826E-01  9.7046E-05  1.7785E-02
  1.4210E-01  3.0268E-01  9.9713E-05  1.8276E-02
  1.4307E-01  3.0715E-01  1.0245E-04  1.8779E-02
  1.4405E-01  3.1167E-01  1.0527E-04  1.9297E-02
  1.4504E-01  3.1623E-01  1.0816E-04  1.9829E-02
  1.4603E-01  3.2084E-01  1.1113E-04  2.0375E-02
  1.4703E-01  3.2549E-01  1.1419E-04  2.0937E-02
  1.4804E-01  3.3019E-01  1.1732E-04  2.1514E-02
  1.4905E-01  3.3494E-01  1.2055E-04  2.2107E-02
  1.5007E-01  3.3973E-01  1.2386E-04  2.2716E-02
  1.5110E-01  3.4457E-01  1.2726E-04  2.3342E-02
  1.5213E-01  3.4945E-01  1.3075E-04  2.3985E-02
  1.5317E-01  3.5438E-01  1.3434E-04  2.4646E-02
  1.5422E-01  3.5935E-01  1.3803E-04  2.5325E-02
  1.5528E-01  3.6437E-01  1.4182E-04  2.6022E-02
  1.5634E-01  3.6944E-01  1.4571E-04  2.6739E-02
  1.5741E-01  3.7455E-01  1.4971E-04  2.7476E-02
  1.5849E-01  3.7970E-01  1.5382E-04  2.8232E-02
  1.5957E-01  3.8490E-01  1.5804E-04  2.9010E-02
  1.6066E-01  3.9014E-01  1.6238E-04  2.9809E-02
  1.6176E-01  3.9543E-01  1.6683E-04  3.0629E-02
  1.6287E-01  4.0076E-01  1.7141E-04  3.1473E-02
  1.6398E-01  4.0614E-01  1.7611E-04  3.2339E-02
  1.6511E-01  4.1156E-01  1.8094E-04  3.3229E-02
  1.6624E-01  4.1702E-01  1.8590E-04  3.4144E-02
  1.6737E-01  4.2253E-01  1.9100E-04  3.5084E-02
  1.6852E-01  4.2808E-01  1.9624E-04  3.6049E-02
  1.6967E-01  4.3367E-01  2.0161E-04  3.7041E-02
  1.7083E-01  4.3930E-01  2.0714E-04  3.8061E-02
  1.7200E-01  4.4498E-01  2.1282E-04  3.9108E-02
  1.7318E-01  4.5069E-01  2.1865E-04  4.0184E-02
  1.7436E-01  4.5645E-01  2.2464E-04  4.1289E-02
  1.7556E-01  4.6224E-01  2.3079E-04  4.2425E-02
  1.7676E-01  4.6808E-01  2.3711E-04  4.3592E-02
  1.7797E-01  4.7396E-01  2.4360E-04  4.4791E-02
  1.7919E-01  4.7987E-01  2.5027E-04  4.6023E-02
  1.8041E-01  4.8582E-01  2.5713E-04  4.7288E-02
  1.8165E-01  4.9181E-01  2.6416E-04  4.8589E-02
  1.8289E-01  4.9784E-01  2.7139E-04  4.9925E-02
  1.8414E-01  5.0391E-01  2.7882E-04  5.1297E-02
  1.8540E-01  5.1001E-01  2.8645E-04  5.2707E-02
  1.8667E-01  5.1615E-01  2.9429E-04  5.4156E-02
  1.8795E-01  5.2232E-01  3.0234E-04  5.5644E-02
  1.8924E-01  5.2852E-01  3.1060E-04  5.7173E-02
  1.9053E-01  5.3476E-01  3.1910E-04  5.8744E-02
  1.9183E-01  5.4104E-01  3.2782E-04  6.0358E-02
  1.9315E-01  5.4734E-01  3.3678E-04  6.2016E-02
  1.9447E-01  5.5368E-01  3.4599E-04  6.3719E-02
  1.9580E-01  5.6005E-01  3.5544E-04  6.5469E-02
  1.9714E-01  5.6644E-01  3.6515E-04  6.7267E-02
  1.9849E-01  5.7287E-01  3.7513E-04  6.9114E-02
  1.9985E-01  5.7932E-01  3.8537E-04  7.1011E-02
  2.0121E-01  5.8581E-01  3.9589E-04  7.2960E-02
  2.0259E-01  5.9232E-01  4.0670E-04  7.4963E-02
  2.0398E-01  5.9885E-01  4.1780E-04  7.7020E-02
  2.0537E-01  6.0541E-01  4.2921E-04  7.9134E-02
  2.0678E-01  6.1199E-01  4.4092E-04  8.1305E-02
  2.0819E-01  6.1860E-01  4.5295E-04  8.3535E-02
  2.0962E-01  6.2523E-01  4.6530E-04  8.5826E-02
  2.1105E-01  6.3188E-01  4.7799E-04  8.8180E-02
  2.1250E-01  6.3855E-01  4.9102E-04  9.0598E-02
  2.1395E-01  6.4524E-01  5.0441E-04  9.3082E-02
  2.1542E-01  6.5195E-01  5.1816E-04  9.5634E-02
  2.1689E-01  6.5867E-01  5.3227E-04  9.8255E-02
  2.1837E-01  6.6542E-01  5.4678E-04  1.0095E-01
  2.1987E-01  6.7217E-01  5.6167E-04  1.0371E-01
  2.2137E-01  6.7894E-01  5.7696E-04  1.0656E-01
  2.2289E-01  6.8572E-01  5.9267E-04  1.0947E-01
  2.2441E-01  6.9252E-01  6.0880E-04  1.1247E-01
  2.2595E-01  6.9932E-01  6.2537E-04  1.1555E-01
  2.2749E-01  7.0613E-01  6.4239E-04  1.1872E-01
  2.2905E-01  7.1295E-01  6.5986E-04  1.2197E-01
  2.3062E-01  7.1978E-01  6.7781E-04  1.2530E-01
  2.3220E-01  7.2661E-01  6.9623E-04  1.2873E-01
  2.3379E-01  7.3345E-01  7.1516E-04  1.3225E-01
  2.3538E-01  7.4029E-01  7.3459E-04  1.3587E-01
  2.3700E-01  7.4713E-01  7.5455E-04  1.3959E-01
  2.3862E-01  7.5398E-01  7.7505E-04  1.4340E-01
  2.4025E-01  7.6082E-01  7.9609E-04  1.4733E-01
  2.4189E-01  7.6766E-01  8.1771E-04  1.5135E-01
  2.4355E-01  7.7449E-01  8.3990E-04  1.5549E-01
  2.4522E-01  7.8132E-01  8.6269E-04  1.5974E-01
  2.4689E-01  7.8814E-01  8.8609E-04  1.6410E-01
  2.4858E-01  7.9496E-01  9.1012E-04  1.6858E-01
  2.5028E-01  8.0177E-01  9.3480E-04  1.7318E-01
  2.5200E-01  8.0856E-01  9.6013E-04  1.7791E-01
  2.5372E-01  8.1535E-01  9.8615E-04  1.8277E-01
  2.5546E-01  8.2212E-01  1.0129E-03  1.8775E-01
  2.5720E-01  8.2887E-01  1.0403E-03  1.9288E-01
  2.5896E-01  8.3561E-01  1.0685E-03  1.9814E-01
  2.6074E-01  8.4233E-01  1.0974E-03  2.0354E-01
  2.6252E-01  8.4903E-01  1.1271E-03  2.0909E-01
  2.6432E-01  8.5571E-01  1.1576E-03  2.1479E-01
  2.6613E-01  8.6237E-01  1.1889E-03  2.2064E-01
  2.6795E-01  8.6901E-01  1.2210E-03  2.2665E-01
  2.6978E-01  8.7562E-01  1.2540E-03  2.3282E-01
  2.7163E-01  8.8220E-01  1.2879E-03  2.3916E-01
  2.7348E-01  8.8875E-01  1.3226E-03  2.4567E-01
  2.7536E-01  8.9528E-01  1.3583E-03  2.5235E-01
  2.7724E-01  9.0177E-01  1.3950E-03  2.5921E-01
  2.7914E-01  9.0823E-01  1.4326E-03  2.6626E-01
  2.8105E-01  9.1465E-01  1.4713E-03  2.7350E-01
  2.8297E-01  9.2104E-01  1.5109E-03  2.8093E-01
  2.8490E-01  9.2739E-01  1.5517E-03  2.8856E-01
  2.8685E-01  9.3371E-01  1.5935E-03  2.9640E-01
  2.8882E-01  9.3998E-01  1.6364E-03  3.0445E-01
  2.9079E-01  9.4621E-01  1.6804E-03  3.1271E-01
  2.9278E-01  9.5239E-01  1.7256E-03  3.2119E-01
  2.9479E-01  9.5853E-01  1.7721E-03  3.2991E-01
  2.9680E-01  9.6463E-01  1.8197E-03  3.3885E-01
  2.9883E-01  9.7067E-01  1.8686E-03  3.4803E-01
  3.0088E-01  9.7666E-01  1.9188E-03  3.5746E-01
  3.0294E-01  9.8261E-01  1.9704E-03  3.6714E-01
  3.0501E-01  9.8850E-01  2.0232E-03  3.7708E-01
  3.0710E-01  9.9433E-01  2.0775E-03  3.8729E-01
  3.0920E-01  1.0001E+00  2.1333E-03  3.9776E-01
  3.1131E-01  1.0058E+00  2.1905E-03  4.0852E-01
  3.1344E-01  1.0115E+00  2.2492E-03  4.1956E-01
  3.1559E-01  1.0171E+00  2.3094E-03  4.3089E-01
  3.1775E-01  1.0226E+00  2.3712E-03  4.4253E-01
  3.1992E-01  1.0281E+00  2.4347E-03  4.5448E-01
  3.2211E-01  1.0335E+00  2.4998E-03  4.6674E-01
  3.2431E-01  1.0388E+00  2.5667E-03  4.7932E-01
  3.2653E-01  1.0441E+00  2.6353E-03  4.9225E-01
  3.2877E-01  1.0493E+00  2.7057E-03  5.0551E-01
  3.3102E-01  1.0544E+00  2.7779E-03  5.1912E-01
  3.3328E-01  1.0595E+00  2.8520E-03  5.3309E-01
  3.3556E-01  1.0645E+00  2.9281E-03  5.4744E-01
  3.3786E-01  1.0694E+00  3.0062E-03  5.6215E-01
  3.4017E-01  1.0742E+00  3.0863E-03  5.7726E-01
  3.4250E-01  1.0789E+00  3.1685E-03  5.9277E-01
  3.4484E-01  1.0836E+00  3.2528E-03  6.0868E-01
  3.4720E-01  1.0882E+00  3.3393E-03  6.2501E-01
  3.4957E-01  1.0927E+00  3.4281E-03  6.4177E-01
  3.5197E-01  1.0971E+00  3.5192E-03  6.5897E-01
  3.5437E-01  1.1014E+00  3.6127E-03  6.7662E-01
  3.5680E-01  1.1056E+00  3.7086E-03  6.9473E-01
  3.5924E-01  1.1098E+00  3.8069E-03  7.1331E-01
  3.6170E-01  1.1138E+00  3.9079E-03  7.3238E-01
  3.6417E-01  1.1178E+00  4.0114E-03  7.5195E-01
  3.6666E-01  1.1216E+00  4.1176E-03  7.7202E-01
  3.6917E-01  1.1254E+00  4.2266E-03  7.9262E-01
  3.7170E-01  1.1291E+00  4.3384E-03  8.1375E-01
  3.7424E-01  1.1327E+00  4.4530E-03  8.3543E-01
  3.7680E-01  1.1362E+00  4.5707E-03  8.5767E-01
  3.7938E-01  1.1396E+00  4.6913E-03  8.8049E-01
  3.8197E-01  1.1429E+00  4.8150E-03  9.0389E-01
  3.8459E-01  1.1461E+00  4.9420E-03  9.2790E-01
  3.8722E-01  1.1491E+00  5.0722E-03  9.5253E-01
  3.8987E-01  1.1521E+00  5.2057E-03  9.7779E-01
  3.9254E-01  1.1550E+00  5.3426E-03  1.0037E+00
  3.9522E-01  1.1578E+00  5.4830E-03  1.0303E+00
  3.9792E-01  1.1605E+00  5.6271E-03  1.0575E+00
  4.0065E-01  1.1631E+00  5.7748E-03  1.0855E+00
  4.0339E-01  1.1655E+00  5.9262E-03  1.1141E+00
  4.0615E-01  1.1679E+00  6.0815E-03  1.1435E+00
  4.0893E-01  1.1701E+00  6.2408E-03  1.1737E+00
  4.1172E-01  1.1723E+00  6.4041E-03  1.2046E+00
  4.1454E-01  1.1743E+00  6.5716E-03  1.2363E+00
  4.1738E-01  1.1763E+00  6.7432E-03  1.2688E+00
  4.2023E-01  1.1781E+00  6.9193E-03  1.3021E+00
  4.2311E-01  1.1798E+00  7.0997E-03  1.3362E+00
  4.2600E-01  1.1814E+00  7.2848E-03  1.3712E+00
  4.2892E-01  1.1829E+00  7.4744E-03  1.4071E+00
  4.3185E-01  1.1843E+00  7.6689E-03  1.4439E+00
  4.3481E-01  1.1855E+00  7.8682E-03  1.4816E+00
  4.3778E-01  1.1867E+00  8.0726E-03  1.5202E+00
  4.4077E-01  1.1877E+00  8.2820E-03  1.5598E+00
  4.4379E-01  1.1887E+00  8.4967E-03  1.6004E+00
  4.4683E-01  1.1895E+00  8.7167E-03  1.6420E+00
  4.4988E-01  1.1902E+00  8.9423E-03  1.6846E+00
  4.5296E-01  1.1908E+00  9.1734E-03  1.7283E+00
  4.5606E-01  1.1913E+00  9.4103E-03  1.7730E+00
  4.5918E-01  1.1917E+00  9.6530E-03  1.8188E+00
  4.6232E-01  1.1920E+00  9.9018E-03  1.8658E+00
  4.6548E-01  1.1921E+00  1.0157E-02  1.9139E+00
  4.6867E-01  1.1922E+00  1.0418E-02  1.9631E+00
  4.7188E-01  1.1921E+00  1.0686E-02  2.0136E+00
  4.7510E-01  1.1919E+00  1.0960E-02  2.0653E+00
  4.7835E-01  1.1916E+00  1.1241E-02  2.1182E+00
  4.8163E-01  1.1912E+00  1.1529E-02  2.1724E+00
  4.8492E-01  1.1907E+00  1.1823E-02  2.2278E+00
  4.8824E-01  1.1901E+00  1.2125E-02  2.2847E+00
  4.9158E-01  1.1894E+00  1.2435E-02  2.3428E+00
  4.9494E-01  1.1885E+00  1.2752E-02  2.4023E+00
  4.9833E-01  1.1876E+00  1.3076E-02  2.4633E+00
  5.0174E-01  1.1865E+00  1.3409E-02  2.5256E+00
  5.0517E-01  1.1854E+00  1.3749E-02  2.5895E+00
  5.0862E-01  1.1841E+00  1.4098E-02  2.6548E+00
  5.1210E-01  1.1827E+00  1.4455E-02  2.7216E+00
  5.1561E-01  1.1813E+00  1.4821E-02  2.7900E+00
  5.1914E-01  1.1797E+00  1.5195E-02  2.8599E+00
  5.2269E-01  1.1780E+00  1.5579E-02  2.9315E+00
  5.2626E-01  1.1762E+00  1.5971E-02  3.0047E+00
  5.2986E-01  1.1743E+00  1.6373E-02  3.0795E+00
  5.3349E-01  1.1723E+00  1.6785E-02  3.1561E+00
  5.3714E-01  1.1702E+00  1.7206E-02  3.2343E+00
  5.4081E-01  1.1680E+00  1.7637E-02  3.3144E+00
  5.4451E-01  1.1657E+00  1.8078E-02  3.3962E+00
  5.4824E-01  1.1634E+00  1.8530E-02  3.4798E+00
  5.5199E-01  1.1609E+00  1.8992E-02  3.5653E+00
  5.5576E-01  1.1583E+00  1.9465E-02  3.6526E+00
  5.5957E-01  1.1556E+00  1.9949E-02  3.7418E+00
  5.6339E-01  1.1528E+00  2.0444E-02  3.8330E+00
  5.6725E-01  1.1499E+00  2.0950E-02  3.9261E+00
  5.7113E-01  1.1470E+00  2.1469E-02  4.0212E+00
  5.7503E-01  1.1439E+00  2.1999E-02  4.1184E+00
  5.7897E-01  1.1408E+00  2.2542E-02  4.2176E+00
  5.8293E-01  1.1375E+00  2.3097E-02  4.3189E+00
  5.8692E-01  1.1342E+00  2.3664E-02  4.4223E+00
  5.9093E-01  1.1308E+00  2.4245E-02  4.5278E+00
  5.9497E-01  1.1273E+00  2.4838E-02  4.6355E+00
  5.9905E-01  1.1237E+00  2.5445E-02  4.7453E+00
  6.0314E-01  1.1201E+00  2.6066E-02  4.8574E+00
  6.0727E-01  1.1163E+00  2.6701E-02  4.9718E+00
  6.1142E-01  1.1125E+00  2.7349E-02  5.0884E+00
  6.1561E-01  1.1086E+00  2.8013E-02  5.2073E+00
  6.1982E-01  1.1046E+00  2.8691E-02  5.3285E+00
  6.2406E-01  1.1005E+00  2.9384E-02  5.4520E+00
  6.2833E-01  1.0964E+00  3.0092E-02  5.5779E+00
  6.3262E-01  1.0921E+00  3.0815E-02  5.7062E+00
  6.3695E-01  1.0878E+00  3.1555E-02  5.8369E+00
  6.4131E-01  1.0835E+00  3.2311E-02  5.9700E+00
  6.4570E-01  1.0790E+00  3.3083E-02  6.1055E+00
  6.5011E-01  1.0745E+00  3.3871E-02  6.2435E+00
  6.5456E-01  1.0699E+00  3.4677E-02  6.3839E+00
  6.5904E-01  1.0653E+00  3.5500E-02  6.5268E+00
  6.6355E-01  1.0606E+00  3.6340E-02  6.6722E+00
  6.6809E-01  1.0558E+00  3.7198E-02  6.8201E+00
  6.7266E-01  1.0509E+00  3.8075E-02  6.9704E+00
  6.7726E-01  1.0460E+00  3.8969E-02  7.1233E+00
  6.8189E-01  1.0411E+00  3.9883E-02  7.2787E+00
  6.8656E-01  1.0360E+00  4.0815E-02  7.4365E+00
  6.9125E-01  1.0310E+00  4.1766E-02  7.5969E+00
  6.9598E-01  1.0258E+00  4.2738E-02  7.7597E+00
  7.0074E-01  1.0206E+00  4.3728E-02  7.9250E+00
  7.0554E-01  1.0154E+00  4.4740E-02  8.0928E+00
  7.1036E-01  1.0100E+00  4.5771E-02  8.2630E+00
  7.1522E-01  1.0047E+00  4.6823E-02  8.4356E+00
  7.2011E-01  9.9927E-01  4.7897E-02  8.6106E+00
  7.2504E-01  9.9381E-01  4.8991E-02  8.7881E+00
  7.3000E-01  9.8830E-01  5.0107E-02  8.9678E+00
  7.3499E-01  9.8275E-01  5.1245E-02  9.1499E+00
  7.4002E-01  9.7715E-01  5.2405E-02  9.3342E+00
  7.4508E-01  9.7150E-01  5.3588E-02  9.5208E+00
  7.5018E-01  9.6581E-01  5.4793E-02  9.7095E+00
  7.5531E-01  9.6009E-01  5.6021E-02  9.9004E+00
  7.6048E-01  9.5432E-01  5.7273E-02  1.0093E+01
  7.6568E-01  9.4851E-01  5.8548E-02  1.0288E+01
  7.7092E-01  9.4267E-01  5.9846E-02  1.0485E+01
  7.7619E-01  9.3679E-01  6.1169E-02  1.0684E+01
  7.8150E-01  9.3087E-01  6.2516E-02  1.0884E+01
  7.8685E-01  9.2493E-01  6.3887E-02  1.1087E+01
  7.9223E-01  9.1895E-01  6.5283E-02  1.1290E+01
  7.9765E-01  9.1294E-01  6.6704E-02  1.1496E+01
  8.0311E-01  9.0690E-01  6.8150E-02  1.1702E+01
  8.0860E-01  9.0083E-01  6.9621E-02  1.1910E+01
  8.1413E-01  8.9474E-01  7.1118E-02  1.2120E+01
  8.1970E-01  8.8862E-01  7.2641E-02  1.2330E+01
  8.2531E-01  8.8247E-01  7.4189E-02  1.2541E+01
  8.3096E-01  8.7630E-01  7.5764E-02  1.2753E+01
  8.3664E-01  8.7012E-01  7.7364E-02  1.2965E+01
  8.4236E-01  8.6391E-01  7.8991E-02  1.3178E+01
  8.4813E-01  8.5768E-01  8.0645E-02  1.3391E+01
  8.5393E-01  8.5143E-01  8.2325E-02  1.3605E+01
  8.5977E-01  8.4516E-01  8.4031E-02  1.3818E+01
  8.6565E-01  8.3888E-01  8.5764E-02  1.4031E+01
  8.7157E-01  8.3259E-01  8.7524E-02  1.4243E+01
  8.7753E-01  8.2628E-01  8.9311E-02  1.4455E+01
  8.8354E-01  8.1996E-01  9.1124E-02  1.4666E+01
  8.8958E-01  8.1363E-01  9.2965E-02  1.4876E+01
  8.9567E-01  8.0728E-01  9.4832E-02  1.5084E+01
  9.0179E-01  8.0093E-01  9.6725E-02  1.5291E+01
  9.0796E-01  7.9457E-01  9.8646E-02  1.5495E+01
  9.1417E-01  7.8820E-01  1.0059E-01  1.5698E+01
  9.2043E-01  7.8183E-01  1.0257E-01  1.5898E+01
  9.2672E-01  7.7545E-01  1.0456E-01  1.6095E+01
  9.3306E-01  7.6907E-01  1.0659E-01  1.6290E+01
  9.3944E-01  7.6269E-01  1.0864E-01  1.6481E+01
  9.4587E-01  7.5630E-01  1.1072E-01  1.6668E+01
  9.5234E-01  7.4992E-01  1.1282E-01  1.6852E+01
  9.5885E-01  7.4353E-01  1.1495E-01  1.7031E+01
  9.6541E-01  7.3714E-01  1.1710E-01  1.7205E+01
  9.7202E-01  7.3076E-01  1.1928E-01  1.7374E+01
  9.7867E-01  7.2438E-01  1.2148E-01  1.7538E+01
  9.8536E-01  7.1800E-01  1.2370E-01  1.7696E+01
  9.9210E-01  7.1163E-01  1.2595E-01  1.7848E+01
  9.9889E-01  7.0526E-01  1.2822E-01  1.7993E+01
  1.0057E+00  6.9890E-01  1.3051E-01  1.8131E+01
  1.0126E+00  6.9255E-01  1.3282E-01  1.8262E+01
  1.0195E+00  6.8621E-01  1.3515E-01  1.8385E+01
  1.0265E+00  6.7987E-01  1.3751E-01  1.8499E+01
  1.0335E+00  6.7355E-01  1.3988E-01  1.8605E+01
  1.0406E+00  6.6724E-01  1.4227E-01  1.8702E+01
  1.0477E+00  6.6093E-01  1.4468E-01  1.8789E+01
  1.0549E+00  6.5464E-01  1.4710E-01  1.8866E+01
  1.0621E+00  6.4837E-01  1.4954E-01  1.8933E+01
  1.0694E+00  6.4211E-01  1.5200E-01  1.8989E+01
  1.0767E+00  6.3586E-01  1.5447E-01  1.9033E+01
  1.0840E+00  6.2963E-01  1.5695E-01  1.9066E+01
  1.0915E+00  6.2341E-01  1.5945E-01  1.9086E+01
  1.0989E+00  6.1721E-01  1.6195E-01  1.9094E+01
  1.1064E+00  6.1103E-01  1.6446E-01  1.9088E+01
  1.1140E+00  6.0487E-01  1.6698E-01  1.9069E+01
  1.1216E+00  5.9873E-01  1.6951E-01  1.9035E+01
  1.1293E+00  5.9260E-01  1.7204E-01  1.8987E+01
  1.1370E+00  5.8650E-01  1.7458E-01  1.8924E+01
  1.1448E+00  5.8042E-01  1.7711E-01  1.8846E+01
  1.1526E+00  5.7436E-01  1.7965E-01  1.8752E+01
  1.1605E+00  5.6832E-01  1.8219E-01  1.8642E+01
  1.1685E+00  5.6230E-01  1.8472E-01  1.8515E+01
  1.1764E+00  5.5631E-01  1.8725E-01  1.8371E+01
  1.1845E+00  5.5034E-01  1.8977E-01  1.8210E+01
  1.1926E+00  5.4440E-01  1.9228E-01  1.8032E+01
  1.2008E+00  5.3849E-01  1.9478E-01  1.7836E+01
  1.2090E+00  5.3259E-01  1.9727E-01  1.7622E+01
  1.2172E+00  5.2673E-01  1.9974E-01  1.7389E+01
  1.2256E+00  5.2089E-01  2.0220E-01  1.7138E+01
  1.2339E+00  5.1508E-01  2.0463E-01  1.6868E+01
  1.2424E+00  5.0930E-01  2.0705E-01  1.6579E+01
  1.2509E+00  5.0354E-01  2.0944E-01  1.6271E+01
  1.2594E+00  4.9782E-01  2.1180E-01  1.5945E+01
  1.2681E+00  4.9212E-01  2.1413E-01  1.5599E+01
  1.2767E+00  4.8646E-01  2.1644E-01  1.5234E+01
  1.2855E+00  4.8082E-01  2.1871E-01  1.4851E+01
  1.2943E+00  4.7522E-01  2.2094E-01  1.4448E+01
  1.3031E+00  4.6964E-01  2.2313E-01  1.4027E+01
  1.3120E+00  4.6410E-01  2.2528E-01  1.3588E+01
  1.3210E+00  4.5859E-01  2.2738E-01  1.3130E+01
  1.3300E+00  4.5311E-01  2.2944E-01  1.2655E+01
  1.3391E+00  4.4767E-01  2.3145E-01  1.2162E+01
  1.3483E+00  4.4226E-01  2.3340E-01  1.1653E+01
  1.3575E+00  4.3688E-01  2.3530E-01  1.1127E+01
  1.3668E+00  4.3153E-01  2.3714E-01  1.0586E+01
  1.3762E+00  4.2622E-01  2.3891E-01  1.0029E+01
  1.3856E+00  4.2094E-01  2.4062E-01  9.4586E+00
  1.3950E+00  4.1570E-01  2.4227E-01  8.8745E+00
  1.4046E+00  4.1050E-01  2.4384E-01  8.2779E+00
  1.4142E+00  4.0532E-01  2.4534E-01  7.6698E+00
  1.4239E+00  4.0019E-01  2.4676E-01  7.0512E+00
  1.4336E+00  3.9509E-01  2.4810E-01  6.4233E+00
  1.4434E+00  3.9002E-01  2.4936E-01  5.7873E+00
  1.4533E+00  3.8500E-01  2.5054E-01  5.1444E+00
  1.4632E+00  3.8001E-01  2.5162E-01  4.4960E+00
  1.4732E+00  3.7505E-01  2.5262E-01  3.8436E+00
  1.4833E+00  3.7013E-01  2.5352E-01  3.1887E+00
  1.4935E+00  3.6525E-01  2.5433E-01  2.5328E+00
  1.5037E+00  3.6041E-01  2.5504E-01  1.8776E+00
  1.5140E+00  3.5561E-01  2.5565E-01  1.2248E+00
  1.5243E+00  3.5084E-01  2.5616E-01  5.7613E-01
  1.5347E+00  3.4611E-01  2.5656E-01 -6.6485E-02
  1.5452E+00  3.4142E-01  2.5685E-01 -7.0121E-01
  1.5558E+00  3.3676E-01  2.5704E-01 -1.3261E+00
  1.5665E+00  3.3215E-01  2.5712E-01 -1.9392E+00
  1.5772E+00  3.2757E-01  2.5708E-01 -2.5386E+00
  1.5880E+00  3.2304E-01  2.5693E-01 -3.1221E+00
  1.5988E+00  3.1854E-01  2.5667E-01 -3.6878E+00
  1.6098E+00  3.1408E-01  2.5629E-01 -4.2336E+00
  1.6208E+00  3.0965E-01  2.5580E-01 -4.7574E+00
  1.6319E+00  3.0527E-01  2.5519E-01 -5.2573E+00
  1.6430E+00  3.0093E-01  2.5447E-01 -5.7312E+00
  1.6543E+00  2.9662E-01  2.5362E-01 -6.1773E+00
  1.6656E+00  2.9236E-01  2.5266E-01 -6.5934E+00
  1.6770E+00  2.8813E-01  2.5159E-01 -6.9780E+00
  1.6884E+00  2.8394E-01  2.5040E-01 -7.3291E+00
  1.7000E+00  2.7980E-01  2.4909E-01 -7.6452E+00
  1.7116E+00  2.7569E-01  2.4767E-01 -7.9246E+00
  1.7233E+00  2.7162E-01  2.4615E-01 -8.1661E+00
  1.7351E+00  2.6759E-01  2.4451E-01 -8.3684E+00
  1.7470E+00  2.6360E-01  2.4276E-01 -8.5303E+00
  1.7589E+00  2.5965E-01  2.4091E-01 -8.6510E+00
  1.7710E+00  2.5574E-01  2.3896E-01 -8.7299E+00
  1.7831E+00  2.5187E-01  2.3691E-01 -8.7664E+00
  1.7953E+00  2.4803E-01  2.3476E-01 -8.7605E+00
  1.8075E+00  2.4424E-01  2.3253E-01 -8.7121E+00
  1.8199E+00  2.4048E-01  2.3020E-01 -8.6216E+00
  1.8324E+00  2.3677E-01  2.2780E-01 -8.4896E+00
  1.8449E+00  2.3309E-01  2.2531E-01 -8.3173E+00
  1.8575E+00  2.2946E-01  2.2275E-01 -8.1057E+00
  1.8702E+00  2.2586E-01  2.2013E-01 -7.8567E+00
  1.8830E+00  2.2230E-01  2.1744E-01 -7.5722E+00
  1.8959E+00  2.1878E-01  2.1469E-01 -7.2547E+00
  1.9089E+00  2.1530E-01  2.1189E-01 -6.9068E+00
  1.9219E+00  2.1185E-01  2.0904E-01 -6.5317E+00
  1.9351E+00  2.0845E-01  2.0616E-01 -6.1329E+00
  1.9483E+00  2.0508E-01  2.0324E-01 -5.7143E+00
  1.9616E+00  2.0176E-01  2.0029E-01 -5.2799E+00
  1.9750E+00  1.9847E-01  1.9732E-01 -4.8344E+00
  1.9886E+00  1.9522E-01  1.9434E-01 -4.3824E+00
  2.0022E+00  1.9200E-01  1.9134E-01 -3.9291E+00
  2.0158E+00  1.8883E-01  1.8834E-01 -3.4796E+00
  2.0296E+00  1.8569E-01  1.8534E-01 -3.0391E+00
  2.0435E+00  1.8259E-01  1.8235E-01 -2.6132E+00
  2.0575E+00  1.7953E-01  1.7937E-01 -2.2070E+00
  2.0716E+00  1.7650E-01  1.7640E-01 -1.8257E+00
  2.0857E+00  1.7351E-01  1.7345E-01 -1.4741E+00
  2.1000E+00  1.7056E-01  1.7053E-01 -1.1564E+00
  2.1144E+00  1.6765E-01  1.6763E-01 -8.7640E-01
  2.1288E+00  1.6477E-01  1.6476E-01 -6.3681E-01
  2.1434E+00  1.6193E-01  1.6193E-01 -4.3932E-01
  2.1581E+00  1.5913E-01  1.5913E-01 -2.8421E-01
  2.1728E+00  1.5636E-01  1.5636E-01 -1.7005E-01
  2.1877E+00  1.5363E-01  1.5363E-01 -9.3345E-02
  2.2026E+00  1.5093E-01  1.5093E-01 -4.8116E-02
  2.2177E+00  1.4827E-01  1.4827E-01 -2.5503E-02
  2.2329E+00  1.4564E-01  1.4564E-01 -1.1881E-02
  2.2482E+00  1.4305E-01  1.4305E-01 -6.2481E-03
  2.2635E+00  1.4049E-01  1.4049E-01  0.0000E+00
  2.2790E+00  1.3797E-01  1.3797E-01  0.0000E+00
  2.2946E+00  1.3549E-01  1.3549E-01  0.0000E+00
  2.3103E+00  1.3303E-01  1.3303E-01  0.0000E+00
  2.3261E+00  1.3061E-01  1.3061E-01  0.0000E+00
  2.3420E+00  1.2823E-01  1.2823E-01  0.0000E+00
  2.3580E+00  1.2588E-01  1.2588E-01  0.0000E+00
  2.3742E+00  1.2356E-01  1.2356E-01  0.0000E+00
  2.3904E+00  1.2127E-01  1.2127E-01  0.0000E+00
  2.4068E+00  1.1902E-01  1.1902E-01  0.0000E+00
  2.4232E+00  1.1680E-01  1.1680E-01  0.0000E+00
  2.4398E+00  1.1461E-01  1.1461E-01  0.0000E+00
  2.4565E+00  1.1245E-01  1.1245E-01  0.0000E+00
  2.4733E+00  1.1033E-01  1.1033E-01  0.0000E+00
  2.4902E+00  1.0823E-01  1.0823E-01  0.0000E+00
  2.5072E+00  1.0617E-01  1.0617E-01  0.0000E+00
  2.5244E+00  1.0414E-01  1.0414E-01  0.0000E+00
  2.5417E+00  1.0214E-01  1.0214E-01  0.0000E+00
  2.5590E+00  1.0017E-01  1.0017E-01  0.0000E+00
  2.5765E+00  9.8228E-02  9.8228E-02  0.0000E+00
  2.5942E+00  9.6316E-02  9.6316E-02  0.0000E+00
  2.6119E+00  9.4434E-02  9.4434E-02  0.0000E+00
  2.6298E+00  9.2581E-02  9.2581E-02  0.0000E+00
  2.6478E+00  9.0757E-02  9.0757E-02  0.0000E+00
  2.6659E+00  8.8961E-02  8.8961E-02  0.0000E+00
  2.6841E+00  8.7193E-02  8.7193E-02  0.0000E+00
  2.7025E+00  8.5453E-02  8.5453E-02  0.0000E+00
  2.7210E+00  8.3741E-02  8.3741E-02  0.0000E+00
  2.7396E+00  8.2056E-02  8.2056E-02  0.0000E+00
  2.7583E+00  8.0398E-02  8.0398E-02  0.0000E+00
  2.7772E+00  7.8766E-02  7.8766E-02  0.0000E+00
  2.7962E+00  7.7161E-02  7.7161E-02  0.0000E+00
  2.8153E+00  7.5581E-02  7.5581E-02  0.0000E+00
  2.8345E+00  7.4027E-02  7.4027E-02  0.0000E+00
  2.8539E+00  7.2499E-02  7.2499E-02  0.0000E+00
  2.8735E+00  7.0996E-02  7.0996E-02  0.0000E+00
  2.8931E+00  6.9518E-02  6.9518E-02  0.0000E+00
  2.9129E+00  6.8064E-02  6.8064E-02  0.0000E+00
  2.9328E+00  6.6634E-02  6.6634E-02  0.0000E+00
  2.9529E+00  6.5228E-02  6.5228E-02  0.0000E+00
  2.9731E+00  6.3846E-02  6.3846E-02  0.0000E+00
  2.9934E+00  6.2487E-02  6.2487E-02  0.0000E+00
  3.0139E+00  6.1151E-02  6.1151E-02  0.0000E+00
  3.0345E+00  5.9838E-02  5.9838E-02  0.0000E+00
  3.0553E+00  5.8547E-02  5.8547E-02  0.0000E+00
  3.0762E+00  5.7278E-02  5.7278E-02  0.0000E+00
  3.0972E+00  5.6032E-02  5.6032E-02  0.0000E+00
  3.1184E+00  5.4807E-02  5.4807E-02  0.0000E+00
  3.1397E+00  5.3603E-02  5.3603E-02  0.0000E+00
  3.1612E+00  5.2420E-02  5.2420E-02  0.0000E+00
  3.1828E+00  5.1258E-02  5.1258E-02  0.0000E+00
