 # l=           3 basis function with energy     2.0000000000000000     
  0.0000E+00 -0.0000E+00  0.0000E+00  0.0000E+00
  6.5668E-07 -1.8754E-20  4.0404E-26 -3.7289E-24
  1.3178E-06 -2.2519E-19  6.5536E-25 -6.0482E-23
  1.9835E-06 -9.6874E-19  3.3634E-24 -3.1041E-22
  2.6538E-06 -2.7375E-18  1.0777E-23 -9.9456E-22
  3.3286E-06 -6.1446E-18  2.6673E-23 -2.4616E-21
  4.0081E-06 -1.1923E-17  5.6073E-23 -5.1749E-21
  4.6922E-06 -2.0923E-17  1.0532E-22 -9.7198E-21
  5.3809E-06 -3.4113E-17  1.8216E-22 -1.6811E-20
  6.0744E-06 -5.2579E-17  2.9582E-22 -2.7301E-20
  6.7726E-06 -7.7530E-17  4.5714E-22 -4.2189E-20
  7.4756E-06 -1.1029E-16  6.7859E-22 -6.2627E-20
  8.1834E-06 -1.5233E-16  9.7445E-22 -8.9932E-20
  8.8961E-06 -2.0522E-16  1.3609E-21 -1.2559E-19
  9.6136E-06 -2.7069E-16  1.8559E-21 -1.7128E-19
  1.0336E-05 -3.5059E-16  2.4799E-21 -2.2887E-19
  1.1063E-05 -4.4692E-16  3.2552E-21 -3.0042E-19
  1.1796E-05 -5.6182E-16  4.2065E-21 -3.8822E-19
  1.2533E-05 -6.9760E-16  5.3611E-21 -4.9478E-19
  1.3276E-05 -8.5670E-16  6.7488E-21 -6.2284E-19
  1.4023E-05 -1.0417E-15  8.4020E-21 -7.7542E-19
  1.4776E-05 -1.2555E-15  1.0356E-20 -9.5577E-19
  1.5533E-05 -1.5010E-15  1.2650E-20 -1.1674E-18
  1.6296E-05 -1.7812E-15  1.5324E-20 -1.4142E-18
  1.7064E-05 -2.0996E-15  1.8424E-20 -1.7003E-18
  1.7838E-05 -2.4597E-15  2.1998E-20 -2.0302E-18
  1.8617E-05 -2.8651E-15  2.6098E-20 -2.4086E-18
  1.9401E-05 -3.3198E-15  3.0780E-20 -2.8407E-18
  2.0190E-05 -3.8279E-15  3.6104E-20 -3.3320E-18
  2.0985E-05 -4.3939E-15  4.2133E-20 -3.8885E-18
  2.1785E-05 -5.0222E-15  4.8937E-20 -4.5164E-18
  2.2591E-05 -5.7177E-15  5.6588E-20 -5.2225E-18
  2.3402E-05 -6.4854E-15  6.5164E-20 -6.0140E-18
  2.4218E-05 -7.3308E-15  7.4749E-20 -6.8985E-18
  2.5041E-05 -8.2594E-15  8.5430E-20 -7.8843E-18
  2.5869E-05 -9.2770E-15  9.7302E-20 -8.9799E-18
  2.6702E-05 -1.0390E-14  1.1046E-19 -1.0195E-17
  2.7542E-05 -1.1604E-14  1.2502E-19 -1.1538E-17
  2.8387E-05 -1.2927E-14  1.4108E-19 -1.3021E-17
  2.9238E-05 -1.4366E-14  1.5878E-19 -1.4653E-17
  3.0094E-05 -1.5927E-14  1.7822E-19 -1.6448E-17
  3.0957E-05 -1.7619E-14  1.9954E-19 -1.8416E-17
  3.1825E-05 -1.9449E-14  2.2290E-19 -2.0571E-17
  3.2700E-05 -2.1427E-14  2.4842E-19 -2.2926E-17
  3.3580E-05 -2.3560E-14  2.7627E-19 -2.5497E-17
  3.4466E-05 -2.5859E-14  3.0661E-19 -2.8297E-17
  3.5359E-05 -2.8332E-14  3.3963E-19 -3.1344E-17
  3.6257E-05 -3.0990E-14  3.7549E-19 -3.4653E-17
  3.7162E-05 -3.3843E-14  4.1439E-19 -3.8244E-17
  3.8073E-05 -3.6902E-14  4.5653E-19 -4.2133E-17
  3.8990E-05 -4.0179E-14  5.0214E-19 -4.6342E-17
  3.9913E-05 -4.3684E-14  5.5142E-19 -5.0890E-17
  4.0843E-05 -4.7431E-14  6.0462E-19 -5.5800E-17
  4.1779E-05 -5.1433E-14  6.6198E-19 -6.1094E-17
  4.2721E-05 -5.5701E-14  7.2376E-19 -6.6796E-17
  4.3670E-05 -6.0252E-14  7.9024E-19 -7.2931E-17
  4.4626E-05 -6.5098E-14  8.6169E-19 -7.9525E-17
  4.5588E-05 -7.0254E-14  9.3843E-19 -8.6607E-17
  4.6556E-05 -7.5738E-14  1.0207E-18 -9.4204E-17
  4.7531E-05 -8.1563E-14  1.1090E-18 -1.0235E-16
  4.8513E-05 -8.7748E-14  1.2035E-18 -1.1107E-16
  4.9501E-05 -9.4310E-14  1.3046E-18 -1.2040E-16
  5.0497E-05 -1.0127E-13  1.4128E-18 -1.3038E-16
  5.1499E-05 -1.0864E-13  1.5283E-18 -1.4104E-16
  5.2508E-05 -1.1644E-13  1.6516E-18 -1.5243E-16
  5.3523E-05 -1.2470E-13  1.7832E-18 -1.6457E-16
  5.4546E-05 -1.3343E-13  1.9234E-18 -1.7751E-16
  5.5576E-05 -1.4266E-13  2.0728E-18 -1.9130E-16
  5.6613E-05 -1.5241E-13  2.2319E-18 -2.0598E-16
  5.7657E-05 -1.6270E-13  2.4011E-18 -2.2160E-16
  5.8708E-05 -1.7356E-13  2.5811E-18 -2.3820E-16
  5.9766E-05 -1.8502E-13  2.7723E-18 -2.5585E-16
  6.0831E-05 -1.9709E-13  2.9753E-18 -2.7459E-16
  6.1904E-05 -2.0981E-13  3.1908E-18 -2.9448E-16
  6.2984E-05 -2.2320E-13  3.4194E-18 -3.1557E-16
  6.4072E-05 -2.3729E-13  3.6617E-18 -3.3794E-16
  6.5167E-05 -2.5212E-13  3.9185E-18 -3.6164E-16
  6.6269E-05 -2.6772E-13  4.1905E-18 -3.8673E-16
  6.7379E-05 -2.8411E-13  4.4783E-18 -4.1330E-16
  6.8497E-05 -3.0133E-13  4.7829E-18 -4.4141E-16
  6.9622E-05 -3.1942E-13  5.1050E-18 -4.7114E-16
  7.0755E-05 -3.3842E-13  5.4455E-18 -5.0256E-16
  7.1895E-05 -3.5835E-13  5.8052E-18 -5.3576E-16
  7.3044E-05 -3.7926E-13  6.1851E-18 -5.7082E-16
  7.4200E-05 -4.0119E-13  6.5862E-18 -6.0783E-16
  7.5364E-05 -4.2417E-13  7.0093E-18 -6.4689E-16
  7.6536E-05 -4.4826E-13  7.4557E-18 -6.8808E-16
  7.7717E-05 -4.7350E-13  7.9263E-18 -7.3151E-16
  7.8905E-05 -4.9993E-13  8.4223E-18 -7.7729E-16
  8.0101E-05 -5.2760E-13  8.9448E-18 -8.2551E-16
  8.1306E-05 -5.5655E-13  9.4951E-18 -8.7630E-16
  8.2519E-05 -5.8685E-13  1.0074E-17 -9.2977E-16
  8.3740E-05 -6.1854E-13  1.0684E-17 -9.8603E-16
  8.4969E-05 -6.5167E-13  1.1326E-17 -1.0452E-15
  8.6207E-05 -6.8631E-13  1.2000E-17 -1.1075E-15
  8.7453E-05 -7.2250E-13  1.2709E-17 -1.1729E-15
  8.8708E-05 -7.6031E-13  1.3455E-17 -1.2417E-15
  8.9971E-05 -7.9981E-13  1.4238E-17 -1.3140E-15
  9.1244E-05 -8.4105E-13  1.5060E-17 -1.3899E-15
  9.2524E-05 -8.8410E-13  1.5924E-17 -1.4696E-15
  9.3814E-05 -9.2903E-13  1.6830E-17 -1.5532E-15
  9.5112E-05 -9.7591E-13  1.7781E-17 -1.6410E-15
  9.6419E-05 -1.0248E-12  1.8779E-17 -1.7331E-15
  9.7736E-05 -1.0758E-12  1.9826E-17 -1.8297E-15
  9.9061E-05 -1.1290E-12  2.0923E-17 -1.9310E-15
  1.0040E-04 -1.1844E-12  2.2073E-17 -2.0371E-15
  1.0174E-04 -1.2422E-12  2.3279E-17 -2.1484E-15
  1.0309E-04 -1.3024E-12  2.4541E-17 -2.2649E-15
  1.0445E-04 -1.3651E-12  2.5864E-17 -2.3870E-15
  1.0582E-04 -1.4304E-12  2.7249E-17 -2.5148E-15
  1.0720E-04 -1.4984E-12  2.8699E-17 -2.6486E-15
  1.0859E-04 -1.5692E-12  3.0217E-17 -2.7887E-15
  1.0999E-04 -1.6428E-12  3.1804E-17 -2.9352E-15
  1.1140E-04 -1.7195E-12  3.3466E-17 -3.0885E-15
  1.1282E-04 -1.7993E-12  3.5203E-17 -3.2489E-15
  1.1425E-04 -1.8823E-12  3.7020E-17 -3.4166E-15
  1.1569E-04 -1.9686E-12  3.8920E-17 -3.5919E-15
  1.1714E-04 -2.0584E-12  4.0905E-17 -3.7751E-15
  1.1859E-04 -2.1517E-12  4.2980E-17 -3.9666E-15
  1.2006E-04 -2.2487E-12  4.5147E-17 -4.1666E-15
  1.2154E-04 -2.3495E-12  4.7412E-17 -4.3756E-15
  1.2303E-04 -2.4543E-12  4.9776E-17 -4.5938E-15
  1.2453E-04 -2.5632E-12  5.2246E-17 -4.8217E-15
  1.2603E-04 -2.6762E-12  5.4824E-17 -5.0596E-15
  1.2755E-04 -2.7937E-12  5.7514E-17 -5.3080E-15
  1.2908E-04 -2.9157E-12  6.0322E-17 -5.5671E-15
  1.3062E-04 -3.0423E-12  6.3252E-17 -5.8375E-15
  1.3217E-04 -3.1738E-12  6.6308E-17 -6.1196E-15
  1.3373E-04 -3.3103E-12  6.9496E-17 -6.4138E-15
  1.3530E-04 -3.4520E-12  7.2821E-17 -6.7206E-15
  1.3689E-04 -3.5990E-12  7.6287E-17 -7.0405E-15
  1.3848E-04 -3.7515E-12  7.9900E-17 -7.3740E-15
  1.4008E-04 -3.9097E-12  8.3667E-17 -7.7216E-15
  1.4170E-04 -4.0738E-12  8.7592E-17 -8.0838E-15
  1.4332E-04 -4.2441E-12  9.1682E-17 -8.4613E-15
  1.4496E-04 -4.4206E-12  9.5943E-17 -8.8545E-15
  1.4661E-04 -4.6036E-12  1.0038E-16 -9.2641E-15
  1.4827E-04 -4.7934E-12  1.0500E-16 -9.6907E-15
  1.4994E-04 -4.9901E-12  1.0982E-16 -1.0135E-14
  1.5162E-04 -5.1939E-12  1.1483E-16 -1.0598E-14
  1.5331E-04 -5.4052E-12  1.2005E-16 -1.1079E-14
  1.5502E-04 -5.6241E-12  1.2548E-16 -1.1580E-14
  1.5674E-04 -5.8510E-12  1.3113E-16 -1.2102E-14
  1.5847E-04 -6.0860E-12  1.3701E-16 -1.2645E-14
  1.6021E-04 -6.3294E-12  1.4313E-16 -1.3210E-14
  1.6196E-04 -6.5815E-12  1.4950E-16 -1.3797E-14
  1.6372E-04 -6.8426E-12  1.5612E-16 -1.4408E-14
  1.6550E-04 -7.1130E-12  1.6301E-16 -1.5044E-14
  1.6729E-04 -7.3930E-12  1.7017E-16 -1.5705E-14
  1.6909E-04 -7.6828E-12  1.7762E-16 -1.6392E-14
  1.7090E-04 -7.9828E-12  1.8536E-16 -1.7107E-14
  1.7273E-04 -8.2934E-12  1.9341E-16 -1.7849E-14
  1.7457E-04 -8.6148E-12  2.0177E-16 -1.8621E-14
  1.7642E-04 -8.9474E-12  2.1046E-16 -1.9424E-14
  1.7828E-04 -9.2915E-12  2.1950E-16 -2.0257E-14
  1.8016E-04 -9.6476E-12  2.2888E-16 -2.1124E-14
  1.8205E-04 -1.0016E-11  2.3864E-16 -2.2023E-14
  1.8395E-04 -1.0397E-11  2.4876E-16 -2.2958E-14
  1.8586E-04 -1.0791E-11  2.5929E-16 -2.3929E-14
  1.8779E-04 -1.1199E-11  2.7021E-16 -2.4938E-14
  1.8973E-04 -1.1621E-11  2.8156E-16 -2.5985E-14
  1.9169E-04 -1.2057E-11  2.9334E-16 -2.7072E-14
  1.9365E-04 -1.2507E-11  3.0557E-16 -2.8201E-14
  1.9563E-04 -1.2974E-11  3.1827E-16 -2.9373E-14
  1.9763E-04 -1.3455E-11  3.3145E-16 -3.0590E-14
  1.9964E-04 -1.3954E-11  3.4513E-16 -3.1852E-14
  2.0166E-04 -1.4468E-11  3.5933E-16 -3.3162E-14
  2.0370E-04 -1.5000E-11  3.7406E-16 -3.4522E-14
  2.0575E-04 -1.5550E-11  3.8935E-16 -3.5933E-14
  2.0781E-04 -1.6119E-11  4.0521E-16 -3.7397E-14
  2.0989E-04 -1.6706E-11  4.2166E-16 -3.8915E-14
  2.1198E-04 -1.7313E-11  4.3873E-16 -4.0490E-14
  2.1409E-04 -1.7940E-11  4.5643E-16 -4.2124E-14
  2.1621E-04 -1.8587E-11  4.7479E-16 -4.3818E-14
  2.1834E-04 -1.9256E-11  4.9383E-16 -4.5575E-14
  2.2049E-04 -1.9947E-11  5.1357E-16 -4.7397E-14
  2.2266E-04 -2.0661E-11  5.3404E-16 -4.9286E-14
  2.2484E-04 -2.1398E-11  5.5526E-16 -5.1244E-14
  2.2703E-04 -2.2159E-11  5.7725E-16 -5.3274E-14
  2.2924E-04 -2.2945E-11  6.0006E-16 -5.5379E-14
  2.3147E-04 -2.3756E-11  6.2369E-16 -5.7560E-14
  2.3371E-04 -2.4594E-11  6.4818E-16 -5.9821E-14
  2.3596E-04 -2.5459E-11  6.7357E-16 -6.2163E-14
  2.3823E-04 -2.6352E-11  6.9987E-16 -6.4591E-14
  2.4052E-04 -2.7273E-11  7.2712E-16 -6.7106E-14
  2.4282E-04 -2.8225E-11  7.5536E-16 -6.9712E-14
  2.4514E-04 -2.9207E-11  7.8461E-16 -7.2412E-14
  2.4747E-04 -3.0220E-11  8.1492E-16 -7.5208E-14
  2.4982E-04 -3.1266E-11  8.4631E-16 -7.8105E-14
  2.5219E-04 -3.2346E-11  8.7882E-16 -8.1106E-14
  2.5457E-04 -3.3459E-11  9.1249E-16 -8.4213E-14
  2.5697E-04 -3.4608E-11  9.4736E-16 -8.7431E-14
  2.5938E-04 -3.5794E-11  9.8346E-16 -9.0763E-14
  2.6181E-04 -3.7017E-11  1.0209E-15 -9.4214E-14
  2.6426E-04 -3.8279E-11  1.0596E-15 -9.7786E-14
  2.6672E-04 -3.9581E-11  1.0996E-15 -1.0149E-13
  2.6920E-04 -4.0924E-11  1.1411E-15 -1.0531E-13
  2.7170E-04 -4.2309E-11  1.1841E-15 -1.0928E-13
  2.7422E-04 -4.3737E-11  1.2285E-15 -1.1338E-13
  2.7675E-04 -4.5210E-11  1.2745E-15 -1.1763E-13
  2.7930E-04 -4.6730E-11  1.3222E-15 -1.2202E-13
  2.8186E-04 -4.8296E-11  1.3714E-15 -1.2657E-13
  2.8445E-04 -4.9912E-11  1.4224E-15 -1.3128E-13
  2.8705E-04 -5.1578E-11  1.4752E-15 -1.3615E-13
  2.8967E-04 -5.3296E-11  1.5298E-15 -1.4119E-13
  2.9231E-04 -5.5066E-11  1.5863E-15 -1.4640E-13
  2.9497E-04 -5.6892E-11  1.6448E-15 -1.5179E-13
  2.9764E-04 -5.8774E-11  1.7052E-15 -1.5737E-13
  3.0033E-04 -6.0715E-11  1.7678E-15 -1.6315E-13
  3.0304E-04 -6.2715E-11  1.8325E-15 -1.6912E-13
  3.0577E-04 -6.4777E-11  1.8994E-15 -1.7529E-13
  3.0852E-04 -6.6902E-11  1.9686E-15 -1.8168E-13
  3.1129E-04 -6.9092E-11  2.0402E-15 -1.8829E-13
  3.1407E-04 -7.1349E-11  2.1142E-15 -1.9512E-13
  3.1688E-04 -7.3675E-11  2.1907E-15 -2.0218E-13
  3.1970E-04 -7.6072E-11  2.2699E-15 -2.0949E-13
  3.2255E-04 -7.8543E-11  2.3517E-15 -2.1704E-13
  3.2541E-04 -8.1088E-11  2.4363E-15 -2.2485E-13
  3.2829E-04 -8.3711E-11  2.5238E-15 -2.3292E-13
  3.3119E-04 -8.6414E-11  2.6142E-15 -2.4127E-13
  3.3412E-04 -8.9198E-11  2.7077E-15 -2.4989E-13
  3.3706E-04 -9.2067E-11  2.8043E-15 -2.5881E-13
  3.4002E-04 -9.5022E-11  2.9042E-15 -2.6803E-13
  3.4300E-04 -9.8067E-11  3.0075E-15 -2.7756E-13
  3.4600E-04 -1.0120E-10  3.1142E-15 -2.8741E-13
  3.4903E-04 -1.0443E-10  3.2245E-15 -2.9758E-13
  3.5207E-04 -1.0776E-10  3.3384E-15 -3.0810E-13
  3.5514E-04 -1.1119E-10  3.4562E-15 -3.1897E-13
  3.5822E-04 -1.1472E-10  3.5779E-15 -3.3020E-13
  3.6133E-04 -1.1836E-10  3.7036E-15 -3.4181E-13
  3.6446E-04 -1.2210E-10  3.8336E-15 -3.5380E-13
  3.6761E-04 -1.2596E-10  3.9678E-15 -3.6619E-13
  3.7078E-04 -1.2993E-10  4.1065E-15 -3.7899E-13
  3.7397E-04 -1.3402E-10  4.2498E-15 -3.9221E-13
  3.7719E-04 -1.3823E-10  4.3978E-15 -4.0587E-13
  3.8042E-04 -1.4257E-10  4.5507E-15 -4.1998E-13
  3.8368E-04 -1.4703E-10  4.7086E-15 -4.3456E-13
  3.8696E-04 -1.5163E-10  4.8718E-15 -4.4961E-13
  3.9026E-04 -1.5636E-10  5.0403E-15 -4.6516E-13
  3.9359E-04 -1.6124E-10  5.2143E-15 -4.8123E-13
  3.9694E-04 -1.6625E-10  5.3940E-15 -4.9781E-13
  4.0031E-04 -1.7142E-10  5.5797E-15 -5.1494E-13
  4.0371E-04 -1.7674E-10  5.7714E-15 -5.3264E-13
  4.0712E-04 -1.8221E-10  5.9693E-15 -5.5090E-13
  4.1057E-04 -1.8785E-10  6.1737E-15 -5.6977E-13
  4.1403E-04 -1.9365E-10  6.3848E-15 -5.8925E-13
  4.1752E-04 -1.9962E-10  6.6027E-15 -6.0936E-13
  4.2103E-04 -2.0576E-10  6.8277E-15 -6.3012E-13
  4.2457E-04 -2.1209E-10  7.0600E-15 -6.5156E-13
  4.2813E-04 -2.1860E-10  7.2998E-15 -6.7370E-13
  4.3171E-04 -2.2530E-10  7.5474E-15 -6.9655E-13
  4.3532E-04 -2.3219E-10  7.8030E-15 -7.2014E-13
  4.3896E-04 -2.3929E-10  8.0669E-15 -7.4449E-13
  4.4262E-04 -2.4659E-10  8.3392E-15 -7.6962E-13
  4.4630E-04 -2.5411E-10  8.6204E-15 -7.9557E-13
  4.5001E-04 -2.6184E-10  8.9105E-15 -8.2235E-13
  4.5374E-04 -2.6980E-10  9.2100E-15 -8.4999E-13
  4.5750E-04 -2.7799E-10  9.5191E-15 -8.7852E-13
  4.6129E-04 -2.8642E-10  9.8382E-15 -9.0796E-13
  4.6510E-04 -2.9509E-10  1.0167E-14 -9.3834E-13
  4.6894E-04 -3.0401E-10  1.0507E-14 -9.6970E-13
  4.7280E-04 -3.1319E-10  1.0858E-14 -1.0021E-12
  4.7669E-04 -3.2263E-10  1.1220E-14 -1.0355E-12
  4.8061E-04 -3.3235E-10  1.1593E-14 -1.0699E-12
  4.8456E-04 -3.4234E-10  1.1978E-14 -1.1055E-12
  4.8853E-04 -3.5263E-10  1.2376E-14 -1.1422E-12
  4.9253E-04 -3.6320E-10  1.2786E-14 -1.1800E-12
  4.9655E-04 -3.7409E-10  1.3209E-14 -1.2191E-12
  5.0060E-04 -3.8528E-10  1.3646E-14 -1.2593E-12
  5.0468E-04 -3.9680E-10  1.4096E-14 -1.3009E-12
  5.0879E-04 -4.0864E-10  1.4561E-14 -1.3438E-12
  5.1293E-04 -4.2083E-10  1.5040E-14 -1.3880E-12
  5.1709E-04 -4.3336E-10  1.5534E-14 -1.4337E-12
  5.2129E-04 -4.4625E-10  1.6045E-14 -1.4807E-12
  5.2551E-04 -4.5951E-10  1.6571E-14 -1.5293E-12
  5.2976E-04 -4.7315E-10  1.7113E-14 -1.5794E-12
  5.3404E-04 -4.8718E-10  1.7673E-14 -1.6311E-12
  5.3835E-04 -5.0160E-10  1.8251E-14 -1.6843E-12
  5.4269E-04 -5.1644E-10  1.8846E-14 -1.7393E-12
  5.4706E-04 -5.3170E-10  1.9460E-14 -1.7960E-12
  5.5146E-04 -5.4739E-10  2.0094E-14 -1.8545E-12
  5.5589E-04 -5.6353E-10  2.0747E-14 -1.9147E-12
  5.6034E-04 -5.8012E-10  2.1421E-14 -1.9769E-12
  5.6483E-04 -5.9719E-10  2.2116E-14 -2.0410E-12
  5.6935E-04 -6.1474E-10  2.2832E-14 -2.1072E-12
  5.7390E-04 -6.3278E-10  2.3571E-14 -2.1753E-12
  5.7849E-04 -6.5134E-10  2.4333E-14 -2.2457E-12
  5.8310E-04 -6.7042E-10  2.5118E-14 -2.3182E-12
  5.8775E-04 -6.9004E-10  2.5928E-14 -2.3929E-12
  5.9242E-04 -7.1021E-10  2.6763E-14 -2.4700E-12
  5.9713E-04 -7.3095E-10  2.7625E-14 -2.5495E-12
  6.0187E-04 -7.5228E-10  2.8512E-14 -2.6314E-12
  6.0665E-04 -7.7420E-10  2.9428E-14 -2.7159E-12
  6.1145E-04 -7.9675E-10  3.0371E-14 -2.8030E-12
  6.1629E-04 -8.1992E-10  3.1344E-14 -2.8927E-12
  6.2116E-04 -8.4375E-10  3.2347E-14 -2.9853E-12
  6.2607E-04 -8.6825E-10  3.3381E-14 -3.0807E-12
  6.3101E-04 -8.9344E-10  3.4447E-14 -3.1791E-12
  6.3598E-04 -9.1933E-10  3.5546E-14 -3.2805E-12
  6.4099E-04 -9.4595E-10  3.6678E-14 -3.3850E-12
  6.4603E-04 -9.7331E-10  3.7846E-14 -3.4928E-12
  6.5110E-04 -1.0014E-09  3.9049E-14 -3.6038E-12
  6.5621E-04 -1.0304E-09  4.0290E-14 -3.7183E-12
  6.6136E-04 -1.0601E-09  4.1568E-14 -3.8363E-12
  6.6654E-04 -1.0906E-09  4.2886E-14 -3.9579E-12
  6.7175E-04 -1.1220E-09  4.4244E-14 -4.0833E-12
  6.7700E-04 -1.1543E-09  4.5644E-14 -4.2125E-12
  6.8229E-04 -1.1875E-09  4.7087E-14 -4.3456E-12
  6.8762E-04 -1.2216E-09  4.8573E-14 -4.4828E-12
  6.9298E-04 -1.2567E-09  5.0106E-14 -4.6242E-12
  6.9837E-04 -1.2927E-09  5.1685E-14 -4.7700E-12
  7.0381E-04 -1.3298E-09  5.3312E-14 -4.9202E-12
  7.0928E-04 -1.3678E-09  5.4989E-14 -5.0749E-12
  7.1478E-04 -1.4070E-09  5.6717E-14 -5.2344E-12
  7.2033E-04 -1.4472E-09  5.8498E-14 -5.3988E-12
  7.2591E-04 -1.4885E-09  6.0333E-14 -5.5681E-12
  7.3153E-04 -1.5310E-09  6.2224E-14 -5.7426E-12
  7.3720E-04 -1.5746E-09  6.4172E-14 -5.9224E-12
  7.4289E-04 -1.6195E-09  6.6180E-14 -6.1077E-12
  7.4863E-04 -1.6656E-09  6.8248E-14 -6.2986E-12
  7.5441E-04 -1.7130E-09  7.0379E-14 -6.4953E-12
  7.6023E-04 -1.7617E-09  7.2575E-14 -6.6979E-12
  7.6608E-04 -1.8117E-09  7.4837E-14 -6.9067E-12
  7.7198E-04 -1.8632E-09  7.7168E-14 -7.1218E-12
  7.7792E-04 -1.9160E-09  7.9570E-14 -7.3434E-12
  7.8389E-04 -1.9703E-09  8.2044E-14 -7.5718E-12
  7.8991E-04 -2.0261E-09  8.4592E-14 -7.8070E-12
  7.9597E-04 -2.0835E-09  8.7218E-14 -8.0493E-12
  8.0207E-04 -2.1424E-09  8.9923E-14 -8.2989E-12
  8.0822E-04 -2.2029E-09  9.2710E-14 -8.5561E-12
  8.1440E-04 -2.2652E-09  9.5580E-14 -8.8210E-12
  8.2063E-04 -2.3291E-09  9.8537E-14 -9.0939E-12
  8.2690E-04 -2.3948E-09  1.0158E-13 -9.3750E-12
  8.3321E-04 -2.4623E-09  1.0472E-13 -9.6646E-12
  8.3956E-04 -2.5316E-09  1.0795E-13 -9.9629E-12
  8.4596E-04 -2.6029E-09  1.1128E-13 -1.0270E-11
  8.5241E-04 -2.6761E-09  1.1471E-13 -1.0587E-11
  8.5889E-04 -2.7513E-09  1.1824E-13 -1.0913E-11
  8.6543E-04 -2.8286E-09  1.2188E-13 -1.1248E-11
  8.7200E-04 -2.9081E-09  1.2563E-13 -1.1594E-11
  8.7862E-04 -2.9896E-09  1.2949E-13 -1.1950E-11
  8.8529E-04 -3.0735E-09  1.3346E-13 -1.2317E-11
  8.9200E-04 -3.1596E-09  1.3756E-13 -1.2695E-11
  8.9876E-04 -3.2481E-09  1.4177E-13 -1.3084E-11
  9.0556E-04 -3.3390E-09  1.4611E-13 -1.3485E-11
  9.1241E-04 -3.4324E-09  1.5059E-13 -1.3897E-11
  9.1931E-04 -3.5284E-09  1.5519E-13 -1.4322E-11
  9.2626E-04 -3.6269E-09  1.5993E-13 -1.4760E-11
  9.3325E-04 -3.7282E-09  1.6482E-13 -1.5211E-11
  9.4029E-04 -3.8323E-09  1.6985E-13 -1.5675E-11
  9.4738E-04 -3.9391E-09  1.7503E-13 -1.6153E-11
  9.5451E-04 -4.0489E-09  1.8036E-13 -1.6645E-11
  9.6170E-04 -4.1617E-09  1.8585E-13 -1.7152E-11
  9.6893E-04 -4.2776E-09  1.9151E-13 -1.7674E-11
  9.7622E-04 -4.3966E-09  1.9733E-13 -1.8212E-11
  9.8355E-04 -4.5189E-09  2.0333E-13 -1.8765E-11
  9.9093E-04 -4.6445E-09  2.0951E-13 -1.9335E-11
  9.9837E-04 -4.7736E-09  2.1586E-13 -1.9922E-11
  1.0059E-03 -4.9061E-09  2.2241E-13 -2.0526E-11
  1.0134E-03 -5.0423E-09  2.2915E-13 -2.1148E-11
  1.0210E-03 -5.1822E-09  2.3609E-13 -2.1789E-11
  1.0286E-03 -5.3258E-09  2.4324E-13 -2.2448E-11
  1.0363E-03 -5.4734E-09  2.5060E-13 -2.3127E-11
  1.0441E-03 -5.6250E-09  2.5817E-13 -2.3827E-11
  1.0519E-03 -5.7807E-09  2.6597E-13 -2.4546E-11
  1.0597E-03 -5.9407E-09  2.7400E-13 -2.5288E-11
  1.0676E-03 -6.1049E-09  2.8227E-13 -2.6051E-11
  1.0756E-03 -6.2737E-09  2.9078E-13 -2.6836E-11
  1.0836E-03 -6.4470E-09  2.9955E-13 -2.7645E-11
  1.0916E-03 -6.6251E-09  3.0857E-13 -2.8477E-11
  1.0998E-03 -6.8079E-09  3.1785E-13 -2.9335E-11
  1.1080E-03 -6.9957E-09  3.2742E-13 -3.0217E-11
  1.1162E-03 -7.1887E-09  3.3726E-13 -3.1125E-11
  1.1245E-03 -7.3868E-09  3.4739E-13 -3.2061E-11
  1.1328E-03 -7.5903E-09  3.5782E-13 -3.3023E-11
  1.1412E-03 -7.7993E-09  3.6856E-13 -3.4014E-11
  1.1497E-03 -8.0140E-09  3.7962E-13 -3.5035E-11
  1.1582E-03 -8.2345E-09  3.9100E-13 -3.6085E-11
  1.1668E-03 -8.4610E-09  4.0271E-13 -3.7166E-11
  1.1754E-03 -8.6936E-09  4.1477E-13 -3.8279E-11
  1.1841E-03 -8.9325E-09  4.2718E-13 -3.9424E-11
  1.1929E-03 -9.1778E-09  4.3995E-13 -4.0603E-11
  1.2017E-03 -9.4298E-09  4.5310E-13 -4.1817E-11
  1.2106E-03 -9.6886E-09  4.6664E-13 -4.3066E-11
  1.2195E-03 -9.9543E-09  4.8057E-13 -4.4352E-11
  1.2285E-03 -1.0227E-08  4.9491E-13 -4.5675E-11
  1.2376E-03 -1.0508E-08  5.0967E-13 -4.7038E-11
  1.2467E-03 -1.0796E-08  5.2487E-13 -4.8440E-11
  1.2559E-03 -1.1091E-08  5.4051E-13 -4.9883E-11
  1.2651E-03 -1.1395E-08  5.5660E-13 -5.1368E-11
  1.2744E-03 -1.1707E-08  5.7317E-13 -5.2897E-11
  1.2838E-03 -1.2027E-08  5.9022E-13 -5.4471E-11
  1.2932E-03 -1.2356E-08  6.0776E-13 -5.6090E-11
  1.3027E-03 -1.2694E-08  6.2582E-13 -5.7757E-11
  1.3123E-03 -1.3040E-08  6.4441E-13 -5.9472E-11
  1.3219E-03 -1.3397E-08  6.6354E-13 -6.1238E-11
  1.3316E-03 -1.3762E-08  6.8323E-13 -6.3055E-11
  1.3414E-03 -1.4138E-08  7.0349E-13 -6.4925E-11
  1.3512E-03 -1.4524E-08  7.2434E-13 -6.6849E-11
  1.3611E-03 -1.4920E-08  7.4580E-13 -6.8830E-11
  1.3711E-03 -1.5327E-08  7.6789E-13 -7.0868E-11
  1.3811E-03 -1.5744E-08  7.9062E-13 -7.2966E-11
  1.3912E-03 -1.6173E-08  8.1401E-13 -7.5124E-11
  1.4014E-03 -1.6614E-08  8.3808E-13 -7.7346E-11
  1.4117E-03 -1.7066E-08  8.6285E-13 -7.9632E-11
  1.4220E-03 -1.7531E-08  8.8834E-13 -8.1984E-11
  1.4324E-03 -1.8008E-08  9.1457E-13 -8.4405E-11
  1.4428E-03 -1.8498E-08  9.4156E-13 -8.6896E-11
  1.4533E-03 -1.9001E-08  9.6934E-13 -8.9460E-11
  1.4639E-03 -1.9517E-08  9.9792E-13 -9.2098E-11
  1.4746E-03 -2.0047E-08  1.0273E-12 -9.4812E-11
  1.4853E-03 -2.0592E-08  1.0576E-12 -9.7605E-11
  1.4962E-03 -2.1151E-08  1.0887E-12 -1.0048E-10
  1.5070E-03 -2.1726E-08  1.1208E-12 -1.0344E-10
  1.5180E-03 -2.2315E-08  1.1538E-12 -1.0648E-10
  1.5291E-03 -2.2921E-08  1.1877E-12 -1.0961E-10
  1.5402E-03 -2.3542E-08  1.2226E-12 -1.1283E-10
  1.5514E-03 -2.4181E-08  1.2585E-12 -1.1615E-10
  1.5626E-03 -2.4836E-08  1.2955E-12 -1.1956E-10
  1.5740E-03 -2.5509E-08  1.3335E-12 -1.2307E-10
  1.5854E-03 -2.6200E-08  1.3727E-12 -1.2668E-10
  1.5969E-03 -2.6910E-08  1.4129E-12 -1.3040E-10
  1.6085E-03 -2.7639E-08  1.4544E-12 -1.3422E-10
  1.6201E-03 -2.8387E-08  1.4970E-12 -1.3816E-10
  1.6319E-03 -2.9155E-08  1.5408E-12 -1.4220E-10
  1.6437E-03 -2.9944E-08  1.5860E-12 -1.4637E-10
  1.6556E-03 -3.0754E-08  1.6324E-12 -1.5065E-10
  1.6676E-03 -3.1585E-08  1.6802E-12 -1.5506E-10
  1.6796E-03 -3.2439E-08  1.7293E-12 -1.5960E-10
  1.6918E-03 -3.3316E-08  1.7799E-12 -1.6426E-10
  1.7040E-03 -3.4216E-08  1.8319E-12 -1.6906E-10
  1.7163E-03 -3.5140E-08  1.8854E-12 -1.7400E-10
  1.7287E-03 -3.6089E-08  1.9405E-12 -1.7908E-10
  1.7412E-03 -3.7063E-08  1.9971E-12 -1.8431E-10
  1.7538E-03 -3.8064E-08  2.0554E-12 -1.8969E-10
  1.7664E-03 -3.9091E-08  2.1153E-12 -1.9522E-10
  1.7791E-03 -4.0145E-08  2.1770E-12 -2.0092E-10
  1.7920E-03 -4.1228E-08  2.2405E-12 -2.0677E-10
  1.8049E-03 -4.2340E-08  2.3058E-12 -2.1280E-10
  1.8179E-03 -4.3481E-08  2.3729E-12 -2.1900E-10
  1.8310E-03 -4.4653E-08  2.4420E-12 -2.2537E-10
  1.8442E-03 -4.5856E-08  2.5131E-12 -2.3193E-10
  1.8574E-03 -4.7091E-08  2.5862E-12 -2.3868E-10
  1.8708E-03 -4.8360E-08  2.6614E-12 -2.4562E-10
  1.8842E-03 -4.9662E-08  2.7388E-12 -2.5277E-10
  1.8978E-03 -5.0999E-08  2.8184E-12 -2.6011E-10
  1.9114E-03 -5.2371E-08  2.9003E-12 -2.6767E-10
  1.9252E-03 -5.3780E-08  2.9846E-12 -2.7544E-10
  1.9390E-03 -5.5227E-08  3.0712E-12 -2.8344E-10
  1.9529E-03 -5.6712E-08  3.1604E-12 -2.9167E-10
  1.9669E-03 -5.8237E-08  3.2521E-12 -3.0013E-10
  1.9810E-03 -5.9803E-08  3.3464E-12 -3.0884E-10
  1.9952E-03 -6.1411E-08  3.4434E-12 -3.1779E-10
  2.0095E-03 -6.3061E-08  3.5432E-12 -3.2700E-10
  2.0239E-03 -6.4755E-08  3.6459E-12 -3.3648E-10
  2.0384E-03 -6.6495E-08  3.7515E-12 -3.4622E-10
  2.0530E-03 -6.8280E-08  3.8601E-12 -3.5625E-10
  2.0677E-03 -7.0114E-08  3.9719E-12 -3.6656E-10
  2.0825E-03 -7.1996E-08  4.0868E-12 -3.7717E-10
  2.0974E-03 -7.3928E-08  4.2050E-12 -3.8808E-10
  2.1124E-03 -7.5912E-08  4.3267E-12 -3.9930E-10
  2.1275E-03 -7.7949E-08  4.4517E-12 -4.1085E-10
  2.1428E-03 -8.0040E-08  4.5804E-12 -4.2272E-10
  2.1581E-03 -8.2187E-08  4.7127E-12 -4.3494E-10
  2.1735E-03 -8.4390E-08  4.8489E-12 -4.4750E-10
  2.1890E-03 -8.6653E-08  4.9889E-12 -4.6042E-10
  2.2046E-03 -8.8975E-08  5.1329E-12 -4.7371E-10
  2.2204E-03 -9.1360E-08  5.2810E-12 -4.8738E-10
  2.2362E-03 -9.3808E-08  5.4334E-12 -5.0144E-10
  2.2522E-03 -9.6321E-08  5.5901E-12 -5.1591E-10
  2.2682E-03 -9.8901E-08  5.7513E-12 -5.3078E-10
  2.2844E-03 -1.0155E-07  5.9170E-12 -5.4608E-10
  2.3007E-03 -1.0427E-07  6.0875E-12 -5.6181E-10
  2.3171E-03 -1.0706E-07  6.2629E-12 -5.7800E-10
  2.3336E-03 -1.0993E-07  6.4433E-12 -5.9464E-10
  2.3502E-03 -1.1287E-07  6.6288E-12 -6.1177E-10
  2.3669E-03 -1.1589E-07  6.8196E-12 -6.2937E-10
  2.3838E-03 -1.1899E-07  7.0158E-12 -6.4748E-10
  2.4007E-03 -1.2217E-07  7.2176E-12 -6.6611E-10
  2.4178E-03 -1.2544E-07  7.4252E-12 -6.8527E-10
  2.4350E-03 -1.2879E-07  7.6387E-12 -7.0497E-10
  2.4523E-03 -1.3223E-07  7.8582E-12 -7.2523E-10
  2.4697E-03 -1.3577E-07  8.0840E-12 -7.4607E-10
  2.4873E-03 -1.3940E-07  8.3162E-12 -7.6750E-10
  2.5050E-03 -1.4312E-07  8.5551E-12 -7.8954E-10
  2.5228E-03 -1.4695E-07  8.8007E-12 -8.1221E-10
  2.5407E-03 -1.5087E-07  9.0533E-12 -8.3553E-10
  2.5587E-03 -1.5490E-07  9.3131E-12 -8.5950E-10
  2.5769E-03 -1.5904E-07  9.5803E-12 -8.8416E-10
  2.5951E-03 -1.6328E-07  9.8551E-12 -9.0952E-10
  2.6136E-03 -1.6764E-07  1.0138E-11 -9.3560E-10
  2.6321E-03 -1.7212E-07  1.0428E-11 -9.6243E-10
  2.6507E-03 -1.7671E-07  1.0727E-11 -9.9001E-10
  2.6695E-03 -1.8143E-07  1.1035E-11 -1.0184E-09
  2.6884E-03 -1.8627E-07  1.1351E-11 -1.0475E-09
  2.7075E-03 -1.9124E-07  1.1676E-11 -1.0775E-09
  2.7267E-03 -1.9634E-07  1.2010E-11 -1.1084E-09
  2.7460E-03 -2.0157E-07  1.2354E-11 -1.1401E-09
  2.7654E-03 -2.0695E-07  1.2707E-11 -1.1728E-09
  2.7850E-03 -2.1246E-07  1.3071E-11 -1.2063E-09
  2.8047E-03 -2.1813E-07  1.3445E-11 -1.2408E-09
  2.8245E-03 -2.2394E-07  1.3829E-11 -1.2763E-09
  2.8445E-03 -2.2991E-07  1.4225E-11 -1.3128E-09
  2.8646E-03 -2.3604E-07  1.4631E-11 -1.3503E-09
  2.8849E-03 -2.4232E-07  1.5049E-11 -1.3889E-09
  2.9053E-03 -2.4878E-07  1.5479E-11 -1.4286E-09
  2.9258E-03 -2.5541E-07  1.5922E-11 -1.4694E-09
  2.9465E-03 -2.6221E-07  1.6376E-11 -1.5114E-09
  2.9673E-03 -2.6919E-07  1.6844E-11 -1.5545E-09
  2.9882E-03 -2.7636E-07  1.7325E-11 -1.5989E-09
  3.0093E-03 -2.8371E-07  1.7819E-11 -1.6445E-09
  3.0306E-03 -2.9126E-07  1.8327E-11 -1.6914E-09
  3.0519E-03 -2.9902E-07  1.8850E-11 -1.7397E-09
  3.0735E-03 -3.0697E-07  1.9388E-11 -1.7893E-09
  3.0951E-03 -3.1514E-07  1.9941E-11 -1.8403E-09
  3.1170E-03 -3.2352E-07  2.0509E-11 -1.8928E-09
  3.1390E-03 -3.3213E-07  2.1094E-11 -1.9467E-09
  3.1611E-03 -3.4096E-07  2.1695E-11 -2.0022E-09
  3.1834E-03 -3.5003E-07  2.2313E-11 -2.0592E-09
  3.2058E-03 -3.5933E-07  2.2948E-11 -2.1179E-09
  3.2284E-03 -3.6889E-07  2.3602E-11 -2.1782E-09
  3.2511E-03 -3.7869E-07  2.4274E-11 -2.2402E-09
  3.2740E-03 -3.8876E-07  2.4965E-11 -2.3040E-09
  3.2971E-03 -3.9909E-07  2.5675E-11 -2.3696E-09
  3.3203E-03 -4.0969E-07  2.6406E-11 -2.4370E-09
  3.3436E-03 -4.2058E-07  2.7157E-11 -2.5063E-09
  3.3672E-03 -4.3175E-07  2.7930E-11 -2.5776E-09
  3.3908E-03 -4.4322E-07  2.8724E-11 -2.6509E-09
  3.4147E-03 -4.5499E-07  2.9541E-11 -2.7263E-09
  3.4387E-03 -4.6707E-07  3.0380E-11 -2.8038E-09
  3.4629E-03 -4.7947E-07  3.1244E-11 -2.8835E-09
  3.4872E-03 -4.9220E-07  3.2132E-11 -2.9654E-09
  3.5117E-03 -5.0527E-07  3.3045E-11 -3.0497E-09
  3.5364E-03 -5.1868E-07  3.3983E-11 -3.1363E-09
  3.5613E-03 -5.3244E-07  3.4948E-11 -3.2254E-09
  3.5863E-03 -5.4657E-07  3.5941E-11 -3.3169E-09
  3.6115E-03 -5.6108E-07  3.6961E-11 -3.4111E-09
  3.6368E-03 -5.7596E-07  3.8010E-11 -3.5079E-09
  3.6623E-03 -5.9124E-07  3.9089E-11 -3.6075E-09
  3.6881E-03 -6.0692E-07  4.0198E-11 -3.7098E-09
  3.7139E-03 -6.2301E-07  4.1338E-11 -3.8151E-09
  3.7400E-03 -6.3953E-07  4.2511E-11 -3.9233E-09
  3.7662E-03 -6.5649E-07  4.3716E-11 -4.0345E-09
  3.7926E-03 -6.7389E-07  4.4956E-11 -4.1489E-09
  3.8192E-03 -6.9175E-07  4.6230E-11 -4.2666E-09
  3.8460E-03 -7.1009E-07  4.7540E-11 -4.3875E-09
  3.8730E-03 -7.2890E-07  4.8888E-11 -4.5118E-09
  3.9001E-03 -7.4822E-07  5.0273E-11 -4.6396E-09
  3.9275E-03 -7.6804E-07  5.1697E-11 -4.7711E-09
  3.9550E-03 -7.8839E-07  5.3161E-11 -4.9062E-09
  3.9827E-03 -8.0927E-07  5.4667E-11 -5.0452E-09
  4.0106E-03 -8.3070E-07  5.6215E-11 -5.1880E-09
  4.0387E-03 -8.5270E-07  5.7806E-11 -5.3349E-09
  4.0670E-03 -8.7528E-07  5.9442E-11 -5.4859E-09
  4.0954E-03 -8.9845E-07  6.1124E-11 -5.6411E-09
  4.1241E-03 -9.2223E-07  6.2854E-11 -5.8008E-09
  4.1530E-03 -9.4664E-07  6.4632E-11 -5.9649E-09
  4.1820E-03 -9.7169E-07  6.6461E-11 -6.1336E-09
  4.2113E-03 -9.9740E-07  6.8340E-11 -6.3071E-09
  4.2408E-03 -1.0238E-06  7.0273E-11 -6.4854E-09
  4.2704E-03 -1.0509E-06  7.2260E-11 -6.6688E-09
  4.3003E-03 -1.0787E-06  7.4302E-11 -6.8573E-09
  4.3304E-03 -1.1072E-06  7.6402E-11 -7.0511E-09
  4.3606E-03 -1.1365E-06  7.8562E-11 -7.2504E-09
  4.3911E-03 -1.1665E-06  8.0781E-11 -7.4553E-09
  4.4218E-03 -1.1974E-06  8.3064E-11 -7.6659E-09
  4.4527E-03 -1.2290E-06  8.5410E-11 -7.8825E-09
  4.4838E-03 -1.2615E-06  8.7822E-11 -8.1051E-09
  4.5151E-03 -1.2949E-06  9.0302E-11 -8.3340E-09
  4.5467E-03 -1.3291E-06  9.2852E-11 -8.5693E-09
  4.5784E-03 -1.3642E-06  9.5473E-11 -8.8112E-09
  4.6104E-03 -1.4002E-06  9.8168E-11 -9.0599E-09
  4.6426E-03 -1.4372E-06  1.0094E-10 -9.3156E-09
  4.6750E-03 -1.4752E-06  1.0379E-10 -9.5785E-09
  4.7076E-03 -1.5141E-06  1.0672E-10 -9.8487E-09
  4.7405E-03 -1.5541E-06  1.0973E-10 -1.0127E-08
  4.7736E-03 -1.5952E-06  1.1282E-10 -1.0412E-08
  4.8069E-03 -1.6373E-06  1.1600E-10 -1.0706E-08
  4.8404E-03 -1.6805E-06  1.1927E-10 -1.1008E-08
  4.8742E-03 -1.7248E-06  1.2264E-10 -1.1318E-08
  4.9082E-03 -1.7704E-06  1.2609E-10 -1.1637E-08
  4.9424E-03 -1.8171E-06  1.2965E-10 -1.1965E-08
  4.9769E-03 -1.8650E-06  1.3330E-10 -1.2302E-08
  5.0116E-03 -1.9142E-06  1.3706E-10 -1.2649E-08
  5.0465E-03 -1.9647E-06  1.4092E-10 -1.3006E-08
  5.0817E-03 -2.0165E-06  1.4489E-10 -1.3372E-08
  5.1171E-03 -2.0697E-06  1.4897E-10 -1.3749E-08
  5.1528E-03 -2.1242E-06  1.5317E-10 -1.4136E-08
  5.1887E-03 -2.1802E-06  1.5748E-10 -1.4534E-08
  5.2248E-03 -2.2377E-06  1.6192E-10 -1.4943E-08
  5.2612E-03 -2.2967E-06  1.6647E-10 -1.5364E-08
  5.2978E-03 -2.3572E-06  1.7116E-10 -1.5796E-08
  5.3347E-03 -2.4193E-06  1.7598E-10 -1.6241E-08
  5.3719E-03 -2.4830E-06  1.8093E-10 -1.6698E-08
  5.4093E-03 -2.5485E-06  1.8602E-10 -1.7168E-08
  5.4469E-03 -2.6156E-06  1.9126E-10 -1.7651E-08
  5.4848E-03 -2.6844E-06  1.9664E-10 -1.8148E-08
  5.5230E-03 -2.7551E-06  2.0217E-10 -1.8658E-08
  5.5614E-03 -2.8277E-06  2.0786E-10 -1.9183E-08
  5.6001E-03 -2.9021E-06  2.1370E-10 -1.9722E-08
  5.6391E-03 -2.9785E-06  2.1971E-10 -2.0277E-08
  5.6783E-03 -3.0569E-06  2.2589E-10 -2.0847E-08
  5.7178E-03 -3.1373E-06  2.3224E-10 -2.1433E-08
  5.7576E-03 -3.2198E-06  2.3877E-10 -2.2036E-08
  5.7976E-03 -3.3045E-06  2.4548E-10 -2.2655E-08
  5.8379E-03 -3.3914E-06  2.5238E-10 -2.3292E-08
  5.8785E-03 -3.4806E-06  2.5947E-10 -2.3946E-08
  5.9194E-03 -3.5721E-06  2.6676E-10 -2.4619E-08
  5.9605E-03 -3.6660E-06  2.7425E-10 -2.5311E-08
  6.0020E-03 -3.7624E-06  2.8196E-10 -2.6022E-08
  6.0437E-03 -3.8613E-06  2.8988E-10 -2.6753E-08
  6.0857E-03 -3.9627E-06  2.9802E-10 -2.7504E-08
  6.1279E-03 -4.0668E-06  3.0639E-10 -2.8276E-08
  6.1705E-03 -4.1737E-06  3.1499E-10 -2.9070E-08
  6.2134E-03 -4.2833E-06  3.2383E-10 -2.9887E-08
  6.2565E-03 -4.3958E-06  3.3292E-10 -3.0726E-08
  6.3000E-03 -4.5112E-06  3.4227E-10 -3.1588E-08
  6.3437E-03 -4.6296E-06  3.5188E-10 -3.2475E-08
  6.3878E-03 -4.7511E-06  3.6175E-10 -3.3386E-08
  6.4321E-03 -4.8758E-06  3.7190E-10 -3.4323E-08
  6.4768E-03 -5.0038E-06  3.8234E-10 -3.5286E-08
  6.5217E-03 -5.1350E-06  3.9306E-10 -3.6276E-08
  6.5670E-03 -5.2697E-06  4.0409E-10 -3.7293E-08
  6.6126E-03 -5.4079E-06  4.1542E-10 -3.8339E-08
  6.6585E-03 -5.5498E-06  4.2708E-10 -3.9415E-08
  6.7047E-03 -5.6953E-06  4.3905E-10 -4.0520E-08
  6.7512E-03 -5.8446E-06  4.5136E-10 -4.1656E-08
  6.7980E-03 -5.9978E-06  4.6402E-10 -4.2824E-08
  6.8452E-03 -6.1549E-06  4.7703E-10 -4.4025E-08
  6.8926E-03 -6.3162E-06  4.9040E-10 -4.5259E-08
  6.9404E-03 -6.4817E-06  5.0415E-10 -4.6528E-08
  6.9886E-03 -6.6514E-06  5.1828E-10 -4.7832E-08
  7.0370E-03 -6.8256E-06  5.3280E-10 -4.9172E-08
  7.0858E-03 -7.0043E-06  5.4773E-10 -5.0550E-08
  7.1349E-03 -7.1877E-06  5.6308E-10 -5.1966E-08
  7.1844E-03 -7.3758E-06  5.7886E-10 -5.3422E-08
  7.2342E-03 -7.5688E-06  5.9507E-10 -5.4919E-08
  7.2843E-03 -7.7669E-06  6.1174E-10 -5.6457E-08
  7.3348E-03 -7.9701E-06  6.2887E-10 -5.8039E-08
  7.3856E-03 -8.1785E-06  6.4649E-10 -5.9664E-08
  7.4368E-03 -8.3924E-06  6.6459E-10 -6.1335E-08
  7.4883E-03 -8.6118E-06  6.8320E-10 -6.3052E-08
  7.5402E-03 -8.8369E-06  7.0233E-10 -6.4818E-08
  7.5924E-03 -9.0679E-06  7.2199E-10 -6.6633E-08
  7.6450E-03 -9.3049E-06  7.4220E-10 -6.8498E-08
  7.6980E-03 -9.5480E-06  7.6298E-10 -7.0415E-08
  7.7513E-03 -9.7974E-06  7.8434E-10 -7.2386E-08
  7.8050E-03 -1.0053E-05  8.0629E-10 -7.4412E-08
  7.8590E-03 -1.0316E-05  8.2885E-10 -7.6494E-08
  7.9134E-03 -1.0585E-05  8.5204E-10 -7.8635E-08
  7.9682E-03 -1.0861E-05  8.7588E-10 -8.0835E-08
  8.0234E-03 -1.1145E-05  9.0039E-10 -8.3097E-08
  8.0789E-03 -1.1436E-05  9.2558E-10 -8.5421E-08
  8.1348E-03 -1.1734E-05  9.5147E-10 -8.7811E-08
  8.1911E-03 -1.2040E-05  9.7808E-10 -9.0267E-08
  8.2478E-03 -1.2354E-05  1.0054E-09 -9.2792E-08
  8.3049E-03 -1.2676E-05  1.0336E-09 -9.5387E-08
  8.3623E-03 -1.3006E-05  1.0625E-09 -9.8054E-08
  8.4202E-03 -1.3345E-05  1.0922E-09 -1.0080E-07
  8.4784E-03 -1.3693E-05  1.1227E-09 -1.0361E-07
  8.5371E-03 -1.4049E-05  1.1541E-09 -1.0651E-07
  8.5961E-03 -1.4415E-05  1.1864E-09 -1.0949E-07
  8.6556E-03 -1.4791E-05  1.2195E-09 -1.1255E-07
  8.7154E-03 -1.5176E-05  1.2536E-09 -1.1569E-07
  8.7757E-03 -1.5571E-05  1.2886E-09 -1.1893E-07
  8.8364E-03 -1.5976E-05  1.3246E-09 -1.2225E-07
  8.8975E-03 -1.6391E-05  1.3617E-09 -1.2567E-07
  8.9590E-03 -1.6817E-05  1.3997E-09 -1.2918E-07
  9.0209E-03 -1.7255E-05  1.4388E-09 -1.3279E-07
  9.0833E-03 -1.7703E-05  1.4790E-09 -1.3650E-07
  9.1461E-03 -1.8163E-05  1.5203E-09 -1.4031E-07
  9.2093E-03 -1.8635E-05  1.5628E-09 -1.4423E-07
  9.2729E-03 -1.9119E-05  1.6065E-09 -1.4826E-07
  9.3370E-03 -1.9616E-05  1.6513E-09 -1.5240E-07
  9.4015E-03 -2.0125E-05  1.6974E-09 -1.5666E-07
  9.4665E-03 -2.0648E-05  1.7449E-09 -1.6103E-07
  9.5319E-03 -2.1184E-05  1.7936E-09 -1.6553E-07
  9.5977E-03 -2.1733E-05  1.8437E-09 -1.7015E-07
  9.6640E-03 -2.2297E-05  1.8951E-09 -1.7490E-07
  9.7308E-03 -2.2875E-05  1.9480E-09 -1.7978E-07
  9.7980E-03 -2.3468E-05  2.0024E-09 -1.8480E-07
  9.8657E-03 -2.4077E-05  2.0583E-09 -1.8996E-07
  9.9338E-03 -2.4700E-05  2.1158E-09 -1.9526E-07
  1.0002E-02 -2.5340E-05  2.1748E-09 -2.0071E-07
  1.0072E-02 -2.5997E-05  2.2355E-09 -2.0632E-07
  1.0141E-02 -2.6670E-05  2.2979E-09 -2.1207E-07
  1.0211E-02 -2.7360E-05  2.3620E-09 -2.1799E-07
  1.0282E-02 -2.8068E-05  2.4279E-09 -2.2407E-07
  1.0353E-02 -2.8794E-05  2.4957E-09 -2.3033E-07
  1.0424E-02 -2.9539E-05  2.5653E-09 -2.3675E-07
  1.0496E-02 -3.0303E-05  2.6369E-09 -2.4336E-07
  1.0568E-02 -3.1087E-05  2.7104E-09 -2.5015E-07
  1.0641E-02 -3.1890E-05  2.7860E-09 -2.5712E-07
  1.0715E-02 -3.2714E-05  2.8638E-09 -2.6430E-07
  1.0789E-02 -3.3559E-05  2.9436E-09 -2.7167E-07
  1.0863E-02 -3.4426E-05  3.0257E-09 -2.7924E-07
  1.0938E-02 -3.5314E-05  3.1101E-09 -2.8703E-07
  1.1014E-02 -3.6226E-05  3.1968E-09 -2.9504E-07
  1.1090E-02 -3.7160E-05  3.2860E-09 -3.0326E-07
  1.1166E-02 -3.8119E-05  3.3776E-09 -3.1172E-07
  1.1243E-02 -3.9102E-05  3.4718E-09 -3.2041E-07
  1.1321E-02 -4.0110E-05  3.5686E-09 -3.2934E-07
  1.1399E-02 -4.1143E-05  3.6680E-09 -3.3852E-07
  1.1477E-02 -4.2203E-05  3.7703E-09 -3.4796E-07
  1.1557E-02 -4.3290E-05  3.8754E-09 -3.5766E-07
  1.1636E-02 -4.4405E-05  3.9834E-09 -3.6763E-07
  1.1717E-02 -4.5548E-05  4.0944E-09 -3.7787E-07
  1.1797E-02 -4.6720E-05  4.2085E-09 -3.8841E-07
  1.1879E-02 -4.7922E-05  4.3258E-09 -3.9923E-07
  1.1961E-02 -4.9154E-05  4.4464E-09 -4.1036E-07
  1.2043E-02 -5.0418E-05  4.5703E-09 -4.2179E-07
  1.2126E-02 -5.1714E-05  4.6976E-09 -4.3354E-07
  1.2210E-02 -5.3042E-05  4.8285E-09 -4.4562E-07
  1.2294E-02 -5.4405E-05  4.9630E-09 -4.5804E-07
  1.2379E-02 -5.5801E-05  5.1013E-09 -4.7080E-07
  1.2464E-02 -5.7234E-05  5.2434E-09 -4.8391E-07
  1.2550E-02 -5.8702E-05  5.3894E-09 -4.9739E-07
  1.2636E-02 -6.0208E-05  5.5395E-09 -5.1125E-07
  1.2723E-02 -6.1751E-05  5.6938E-09 -5.2549E-07
  1.2811E-02 -6.3334E-05  5.8524E-09 -5.4012E-07
  1.2899E-02 -6.4957E-05  6.0154E-09 -5.5516E-07
  1.2988E-02 -6.6621E-05  6.1829E-09 -5.7062E-07
  1.3078E-02 -6.8327E-05  6.3551E-09 -5.8651E-07
  1.3168E-02 -7.0076E-05  6.5321E-09 -6.0285E-07
  1.3259E-02 -7.1869E-05  6.7139E-09 -6.1963E-07
  1.3350E-02 -7.3707E-05  6.9009E-09 -6.3688E-07
  1.3442E-02 -7.5592E-05  7.0930E-09 -6.5462E-07
  1.3534E-02 -7.7524E-05  7.2905E-09 -6.7284E-07
  1.3628E-02 -7.9505E-05  7.4934E-09 -6.9157E-07
  1.3722E-02 -8.1535E-05  7.7020E-09 -7.1082E-07
  1.3816E-02 -8.3617E-05  7.9164E-09 -7.3061E-07
  1.3911E-02 -8.5751E-05  8.1368E-09 -7.5095E-07
  1.4007E-02 -8.7939E-05  8.3632E-09 -7.7185E-07
  1.4104E-02 -9.0182E-05  8.5960E-09 -7.9333E-07
  1.4201E-02 -9.2481E-05  8.8352E-09 -8.1541E-07
  1.4298E-02 -9.4838E-05  9.0811E-09 -8.3810E-07
  1.4397E-02 -9.7253E-05  9.3338E-09 -8.6142E-07
  1.4496E-02 -9.9730E-05  9.5936E-09 -8.8539E-07
  1.4596E-02 -1.0227E-04  9.8605E-09 -9.1003E-07
  1.4696E-02 -1.0487E-04  1.0135E-08 -9.3535E-07
  1.4797E-02 -1.0754E-04  1.0417E-08 -9.6138E-07
  1.4899E-02 -1.1027E-04  1.0707E-08 -9.8812E-07
  1.5002E-02 -1.1307E-04  1.1005E-08 -1.0156E-06
  1.5105E-02 -1.1595E-04  1.1311E-08 -1.0439E-06
  1.5209E-02 -1.1889E-04  1.1625E-08 -1.0729E-06
  1.5314E-02 -1.2191E-04  1.1949E-08 -1.1027E-06
  1.5419E-02 -1.2500E-04  1.2281E-08 -1.1334E-06
  1.5525E-02 -1.2817E-04  1.2623E-08 -1.1649E-06
  1.5632E-02 -1.3142E-04  1.2974E-08 -1.1973E-06
  1.5740E-02 -1.3475E-04  1.3334E-08 -1.2306E-06
  1.5848E-02 -1.3816E-04  1.3705E-08 -1.2649E-06
  1.5957E-02 -1.4166E-04  1.4086E-08 -1.3000E-06
  1.6067E-02 -1.4525E-04  1.4478E-08 -1.3362E-06
  1.6178E-02 -1.4892E-04  1.4881E-08 -1.3734E-06
  1.6289E-02 -1.5269E-04  1.5295E-08 -1.4115E-06
  1.6401E-02 -1.5655E-04  1.5720E-08 -1.4508E-06
  1.6514E-02 -1.6050E-04  1.6157E-08 -1.4911E-06
  1.6627E-02 -1.6455E-04  1.6606E-08 -1.5326E-06
  1.6742E-02 -1.6871E-04  1.7068E-08 -1.5752E-06
  1.6857E-02 -1.7296E-04  1.7542E-08 -1.6190E-06
  1.6973E-02 -1.7732E-04  1.8030E-08 -1.6640E-06
  1.7090E-02 -1.8179E-04  1.8531E-08 -1.7102E-06
  1.7207E-02 -1.8637E-04  1.9046E-08 -1.7578E-06
  1.7325E-02 -1.9107E-04  1.9576E-08 -1.8066E-06
  1.7445E-02 -1.9587E-04  2.0120E-08 -1.8569E-06
  1.7565E-02 -2.0080E-04  2.0679E-08 -1.9085E-06
  1.7685E-02 -2.0585E-04  2.1254E-08 -1.9615E-06
  1.7807E-02 -2.1102E-04  2.1844E-08 -2.0160E-06
  1.7930E-02 -2.1632E-04  2.2451E-08 -2.0721E-06
  1.8053E-02 -2.2176E-04  2.3075E-08 -2.1296E-06
  1.8177E-02 -2.2732E-04  2.3716E-08 -2.1888E-06
  1.8302E-02 -2.3302E-04  2.4375E-08 -2.2496E-06
  1.8428E-02 -2.3886E-04  2.5053E-08 -2.3121E-06
  1.8554E-02 -2.4485E-04  2.5749E-08 -2.3764E-06
  1.8682E-02 -2.5098E-04  2.6464E-08 -2.4424E-06
  1.8810E-02 -2.5726E-04  2.7200E-08 -2.5103E-06
  1.8940E-02 -2.6370E-04  2.7955E-08 -2.5800E-06
  1.9070E-02 -2.7029E-04  2.8732E-08 -2.6517E-06
  1.9201E-02 -2.7705E-04  2.9530E-08 -2.7254E-06
  1.9333E-02 -2.8397E-04  3.0350E-08 -2.8011E-06
  1.9466E-02 -2.9106E-04  3.1193E-08 -2.8789E-06
  1.9600E-02 -2.9832E-04  3.2060E-08 -2.9588E-06
  1.9734E-02 -3.0576E-04  3.2950E-08 -3.0410E-06
  1.9870E-02 -3.1338E-04  3.3866E-08 -3.1255E-06
  2.0007E-02 -3.2119E-04  3.4806E-08 -3.2123E-06
  2.0144E-02 -3.2918E-04  3.5773E-08 -3.3015E-06
  2.0283E-02 -3.3737E-04  3.6766E-08 -3.3932E-06
  2.0422E-02 -3.4576E-04  3.7787E-08 -3.4875E-06
  2.0562E-02 -3.5436E-04  3.8837E-08 -3.5843E-06
  2.0704E-02 -3.6316E-04  3.9915E-08 -3.6838E-06
  2.0846E-02 -3.7217E-04  4.1024E-08 -3.7861E-06
  2.0989E-02 -3.8141E-04  4.2163E-08 -3.8913E-06
  2.1133E-02 -3.9087E-04  4.3334E-08 -3.9993E-06
  2.1279E-02 -4.0055E-04  4.4537E-08 -4.1104E-06
  2.1425E-02 -4.1047E-04  4.5773E-08 -4.2245E-06
  2.1572E-02 -4.2063E-04  4.7044E-08 -4.3418E-06
  2.1720E-02 -4.3104E-04  4.8350E-08 -4.4623E-06
  2.1869E-02 -4.4169E-04  4.9693E-08 -4.5862E-06
  2.2020E-02 -4.5261E-04  5.1072E-08 -4.7135E-06
  2.2171E-02 -4.6378E-04  5.2490E-08 -4.8444E-06
  2.2323E-02 -4.7523E-04  5.3947E-08 -4.9789E-06
  2.2477E-02 -4.8695E-04  5.5445E-08 -5.1171E-06
  2.2631E-02 -4.9895E-04  5.6984E-08 -5.2591E-06
  2.2786E-02 -5.1124E-04  5.8565E-08 -5.4051E-06
  2.2943E-02 -5.2382E-04  6.0191E-08 -5.5551E-06
  2.3100E-02 -5.3671E-04  6.1862E-08 -5.7093E-06
  2.3259E-02 -5.4990E-04  6.3578E-08 -5.8678E-06
  2.3419E-02 -5.6341E-04  6.5343E-08 -6.0306E-06
  2.3580E-02 -5.7724E-04  6.7157E-08 -6.1980E-06
  2.3742E-02 -5.9141E-04  6.9020E-08 -6.3700E-06
  2.3905E-02 -6.0591E-04  7.0936E-08 -6.5468E-06
  2.4069E-02 -6.2075E-04  7.2904E-08 -6.7285E-06
  2.4234E-02 -6.3595E-04  7.4927E-08 -6.9152E-06
  2.4401E-02 -6.5151E-04  7.7006E-08 -7.1071E-06
  2.4568E-02 -6.6744E-04  7.9143E-08 -7.3043E-06
  2.4737E-02 -6.8375E-04  8.1339E-08 -7.5070E-06
  2.4907E-02 -7.0045E-04  8.3596E-08 -7.7153E-06
  2.5078E-02 -7.1754E-04  8.5916E-08 -7.9294E-06
  2.5250E-02 -7.3503E-04  8.8299E-08 -8.1494E-06
  2.5423E-02 -7.5294E-04  9.0749E-08 -8.3755E-06
  2.5598E-02 -7.7128E-04  9.3267E-08 -8.6079E-06
  2.5774E-02 -7.9004E-04  9.5854E-08 -8.8467E-06
  2.5950E-02 -8.0925E-04  9.8514E-08 -9.0921E-06
  2.6129E-02 -8.2891E-04  1.0125E-07 -9.3443E-06
  2.6308E-02 -8.4904E-04  1.0406E-07 -9.6035E-06
  2.6489E-02 -8.6964E-04  1.0694E-07 -9.8700E-06
  2.6670E-02 -8.9072E-04  1.0991E-07 -1.0144E-05
  2.6853E-02 -9.1229E-04  1.1296E-07 -1.0425E-05
  2.7038E-02 -9.3438E-04  1.1609E-07 -1.0714E-05
  2.7223E-02 -9.5698E-04  1.1931E-07 -1.1011E-05
  2.7410E-02 -9.8010E-04  1.2262E-07 -1.1317E-05
  2.7598E-02 -1.0038E-03  1.2602E-07 -1.1631E-05
  2.7788E-02 -1.0280E-03  1.2952E-07 -1.1953E-05
  2.7979E-02 -1.0528E-03  1.3311E-07 -1.2285E-05
  2.8171E-02 -1.0781E-03  1.3680E-07 -1.2626E-05
  2.8364E-02 -1.1041E-03  1.4059E-07 -1.2976E-05
  2.8559E-02 -1.1307E-03  1.4449E-07 -1.3336E-05
  2.8755E-02 -1.1578E-03  1.4850E-07 -1.3705E-05
  2.8952E-02 -1.1856E-03  1.5262E-07 -1.4085E-05
  2.9151E-02 -1.2141E-03  1.5685E-07 -1.4476E-05
  2.9351E-02 -1.2432E-03  1.6120E-07 -1.4878E-05
  2.9552E-02 -1.2730E-03  1.6567E-07 -1.5290E-05
  2.9755E-02 -1.3035E-03  1.7026E-07 -1.5714E-05
  2.9959E-02 -1.3346E-03  1.7498E-07 -1.6150E-05
  3.0165E-02 -1.3665E-03  1.7983E-07 -1.6598E-05
  3.0372E-02 -1.3991E-03  1.8482E-07 -1.7058E-05
  3.0580E-02 -1.4325E-03  1.8994E-07 -1.7531E-05
  3.0790E-02 -1.4667E-03  1.9521E-07 -1.8017E-05
  3.1001E-02 -1.5016E-03  2.0062E-07 -1.8516E-05
  3.1214E-02 -1.5373E-03  2.0618E-07 -1.9030E-05
  3.1428E-02 -1.5739E-03  2.1190E-07 -1.9557E-05
  3.1643E-02 -1.6112E-03  2.1777E-07 -2.0099E-05
  3.1861E-02 -1.6495E-03  2.2381E-07 -2.0656E-05
  3.2079E-02 -1.6886E-03  2.3001E-07 -2.1229E-05
  3.2299E-02 -1.7286E-03  2.3639E-07 -2.1818E-05
  3.2521E-02 -1.7695E-03  2.4294E-07 -2.2422E-05
  3.2744E-02 -1.8113E-03  2.4968E-07 -2.3044E-05
  3.2969E-02 -1.8541E-03  2.5660E-07 -2.3683E-05
  3.3195E-02 -1.8978E-03  2.6371E-07 -2.4339E-05
  3.3422E-02 -1.9426E-03  2.7102E-07 -2.5014E-05
  3.3652E-02 -1.9883E-03  2.7853E-07 -2.5707E-05
  3.3882E-02 -2.0351E-03  2.8625E-07 -2.6420E-05
  3.4115E-02 -2.0830E-03  2.9418E-07 -2.7152E-05
  3.4349E-02 -2.1319E-03  3.0234E-07 -2.7904E-05
  3.4584E-02 -2.1819E-03  3.1072E-07 -2.8678E-05
  3.4822E-02 -2.2331E-03  3.1933E-07 -2.9472E-05
  3.5061E-02 -2.2853E-03  3.2818E-07 -3.0289E-05
  3.5301E-02 -2.3388E-03  3.3727E-07 -3.1129E-05
  3.5543E-02 -2.3935E-03  3.4662E-07 -3.1991E-05
  3.5787E-02 -2.4493E-03  3.5622E-07 -3.2878E-05
  3.6032E-02 -2.5065E-03  3.6609E-07 -3.3789E-05
  3.6279E-02 -2.5649E-03  3.7624E-07 -3.4725E-05
  3.6528E-02 -2.6245E-03  3.8666E-07 -3.5687E-05
  3.6779E-02 -2.6856E-03  3.9738E-07 -3.6676E-05
  3.7031E-02 -2.7479E-03  4.0839E-07 -3.7692E-05
  3.7285E-02 -2.8117E-03  4.1970E-07 -3.8737E-05
  3.7541E-02 -2.8769E-03  4.3133E-07 -3.9810E-05
  3.7798E-02 -2.9435E-03  4.4328E-07 -4.0913E-05
  3.8057E-02 -3.0115E-03  4.5556E-07 -4.2047E-05
  3.8318E-02 -3.0811E-03  4.6818E-07 -4.3212E-05
  3.8581E-02 -3.1522E-03  4.8115E-07 -4.4409E-05
  3.8845E-02 -3.2249E-03  4.9448E-07 -4.5639E-05
  3.9112E-02 -3.2991E-03  5.0818E-07 -4.6904E-05
  3.9380E-02 -3.3750E-03  5.2226E-07 -4.8203E-05
  3.9650E-02 -3.4525E-03  5.3673E-07 -4.9538E-05
  3.9922E-02 -3.5318E-03  5.5160E-07 -5.0911E-05
  4.0196E-02 -3.6127E-03  5.6687E-07 -5.2321E-05
  4.0471E-02 -3.6954E-03  5.8258E-07 -5.3770E-05
  4.0749E-02 -3.7799E-03  5.9871E-07 -5.5260E-05
  4.1028E-02 -3.8663E-03  6.1530E-07 -5.6791E-05
  4.1309E-02 -3.9545E-03  6.3234E-07 -5.8364E-05
  4.1592E-02 -4.0446E-03  6.4986E-07 -5.9980E-05
  4.1878E-02 -4.1367E-03  6.6786E-07 -6.1642E-05
  4.2165E-02 -4.2307E-03  6.8635E-07 -6.3349E-05
  4.2454E-02 -4.3268E-03  7.0536E-07 -6.5104E-05
  4.2745E-02 -4.4249E-03  7.2490E-07 -6.6907E-05
  4.3038E-02 -4.5251E-03  7.4497E-07 -6.8760E-05
  4.3333E-02 -4.6275E-03  7.6561E-07 -7.0664E-05
  4.3630E-02 -4.7321E-03  7.8681E-07 -7.2621E-05
  4.3929E-02 -4.8389E-03  8.0860E-07 -7.4632E-05
  4.4230E-02 -4.9479E-03  8.3099E-07 -7.6699E-05
  4.4533E-02 -5.0593E-03  8.5400E-07 -7.8823E-05
  4.4839E-02 -5.1731E-03  8.7765E-07 -8.1006E-05
  4.5146E-02 -5.2892E-03  9.0196E-07 -8.3250E-05
  4.5455E-02 -5.4078E-03  9.2693E-07 -8.5555E-05
  4.5767E-02 -5.5289E-03  9.5260E-07 -8.7924E-05
  4.6081E-02 -5.6526E-03  9.7898E-07 -9.0359E-05
  4.6396E-02 -5.7788E-03  1.0061E-06 -9.2861E-05
  4.6714E-02 -5.9077E-03  1.0339E-06 -9.5432E-05
  4.7035E-02 -6.0393E-03  1.0626E-06 -9.8075E-05
  4.7357E-02 -6.1737E-03  1.0920E-06 -1.0079E-04
  4.7682E-02 -6.3108E-03  1.1222E-06 -1.0358E-04
  4.8008E-02 -6.4509E-03  1.1533E-06 -1.0645E-04
  4.8337E-02 -6.5938E-03  1.1852E-06 -1.0940E-04
  4.8669E-02 -6.7397E-03  1.2180E-06 -1.1243E-04
  4.9002E-02 -6.8886E-03  1.2518E-06 -1.1554E-04
  4.9338E-02 -7.0405E-03  1.2864E-06 -1.1874E-04
  4.9676E-02 -7.1957E-03  1.3220E-06 -1.2202E-04
  5.0017E-02 -7.3540E-03  1.3586E-06 -1.2540E-04
  5.0359E-02 -7.5155E-03  1.3962E-06 -1.2887E-04
  5.0704E-02 -7.6804E-03  1.4349E-06 -1.3244E-04
  5.1052E-02 -7.8486E-03  1.4746E-06 -1.3611E-04
  5.1402E-02 -8.0203E-03  1.5154E-06 -1.3988E-04
  5.1754E-02 -8.1955E-03  1.5574E-06 -1.4375E-04
  5.2109E-02 -8.3742E-03  1.6005E-06 -1.4773E-04
  5.2466E-02 -8.5566E-03  1.6448E-06 -1.5182E-04
  5.2825E-02 -8.7426E-03  1.6903E-06 -1.5602E-04
  5.3187E-02 -8.9324E-03  1.7371E-06 -1.6034E-04
  5.3552E-02 -9.1260E-03  1.7852E-06 -1.6478E-04
  5.3919E-02 -9.3236E-03  1.8346E-06 -1.6934E-04
  5.4288E-02 -9.5251E-03  1.8854E-06 -1.7402E-04
  5.4660E-02 -9.7306E-03  1.9375E-06 -1.7884E-04
  5.5034E-02 -9.9402E-03  1.9912E-06 -1.8379E-04
  5.5412E-02 -1.0154E-02  2.0463E-06 -1.8888E-04
  5.5791E-02 -1.0372E-02  2.1029E-06 -1.9411E-04
  5.6173E-02 -1.0594E-02  2.1611E-06 -1.9948E-04
  5.6558E-02 -1.0821E-02  2.2209E-06 -2.0500E-04
  5.6946E-02 -1.1052E-02  2.2824E-06 -2.1067E-04
  5.7336E-02 -1.1288E-02  2.3455E-06 -2.1650E-04
  5.7729E-02 -1.1529E-02  2.4104E-06 -2.2249E-04
  5.8124E-02 -1.1774E-02  2.4771E-06 -2.2865E-04
  5.8523E-02 -1.2024E-02  2.5457E-06 -2.3498E-04
  5.8924E-02 -1.2279E-02  2.6161E-06 -2.4148E-04
  5.9327E-02 -1.2538E-02  2.6885E-06 -2.4816E-04
  5.9734E-02 -1.2803E-02  2.7629E-06 -2.5503E-04
  6.0143E-02 -1.3073E-02  2.8393E-06 -2.6209E-04
  6.0555E-02 -1.3348E-02  2.9179E-06 -2.6934E-04
  6.0970E-02 -1.3629E-02  2.9986E-06 -2.7679E-04
  6.1387E-02 -1.3915E-02  3.0816E-06 -2.8445E-04
  6.1808E-02 -1.4206E-02  3.1668E-06 -2.9232E-04
  6.2231E-02 -1.4503E-02  3.2545E-06 -3.0041E-04
  6.2658E-02 -1.4806E-02  3.3445E-06 -3.0872E-04
  6.3087E-02 -1.5114E-02  3.4370E-06 -3.1726E-04
  6.3519E-02 -1.5428E-02  3.5321E-06 -3.2604E-04
  6.3954E-02 -1.5748E-02  3.6298E-06 -3.3506E-04
  6.4392E-02 -1.6075E-02  3.7302E-06 -3.4433E-04
  6.4833E-02 -1.6407E-02  3.8334E-06 -3.5386E-04
  6.5277E-02 -1.6746E-02  3.9395E-06 -3.6365E-04
  6.5725E-02 -1.7090E-02  4.0484E-06 -3.7371E-04
  6.6175E-02 -1.7442E-02  4.1604E-06 -3.8404E-04
  6.6628E-02 -1.7800E-02  4.2755E-06 -3.9467E-04
  6.7084E-02 -1.8164E-02  4.3938E-06 -4.0559E-04
  6.7544E-02 -1.8535E-02  4.5153E-06 -4.1681E-04
  6.8007E-02 -1.8914E-02  4.6402E-06 -4.2834E-04
  6.8472E-02 -1.9299E-02  4.7685E-06 -4.4018E-04
  6.8941E-02 -1.9691E-02  4.9004E-06 -4.5236E-04
  6.9414E-02 -2.0090E-02  5.0359E-06 -4.6487E-04
  6.9889E-02 -2.0497E-02  5.1752E-06 -4.7773E-04
  7.0368E-02 -2.0911E-02  5.3183E-06 -4.9094E-04
  7.0850E-02 -2.1332E-02  5.4654E-06 -5.0452E-04
  7.1335E-02 -2.1761E-02  5.6166E-06 -5.1848E-04
  7.1824E-02 -2.2198E-02  5.7719E-06 -5.3282E-04
  7.2315E-02 -2.2643E-02  5.9315E-06 -5.4755E-04
  7.2811E-02 -2.3095E-02  6.0955E-06 -5.6270E-04
  7.3309E-02 -2.3556E-02  6.2641E-06 -5.7826E-04
  7.3812E-02 -2.4025E-02  6.4373E-06 -5.9425E-04
  7.4317E-02 -2.4502E-02  6.6153E-06 -6.1068E-04
  7.4826E-02 -2.4988E-02  6.7982E-06 -6.2757E-04
  7.5338E-02 -2.5482E-02  6.9862E-06 -6.4492E-04
  7.5854E-02 -2.5985E-02  7.1793E-06 -6.6276E-04
  7.6374E-02 -2.6497E-02  7.3778E-06 -6.8109E-04
  7.6897E-02 -2.7017E-02  7.5818E-06 -6.9992E-04
  7.7424E-02 -2.7547E-02  7.7914E-06 -7.1927E-04
  7.7954E-02 -2.8086E-02  8.0069E-06 -7.3916E-04
  7.8488E-02 -2.8634E-02  8.2282E-06 -7.5960E-04
  7.9025E-02 -2.9191E-02  8.4557E-06 -7.8060E-04
  7.9566E-02 -2.9758E-02  8.6894E-06 -8.0218E-04
  8.0111E-02 -3.0335E-02  8.9297E-06 -8.2436E-04
  8.0660E-02 -3.0922E-02  9.1765E-06 -8.4715E-04
  8.1212E-02 -3.1518E-02  9.4302E-06 -8.7057E-04
  8.1768E-02 -3.2125E-02  9.6908E-06 -8.9464E-04
  8.2328E-02 -3.2742E-02  9.9587E-06 -9.1937E-04
  8.2892E-02 -3.3369E-02  1.0234E-05 -9.4479E-04
  8.3460E-02 -3.4006E-02  1.0517E-05 -9.7091E-04
  8.4031E-02 -3.4654E-02  1.0808E-05 -9.9775E-04
  8.4607E-02 -3.5313E-02  1.1106E-05 -1.0253E-03
  8.5186E-02 -3.5983E-02  1.1413E-05 -1.0537E-03
  8.5769E-02 -3.6664E-02  1.1729E-05 -1.0828E-03
  8.6357E-02 -3.7356E-02  1.2053E-05 -1.1127E-03
  8.6948E-02 -3.8059E-02  1.2386E-05 -1.1435E-03
  8.7543E-02 -3.8774E-02  1.2728E-05 -1.1751E-03
  8.8143E-02 -3.9500E-02  1.3080E-05 -1.2076E-03
  8.8746E-02 -4.0238E-02  1.3441E-05 -1.2409E-03
  8.9354E-02 -4.0988E-02  1.3813E-05 -1.2752E-03
  8.9966E-02 -4.1750E-02  1.4194E-05 -1.3105E-03
  9.0582E-02 -4.2524E-02  1.4587E-05 -1.3467E-03
  9.1202E-02 -4.3310E-02  1.4990E-05 -1.3839E-03
  9.1826E-02 -4.4108E-02  1.5404E-05 -1.4222E-03
  9.2455E-02 -4.4919E-02  1.5830E-05 -1.4615E-03
  9.3088E-02 -4.5743E-02  1.6267E-05 -1.5018E-03
  9.3726E-02 -4.6580E-02  1.6716E-05 -1.5433E-03
  9.4367E-02 -4.7429E-02  1.7178E-05 -1.5860E-03
  9.5013E-02 -4.8292E-02  1.7653E-05 -1.6298E-03
  9.5664E-02 -4.9168E-02  1.8140E-05 -1.6748E-03
  9.6319E-02 -5.0057E-02  1.8642E-05 -1.7211E-03
  9.6978E-02 -5.0960E-02  1.9156E-05 -1.7687E-03
  9.7642E-02 -5.1876E-02  1.9686E-05 -1.8175E-03
  9.8311E-02 -5.2806E-02  2.0229E-05 -1.8678E-03
  9.8984E-02 -5.3751E-02  2.0788E-05 -1.9194E-03
  9.9662E-02 -5.4709E-02  2.1362E-05 -1.9724E-03
  1.0034E-01 -5.5681E-02  2.1952E-05 -2.0269E-03
  1.0103E-01 -5.6668E-02  2.2559E-05 -2.0829E-03
  1.0172E-01 -5.7670E-02  2.3182E-05 -2.1404E-03
  1.0242E-01 -5.8686E-02  2.3822E-05 -2.1995E-03
  1.0312E-01 -5.9716E-02  2.4480E-05 -2.2603E-03
  1.0383E-01 -6.0762E-02  2.5156E-05 -2.3227E-03
  1.0454E-01 -6.1823E-02  2.5851E-05 -2.3868E-03
  1.0525E-01 -6.2898E-02  2.6564E-05 -2.4528E-03
  1.0597E-01 -6.3990E-02  2.7298E-05 -2.5205E-03
  1.0670E-01 -6.5096E-02  2.8052E-05 -2.5901E-03
  1.0743E-01 -6.6218E-02  2.8826E-05 -2.6616E-03
  1.0816E-01 -6.7356E-02  2.9622E-05 -2.7351E-03
  1.0891E-01 -6.8510E-02  3.0440E-05 -2.8107E-03
  1.0965E-01 -6.9680E-02  3.1280E-05 -2.8883E-03
  1.1040E-01 -7.0865E-02  3.2144E-05 -2.9680E-03
  1.1116E-01 -7.2067E-02  3.3031E-05 -3.0500E-03
  1.1192E-01 -7.3285E-02  3.3943E-05 -3.1342E-03
  1.1268E-01 -7.4520E-02  3.4880E-05 -3.2207E-03
  1.1346E-01 -7.5771E-02  3.5843E-05 -3.3097E-03
  1.1423E-01 -7.7039E-02  3.6832E-05 -3.4010E-03
  1.1501E-01 -7.8324E-02  3.7849E-05 -3.4949E-03
  1.1580E-01 -7.9626E-02  3.8894E-05 -3.5914E-03
  1.1659E-01 -8.0945E-02  3.9967E-05 -3.6905E-03
  1.1739E-01 -8.2280E-02  4.1070E-05 -3.7924E-03
  1.1820E-01 -8.3633E-02  4.2204E-05 -3.8971E-03
  1.1901E-01 -8.5004E-02  4.3368E-05 -4.0047E-03
  1.1982E-01 -8.6392E-02  4.4565E-05 -4.1152E-03
  1.2064E-01 -8.7797E-02  4.5795E-05 -4.2288E-03
  1.2147E-01 -8.9220E-02  4.7059E-05 -4.3455E-03
  1.2230E-01 -9.0661E-02  4.8357E-05 -4.4654E-03
  1.2313E-01 -9.2120E-02  4.9691E-05 -4.5886E-03
  1.2398E-01 -9.3596E-02  5.1062E-05 -4.7152E-03
  1.2483E-01 -9.5091E-02  5.2471E-05 -4.8454E-03
  1.2568E-01 -9.6603E-02  5.3918E-05 -4.9790E-03
  1.2654E-01 -9.8134E-02  5.5406E-05 -5.1164E-03
  1.2741E-01 -9.9683E-02  5.6934E-05 -5.2576E-03
  1.2828E-01 -1.0125E-01  5.8505E-05 -5.4026E-03
  1.2916E-01 -1.0284E-01  6.0118E-05 -5.5517E-03
  1.3004E-01 -1.0444E-01  6.1777E-05 -5.7048E-03
  1.3093E-01 -1.0606E-01  6.3480E-05 -5.8622E-03
  1.3183E-01 -1.0770E-01  6.5231E-05 -6.0239E-03
  1.3273E-01 -1.0936E-01  6.7030E-05 -6.1900E-03
  1.3364E-01 -1.1104E-01  6.8878E-05 -6.3608E-03
  1.3455E-01 -1.1274E-01  7.0778E-05 -6.5362E-03
  1.3547E-01 -1.1446E-01  7.2729E-05 -6.7165E-03
  1.3640E-01 -1.1619E-01  7.4735E-05 -6.9017E-03
  1.3733E-01 -1.1794E-01  7.6795E-05 -7.0920E-03
  1.3827E-01 -1.1972E-01  7.8912E-05 -7.2875E-03
  1.3922E-01 -1.2151E-01  8.1088E-05 -7.4885E-03
  1.4017E-01 -1.2332E-01  8.3323E-05 -7.6949E-03
  1.4113E-01 -1.2515E-01  8.5620E-05 -7.9071E-03
  1.4210E-01 -1.2699E-01  8.7980E-05 -8.1251E-03
  1.4307E-01 -1.2886E-01  9.0405E-05 -8.3490E-03
  1.4405E-01 -1.3075E-01  9.2897E-05 -8.5792E-03
  1.4504E-01 -1.3265E-01  9.5457E-05 -8.8156E-03
  1.4603E-01 -1.3457E-01  9.8087E-05 -9.0586E-03
  1.4703E-01 -1.3652E-01  1.0079E-04 -9.3083E-03
  1.4804E-01 -1.3848E-01  1.0357E-04 -9.5648E-03
  1.4905E-01 -1.4046E-01  1.0642E-04 -9.8284E-03
  1.5007E-01 -1.4246E-01  1.0935E-04 -1.0099E-02
  1.5110E-01 -1.4447E-01  1.1237E-04 -1.0377E-02
  1.5213E-01 -1.4651E-01  1.1546E-04 -1.0663E-02
  1.5317E-01 -1.4856E-01  1.1864E-04 -1.0957E-02
  1.5422E-01 -1.5064E-01  1.2191E-04 -1.1259E-02
  1.5528E-01 -1.5273E-01  1.2527E-04 -1.1569E-02
  1.5634E-01 -1.5484E-01  1.2872E-04 -1.1888E-02
  1.5741E-01 -1.5697E-01  1.3226E-04 -1.2215E-02
  1.5849E-01 -1.5911E-01  1.3591E-04 -1.2552E-02
  1.5957E-01 -1.6128E-01  1.3965E-04 -1.2897E-02
  1.6066E-01 -1.6346E-01  1.4349E-04 -1.3252E-02
  1.6176E-01 -1.6566E-01  1.4744E-04 -1.3617E-02
  1.6287E-01 -1.6788E-01  1.5150E-04 -1.3992E-02
  1.6398E-01 -1.7012E-01  1.5567E-04 -1.4377E-02
  1.6511E-01 -1.7237E-01  1.5996E-04 -1.4773E-02
  1.6624E-01 -1.7464E-01  1.6436E-04 -1.5180E-02
  1.6737E-01 -1.7693E-01  1.6889E-04 -1.5598E-02
  1.6852E-01 -1.7924E-01  1.7353E-04 -1.6027E-02
  1.6967E-01 -1.8156E-01  1.7831E-04 -1.6468E-02
  1.7083E-01 -1.8390E-01  1.8322E-04 -1.6921E-02
  1.7200E-01 -1.8625E-01  1.8826E-04 -1.7387E-02
  1.7318E-01 -1.8863E-01  1.9344E-04 -1.7865E-02
  1.7436E-01 -1.9102E-01  1.9876E-04 -1.8356E-02
  1.7556E-01 -1.9342E-01  2.0423E-04 -1.8861E-02
  1.7676E-01 -1.9584E-01  2.0985E-04 -1.9380E-02
  1.7797E-01 -1.9828E-01  2.1562E-04 -1.9913E-02
  1.7919E-01 -2.0073E-01  2.2155E-04 -2.0461E-02
  1.8041E-01 -2.0319E-01  2.2764E-04 -2.1023E-02
  1.8165E-01 -2.0567E-01  2.3390E-04 -2.1601E-02
  1.8289E-01 -2.0817E-01  2.4033E-04 -2.2195E-02
  1.8414E-01 -2.1068E-01  2.4694E-04 -2.2805E-02
  1.8540E-01 -2.1320E-01  2.5373E-04 -2.3432E-02
  1.8667E-01 -2.1574E-01  2.6070E-04 -2.4076E-02
  1.8795E-01 -2.1829E-01  2.6787E-04 -2.4737E-02
  1.8924E-01 -2.2086E-01  2.7523E-04 -2.5417E-02
  1.9053E-01 -2.2343E-01  2.8280E-04 -2.6115E-02
  1.9183E-01 -2.2602E-01  2.9057E-04 -2.6833E-02
  1.9315E-01 -2.2863E-01  2.9855E-04 -2.7570E-02
  1.9447E-01 -2.3124E-01  3.0675E-04 -2.8327E-02
  1.9580E-01 -2.3386E-01  3.1518E-04 -2.9105E-02
  1.9714E-01 -2.3650E-01  3.2384E-04 -2.9904E-02
  1.9849E-01 -2.3915E-01  3.3273E-04 -3.0725E-02
  1.9985E-01 -2.4181E-01  3.4187E-04 -3.1569E-02
  2.0121E-01 -2.4447E-01  3.5126E-04 -3.2435E-02
  2.0259E-01 -2.4715E-01  3.6090E-04 -3.3325E-02
  2.0398E-01 -2.4984E-01  3.7081E-04 -3.4240E-02
  2.0537E-01 -2.5253E-01  3.8099E-04 -3.5179E-02
  2.0678E-01 -2.5524E-01  3.9145E-04 -3.6144E-02
  2.0819E-01 -2.5795E-01  4.0220E-04 -3.7135E-02
  2.0962E-01 -2.6067E-01  4.1323E-04 -3.8154E-02
  2.1105E-01 -2.6339E-01  4.2457E-04 -3.9200E-02
  2.1250E-01 -2.6613E-01  4.3622E-04 -4.0275E-02
  2.1395E-01 -2.6887E-01  4.4819E-04 -4.1379E-02
  2.1542E-01 -2.7161E-01  4.6049E-04 -4.2513E-02
  2.1689E-01 -2.7436E-01  4.7312E-04 -4.3678E-02
  2.1837E-01 -2.7711E-01  4.8609E-04 -4.4875E-02
  2.1987E-01 -2.7987E-01  4.9942E-04 -4.6104E-02
  2.2137E-01 -2.8264E-01  5.1312E-04 -4.7367E-02
  2.2289E-01 -2.8540E-01  5.2718E-04 -4.8664E-02
  2.2441E-01 -2.8817E-01  5.4164E-04 -4.9997E-02
  2.2595E-01 -2.9094E-01  5.5648E-04 -5.1366E-02
  2.2749E-01 -2.9371E-01  5.7173E-04 -5.2772E-02
  2.2905E-01 -2.9648E-01  5.8740E-04 -5.4216E-02
  2.3062E-01 -2.9925E-01  6.0349E-04 -5.5700E-02
  2.3220E-01 -3.0203E-01  6.2003E-04 -5.7224E-02
  2.3379E-01 -3.0480E-01  6.3701E-04 -5.8789E-02
  2.3538E-01 -3.0757E-01  6.5446E-04 -6.0397E-02
  2.3700E-01 -3.1034E-01  6.7238E-04 -6.2048E-02
  2.3862E-01 -3.1310E-01  6.9079E-04 -6.3744E-02
  2.4025E-01 -3.1587E-01  7.0970E-04 -6.5486E-02
  2.4189E-01 -3.1863E-01  7.2913E-04 -6.7276E-02
  2.4355E-01 -3.2138E-01  7.4908E-04 -6.9114E-02
  2.4522E-01 -3.2413E-01  7.6958E-04 -7.1001E-02
  2.4689E-01 -3.2687E-01  7.9064E-04 -7.2940E-02
  2.4858E-01 -3.2961E-01  8.1227E-04 -7.4932E-02
  2.5028E-01 -3.3234E-01  8.3449E-04 -7.6977E-02
  2.5200E-01 -3.3506E-01  8.5731E-04 -7.9078E-02
  2.5372E-01 -3.3778E-01  8.8075E-04 -8.1235E-02
  2.5546E-01 -3.4048E-01  9.0483E-04 -8.3451E-02
  2.5720E-01 -3.4318E-01  9.2957E-04 -8.5727E-02
  2.5896E-01 -3.4586E-01  9.5497E-04 -8.8064E-02
  2.6074E-01 -3.4854E-01  9.8107E-04 -9.0464E-02
  2.6252E-01 -3.5120E-01  1.0079E-03 -9.2929E-02
  2.6432E-01 -3.5385E-01  1.0354E-03 -9.5461E-02
  2.6613E-01 -3.5648E-01  1.0637E-03 -9.8061E-02
  2.6795E-01 -3.5911E-01  1.0927E-03 -1.0073E-01
  2.6978E-01 -3.6172E-01  1.1226E-03 -1.0347E-01
  2.7163E-01 -3.6431E-01  1.1532E-03 -1.0629E-01
  2.7348E-01 -3.6689E-01  1.1847E-03 -1.0918E-01
  2.7536E-01 -3.6945E-01  1.2170E-03 -1.1215E-01
  2.7724E-01 -3.7199E-01  1.2502E-03 -1.1520E-01
  2.7914E-01 -3.7451E-01  1.2843E-03 -1.1833E-01
  2.8105E-01 -3.7702E-01  1.3194E-03 -1.2154E-01
  2.8297E-01 -3.7951E-01  1.3553E-03 -1.2484E-01
  2.8490E-01 -3.8197E-01  1.3923E-03 -1.2823E-01
  2.8685E-01 -3.8442E-01  1.4302E-03 -1.3171E-01
  2.8882E-01 -3.8684E-01  1.4692E-03 -1.3529E-01
  2.9079E-01 -3.8924E-01  1.5092E-03 -1.3896E-01
  2.9278E-01 -3.9162E-01  1.5504E-03 -1.4273E-01
  2.9479E-01 -3.9397E-01  1.5926E-03 -1.4659E-01
  2.9680E-01 -3.9630E-01  1.6360E-03 -1.5057E-01
  2.9883E-01 -3.9860E-01  1.6805E-03 -1.5464E-01
  3.0088E-01 -4.0088E-01  1.7262E-03 -1.5883E-01
  3.0294E-01 -4.0312E-01  1.7732E-03 -1.6313E-01
  3.0501E-01 -4.0535E-01  1.8214E-03 -1.6754E-01
  3.0710E-01 -4.0754E-01  1.8710E-03 -1.7207E-01
  3.0920E-01 -4.0970E-01  1.9219E-03 -1.7672E-01
  3.1131E-01 -4.1183E-01  1.9741E-03 -1.8150E-01
  3.1344E-01 -4.1394E-01  2.0278E-03 -1.8640E-01
  3.1559E-01 -4.1601E-01  2.0829E-03 -1.9143E-01
  3.1775E-01 -4.1804E-01  2.1395E-03 -1.9660E-01
  3.1992E-01 -4.2005E-01  2.1976E-03 -2.0190E-01
  3.2211E-01 -4.2202E-01  2.2572E-03 -2.0734E-01
  3.2431E-01 -4.2396E-01  2.3185E-03 -2.1293E-01
  3.2653E-01 -4.2586E-01  2.3814E-03 -2.1866E-01
  3.2877E-01 -4.2772E-01  2.4461E-03 -2.2455E-01
  3.3102E-01 -4.2955E-01  2.5124E-03 -2.3059E-01
  3.3328E-01 -4.3134E-01  2.5805E-03 -2.3679E-01
  3.3556E-01 -4.3309E-01  2.6505E-03 -2.4315E-01
  3.3786E-01 -4.3480E-01  2.7223E-03 -2.4968E-01
  3.4017E-01 -4.3647E-01  2.7961E-03 -2.5638E-01
  3.4250E-01 -4.3810E-01  2.8719E-03 -2.6326E-01
  3.4484E-01 -4.3969E-01  2.9496E-03 -2.7032E-01
  3.4720E-01 -4.4124E-01  3.0295E-03 -2.7756E-01
  3.4957E-01 -4.4274E-01  3.1115E-03 -2.8500E-01
  3.5197E-01 -4.4420E-01  3.1957E-03 -2.9263E-01
  3.5437E-01 -4.4562E-01  3.2821E-03 -3.0045E-01
  3.5680E-01 -4.4699E-01  3.3708E-03 -3.0848E-01
  3.5924E-01 -4.4831E-01  3.4620E-03 -3.1672E-01
  3.6170E-01 -4.4959E-01  3.5555E-03 -3.2518E-01
  3.6417E-01 -4.5082E-01  3.6516E-03 -3.3385E-01
  3.6666E-01 -4.5201E-01  3.7502E-03 -3.4275E-01
  3.6917E-01 -4.5315E-01  3.8514E-03 -3.5188E-01
  3.7170E-01 -4.5424E-01  3.9554E-03 -3.6124E-01
  3.7424E-01 -4.5527E-01  4.0621E-03 -3.7085E-01
  3.7680E-01 -4.5626E-01  4.1716E-03 -3.8071E-01
  3.7938E-01 -4.5720E-01  4.2841E-03 -3.9082E-01
  3.8197E-01 -4.5809E-01  4.3996E-03 -4.0119E-01
  3.8459E-01 -4.5893E-01  4.5181E-03 -4.1182E-01
  3.8722E-01 -4.5971E-01  4.6398E-03 -4.2273E-01
  3.8987E-01 -4.6044E-01  4.7647E-03 -4.3392E-01
  3.9254E-01 -4.6112E-01  4.8929E-03 -4.4540E-01
  3.9522E-01 -4.6175E-01  5.0245E-03 -4.5716E-01
  3.9792E-01 -4.6232E-01  5.1596E-03 -4.6923E-01
  4.0065E-01 -4.6283E-01  5.2983E-03 -4.8160E-01
  4.0339E-01 -4.6330E-01  5.4407E-03 -4.9429E-01
  4.0615E-01 -4.6370E-01  5.5868E-03 -5.0730E-01
  4.0893E-01 -4.6405E-01  5.7368E-03 -5.2064E-01
  4.1172E-01 -4.6435E-01  5.8908E-03 -5.3431E-01
  4.1454E-01 -4.6458E-01  6.0488E-03 -5.4833E-01
  4.1738E-01 -4.6477E-01  6.2110E-03 -5.6271E-01
  4.2023E-01 -4.6489E-01  6.3775E-03 -5.7744E-01
  4.2311E-01 -4.6496E-01  6.5483E-03 -5.9254E-01
  4.2600E-01 -4.6496E-01  6.7237E-03 -6.0802E-01
  4.2892E-01 -4.6491E-01  6.9036E-03 -6.2388E-01
  4.3185E-01 -4.6480E-01  7.0883E-03 -6.4014E-01
  4.3481E-01 -4.6464E-01  7.2779E-03 -6.5681E-01
  4.3778E-01 -4.6441E-01  7.4724E-03 -6.7388E-01
  4.4077E-01 -4.6412E-01  7.6721E-03 -6.9138E-01
  4.4379E-01 -4.6378E-01  7.8770E-03 -7.0930E-01
  4.4683E-01 -4.6337E-01  8.0872E-03 -7.2767E-01
  4.4988E-01 -4.6290E-01  8.3030E-03 -7.4649E-01
  4.5296E-01 -4.6238E-01  8.5244E-03 -7.6576E-01
  4.5606E-01 -4.6179E-01  8.7515E-03 -7.8551E-01
  4.5918E-01 -4.6114E-01  8.9847E-03 -8.0573E-01
  4.6232E-01 -4.6043E-01  9.2239E-03 -8.2645E-01
  4.6548E-01 -4.5966E-01  9.4693E-03 -8.4766E-01
  4.6867E-01 -4.5883E-01  9.7211E-03 -8.6939E-01
  4.7188E-01 -4.5794E-01  9.9795E-03 -8.9164E-01
  4.7510E-01 -4.5699E-01  1.0245E-02 -9.1442E-01
  4.7835E-01 -4.5597E-01  1.0517E-02 -9.3774E-01
  4.8163E-01 -4.5490E-01  1.0796E-02 -9.6161E-01
  4.8492E-01 -4.5376E-01  1.1082E-02 -9.8605E-01
  4.8824E-01 -4.5256E-01  1.1376E-02 -1.0111E+00
  4.9158E-01 -4.5130E-01  1.1677E-02 -1.0367E+00
  4.9494E-01 -4.4997E-01  1.1986E-02 -1.0629E+00
  4.9833E-01 -4.4859E-01  1.2303E-02 -1.0897E+00
  5.0174E-01 -4.4714E-01  1.2629E-02 -1.1171E+00
  5.0517E-01 -4.4563E-01  1.2962E-02 -1.1452E+00
  5.0862E-01 -4.4406E-01  1.3305E-02 -1.1739E+00
  5.1210E-01 -4.4243E-01  1.3656E-02 -1.2033E+00
  5.1561E-01 -4.4073E-01  1.4016E-02 -1.2333E+00
  5.1914E-01 -4.3898E-01  1.4385E-02 -1.2640E+00
  5.2269E-01 -4.3716E-01  1.4764E-02 -1.2955E+00
  5.2626E-01 -4.3528E-01  1.5153E-02 -1.3276E+00
  5.2986E-01 -4.3334E-01  1.5551E-02 -1.3604E+00
  5.3349E-01 -4.3134E-01  1.5960E-02 -1.3940E+00
  5.3714E-01 -4.2927E-01  1.6379E-02 -1.4283E+00
  5.4081E-01 -4.2715E-01  1.6809E-02 -1.4634E+00
  5.4451E-01 -4.2496E-01  1.7250E-02 -1.4992E+00
  5.4824E-01 -4.2271E-01  1.7702E-02 -1.5358E+00
  5.5199E-01 -4.2041E-01  1.8165E-02 -1.5732E+00
  5.5576E-01 -4.1804E-01  1.8640E-02 -1.6115E+00
  5.5957E-01 -4.1561E-01  1.9128E-02 -1.6505E+00
  5.6339E-01 -4.1312E-01  1.9627E-02 -1.6903E+00
  5.6725E-01 -4.1057E-01  2.0140E-02 -1.7310E+00
  5.7113E-01 -4.0796E-01  2.0665E-02 -1.7726E+00
  5.7503E-01 -4.0529E-01  2.1204E-02 -1.8150E+00
  5.7897E-01 -4.0255E-01  2.1756E-02 -1.8582E+00
  5.8293E-01 -3.9976E-01  2.2322E-02 -1.9024E+00
  5.8692E-01 -3.9691E-01  2.2902E-02 -1.9474E+00
  5.9093E-01 -3.9400E-01  2.3496E-02 -1.9934E+00
  5.9497E-01 -3.9103E-01  2.4106E-02 -2.0403E+00
  5.9905E-01 -3.8801E-01  2.4731E-02 -2.0881E+00
  6.0314E-01 -3.8492E-01  2.5371E-02 -2.1368E+00
  6.0727E-01 -3.8177E-01  2.6028E-02 -2.1865E+00
  6.1142E-01 -3.7857E-01  2.6701E-02 -2.2371E+00
  6.1561E-01 -3.7531E-01  2.7390E-02 -2.2887E+00
  6.1982E-01 -3.7199E-01  2.8097E-02 -2.3412E+00
  6.2406E-01 -3.6861E-01  2.8821E-02 -2.3947E+00
  6.2833E-01 -3.6517E-01  2.9563E-02 -2.4492E+00
  6.3262E-01 -3.6168E-01  3.0324E-02 -2.5047E+00
  6.3695E-01 -3.5813E-01  3.1103E-02 -2.5612E+00
  6.4131E-01 -3.5452E-01  3.1901E-02 -2.6187E+00
  6.4570E-01 -3.5086E-01  3.2719E-02 -2.6772E+00
  6.5011E-01 -3.4714E-01  3.3557E-02 -2.7367E+00
  6.5456E-01 -3.4336E-01  3.4416E-02 -2.7972E+00
  6.5904E-01 -3.3952E-01  3.5295E-02 -2.8587E+00
  6.6355E-01 -3.3564E-01  3.6196E-02 -2.9212E+00
  6.6809E-01 -3.3169E-01  3.7119E-02 -2.9847E+00
  6.7266E-01 -3.2769E-01  3.8065E-02 -3.0492E+00
  6.7726E-01 -3.2363E-01  3.9033E-02 -3.1147E+00
  6.8189E-01 -3.1952E-01  4.0025E-02 -3.1812E+00
  6.8656E-01 -3.1536E-01  4.1041E-02 -3.2487E+00
  6.9125E-01 -3.1113E-01  4.2081E-02 -3.3172E+00
  6.9598E-01 -3.0686E-01  4.3146E-02 -3.3866E+00
  7.0074E-01 -3.0253E-01  4.4237E-02 -3.4571E+00
  7.0554E-01 -2.9815E-01  4.5354E-02 -3.5284E+00
  7.1036E-01 -2.9371E-01  4.6497E-02 -3.6008E+00
  7.1522E-01 -2.8922E-01  4.7668E-02 -3.6740E+00
  7.2011E-01 -2.8467E-01  4.8867E-02 -3.7482E+00
  7.2504E-01 -2.8008E-01  5.0094E-02 -3.8232E+00
  7.3000E-01 -2.7542E-01  5.1350E-02 -3.8992E+00
  7.3499E-01 -2.7072E-01  5.2636E-02 -3.9759E+00
  7.4002E-01 -2.6596E-01  5.3953E-02 -4.0535E+00
  7.4508E-01 -2.6116E-01  5.5300E-02 -4.1319E+00
  7.5018E-01 -2.5630E-01  5.6679E-02 -4.2111E+00
  7.5531E-01 -2.5138E-01  5.8090E-02 -4.2910E+00
  7.6048E-01 -2.4642E-01  5.9534E-02 -4.3716E+00
  7.6568E-01 -2.4140E-01  6.1011E-02 -4.4529E+00
  7.7092E-01 -2.3633E-01  6.2523E-02 -4.5348E+00
  7.7619E-01 -2.3121E-01  6.4070E-02 -4.6172E+00
  7.8150E-01 -2.2604E-01  6.5652E-02 -4.7003E+00
  7.8685E-01 -2.2082E-01  6.7271E-02 -4.7838E+00
  7.9223E-01 -2.1555E-01  6.8927E-02 -4.8678E+00
  7.9765E-01 -2.1022E-01  7.0621E-02 -4.9521E+00
  8.0311E-01 -2.0485E-01  7.2354E-02 -5.0368E+00
  8.0860E-01 -1.9943E-01  7.4126E-02 -5.1218E+00
  8.1413E-01 -1.9395E-01  7.5938E-02 -5.2069E+00
  8.1970E-01 -1.8843E-01  7.7791E-02 -5.2922E+00
  8.2531E-01 -1.8285E-01  7.9686E-02 -5.3776E+00
  8.3096E-01 -1.7723E-01  8.1623E-02 -5.4630E+00
  8.3664E-01 -1.7155E-01  8.3603E-02 -5.5483E+00
  8.4236E-01 -1.6583E-01  8.5628E-02 -5.6334E+00
  8.4813E-01 -1.6005E-01  8.7698E-02 -5.7183E+00
  8.5393E-01 -1.5423E-01  8.9813E-02 -5.8028E+00
  8.5977E-01 -1.4836E-01  9.1975E-02 -5.8869E+00
  8.6565E-01 -1.4243E-01  9.4185E-02 -5.9704E+00
  8.7157E-01 -1.3646E-01  9.6443E-02 -6.0533E+00
  8.7753E-01 -1.3044E-01  9.8750E-02 -6.1355E+00
  8.8354E-01 -1.2437E-01  1.0111E-01 -6.2168E+00
  8.8958E-01 -1.1825E-01  1.0352E-01 -6.2971E+00
  8.9567E-01 -1.1209E-01  1.0598E-01 -6.3764E+00
  9.0179E-01 -1.0587E-01  1.0849E-01 -6.4544E+00
  9.0796E-01 -9.9605E-02  1.1106E-01 -6.5310E+00
  9.1417E-01 -9.3292E-02  1.1368E-01 -6.6062E+00
  9.2043E-01 -8.6930E-02  1.1635E-01 -6.6798E+00
  9.2672E-01 -8.0519E-02  1.1909E-01 -6.7516E+00
  9.3306E-01 -7.4060E-02  1.2188E-01 -6.8214E+00
  9.3944E-01 -6.7553E-02  1.2473E-01 -6.8893E+00
  9.4587E-01 -6.0997E-02  1.2763E-01 -6.9548E+00
  9.5234E-01 -5.4393E-02  1.3060E-01 -7.0181E+00
  9.5885E-01 -4.7741E-02  1.3363E-01 -7.0787E+00
  9.6541E-01 -4.1041E-02  1.3672E-01 -7.1367E+00
  9.7202E-01 -3.4292E-02  1.3988E-01 -7.1917E+00
  9.7867E-01 -2.7496E-02  1.4310E-01 -7.2437E+00
  9.8536E-01 -2.0651E-02  1.4638E-01 -7.2924E+00
  9.9210E-01 -1.3759E-02  1.4973E-01 -7.3377E+00
  9.9889E-01 -6.8187E-03  1.5314E-01 -7.3794E+00
  1.0057E+00  1.6944E-04  1.5663E-01 -7.4173E+00
  1.0126E+00  7.2053E-03  1.6018E-01 -7.4512E+00
  1.0195E+00  1.4289E-02  1.6380E-01 -7.4809E+00
  1.0265E+00  2.1420E-02  1.6749E-01 -7.5061E+00
  1.0335E+00  2.8599E-02  1.7125E-01 -7.5268E+00
  1.0406E+00  3.5825E-02  1.7509E-01 -7.5427E+00
  1.0477E+00  4.3099E-02  1.7900E-01 -7.5536E+00
  1.0549E+00  5.0420E-02  1.8298E-01 -7.5593E+00
  1.0621E+00  5.7789E-02  1.8704E-01 -7.5595E+00
  1.0694E+00  6.5205E-02  1.9117E-01 -7.5541E+00
  1.0767E+00  7.2667E-02  1.9538E-01 -7.5430E+00
  1.0840E+00  8.0177E-02  1.9967E-01 -7.5258E+00
  1.0915E+00  8.7734E-02  2.0404E-01 -7.5023E+00
  1.0989E+00  9.5338E-02  2.0848E-01 -7.4725E+00
  1.1064E+00  1.0299E-01  2.1301E-01 -7.4360E+00
  1.1140E+00  1.1069E-01  2.1762E-01 -7.3927E+00
  1.1216E+00  1.1843E-01  2.2230E-01 -7.3424E+00
  1.1293E+00  1.2622E-01  2.2707E-01 -7.2850E+00
  1.1370E+00  1.3405E-01  2.3193E-01 -7.2202E+00
  1.1448E+00  1.4194E-01  2.3686E-01 -7.1478E+00
  1.1526E+00  1.4986E-01  2.4189E-01 -7.0678E+00
  1.1605E+00  1.5784E-01  2.4699E-01 -6.9799E+00
  1.1685E+00  1.6586E-01  2.5218E-01 -6.8841E+00
  1.1764E+00  1.7392E-01  2.5746E-01 -6.7801E+00
  1.1845E+00  1.8203E-01  2.6283E-01 -6.6679E+00
  1.1926E+00  1.9019E-01  2.6828E-01 -6.5474E+00
  1.2008E+00  1.9838E-01  2.7382E-01 -6.4184E+00
  1.2090E+00  2.0663E-01  2.7945E-01 -6.2809E+00
  1.2172E+00  2.1492E-01  2.8516E-01 -6.1348E+00
  1.2256E+00  2.2325E-01  2.9097E-01 -5.9800E+00
  1.2339E+00  2.3162E-01  2.9686E-01 -5.8166E+00
  1.2424E+00  2.4004E-01  3.0285E-01 -5.6446E+00
  1.2509E+00  2.4850E-01  3.0892E-01 -5.4638E+00
  1.2594E+00  2.5700E-01  3.1508E-01 -5.2745E+00
  1.2681E+00  2.6555E-01  3.2133E-01 -5.0765E+00
  1.2767E+00  2.7413E-01  3.2768E-01 -4.8701E+00
  1.2855E+00  2.8276E-01  3.3411E-01 -4.6553E+00
  1.2943E+00  2.9143E-01  3.4063E-01 -4.4322E+00
  1.3031E+00  3.0014E-01  3.4724E-01 -4.2010E+00
  1.3120E+00  3.0889E-01  3.5395E-01 -3.9619E+00
  1.3210E+00  3.1768E-01  3.6074E-01 -3.7151E+00
  1.3300E+00  3.2650E-01  3.6762E-01 -3.4609E+00
  1.3391E+00  3.3537E-01  3.7458E-01 -3.1995E+00
  1.3483E+00  3.4427E-01  3.8164E-01 -2.9312E+00
  1.3575E+00  3.5321E-01  3.8878E-01 -2.6564E+00
  1.3668E+00  3.6218E-01  3.9601E-01 -2.3755E+00
  1.3762E+00  3.7119E-01  4.0333E-01 -2.0889E+00
  1.3856E+00  3.8023E-01  4.1073E-01 -1.7970E+00
  1.3950E+00  3.8931E-01  4.1822E-01 -1.5003E+00
  1.4046E+00  3.9842E-01  4.2579E-01 -1.1994E+00
  1.4142E+00  4.0756E-01  4.3344E-01 -8.9484E-01
  1.4239E+00  4.1673E-01  4.4117E-01 -5.8715E-01
  1.4336E+00  4.2593E-01  4.4898E-01 -2.7700E-01
  1.4434E+00  4.3516E-01  4.5687E-01  3.4940E-02
  1.4533E+00  4.4442E-01  4.6484E-01  3.4796E-01
  1.4632E+00  4.5371E-01  4.7289E-01  6.6133E-01
  1.4732E+00  4.6302E-01  4.8101E-01  9.7426E-01
  1.4833E+00  4.7235E-01  4.8920E-01  1.2860E+00
  1.4935E+00  4.8171E-01  4.9746E-01  1.5956E+00
  1.5037E+00  4.9109E-01  5.0579E-01  1.9023E+00
  1.5140E+00  5.0049E-01  5.1419E-01  2.2051E+00
  1.5243E+00  5.0991E-01  5.2265E-01  2.5032E+00
  1.5347E+00  5.1934E-01  5.3117E-01  2.7955E+00
  1.5452E+00  5.2880E-01  5.3975E-01  3.0812E+00
  1.5558E+00  5.3826E-01  5.4840E-01  3.3593E+00
  1.5665E+00  5.4774E-01  5.5709E-01  3.6287E+00
  1.5772E+00  5.5722E-01  5.6584E-01  3.8885E+00
  1.5880E+00  5.6672E-01  5.7464E-01  4.1376E+00
  1.5988E+00  5.7622E-01  5.8348E-01  4.3751E+00
  1.6098E+00  5.8573E-01  5.9237E-01  4.6000E+00
  1.6208E+00  5.9524E-01  6.0129E-01  4.8112E+00
  1.6319E+00  6.0475E-01  6.1026E-01  5.0079E+00
  1.6430E+00  6.1426E-01  6.1925E-01  5.1890E+00
  1.6543E+00  6.2377E-01  6.2828E-01  5.3537E+00
  1.6656E+00  6.3326E-01  6.3734E-01  5.5011E+00
  1.6770E+00  6.4275E-01  6.4641E-01  5.6304E+00
  1.6884E+00  6.5223E-01  6.5551E-01  5.7408E+00
  1.7000E+00  6.6170E-01  6.6462E-01  5.8315E+00
  1.7116E+00  6.7114E-01  6.7375E-01  5.9021E+00
  1.7233E+00  6.8057E-01  6.8288E-01  5.9518E+00
  1.7351E+00  6.8998E-01  6.9201E-01  5.9803E+00
  1.7470E+00  6.9935E-01  7.0114E-01  5.9872E+00
  1.7589E+00  7.0870E-01  7.1027E-01  5.9721E+00
  1.7710E+00  7.1802E-01  7.1938E-01  5.9351E+00
  1.7831E+00  7.2731E-01  7.2848E-01  5.8760E+00
  1.7953E+00  7.3655E-01  7.3756E-01  5.7950E+00
  1.8075E+00  7.4575E-01  7.4662E-01  5.6924E+00
  1.8199E+00  7.5491E-01  7.5564E-01  5.5686E+00
  1.8324E+00  7.6402E-01  7.6464E-01  5.4242E+00
  1.8449E+00  7.7307E-01  7.7359E-01  5.2598E+00
  1.8575E+00  7.8206E-01  7.8250E-01  5.0766E+00
  1.8702E+00  7.9100E-01  7.9135E-01  4.8755E+00
  1.8830E+00  7.9986E-01  8.0016E-01  4.6579E+00
  1.8959E+00  8.0866E-01  8.0890E-01  4.4252E+00
  1.9089E+00  8.1738E-01  8.1757E-01  4.1792E+00
  1.9219E+00  8.2603E-01  8.2618E-01  3.9217E+00
  1.9351E+00  8.3459E-01  8.3470E-01  3.6547E+00
  1.9483E+00  8.4306E-01  8.4315E-01  3.3804E+00
  1.9616E+00  8.5143E-01  8.5150E-01  3.1012E+00
  1.9750E+00  8.5971E-01  8.5976E-01  2.8196E+00
  1.9886E+00  8.6788E-01  8.6792E-01  2.5383E+00
  2.0022E+00  8.7595E-01  8.7597E-01  2.2600E+00
  2.0158E+00  8.8389E-01  8.8391E-01  1.9875E+00
  2.0296E+00  8.9172E-01  8.9173E-01  1.7236E+00
  2.0435E+00  8.9942E-01  8.9943E-01  1.4712E+00
  2.0575E+00  9.0698E-01  9.0699E-01  1.2331E+00
  2.0716E+00  9.1441E-01  9.1441E-01  1.0117E+00
  2.0857E+00  9.2169E-01  9.2170E-01  8.0958E-01
  2.1000E+00  9.2882E-01  9.2882E-01  6.2880E-01
  2.1144E+00  9.3580E-01  9.3580E-01  4.7108E-01
  2.1288E+00  9.4260E-01  9.4260E-01  3.3761E-01
  2.1434E+00  9.4924E-01  9.4924E-01  2.2895E-01
  2.1581E+00  9.5569E-01  9.5569E-01  1.4487E-01
  2.1728E+00  9.6196E-01  9.6196E-01  8.4161E-02
  2.1877E+00  9.6804E-01  9.6804E-01  4.4484E-02
  2.2026E+00  9.7391E-01  9.7391E-01  2.2119E-02
  2.2177E+00  9.7958E-01  9.7958E-01  1.1761E-02
  2.2329E+00  9.8503E-01  9.8503E-01  5.4502E-03
  2.2482E+00  9.9026E-01  9.9026E-01  2.8421E-03
  2.2635E+00  9.9525E-01  9.9525E-01  0.0000E+00
  2.2790E+00  1.0000E+00  1.0000E+00  0.0000E+00
  2.2946E+00  1.0045E+00  1.0045E+00  0.0000E+00
  2.3103E+00  1.0087E+00  1.0087E+00  0.0000E+00
  2.3261E+00  1.0127E+00  1.0127E+00  0.0000E+00
  2.3420E+00  1.0164E+00  1.0164E+00  0.0000E+00
  2.3580E+00  1.0198E+00  1.0198E+00  0.0000E+00
  2.3742E+00  1.0230E+00  1.0230E+00  0.0000E+00
  2.3904E+00  1.0258E+00  1.0258E+00  0.0000E+00
  2.4068E+00  1.0283E+00  1.0283E+00  0.0000E+00
  2.4232E+00  1.0305E+00  1.0305E+00  0.0000E+00
  2.4398E+00  1.0323E+00  1.0323E+00  0.0000E+00
  2.4565E+00  1.0339E+00  1.0339E+00  0.0000E+00
  2.4733E+00  1.0350E+00  1.0350E+00  0.0000E+00
  2.4902E+00  1.0358E+00  1.0358E+00  0.0000E+00
  2.5072E+00  1.0362E+00  1.0362E+00  0.0000E+00
  2.5244E+00  1.0363E+00  1.0363E+00  0.0000E+00
  2.5417E+00  1.0360E+00  1.0360E+00  0.0000E+00
  2.5590E+00  1.0352E+00  1.0352E+00  0.0000E+00
  2.5765E+00  1.0340E+00  1.0340E+00  0.0000E+00
  2.5942E+00  1.0325E+00  1.0325E+00  0.0000E+00
  2.6119E+00  1.0304E+00  1.0304E+00  0.0000E+00
  2.6298E+00  1.0280E+00  1.0280E+00  0.0000E+00
  2.6478E+00  1.0251E+00  1.0251E+00  0.0000E+00
  2.6659E+00  1.0217E+00  1.0217E+00  0.0000E+00
  2.6841E+00  1.0178E+00  1.0178E+00  0.0000E+00
  2.7025E+00  1.0135E+00  1.0135E+00  0.0000E+00
  2.7210E+00  1.0086E+00  1.0086E+00  0.0000E+00
  2.7396E+00  1.0033E+00  1.0033E+00  0.0000E+00
  2.7583E+00  9.9740E-01  9.9740E-01  0.0000E+00
  2.7772E+00  9.9100E-01  9.9100E-01  0.0000E+00
  2.7962E+00  9.8407E-01  9.8407E-01  0.0000E+00
  2.8153E+00  9.7658E-01  9.7658E-01  0.0000E+00
  2.8345E+00  9.6854E-01  9.6854E-01  0.0000E+00
  2.8539E+00  9.5993E-01  9.5993E-01  0.0000E+00
  2.8735E+00  9.5075E-01  9.5075E-01  0.0000E+00
  2.8931E+00  9.4098E-01  9.4098E-01  0.0000E+00
  2.9129E+00  9.3061E-01  9.3061E-01  0.0000E+00
  2.9328E+00  9.1965E-01  9.1965E-01  0.0000E+00
  2.9529E+00  9.0807E-01  9.0807E-01  0.0000E+00
  2.9731E+00  8.9588E-01  8.9588E-01  0.0000E+00
  2.9934E+00  8.8307E-01  8.8307E-01  0.0000E+00
  3.0139E+00  8.6962E-01  8.6962E-01  0.0000E+00
  3.0345E+00  8.5554E-01  8.5554E-01  0.0000E+00
  3.0553E+00  8.4081E-01  8.4081E-01  0.0000E+00
  3.0762E+00  8.2544E-01  8.2544E-01  0.0000E+00
  3.0972E+00  8.0942E-01  8.0942E-01  0.0000E+00
  3.1184E+00  7.9274E-01  7.9274E-01  0.0000E+00
  3.1397E+00  7.7540E-01  7.7540E-01  0.0000E+00
  3.1612E+00  7.5740E-01  7.5740E-01  0.0000E+00
  3.1828E+00  7.3874E-01  7.3874E-01  0.0000E+00
