 # l=           0 energy=  -4.9859719438877761     
  0.0000E+00  0.0000E+00  0.0000E+00  0.0000E+00
  6.5668E-07  8.6157E-07  9.0663E-05  9.1594E-05
  1.3178E-06  1.7290E-06  1.6450E-04  1.6618E-04
  1.9835E-06  2.6024E-06  2.3336E-04  2.3575E-04
  2.6538E-06  3.4818E-06  2.9932E-04  3.0238E-04
  3.3286E-06  4.3672E-06  3.6328E-04  3.6699E-04
  4.0081E-06  5.2587E-06  4.2581E-04  4.3016E-04
  4.6922E-06  6.1562E-06  4.8722E-04  4.9220E-04
  5.3809E-06  7.0599E-06  5.4775E-04  5.5334E-04
  6.0744E-06  7.9697E-06  6.0756E-04  6.1376E-04
  6.7726E-06  8.8858E-06  6.6679E-04  6.7358E-04
  7.4756E-06  9.8082E-06  7.2552E-04  7.3291E-04
  8.1834E-06  1.0737E-05  7.8384E-04  7.9183E-04
  8.8961E-06  1.1672E-05  8.4183E-04  8.5040E-04
  9.6136E-06  1.2613E-05  8.9952E-04  9.0868E-04
  1.0336E-05  1.3561E-05  9.5698E-04  9.6672E-04
  1.1063E-05  1.4515E-05  1.0142E-03  1.0246E-03
  1.1796E-05  1.5476E-05  1.0713E-03  1.0822E-03
  1.2533E-05  1.6444E-05  1.1283E-03  1.1398E-03
  1.3276E-05  1.7418E-05  1.1852E-03  1.1972E-03
  1.4023E-05  1.8398E-05  1.2419E-03  1.2546E-03
  1.4776E-05  1.9386E-05  1.2987E-03  1.3118E-03
  1.5533E-05  2.0380E-05  1.3553E-03  1.3691E-03
  1.6296E-05  2.1381E-05  1.4120E-03  1.4263E-03
  1.7064E-05  2.2389E-05  1.4686E-03  1.4835E-03
  1.7838E-05  2.3404E-05  1.5253E-03  1.5408E-03
  1.8617E-05  2.4425E-05  1.5820E-03  1.5980E-03
  1.9401E-05  2.5454E-05  1.6387E-03  1.6553E-03
  2.0190E-05  2.6490E-05  1.6954E-03  1.7126E-03
  2.0985E-05  2.7532E-05  1.7523E-03  1.7700E-03
  2.1785E-05  2.8582E-05  1.8091E-03  1.8275E-03
  2.2591E-05  2.9639E-05  1.8661E-03  1.8850E-03
  2.3402E-05  3.0704E-05  1.9231E-03  1.9426E-03
  2.4218E-05  3.1775E-05  1.9803E-03  2.0004E-03
  2.5041E-05  3.2854E-05  2.0375E-03  2.0582E-03
  2.5869E-05  3.3940E-05  2.0949E-03  2.1161E-03
  2.6702E-05  3.5034E-05  2.1523E-03  2.1741E-03
  2.7542E-05  3.6135E-05  2.2099E-03  2.2323E-03
  2.8387E-05  3.7244E-05  2.2676E-03  2.2906E-03
  2.9238E-05  3.8360E-05  2.3255E-03  2.3491E-03
  3.0094E-05  3.9484E-05  2.3835E-03  2.4076E-03
  3.0957E-05  4.0616E-05  2.4416E-03  2.4664E-03
  3.1825E-05  4.1755E-05  2.4999E-03  2.5253E-03
  3.2700E-05  4.2902E-05  2.5584E-03  2.5843E-03
  3.3580E-05  4.4057E-05  2.6170E-03  2.6435E-03
  3.4466E-05  4.5220E-05  2.6758E-03  2.7029E-03
  3.5359E-05  4.6391E-05  2.7347E-03  2.7624E-03
  3.6257E-05  4.7570E-05  2.7939E-03  2.8222E-03
  3.7162E-05  4.8757E-05  2.8532E-03  2.8821E-03
  3.8073E-05  4.9952E-05  2.9127E-03  2.9422E-03
  3.8990E-05  5.1155E-05  2.9724E-03  3.0025E-03
  3.9913E-05  5.2367E-05  3.0323E-03  3.0630E-03
  4.0843E-05  5.3587E-05  3.0924E-03  3.1236E-03
  4.1779E-05  5.4815E-05  3.1526E-03  3.1845E-03
  4.2721E-05  5.6051E-05  3.2131E-03  3.2456E-03
  4.3670E-05  5.7296E-05  3.2738E-03  3.3069E-03
  4.4626E-05  5.8550E-05  3.3347E-03  3.3685E-03
  4.5588E-05  5.9812E-05  3.3959E-03  3.4302E-03
  4.6556E-05  6.1082E-05  3.4572E-03  3.4922E-03
  4.7531E-05  6.2362E-05  3.5188E-03  3.5544E-03
  4.8513E-05  6.3650E-05  3.5806E-03  3.6168E-03
  4.9501E-05  6.4947E-05  3.6426E-03  3.6794E-03
  5.0497E-05  6.6253E-05  3.7049E-03  3.7423E-03
  5.1499E-05  6.7567E-05  3.7674E-03  3.8054E-03
  5.2508E-05  6.8891E-05  3.8301E-03  3.8688E-03
  5.3523E-05  7.0224E-05  3.8931E-03  3.9324E-03
  5.4546E-05  7.1566E-05  3.9563E-03  3.9963E-03
  5.5576E-05  7.2917E-05  4.0198E-03  4.0604E-03
  5.6613E-05  7.4277E-05  4.0835E-03  4.1247E-03
  5.7657E-05  7.5647E-05  4.1475E-03  4.1893E-03
  5.8708E-05  7.7026E-05  4.2117E-03  4.2542E-03
  5.9766E-05  7.8414E-05  4.2762E-03  4.3194E-03
  6.0831E-05  7.9812E-05  4.3409E-03  4.3848E-03
  6.1904E-05  8.1220E-05  4.4060E-03  4.4504E-03
  6.2984E-05  8.2637E-05  4.4712E-03  4.5164E-03
  6.4072E-05  8.4063E-05  4.5368E-03  4.5826E-03
  6.5167E-05  8.5500E-05  4.6026E-03  4.6491E-03
  6.6269E-05  8.6946E-05  4.6687E-03  4.7158E-03
  6.7379E-05  8.8403E-05  4.7351E-03  4.7829E-03
  6.8497E-05  8.9869E-05  4.8018E-03  4.8502E-03
  6.9622E-05  9.1345E-05  4.8687E-03  4.9178E-03
  7.0755E-05  9.2832E-05  4.9360E-03  4.9858E-03
  7.1895E-05  9.4328E-05  5.0035E-03  5.0540E-03
  7.3044E-05  9.5835E-05  5.0713E-03  5.1225E-03
  7.4200E-05  9.7352E-05  5.1394E-03  5.1913E-03
  7.5364E-05  9.8879E-05  5.2078E-03  5.2604E-03
  7.6536E-05  1.0042E-04  5.2765E-03  5.3297E-03
  7.7717E-05  1.0197E-04  5.3456E-03  5.3995E-03
  7.8905E-05  1.0352E-04  5.4149E-03  5.4695E-03
  8.0101E-05  1.0509E-04  5.4845E-03  5.5398E-03
  8.1306E-05  1.0667E-04  5.5544E-03  5.6104E-03
  8.2519E-05  1.0827E-04  5.6247E-03  5.6814E-03
  8.3740E-05  1.0987E-04  5.6952E-03  5.7526E-03
  8.4969E-05  1.1148E-04  5.7661E-03  5.8242E-03
  8.6207E-05  1.1311E-04  5.8373E-03  5.8961E-03
  8.7453E-05  1.1474E-04  5.9088E-03  5.9684E-03
  8.8708E-05  1.1639E-04  5.9807E-03  6.0409E-03
  8.9971E-05  1.1804E-04  6.0528E-03  6.1138E-03
  9.1244E-05  1.1971E-04  6.1254E-03  6.1870E-03
  9.2524E-05  1.2139E-04  6.1982E-03  6.2606E-03
  9.3814E-05  1.2309E-04  6.2714E-03  6.3345E-03
  9.5112E-05  1.2479E-04  6.3449E-03  6.4087E-03
  9.6419E-05  1.2650E-04  6.4187E-03  6.4833E-03
  9.7736E-05  1.2823E-04  6.4929E-03  6.5583E-03
  9.9061E-05  1.2997E-04  6.5674E-03  6.6335E-03
  1.0040E-04  1.3172E-04  6.6423E-03  6.7092E-03
  1.0174E-04  1.3348E-04  6.7175E-03  6.7851E-03
  1.0309E-04  1.3526E-04  6.7931E-03  6.8615E-03
  1.0445E-04  1.3704E-04  6.8690E-03  6.9382E-03
  1.0582E-04  1.3884E-04  6.9453E-03  7.0152E-03
  1.0720E-04  1.4065E-04  7.0220E-03  7.0926E-03
  1.0859E-04  1.4248E-04  7.0990E-03  7.1704E-03
  1.0999E-04  1.4431E-04  7.1763E-03  7.2485E-03
  1.1140E-04  1.4616E-04  7.2541E-03  7.3271E-03
  1.1282E-04  1.4802E-04  7.3322E-03  7.4059E-03
  1.1425E-04  1.4990E-04  7.4107E-03  7.4852E-03
  1.1569E-04  1.5178E-04  7.4895E-03  7.5648E-03
  1.1714E-04  1.5368E-04  7.5687E-03  7.6449E-03
  1.1859E-04  1.5560E-04  7.6483E-03  7.7253E-03
  1.2006E-04  1.5752E-04  7.7283E-03  7.8061E-03
  1.2154E-04  1.5946E-04  7.8087E-03  7.8872E-03
  1.2303E-04  1.6141E-04  7.8895E-03  7.9688E-03
  1.2453E-04  1.6338E-04  7.9706E-03  8.0507E-03
  1.2603E-04  1.6536E-04  8.0521E-03  8.1331E-03
  1.2755E-04  1.6735E-04  8.1341E-03  8.2158E-03
  1.2908E-04  1.6936E-04  8.2164E-03  8.2990E-03
  1.3062E-04  1.7138E-04  8.2991E-03  8.3825E-03
  1.3217E-04  1.7341E-04  8.3822E-03  8.4665E-03
  1.3373E-04  1.7546E-04  8.4658E-03  8.5509E-03
  1.3530E-04  1.7752E-04  8.5497E-03  8.6356E-03
  1.3689E-04  1.7960E-04  8.6341E-03  8.7208E-03
  1.3848E-04  1.8169E-04  8.7188E-03  8.8064E-03
  1.4008E-04  1.8379E-04  8.8040E-03  8.8924E-03
  1.4170E-04  1.8591E-04  8.8896E-03  8.9789E-03
  1.4332E-04  1.8804E-04  8.9756E-03  9.0657E-03
  1.4496E-04  1.9019E-04  9.0620E-03  9.1530E-03
  1.4661E-04  1.9235E-04  9.1488E-03  9.2407E-03
  1.4827E-04  1.9453E-04  9.2361E-03  9.3289E-03
  1.4994E-04  1.9672E-04  9.3238E-03  9.4174E-03
  1.5162E-04  1.9893E-04  9.4119E-03  9.5064E-03
  1.5331E-04  2.0115E-04  9.5005E-03  9.5959E-03
  1.5502E-04  2.0339E-04  9.5895E-03  9.6858E-03
  1.5674E-04  2.0564E-04  9.6789E-03  9.7761E-03
  1.5847E-04  2.0791E-04  9.7688E-03  9.8669E-03
  1.6021E-04  2.1019E-04  9.8591E-03  9.9581E-03
  1.6196E-04  2.1249E-04  9.9499E-03  1.0050E-02
  1.6372E-04  2.1481E-04  1.0041E-02  1.0142E-02
  1.6550E-04  2.1714E-04  1.0133E-02  1.0234E-02
  1.6729E-04  2.1949E-04  1.0225E-02  1.0328E-02
  1.6909E-04  2.2185E-04  1.0318E-02  1.0421E-02
  1.7090E-04  2.2423E-04  1.0411E-02  1.0515E-02
  1.7273E-04  2.2662E-04  1.0504E-02  1.0609E-02
  1.7457E-04  2.2903E-04  1.0598E-02  1.0704E-02
  1.7642E-04  2.3146E-04  1.0692E-02  1.0800E-02
  1.7828E-04  2.3391E-04  1.0787E-02  1.0896E-02
  1.8016E-04  2.3637E-04  1.0883E-02  1.0992E-02
  1.8205E-04  2.3885E-04  1.0979E-02  1.1089E-02
  1.8395E-04  2.4134E-04  1.1075E-02  1.1186E-02
  1.8586E-04  2.4385E-04  1.1172E-02  1.1284E-02
  1.8779E-04  2.4638E-04  1.1269E-02  1.1382E-02
  1.8973E-04  2.4893E-04  1.1367E-02  1.1481E-02
  1.9169E-04  2.5150E-04  1.1465E-02  1.1580E-02
  1.9365E-04  2.5408E-04  1.1564E-02  1.1680E-02
  1.9563E-04  2.5668E-04  1.1663E-02  1.1780E-02
  1.9763E-04  2.5929E-04  1.1763E-02  1.1881E-02
  1.9964E-04  2.6193E-04  1.1863E-02  1.1982E-02
  2.0166E-04  2.6458E-04  1.1964E-02  1.2084E-02
  2.0370E-04  2.6725E-04  1.2065E-02  1.2186E-02
  2.0575E-04  2.6994E-04  1.2167E-02  1.2289E-02
  2.0781E-04  2.7265E-04  1.2269E-02  1.2392E-02
  2.0989E-04  2.7538E-04  1.2372E-02  1.2496E-02
  2.1198E-04  2.7812E-04  1.2475E-02  1.2600E-02
  2.1409E-04  2.8089E-04  1.2579E-02  1.2705E-02
  2.1621E-04  2.8367E-04  1.2684E-02  1.2811E-02
  2.1834E-04  2.8647E-04  1.2788E-02  1.2917E-02
  2.2049E-04  2.8929E-04  1.2894E-02  1.3023E-02
  2.2266E-04  2.9213E-04  1.3000E-02  1.3130E-02
  2.2484E-04  2.9499E-04  1.3106E-02  1.3238E-02
  2.2703E-04  2.9787E-04  1.3213E-02  1.3346E-02
  2.2924E-04  3.0077E-04  1.3321E-02  1.3454E-02
  2.3147E-04  3.0369E-04  1.3429E-02  1.3563E-02
  2.3371E-04  3.0663E-04  1.3538E-02  1.3673E-02
  2.3596E-04  3.0959E-04  1.3647E-02  1.3783E-02
  2.3823E-04  3.1257E-04  1.3757E-02  1.3894E-02
  2.4052E-04  3.1556E-04  1.3867E-02  1.4006E-02
  2.4282E-04  3.1858E-04  1.3978E-02  1.4118E-02
  2.4514E-04  3.2163E-04  1.4089E-02  1.4230E-02
  2.4747E-04  3.2469E-04  1.4201E-02  1.4343E-02
  2.4982E-04  3.2777E-04  1.4314E-02  1.4457E-02
  2.5219E-04  3.3087E-04  1.4427E-02  1.4571E-02
  2.5457E-04  3.3400E-04  1.4540E-02  1.4686E-02
  2.5697E-04  3.3714E-04  1.4655E-02  1.4801E-02
  2.5938E-04  3.4031E-04  1.4769E-02  1.4917E-02
  2.6181E-04  3.4350E-04  1.4885E-02  1.5034E-02
  2.6426E-04  3.4671E-04  1.5001E-02  1.5151E-02
  2.6672E-04  3.4994E-04  1.5117E-02  1.5269E-02
  2.6920E-04  3.5320E-04  1.5234E-02  1.5387E-02
  2.7170E-04  3.5648E-04  1.5352E-02  1.5506E-02
  2.7422E-04  3.5978E-04  1.5471E-02  1.5625E-02
  2.7675E-04  3.6310E-04  1.5590E-02  1.5745E-02
  2.7930E-04  3.6644E-04  1.5709E-02  1.5866E-02
  2.8186E-04  3.6981E-04  1.5829E-02  1.5988E-02
  2.8445E-04  3.7320E-04  1.5950E-02  1.6109E-02
  2.8705E-04  3.7662E-04  1.6071E-02  1.6232E-02
  2.8967E-04  3.8005E-04  1.6193E-02  1.6355E-02
  2.9231E-04  3.8352E-04  1.6316E-02  1.6479E-02
  2.9497E-04  3.8700E-04  1.6439E-02  1.6603E-02
  2.9764E-04  3.9051E-04  1.6563E-02  1.6729E-02
  3.0033E-04  3.9404E-04  1.6687E-02  1.6854E-02
  3.0304E-04  3.9760E-04  1.6813E-02  1.6981E-02
  3.0577E-04  4.0118E-04  1.6938E-02  1.7108E-02
  3.0852E-04  4.0479E-04  1.7065E-02  1.7235E-02
  3.1129E-04  4.0842E-04  1.7192E-02  1.7363E-02
  3.1407E-04  4.1207E-04  1.7319E-02  1.7492E-02
  3.1688E-04  4.1575E-04  1.7448E-02  1.7622E-02
  3.1970E-04  4.1946E-04  1.7576E-02  1.7752E-02
  3.2255E-04  4.2319E-04  1.7706E-02  1.7883E-02
  3.2541E-04  4.2694E-04  1.7836E-02  1.8014E-02
  3.2829E-04  4.3072E-04  1.7967E-02  1.8147E-02
  3.3119E-04  4.3453E-04  1.8099E-02  1.8279E-02
  3.3412E-04  4.3837E-04  1.8231E-02  1.8413E-02
  3.3706E-04  4.4223E-04  1.8364E-02  1.8547E-02
  3.4002E-04  4.4611E-04  1.8497E-02  1.8682E-02
  3.4300E-04  4.5003E-04  1.8632E-02  1.8818E-02
  3.4600E-04  4.5396E-04  1.8766E-02  1.8954E-02
  3.4903E-04  4.5793E-04  1.8902E-02  1.9091E-02
  3.5207E-04  4.6193E-04  1.9038E-02  1.9228E-02
  3.5514E-04  4.6595E-04  1.9175E-02  1.9367E-02
  3.5822E-04  4.6999E-04  1.9313E-02  1.9506E-02
  3.6133E-04  4.7407E-04  1.9451E-02  1.9645E-02
  3.6446E-04  4.7818E-04  1.9590E-02  1.9786E-02
  3.6761E-04  4.8231E-04  1.9730E-02  1.9927E-02
  3.7078E-04  4.8647E-04  1.9870E-02  2.0069E-02
  3.7397E-04  4.9066E-04  2.0011E-02  2.0211E-02
  3.7719E-04  4.9487E-04  2.0153E-02  2.0354E-02
  3.8042E-04  4.9912E-04  2.0296E-02  2.0498E-02
  3.8368E-04  5.0340E-04  2.0439E-02  2.0643E-02
  3.8696E-04  5.0770E-04  2.0583E-02  2.0788E-02
  3.9026E-04  5.1204E-04  2.0728E-02  2.0934E-02
  3.9359E-04  5.1640E-04  2.0873E-02  2.1081E-02
  3.9694E-04  5.2079E-04  2.1019E-02  2.1229E-02
  4.0031E-04  5.2522E-04  2.1166E-02  2.1377E-02
  4.0371E-04  5.2967E-04  2.1314E-02  2.1526E-02
  4.0712E-04  5.3415E-04  2.1462E-02  2.1676E-02
  4.1057E-04  5.3867E-04  2.1611E-02  2.1827E-02
  4.1403E-04  5.4322E-04  2.1761E-02  2.1978E-02
  4.1752E-04  5.4779E-04  2.1912E-02  2.2130E-02
  4.2103E-04  5.5240E-04  2.2063E-02  2.2283E-02
  4.2457E-04  5.5704E-04  2.2215E-02  2.2437E-02
  4.2813E-04  5.6171E-04  2.2368E-02  2.2591E-02
  4.3171E-04  5.6642E-04  2.2522E-02  2.2746E-02
  4.3532E-04  5.7115E-04  2.2676E-02  2.2902E-02
  4.3896E-04  5.7592E-04  2.2831E-02  2.3059E-02
  4.4262E-04  5.8072E-04  2.2987E-02  2.3216E-02
  4.4630E-04  5.8555E-04  2.3144E-02  2.3374E-02
  4.5001E-04  5.9042E-04  2.3301E-02  2.3533E-02
  4.5374E-04  5.9532E-04  2.3460E-02  2.3693E-02
  4.5750E-04  6.0025E-04  2.3619E-02  2.3854E-02
  4.6129E-04  6.0522E-04  2.3778E-02  2.4015E-02
  4.6510E-04  6.1022E-04  2.3939E-02  2.4177E-02
  4.6894E-04  6.1526E-04  2.4100E-02  2.4340E-02
  4.7280E-04  6.2033E-04  2.4263E-02  2.4504E-02
  4.7669E-04  6.2543E-04  2.4426E-02  2.4669E-02
  4.8061E-04  6.3057E-04  2.4590E-02  2.4834E-02
  4.8456E-04  6.3575E-04  2.4754E-02  2.5001E-02
  4.8853E-04  6.4096E-04  2.4920E-02  2.5168E-02
  4.9253E-04  6.4620E-04  2.5086E-02  2.5336E-02
  4.9655E-04  6.5148E-04  2.5253E-02  2.5504E-02
  5.0060E-04  6.5680E-04  2.5421E-02  2.5674E-02
  5.0468E-04  6.6216E-04  2.5590E-02  2.5844E-02
  5.0879E-04  6.6755E-04  2.5759E-02  2.6015E-02
  5.1293E-04  6.7297E-04  2.5930E-02  2.6188E-02
  5.1709E-04  6.7844E-04  2.6101E-02  2.6360E-02
  5.2129E-04  6.8394E-04  2.6273E-02  2.6534E-02
  5.2551E-04  6.8948E-04  2.6446E-02  2.6709E-02
  5.2976E-04  6.9506E-04  2.6620E-02  2.6884E-02
  5.3404E-04  7.0067E-04  2.6794E-02  2.7061E-02
  5.3835E-04  7.0633E-04  2.6970E-02  2.7238E-02
  5.4269E-04  7.1202E-04  2.7146E-02  2.7416E-02
  5.4706E-04  7.1775E-04  2.7323E-02  2.7595E-02
  5.5146E-04  7.2352E-04  2.7501E-02  2.7775E-02
  5.5589E-04  7.2933E-04  2.7680E-02  2.7955E-02
  5.6034E-04  7.3518E-04  2.7860E-02  2.8137E-02
  5.6483E-04  7.4107E-04  2.8041E-02  2.8319E-02
  5.6935E-04  7.4700E-04  2.8222E-02  2.8503E-02
  5.7390E-04  7.5297E-04  2.8405E-02  2.8687E-02
  5.7849E-04  7.5899E-04  2.8588E-02  2.8872E-02
  5.8310E-04  7.6504E-04  2.8772E-02  2.9058E-02
  5.8775E-04  7.7113E-04  2.8957E-02  2.9245E-02
  5.9242E-04  7.7727E-04  2.9143E-02  2.9433E-02
  5.9713E-04  7.8345E-04  2.9330E-02  2.9621E-02
  6.0187E-04  7.8967E-04  2.9518E-02  2.9811E-02
  6.0665E-04  7.9593E-04  2.9707E-02  3.0002E-02
  6.1145E-04  8.0224E-04  2.9896E-02  3.0193E-02
  6.1629E-04  8.0858E-04  3.0087E-02  3.0385E-02
  6.2116E-04  8.1498E-04  3.0278E-02  3.0579E-02
  6.2607E-04  8.2141E-04  3.0470E-02  3.0773E-02
  6.3101E-04  8.2789E-04  3.0664E-02  3.0968E-02
  6.3598E-04  8.3442E-04  3.0858E-02  3.1164E-02
  6.4099E-04  8.4099E-04  3.1053E-02  3.1361E-02
  6.4603E-04  8.4760E-04  3.1249E-02  3.1559E-02
  6.5110E-04  8.5426E-04  3.1446E-02  3.1758E-02
  6.5621E-04  8.6096E-04  3.1644E-02  3.1958E-02
  6.6136E-04  8.6771E-04  3.1843E-02  3.2159E-02
  6.6654E-04  8.7451E-04  3.2043E-02  3.2361E-02
  6.7175E-04  8.8135E-04  3.2244E-02  3.2563E-02
  6.7700E-04  8.8824E-04  3.2445E-02  3.2767E-02
  6.8229E-04  8.9518E-04  3.2648E-02  3.2972E-02
  6.8762E-04  9.0216E-04  3.2852E-02  3.3177E-02
  6.9298E-04  9.0920E-04  3.3056E-02  3.3384E-02
  6.9837E-04  9.1628E-04  3.3262E-02  3.3592E-02
  7.0381E-04  9.2341E-04  3.3468E-02  3.3800E-02
  7.0928E-04  9.3058E-04  3.3676E-02  3.4010E-02
  7.1478E-04  9.3781E-04  3.3884E-02  3.4220E-02
  7.2033E-04  9.4509E-04  3.4094E-02  3.4432E-02
  7.2591E-04  9.5241E-04  3.4304E-02  3.4644E-02
  7.3153E-04  9.5979E-04  3.4516E-02  3.4858E-02
  7.3720E-04  9.6721E-04  3.4728E-02  3.5072E-02
  7.4289E-04  9.7469E-04  3.4941E-02  3.5288E-02
  7.4863E-04  9.8222E-04  3.5156E-02  3.5504E-02
  7.5441E-04  9.8980E-04  3.5371E-02  3.5722E-02
  7.6023E-04  9.9743E-04  3.5588E-02  3.5940E-02
  7.6608E-04  1.0051E-03  3.5805E-02  3.6160E-02
  7.7198E-04  1.0129E-03  3.6024E-02  3.6380E-02
  7.7792E-04  1.0206E-03  3.6243E-02  3.6602E-02
  7.8389E-04  1.0285E-03  3.6463E-02  3.6825E-02
  7.8991E-04  1.0364E-03  3.6685E-02  3.7048E-02
  7.9597E-04  1.0443E-03  3.6907E-02  3.7273E-02
  8.0207E-04  1.0523E-03  3.7131E-02  3.7499E-02
  8.0822E-04  1.0604E-03  3.7355E-02  3.7725E-02
  8.1440E-04  1.0685E-03  3.7581E-02  3.7953E-02
  8.2063E-04  1.0767E-03  3.7808E-02  3.8182E-02
  8.2690E-04  1.0849E-03  3.8035E-02  3.8412E-02
  8.3321E-04  1.0932E-03  3.8264E-02  3.8643E-02
  8.3956E-04  1.1015E-03  3.8494E-02  3.8875E-02
  8.4596E-04  1.1099E-03  3.8724E-02  3.9108E-02
  8.5241E-04  1.1184E-03  3.8956E-02  3.9342E-02
  8.5889E-04  1.1269E-03  3.9189E-02  3.9577E-02
  8.6543E-04  1.1355E-03  3.9423E-02  3.9813E-02
  8.7200E-04  1.1441E-03  3.9658E-02  4.0050E-02
  8.7862E-04  1.1528E-03  3.9894E-02  4.0288E-02
  8.8529E-04  1.1615E-03  4.0131E-02  4.0528E-02
  8.9200E-04  1.1703E-03  4.0369E-02  4.0768E-02
  8.9876E-04  1.1792E-03  4.0608E-02  4.1010E-02
  9.0556E-04  1.1881E-03  4.0848E-02  4.1252E-02
  9.1241E-04  1.1971E-03  4.1090E-02  4.1496E-02
  9.1931E-04  1.2062E-03  4.1332E-02  4.1741E-02
  9.2626E-04  1.2153E-03  4.1576E-02  4.1987E-02
  9.3325E-04  1.2244E-03  4.1820E-02  4.2234E-02
  9.4029E-04  1.2337E-03  4.2066E-02  4.2482E-02
  9.4738E-04  1.2430E-03  4.2313E-02  4.2731E-02
  9.5451E-04  1.2523E-03  4.2560E-02  4.2981E-02
  9.6170E-04  1.2618E-03  4.2809E-02  4.3232E-02
  9.6893E-04  1.2713E-03  4.3059E-02  4.3485E-02
  9.7622E-04  1.2808E-03  4.3310E-02  4.3738E-02
  9.8355E-04  1.2904E-03  4.3563E-02  4.3993E-02
  9.9093E-04  1.3001E-03  4.3816E-02  4.4249E-02
  9.9837E-04  1.3099E-03  4.4070E-02  4.4506E-02
  1.0059E-03  1.3197E-03  4.4326E-02  4.4764E-02
  1.0134E-03  1.3296E-03  4.4583E-02  4.5023E-02
  1.0210E-03  1.3395E-03  4.4840E-02  4.5283E-02
  1.0286E-03  1.3496E-03  4.5099E-02  4.5544E-02
  1.0363E-03  1.3597E-03  4.5359E-02  4.5807E-02
  1.0441E-03  1.3698E-03  4.5620E-02  4.6070E-02
  1.0519E-03  1.3801E-03  4.5882E-02  4.6335E-02
  1.0597E-03  1.3904E-03  4.6145E-02  4.6601E-02
  1.0676E-03  1.4007E-03  4.6410E-02  4.6868E-02
  1.0756E-03  1.4112E-03  4.6675E-02  4.7136E-02
  1.0836E-03  1.4217E-03  4.6942E-02  4.7405E-02
  1.0916E-03  1.4323E-03  4.7210E-02  4.7676E-02
  1.0998E-03  1.4429E-03  4.7479E-02  4.7947E-02
  1.1080E-03  1.4537E-03  4.7749E-02  4.8220E-02
  1.1162E-03  1.4645E-03  4.8020E-02  4.8494E-02
  1.1245E-03  1.4753E-03  4.8292E-02  4.8768E-02
  1.1328E-03  1.4863E-03  4.8566E-02  4.9045E-02
  1.1412E-03  1.4973E-03  4.8840E-02  4.9322E-02
  1.1497E-03  1.5084E-03  4.9116E-02  4.9600E-02
  1.1582E-03  1.5196E-03  4.9393E-02  4.9880E-02
  1.1668E-03  1.5309E-03  4.9671E-02  5.0160E-02
  1.1754E-03  1.5422E-03  4.9950E-02  5.0442E-02
  1.1841E-03  1.5536E-03  5.0230E-02  5.0725E-02
  1.1929E-03  1.5651E-03  5.0512E-02  5.1009E-02
  1.2017E-03  1.5767E-03  5.0794E-02  5.1295E-02
  1.2106E-03  1.5883E-03  5.1078E-02  5.1581E-02
  1.2195E-03  1.6000E-03  5.1363E-02  5.1869E-02
  1.2285E-03  1.6118E-03  5.1649E-02  5.2157E-02
  1.2376E-03  1.6237E-03  5.1936E-02  5.2447E-02
  1.2467E-03  1.6357E-03  5.2224E-02  5.2738E-02
  1.2559E-03  1.6477E-03  5.2514E-02  5.3031E-02
  1.2651E-03  1.6599E-03  5.2804E-02  5.3324E-02
  1.2744E-03  1.6721E-03  5.3096E-02  5.3619E-02
  1.2838E-03  1.6844E-03  5.3389E-02  5.3914E-02
  1.2932E-03  1.6968E-03  5.3683E-02  5.4211E-02
  1.3027E-03  1.7092E-03  5.3978E-02  5.4509E-02
  1.3123E-03  1.7218E-03  5.4275E-02  5.4808E-02
  1.3219E-03  1.7344E-03  5.4572E-02  5.5109E-02
  1.3316E-03  1.7471E-03  5.4871E-02  5.5410E-02
  1.3414E-03  1.7600E-03  5.5171E-02  5.5713E-02
  1.3512E-03  1.7729E-03  5.5472E-02  5.6017E-02
  1.3611E-03  1.7858E-03  5.5774E-02  5.6322E-02
  1.3711E-03  1.7989E-03  5.6077E-02  5.6628E-02
  1.3811E-03  1.8121E-03  5.6381E-02  5.6936E-02
  1.3912E-03  1.8253E-03  5.6687E-02  5.7244E-02
  1.4014E-03  1.8387E-03  5.6994E-02  5.7554E-02
  1.4117E-03  1.8521E-03  5.7302E-02  5.7865E-02
  1.4220E-03  1.8657E-03  5.7611E-02  5.8177E-02
  1.4324E-03  1.8793E-03  5.7921E-02  5.8490E-02
  1.4428E-03  1.8930E-03  5.8232E-02  5.8804E-02
  1.4533E-03  1.9068E-03  5.8545E-02  5.9120E-02
  1.4639E-03  1.9207E-03  5.8859E-02  5.9437E-02
  1.4746E-03  1.9347E-03  5.9173E-02  5.9754E-02
  1.4853E-03  1.9488E-03  5.9489E-02  6.0073E-02
  1.4962E-03  1.9630E-03  5.9806E-02  6.0394E-02
  1.5070E-03  1.9773E-03  6.0125E-02  6.0715E-02
  1.5180E-03  1.9917E-03  6.0444E-02  6.1037E-02
  1.5291E-03  2.0061E-03  6.0765E-02  6.1361E-02
  1.5402E-03  2.0207E-03  6.1086E-02  6.1686E-02
  1.5514E-03  2.0354E-03  6.1409E-02  6.2012E-02
  1.5626E-03  2.0502E-03  6.1733E-02  6.2339E-02
  1.5740E-03  2.0651E-03  6.2058E-02  6.2667E-02
  1.5854E-03  2.0801E-03  6.2385E-02  6.2996E-02
  1.5969E-03  2.0952E-03  6.2712E-02  6.3327E-02
  1.6085E-03  2.1103E-03  6.3040E-02  6.3658E-02
  1.6201E-03  2.1256E-03  6.3370E-02  6.3991E-02
  1.6319E-03  2.1410E-03  6.3701E-02  6.4325E-02
  1.6437E-03  2.1565E-03  6.4033E-02  6.4660E-02
  1.6556E-03  2.1722E-03  6.4366E-02  6.4996E-02
  1.6676E-03  2.1879E-03  6.4700E-02  6.5334E-02
  1.6796E-03  2.2037E-03  6.5035E-02  6.5672E-02
  1.6918E-03  2.2196E-03  6.5371E-02  6.6012E-02
  1.7040E-03  2.2357E-03  6.5709E-02  6.6352E-02
  1.7163E-03  2.2518E-03  6.6048E-02  6.6694E-02
  1.7287E-03  2.2681E-03  6.6387E-02  6.7037E-02
  1.7412E-03  2.2845E-03  6.6728E-02  6.7381E-02
  1.7538E-03  2.3010E-03  6.7070E-02  6.7726E-02
  1.7664E-03  2.3176E-03  6.7413E-02  6.8073E-02
  1.7791E-03  2.3343E-03  6.7757E-02  6.8420E-02
  1.7920E-03  2.3511E-03  6.8102E-02  6.8768E-02
  1.8049E-03  2.3680E-03  6.8448E-02  6.9118E-02
  1.8179E-03  2.3851E-03  6.8796E-02  6.9469E-02
  1.8310E-03  2.4023E-03  6.9144E-02  6.9820E-02
  1.8442E-03  2.4196E-03  6.9494E-02  7.0173E-02
  1.8574E-03  2.4370E-03  6.9844E-02  7.0527E-02
  1.8708E-03  2.4545E-03  7.0196E-02  7.0882E-02
  1.8842E-03  2.4722E-03  7.0548E-02  7.1238E-02
  1.8978E-03  2.4899E-03  7.0902E-02  7.1595E-02
  1.9114E-03  2.5078E-03  7.1257E-02  7.1953E-02
  1.9252E-03  2.5258E-03  7.1612E-02  7.2312E-02
  1.9390E-03  2.5440E-03  7.1969E-02  7.2672E-02
  1.9529E-03  2.5622E-03  7.2327E-02  7.3033E-02
  1.9669E-03  2.5806E-03  7.2686E-02  7.3396E-02
  1.9810E-03  2.5991E-03  7.3046E-02  7.3759E-02
  1.9952E-03  2.6178E-03  7.3407E-02  7.4123E-02
  2.0095E-03  2.6365E-03  7.3769E-02  7.4489E-02
  2.0239E-03  2.6554E-03  7.4131E-02  7.4855E-02
  2.0384E-03  2.6745E-03  7.4495E-02  7.5222E-02
  2.0530E-03  2.6936E-03  7.4860E-02  7.5591E-02
  2.0677E-03  2.7129E-03  7.5226E-02  7.5960E-02
  2.0825E-03  2.7323E-03  7.5593E-02  7.6330E-02
  2.0974E-03  2.7519E-03  7.5961E-02  7.6701E-02
  2.1124E-03  2.7716E-03  7.6329E-02  7.7074E-02
  2.1275E-03  2.7914E-03  7.6699E-02  7.7447E-02
  2.1428E-03  2.8113E-03  7.7070E-02  7.7821E-02
  2.1581E-03  2.8314E-03  7.7441E-02  7.8196E-02
  2.1735E-03  2.8516E-03  7.7814E-02  7.8572E-02
  2.1890E-03  2.8720E-03  7.8187E-02  7.8949E-02
  2.2046E-03  2.8925E-03  7.8561E-02  7.9326E-02
  2.2204E-03  2.9132E-03  7.8937E-02  7.9705E-02
  2.2362E-03  2.9340E-03  7.9313E-02  8.0085E-02
  2.2522E-03  2.9549E-03  7.9690E-02  8.0465E-02
  2.2682E-03  2.9760E-03  8.0067E-02  8.0847E-02
  2.2844E-03  2.9972E-03  8.0446E-02  8.1229E-02
  2.3007E-03  3.0185E-03  8.0826E-02  8.1612E-02
  2.3171E-03  3.0400E-03  8.1206E-02  8.1996E-02
  2.3336E-03  3.0617E-03  8.1587E-02  8.2381E-02
  2.3502E-03  3.0835E-03  8.1969E-02  8.2766E-02
  2.3669E-03  3.1054E-03  8.2352E-02  8.3153E-02
  2.3838E-03  3.1276E-03  8.2736E-02  8.3540E-02
  2.4007E-03  3.1498E-03  8.3120E-02  8.3928E-02
  2.4178E-03  3.1722E-03  8.3505E-02  8.4317E-02
  2.4350E-03  3.1948E-03  8.3891E-02  8.4706E-02
  2.4523E-03  3.2175E-03  8.4278E-02  8.5096E-02
  2.4697E-03  3.2403E-03  8.4665E-02  8.5487E-02
  2.4873E-03  3.2634E-03  8.5053E-02  8.5879E-02
  2.5050E-03  3.2866E-03  8.5442E-02  8.6272E-02
  2.5228E-03  3.3099E-03  8.5832E-02  8.6665E-02
  2.5407E-03  3.3334E-03  8.6222E-02  8.7059E-02
  2.5587E-03  3.3571E-03  8.6613E-02  8.7453E-02
  2.5769E-03  3.3809E-03  8.7005E-02  8.7849E-02
  2.5951E-03  3.4049E-03  8.7397E-02  8.8245E-02
  2.6136E-03  3.4290E-03  8.7790E-02  8.8641E-02
  2.6321E-03  3.4533E-03  8.8183E-02  8.9038E-02
  2.6507E-03  3.4778E-03  8.8577E-02  8.9436E-02
  2.6695E-03  3.5025E-03  8.8972E-02  8.9834E-02
  2.6884E-03  3.5273E-03  8.9367E-02  9.0233E-02
  2.7075E-03  3.5523E-03  8.9763E-02  9.0633E-02
  2.7267E-03  3.5774E-03  9.0160E-02  9.1033E-02
  2.7460E-03  3.6028E-03  9.0557E-02  9.1433E-02
  2.7654E-03  3.6283E-03  9.0954E-02  9.1834E-02
  2.7850E-03  3.6539E-03  9.1352E-02  9.2236E-02
  2.8047E-03  3.6798E-03  9.1750E-02  9.2638E-02
  2.8245E-03  3.7058E-03  9.2149E-02  9.3041E-02
  2.8445E-03  3.7320E-03  9.2548E-02  9.3444E-02
  2.8646E-03  3.7584E-03  9.2948E-02  9.3847E-02
  2.8849E-03  3.7850E-03  9.3348E-02  9.4251E-02
  2.9053E-03  3.8117E-03  9.3749E-02  9.4655E-02
  2.9258E-03  3.8387E-03  9.4150E-02  9.5059E-02
  2.9465E-03  3.8658E-03  9.4551E-02  9.5464E-02
  2.9673E-03  3.8931E-03  9.4952E-02  9.5870E-02
  2.9882E-03  3.9206E-03  9.5354E-02  9.6275E-02
  3.0093E-03  3.9483E-03  9.5757E-02  9.6681E-02
  3.0306E-03  3.9761E-03  9.6159E-02  9.7087E-02
  3.0519E-03  4.0042E-03  9.6562E-02  9.7493E-02
  3.0735E-03  4.0324E-03  9.6965E-02  9.7900E-02
  3.0951E-03  4.0609E-03  9.7368E-02  9.8307E-02
  3.1170E-03  4.0895E-03  9.7771E-02  9.8714E-02
  3.1390E-03  4.1183E-03  9.8175E-02  9.9121E-02
  3.1611E-03  4.1474E-03  9.8578E-02  9.9528E-02
  3.1834E-03  4.1766E-03  9.8982E-02  9.9936E-02
  3.2058E-03  4.2060E-03  9.9386E-02  1.0034E-01
  3.2284E-03  4.2357E-03  9.9790E-02  1.0075E-01
  3.2511E-03  4.2655E-03  1.0019E-01  1.0116E-01
  3.2740E-03  4.2955E-03  1.0060E-01  1.0157E-01
  3.2971E-03  4.3258E-03  1.0100E-01  1.0197E-01
  3.3203E-03  4.3562E-03  1.0141E-01  1.0238E-01
  3.3436E-03  4.3869E-03  1.0181E-01  1.0279E-01
  3.3672E-03  4.4177E-03  1.0221E-01  1.0320E-01
  3.3908E-03  4.4488E-03  1.0262E-01  1.0360E-01
  3.4147E-03  4.4801E-03  1.0302E-01  1.0401E-01
  3.4387E-03  4.5116E-03  1.0342E-01  1.0442E-01
  3.4629E-03  4.5433E-03  1.0383E-01  1.0483E-01
  3.4872E-03  4.5753E-03  1.0423E-01  1.0523E-01
  3.5117E-03  4.6074E-03  1.0463E-01  1.0564E-01
  3.5364E-03  4.6398E-03  1.0504E-01  1.0604E-01
  3.5613E-03  4.6724E-03  1.0544E-01  1.0645E-01
  3.5863E-03  4.7052E-03  1.0584E-01  1.0686E-01
  3.6115E-03  4.7383E-03  1.0624E-01  1.0726E-01
  3.6368E-03  4.7715E-03  1.0664E-01  1.0767E-01
  3.6623E-03  4.8050E-03  1.0704E-01  1.0807E-01
  3.6881E-03  4.8388E-03  1.0745E-01  1.0847E-01
  3.7139E-03  4.8727E-03  1.0785E-01  1.0888E-01
  3.7400E-03  4.9069E-03  1.0824E-01  1.0928E-01
  3.7662E-03  4.9413E-03  1.0864E-01  1.0968E-01
  3.7926E-03  4.9760E-03  1.0904E-01  1.1009E-01
  3.8192E-03  5.0109E-03  1.0944E-01  1.1049E-01
  3.8460E-03  5.0460E-03  1.0984E-01  1.1089E-01
  3.8730E-03  5.0814E-03  1.1023E-01  1.1129E-01
  3.9001E-03  5.1170E-03  1.1063E-01  1.1169E-01
  3.9275E-03  5.1529E-03  1.1102E-01  1.1208E-01
  3.9550E-03  5.1890E-03  1.1142E-01  1.1248E-01
  3.9827E-03  5.2253E-03  1.1181E-01  1.1288E-01
  4.0106E-03  5.2619E-03  1.1220E-01  1.1328E-01
  4.0387E-03  5.2988E-03  1.1260E-01  1.1367E-01
  4.0670E-03  5.3359E-03  1.1299E-01  1.1406E-01
  4.0954E-03  5.3733E-03  1.1338E-01  1.1446E-01
  4.1241E-03  5.4109E-03  1.1377E-01  1.1485E-01
  4.1530E-03  5.4487E-03  1.1415E-01  1.1524E-01
  4.1820E-03  5.4869E-03  1.1454E-01  1.1563E-01
  4.2113E-03  5.5253E-03  1.1493E-01  1.1602E-01
  4.2408E-03  5.5639E-03  1.1531E-01  1.1641E-01
  4.2704E-03  5.6028E-03  1.1569E-01  1.1680E-01
  4.3003E-03  5.6420E-03  1.1608E-01  1.1718E-01
  4.3304E-03  5.6815E-03  1.1646E-01  1.1756E-01
  4.3606E-03  5.7212E-03  1.1684E-01  1.1795E-01
  4.3911E-03  5.7612E-03  1.1722E-01  1.1833E-01
  4.4218E-03  5.8014E-03  1.1759E-01  1.1871E-01
  4.4527E-03  5.8420E-03  1.1797E-01  1.1909E-01
  4.4838E-03  5.8828E-03  1.1834E-01  1.1946E-01
  4.5151E-03  5.9239E-03  1.1871E-01  1.1984E-01
  4.5467E-03  5.9653E-03  1.1909E-01  1.2021E-01
  4.5784E-03  6.0069E-03  1.1945E-01  1.2059E-01
  4.6104E-03  6.0489E-03  1.1982E-01  1.2096E-01
  4.6426E-03  6.0911E-03  1.2019E-01  1.2133E-01
  4.6750E-03  6.1336E-03  1.2055E-01  1.2169E-01
  4.7076E-03  6.1765E-03  1.2091E-01  1.2206E-01
  4.7405E-03  6.2196E-03  1.2127E-01  1.2242E-01
  4.7736E-03  6.2630E-03  1.2163E-01  1.2278E-01
  4.8069E-03  6.3067E-03  1.2199E-01  1.2314E-01
  4.8404E-03  6.3507E-03  1.2234E-01  1.2350E-01
  4.8742E-03  6.3950E-03  1.2270E-01  1.2386E-01
  4.9082E-03  6.4396E-03  1.2305E-01  1.2421E-01
  4.9424E-03  6.4845E-03  1.2340E-01  1.2456E-01
  4.9769E-03  6.5297E-03  1.2374E-01  1.2491E-01
  5.0116E-03  6.5752E-03  1.2409E-01  1.2526E-01
  5.0465E-03  6.6210E-03  1.2443E-01  1.2560E-01
  5.0817E-03  6.6672E-03  1.2477E-01  1.2594E-01
  5.1171E-03  6.7136E-03  1.2510E-01  1.2628E-01
  5.1528E-03  6.7604E-03  1.2544E-01  1.2662E-01
  5.1887E-03  6.8075E-03  1.2577E-01  1.2695E-01
  5.2248E-03  6.8549E-03  1.2610E-01  1.2728E-01
  5.2612E-03  6.9027E-03  1.2643E-01  1.2761E-01
  5.2978E-03  6.9508E-03  1.2675E-01  1.2794E-01
  5.3347E-03  6.9992E-03  1.2707E-01  1.2826E-01
  5.3719E-03  7.0479E-03  1.2739E-01  1.2858E-01
  5.4093E-03  7.0970E-03  1.2770E-01  1.2890E-01
  5.4469E-03  7.1464E-03  1.2802E-01  1.2922E-01
  5.4848E-03  7.1961E-03  1.2833E-01  1.2953E-01
  5.5230E-03  7.2462E-03  1.2863E-01  1.2984E-01
  5.5614E-03  7.2966E-03  1.2894E-01  1.3014E-01
  5.6001E-03  7.3474E-03  1.2924E-01  1.3045E-01
  5.6391E-03  7.3985E-03  1.2953E-01  1.3074E-01
  5.6783E-03  7.4500E-03  1.2983E-01  1.3104E-01
  5.7178E-03  7.5018E-03  1.3012E-01  1.3133E-01
  5.7576E-03  7.5540E-03  1.3040E-01  1.3162E-01
  5.7976E-03  7.6065E-03  1.3069E-01  1.3191E-01
  5.8379E-03  7.6594E-03  1.3097E-01  1.3219E-01
  5.8785E-03  7.7126E-03  1.3124E-01  1.3247E-01
  5.9194E-03  7.7662E-03  1.3152E-01  1.3274E-01
  5.9605E-03  7.8202E-03  1.3179E-01  1.3301E-01
  6.0020E-03  7.8746E-03  1.3205E-01  1.3328E-01
  6.0437E-03  7.9293E-03  1.3231E-01  1.3354E-01
  6.0857E-03  7.9844E-03  1.3257E-01  1.3380E-01
  6.1279E-03  8.0398E-03  1.3282E-01  1.3405E-01
  6.1705E-03  8.0957E-03  1.3307E-01  1.3430E-01
  6.2134E-03  8.1519E-03  1.3332E-01  1.3455E-01
  6.2565E-03  8.2085E-03  1.3356E-01  1.3479E-01
  6.3000E-03  8.2655E-03  1.3379E-01  1.3503E-01
  6.3437E-03  8.3229E-03  1.3402E-01  1.3526E-01
  6.3878E-03  8.3807E-03  1.3425E-01  1.3549E-01
  6.4321E-03  8.4389E-03  1.3447E-01  1.3572E-01
  6.4768E-03  8.4975E-03  1.3469E-01  1.3594E-01
  6.5217E-03  8.5565E-03  1.3491E-01  1.3615E-01
  6.5670E-03  8.6159E-03  1.3512E-01  1.3636E-01
  6.6126E-03  8.6756E-03  1.3532E-01  1.3657E-01
  6.6585E-03  8.7358E-03  1.3552E-01  1.3677E-01
  6.7047E-03  8.7965E-03  1.3571E-01  1.3696E-01
  6.7512E-03  8.8575E-03  1.3590E-01  1.3715E-01
  6.7980E-03  8.9189E-03  1.3609E-01  1.3734E-01
  6.8452E-03  8.9808E-03  1.3626E-01  1.3751E-01
  6.8926E-03  9.0431E-03  1.3644E-01  1.3769E-01
  6.9404E-03  9.1058E-03  1.3661E-01  1.3786E-01
  6.9886E-03  9.1689E-03  1.3677E-01  1.3802E-01
  7.0370E-03  9.2325E-03  1.3692E-01  1.3818E-01
  7.0858E-03  9.2965E-03  1.3708E-01  1.3833E-01
  7.1349E-03  9.3609E-03  1.3722E-01  1.3847E-01
  7.1844E-03  9.4258E-03  1.3736E-01  1.3861E-01
  7.2342E-03  9.4912E-03  1.3749E-01  1.3875E-01
  7.2843E-03  9.5569E-03  1.3762E-01  1.3888E-01
  7.3348E-03  9.6232E-03  1.3774E-01  1.3900E-01
  7.3856E-03  9.6898E-03  1.3786E-01  1.3911E-01
  7.4368E-03  9.7570E-03  1.3797E-01  1.3922E-01
  7.4883E-03  9.8246E-03  1.3807E-01  1.3933E-01
  7.5402E-03  9.8926E-03  1.3817E-01  1.3942E-01
  7.5924E-03  9.9612E-03  1.3826E-01  1.3951E-01
  7.6450E-03  1.0030E-02  1.3834E-01  1.3960E-01
  7.6980E-03  1.0100E-02  1.3842E-01  1.3967E-01
  7.7513E-03  1.0170E-02  1.3849E-01  1.3974E-01
  7.8050E-03  1.0240E-02  1.3855E-01  1.3980E-01
  7.8590E-03  1.0311E-02  1.3861E-01  1.3986E-01
  7.9134E-03  1.0382E-02  1.3866E-01  1.3991E-01
  7.9682E-03  1.0454E-02  1.3870E-01  1.3995E-01
  8.0234E-03  1.0526E-02  1.3874E-01  1.3998E-01
  8.0789E-03  1.0599E-02  1.3876E-01  1.4001E-01
  8.1348E-03  1.0673E-02  1.3878E-01  1.4003E-01
  8.1911E-03  1.0747E-02  1.3880E-01  1.4004E-01
  8.2478E-03  1.0821E-02  1.3880E-01  1.4004E-01
  8.3049E-03  1.0896E-02  1.3880E-01  1.4004E-01
  8.3623E-03  1.0971E-02  1.3879E-01  1.4003E-01
  8.4202E-03  1.1047E-02  1.3877E-01  1.4001E-01
  8.4784E-03  1.1123E-02  1.3875E-01  1.3998E-01
  8.5371E-03  1.1200E-02  1.3871E-01  1.3994E-01
  8.5961E-03  1.1278E-02  1.3867E-01  1.3990E-01
  8.6556E-03  1.1356E-02  1.3862E-01  1.3985E-01
  8.7154E-03  1.1434E-02  1.3856E-01  1.3979E-01
  8.7757E-03  1.1513E-02  1.3849E-01  1.3972E-01
  8.8364E-03  1.1593E-02  1.3842E-01  1.3964E-01
  8.8975E-03  1.1673E-02  1.3833E-01  1.3955E-01
  8.9590E-03  1.1754E-02  1.3824E-01  1.3946E-01
  9.0209E-03  1.1835E-02  1.3814E-01  1.3935E-01
  9.0833E-03  1.1917E-02  1.3802E-01  1.3924E-01
  9.1461E-03  1.1999E-02  1.3790E-01  1.3911E-01
  9.2093E-03  1.2082E-02  1.3777E-01  1.3898E-01
  9.2729E-03  1.2166E-02  1.3764E-01  1.3884E-01
  9.3370E-03  1.2250E-02  1.3749E-01  1.3869E-01
  9.4015E-03  1.2334E-02  1.3733E-01  1.3853E-01
  9.4665E-03  1.2420E-02  1.3716E-01  1.3836E-01
  9.5319E-03  1.2505E-02  1.3699E-01  1.3818E-01
  9.5977E-03  1.2592E-02  1.3680E-01  1.3799E-01
  9.6640E-03  1.2679E-02  1.3660E-01  1.3778E-01
  9.7308E-03  1.2766E-02  1.3640E-01  1.3757E-01
  9.7980E-03  1.2855E-02  1.3618E-01  1.3735E-01
  9.8657E-03  1.2943E-02  1.3595E-01  1.3712E-01
  9.9338E-03  1.3033E-02  1.3572E-01  1.3688E-01
  1.0002E-02  1.3123E-02  1.3547E-01  1.3663E-01
  1.0072E-02  1.3213E-02  1.3521E-01  1.3637E-01
  1.0141E-02  1.3305E-02  1.3494E-01  1.3609E-01
  1.0211E-02  1.3396E-02  1.3466E-01  1.3581E-01
  1.0282E-02  1.3489E-02  1.3437E-01  1.3552E-01
  1.0353E-02  1.3582E-02  1.3407E-01  1.3521E-01
  1.0424E-02  1.3676E-02  1.3376E-01  1.3489E-01
  1.0496E-02  1.3770E-02  1.3344E-01  1.3456E-01
  1.0568E-02  1.3865E-02  1.3310E-01  1.3422E-01
  1.0641E-02  1.3961E-02  1.3276E-01  1.3387E-01
  1.0715E-02  1.4057E-02  1.3240E-01  1.3351E-01
  1.0789E-02  1.4154E-02  1.3203E-01  1.3314E-01
  1.0863E-02  1.4252E-02  1.3165E-01  1.3275E-01
  1.0938E-02  1.4350E-02  1.3126E-01  1.3235E-01
  1.1014E-02  1.4449E-02  1.3085E-01  1.3194E-01
  1.1090E-02  1.4549E-02  1.3044E-01  1.3152E-01
  1.1166E-02  1.4649E-02  1.3001E-01  1.3109E-01
  1.1243E-02  1.4750E-02  1.2957E-01  1.3064E-01
  1.1321E-02  1.4852E-02  1.2912E-01  1.3018E-01
  1.1399E-02  1.4955E-02  1.2865E-01  1.2971E-01
  1.1477E-02  1.5058E-02  1.2818E-01  1.2922E-01
  1.1557E-02  1.5161E-02  1.2769E-01  1.2873E-01
  1.1636E-02  1.5266E-02  1.2718E-01  1.2822E-01
  1.1717E-02  1.5371E-02  1.2667E-01  1.2770E-01
  1.1797E-02  1.5477E-02  1.2614E-01  1.2716E-01
  1.1879E-02  1.5584E-02  1.2560E-01  1.2661E-01
  1.1961E-02  1.5691E-02  1.2505E-01  1.2605E-01
  1.2043E-02  1.5800E-02  1.2448E-01  1.2547E-01
  1.2126E-02  1.5909E-02  1.2390E-01  1.2489E-01
  1.2210E-02  1.6018E-02  1.2330E-01  1.2428E-01
  1.2294E-02  1.6129E-02  1.2270E-01  1.2367E-01
  1.2379E-02  1.6240E-02  1.2208E-01  1.2304E-01
  1.2464E-02  1.6352E-02  1.2144E-01  1.2239E-01
  1.2550E-02  1.6464E-02  1.2079E-01  1.2174E-01
  1.2636E-02  1.6578E-02  1.2013E-01  1.2107E-01
  1.2723E-02  1.6692E-02  1.1946E-01  1.2038E-01
  1.2811E-02  1.6807E-02  1.1877E-01  1.1968E-01
  1.2899E-02  1.6923E-02  1.1806E-01  1.1897E-01
  1.2988E-02  1.7039E-02  1.1734E-01  1.1824E-01
  1.3078E-02  1.7157E-02  1.1661E-01  1.1750E-01
  1.3168E-02  1.7275E-02  1.1586E-01  1.1674E-01
  1.3259E-02  1.7394E-02  1.1510E-01  1.1597E-01
  1.3350E-02  1.7514E-02  1.1433E-01  1.1518E-01
  1.3442E-02  1.7634E-02  1.1354E-01  1.1438E-01
  1.3534E-02  1.7756E-02  1.1273E-01  1.1357E-01
  1.3628E-02  1.7878E-02  1.1191E-01  1.1274E-01
  1.3722E-02  1.8001E-02  1.1108E-01  1.1189E-01
  1.3816E-02  1.8125E-02  1.1023E-01  1.1103E-01
  1.3911E-02  1.8250E-02  1.0936E-01  1.1015E-01
  1.4007E-02  1.8376E-02  1.0848E-01  1.0926E-01
  1.4104E-02  1.8502E-02  1.0759E-01  1.0835E-01
  1.4201E-02  1.8630E-02  1.0668E-01  1.0743E-01
  1.4298E-02  1.8758E-02  1.0575E-01  1.0649E-01
  1.4397E-02  1.8887E-02  1.0481E-01  1.0554E-01
  1.4496E-02  1.9017E-02  1.0385E-01  1.0457E-01
  1.4596E-02  1.9148E-02  1.0288E-01  1.0359E-01
  1.4696E-02  1.9280E-02  1.0189E-01  1.0259E-01
  1.4797E-02  1.9413E-02  1.0089E-01  1.0157E-01
  1.4899E-02  1.9546E-02  9.9872E-02  1.0054E-01
  1.5002E-02  1.9681E-02  9.8837E-02  9.9490E-02
  1.5105E-02  1.9816E-02  9.7787E-02  9.8425E-02
  1.5209E-02  1.9953E-02  9.6720E-02  9.7345E-02
  1.5314E-02  2.0090E-02  9.5637E-02  9.6248E-02
  1.5419E-02  2.0228E-02  9.4539E-02  9.5136E-02
  1.5525E-02  2.0367E-02  9.3424E-02  9.4007E-02
  1.5632E-02  2.0507E-02  9.2293E-02  9.2861E-02
  1.5740E-02  2.0648E-02  9.1146E-02  9.1700E-02
  1.5848E-02  2.0791E-02  8.9983E-02  9.0522E-02
  1.5957E-02  2.0934E-02  8.8804E-02  8.9327E-02
  1.6067E-02  2.1078E-02  8.7608E-02  8.8116E-02
  1.6178E-02  2.1223E-02  8.6396E-02  8.6889E-02
  1.6289E-02  2.1369E-02  8.5168E-02  8.5645E-02
  1.6401E-02  2.1516E-02  8.3923E-02  8.4384E-02
  1.6514E-02  2.1664E-02  8.2662E-02  8.3107E-02
  1.6627E-02  2.1813E-02  8.1385E-02  8.1813E-02
  1.6742E-02  2.1963E-02  8.0091E-02  8.0503E-02
  1.6857E-02  2.2114E-02  7.8780E-02  7.9176E-02
  1.6973E-02  2.2266E-02  7.7453E-02  7.7832E-02
  1.7090E-02  2.2419E-02  7.6110E-02  7.6472E-02
  1.7207E-02  2.2573E-02  7.4750E-02  7.5095E-02
  1.7325E-02  2.2728E-02  7.3373E-02  7.3701E-02
  1.7445E-02  2.2884E-02  7.1980E-02  7.2290E-02
  1.7565E-02  2.3042E-02  7.0571E-02  7.0863E-02
  1.7685E-02  2.3200E-02  6.9145E-02  6.9419E-02
  1.7807E-02  2.3360E-02  6.7702E-02  6.7958E-02
  1.7930E-02  2.3520E-02  6.6243E-02  6.6481E-02
  1.8053E-02  2.3682E-02  6.4768E-02  6.4987E-02
  1.8177E-02  2.3845E-02  6.3276E-02  6.3476E-02
  1.8302E-02  2.4009E-02  6.1767E-02  6.1948E-02
  1.8428E-02  2.4174E-02  6.0242E-02  6.0404E-02
  1.8554E-02  2.4340E-02  5.8701E-02  5.8844E-02
  1.8682E-02  2.4507E-02  5.7143E-02  5.7266E-02
  1.8810E-02  2.4675E-02  5.5569E-02  5.5672E-02
  1.8940E-02  2.4845E-02  5.3979E-02  5.4062E-02
  1.9070E-02  2.5016E-02  5.2372E-02  5.2435E-02
  1.9201E-02  2.5188E-02  5.0749E-02  5.0792E-02
  1.9333E-02  2.5361E-02  4.9110E-02  4.9133E-02
  1.9466E-02  2.5535E-02  4.7455E-02  4.7457E-02
  1.9600E-02  2.5711E-02  4.5784E-02  4.5765E-02
  1.9734E-02  2.5887E-02  4.4097E-02  4.4057E-02
  1.9870E-02  2.6065E-02  4.2394E-02  4.2333E-02
  2.0007E-02  2.6244E-02  4.0675E-02  4.0592E-02
  2.0144E-02  2.6424E-02  3.8940E-02  3.8836E-02
  2.0283E-02  2.6606E-02  3.7190E-02  3.7064E-02
  2.0422E-02  2.6789E-02  3.5424E-02  3.5276E-02
  2.0562E-02  2.6973E-02  3.3643E-02  3.3473E-02
  2.0704E-02  2.7158E-02  3.1846E-02  3.1654E-02
  2.0846E-02  2.7345E-02  3.0034E-02  2.9819E-02
  2.0989E-02  2.7532E-02  2.8207E-02  2.7969E-02
  2.1133E-02  2.7721E-02  2.6365E-02  2.6104E-02
  2.1279E-02  2.7912E-02  2.4507E-02  2.4224E-02
  2.1425E-02  2.8104E-02  2.2635E-02  2.2329E-02
  2.1572E-02  2.8297E-02  2.0749E-02  2.0419E-02
  2.1720E-02  2.8491E-02  1.8848E-02  1.8494E-02
  2.1869E-02  2.8686E-02  1.6932E-02  1.6554E-02
  2.2020E-02  2.8883E-02  1.5002E-02  1.4600E-02
  2.2171E-02  2.9082E-02  1.3058E-02  1.2632E-02
  2.2323E-02  2.9281E-02  1.1100E-02  1.0650E-02
  2.2477E-02  2.9482E-02  9.1282E-03  8.6537E-03
  2.2631E-02  2.9685E-02  7.1428E-03  6.6436E-03
  2.2786E-02  2.9889E-02  5.1440E-03  4.6200E-03
  2.2943E-02  3.0094E-02  3.1319E-03  2.5829E-03
  2.3100E-02  3.0301E-02  1.1068E-03  5.3263E-04
  2.3259E-02  3.0509E-02 -9.3128E-04 -1.5307E-03
  2.3419E-02  3.0718E-02 -2.9820E-03 -3.6069E-03
  2.3580E-02  3.0929E-02 -5.0452E-03 -5.6957E-03
  2.3742E-02  3.1141E-02 -7.1206E-03 -7.7969E-03
  2.3905E-02  3.1355E-02 -9.2081E-03 -9.9103E-03
  2.4069E-02  3.1570E-02 -1.1307E-02 -1.2036E-02
  2.4234E-02  3.1787E-02 -1.3418E-02 -1.4173E-02
  2.4401E-02  3.2005E-02 -1.5540E-02 -1.6321E-02
  2.4568E-02  3.2224E-02 -1.7674E-02 -1.8481E-02
  2.4737E-02  3.2446E-02 -1.9818E-02 -2.0652E-02
  2.4907E-02  3.2668E-02 -2.1973E-02 -2.2833E-02
  2.5078E-02  3.2892E-02 -2.4138E-02 -2.5025E-02
  2.5250E-02  3.3118E-02 -2.6313E-02 -2.7228E-02
  2.5423E-02  3.3345E-02 -2.8497E-02 -2.9440E-02
  2.5598E-02  3.3574E-02 -3.0692E-02 -3.1661E-02
  2.5774E-02  3.3805E-02 -3.2895E-02 -3.3892E-02
  2.5950E-02  3.4036E-02 -3.5107E-02 -3.6132E-02
  2.6129E-02  3.4270E-02 -3.7328E-02 -3.8380E-02
  2.6308E-02  3.4505E-02 -3.9557E-02 -4.0637E-02
  2.6489E-02  3.4742E-02 -4.1794E-02 -4.2902E-02
  2.6670E-02  3.4980E-02 -4.4039E-02 -4.5175E-02
  2.6853E-02  3.5220E-02 -4.6291E-02 -4.7455E-02
  2.7038E-02  3.5462E-02 -4.8550E-02 -4.9742E-02
  2.7223E-02  3.5705E-02 -5.0815E-02 -5.2035E-02
  2.7410E-02  3.5950E-02 -5.3086E-02 -5.4335E-02
  2.7598E-02  3.6196E-02 -5.5364E-02 -5.6641E-02
  2.7788E-02  3.6445E-02 -5.7646E-02 -5.8952E-02
  2.7979E-02  3.6695E-02 -5.9934E-02 -6.1269E-02
  2.8171E-02  3.6946E-02 -6.2226E-02 -6.3590E-02
  2.8364E-02  3.7200E-02 -6.4523E-02 -6.5915E-02
  2.8559E-02  3.7455E-02 -6.6823E-02 -6.8245E-02
  2.8755E-02  3.7712E-02 -6.9127E-02 -7.0578E-02
  2.8952E-02  3.7970E-02 -7.1434E-02 -7.2913E-02
  2.9151E-02  3.8231E-02 -7.3743E-02 -7.5252E-02
  2.9351E-02  3.8493E-02 -7.6055E-02 -7.7593E-02
  2.9552E-02  3.8757E-02 -7.8368E-02 -7.9935E-02
  2.9755E-02  3.9022E-02 -8.0682E-02 -8.2279E-02
  2.9959E-02  3.9290E-02 -8.2998E-02 -8.4623E-02
  3.0165E-02  3.9559E-02 -8.5313E-02 -8.6968E-02
  3.0372E-02  3.9830E-02 -8.7628E-02 -8.9313E-02
  3.0580E-02  4.0103E-02 -8.9943E-02 -9.1656E-02
  3.0790E-02  4.0378E-02 -9.2256E-02 -9.3999E-02
  3.1001E-02  4.0655E-02 -9.4568E-02 -9.6340E-02
  3.1214E-02  4.0934E-02 -9.6877E-02 -9.8679E-02
  3.1428E-02  4.1214E-02 -9.9184E-02 -1.0102E-01
  3.1643E-02  4.1497E-02 -1.0149E-01 -1.0335E-01
  3.1861E-02  4.1781E-02 -1.0379E-01 -1.0568E-01
  3.2079E-02  4.2068E-02 -1.0608E-01 -1.0800E-01
  3.2299E-02  4.2356E-02 -1.0837E-01 -1.1032E-01
  3.2521E-02  4.2646E-02 -1.1066E-01 -1.1264E-01
  3.2744E-02  4.2939E-02 -1.1294E-01 -1.1494E-01
  3.2969E-02  4.3233E-02 -1.1521E-01 -1.1725E-01
  3.3195E-02  4.3529E-02 -1.1747E-01 -1.1954E-01
  3.3422E-02  4.3827E-02 -1.1973E-01 -1.2183E-01
  3.3652E-02  4.4128E-02 -1.2198E-01 -1.2411E-01
  3.3882E-02  4.4430E-02 -1.2422E-01 -1.2637E-01
  3.4115E-02  4.4734E-02 -1.2645E-01 -1.2863E-01
  3.4349E-02  4.5041E-02 -1.2867E-01 -1.3088E-01
  3.4584E-02  4.5349E-02 -1.3088E-01 -1.3312E-01
  3.4822E-02  4.5660E-02 -1.3308E-01 -1.3535E-01
  3.5061E-02  4.5973E-02 -1.3526E-01 -1.3756E-01
  3.5301E-02  4.6288E-02 -1.3744E-01 -1.3976E-01
  3.5543E-02  4.6605E-02 -1.3960E-01 -1.4195E-01
  3.5787E-02  4.6924E-02 -1.4174E-01 -1.4413E-01
  3.6032E-02  4.7246E-02 -1.4387E-01 -1.4628E-01
  3.6279E-02  4.7569E-02 -1.4599E-01 -1.4843E-01
  3.6528E-02  4.7895E-02 -1.4808E-01 -1.5055E-01
  3.6779E-02  4.8223E-02 -1.5017E-01 -1.5266E-01
  3.7031E-02  4.8553E-02 -1.5223E-01 -1.5476E-01
  3.7285E-02  4.8886E-02 -1.5428E-01 -1.5683E-01
  3.7541E-02  4.9221E-02 -1.5630E-01 -1.5888E-01
  3.7798E-02  4.9558E-02 -1.5831E-01 -1.6092E-01
  3.8057E-02  4.9897E-02 -1.6030E-01 -1.6293E-01
  3.8318E-02  5.0239E-02 -1.6226E-01 -1.6493E-01
  3.8581E-02  5.0583E-02 -1.6421E-01 -1.6690E-01
  3.8845E-02  5.0929E-02 -1.6613E-01 -1.6885E-01
  3.9112E-02  5.1278E-02 -1.6803E-01 -1.7077E-01
  3.9380E-02  5.1629E-02 -1.6990E-01 -1.7267E-01
  3.9650E-02  5.1982E-02 -1.7175E-01 -1.7455E-01
  3.9922E-02  5.2338E-02 -1.7357E-01 -1.7639E-01
  4.0196E-02  5.2696E-02 -1.7537E-01 -1.7822E-01
  4.0471E-02  5.3057E-02 -1.7714E-01 -1.8001E-01
  4.0749E-02  5.3420E-02 -1.7888E-01 -1.8178E-01
  4.1028E-02  5.3786E-02 -1.8060E-01 -1.8352E-01
  4.1309E-02  5.4154E-02 -1.8228E-01 -1.8523E-01
  4.1592E-02  5.4525E-02 -1.8393E-01 -1.8690E-01
  4.1878E-02  5.4898E-02 -1.8556E-01 -1.8855E-01
  4.2165E-02  5.5274E-02 -1.8715E-01 -1.9016E-01
  4.2454E-02  5.5652E-02 -1.8870E-01 -1.9174E-01
  4.2745E-02  5.6033E-02 -1.9023E-01 -1.9329E-01
  4.3038E-02  5.6416E-02 -1.9172E-01 -1.9480E-01
  4.3333E-02  5.6802E-02 -1.9317E-01 -1.9628E-01
  4.3630E-02  5.7191E-02 -1.9459E-01 -1.9772E-01
  4.3929E-02  5.7582E-02 -1.9597E-01 -1.9913E-01
  4.4230E-02  5.7976E-02 -1.9732E-01 -2.0049E-01
  4.4533E-02  5.8373E-02 -1.9862E-01 -2.0182E-01
  4.4839E-02  5.8772E-02 -1.9989E-01 -2.0311E-01
  4.5146E-02  5.9174E-02 -2.0112E-01 -2.0435E-01
  4.5455E-02  5.9579E-02 -2.0230E-01 -2.0556E-01
  4.5767E-02  5.9987E-02 -2.0345E-01 -2.0673E-01
  4.6081E-02  6.0397E-02 -2.0455E-01 -2.0785E-01
  4.6396E-02  6.0810E-02 -2.0561E-01 -2.0892E-01
  4.6714E-02  6.1226E-02 -2.0663E-01 -2.0996E-01
  4.7035E-02  6.1645E-02 -2.0760E-01 -2.1095E-01
  4.7357E-02  6.2066E-02 -2.0852E-01 -2.1189E-01
  4.7682E-02  6.2491E-02 -2.0940E-01 -2.1279E-01
  4.8008E-02  6.2918E-02 -2.1023E-01 -2.1363E-01
  4.8337E-02  6.3348E-02 -2.1102E-01 -2.1443E-01
  4.8669E-02  6.3781E-02 -2.1175E-01 -2.1518E-01
  4.9002E-02  6.4218E-02 -2.1243E-01 -2.1588E-01
  4.9338E-02  6.4657E-02 -2.1307E-01 -2.1653E-01
  4.9676E-02  6.5099E-02 -2.1365E-01 -2.1713E-01
  5.0017E-02  6.5544E-02 -2.1418E-01 -2.1768E-01
  5.0359E-02  6.5992E-02 -2.1466E-01 -2.1817E-01
  5.0704E-02  6.6443E-02 -2.1509E-01 -2.1861E-01
  5.1052E-02  6.6897E-02 -2.1546E-01 -2.1899E-01
  5.1402E-02  6.7354E-02 -2.1578E-01 -2.1932E-01
  5.1754E-02  6.7815E-02 -2.1604E-01 -2.1959E-01
  5.2109E-02  6.8278E-02 -2.1624E-01 -2.1981E-01
  5.2466E-02  6.8745E-02 -2.1639E-01 -2.1996E-01
  5.2825E-02  6.9215E-02 -2.1648E-01 -2.2006E-01
  5.3187E-02  6.9688E-02 -2.1651E-01 -2.2010E-01
  5.3552E-02  7.0164E-02 -2.1648E-01 -2.2008E-01
  5.3919E-02  7.0643E-02 -2.1639E-01 -2.2000E-01
  5.4288E-02  7.1126E-02 -2.1624E-01 -2.1986E-01
  5.4660E-02  7.1612E-02 -2.1603E-01 -2.1966E-01
  5.5034E-02  7.2101E-02 -2.1576E-01 -2.1939E-01
  5.5412E-02  7.2594E-02 -2.1543E-01 -2.1906E-01
  5.5791E-02  7.3090E-02 -2.1503E-01 -2.1867E-01
  5.6173E-02  7.3589E-02 -2.1457E-01 -2.1821E-01
  5.6558E-02  7.4092E-02 -2.1404E-01 -2.1769E-01
  5.6946E-02  7.4598E-02 -2.1345E-01 -2.1710E-01
  5.7336E-02  7.5107E-02 -2.1280E-01 -2.1645E-01
  5.7729E-02  7.5620E-02 -2.1207E-01 -2.1573E-01
  5.8124E-02  7.6137E-02 -2.1128E-01 -2.1494E-01
  5.8523E-02  7.6656E-02 -2.1043E-01 -2.1409E-01
  5.8924E-02  7.7180E-02 -2.0950E-01 -2.1316E-01
  5.9327E-02  7.7707E-02 -2.0851E-01 -2.1217E-01
  5.9734E-02  7.8237E-02 -2.0745E-01 -2.1111E-01
  6.0143E-02  7.8772E-02 -2.0632E-01 -2.0998E-01
  6.0555E-02  7.9309E-02 -2.0512E-01 -2.0877E-01
  6.0970E-02  7.9851E-02 -2.0385E-01 -2.0750E-01
  6.1387E-02  8.0396E-02 -2.0251E-01 -2.0616E-01
  6.1808E-02  8.0944E-02 -2.0110E-01 -2.0474E-01
  6.2231E-02  8.1497E-02 -1.9962E-01 -2.0326E-01
  6.2658E-02  8.2053E-02 -1.9807E-01 -2.0170E-01
  6.3087E-02  8.2613E-02 -1.9645E-01 -2.0007E-01
  6.3519E-02  8.3177E-02 -1.9475E-01 -1.9837E-01
  6.3954E-02  8.3744E-02 -1.9298E-01 -1.9659E-01
  6.4392E-02  8.4316E-02 -1.9114E-01 -1.9474E-01
  6.4833E-02  8.4891E-02 -1.8923E-01 -1.9282E-01
  6.5277E-02  8.5470E-02 -1.8725E-01 -1.9082E-01
  6.5725E-02  8.6053E-02 -1.8519E-01 -1.8875E-01
  6.6175E-02  8.6640E-02 -1.8306E-01 -1.8661E-01
  6.6628E-02  8.7231E-02 -1.8085E-01 -1.8440E-01
  6.7084E-02  8.7826E-02 -1.7858E-01 -1.8210E-01
  6.7544E-02  8.8425E-02 -1.7622E-01 -1.7974E-01
  6.8007E-02  8.9028E-02 -1.7380E-01 -1.7730E-01
  6.8472E-02  8.9635E-02 -1.7130E-01 -1.7479E-01
  6.8941E-02  9.0246E-02 -1.6873E-01 -1.7220E-01
  6.9414E-02  9.0861E-02 -1.6609E-01 -1.6954E-01
  6.9889E-02  9.1481E-02 -1.6337E-01 -1.6681E-01
  7.0368E-02  9.2104E-02 -1.6058E-01 -1.6400E-01
  7.0850E-02  9.2732E-02 -1.5772E-01 -1.6112E-01
  7.1335E-02  9.3364E-02 -1.5479E-01 -1.5817E-01
  7.1824E-02  9.4000E-02 -1.5178E-01 -1.5515E-01
  7.2315E-02  9.4641E-02 -1.4871E-01 -1.5205E-01
  7.2811E-02  9.5286E-02 -1.4556E-01 -1.4888E-01
  7.3309E-02  9.5935E-02 -1.4234E-01 -1.4563E-01
  7.3812E-02  9.6589E-02 -1.3904E-01 -1.4232E-01
  7.4317E-02  9.7247E-02 -1.3568E-01 -1.3894E-01
  7.4826E-02  9.7909E-02 -1.3225E-01 -1.3548E-01
  7.5338E-02  9.8576E-02 -1.2875E-01 -1.3195E-01
  7.5854E-02  9.9248E-02 -1.2518E-01 -1.2836E-01
  7.6374E-02  9.9923E-02 -1.2154E-01 -1.2469E-01
  7.6897E-02  1.0060E-01 -1.1783E-01 -1.2096E-01
  7.7424E-02  1.0129E-01 -1.1406E-01 -1.1716E-01
  7.7954E-02  1.0198E-01 -1.1022E-01 -1.1330E-01
  7.8488E-02  1.0267E-01 -1.0632E-01 -1.0936E-01
  7.9025E-02  1.0337E-01 -1.0235E-01 -1.0536E-01
  7.9566E-02  1.0408E-01 -9.8313E-02 -1.0130E-01
  8.0111E-02  1.0478E-01 -9.4216E-02 -9.7173E-02
  8.0660E-02  1.0550E-01 -9.0056E-02 -9.2983E-02
  8.1212E-02  1.0621E-01 -8.5836E-02 -8.8732E-02
  8.1768E-02  1.0694E-01 -8.1554E-02 -8.4419E-02
  8.2328E-02  1.0766E-01 -7.7214E-02 -8.0046E-02
  8.2892E-02  1.0840E-01 -7.2815E-02 -7.5615E-02
  8.3460E-02  1.0913E-01 -6.8359E-02 -7.1125E-02
  8.4031E-02  1.0988E-01 -6.3847E-02 -6.6580E-02
  8.4607E-02  1.1062E-01 -5.9280E-02 -6.1978E-02
  8.5186E-02  1.1138E-01 -5.4659E-02 -5.7323E-02
  8.5769E-02  1.1213E-01 -4.9986E-02 -5.2615E-02
  8.6357E-02  1.1290E-01 -4.5262E-02 -4.7855E-02
  8.6948E-02  1.1366E-01 -4.0488E-02 -4.3046E-02
  8.7543E-02  1.1444E-01 -3.5665E-02 -3.8187E-02
  8.8143E-02  1.1521E-01 -3.0796E-02 -3.3282E-02
  8.8746E-02  1.1600E-01 -2.5882E-02 -2.8330E-02
  8.9354E-02  1.1678E-01 -2.0924E-02 -2.3334E-02
  8.9966E-02  1.1758E-01 -1.5923E-02 -1.8296E-02
  9.0582E-02  1.1838E-01 -1.0882E-02 -1.3217E-02
  9.1202E-02  1.1918E-01 -5.8020E-03 -8.0985E-03
  9.1826E-02  1.1999E-01 -6.8458E-04 -2.9425E-03
  9.2455E-02  1.2081E-01  4.4684E-03  2.2494E-03
  9.3088E-02  1.2163E-01  9.6550E-03  7.4752E-03
  9.3726E-02  1.2245E-01  1.4874E-02  1.2733E-02
  9.4367E-02  1.2328E-01  2.0122E-02  1.8021E-02
  9.5013E-02  1.2412E-01  2.5399E-02  2.3338E-02
  9.5664E-02  1.2496E-01  3.0702E-02  2.8681E-02
  9.6319E-02  1.2581E-01  3.6029E-02  3.4048E-02
  9.6978E-02  1.2666E-01  4.1378E-02  3.9437E-02
  9.7642E-02  1.2752E-01  4.6747E-02  4.4847E-02
  9.8311E-02  1.2839E-01  5.2134E-02  5.0274E-02
  9.8984E-02  1.2926E-01  5.7537E-02  5.5717E-02
  9.9662E-02  1.3013E-01  6.2954E-02  6.1174E-02
  1.0034E-01  1.3102E-01  6.8381E-02  6.6643E-02
  1.0103E-01  1.3191E-01  7.3818E-02  7.2120E-02
  1.0172E-01  1.3280E-01  7.9262E-02  7.7604E-02
  1.0242E-01  1.3370E-01  8.4710E-02  8.3092E-02
  1.0312E-01  1.3461E-01  9.0159E-02  8.8582E-02
  1.0383E-01  1.3552E-01  9.5609E-02  9.4071E-02
  1.0454E-01  1.3644E-01  1.0106E-01  9.9558E-02
  1.0525E-01  1.3736E-01  1.0650E-01  1.0504E-01
  1.0597E-01  1.3829E-01  1.1193E-01  1.1051E-01
  1.0670E-01  1.3923E-01  1.1735E-01  1.1597E-01
  1.0743E-01  1.4017E-01  1.2276E-01  1.2142E-01
  1.0816E-01  1.4112E-01  1.2816E-01  1.2686E-01
  1.0891E-01  1.4207E-01  1.3353E-01  1.3227E-01
  1.0965E-01  1.4303E-01  1.3889E-01  1.3766E-01
  1.1040E-01  1.4400E-01  1.4422E-01  1.4303E-01
  1.1116E-01  1.4498E-01  1.4952E-01  1.4837E-01
  1.1192E-01  1.4596E-01  1.5480E-01  1.5369E-01
  1.1268E-01  1.4694E-01  1.6004E-01  1.5897E-01
  1.1346E-01  1.4794E-01  1.6525E-01  1.6421E-01
  1.1423E-01  1.4894E-01  1.7042E-01  1.6942E-01
  1.1501E-01  1.4994E-01  1.7555E-01  1.7458E-01
  1.1580E-01  1.5096E-01  1.8064E-01  1.7971E-01
  1.1659E-01  1.5198E-01  1.8568E-01  1.8478E-01
  1.1739E-01  1.5300E-01  1.9068E-01  1.8981E-01
  1.1820E-01  1.5404E-01  1.9562E-01  1.9478E-01
  1.1901E-01  1.5508E-01  2.0050E-01  1.9970E-01
  1.1982E-01  1.5612E-01  2.0533E-01  2.0456E-01
  1.2064E-01  1.5718E-01  2.1010E-01  2.0935E-01
  1.2147E-01  1.5824E-01  2.1480E-01  2.1409E-01
  1.2230E-01  1.5931E-01  2.1944E-01  2.1875E-01
  1.2313E-01  1.6038E-01  2.2401E-01  2.2335E-01
  1.2398E-01  1.6146E-01  2.2850E-01  2.2787E-01
  1.2483E-01  1.6255E-01  2.3292E-01  2.3231E-01
  1.2568E-01  1.6365E-01  2.3726E-01  2.3668E-01
  1.2654E-01  1.6475E-01  2.4152E-01  2.4096E-01
  1.2741E-01  1.6586E-01  2.4570E-01  2.4516E-01
  1.2828E-01  1.6698E-01  2.4979E-01  2.4927E-01
  1.2916E-01  1.6810E-01  2.5378E-01  2.5329E-01
  1.3004E-01  1.6923E-01  2.5769E-01  2.5721E-01
  1.3093E-01  1.7037E-01  2.6150E-01  2.6104E-01
  1.3183E-01  1.7152E-01  2.6521E-01  2.6476E-01
  1.3273E-01  1.7267E-01  2.6881E-01  2.6839E-01
  1.3364E-01  1.7384E-01  2.7232E-01  2.7190E-01
  1.3455E-01  1.7501E-01  2.7571E-01  2.7531E-01
  1.3547E-01  1.7618E-01  2.7900E-01  2.7861E-01
  1.3640E-01  1.7737E-01  2.8217E-01  2.8179E-01
  1.3733E-01  1.7856E-01  2.8522E-01  2.8486E-01
  1.3827E-01  1.7976E-01  2.8816E-01  2.8780E-01
  1.3922E-01  1.8097E-01  2.9097E-01  2.9062E-01
  1.4017E-01  1.8218E-01  2.9366E-01  2.9332E-01
  1.4113E-01  1.8340E-01  2.9623E-01  2.9588E-01
  1.4210E-01  1.8464E-01  2.9866E-01  2.9832E-01
  1.4307E-01  1.8587E-01  3.0096E-01  3.0062E-01
  1.4405E-01  1.8712E-01  3.0313E-01  3.0279E-01
  1.4504E-01  1.8838E-01  3.0516E-01  3.0482E-01
  1.4603E-01  1.8964E-01  3.0705E-01  3.0670E-01
  1.4703E-01  1.9091E-01  3.0880E-01  3.0844E-01
  1.4804E-01  1.9219E-01  3.1041E-01  3.1004E-01
  1.4905E-01  1.9348E-01  3.1186E-01  3.1149E-01
  1.5007E-01  1.9477E-01  3.1317E-01  3.1279E-01
  1.5110E-01  1.9608E-01  3.1433E-01  3.1393E-01
  1.5213E-01  1.9739E-01  3.1534E-01  3.1492E-01
  1.5317E-01  1.9871E-01  3.1619E-01  3.1576E-01
  1.5422E-01  2.0004E-01  3.1688E-01  3.1643E-01
  1.5528E-01  2.0138E-01  3.1741E-01  3.1695E-01
  1.5634E-01  2.0272E-01  3.1779E-01  3.1730E-01
  1.5741E-01  2.0408E-01  3.1800E-01  3.1748E-01
  1.5849E-01  2.0544E-01  3.1804E-01  3.1750E-01
  1.5957E-01  2.0681E-01  3.1792E-01  3.1736E-01
  1.6066E-01  2.0819E-01  3.1763E-01  3.1704E-01
  1.6176E-01  2.0958E-01  3.1718E-01  3.1655E-01
  1.6287E-01  2.1098E-01  3.1655E-01  3.1589E-01
  1.6398E-01  2.1238E-01  3.1575E-01  3.1506E-01
  1.6511E-01  2.1380E-01  3.1478E-01  3.1405E-01
  1.6624E-01  2.1522E-01  3.1363E-01  3.1286E-01
  1.6737E-01  2.1666E-01  3.1231E-01  3.1150E-01
  1.6852E-01  2.1810E-01  3.1082E-01  3.0996E-01
  1.6967E-01  2.1955E-01  3.0914E-01  3.0824E-01
  1.7083E-01  2.2101E-01  3.0729E-01  3.0634E-01
  1.7200E-01  2.2248E-01  3.0526E-01  3.0426E-01
  1.7318E-01  2.2396E-01  3.0305E-01  3.0200E-01
  1.7436E-01  2.2545E-01  3.0066E-01  2.9956E-01
  1.7556E-01  2.2695E-01  2.9810E-01  2.9694E-01
  1.7676E-01  2.2845E-01  2.9535E-01  2.9413E-01
  1.7797E-01  2.2997E-01  2.9242E-01  2.9115E-01
  1.7919E-01  2.3149E-01  2.8931E-01  2.8798E-01
  1.8041E-01  2.3303E-01  2.8603E-01  2.8463E-01
  1.8165E-01  2.3457E-01  2.8256E-01  2.8109E-01
  1.8289E-01  2.3613E-01  2.7891E-01  2.7738E-01
  1.8414E-01  2.3769E-01  2.7509E-01  2.7348E-01
  1.8540E-01  2.3926E-01  2.7108E-01  2.6941E-01
  1.8667E-01  2.4085E-01  2.6690E-01  2.6515E-01
  1.8795E-01  2.4244E-01  2.6254E-01  2.6072E-01
  1.8924E-01  2.4404E-01  2.5801E-01  2.5611E-01
  1.9053E-01  2.4565E-01  2.5330E-01  2.5132E-01
  1.9183E-01  2.4727E-01  2.4841E-01  2.4635E-01
  1.9315E-01  2.4890E-01  2.4336E-01  2.4121E-01
  1.9447E-01  2.5055E-01  2.3813E-01  2.3590E-01
  1.9580E-01  2.5220E-01  2.3273E-01  2.3042E-01
  1.9714E-01  2.5386E-01  2.2717E-01  2.2476E-01
  1.9849E-01  2.5553E-01  2.2143E-01  2.1894E-01
  1.9985E-01  2.5721E-01  2.1554E-01  2.1295E-01
  2.0121E-01  2.5890E-01  2.0948E-01  2.0680E-01
  2.0259E-01  2.6061E-01  2.0326E-01  2.0048E-01
  2.0398E-01  2.6232E-01  1.9688E-01  1.9401E-01
  2.0537E-01  2.6404E-01  1.9035E-01  1.8738E-01
  2.0678E-01  2.6577E-01  1.8366E-01  1.8059E-01
  2.0819E-01  2.6752E-01  1.7683E-01  1.7365E-01
  2.0962E-01  2.6927E-01  1.6984E-01  1.6656E-01
  2.1105E-01  2.7103E-01  1.6271E-01  1.5933E-01
  2.1250E-01  2.7281E-01  1.5544E-01  1.5195E-01
  2.1395E-01  2.7459E-01  1.4803E-01  1.4443E-01
  2.1542E-01  2.7639E-01  1.4049E-01  1.3678E-01
  2.1689E-01  2.7819E-01  1.3281E-01  1.2899E-01
  2.1837E-01  2.8001E-01  1.2501E-01  1.2107E-01
  2.1987E-01  2.8184E-01  1.1708E-01  1.1303E-01
  2.2137E-01  2.8368E-01  1.0903E-01  1.0486E-01
  2.2289E-01  2.8552E-01  1.0086E-01  9.6576E-02
  2.2441E-01  2.8738E-01  9.2579E-02  8.8178E-02
  2.2595E-01  2.8925E-01  8.4189E-02  7.9669E-02
  2.2749E-01  2.9113E-01  7.5694E-02  7.1054E-02
  2.2905E-01  2.9303E-01  6.7099E-02  6.2337E-02
  2.3062E-01  2.9493E-01  5.8408E-02  5.3524E-02
  2.3220E-01  2.9684E-01  4.9625E-02  4.4618E-02
  2.3379E-01  2.9877E-01  4.0755E-02  3.5625E-02
  2.3538E-01  3.0070E-01  3.1804E-02  2.6549E-02
  2.3700E-01  3.0265E-01  2.2775E-02  1.7394E-02
  2.3862E-01  3.0461E-01  1.3674E-02  8.1674E-03
  2.4025E-01  3.0658E-01  4.5054E-03 -1.1274E-03
  2.4189E-01  3.0856E-01 -4.7248E-03 -1.0485E-02
  2.4355E-01  3.1055E-01 -1.4012E-02 -1.9899E-02
  2.4522E-01  3.1255E-01 -2.3350E-02 -2.9366E-02
  2.4689E-01  3.1456E-01 -3.2734E-02 -3.8879E-02
  2.4858E-01  3.1659E-01 -4.2159E-02 -4.8432E-02
  2.5028E-01  3.1862E-01 -5.1619E-02 -5.8021E-02
  2.5200E-01  3.2067E-01 -6.1108E-02 -6.7639E-02
  2.5372E-01  3.2273E-01 -7.0620E-02 -7.7281E-02
  2.5546E-01  3.2480E-01 -8.0150E-02 -8.6940E-02
  2.5720E-01  3.2688E-01 -8.9692E-02 -9.6611E-02
  2.5896E-01  3.2897E-01 -9.9240E-02 -1.0629E-01
  2.6074E-01  3.3108E-01 -1.0879E-01 -1.1596E-01
  2.6252E-01  3.3319E-01 -1.1833E-01 -1.2563E-01
  2.6432E-01  3.3532E-01 -1.2786E-01 -1.3529E-01
  2.6613E-01  3.3746E-01 -1.3737E-01 -1.4493E-01
  2.6795E-01  3.3961E-01 -1.4686E-01 -1.5454E-01
  2.6978E-01  3.4177E-01 -1.5631E-01 -1.6413E-01
  2.7163E-01  3.4394E-01 -1.6573E-01 -1.7367E-01
  2.7348E-01  3.4613E-01 -1.7510E-01 -1.8317E-01
  2.7536E-01  3.4832E-01 -1.8443E-01 -1.9262E-01
  2.7724E-01  3.5053E-01 -1.9370E-01 -2.0201E-01
  2.7914E-01  3.5275E-01 -2.0291E-01 -2.1134E-01
  2.8105E-01  3.5498E-01 -2.1204E-01 -2.2060E-01
  2.8297E-01  3.5722E-01 -2.2111E-01 -2.2979E-01
  2.8490E-01  3.5948E-01 -2.3009E-01 -2.3889E-01
  2.8685E-01  3.6174E-01 -2.3898E-01 -2.4790E-01
  2.8882E-01  3.6402E-01 -2.4778E-01 -2.5682E-01
  2.9079E-01  3.6631E-01 -2.5648E-01 -2.6563E-01
  2.9278E-01  3.6861E-01 -2.6507E-01 -2.7434E-01
  2.9479E-01  3.7092E-01 -2.7355E-01 -2.8293E-01
  2.9680E-01  3.7324E-01 -2.8191E-01 -2.9140E-01
  2.9883E-01  3.7558E-01 -2.9015E-01 -2.9974E-01
  3.0088E-01  3.7792E-01 -2.9825E-01 -3.0795E-01
  3.0294E-01  3.8028E-01 -3.0621E-01 -3.1602E-01
  3.0501E-01  3.8265E-01 -3.1403E-01 -3.2394E-01
  3.0710E-01  3.8503E-01 -3.2170E-01 -3.3171E-01
  3.0920E-01  3.8742E-01 -3.2921E-01 -3.3932E-01
  3.1131E-01  3.8983E-01 -3.3656E-01 -3.4677E-01
  3.1344E-01  3.9224E-01 -3.4374E-01 -3.5405E-01
  3.1559E-01  3.9467E-01 -3.5075E-01 -3.6115E-01
  3.1775E-01  3.9711E-01 -3.5758E-01 -3.6806E-01
  3.1992E-01  3.9956E-01 -3.6422E-01 -3.7479E-01
  3.2211E-01  4.0202E-01 -3.7067E-01 -3.8133E-01
  3.2431E-01  4.0449E-01 -3.7692E-01 -3.8766E-01
  3.2653E-01  4.0697E-01 -3.8297E-01 -3.9379E-01
  3.2877E-01  4.0947E-01 -3.8882E-01 -3.9971E-01
  3.3102E-01  4.1198E-01 -3.9445E-01 -4.0542E-01
  3.3328E-01  4.1449E-01 -3.9986E-01 -4.1090E-01
  3.3556E-01  4.1702E-01 -4.0505E-01 -4.1616E-01
  3.3786E-01  4.1956E-01 -4.1001E-01 -4.2118E-01
  3.4017E-01  4.2211E-01 -4.1474E-01 -4.2597E-01
  3.4250E-01  4.2468E-01 -4.1923E-01 -4.3052E-01
  3.4484E-01  4.2725E-01 -4.2347E-01 -4.3483E-01
  3.4720E-01  4.2984E-01 -4.2748E-01 -4.3888E-01
  3.4957E-01  4.3243E-01 -4.3123E-01 -4.4269E-01
  3.5197E-01  4.3504E-01 -4.3473E-01 -4.4623E-01
  3.5437E-01  4.3765E-01 -4.3796E-01 -4.4951E-01
  3.5680E-01  4.4028E-01 -4.4094E-01 -4.5252E-01
  3.5924E-01  4.4292E-01 -4.4365E-01 -4.5527E-01
  3.6170E-01  4.4557E-01 -4.4609E-01 -4.5774E-01
  3.6417E-01  4.4823E-01 -4.4826E-01 -4.5994E-01
  3.6666E-01  4.5090E-01 -4.5015E-01 -4.6186E-01
  3.6917E-01  4.5358E-01 -4.5176E-01 -4.6349E-01
  3.7170E-01  4.5627E-01 -4.5309E-01 -4.6484E-01
  3.7424E-01  4.5897E-01 -4.5414E-01 -4.6590E-01
  3.7680E-01  4.6168E-01 -4.5490E-01 -4.6667E-01
  3.7938E-01  4.6441E-01 -4.5537E-01 -4.6715E-01
  3.8197E-01  4.6714E-01 -4.5555E-01 -4.6733E-01
  3.8459E-01  4.6988E-01 -4.5544E-01 -4.6722E-01
  3.8722E-01  4.7263E-01 -4.5503E-01 -4.6680E-01
  3.8987E-01  4.7539E-01 -4.5432E-01 -4.6609E-01
  3.9254E-01  4.7816E-01 -4.5332E-01 -4.6508E-01
  3.9522E-01  4.8094E-01 -4.5202E-01 -4.6376E-01
  3.9792E-01  4.8373E-01 -4.5042E-01 -4.6214E-01
  4.0065E-01  4.8653E-01 -4.4852E-01 -4.6022E-01
  4.0339E-01  4.8934E-01 -4.4632E-01 -4.5799E-01
  4.0615E-01  4.9215E-01 -4.4382E-01 -4.5545E-01
  4.0893E-01  4.9498E-01 -4.4102E-01 -4.5262E-01
  4.1172E-01  4.9781E-01 -4.3791E-01 -4.4947E-01
  4.1454E-01  5.0066E-01 -4.3451E-01 -4.4602E-01
  4.1738E-01  5.0351E-01 -4.3080E-01 -4.4227E-01
  4.2023E-01  5.0637E-01 -4.2679E-01 -4.3821E-01
  4.2311E-01  5.0924E-01 -4.2249E-01 -4.3385E-01
  4.2600E-01  5.1211E-01 -4.1789E-01 -4.2919E-01
  4.2892E-01  5.1500E-01 -4.1299E-01 -4.2423E-01
  4.3185E-01  5.1789E-01 -4.0780E-01 -4.1897E-01
  4.3481E-01  5.2078E-01 -4.0231E-01 -4.1341E-01
  4.3778E-01  5.2369E-01 -3.9653E-01 -4.0756E-01
  4.4077E-01  5.2660E-01 -3.9046E-01 -4.0141E-01
  4.4379E-01  5.2952E-01 -3.8410E-01 -3.9497E-01
  4.4683E-01  5.3245E-01 -3.7746E-01 -3.8824E-01
  4.4988E-01  5.3538E-01 -3.7054E-01 -3.8123E-01
  4.5296E-01  5.3832E-01 -3.6334E-01 -3.7394E-01
  4.5606E-01  5.4127E-01 -3.5586E-01 -3.6636E-01
  4.5918E-01  5.4422E-01 -3.4810E-01 -3.5851E-01
  4.6232E-01  5.4718E-01 -3.4008E-01 -3.5038E-01
  4.6548E-01  5.5014E-01 -3.3179E-01 -3.4198E-01
  4.6867E-01  5.5311E-01 -3.2324E-01 -3.3332E-01
  4.7188E-01  5.5608E-01 -3.1443E-01 -3.2440E-01
  4.7510E-01  5.5906E-01 -3.0537E-01 -3.1521E-01
  4.7835E-01  5.6204E-01 -2.9605E-01 -3.0578E-01
  4.8163E-01  5.6503E-01 -2.8649E-01 -2.9609E-01
  4.8492E-01  5.6802E-01 -2.7668E-01 -2.8616E-01
  4.8824E-01  5.7101E-01 -2.6664E-01 -2.7599E-01
  4.9158E-01  5.7401E-01 -2.5637E-01 -2.6558E-01
  4.9494E-01  5.7701E-01 -2.4587E-01 -2.5495E-01
  4.9833E-01  5.8002E-01 -2.3515E-01 -2.4409E-01
  5.0174E-01  5.8302E-01 -2.2421E-01 -2.3301E-01
  5.0517E-01  5.8603E-01 -2.1306E-01 -2.2171E-01
  5.0862E-01  5.8904E-01 -2.0171E-01 -2.1021E-01
  5.1210E-01  5.9205E-01 -1.9015E-01 -1.9850E-01
  5.1561E-01  5.9507E-01 -1.7840E-01 -1.8660E-01
  5.1914E-01  5.9808E-01 -1.6647E-01 -1.7451E-01
  5.2269E-01  6.0110E-01 -1.5435E-01 -1.6223E-01
  5.2626E-01  6.0411E-01 -1.4205E-01 -1.4977E-01
  5.2986E-01  6.0713E-01 -1.2958E-01 -1.3715E-01
  5.3349E-01  6.1014E-01 -1.1696E-01 -1.2435E-01
  5.3714E-01  6.1316E-01 -1.0417E-01 -1.1140E-01
  5.4081E-01  6.1617E-01 -9.1231E-02 -9.8295E-02
  5.4451E-01  6.1918E-01 -7.8150E-02 -8.5043E-02
  5.4824E-01  6.2219E-01 -6.4931E-02 -7.1653E-02
  5.5199E-01  6.2520E-01 -5.1582E-02 -5.8130E-02
  5.5576E-01  6.2821E-01 -3.8109E-02 -4.4482E-02
  5.5957E-01  6.3121E-01 -2.4519E-02 -3.0715E-02
  5.6339E-01  6.3421E-01 -1.0819E-02 -1.6837E-02
  5.6725E-01  6.3720E-01  2.9843E-03 -2.8550E-03
  5.7113E-01  6.4019E-01  1.6883E-02  1.1224E-02
  5.7503E-01  6.4318E-01  3.0871E-02  2.5393E-02
  5.7897E-01  6.4616E-01  4.4940E-02  3.9645E-02
  5.8293E-01  6.4913E-01  5.9084E-02  5.3973E-02
  5.8692E-01  6.5210E-01  7.3296E-02  6.8368E-02
  5.9093E-01  6.5506E-01  8.7568E-02  8.2825E-02
  5.9497E-01  6.5801E-01  1.0189E-01  9.7335E-02
  5.9905E-01  6.6096E-01  1.1626E-01  1.1189E-01
  6.0314E-01  6.6389E-01  1.3067E-01  1.2649E-01
  6.0727E-01  6.6682E-01  1.4511E-01  1.4111E-01
  6.1142E-01  6.6974E-01  1.5958E-01  1.5576E-01
  6.1561E-01  6.7265E-01  1.7406E-01  1.7043E-01
  6.1982E-01  6.7555E-01  1.8855E-01  1.8511E-01
  6.2406E-01  6.7844E-01  2.0304E-01  1.9979E-01
  6.2833E-01  6.8132E-01  2.1753E-01  2.1447E-01
  6.3262E-01  6.8418E-01  2.3201E-01  2.2913E-01
  6.3695E-01  6.8703E-01  2.4647E-01  2.4377E-01
  6.4131E-01  6.8987E-01  2.6090E-01  2.5839E-01
  6.4570E-01  6.9270E-01  2.7530E-01  2.7297E-01
  6.5011E-01  6.9551E-01  2.8966E-01  2.8752E-01
  6.5456E-01  6.9830E-01  3.0397E-01  3.0201E-01
  6.5904E-01  7.0108E-01  3.1823E-01  3.1645E-01
  6.6355E-01  7.0384E-01  3.3243E-01  3.3083E-01
  6.6809E-01  7.0659E-01  3.4657E-01  3.4515E-01
  6.7266E-01  7.0932E-01  3.6063E-01  3.5938E-01
  6.7726E-01  7.1203E-01  3.7461E-01  3.7354E-01
  6.8189E-01  7.1472E-01  3.8850E-01  3.8761E-01
  6.8656E-01  7.1739E-01  4.0230E-01  4.0158E-01
  6.9125E-01  7.2004E-01  4.1600E-01  4.1545E-01
  6.9598E-01  7.2267E-01  4.2959E-01  4.2922E-01
  7.0074E-01  7.2528E-01  4.4308E-01  4.4287E-01
  7.0554E-01  7.2786E-01  4.5644E-01  4.5640E-01
  7.1036E-01  7.3042E-01  4.6969E-01  4.6981E-01
  7.1522E-01  7.3296E-01  4.8280E-01  4.8308E-01
  7.2011E-01  7.3547E-01  4.9578E-01  4.9622E-01
  7.2504E-01  7.3796E-01  5.0862E-01  5.0922E-01
  7.3000E-01  7.4042E-01  5.2131E-01  5.2206E-01
  7.3499E-01  7.4285E-01  5.3385E-01  5.3476E-01
  7.4002E-01  7.4526E-01  5.4624E-01  5.4729E-01
  7.4508E-01  7.4764E-01  5.5846E-01  5.5967E-01
  7.5018E-01  7.4998E-01  5.7052E-01  5.7187E-01
  7.5531E-01  7.5230E-01  5.8241E-01  5.8390E-01
  7.6048E-01  7.5458E-01  5.9412E-01  5.9575E-01
  7.6568E-01  7.5684E-01  6.0566E-01  6.0742E-01
  7.7092E-01  7.5906E-01  6.1700E-01  6.1890E-01
  7.7619E-01  7.6125E-01  6.2816E-01  6.3018E-01
  7.8150E-01  7.6340E-01  6.3913E-01  6.4128E-01
  7.8685E-01  7.6552E-01  6.4990E-01  6.5217E-01
  7.9223E-01  7.6760E-01  6.6047E-01  6.6286E-01
  7.9765E-01  7.6964E-01  6.7083E-01  6.7334E-01
  8.0311E-01  7.7165E-01  6.8099E-01  6.8361E-01
  8.0860E-01  7.7361E-01  6.9093E-01  6.9366E-01
  8.1413E-01  7.7554E-01  7.0067E-01  7.0350E-01
  8.1970E-01  7.7742E-01  7.1018E-01  7.1312E-01
  8.2531E-01  7.7927E-01  7.1948E-01  7.2251E-01
  8.3096E-01  7.8107E-01  7.2855E-01  7.3168E-01
  8.3664E-01  7.8283E-01  7.3740E-01  7.4061E-01
  8.4236E-01  7.8454E-01  7.4601E-01  7.4932E-01
  8.4813E-01  7.8621E-01  7.5440E-01  7.5779E-01
  8.5393E-01  7.8784E-01  7.6256E-01  7.6603E-01
  8.5977E-01  7.8941E-01  7.7048E-01  7.7403E-01
  8.6565E-01  7.9094E-01  7.7817E-01  7.8179E-01
  8.7157E-01  7.9242E-01  7.8562E-01  7.8931E-01
  8.7753E-01  7.9385E-01  7.9283E-01  7.9658E-01
  8.8354E-01  7.9522E-01  7.9980E-01  8.0361E-01
  8.8958E-01  7.9655E-01  8.0653E-01  8.1040E-01
  8.9567E-01  7.9782E-01  8.1302E-01  8.1694E-01
  9.0179E-01  7.9904E-01  8.1927E-01  8.2323E-01
  9.0796E-01  8.0021E-01  8.2527E-01  8.2928E-01
  9.1417E-01  8.0132E-01  8.3102E-01  8.3507E-01
  9.2043E-01  8.0238E-01  8.3654E-01  8.4062E-01
  9.2672E-01  8.0337E-01  8.4180E-01  8.4592E-01
  9.3306E-01  8.0431E-01  8.4683E-01  8.5097E-01
  9.3944E-01  8.0519E-01  8.5160E-01  8.5577E-01
  9.4587E-01  8.0601E-01  8.5614E-01  8.6033E-01
  9.5234E-01  8.0677E-01  8.6043E-01  8.6463E-01
  9.5885E-01  8.0747E-01  8.6447E-01  8.6869E-01
  9.6541E-01  8.0810E-01  8.6828E-01  8.7250E-01
  9.7202E-01  8.0867E-01  8.7184E-01  8.7606E-01
  9.7867E-01  8.0918E-01  8.7516E-01  8.7939E-01
  9.8536E-01  8.0963E-01  8.7824E-01  8.8246E-01
  9.9210E-01  8.1000E-01  8.8108E-01  8.8530E-01
  9.9889E-01  8.1031E-01  8.8368E-01  8.8789E-01
  1.0057E+00  8.1056E-01  8.8605E-01  8.9024E-01
  1.0126E+00  8.1073E-01  8.8819E-01  8.9236E-01
  1.0195E+00  8.1084E-01  8.9009E-01  8.9424E-01
  1.0265E+00  8.1087E-01  8.9176E-01  8.9589E-01
  1.0335E+00  8.1084E-01  8.9321E-01  8.9731E-01
  1.0406E+00  8.1074E-01  8.9442E-01  8.9849E-01
  1.0477E+00  8.1056E-01  8.9542E-01  8.9945E-01
  1.0549E+00  8.1031E-01  8.9619E-01  9.0019E-01
  1.0621E+00  8.0999E-01  8.9675E-01  9.0070E-01
  1.0694E+00  8.0960E-01  8.9709E-01  9.0100E-01
  1.0767E+00  8.0913E-01  8.9722E-01  9.0108E-01
  1.0840E+00  8.0859E-01  8.9714E-01  9.0095E-01
  1.0915E+00  8.0797E-01  8.9685E-01  9.0060E-01
  1.0989E+00  8.0728E-01  8.9636E-01  9.0005E-01
  1.1064E+00  8.0651E-01  8.9567E-01  8.9930E-01
  1.1140E+00  8.0567E-01  8.9478E-01  8.9835E-01
  1.1216E+00  8.0475E-01  8.9369E-01  8.9720E-01
  1.1293E+00  8.0375E-01  8.9242E-01  8.9586E-01
  1.1370E+00  8.0268E-01  8.9096E-01  8.9434E-01
  1.1448E+00  8.0153E-01  8.8932E-01  8.9262E-01
  1.1526E+00  8.0030E-01  8.8750E-01  8.9073E-01
  1.1605E+00  7.9900E-01  8.8551E-01  8.8866E-01
  1.1685E+00  7.9762E-01  8.8335E-01  8.8642E-01
  1.1764E+00  7.9616E-01  8.8102E-01  8.8401E-01
  1.1845E+00  7.9463E-01  8.7852E-01  8.8144E-01
  1.1926E+00  7.9301E-01  8.7587E-01  8.7871E-01
  1.2008E+00  7.9133E-01  8.7307E-01  8.7582E-01
  1.2090E+00  7.8956E-01  8.7012E-01  8.7278E-01
  1.2172E+00  7.8772E-01  8.6702E-01  8.6960E-01
  1.2256E+00  7.8581E-01  8.6379E-01  8.6628E-01
  1.2339E+00  7.8382E-01  8.6042E-01  8.6282E-01
  1.2424E+00  7.8175E-01  8.5692E-01  8.5923E-01
  1.2509E+00  7.7961E-01  8.5329E-01  8.5551E-01
  1.2594E+00  7.7740E-01  8.4954E-01  8.5168E-01
  1.2681E+00  7.7512E-01  8.4568E-01  8.4772E-01
  1.2767E+00  7.7276E-01  8.4170E-01  8.4366E-01
  1.2855E+00  7.7034E-01  8.3762E-01  8.3949E-01
  1.2943E+00  7.6784E-01  8.3344E-01  8.3522E-01
  1.3031E+00  7.6528E-01  8.2917E-01  8.3085E-01
  1.3120E+00  7.6265E-01  8.2480E-01  8.2639E-01
  1.3210E+00  7.5996E-01  8.2035E-01  8.2185E-01
  1.3300E+00  7.5720E-01  8.1582E-01  8.1723E-01
  1.3391E+00  7.5438E-01  8.1121E-01  8.1254E-01
  1.3483E+00  7.5151E-01  8.0653E-01  8.0777E-01
  1.3575E+00  7.4857E-01  8.0179E-01  8.0295E-01
  1.3668E+00  7.4557E-01  7.9699E-01  7.9806E-01
  1.3762E+00  7.4252E-01  7.9214E-01  7.9313E-01
  1.3856E+00  7.3942E-01  7.8724E-01  7.8814E-01
  1.3950E+00  7.3627E-01  7.8230E-01  7.8312E-01
  1.4046E+00  7.3307E-01  7.7732E-01  7.7806E-01
  1.4142E+00  7.2983E-01  7.7231E-01  7.7297E-01
  1.4239E+00  7.2654E-01  7.6727E-01  7.6786E-01
  1.4336E+00  7.2322E-01  7.6221E-01  7.6273E-01
  1.4434E+00  7.1986E-01  7.5714E-01  7.5759E-01
  1.4533E+00  7.1647E-01  7.5206E-01  7.5244E-01
  1.4632E+00  7.1304E-01  7.4698E-01  7.4729E-01
  1.4732E+00  7.0959E-01  7.4190E-01  7.4215E-01
  1.4833E+00  7.0612E-01  7.3683E-01  7.3702E-01
  1.4935E+00  7.0263E-01  7.3177E-01  7.3190E-01
  1.5037E+00  6.9912E-01  7.2673E-01  7.2681E-01
  1.5140E+00  6.9560E-01  7.2172E-01  7.2174E-01
  1.5243E+00  6.9208E-01  7.1674E-01  7.1672E-01
  1.5347E+00  6.8855E-01  7.1180E-01  7.1173E-01
  1.5452E+00  6.8503E-01  7.0690E-01  7.0678E-01
  1.5558E+00  6.8152E-01  7.0205E-01  7.0189E-01
  1.5665E+00  6.7801E-01  6.9726E-01  6.9706E-01
  1.5772E+00  6.7453E-01  6.9253E-01  6.9230E-01
  1.5880E+00  6.7106E-01  6.8787E-01  6.8760E-01
  1.5988E+00  6.6763E-01  6.8328E-01  6.8299E-01
  1.6098E+00  6.6423E-01  6.7877E-01  6.7845E-01
  1.6208E+00  6.6087E-01  6.7435E-01  6.7401E-01
  1.6319E+00  6.5756E-01  6.7002E-01  6.6966E-01
  1.6430E+00  6.5430E-01  6.6580E-01  6.6541E-01
  1.6543E+00  6.5110E-01  6.6167E-01  6.6128E-01
  1.6656E+00  6.4796E-01  6.5766E-01  6.5726E-01
  1.6770E+00  6.4490E-01  6.5377E-01  6.5336E-01
  1.6884E+00  6.4192E-01  6.5001E-01  6.4959E-01
  1.7000E+00  6.3902E-01  6.4638E-01  6.4595E-01
  1.7116E+00  6.3622E-01  6.4289E-01  6.4246E-01
  1.7233E+00  6.3352E-01  6.3954E-01  6.3912E-01
  1.7351E+00  6.3094E-01  6.3635E-01  6.3593E-01
  1.7470E+00  6.2847E-01  6.3332E-01  6.3291E-01
  1.7589E+00  6.2613E-01  6.3046E-01  6.3005E-01
  1.7710E+00  6.2393E-01  6.2777E-01  6.2738E-01
  1.7831E+00  6.2187E-01  6.2527E-01  6.2488E-01
  1.7953E+00  6.1997E-01  6.2296E-01  6.2259E-01
  1.8075E+00  6.1823E-01  6.2085E-01  6.2049E-01
  1.8199E+00  6.1667E-01  6.1894E-01  6.1860E-01
  1.8324E+00  6.1529E-01  6.1725E-01  6.1692E-01
  1.8449E+00  6.1410E-01  6.1579E-01  6.1548E-01
  1.8575E+00  6.1311E-01  6.1456E-01  6.1426E-01
  1.8702E+00  6.1234E-01  6.1356E-01  6.1329E-01
  1.8830E+00  6.1179E-01  6.1282E-01  6.1256E-01
  1.8959E+00  6.1148E-01  6.1234E-01  6.1210E-01
  1.9089E+00  6.1142E-01  6.1213E-01  6.1190E-01
  1.9219E+00  6.1162E-01  6.1219E-01  6.1199E-01
  1.9351E+00  6.1208E-01  6.1255E-01  6.1236E-01
  1.9483E+00  6.1283E-01  6.1320E-01  6.1303E-01
  1.9616E+00  6.1387E-01  6.1416E-01  6.1401E-01
  1.9750E+00  6.1522E-01  6.1545E-01  6.1531E-01
  1.9886E+00  6.1689E-01  6.1706E-01  6.1694E-01
  2.0022E+00  6.1889E-01  6.1902E-01  6.1891E-01
  2.0158E+00  6.2125E-01  6.2134E-01  6.2124E-01
  2.0296E+00  6.2396E-01  6.2402E-01  6.2393E-01
  2.0435E+00  6.2704E-01  6.2709E-01  6.2701E-01
  2.0575E+00  6.3052E-01  6.3055E-01  6.3048E-01
  2.0716E+00  6.3440E-01  6.3442E-01  6.3436E-01
  2.0857E+00  6.3870E-01  6.3871E-01  6.3866E-01
  2.1000E+00  6.4343E-01  6.4344E-01  6.4339E-01
  2.1144E+00  6.4862E-01  6.4862E-01  6.4859E-01
  2.1288E+00  6.5428E-01  6.5428E-01  6.5425E-01
  2.1434E+00  6.6042E-01  6.6042E-01  6.6039E-01
  2.1581E+00  6.6707E-01  6.6707E-01  6.6705E-01
  2.1728E+00  6.7424E-01  6.7424E-01  6.7422E-01
  2.1877E+00  6.8196E-01  6.8196E-01  6.8194E-01
  2.2026E+00  6.9023E-01  6.9023E-01  6.9022E-01
  2.2177E+00  6.9910E-01  6.9910E-01  6.9909E-01
  2.2329E+00  7.0857E-01  7.0857E-01  7.0856E-01
  2.2482E+00  7.1867E-01  7.1867E-01  7.1867E-01
  2.2635E+00  7.2943E-01  7.2943E-01  7.2943E-01
  2.2790E+00  7.4087E-01  7.4087E-01  7.4087E-01
  2.2946E+00  7.5301E-01  7.5301E-01  7.5302E-01
  2.3103E+00  7.6590E-01  7.6590E-01  7.6591E-01
  2.3261E+00  7.7955E-01  7.7955E-01  7.7956E-01
  2.3420E+00  7.9400E-01  7.9400E-01  7.9402E-01
  2.3580E+00  8.0928E-01  8.0928E-01  8.0930E-01
  2.3742E+00  8.2543E-01  8.2543E-01  8.2545E-01
  2.3904E+00  8.4248E-01  8.4248E-01  8.4250E-01
  2.4068E+00  8.6047E-01  8.6047E-01  8.6050E-01
  2.4232E+00  8.7944E-01  8.7944E-01  8.7947E-01
