element  abbr_name        z_valence  ecut_prec  eos_score   score      SC         BCC         FCC        DC          XO          XO2         XO3        X2O        X2O3        X2O5

prec:
? H        GBRV-1.X         1                 30  0.0137838   0.0137838  0.132226   0.127276    0.130065   0.109711    0.0926905   0.0298129   0.0991681  0.134487   0.0446782   0.0963137
eff:
? H        GBRV-1.X         1                 30  0.0137838   0.0137838  0.132226   0.127276    0.130065   0.109711    0.0926905   0.0298129   0.0991681  0.134487   0.0446782   0.0963137
comment: There are cutoff = 40 Ry but a bit more better in EOS. In Andrea's test, 40 Ry required for GBRV-Hydrogen

prec:
He       PSL-US-v1-high   2                100  0.0460559  0.746056  0.0473689  0.0905028  0.164965   0.252464   0.205384  0.0438026  0.19169    0.253912  0.0877571  0.0880616
eff:
? He       SG15             2                 45  0.434123   0.584123  0.297924   0.280307   0.282398   0.0914927  0.675946  0.536868   1.57255    0.32297   0.961109   0.0683869
comment: SG15 is not good in EOS, but it is soft.

prec:
Li       GBRV-1.X         3                 35  0.0               0.05      0.0175384  0.0167647   0.00922897  0.00142993  0.0195832   0.00148198  0.0640873  0.0472544  0.00608853  0.0876688
eff:
Li       GBRV-1.X         3                 30  0.0               0.05      0.0175384  0.0167647   0.00922897  0.00142993  0.0195832   0.00148198  0.0640873  0.0472544  0.00608853  0.0876688

prec:
Be       PSL-PAW-v1-low   2                 30  0.00515263  0.00515263  0.0788742  0.1406    0.148154  0.0760072  0.103387   0.0781762  0.102387   0.0940547  0.0970239  0.0642908
eff:
Be       PSL-PAW-v1-low   2                 30  0.00515263  0.00515263  0.0788742  0.1406    0.148154  0.0760072  0.103387   0.0781762  0.102387   0.0940547  0.0970239  0.0642908

prec:
B        PSL-PAW-v0.x     3                 30  0.00355314  0.00355314  0.0209646  0.0825582  0.0877706  0.0179799  0.0211226  0.0506201  0.0909569  0.00441781  0.0572678  0.131978
eff:
B        PSL-PAW-v0.x     3                 30  0.00355314  0.00355314  0.0209646  0.0825582  0.0877706  0.0179799  0.0211226  0.0506201  0.0909569  0.00441781  0.0572678  0.131978

prec:
C        PSL-PAW-v0.x     4                 30  0.00162602  0.00162602  0.0518843  0.0480434  0.0659446  0.0410037  0.00940333  0.0324565  0.090169   0.0175385  0.0368825  0.114634
eff:
C        PSL-PAW-v0.x     4                 30  0.00162602  0.00162602  0.0518843  0.0480434  0.0659446  0.0410037  0.00940333  0.0324565  0.090169   0.0175385  0.0368825  0.114634

? N is missing

prec:
O        PSL-PAW-v0.x    6                 45   0.0       0.15      0.00922396  0.00913726  0.00768075  0.00451602  0.00948471  0.0111722  0.0123522  0.0111754  0.00755482  0.010147
eff:
O        PSL-PAW-v0.x    6                 40   0.0       0.15      0.00922396  0.00913726  0.00768075  0.00451602  0.00948471  0.0111722  0.0123522  0.0111754  0.00755482  0.010147

prec:
F        PSL-PAW-v0.x     7                 75  0.0               0.45      0.0283849  0.0252182  0.0450512  0.0320607  0.0106963   0.0203287   0.0484747  0.0165918  0.0144991  0.0588218
eff:
F        GBRV-1.X         7                 40  0.0357983         0.135798  0.210512   0.227289   0.266544   0.184384   0.0731092   0.0684128   0.0182261  0.0992162  0.0693965  0.0915296

prec:
Ne       PSL-PAW-v1-high  8               150   0.0303161        0.730316   0.120544   0.129165   0.108426   0.200893  0.153166  0.0250379  0.0755482   0.189815  0.00479201  0.0620197
eff:
Ne       PSL-PAW-v1-high  8               100   0.0303161        0.730316   0.120544   0.129165   0.108426   0.200893  0.153166  0.0250379  0.0755482   0.189815  0.00479201  0.0620197

prec:
Na       PSL-PAW-v0.x     9                 55  0.0        0.25      0.0026937  0.00722697  0.00288335  0.00853455  0.0467374  0.049054   0.122465  0.0268034  0.0333587  0.0549398
eff:
Na       PSL-PAW-v0.x     9                 50  0.0        0.25      0.0026937  0.00722697  0.00288335  0.00853455  0.0467374  0.049054   0.122465  0.0268034  0.0333587  0.0549398

prec:
Mg       GBRV-1.X         10                35  0.0               0.05      0.0261922  0.0273772  0.0265035  0.00809982  0.0143026   0.026862   0.0189327  0.0391392  0.0272587  0.0626697
eff:
Mg       GBRV-1.X         10                35  0.0               0.05      0.0261922  0.0273772  0.0265035  0.00809982  0.0143026   0.026862   0.0189327  0.0391392  0.0272587  0.0626697

prec:
Al       PSL-PAW-v1-low   3                 30  0.0207067        0.0207067  0.040305   0.0822133  0.0892182  0.0252121  0.124734   0.0843028  0.208831   0.0999496  0.0376023  0.152795
eff:
Al       PSL-PAW-v1-low   3                 30  0.0207067        0.0207067  0.040305   0.0822133  0.0892182  0.0252121  0.124734   0.0843028  0.208831   0.0999496  0.0376023  0.152795

prec:
Si       PSL-US-v1-high   4                 30  0.0         0.0         0.0387541  0.0497859  0.0771855  0.0266557  0.033859   0.0334436  0.195962   0.0270516   0.0143557  0.0773085
eff:
Si       PSL-US-v1-high   4                 30  0.0         0.0         0.0387541  0.0497859  0.0771855  0.0266557  0.033859   0.0334436  0.195962   0.0270516   0.0143557  0.0773085

prec:
P        PSL-PAW-v1-high  5                 30  0.0         0.0         0.0321605  0.00953607  0.0188328  0.00855204  0.0177685   0.0302054  0.163873   0.00567773  0.00995696  0.0530658
eff:
P        PSL-PAW-v1-high  5                 30  0.0         0.0         0.0321605  0.00953607  0.0188328  0.00855204  0.0177685   0.0302054  0.163873   0.00567773  0.00995696  0.0530658

prec:
S        PSL-PAW-v1-high  6                 30  0.0          0.0         0.0139669  0.0387533  0.0313806  0.00793996  0.014346   0.0462559   0.518752   0.0155494  0.0226774   0.0543926
eff:
S        PSL-PAW-v1-high  6                 30  0.0          0.0         0.0139669  0.0387533  0.0313806  0.00793996  0.014346   0.0462559   0.518752   0.0155494  0.0226774   0.0543926

prec:
Cl       PSL-PAW-v1-low   7                 60  0.0         0.3       0.0362026  0.0339595  0.0364902   0.0434516  0.00808964  0.0146603  0.0266728   0.022979    0.016294   0.115615
eff:
Cl       GBRV-1.X         7                30  0.013084    0.013084   0.106856   0.134825   0.137081    0.113439   0.0394386   0.0499371  0.125555    0.0875838   0.0564243  0.161449

prec:
Ar       PSL-PAW-v1-low   8               100  0.0233345  0.723335  0.0240203  0.0498004  0.0199805  0.0653544  0.0327251  0.129276   0.20769    0.166875  0.106169   0.0386637
eff:
Ar       PSL-US-v0.x      8                75  0.081199   0.531199  0.115942   0.125679   0.0591583  0.0758295  0.0876548  0.242664   0.503963   0.156334  0.211887   0.0335242

prec:
K        SG15             9                30  0.00423398  0.00423398  0.00492204  0.00246025  0.00309815  0.0155177   0.0413262   0.042862   0.138106    0.0480635   0.0367805  0.00185624
eff:
K        SG15             9                30  0.00423398  0.00423398  0.00492204  0.00246025  0.00309815  0.0155177   0.0413262   0.042862   0.138106    0.0480635   0.0367805  0.00185624

prec:
Ca       GBRV-1.X         10               30  0.00202385         0.00202385  0.0325761   0.0108466   0.004613   0.0152691  0.034812    0.0489506   0.0214113  0.0712642  0.0455119   0.11821
eff:
Ca       GBRV-1.X         10               30  0.00202385         0.00202385  0.0325761   0.0108466   0.004613   0.0152691  0.034812    0.0489506   0.0214113  0.0712642  0.0455119   0.11821

prec:
Sc       GBRV-1.X         11               30   0.0       0.0       0.0360078  0.0346137  0.0355235  0.0192467  0.0555717  0.0763523  0.075751   0.04197    0.0759997  0.0818656
eff:
Sc       GBRV-1.X         11               30   0.0       0.0       0.0360078  0.0346137  0.0355235  0.0192467  0.0555717  0.0763523  0.075751   0.04197    0.0759997  0.0818656

prec:
Ti       GBRV-1.X         12               30  0.0         0.0       0.0231208  0.0152464  0.0196061  0.0321326  0.0334125  0.0553261  0.0475288  0.0285759   0.0518798  0.0338057
eff:
Ti       GBRV-1.X         12               30  0.0         0.0       0.0231208  0.0152464  0.0196061  0.0321326  0.0334125  0.0553261  0.0475288  0.0285759   0.0518798  0.0338057

prec:
V        GBRV-1.X         13               35  0.00613656   0.00613656  0.107297   0.0792908  0.0820755  0.137481  0.0937103  0.0789031  0.0611266  0.110451   0.0798279  0.0555775
eff:
V        GBRV-1.X         13               30  0.00613656   0.00613656  0.107297   0.0792908  0.0820755  0.137481  0.0937103  0.0789031  0.0611266  0.110451   0.0798279  0.0555775

prec:
Cr       DOJO-041-str     14              100  0.0              0.7       0.0270183  0.0343924  0.0222102  0.0653224  0.0467825  0.0191412  0.0179757  0.00774159  0.0257453  0.0494314
eff:
Cr       PSL-PAW-v1-high  14               45  0.199863         0.349863  0.346576   0.378353   0.342679   0.301936   0.273125   0.235063   0.401059   0.30824     0.258582   0.155092

prec:
? Mn       GBRV-1.X        15               35  0.0              0.05      0.0354326  0.0153808  0.00981672  0.0296905  0.0113812  0.00731468  0.0623054  0.0286338  0.00330451  0.0109827
eff:
?  Mn       GBRV-1.X        15               35  0.0              0.05      0.0354326  0.0153808  0.00981672  0.0296905  0.0113812  0.00731468  0.0623054  0.0286338  0.00330451  0.0109827
comment: magnetization required

prec:
? Fe       GBRV-1.X        16               30  0.0               0.0       0.00533172  0.0426807  0.0475369  0.0371822  0.0161101  0.0457406  0.0262779   0.00857041  0.0335717  0.035682
eff:
? Fe       GBRV-1.X        16               30  0.0               0.0       0.00533172  0.0426807  0.0475369  0.0371822  0.0161101  0.0457406  0.0262779   0.00857041  0.0335717  0.035682
comment: magnetization required

prec:
? Co       GBRV-1.X        17               35  0.0218826        0.0718826  0.119527   0.154347   0.171372   0.0857859  0.0731688  0.0686845   0.130518   0.0837582  0.151698  0.0668294
eff:
? Co       PSL-US-v1-low   9                30  0.0930179        0.0930179  0.386848   0.207516   0.247116   0.274599   0.11112    0.0814004   0.501584   0.193982   0.115981  0.0312629
comment: magnetization required, choose low-Co for eff lib

prec:
? Ni       GBRV-1.X        18               40   0.0       0.1       0.0359577  0.0129268  0.017655   0.0733194  0.0583401  0.0760254  0.154656   0.00630247  0.0844488  0.0159396
eff:
? Ni       GBRV-1.X        18               40   0.0       0.1       0.0359577  0.0129268  0.017655   0.0733194  0.0583401  0.0760254  0.154656   0.00630247  0.0844488  0.0159396
comment: magnetization required

prec:
Cu       PSL-PAW-v1-low   11                50  0.0522654        0.252265   0.0964109  0.0689982  0.0661228  0.175388   0.0647744  0.147228  0.418879  0.0297337  0.128893  0.0232817
eff:
Cu       PSL-PAW-v1-low   11                50  0.0522654        0.252265   0.0964109  0.0689982  0.0661228  0.175388   0.0647744  0.147228  0.418879  0.0297337  0.128893  0.0232817
comment: Cu is a typical example where I select z_valence is 11 not 19 while cutoff is 50 not 35.

prec:
Zn       PSL-PAW-v1-low   12               60  0.0622297        0.31223   0.224073   0.352448   0.320148   0.183969   0.13693   0.0169116  0.194947  0.0910878  0.0417301  0.00661224
eff:
Zn       PSL-PAW-v1-low   12               55  0.0622297        0.31223   0.224073   0.352448   0.320148   0.183969   0.13693   0.0169116  0.194947  0.0910878  0.0417301  0.00661224

prec:
Ga       JTH-1.1-std      13               30  0.0148126         0.0148126  0.0692254  0.0105127  0.0180792  0.0688717  0.0721621  0.154589   0.256914   0.0193177  0.178724  0.0259551
eff:
Ga       JTH-1.1-std      13               30  0.0148126         0.0148126  0.0692254  0.0105127  0.0180792  0.0688717  0.0721621  0.154589   0.256914   0.0193177  0.178724  0.0259551

element  abbr_name        z_valence  ecut_prec  eos_score   score      SC         BCC         FCC        DC          XO          XO2         XO3        X2O        X2O3        X2O5
prec:
Ge       GBRV-1.X         14                35  0.0296544  0.0796544  0.119149   0.143175   0.209744   0.133585   0.0818362  0.0295028  0.0457693  0.140071   0.0376047  0.121165
eff:
? Ge       PSL-US-v1-low    4                30  0.665987   0.665987   0.147663   0.242695   0.442063   0.379702   0.0849463  2.66289    4.67735    0.168759   1.76502    0.985097
comment: eff one is not EOS good, but soft.

prec:
As       JTH-1.1-std      15                60  0.0         0.3       0.0336045  0.0218835  0.0454715  0.0149437  0.017186   0.0501609  0.352216  0.0373394  0.0267866  0.0780756
eff:
As       SG15             5                 30  0.189717    0.189717  0.368358   0.153223   0.128427   0.37255    0.0557961  0.698008   1.7215    0.0910218  0.477521   0.209365

prec:
Se       SPMS             16                55  0.00477393  0.254774   0.113544    0.0875373  0.0813796  0.108974   0.0164154   0.120448   0.625178  0.0249189  0.0345291  0.0386266
eff:
Se       SG15             6                30  0.0128896   0.0128896  0.0751137   0.1276     0.146039   0.0485856  0.111357    0.116664   0.841677  0.114347   0.064922   0.0139339


prec:
Br       SPMS             7                30  0.0212573        0.0212573  0.118275   0.126884   0.125246   0.1137     0.0405655  0.160414   0.813371  0.0662655  0.146797   0.021637
eff:
Br       SPMS             7                30  0.0212573        0.0212573  0.118275   0.126884   0.125246   0.1137     0.0405655  0.160414   0.813371  0.0662655  0.146797   0.021637

prec:
Kr       SPMS             8                 50  0.252252   0.452252  0.699762  0.920927  0.841587   0.626783  0.0633975  0.0686484  0.181985  0.420149  0.0677832  0.0767077
eff:
Kr       DOJO-041-std     8                50  0.232249   0.432249  0.64696   0.851382  0.777954   0.58657   0.0584283  0.0785834  0.179595  0.39916   0.0802026  0.0723483
comment: a typical case where the criteria make the cutoff change and make the selection change

prec:
 Rb       GBRV-1.X         9                30  0.00905035        0.00905035  0.0476022  0.0314037  0.0336553  0.0593658   0.0917733  0.109209    0.668494  0.0818711  0.100385   0.171859
eff:
 Rb       GBRV-1.X         9                30  0.00905035        0.00905035  0.0476022  0.0314037  0.0336553  0.0593658   0.0917733  0.109209    0.668494  0.0818711  0.100385   0.171859

prec:
Sr       GBRV-1.X         10                30  0.0              0.0        0.170164    0.0779005   0.0609634   0.00863464  0.0160341   0.0174894   0.00516998  0.0471571  0.022447    0.0745099
eff:
Sr       GBRV-1.X         10                30  0.0              0.0        0.170164    0.0779005   0.0609634   0.00863464  0.0160341   0.0174894   0.00516998  0.0471571  0.022447    0.0745099

prec:
Y        JTH-1.1-std      11               30  0.0         0.0        0.0242827   0.0266274  0.0250805  0.039517  0.0975772  0.0858697  0.086178   0.0908843  0.0889527  0.099524
eff:
Y        JTH-1.1-std      11               30  0.0         0.0        0.0242827   0.0266274  0.0250805  0.039517  0.0975772  0.0858697  0.086178   0.0908843  0.0889527  0.099524

prec:
Zr       JTH-1.1-std      12               30  0.00938209        0.00938209  0.0750206  0.0491399  0.0531174  0.061908  0.12306   0.114596  0.126348  0.104768   0.115667  0.0916323
eff:
Zr       JTH-1.1-std      12               30  0.00938209        0.00938209  0.0750206  0.0491399  0.0531174  0.061908  0.12306   0.114596  0.126348  0.104768   0.115667  0.0916323

prec:
Nb       JTH-1.1-std      13               30  0.0143277  0.0143277  0.0813667  0.0675914  0.0627892  0.0259059  0.14878   0.132118  0.129898  0.113702  0.134349  0.0988326
eff:
Nb       JTH-1.1-std      13               30  0.0143277  0.0143277  0.0813667  0.0675914  0.0627892  0.0259059  0.14878   0.132118  0.129898  0.113702  0.134349  0.0988326

prec:
Mo       JTH-1.1-std      14               30  0.000709826  0.000709826  0.0528743  0.0852071   0.0716416  0.106388  0.00791801  0.0360279  0.0916634  0.00938886  0.0418103  0.0360538
eff:
Mo       JTH-1.1-std      14               30  0.000709826  0.000709826  0.0528743  0.0852071   0.0716416  0.106388  0.00791801  0.0360279  0.0916634  0.00938886  0.0418103  0.0360538

prec:
Tc       GBRV-1.X         15               30  0.0173193         0.0173193  0.10991   0.125064   0.129595   0.103416   0.126088   0.110446  0.119272  0.131346   0.120009  0.0896391
eff:
Tc       GBRV-1.X         15               30  0.0173193         0.0173193  0.10991   0.125064   0.129595   0.103416   0.126088   0.110446  0.119272  0.131346   0.120009  0.0896391

prec:
Ru       GBRV-1.X         16               30  0.0389803        0.0389803  0.151496   0.154139   0.155762   0.148911  0.129429   0.125358  0.151798  0.146493   0.136495  0.10274
eff:
Ru       GBRV-1.X         16               30  0.0389803        0.0389803  0.151496   0.154139   0.155762   0.148911  0.129429   0.125358  0.151798  0.146493   0.136495  0.10274

prec:
Rh       SG15             17               30  0.0566413   0.0566413  0.0280355  0.0385434  0.0913917  0.0428023  0.0322305  0.235948  0.587083  0.0229931  0.366318  0.207506
eff:
Rh       SG15             17               30  0.0566413   0.0566413  0.0280355  0.0385434  0.0913917  0.0428023  0.0322305  0.235948  0.587083  0.0229931  0.366318  0.207506

prec:
Pd       PSL-PAW-v1-high  18               75  0.00279866        0.352799  0.0514397  0.0221798   0.0186446  0.0667137  0.0785093  0.125188  0.251398  0.0331481  0.0851972  0.0633672
eff:
? Pd       SG15             18               40  0.0373747         0.137375  0.0563456  0.00875488  0.0133016  0.152139   0.0381083  0.230023  0.607416  0.0118517  0.210736   0.143473
comment: there is Pd pseudo with less z_valence 10 v.s 18, but I'd rather not select those since EOS is too bad

prec:
Ag       SPMS             19                35  0.0477828  0.0977828  0.144415   0.0752901  0.0961809  0.126911   0.173141   0.208006  0.358566  0.0575137  0.26027   0.117302
eff:
Ag       JTH-1.1-std      11               30  0.170645   0.170645   0.22259    0.149036   0.188937   0.330515   0.216026   0.512502  1.00755   0.127639   0.4002    0.288363

prec:
Cd       SPMS             20                40  0.0955131        0.195513  0.108031   0.14392    0.152163   0.125044    0.0644109  0.23637    0.595916  0.0323185   0.210511   0.112706
eff:
? Cd       JTH-1.1-std      12               35  0.0308429        0.0808429  0.0689231  0.14083    0.127021   0.0456607   0.120116   0.0254671  0.289619  0.0108992   0.0300156  0.0141256
comment: need to look at convergence curve, the cohesive energy fluctuated

prec:
In       PSL-US-v0.x      13               45  0.0417227        0.191723  0.0694385  0.0473411  0.0461088  0.0446283  0.0951309  0.264616  0.559137  0.0841072  0.265717  0.145172
eff:
In       PSL-US-v0.x      13               45  0.0417227        0.191723  0.0694385  0.0473411  0.0461088  0.0446283  0.0951309  0.264616  0.559137  0.0841072  0.265717  0.145172

prec:
? Sn       GBRV-1.X         14               120  0.00869412  0.908694  0.0836463  0.0933405  0.0744006  0.178247   0.054999   0.0638462  0.0753373  0.0455927  0.0326992  0.03287
eff:
Sn       SG15             14                40  0.0688487   0.168849  0.198558   0.257359   0.24707    0.0136414  0.0922201  0.154405   0.418794   0.262246   0.0731017  0.0784886
comment: Is 120 Ry for prec too high? need to look at convergence curve. cohesive energy fluctuate.

prec:
Sb       SPMS            15               45  0.0506506  0.200651  0.0150565  0.0205635  0.0117358  0.0208421  0.0367875  0.268093  0.566603  0.0388314  0.226751  0.26101
eff:
? Sb       JTH0.1-std     15               30  0.105375   0.105375  0.0544714  0.0537371  0.0542577  0.0855796  0.194592   0.399546  0.955829  0.161784   0.331917  0.360537
comment: for eff lib, there is z=5 exist, a bit worse in EOS, select it??

prec:
 Te       PSL-US-v1-low    6                30  0.0743427  0.0743427  0.073973   0.048938   0.125242   0.0519833  0.0511493  0.296376   3.54599  0.188503  0.237116  0.321847
eff:
 Te       PSL-US-v1-low    6                30  0.0743427  0.0743427  0.073973   0.048938   0.125242   0.0519833  0.0511493  0.296376   3.54599  0.188503  0.237116  0.321847

prec:
I        GBRV-1.X         7                30  0.0822023  0.0822023  0.157351   0.159176   0.153948   0.157765   0.166907   0.220493   0.0105893  0.1822    0.231911  0.210069
eff:
I        GBRV-1.X         7                30  0.0822023  0.0822023  0.157351   0.159176   0.153948   0.157765   0.166907   0.220493   0.0105893  0.1822    0.231911  0.210069

prec:
Xe       SPMS             8                 30   0.766885        0.766885  0.350307   0.482848  0.475916  0.378128   0.562425  1.93208   5.21963   0.148574   1.66506   1.80662
eff:
Xe       JTH-1.1-std      8                30   0.610688        0.610688  0.199234   0.149302  0.165015  0.26863    0.277937  1.92818   6.31357   0.0978616  1.49294   1.81496

prec:
Cs       SPMS             9                35  0.0154875  0.0654875  0.0989859   0.078113     0.0800899   0.103984   0.108565  0.112777   0.374162  0.133366  0.0590495  0.180696
eff:
Cs       SPMS             9                35  0.0154875  0.0654875  0.0989859   0.078113     0.0800899   0.103984   0.108565  0.112777   0.374162  0.133366  0.0590495  0.180696

prec:
Ba       SG15             10               40  0.00691091        0.106911   0.116216  0.0935778  0.093866   0.0606124  0.082276  0.0252044   0.832989   0.132315  0.037777   0.113668
eff:
Ba       SPMS             10               30  0.0457076         0.0457076  0.167932  0.151809   0.129655   0.140401   0.170282  0.0595335   1.3247     0.186216  0.0997746  0.165074
comment: we don't really need the dojo one with f channel, since sg15 and spms also include f channel

prec:
? Hf       PSL-PAW-v1-high  36               150  0.011595         1.2116    0.0892088  0.0608098  0.0463638  0.172203  0.120997   0.114648   0.103384   0.0899346   0.107771   0.0708499
eff:
Hf       SPMS             12               30  0.175543         0.175543  0.0997683  0.0657839  0.0563444  0.186143  0.484967   0.57131    0.514229   0.106206    0.563068   0.325271
comment: is prec one too hard?

prec:
Ta       SPMS             13               30  0.0144052         0.0144052  0.0246543  0.0620514  0.0977658   0.032952   0.146231   0.134706    0.207091   0.0774068  0.146304    0.102406
eff:
Ta       SPMS             13               30  0.0144052         0.0144052  0.0246543  0.0620514  0.0977658   0.032952   0.146231   0.134706    0.207091   0.0774068  0.146304    0.102406

prec:
W        SPMS             14               30  0.00680293  0.00680293  0.0381573  0.071595    0.0613378  0.104391    0.0438238   0.136161   0.182509   0.0356086  0.120674    0.0856563
eff:
W        SPMS             14               30  0.00680293  0.00680293  0.0381573  0.071595    0.0613378  0.104391    0.0438238   0.136161   0.182509   0.0356086  0.120674    0.0856563

prec:
Re       GBRV-1.X         15               30  0.000837306  0.000837306  0.0626515  0.0935254  0.0935891  0.0676021  0.0183912   0.0208591  0.107536   0.0358084  0.0313068  0.0336334
eff:
Re       GBRV-1.X         15               30  0.000837306  0.000837306  0.0626515  0.0935254  0.0935891  0.0676021  0.0183912   0.0208591  0.107536   0.0358084  0.0313068  0.0336334

prec:
Os       GBRV-1.X         16               30  0.00257853         0.00257853  0.0845753  0.116906   0.123207   0.0635947  0.0287641   0.0379309  0.0285111  0.0779853  0.0349346  0.0420112
eff:
Os       GBRV-1.X         16               30  0.00257853         0.00257853  0.0845753  0.116906   0.123207   0.0635947  0.0287641   0.0379309  0.0285111  0.0779853  0.0349346  0.0420112

prec:
Ir       SPMS             17                30  0.0609436   0.0609436  0.20216    0.225742   0.20422     0.207729   0.160887   0.0296967  0.210883   0.1446     0.0667619  0.0611839
eff:
Ir       PSL-PAW-v1-low   9                 30  0.0560467   0.0560467  0.0217796  0.050444   0.0538561   0.385173   0.168831   0.0907943  0.452504   0.116702   0.111097   0.155286

prec:
Pt       PSL-PAW-v1-low   10               30  0.0129925          0.0129925  0.122409   0.142379   0.142214   0.149152   0.0524751  0.0159319  0.0617681  0.109931   0.0208788  0.0382905
eff:
Pt       PSL-PAW-v1-low   10               30  0.0129925          0.0129925  0.122409   0.142379   0.142214   0.149152   0.0524751  0.0159319  0.0617681  0.109931   0.0208788  0.0382905

prec:
Au       SPMS             19                30  0.031929         0.031929  0.0641001  0.150382   0.150657   0.0873071  0.0340722  0.11634    0.2086     0.12549    0.135892   0.0383692
eff:
Au       GBRV-1.X         11                30  0.157853         0.157853  0.204642   0.298435   0.304316   0.0772972  0.166068   0.0653672  0.82838    0.218836   0.0862722  0.0394747

prec:
Hg       DOJO-041-str     20               80   0.166446  0.666446  0.404472  0.466451  0.57851   0.64143   0.162553  0.13595   0.116459  0.227201  0.143767  0.162649
eff:
Hg       JTH-1.1-std      12               35   0.487429  0.537429  0.609344  0.370639  0.267961  0.234195  0.337976  0.739767  1.66844   0.313109  0.589724  0.389904

prec:
Tl       SPMS             13               30  0.0428547   0.0428547  0.165973  0.241568  0.240472   0.0784739  0.101508    0.0993301  0.643632  0.136171    0.0085179   0.0117725
eff:
Tl       SPMS             13               30  0.0428547   0.0428547  0.165973  0.241568  0.240472   0.0784739  0.101508    0.0993301  0.643632  0.136171    0.0085179   0.0117725

prec:
Pb       SG15             14               30  0.0420541   0.0420541  0.0534602  0.0970565  0.111211   0.127133   0.0342255   0.259278   0.228361  0.0361413   0.202099   0.178765
eff:
Pb       SG15             14               30  0.0420541   0.0420541  0.0534602  0.0970565  0.111211   0.127133   0.0342255   0.259278   0.228361  0.0361413   0.202099   0.178765

prec:
Bi       SG15             15               35  0.0952931  0.145293  0.133663   0.165342   0.17823    0.0452835  0.0546005  0.387922    1.00033    0.0679252  0.337165  0.255316
eff:
Bi       SG15             15               35  0.0952931  0.145293  0.133663   0.165342   0.17823    0.0452835  0.0546005  0.387922    1.00033    0.0679252  0.337165  0.255316

prec:
Po       DOJO-041-std     16                60   0.212317  0.512317  0.0633232  0.0741897  0.121536  0.0193162  0.236432  0.6624     2.15961  0.264647  0.597798  0.628042
eff:
Po       DOJO-041-std     16               55   0.212317  0.462317  0.0633232  0.0741897  0.121536  0.0193162  0.236432  0.6624     2.15961  0.264647  0.597798  0.628042

prec:
At       PSL-US-v1-high   17              150   0.352033  1.55203  0.0770743  0.210221  0.284575  0.132662  0.249816  0.833454   2.5004   0.547179  0.791649  0.918742
eff:
At       PSL-US-v1-high   17              150   0.352033  1.55203  0.0770743  0.210221  0.284575  0.132662  0.249816  0.833454   2.5004   0.547179  0.791649  0.918742

prec:
 Fr       PSL-PAW-v1-high  19               150    1.00059  2.20059  0.170306   0.124182  0.141635    0.15924    1.01704  2.71476  5.33951  0.838813  2.47065  2.26867
eff:
Fr       PSL-US-v1-high   19              120    1.0114   1.9114   0.0782442  0.010407  0.00921661  0.0814582  1.05735  2.78248  5.45092  0.889091  2.53619  2.33747

prec: 
Ra       PSL-PAW-v1-high  20              120    1.03251  1.93251  0.662887  0.314832  0.356607  0.097599  1.11898  1.98931  9.26093  2.52952   1.7849  1.33553
eff:
Ra       PSL-PAW-v1-high  20              120    1.03251  1.93251  0.662887  0.314832  0.356607  0.097599  1.11898  1.98931  9.26093  2.52952   1.7849  1.33553

prec:
Rn       PSL-PAW-v1-high  18              150   0.488581  1.68858  0.0491291  0.0485337  0.0297011  0.054248  0.451964   1.36609  2.78394   0.349118   1.20303   1.52702
eff:
Rn       JTH-1.1-std      8                30   1.10639   1.10639  0.646729   0.641176   0.668113   0.790536  0.0841526  2.48013  7.72839   0.68185    1.92324   2.92571

La/Ac from ...




