 -5.0000E+00  1.7901E+00  1.9966E+00  1.0614E+00  1.1065E+00
 -4.9500E+00  1.7761E+00  1.9834E+00  1.0580E+00  1.1038E+00
 -4.9000E+00  1.7620E+00  1.9702E+00  1.0546E+00  1.1011E+00
 -4.8500E+00  1.7478E+00  1.9568E+00  1.0511E+00  1.0984E+00
 -4.8000E+00  1.7335E+00  1.9433E+00  1.0476E+00  1.0955E+00
 -4.7500E+00  1.7191E+00  1.9297E+00  1.0439E+00  1.0927E+00
 -4.7000E+00  1.7046E+00  1.9160E+00  1.0403E+00  1.0898E+00
 -4.6500E+00  1.6900E+00  1.9022E+00  1.0365E+00  1.0868E+00
 -4.6000E+00  1.6753E+00  1.8882E+00  1.0326E+00  1.0837E+00
 -4.5500E+00  1.6604E+00  1.8741E+00  1.0287E+00  1.0806E+00
 -4.5000E+00  1.6455E+00  1.8600E+00  1.0247E+00  1.0775E+00
 -4.4500E+00  1.6304E+00  1.8456E+00  1.0206E+00  1.0743E+00
 -4.4000E+00  1.6153E+00  1.8312E+00  1.0165E+00  1.0710E+00
 -4.3500E+00  1.6000E+00  1.8166E+00  1.0122E+00  1.0676E+00
 -4.3000E+00  1.5846E+00  1.8019E+00  1.0078E+00  1.0642E+00
 -4.2500E+00  1.5690E+00  1.7871E+00  1.0034E+00  1.0606E+00
 -4.2000E+00  1.5534E+00  1.7721E+00  9.9882E-01  1.0570E+00
 -4.1500E+00  1.5376E+00  1.7570E+00  9.9416E-01  1.0534E+00
 -4.1000E+00  1.5217E+00  1.7417E+00  9.8939E-01  1.0496E+00
 -4.0500E+00  1.5056E+00  1.7263E+00  9.8451E-01  1.0457E+00
 -4.0000E+00  1.4894E+00  1.7107E+00  9.7952E-01  1.0418E+00
 -3.9500E+00  1.4731E+00  1.6949E+00  9.7440E-01  1.0378E+00
 -3.9000E+00  1.4566E+00  1.6790E+00  9.6917E-01  1.0336E+00
 -3.8500E+00  1.4400E+00  1.6629E+00  9.6380E-01  1.0294E+00
 -3.8000E+00  1.4232E+00  1.6467E+00  9.5830E-01  1.0250E+00
 -3.7500E+00  1.4063E+00  1.6303E+00  9.5266E-01  1.0206E+00
 -3.7000E+00  1.3892E+00  1.6137E+00  9.4688E-01  1.0160E+00
 -3.6500E+00  1.3720E+00  1.5969E+00  9.4095E-01  1.0113E+00
 -3.6000E+00  1.3546E+00  1.5799E+00  9.3486E-01  1.0065E+00
 -3.5500E+00  1.3370E+00  1.5627E+00  9.2862E-01  1.0015E+00
 -3.5000E+00  1.3193E+00  1.5453E+00  9.2220E-01  9.9644E-01
 -3.4500E+00  1.3014E+00  1.5277E+00  9.1561E-01  9.9120E-01
 -3.4000E+00  1.2833E+00  1.5099E+00  9.0883E-01  9.8581E-01
 -3.3500E+00  1.2650E+00  1.4918E+00  9.0187E-01  9.8026E-01
 -3.3000E+00  1.2466E+00  1.4735E+00  8.9471E-01  9.7455E-01
 -3.2500E+00  1.2279E+00  1.4550E+00  8.8734E-01  9.6867E-01
 -3.2000E+00  1.2091E+00  1.4363E+00  8.7976E-01  9.6260E-01
 -3.1500E+00  1.1900E+00  1.4173E+00  8.7196E-01  9.5634E-01
 -3.1000E+00  1.1708E+00  1.3980E+00  8.6392E-01  9.4988E-01
 -3.0500E+00  1.1513E+00  1.3785E+00  8.5563E-01  9.4321E-01
 -3.0000E+00  1.1317E+00  1.3587E+00  8.4709E-01  9.3632E-01
 -2.9500E+00  1.1118E+00  1.3386E+00  8.3829E-01  9.2919E-01
 -2.9000E+00  1.0917E+00  1.3182E+00  8.2920E-01  9.2182E-01
 -2.8500E+00  1.0713E+00  1.2976E+00  8.1982E-01  9.1420E-01
 -2.8000E+00  1.0508E+00  1.2766E+00  8.1014E-01  9.0629E-01
 -2.7500E+00  1.0299E+00  1.2553E+00  8.0014E-01  8.9810E-01
 -2.7000E+00  1.0088E+00  1.2336E+00  7.8980E-01  8.8961E-01
 -2.6500E+00  9.8751E-01  1.2116E+00  7.7911E-01  8.8079E-01
 -2.6000E+00  9.6591E-01  1.1893E+00  7.6806E-01  8.7163E-01
 -2.5500E+00  9.4403E-01  1.1665E+00  7.5662E-01  8.6211E-01
 -2.5000E+00  9.2188E-01  1.1434E+00  7.4477E-01  8.5221E-01
 -2.4500E+00  8.9944E-01  1.1199E+00  7.3250E-01  8.4190E-01
 -2.4000E+00  8.7670E-01  1.0960E+00  7.1979E-01  8.3116E-01
 -2.3500E+00  8.5366E-01  1.0716E+00  7.0662E-01  8.1996E-01
 -2.3000E+00  8.3031E-01  1.0468E+00  6.9295E-01  8.0826E-01
 -2.2500E+00  8.0663E-01  1.0215E+00  6.7877E-01  7.9605E-01
 -2.2000E+00  7.8262E-01  9.9579E-01  6.6405E-01  7.8329E-01
 -2.1500E+00  7.5827E-01  9.6953E-01  6.4877E-01  7.6993E-01
 -2.1000E+00  7.3356E-01  9.4275E-01  6.3290E-01  7.5594E-01
 -2.0500E+00  7.0849E-01  9.1543E-01  6.1640E-01  7.4127E-01
 -2.0000E+00  6.8305E-01  8.8754E-01  5.9926E-01  7.2589E-01
 -1.9500E+00  6.5722E-01  8.5905E-01  5.8143E-01  7.0973E-01
 -1.9000E+00  6.3098E-01  8.2995E-01  5.6289E-01  6.9274E-01
 -1.8500E+00  6.0434E-01  8.0020E-01  5.4360E-01  6.7486E-01
 -1.8000E+00  5.7727E-01  7.6978E-01  5.2354E-01  6.5604E-01
 -1.7500E+00  5.4975E-01  7.3865E-01  5.0265E-01  6.3620E-01
 -1.7000E+00  5.2179E-01  7.0679E-01  4.8092E-01  6.1527E-01
 -1.6500E+00  4.9335E-01  6.7415E-01  4.5831E-01  5.9317E-01
 -1.6000E+00  4.6442E-01  6.4070E-01  4.3478E-01  5.6981E-01
 -1.5500E+00  4.3498E-01  6.0641E-01  4.1030E-01  5.4512E-01
 -1.5000E+00  4.0503E-01  5.7122E-01  3.8483E-01  5.1899E-01
 -1.4500E+00  3.7453E-01  5.3509E-01  3.5836E-01  4.9133E-01
 -1.4000E+00  3.4347E-01  4.9799E-01  3.3084E-01  4.6203E-01
 -1.3500E+00  3.1182E-01  4.5984E-01  3.0227E-01  4.3101E-01
 -1.3000E+00  2.7957E-01  4.2060E-01  2.7261E-01  3.9814E-01
 -1.2500E+00  2.4669E-01  3.8022E-01  2.4186E-01  3.6334E-01
 -1.2000E+00  2.1315E-01  3.3861E-01  2.1001E-01  3.2650E-01
 -1.1500E+00  1.7894E-01  2.9573E-01  1.7707E-01  2.8753E-01
 -1.1000E+00  1.4402E-01  2.5148E-01  1.4304E-01  2.4638E-01
 -1.0500E+00  1.0837E-01  2.0580E-01  1.0795E-01  2.0297E-01
 -1.0000E+00  7.1947E-02  1.5860E-01  7.1823E-02  1.5729E-01
 -9.5000E-01  3.4728E-02  1.0977E-01  3.4714E-02  1.0934E-01
 -9.0000E-01 -3.3222E-03  5.9233E-02 -3.3222E-03  5.9164E-02
 -8.5000E-01 -4.2241E-02  6.8618E-03 -4.2216E-02  6.8617E-03
 -8.0000E-01 -8.2066E-02 -4.7458E-02 -8.1883E-02 -4.7423E-02
 -7.5000E-01 -1.2284E-01 -1.0386E-01 -1.2223E-01 -1.0349E-01
 -7.0000E-01 -1.6460E-01 -1.6248E-01 -1.6314E-01 -1.6107E-01
 -6.5000E-01 -2.0740E-01 -2.2348E-01 -2.0450E-01 -2.1987E-01
 -6.0000E-01 -2.5128E-01 -2.8703E-01 -2.4618E-01 -2.7952E-01
 -5.5000E-01 -2.9630E-01 -3.5332E-01 -2.8806E-01 -3.3963E-01
 -5.0000E-01 -3.4251E-01 -4.2256E-01 -3.2999E-01 -3.9980E-01
 -4.5000E-01 -3.8997E-01 -4.9497E-01 -3.7183E-01 -4.5962E-01
 -4.0000E-01 -4.3875E-01 -5.7081E-01 -4.1346E-01 -5.1868E-01
 -3.5000E-01 -4.8890E-01 -6.5036E-01 -4.5473E-01 -5.7663E-01
 -3.0000E-01 -5.4052E-01 -7.3393E-01 -4.9553E-01 -6.3313E-01
 -2.5000E-01 -5.9366E-01 -8.2187E-01 -5.3574E-01 -6.8793E-01
 -2.0000E-01 -6.4842E-01 -9.1458E-01 -5.7526E-01 -7.4081E-01
 -1.5000E-01 -7.0488E-01 -1.0125E+00 -6.1399E-01 -7.9160E-01
 -1.0000E-01 -7.6314E-01 -1.1161E+00 -6.5186E-01 -8.4021E-01
 -5.0000E-02 -8.2330E-01 -1.2260E+00 -6.8879E-01 -8.8656E-01
  0.0000E+00 -8.8549E-01 -1.3427E+00 -7.2474E-01 -9.3066E-01
  5.0000E-02 -9.4980E-01 -1.4671E+00 -7.5966E-01 -9.7252E-01
  1.0000E-01 -1.0164E+00 -1.6000E+00 -7.9353E-01 -1.0122E+00
  1.5000E-01 -1.0854E+00 -1.7422E+00 -8.2632E-01 -1.0497E+00
  2.0000E-01 -1.1570E+00 -1.8950E+00 -8.5804E-01 -1.0852E+00
  2.5000E-01 -1.2313E+00 -2.0597E+00 -8.8867E-01 -1.1188E+00
  3.0000E-01 -1.3085E+00 -2.2376E+00 -9.1823E-01 -1.1505E+00
  3.5000E-01 -1.3888E+00 -2.4307E+00 -9.4674E-01 -1.1805E+00
  4.0000E-01 -1.4725E+00 -2.6410E+00 -9.7421E-01 -1.2088E+00
  4.5000E-01 -1.5597E+00 -2.8711E+00 -1.0007E+00 -1.2356E+00
  5.0000E-01 -1.6508E+00 -3.1241E+00 -1.0261E+00 -1.2610E+00
  5.5000E-01 -1.7460E+00 -3.4036E+00 -1.0507E+00 -1.2850E+00
  6.0000E-01 -1.8457E+00 -3.7142E+00 -1.0743E+00 -1.3078E+00
  6.5000E-01 -1.9502E+00 -4.0617E+00 -1.0970E+00 -1.3294E+00
  7.0000E-01 -2.0599E+00 -4.4533E+00 -1.1188E+00 -1.3499E+00
  7.5000E-01 -2.1752E+00 -4.8980E+00 -1.1399E+00 -1.3694E+00
  8.0000E-01 -2.2967E+00 -5.4078E+00 -1.1601E+00 -1.3879E+00
  8.5000E-01 -2.4248E+00 -5.9986E+00 -1.1796E+00 -1.4056E+00
  9.0000E-01 -2.5603E+00 -6.6916E+00 -1.1984E+00 -1.4225E+00
  9.5000E-01 -2.7038E+00 -7.5163E+00 -1.2165E+00 -1.4385E+00
  1.0000E+00 -2.8560E+00 -8.5150E+00 -1.2340E+00 -1.4539E+00
  1.0500E+00 -3.0180E+00 -9.7498E+00 -1.2508E+00 -1.4686E+00
  1.1000E+00 -3.1907E+00 -1.1317E+01 -1.2671E+00 -1.4827E+00
  1.1500E+00 -3.3753E+00 -1.3372E+01 -1.2828E+00 -1.4962E+00
  1.2000E+00 -3.5732E+00 -1.6187E+01 -1.2979E+00 -1.5091E+00
  1.2500E+00 -3.7858E+00 -2.0284E+01 -1.3126E+00 -1.5215E+00
  1.3000E+00 -4.0152E+00 -2.6799E+01 -1.3267E+00 -1.5335E+00
  1.3500E+00 -4.2633E+00 -3.8778E+01 -1.3404E+00 -1.5450E+00
  1.4000E+00 -4.5328E+00 -6.8094E+01 -1.3537E+00 -1.5561E+00
  1.4500E+00 -4.8266E+00 -2.5127E+02 -1.3665E+00 -1.5668E+00
  1.5000E+00 -5.1483E+00  1.5731E+02 -1.3789E+00 -1.5772E+00
  1.5500E+00 -5.5024E+00  6.1168E+01 -1.3910E+00 -1.5871E+00
  1.6000E+00 -5.8940E+00  3.8435E+01 -1.4027E+00 -1.5968E+00
  1.6500E+00 -6.3298E+00  2.8260E+01 -1.4141E+00 -1.6062E+00
  1.7000E+00 -6.8178E+00  2.2486E+01 -1.4252E+00 -1.6152E+00
  1.7500E+00 -7.3684E+00  1.8764E+01 -1.4359E+00 -1.6240E+00
  1.8000E+00 -7.9947E+00  1.6164E+01 -1.4464E+00 -1.6326E+00
  1.8500E+00 -8.7139E+00  1.4244E+01 -1.4565E+00 -1.6409E+00
  1.9000E+00 -9.5486E+00  1.2767E+01 -1.4664E+00 -1.6490E+00
  1.9500E+00 -1.0530E+01  1.1595E+01 -1.4761E+00 -1.6568E+00
  2.0000E+00 -1.1700E+01  1.0642E+01 -1.4855E+00 -1.6645E+00
  2.0500E+00 -1.3121E+01  9.8514E+00 -1.4947E+00 -1.6720E+00
  2.1000E+00 -1.4884E+01  9.1846E+00 -1.5037E+00 -1.6792E+00
  2.1500E+00 -1.7131E+01  8.6143E+00 -1.5125E+00 -1.6864E+00
  2.2000E+00 -2.0093E+01  8.1206E+00 -1.5211E+00 -1.6933E+00
  2.2500E+00 -2.4180E+01  7.6889E+00 -1.5295E+00 -1.7001E+00
  2.3000E+00 -3.0187E+01  7.3079E+00 -1.5377E+00 -1.7068E+00
  2.3500E+00 -3.9888E+01  6.9691E+00 -1.5457E+00 -1.7133E+00
  2.4000E+00 -5.8222E+01  6.6655E+00 -1.5536E+00 -1.7197E+00
  2.4500E+00 -1.0599E+02  6.3919E+00 -1.5614E+00 -1.7260E+00
  2.5000E+00 -5.4345E+02  6.1439E+00 -1.5690E+00 -1.7321E+00
  2.5500E+00  1.7800E+02  5.9179E+00 -1.5764E+00 -1.7382E+00
  2.6000E+00  7.7241E+01  5.7109E+00 -1.5837E+00 -1.7441E+00
  2.6500E+00  4.9621E+01  5.5206E+00 -1.5909E+00 -1.7500E+00
  2.7000E+00  3.6705E+01  5.3450E+00 -1.5980E+00 -1.7557E+00
  2.7500E+00  2.9217E+01  5.1823E+00 -1.6050E+00 -1.7614E+00
  2.8000E+00  2.4326E+01  5.0310E+00 -1.6119E+00 -1.7670E+00
  2.8500E+00  2.0880E+01  4.8899E+00 -1.6187E+00 -1.7725E+00
  2.9000E+00  1.8319E+01  4.7580E+00 -1.6253E+00 -1.7780E+00
  2.9500E+00  1.6340E+01  4.6342E+00 -1.6319E+00 -1.7833E+00
  3.0000E+00  1.4765E+01  4.5179E+00 -1.6384E+00 -1.7886E+00
  3.0500E+00  1.3480E+01  4.4083E+00 -1.6448E+00 -1.7939E+00
  3.1000E+00  1.2411E+01  4.3047E+00 -1.6512E+00 -1.7991E+00
  3.1500E+00  1.1508E+01  4.2067E+00 -1.6575E+00 -1.8042E+00
  3.2000E+00  1.0734E+01  4.1137E+00 -1.6637E+00 -1.8093E+00
  3.2500E+00  1.0063E+01  4.0254E+00 -1.6698E+00 -1.8143E+00
  3.3000E+00  9.4759E+00  3.9412E+00 -1.6759E+00 -1.8193E+00
  3.3500E+00  8.9570E+00  3.8610E+00 -1.6820E+00 -1.8242E+00
  3.4000E+00  8.4951E+00  3.7844E+00 -1.6880E+00 -1.8291E+00
  3.4500E+00  8.0810E+00  3.7111E+00 -1.6939E+00 -1.8340E+00
  3.5000E+00  7.7074E+00  3.6409E+00 -1.6998E+00 -1.8388E+00
  3.5500E+00  7.3684E+00  3.5736E+00 -1.7057E+00 -1.8436E+00
  3.6000E+00  7.0593E+00  3.5089E+00 -1.7115E+00 -1.8484E+00
  3.6500E+00  6.7762E+00  3.4466E+00 -1.7173E+00 -1.8532E+00
  3.7000E+00  6.5156E+00  3.3867E+00 -1.7231E+00 -1.8579E+00
  3.7500E+00  6.2750E+00  3.3288E+00 -1.7288E+00 -1.8626E+00
  3.8000E+00  6.0519E+00  3.2730E+00 -1.7346E+00 -1.8673E+00
  3.8500E+00  5.8444E+00  3.2191E+00 -1.7403E+00 -1.8720E+00
  3.9000E+00  5.6509E+00  3.1669E+00 -1.7459E+00 -1.8766E+00
  3.9500E+00  5.4697E+00  3.1164E+00 -1.7516E+00 -1.8813E+00
  4.0000E+00  5.2998E+00  3.0675E+00 -1.7573E+00 -1.8859E+00
  4.0500E+00  5.1399E+00  3.0199E+00 -1.7630E+00 -1.8906E+00
  4.1000E+00  4.9891E+00  2.9738E+00 -1.7686E+00 -1.8952E+00
  4.1500E+00  4.8466E+00  2.9290E+00 -1.7743E+00 -1.8998E+00
  4.2000E+00  4.7117E+00  2.8854E+00 -1.7799E+00 -1.9044E+00
  4.2500E+00  4.5836E+00  2.8429E+00 -1.7856E+00 -1.9090E+00
  4.3000E+00  4.4618E+00  2.8015E+00 -1.7913E+00 -1.9136E+00
  4.3500E+00  4.3458E+00  2.7612E+00 -1.7970E+00 -1.9183E+00
  4.4000E+00  4.2352E+00  2.7218E+00 -1.8027E+00 -1.9229E+00
  4.4500E+00  4.1294E+00  2.6834E+00 -1.8084E+00 -1.9275E+00
  4.5000E+00  4.0281E+00  2.6458E+00 -1.8141E+00 -1.9322E+00
  4.5500E+00  3.9310E+00  2.6091E+00 -1.8199E+00 -1.9368E+00
  4.6000E+00  3.8378E+00  2.5732E+00 -1.8257E+00 -1.9415E+00
  4.6500E+00  3.7482E+00  2.5381E+00 -1.8315E+00 -1.9461E+00
  4.7000E+00  3.6619E+00  2.5036E+00 -1.8374E+00 -1.9508E+00
  4.7500E+00  3.5787E+00  2.4698E+00 -1.8433E+00 -1.9555E+00
  4.8000E+00  3.4985E+00  2.4367E+00 -1.8492E+00 -1.9602E+00
  4.8500E+00  3.4209E+00  2.4043E+00 -1.8552E+00 -1.9650E+00
  4.9000E+00  3.3459E+00  2.3724E+00 -1.8612E+00 -1.9697E+00
  4.9500E+00  3.2733E+00  2.3410E+00 -1.8673E+00 -1.9745E+00
