  2.3518700E-06  3.5253349E-21  2.6569786E-23 -3.8868802E-05 -5.9999584E+01
  4.7235366E-06  4.3405004E-20  4.3231864E-22 -7.8064778E-05 -5.9999193E+01
  7.1151665E-06  1.8977920E-19  2.2257434E-21 -1.1759068E-04 -5.9998860E+01
  9.5269277E-06  5.4309518E-19  7.1539565E-21 -1.5744929E-04 -5.9998595E+01
  1.1958990E-05  1.2321140E-18  1.7762855E-20 -1.9764341E-04 -5.9998449E+01
  1.4411523E-05  2.4133966E-18  3.7460569E-20 -2.3817585E-04 -5.9998435E+01
  1.6884701E-05  4.2715492E-18  7.0584330E-20 -2.7904948E-04 -5.9998568E+01
  1.9378696E-05  7.0198280E-18  1.2247093E-19 -3.2026715E-04 -5.9998875E+01
  2.1893684E-05  1.0900958E-17  1.9953093E-19 -3.6183177E-04 -5.9999368E+01
  2.4429842E-05  1.6188207E-17  3.0932674E-19 -4.0374626E-04 -6.0000062E+01
  2.6987348E-05  2.3186563E-17  4.6065486E-19 -4.4601355E-04 -6.0000966E+01
  2.9566381E-05  3.2234071E-17  6.6363229E-19 -4.8863663E-04 -6.0002085E+01
  3.2167123E-05  4.3703282E-17  9.2978753E-19 -5.3161848E-04 -6.0003425E+01
  3.4789757E-05  5.8002818E-17  1.2721561E-18 -5.7496213E-04 -6.0004984E+01
  3.7434466E-05  7.5579039E-17  1.7053809E-18 -6.1867062E-04 -6.0006759E+01
  4.0101437E-05  9.6917810E-17  2.2458180E-18 -6.6274702E-04 -6.0008747E+01
  4.2790857E-05  1.2254638E-16  2.9116472E-18 -7.0719443E-04 -6.0010937E+01
  4.5502915E-05  1.5303536E-16  3.7229884E-18 -7.5201597E-04 -6.0013320E+01
  4.8237801E-05  1.8900078E-16  4.7020238E-18 -7.9721479E-04 -6.0015882E+01
  5.0995708E-05  2.3110631E-16  5.8731260E-18 -8.4279407E-04 -6.0018610E+01
  5.3776829E-05  2.8006551E-16  7.2629923E-18 -8.8875701E-04 -6.0021486E+01
  5.6581360E-05  3.3664424E-16  8.9007859E-18 -9.3510683E-04 -6.0024493E+01
  5.9409498E-05  4.0166319E-16  1.0818283E-17 -9.8184680E-04 -6.0027614E+01
  6.2261442E-05  4.7600045E-16  1.3050030E-17 -1.0289802E-03 -6.0030829E+01
  6.5137391E-05  5.6059431E-16  1.5633502E-17 -1.0765103E-03 -6.0034118E+01
  6.8037549E-05  6.5644609E-16  1.8609275E-17 -1.1244406E-03 -6.0037462E+01
  7.0962118E-05  7.6462312E-16  2.2021206E-17 -1.1727742E-03 -6.0040842E+01
  7.3911305E-05  8.8626190E-16  2.5916616E-17 -1.2215147E-03 -6.0044239E+01
  7.6885316E-05  1.0225713E-15  3.0346487E-17 -1.2706655E-03 -6.0047635E+01
  7.9884360E-05  1.1748360E-15  3.5365668E-17 -1.3202300E-03 -6.0051011E+01
  8.2908649E-05  1.3444200E-15  4.1033085E-17 -1.3702117E-03 -6.0054352E+01
  8.5958394E-05  1.5327703E-15  4.7411969E-17 -1.4206142E-03 -6.0057641E+01
  8.9033811E-05  1.7414208E-15  5.4570088E-17 -1.4714408E-03 -6.0060864E+01
  9.2135114E-05  1.9719962E-15  6.2579994E-17 -1.5226954E-03 -6.0064007E+01
  9.5262522E-05  2.2262164E-15  7.1519276E-17 -1.5743813E-03 -6.0067058E+01
  9.8416255E-05  2.5059004E-15  8.1470831E-17 -1.6265023E-03 -6.0070006E+01
  1.0159653E-04  2.8129713E-15  9.2523143E-17 -1.6790620E-03 -6.0072842E+01
  1.0480358E-04  3.1494608E-15  1.0477057E-16 -1.7320642E-03 -6.0075556E+01
  1.0803763E-04  3.5175143E-15  1.1831368E-16 -1.7855124E-03 -6.0078141E+01
  1.1129889E-04  3.9193954E-15  1.3325950E-16 -1.8394106E-03 -6.0080591E+01
  1.1458761E-04  4.3574921E-15  1.4972194E-16 -1.8937625E-03 -6.0082900E+01
  1.1790401E-04  4.8343218E-15  1.6782208E-16 -1.9485718E-03 -6.0085066E+01
  1.2124832E-04  5.3525370E-15  1.8768856E-16 -2.0038425E-03 -6.0087085E+01
  1.2462079E-04  5.9149315E-15  2.0945793E-16 -2.0595785E-03 -6.0088954E+01
  1.2802164E-04  6.5244468E-15  2.3327511E-16 -2.1157836E-03 -6.0090674E+01
  1.3145112E-04  7.1841781E-15  2.5929373E-16 -2.1724618E-03 -6.0092242E+01
  1.3490947E-04  7.8973817E-15  2.8767661E-16 -2.2296171E-03 -6.0093660E+01
  1.3839693E-04  8.6674813E-15  3.1859620E-16 -2.2872535E-03 -6.0094929E+01
  1.4191374E-04  9.4980759E-15  3.5223506E-16 -2.3453750E-03 -6.0096050E+01
  1.4546015E-04  1.0392947E-14  3.8878632E-16 -2.4039857E-03 -6.0097026E+01
  1.4903642E-04  1.1356067E-14  4.2845425E-16 -2.4630899E-03 -6.0097859E+01
  1.5264279E-04  1.2391607E-14  4.7145472E-16 -2.5226915E-03 -6.0098553E+01
  1.5627952E-04  1.3503944E-14  5.1801583E-16 -2.5827948E-03 -6.0099110E+01
  1.5994685E-04  1.4697674E-14  5.6837844E-16 -2.6434040E-03 -6.0099534E+01
  1.6364506E-04  1.5977617E-14  6.2279683E-16 -2.7045234E-03 -6.0099830E+01
  1.6737440E-04  1.7348827E-14  6.8153928E-16 -2.7661573E-03 -6.0100001E+01
  1.7113512E-04  1.8816605E-14  7.4488873E-16 -2.8283099E-03 -6.0100052E+01
  1.7492751E-04  2.0386505E-14  8.1314354E-16 -2.8909857E-03 -6.0099987E+01
  1.7875181E-04  2.2064350E-14  8.8661811E-16 -2.9541891E-03 -6.0099810E+01
  1.8260831E-04  2.3856238E-14  9.6564371E-16 -3.0179245E-03 -6.0099527E+01
  1.8649726E-04  2.5768557E-14  1.0505692E-15 -3.0821964E-03 -6.0099141E+01
  1.9041896E-04  2.7807996E-14  1.1417618E-15 -3.1470093E-03 -6.0098657E+01
  1.9437366E-04  2.9981558E-14  1.2396082E-15 -3.2123677E-03 -6.0098079E+01
  1.9836165E-04  3.2296571E-14  1.3445150E-15 -3.2782763E-03 -6.0097413E+01
  2.0238321E-04  3.4760706E-14  1.4569099E-15 -3.3447397E-03 -6.0096661E+01
  2.0643862E-04  3.7381985E-14  1.5772429E-15 -3.4117625E-03 -6.0095830E+01
  2.1052817E-04  4.0168801E-14  1.7059866E-15 -3.4793495E-03 -6.0094921E+01
  2.1465214E-04  4.3129932E-14  1.8436380E-15 -3.5475053E-03 -6.0093941E+01
  2.1881082E-04  4.6274553E-14  1.9907190E-15 -3.6162349E-03 -6.0092891E+01
  2.2300451E-04  4.9612257E-14  2.1477778E-15 -3.6855430E-03 -6.0091777E+01
  2.2723350E-04  5.3153070E-14  2.3153902E-15 -3.7554345E-03 -6.0090602E+01
  2.3149808E-04  5.6907469E-14  2.4941604E-15 -3.8259143E-03 -6.0089369E+01
  2.3579856E-04  6.0886400E-14  2.6847225E-15 -3.8969874E-03 -6.0088082E+01
  2.4013524E-04  6.5101297E-14  2.8877421E-15 -3.9686587E-03 -6.0086743E+01
  2.4450843E-04  6.9564103E-14  3.1039172E-15 -4.0409333E-03 -6.0085357E+01
  2.4891842E-04  7.4287288E-14  3.3339798E-15 -4.1138162E-03 -6.0083925E+01
  2.5336554E-04  7.9283873E-14  3.5786974E-15 -4.1873127E-03 -6.0082451E+01
  2.5785009E-04  8.4567451E-14  3.8388747E-15 -4.2614278E-03 -6.0080937E+01
  2.6237239E-04  9.0152208E-14  4.1153549E-15 -4.3361667E-03 -6.0079386E+01
  2.6693275E-04  9.6052952E-14  4.4090216E-15 -4.4115348E-03 -6.0077800E+01
  2.7153150E-04  1.0228513E-13  4.7208007E-15 -4.4875372E-03 -6.0076182E+01
  2.7616896E-04  1.0886486E-13  5.0516615E-15 -4.5641794E-03 -6.0074533E+01
  2.8084545E-04  1.1580896E-13  5.4026195E-15 -4.6414668E-03 -6.0072855E+01
  2.8556131E-04  1.2313497E-13  5.7747377E-15 -4.7194046E-03 -6.0071151E+01
  2.9031687E-04  1.3086117E-13  6.1691291E-15 -4.7979986E-03 -6.0069422E+01
  2.9511245E-04  1.3900663E-13  6.5869582E-15 -4.8772540E-03 -6.0067669E+01
  2.9994840E-04  1.4759125E-13  7.0294441E-15 -4.9571766E-03 -6.0065895E+01
  3.0482506E-04  1.5663574E-13  7.4978617E-15 -5.0377720E-03 -6.0064101E+01
  3.0974276E-04  1.6616171E-13  7.9935452E-15 -5.1190457E-03 -6.0062287E+01
  3.1470186E-04  1.7619168E-13  8.5178897E-15 -5.2010036E-03 -6.0060456E+01
  3.1970270E-04  1.8674913E-13  9.0723542E-15 -5.2836513E-03 -6.0058609E+01
  3.2474564E-04  1.9785849E-13  9.6584642E-15 -5.3669947E-03 -6.0056746E+01
  3.2983102E-04  2.0954524E-13  1.0277814E-14 -5.4510397E-03 -6.0054869E+01
  3.3495921E-04  2.2183592E-13  1.0932072E-14 -5.5357921E-03 -6.0052978E+01
  3.4013057E-04  2.3475818E-13  1.1622978E-14 -5.6212579E-03 -6.0051075E+01
  3.4534545E-04  2.4834080E-13  1.2352354E-14 -5.7074430E-03 -6.0049159E+01
  3.5060423E-04  2.6261378E-13  1.3122101E-14 -5.7943537E-03 -6.0047233E+01
  3.5590728E-04  2.7760832E-13  1.3934207E-14 -5.8819959E-03 -6.0045296E+01
  3.6125496E-04  2.9335694E-13  1.4790745E-14 -5.9703758E-03 -6.0043350E+01
  3.6664766E-04  3.0989348E-13  1.5693884E-14 -6.0594996E-03 -6.0041394E+01
  3.7208575E-04  3.2725318E-13  1.6645886E-14 -6.1493737E-03 -6.0039429E+01
  3.7756962E-04  3.4547271E-13  1.7649114E-14 -6.2400042E-03 -6.0037456E+01
  3.8309964E-04  3.6459024E-13  1.8706035E-14 -6.3313976E-03 -6.0035476E+01
  3.8867621E-04  3.8464549E-13  1.9819222E-14 -6.4235604E-03 -6.0033487E+01
  3.9429973E-04  4.0567979E-13  2.0991364E-14 -6.5164988E-03 -6.0031492E+01
  3.9997058E-04  4.2773617E-13  2.2225264E-14 -6.6102196E-03 -6.0029489E+01
  4.0568916E-04  4.5085937E-13  2.3523848E-14 -6.7047293E-03 -6.0027480E+01
  4.1145588E-04  4.7509596E-13  2.4890168E-14 -6.8000345E-03 -6.0025464E+01
  4.1727114E-04  5.0049435E-13  2.6327409E-14 -6.8961419E-03 -6.0023442E+01
  4.2313535E-04  5.2710493E-13  2.7838893E-14 -6.9930583E-03 -6.0021414E+01
  4.2904892E-04  5.5498010E-13  2.9428083E-14 -7.0907905E-03 -6.0019379E+01
  4.3501226E-04  5.8417436E-13  3.1098592E-14 -7.1893453E-03 -6.0017339E+01
  4.4102580E-04  6.1474436E-13  3.2854188E-14 -7.2887297E-03 -6.0015293E+01
  4.4708997E-04  6.4674905E-13  3.4698797E-14 -7.3889507E-03 -6.0013242E+01
  4.5320517E-04  6.8024969E-13  3.6636515E-14 -7.4900152E-03 -6.0011184E+01
  4.5937185E-04  7.1530998E-13  3.8671609E-14 -7.5919305E-03 -6.0009121E+01
  4.6559044E-04  7.5199617E-13  4.0808528E-14 -7.6947036E-03 -6.0007053E+01
  4.7186137E-04  7.9037709E-13  4.3051909E-14 -7.7983418E-03 -6.0004978E+01
  4.7818508E-04  8.3052431E-13  4.5406583E-14 -7.9028524E-03 -6.0002898E+01
  4.8456203E-04  8.7251222E-13  4.7877585E-14 -8.0082427E-03 -6.0000812E+01
  4.9099265E-04  9.1641813E-13  5.0470161E-14 -8.1145201E-03 -5.9998720E+01
  4.9747740E-04  9.6232239E-13  5.3189775E-14 -8.2216920E-03 -5.9996622E+01
  5.0401674E-04  1.0103085E-12  5.6042121E-14 -8.3297661E-03 -5.9994519E+01
  5.1061112E-04  1.0604632E-12  5.9033127E-14 -8.4387499E-03 -5.9992409E+01
  5.1726101E-04  1.1128767E-12  6.2168971E-14 -8.5486510E-03 -5.9990293E+01
  5.2396687E-04  1.1676426E-12  6.5456085E-14 -8.6594772E-03 -5.9988170E+01
  5.3072918E-04  1.2248583E-12  6.8901167E-14 -8.7712363E-03 -5.9986041E+01
  5.3754841E-04  1.2846249E-12  7.2511190E-14 -8.8839361E-03 -5.9983906E+01
  5.4442504E-04  1.3470473E-12  7.6293418E-14 -8.9975846E-03 -5.9981764E+01
  5.5135956E-04  1.4122347E-12  8.0255410E-14 -9.1121897E-03 -5.9979615E+01
  5.5835244E-04  1.4803004E-12  8.4405037E-14 -9.2277594E-03 -5.9977459E+01
  5.6540419E-04  1.5513620E-12  8.8750492E-14 -9.3443020E-03 -5.9975295E+01
  5.7251529E-04  1.6255419E-12  9.3300301E-14 -9.4618255E-03 -5.9973125E+01
  5.7968625E-04  1.7029670E-12  9.8063340E-14 -9.5803383E-03 -5.9970947E+01
  5.8691757E-04  1.7837690E-12  1.0304885E-13 -9.6998486E-03 -5.9968761E+01
  5.9420976E-04  1.8680849E-12  1.0826643E-13 -9.8203650E-03 -5.9966567E+01
  6.0156334E-04  1.9560569E-12  1.1372609E-13 -9.9418957E-03 -5.9964366E+01
  6.0897880E-04  2.0478324E-12  1.1943823E-13 -1.0064449E-02 -5.9962156E+01
  6.1645669E-04  2.1435647E-12  1.2541369E-13 -1.0188035E-02 -5.9959937E+01
  6.2399753E-04  2.2434129E-12  1.3166372E-13 -1.0312660E-02 -5.9957710E+01
  6.3160183E-04  2.3475422E-12  1.3820004E-13 -1.0438335E-02 -5.9955475E+01
  6.3927015E-04  2.4561239E-12  1.4503484E-13 -1.0565067E-02 -5.9953230E+01
  6.4700301E-04  2.5693361E-12  1.5218080E-13 -1.0692867E-02 -5.9950976E+01
  6.5480097E-04  2.6873634E-12  1.5965109E-13 -1.0821742E-02 -5.9948713E+01
  6.6266456E-04  2.8103975E-12  1.6745943E-13 -1.0951701E-02 -5.9946440E+01
  6.7059434E-04  2.9386375E-12  1.7562008E-13 -1.1082755E-02 -5.9944157E+01
  6.7859087E-04  3.0722899E-12  1.8414786E-13 -1.1214912E-02 -5.9941864E+01
  6.8665471E-04  3.2115690E-12  1.9305820E-13 -1.1348181E-02 -5.9939561E+01
  6.9478643E-04  3.3566973E-12  2.0236711E-13 -1.1482572E-02 -5.9937248E+01
  7.0298660E-04  3.5079054E-12  2.1209127E-13 -1.1618094E-02 -5.9934924E+01
  7.1125579E-04  3.6654330E-12  2.2224800E-13 -1.1754757E-02 -5.9932589E+01
  7.1959458E-04  3.8295286E-12  2.3285531E-13 -1.1892570E-02 -5.9930242E+01
  7.2800357E-04  4.0004499E-12  2.4393192E-13 -1.2031544E-02 -5.9927885E+01
  7.3648334E-04  4.1784646E-12  2.5549729E-13 -1.2171687E-02 -5.9925516E+01
  7.4503448E-04  4.3638502E-12  2.6757164E-13 -1.2313010E-02 -5.9923136E+01
  7.5365761E-04  4.5568946E-12  2.8017600E-13 -1.2455522E-02 -5.9920743E+01
  7.6235331E-04  4.7578966E-12  2.9333221E-13 -1.2599234E-02 -5.9918338E+01
  7.7112222E-04  4.9671660E-12  3.0706296E-13 -1.2744155E-02 -5.9915921E+01
  7.7996493E-04  5.1850243E-12  3.2139186E-13 -1.2890297E-02 -5.9913491E+01
  7.8888208E-04  5.4118051E-12  3.3634341E-13 -1.3037669E-02 -5.9911048E+01
  7.9787429E-04  5.6478540E-12  3.5194308E-13 -1.3186281E-02 -5.9908593E+01
  8.0694218E-04  5.8935299E-12  3.6821733E-13 -1.3336144E-02 -5.9906124E+01
  8.1608641E-04  6.1492049E-12  3.8519366E-13 -1.3487268E-02 -5.9903641E+01
  8.2530760E-04  6.4152648E-12  4.0290061E-13 -1.3639665E-02 -5.9901145E+01
  8.3460642E-04  6.6921099E-12  4.2136787E-13 -1.3793344E-02 -5.9898635E+01
  8.4398351E-04  6.9801551E-12  4.4062625E-13 -1.3948317E-02 -5.9896110E+01
  8.5343952E-04  7.2798310E-12  4.6070776E-13 -1.4104594E-02 -5.9893572E+01
  8.6297514E-04  7.5915837E-12  4.8164566E-13 -1.4262187E-02 -5.9891018E+01
  8.7259101E-04  7.9158763E-12  5.0347447E-13 -1.4421106E-02 -5.9888450E+01
  8.8228783E-04  8.2531885E-12  5.2623007E-13 -1.4581363E-02 -5.9885866E+01
  8.9206627E-04  8.6040181E-12  5.4994971E-13 -1.4742969E-02 -5.9883268E+01
  9.0192702E-04  8.9688808E-12  5.7467206E-13 -1.4905936E-02 -5.9880653E+01
  9.1187077E-04  9.3483119E-12  6.0043730E-13 -1.5070274E-02 -5.9878023E+01
  9.2189822E-04  9.7428658E-12  6.2728714E-13 -1.5235995E-02 -5.9875377E+01
  9.3201008E-04  1.0153118E-11  6.5526490E-13 -1.5403111E-02 -5.9872715E+01
  9.4220705E-04  1.0579663E-11  6.8441554E-13 -1.5571634E-02 -5.9870036E+01
  9.5248986E-04  1.1023121E-11  7.1478576E-13 -1.5741576E-02 -5.9867341E+01
  9.6285922E-04  1.1484132E-11  7.4642403E-13 -1.5912948E-02 -5.9864628E+01
  9.7331586E-04  1.1963359E-11  7.7938067E-13 -1.6085762E-02 -5.9861899E+01
  9.8386052E-04  1.2461492E-11  8.1370795E-13 -1.6260031E-02 -5.9859152E+01
  9.9449394E-04  1.2979244E-11  8.4946008E-13 -1.6435767E-02 -5.9856387E+01
  1.0052169E-03  1.3517354E-11  8.8669338E-13 -1.6612983E-02 -5.9853604E+01
  1.0160300E-03  1.4076590E-11  9.2546628E-13 -1.6791689E-02 -5.9850804E+01
  1.0269342E-03  1.4657746E-11  9.6583944E-13 -1.6971901E-02 -5.9847985E+01
  1.0379302E-03  1.5261645E-11  1.0078758E-12 -1.7153629E-02 -5.9845147E+01
  1.0490188E-03  1.5889142E-11  1.0516408E-12 -1.7336887E-02 -5.9842291E+01
  1.0602007E-03  1.6541121E-11  1.0972021E-12 -1.7521687E-02 -5.9839415E+01
  1.0714767E-03  1.7218498E-11  1.1446302E-12 -1.7708043E-02 -5.9836520E+01
  1.0828476E-03  1.7922225E-11  1.1939982E-12 -1.7895967E-02 -5.9833606E+01
  1.0943142E-03  1.8653286E-11  1.2453817E-12 -1.8085474E-02 -5.9830672E+01
  1.1058774E-03  1.9412701E-11  1.2988596E-12 -1.8276575E-02 -5.9827718E+01
  1.1175378E-03  2.0201527E-11  1.3545133E-12 -1.8469285E-02 -5.9824743E+01
  1.1292965E-03  2.1020861E-11  1.4124276E-12 -1.8663617E-02 -5.9821749E+01
  1.1411541E-03  2.1871838E-11  1.4726904E-12 -1.8859585E-02 -5.9818733E+01
  1.1531115E-03  2.2755634E-11  1.5353929E-12 -1.9057203E-02 -5.9815696E+01
  1.1651696E-03  2.3673469E-11  1.6006295E-12 -1.9256484E-02 -5.9812638E+01
  1.1773292E-03  2.4626605E-11  1.6684986E-12 -1.9457442E-02 -5.9809559E+01
  1.1895911E-03  2.5616351E-11  1.7391019E-12 -1.9660092E-02 -5.9806458E+01
  1.2019562E-03  2.6644063E-11  1.8125451E-12 -1.9864447E-02 -5.9803334E+01
  1.2144254E-03  2.7711146E-11  1.8889377E-12 -2.0070523E-02 -5.9800189E+01
  1.2269996E-03  2.8819056E-11  1.9683934E-12 -2.0278334E-02 -5.9797021E+01
  1.2396796E-03  2.9969299E-11  2.0510302E-12 -2.0487893E-02 -5.9793831E+01
  1.2524664E-03  3.1163438E-11  2.1369703E-12 -2.0699217E-02 -5.9790617E+01
  1.2653607E-03  3.2403092E-11  2.2263406E-12 -2.0912319E-02 -5.9787380E+01
  1.2783637E-03  3.3689936E-11  2.3192728E-12 -2.1127216E-02 -5.9784119E+01
  1.2914760E-03  3.5025707E-11  2.4159034E-12 -2.1343921E-02 -5.9780835E+01
  1.3046988E-03  3.6412205E-11  2.5163738E-12 -2.1562450E-02 -5.9777527E+01
  1.3180328E-03  3.7851293E-11  2.6208310E-12 -2.1782818E-02 -5.9774194E+01
  1.3314791E-03  3.9344900E-11  2.7294273E-12 -2.2005042E-02 -5.9770837E+01
  1.3450386E-03  4.0895026E-11  2.8423204E-12 -2.2229136E-02 -5.9767455E+01
  1.3587122E-03  4.2503743E-11  2.9596744E-12 -2.2455116E-02 -5.9764048E+01
  1.3725009E-03  4.4173195E-11  3.0816589E-12 -2.2682999E-02 -5.9760616E+01
  1.3864056E-03  4.5905604E-11  3.2084501E-12 -2.2912799E-02 -5.9757158E+01
  1.4004274E-03  4.7703272E-11  3.3402306E-12 -2.3144534E-02 -5.9753674E+01
  1.4145672E-03  4.9568581E-11  3.4771899E-12 -2.3378220E-02 -5.9750164E+01
  1.4288261E-03  5.1504000E-11  3.6195243E-12 -2.3613873E-02 -5.9746627E+01
  1.4432050E-03  5.3512086E-11  3.7674374E-12 -2.3851509E-02 -5.9743064E+01
  1.4577049E-03  5.5595487E-11  3.9211404E-12 -2.4091145E-02 -5.9739474E+01
  1.4723268E-03  5.7756944E-11  4.0808521E-12 -2.4332799E-02 -5.9735856E+01
  1.4870719E-03  5.9999297E-11  4.2467995E-12 -2.4576487E-02 -5.9732211E+01
  1.5019410E-03  6.2325487E-11  4.4192180E-12 -2.4822226E-02 -5.9728538E+01
  1.5169353E-03  6.4738559E-11  4.5983514E-12 -2.5070033E-02 -5.9724837E+01
  1.5320558E-03  6.7241667E-11  4.7844527E-12 -2.5319927E-02 -5.9721108E+01
  1.5473036E-03  6.9838078E-11  4.9777841E-12 -2.5571923E-02 -5.9717350E+01
  1.5626798E-03  7.2531172E-11  5.1786173E-12 -2.5826041E-02 -5.9713563E+01
  1.5781854E-03  7.5324451E-11  5.3872343E-12 -2.6082298E-02 -5.9709747E+01
  1.5938214E-03  7.8221543E-11  5.6039270E-12 -2.6340712E-02 -5.9705901E+01
  1.6095892E-03  8.1226200E-11  5.8289983E-12 -2.6601301E-02 -5.9702026E+01
  1.6254896E-03  8.4342312E-11  6.0627620E-12 -2.6864084E-02 -5.9698120E+01
  1.6415238E-03  8.7573904E-11  6.3055435E-12 -2.7129078E-02 -5.9694184E+01
  1.6576931E-03  9.0925143E-11  6.5576799E-12 -2.7396304E-02 -5.9690217E+01
  1.6739984E-03  9.4400346E-11  6.8195210E-12 -2.7665778E-02 -5.9686219E+01
  1.6904410E-03  9.8003981E-11  7.0914288E-12 -2.7937521E-02 -5.9682190E+01
  1.7070220E-03  1.0174067E-10  7.3737790E-12 -2.8211551E-02 -5.9678129E+01
  1.7237426E-03  1.0561521E-10  7.6669607E-12 -2.8487888E-02 -5.9674036E+01
  1.7406039E-03  1.0963256E-10  7.9713773E-12 -2.8766550E-02 -5.9669911E+01
  1.7576071E-03  1.1379785E-10  8.2874469E-12 -2.9047559E-02 -5.9665754E+01
  1.7747534E-03  1.1811639E-10  8.6156026E-12 -2.9330932E-02 -5.9661563E+01
  1.7920441E-03  1.2259369E-10  8.9562936E-12 -2.9616691E-02 -5.9657340E+01
  1.8094803E-03  1.2723545E-10  9.3099850E-12 -2.9904856E-02 -5.9653083E+01
  1.8270633E-03  1.3204756E-10  9.6771592E-12 -3.0195446E-02 -5.9648792E+01
  1.8447943E-03  1.3703613E-10  1.0058316E-11 -3.0488482E-02 -5.9644467E+01
  1.8626746E-03  1.4220748E-10  1.0453973E-11 -3.0783984E-02 -5.9640107E+01
  1.8807053E-03  1.4756814E-10  1.0864667E-11 -3.1081974E-02 -5.9635713E+01
  1.8988878E-03  1.5312490E-10  1.1290954E-11 -3.1382473E-02 -5.9631284E+01
  1.9172234E-03  1.5888477E-10  1.1733410E-11 -3.1685500E-02 -5.9626819E+01
  1.9357133E-03  1.6485499E-10  1.2192632E-11 -3.1991079E-02 -5.9622318E+01
  1.9543589E-03  1.7104309E-10  1.2669239E-11 -3.2299229E-02 -5.9617782E+01
  1.9731614E-03  1.7745683E-10  1.3163872E-11 -3.2609973E-02 -5.9613209E+01
  1.9921221E-03  1.8410428E-10  1.3677195E-11 -3.2923333E-02 -5.9608599E+01
  2.0112425E-03  1.9099375E-10  1.4209897E-11 -3.3239331E-02 -5.9603952E+01
  2.0305238E-03  1.9813387E-10  1.4762689E-11 -3.3557989E-02 -5.9599267E+01
  2.0499674E-03  2.0553358E-10  1.5336312E-11 -3.3879329E-02 -5.9594545E+01
  2.0695746E-03  2.1320209E-10  1.5931530E-11 -3.4203373E-02 -5.9589785E+01
  2.0893470E-03  2.2114899E-10  1.6549136E-11 -3.4530145E-02 -5.9584986E+01
  2.1092857E-03  2.2938416E-10  1.7189952E-11 -3.4859668E-02 -5.9580148E+01
  2.1293923E-03  2.3791785E-10  1.7854829E-11 -3.5191965E-02 -5.9575271E+01
  2.1496681E-03  2.4676065E-10  1.8544648E-11 -3.5527059E-02 -5.9570354E+01
  2.1701146E-03  2.5592355E-10  1.9260324E-11 -3.5864973E-02 -5.9565397E+01
  2.1907332E-03  2.6541789E-10  2.0002802E-11 -3.6205732E-02 -5.9560400E+01
  2.2115253E-03  2.7525542E-10  2.0773062E-11 -3.6549359E-02 -5.9555363E+01
  2.2324925E-03  2.8544832E-10  2.1572121E-11 -3.6895878E-02 -5.9550284E+01
  2.2536361E-03  2.9600916E-10  2.2401029E-11 -3.7245314E-02 -5.9545164E+01
  2.2749578E-03  3.0695098E-10  2.3260878E-11 -3.7597692E-02 -5.9540002E+01
  2.2964589E-03  3.1828725E-10  2.4152795E-11 -3.7953035E-02 -5.9534798E+01
  2.3181409E-03  3.3003193E-10  2.5077949E-11 -3.8311370E-02 -5.9529552E+01
  2.3400055E-03  3.4219944E-10  2.6037553E-11 -3.8672721E-02 -5.9524262E+01
  2.3620542E-03  3.5480474E-10  2.7032860E-11 -3.9037114E-02 -5.9518929E+01
  2.3842884E-03  3.6786328E-10  2.8065171E-11 -3.9404573E-02 -5.9513552E+01
  2.4067098E-03  3.8139106E-10  2.9135830E-11 -3.9775126E-02 -5.9508132E+01
  2.4293199E-03  3.9540463E-10  3.0246232E-11 -4.0148798E-02 -5.9502666E+01
  2.4521203E-03  4.0992113E-10  3.1397822E-11 -4.0525616E-02 -5.9497156E+01
  2.4751127E-03  4.2495828E-10  3.2592094E-11 -4.0905605E-02 -5.9491601E+01
  2.4982986E-03  4.4053443E-10  3.3830598E-11 -4.1288792E-02 -5.9485999E+01
  2.5216796E-03  4.5666856E-10  3.5114937E-11 -4.1675205E-02 -5.9480352E+01
  2.5452575E-03  4.7338030E-10  3.6446775E-11 -4.2064871E-02 -5.9474658E+01
  2.5690338E-03  4.9068998E-10  3.7827831E-11 -4.2457817E-02 -5.9468917E+01
  2.5930102E-03  5.0861863E-10  3.9259888E-11 -4.2854070E-02 -5.9463129E+01
  2.6171885E-03  5.2718799E-10  4.0744792E-11 -4.3253659E-02 -5.9457293E+01
  2.6415703E-03  5.4642060E-10  4.2284454E-11 -4.3656611E-02 -5.9451409E+01
  2.6661573E-03  5.6633973E-10  4.3880855E-11 -4.4062955E-02 -5.9445476E+01
  2.6909513E-03  5.8696948E-10  4.5536043E-11 -4.4472719E-02 -5.9439494E+01
  2.7159540E-03  6.0833480E-10  4.7252144E-11 -4.4885933E-02 -5.9433463E+01
  2.7411671E-03  6.3046147E-10  4.9031354E-11 -4.5302625E-02 -5.9427381E+01
  2.7665925E-03  6.5337619E-10  5.0875953E-11 -4.5722824E-02 -5.9421250E+01
  2.7922319E-03  6.7710658E-10  5.2788296E-11 -4.6146560E-02 -5.9415067E+01
  2.8180871E-03  7.0168121E-10  5.4770827E-11 -4.6573863E-02 -5.9408833E+01
  2.8441600E-03  7.2712963E-10  5.6826074E-11 -4.7004762E-02 -5.9402547E+01
  2.8704523E-03  7.5348242E-10  5.8956655E-11 -4.7439289E-02 -5.9396210E+01
  2.8969659E-03  7.8077124E-10  6.1165282E-11 -4.7877473E-02 -5.9389819E+01
  2.9237027E-03  8.0902879E-10  6.3454762E-11 -4.8319346E-02 -5.9383376E+01
  2.9506645E-03  8.3828896E-10  6.5828002E-11 -4.8764938E-02 -5.9376879E+01
  2.9778533E-03  8.6858677E-10  6.8288013E-11 -4.9214281E-02 -5.9370327E+01
  3.0052710E-03  8.9995846E-10  7.0837912E-11 -4.9667406E-02 -5.9363722E+01
  3.0329194E-03  9.3244151E-10  7.3480926E-11 -5.0124345E-02 -5.9357061E+01
  3.0608006E-03  9.6607473E-10  7.6220398E-11 -5.0585131E-02 -5.9350345E+01
  3.0889164E-03  1.0008982E-09  7.9059787E-11 -5.1049795E-02 -5.9343573E+01
  3.1172689E-03  1.0369535E-09  8.2002677E-11 -5.1518370E-02 -5.9336745E+01
  3.1458601E-03  1.0742835E-09  8.5052776E-11 -5.1990890E-02 -5.9329859E+01
  3.1746919E-03  1.1129326E-09  8.8213927E-11 -5.2467387E-02 -5.9322916E+01
  3.2037665E-03  1.1529469E-09  9.1490106E-11 -5.2947895E-02 -5.9315916E+01
  3.2330857E-03  1.1943737E-09  9.4885429E-11 -5.3432447E-02 -5.9308857E+01
  3.2626518E-03  1.2372623E-09  9.8404161E-11 -5.3921078E-02 -5.9301739E+01
  3.2924667E-03  1.2816635E-09  1.0205072E-10 -5.4413822E-02 -5.9294561E+01
  3.3225326E-03  1.3276299E-09  1.0582966E-10 -5.4910714E-02 -5.9287324E+01
  3.3528515E-03  1.3752160E-09  1.0974573E-10 -5.5411788E-02 -5.9280026E+01
  3.3834257E-03  1.4244780E-09  1.1380382E-10 -5.5917080E-02 -5.9272667E+01
  3.4142572E-03  1.4754741E-09  1.1800899E-10 -5.6426626E-02 -5.9265247E+01
  3.4453483E-03  1.5282645E-09  1.2236651E-10 -5.6940460E-02 -5.9257765E+01
  3.4767010E-03  1.5829116E-09  1.2688181E-10 -5.7458620E-02 -5.9250220E+01
  3.5083177E-03  1.6394798E-09  1.3156051E-10 -5.7981141E-02 -5.9242612E+01
  3.5402004E-03  1.6980356E-09  1.3640843E-10 -5.8508060E-02 -5.9234940E+01
  3.5723516E-03  1.7586481E-09  1.4143162E-10 -5.9039414E-02 -5.9227204E+01
  3.6047734E-03  1.8213884E-09  1.4663630E-10 -5.9575242E-02 -5.9219404E+01
  3.6374681E-03  1.8863303E-09  1.5202895E-10 -6.0115579E-02 -5.9211538E+01
  3.6704380E-03  1.9535502E-09  1.5761625E-10 -6.0660465E-02 -5.9203606E+01
  3.7036854E-03  2.0231267E-09  1.6340513E-10 -6.1209937E-02 -5.9195608E+01
  3.7372127E-03  2.0951415E-09  1.6940276E-10 -6.1764034E-02 -5.9187543E+01
  3.7710222E-03  2.1696791E-09  1.7561656E-10 -6.2322796E-02 -5.9179411E+01
  3.8051162E-03  2.2468265E-09  1.8205422E-10 -6.2886261E-02 -5.9171210E+01
  3.8394973E-03  2.3266741E-09  1.8872368E-10 -6.3454468E-02 -5.9162940E+01
  3.8741677E-03  2.4093151E-09  1.9563318E-10 -6.4027459E-02 -5.9154602E+01
  3.9091300E-03  2.4948461E-09  2.0279124E-10 -6.4605272E-02 -5.9146193E+01
  3.9443866E-03  2.5833670E-09  2.1020668E-10 -6.5187950E-02 -5.9137714E+01
  3.9799400E-03  2.6749809E-09  2.1788864E-10 -6.5775532E-02 -5.9129164E+01
  4.0157926E-03  2.7697945E-09  2.2584656E-10 -6.6368059E-02 -5.9120543E+01
  4.0519470E-03  2.8679184E-09  2.3409023E-10 -6.6965575E-02 -5.9111849E+01
  4.0884057E-03  2.9694666E-09  2.4262978E-10 -6.7568120E-02 -5.9103082E+01
  4.1251713E-03  3.0745572E-09  2.5147568E-10 -6.8175736E-02 -5.9094242E+01
  4.1622464E-03  3.1833123E-09  2.6063880E-10 -6.8788468E-02 -5.9085327E+01
  4.1996336E-03  3.2958583E-09  2.7013035E-10 -6.9406356E-02 -5.9076338E+01
  4.2373355E-03  3.4123256E-09  2.7996198E-10 -7.0029446E-02 -5.9067274E+01
  4.2753547E-03  3.5328493E-09  2.9014569E-10 -7.0657781E-02 -5.9058134E+01
  4.3136939E-03  3.6575690E-09  3.0069396E-10 -7.1291405E-02 -5.9048917E+01
  4.3523559E-03  3.7866292E-09  3.1161967E-10 -7.1930362E-02 -5.9039622E+01
  4.3913433E-03  3.9201790E-09  3.2293616E-10 -7.2574697E-02 -5.9030250E+01
  4.4306589E-03  4.0583730E-09  3.3465725E-10 -7.3224456E-02 -5.9020800E+01
  4.4703054E-03  4.2013707E-09  3.4679722E-10 -7.3879685E-02 -5.9011270E+01
  4.5102856E-03  4.3493373E-09  3.5937087E-10 -7.4540429E-02 -5.9001660E+01
  4.5506023E-03  4.5024434E-09  3.7239350E-10 -7.5206734E-02 -5.8991970E+01
  4.5912584E-03  4.6608655E-09  3.8588098E-10 -7.5878648E-02 -5.8982198E+01
  4.6322568E-03  4.8247862E-09  3.9984968E-10 -7.6556218E-02 -5.8972345E+01
  4.6736002E-03  4.9943942E-09  4.1431660E-10 -7.7239491E-02 -5.8962409E+01
  4.7152916E-03  5.1698845E-09  4.2929930E-10 -7.7928516E-02 -5.8952390E+01
  4.7573340E-03  5.3514591E-09  4.4481596E-10 -7.8623340E-02 -5.8942287E+01
  4.7997303E-03  5.5393264E-09  4.6088540E-10 -7.9324013E-02 -5.8932099E+01
  4.8424834E-03  5.7337022E-09  4.7752710E-10 -8.0030584E-02 -5.8921826E+01
  4.8855964E-03  5.9348095E-09  4.9476120E-10 -8.0743102E-02 -5.8911467E+01
  4.9290723E-03  6.1428789E-09  5.1260858E-10 -8.1461618E-02 -5.8901021E+01
  4.9729141E-03  6.3581488E-09  5.3109081E-10 -8.2186182E-02 -5.8890488E+01
  5.0171250E-03  6.5808657E-09  5.5023025E-10 -8.2916844E-02 -5.8879867E+01
  5.0617080E-03  6.8112844E-09  5.7005001E-10 -8.3653658E-02 -5.8869157E+01
  5.1066663E-03  7.0496685E-09  5.9057402E-10 -8.4396673E-02 -5.8858357E+01
  5.1520030E-03  7.2962904E-09  6.1182705E-10 -8.5145942E-02 -5.8847467E+01
  5.1977214E-03  7.5514318E-09  6.3383472E-10 -8.5901518E-02 -5.8836485E+01
  5.2438246E-03  7.8153837E-09  6.5662356E-10 -8.6663455E-02 -5.8825412E+01
  5.2903158E-03  8.0884474E-09  6.8022102E-10 -8.7431805E-02 -5.8814247E+01
  5.3371984E-03  8.3709340E-09  7.0465549E-10 -8.8206622E-02 -5.8802988E+01
  5.3844756E-03  8.6631654E-09  7.2995637E-10 -8.8987961E-02 -5.8791635E+01
  5.4321508E-03  8.9654741E-09  7.5615408E-10 -8.9775877E-02 -5.8780187E+01
  5.4802272E-03  9.2782041E-09  7.8328011E-10 -9.0570426E-02 -5.8768643E+01
  5.5287083E-03  9.6017109E-09  8.1136701E-10 -9.1371662E-02 -5.8757003E+01
  5.5775976E-03  9.9363621E-09  8.4044851E-10 -9.2179643E-02 -5.8745266E+01
  5.6268983E-03  1.0282538E-08  8.7055949E-10 -9.2994424E-02 -5.8733431E+01
  5.6766140E-03  1.0640630E-08  9.0173605E-10 -9.3816065E-02 -5.8721497E+01
  5.7267482E-03  1.1011046E-08  9.3401554E-10 -9.4644621E-02 -5.8709464E+01
  5.7773045E-03  1.1394206E-08  9.6743662E-10 -9.5480151E-02 -5.8697330E+01
  5.8282862E-03  1.1790542E-08  1.0020393E-09 -9.6322715E-02 -5.8685095E+01
  5.8796971E-03  1.2200503E-08  1.0378649E-09 -9.7172370E-02 -5.8672759E+01
  5.9315407E-03  1.2624554E-08  1.0749564E-09 -9.8029178E-02 -5.8660319E+01
  5.9838208E-03  1.3063173E-08  1.1133580E-09 -9.8893198E-02 -5.8647776E+01
  6.0365408E-03  1.3516857E-08  1.1531156E-09 -9.9764490E-02 -5.8635128E+01
  6.0897047E-03  1.3986117E-08  1.1942767E-09 -1.0064312E-01 -5.8622375E+01
  6.1433161E-03  1.4471483E-08  1.2368903E-09 -1.0152914E-01 -5.8609517E+01
  6.1973787E-03  1.4973502E-08  1.2810074E-09 -1.0242262E-01 -5.8596551E+01
  6.2518964E-03  1.5492739E-08  1.3266804E-09 -1.0332362E-01 -5.8583477E+01
  6.3068730E-03  1.6029780E-08  1.3739638E-09 -1.0423221E-01 -5.8570295E+01
  6.3623123E-03  1.6585230E-08  1.4229138E-09 -1.0514844E-01 -5.8557003E+01
  6.4182183E-03  1.7159712E-08  1.4735888E-09 -1.0607238E-01 -5.8543601E+01
  6.4745949E-03  1.7753872E-08  1.5260491E-09 -1.0700411E-01 -5.8530088E+01
  6.5314460E-03  1.8368378E-08  1.5803569E-09 -1.0794367E-01 -5.8516462E+01
  6.5887757E-03  1.9003921E-08  1.6365768E-09 -1.0889115E-01 -5.8502724E+01
  6.6465879E-03  1.9661212E-08  1.6947756E-09 -1.0984659E-01 -5.8488872E+01
  6.7048868E-03  2.0340989E-08  1.7550225E-09 -1.1081009E-01 -5.8474905E+01
  6.7636764E-03  2.1044014E-08  1.8173888E-09 -1.1178169E-01 -5.8460822E+01
  6.8229608E-03  2.1771074E-08  1.8819486E-09 -1.1276147E-01 -5.8446623E+01
  6.8827443E-03  2.2522983E-08  1.9487784E-09 -1.1374950E-01 -5.8432306E+01
  6.9430310E-03  2.3300582E-08  2.0179574E-09 -1.1474584E-01 -5.8417871E+01
  7.0038251E-03  2.4104740E-08  2.0895676E-09 -1.1575057E-01 -5.8403317E+01
  7.0651310E-03  2.4936355E-08  2.1636937E-09 -1.1676376E-01 -5.8388642E+01
  7.1269529E-03  2.5796356E-08  2.2404235E-09 -1.1778547E-01 -5.8373847E+01
  7.1892952E-03  2.6685703E-08  2.3198477E-09 -1.1881579E-01 -5.8358929E+01
  7.2521622E-03  2.7605387E-08  2.4020602E-09 -1.1985478E-01 -5.8343888E+01
  7.3155585E-03  2.8556434E-08  2.4871582E-09 -1.2090251E-01 -5.8328723E+01
  7.3794883E-03  2.9539901E-08  2.5752423E-09 -1.2195907E-01 -5.8313434E+01
  7.4439563E-03  3.0556885E-08  2.6664164E-09 -1.2302451E-01 -5.8298018E+01
  7.5089669E-03  3.1608516E-08  2.7607882E-09 -1.2409893E-01 -5.8282476E+01
  7.5745248E-03  3.2695964E-08  2.8584691E-09 -1.2518239E-01 -5.8266806E+01
  7.6406345E-03  3.3820436E-08  2.9595742E-09 -1.2627497E-01 -5.8251008E+01
  7.7073006E-03  3.4983181E-08  3.0642227E-09 -1.2737674E-01 -5.8235079E+01
  7.7745279E-03  3.6185489E-08  3.1725379E-09 -1.2848779E-01 -5.8219020E+01
  7.8423211E-03  3.7428694E-08  3.2846475E-09 -1.2960820E-01 -5.8202829E+01
  7.9106849E-03  3.8714174E-08  3.4006835E-09 -1.3073803E-01 -5.8186505E+01
  7.9796242E-03  4.0043352E-08  3.5207824E-09 -1.3187737E-01 -5.8170048E+01
  8.0491438E-03  4.1417699E-08  3.6450855E-09 -1.3302630E-01 -5.8153456E+01
  8.1192485E-03  4.2838736E-08  3.7737390E-09 -1.3418491E-01 -5.8136729E+01
  8.1899434E-03  4.4308034E-08  3.9068943E-09 -1.3535327E-01 -5.8119865E+01
  8.2612333E-03  4.5827216E-08  4.0447077E-09 -1.3653146E-01 -5.8102863E+01
  8.3331232E-03  4.7397961E-08  4.1873411E-09 -1.3771957E-01 -5.8085722E+01
  8.4056183E-03  4.9022000E-08  4.3349621E-09 -1.3891768E-01 -5.8068441E+01
  8.4787237E-03  5.0701125E-08  4.4877440E-09 -1.4012587E-01 -5.8051020E+01
  8.5524444E-03  5.2437187E-08  4.6458660E-09 -1.4134423E-01 -5.8033457E+01
  8.6267856E-03  5.4232097E-08  4.8095135E-09 -1.4257285E-01 -5.8015751E+01
  8.7017526E-03  5.6087833E-08  4.9788786E-09 -1.4381182E-01 -5.7997901E+01
  8.7773506E-03  5.8006434E-08  5.1541597E-09 -1.4506121E-01 -5.7979906E+01
  8.8535849E-03  5.9990011E-08  5.3355622E-09 -1.4632111E-01 -5.7961765E+01
  8.9304610E-03  6.2040743E-08  5.5232985E-09 -1.4759163E-01 -5.7943477E+01
  9.0079841E-03  6.4160881E-08  5.7175886E-09 -1.4887283E-01 -5.7925041E+01
  9.0861598E-03  6.6352752E-08  5.9186597E-09 -1.5016482E-01 -5.7906456E+01
  9.1649935E-03  6.8618760E-08  6.1267472E-09 -1.5146769E-01 -5.7887720E+01
  9.2444908E-03  7.0961388E-08  6.3420945E-09 -1.5278152E-01 -5.7868833E+01
  9.3246572E-03  7.3383202E-08  6.5649534E-09 -1.5410641E-01 -5.7849793E+01
  9.4054985E-03  7.5886853E-08  6.7955844E-09 -1.5544246E-01 -5.7830600E+01
  9.4870202E-03  7.8475080E-08  7.0342569E-09 -1.5678975E-01 -5.7811252E+01
  9.5692281E-03  8.1150711E-08  7.2812498E-09 -1.5814838E-01 -5.7791749E+01
  9.6521280E-03  8.3916671E-08  7.5368515E-09 -1.5951845E-01 -5.7772088E+01
  9.7357257E-03  8.6775978E-08  7.8013604E-09 -1.6090005E-01 -5.7752270E+01
  9.8200271E-03  8.9731753E-08  8.0750851E-09 -1.6229328E-01 -5.7732292E+01
  9.9050381E-03  9.2787219E-08  8.3583449E-09 -1.6369823E-01 -5.7712155E+01
  9.9907646E-03  9.5945706E-08  8.6514703E-09 -1.6511501E-01 -5.7691855E+01
  1.0077213E-02  9.9210652E-08  8.9548029E-09 -1.6654372E-01 -5.7671394E+01
  1.0164389E-02  1.0258561E-07  9.2686963E-09 -1.6798446E-01 -5.7650769E+01
  1.0252298E-02  1.0607426E-07  9.5935162E-09 -1.6943732E-01 -5.7629979E+01
  1.0340948E-02  1.0968037E-07  9.9296410E-09 -1.7090241E-01 -5.7609023E+01
  1.0430344E-02  1.1340789E-07  1.0277462E-08 -1.7237983E-01 -5.7587900E+01
  1.0520492E-02  1.1726084E-07  1.0637384E-08 -1.7386969E-01 -5.7566609E+01
  1.0611399E-02  1.2124341E-07  1.1009826E-08 -1.7537209E-01 -5.7545149E+01
  1.0703071E-02  1.2535991E-07  1.1395222E-08 -1.7688713E-01 -5.7523518E+01
  1.0795515E-02  1.2961481E-07  1.1794018E-08 -1.7841493E-01 -5.7501716E+01
  1.0888737E-02  1.3401271E-07  1.2206680E-08 -1.7995559E-01 -5.7479740E+01
  1.0982744E-02  1.3855838E-07  1.2633687E-08 -1.8150922E-01 -5.7457591E+01
  1.1077542E-02  1.4325672E-07  1.3075535E-08 -1.8307592E-01 -5.7435267E+01
  1.1173138E-02  1.4811281E-07  1.3532737E-08 -1.8465581E-01 -5.7412766E+01
  1.1269538E-02  1.5313189E-07  1.4005825E-08 -1.8624901E-01 -5.7390088E+01
  1.1366751E-02  1.5831939E-07  1.4495347E-08 -1.8785561E-01 -5.7367231E+01
  1.1464781E-02  1.6368089E-07  1.5001871E-08 -1.8947573E-01 -5.7344194E+01
  1.1563636E-02  1.6922217E-07  1.5525986E-08 -1.9110949E-01 -5.7320976E+01
  1.1663324E-02  1.7494921E-07  1.6068300E-08 -1.9275701E-01 -5.7297576E+01
  1.1763851E-02  1.8086815E-07  1.6629441E-08 -1.9441839E-01 -5.7273992E+01
  1.1865224E-02  1.8698538E-07  1.7210060E-08 -1.9609375E-01 -5.7250223E+01
  1.1967450E-02  1.9330746E-07  1.7810831E-08 -1.9778322E-01 -5.7226269E+01
  1.2070537E-02  1.9984117E-07  1.8432448E-08 -1.9948691E-01 -5.7202128E+01
  1.2174491E-02  2.0659355E-07  1.9075633E-08 -2.0120494E-01 -5.7177798E+01
  1.2279320E-02  2.1357182E-07  1.9741131E-08 -2.0293743E-01 -5.7153279E+01
  1.2385032E-02  2.2078346E-07  2.0429711E-08 -2.0468451E-01 -5.7128569E+01
  1.2491634E-02  2.2823620E-07  2.1142171E-08 -2.0644629E-01 -5.7103667E+01
  1.2599133E-02  2.3593802E-07  2.1879336E-08 -2.0822290E-01 -5.7078571E+01
  1.2707537E-02  2.4389714E-07  2.2642059E-08 -2.1001446E-01 -5.7053282E+01
  1.2816853E-02  2.5212209E-07  2.3431221E-08 -2.1182111E-01 -5.7027796E+01
  1.2927089E-02  2.6062163E-07  2.4247736E-08 -2.1364296E-01 -5.7002114E+01
  1.3038254E-02  2.6940485E-07  2.5092547E-08 -2.1548014E-01 -5.6976234E+01
  1.3150354E-02  2.7848110E-07  2.5966632E-08 -2.1733279E-01 -5.6950154E+01
  1.3263398E-02  2.8786007E-07  2.6870999E-08 -2.1920104E-01 -5.6923873E+01
  1.3377393E-02  2.9755173E-07  2.7806695E-08 -2.2108501E-01 -5.6897391E+01
  1.3492348E-02  3.0756641E-07  2.8774799E-08 -2.2298484E-01 -5.6870706E+01
  1.3608270E-02  3.1791475E-07  2.9776430E-08 -2.2490066E-01 -5.6843816E+01
  1.3725168E-02  3.2860774E-07  3.0812744E-08 -2.2683261E-01 -5.6816720E+01
  1.3843050E-02  3.3965675E-07  3.1884937E-08 -2.2878082E-01 -5.6789418E+01
  1.3961924E-02  3.5107349E-07  3.2994247E-08 -2.3074543E-01 -5.6761907E+01
  1.4081799E-02  3.6287007E-07  3.4141953E-08 -2.3272657E-01 -5.6734187E+01
  1.4202683E-02  3.7505899E-07  3.5329380E-08 -2.3472439E-01 -5.6706257E+01
  1.4324585E-02  3.8765315E-07  3.6557896E-08 -2.3673903E-01 -5.6678114E+01
  1.4447513E-02  4.0066588E-07  3.7828918E-08 -2.3877063E-01 -5.6649758E+01
  1.4571475E-02  4.1411093E-07  3.9143911E-08 -2.4081932E-01 -5.6621188E+01
  1.4696481E-02  4.2800250E-07  4.0504391E-08 -2.4288526E-01 -5.6592402E+01
  1.4822539E-02  4.4235525E-07  4.1911924E-08 -2.4496859E-01 -5.6563399E+01
  1.4949658E-02  4.5718433E-07  4.3368133E-08 -2.4706946E-01 -5.6534178E+01
  1.5077847E-02  4.7250536E-07  4.4874695E-08 -2.4918801E-01 -5.6504737E+01
  1.5207115E-02  4.8833447E-07  4.6433343E-08 -2.5132440E-01 -5.6475075E+01
  1.5337472E-02  5.0468833E-07  4.8045873E-08 -2.5347876E-01 -5.6445191E+01
  1.5468925E-02  5.2158412E-07  4.9714141E-08 -2.5565126E-01 -5.6415084E+01
  1.5601485E-02  5.3903959E-07  5.1440066E-08 -2.5784205E-01 -5.6384751E+01
  1.5735161E-02  5.5707308E-07  5.3225633E-08 -2.6005128E-01 -5.6354193E+01
  1.5869962E-02  5.7570349E-07  5.5072897E-08 -2.6227910E-01 -5.6323408E+01
  1.6005898E-02  5.9495036E-07  5.6983982E-08 -2.6452568E-01 -5.6292394E+01
  1.6142978E-02  6.1483383E-07  5.8961086E-08 -2.6679116E-01 -5.6261150E+01
  1.6281211E-02  6.3537472E-07  6.1006480E-08 -2.6907572E-01 -5.6229675E+01
  1.6420609E-02  6.5659451E-07  6.3122516E-08 -2.7137951E-01 -5.6197967E+01
  1.6561179E-02  6.7851536E-07  6.5311625E-08 -2.7370268E-01 -5.6166026E+01
  1.6702933E-02  7.0116015E-07  6.7576323E-08 -2.7604542E-01 -5.6133850E+01
  1.6845881E-02  7.2455251E-07  6.9919210E-08 -2.7840787E-01 -5.6101437E+01
  1.6990031E-02  7.4871681E-07  7.2342978E-08 -2.8079021E-01 -5.6068787E+01
  1.7135395E-02  7.7367822E-07  7.4850409E-08 -2.8319260E-01 -5.6035897E+01
  1.7281982E-02  7.9946270E-07  7.7444381E-08 -2.8561521E-01 -5.6002768E+01
  1.7429803E-02  8.2609707E-07  8.0127872E-08 -2.8805822E-01 -5.5969396E+01
  1.7578869E-02  8.5360898E-07  8.2903962E-08 -2.9052178E-01 -5.5935782E+01
  1.7729189E-02  8.8202699E-07  8.5775835E-08 -2.9300609E-01 -5.5901924E+01
  1.7880775E-02  9.1138057E-07  8.8746786E-08 -2.9551131E-01 -5.5867821E+01
  1.8033636E-02  9.4170012E-07  9.1820222E-08 -2.9803761E-01 -5.5833470E+01
  1.8187784E-02  9.7301703E-07  9.4999668E-08 -3.0058518E-01 -5.5798872E+01
  1.8343230E-02  1.0053637E-06  9.8288768E-08 -3.0315419E-01 -5.5764024E+01
  1.8499984E-02  1.0387735E-06  1.0169129E-07 -3.0574483E-01 -5.5728925E+01
  1.8658058E-02  1.0732810E-06  1.0521114E-07 -3.0835727E-01 -5.5693574E+01
  1.8817462E-02  1.1089218E-06  1.0885235E-07 -3.1099171E-01 -5.5657970E+01
  1.8978208E-02  1.1457326E-06  1.1261909E-07 -3.1364832E-01 -5.5622112E+01
  1.9140307E-02  1.1837512E-06  1.1651567E-07 -3.1632729E-01 -5.5585997E+01
  1.9303771E-02  1.2230169E-06  1.2054656E-07 -3.1902881E-01 -5.5549625E+01
  1.9468610E-02  1.2635700E-06  1.2471637E-07 -3.2175307E-01 -5.5512995E+01
  1.9634837E-02  1.3054520E-06  1.2902988E-07 -3.2450026E-01 -5.5476105E+01
  1.9802463E-02  1.3487061E-06  1.3349202E-07 -3.2727057E-01 -5.5438953E+01
  1.9971500E-02  1.3933764E-06  1.3810790E-07 -3.3006420E-01 -5.5401539E+01
  2.0141960E-02  1.4395088E-06  1.4288281E-07 -3.3288135E-01 -5.5363861E+01
  2.0313855E-02  1.4871505E-06  1.4782220E-07 -3.3572221E-01 -5.5325918E+01
  2.0487197E-02  1.5363502E-06  1.5293173E-07 -3.3858699E-01 -5.5287708E+01
  2.0661998E-02  1.5871580E-06  1.5821724E-07 -3.4147588E-01 -5.5249231E+01
  2.0838270E-02  1.6396259E-06  1.6368478E-07 -3.4438908E-01 -5.5210484E+01
  2.1016026E-02  1.6938073E-06  1.6934059E-07 -3.4732681E-01 -5.5171467E+01
  2.1195278E-02  1.7497574E-06  1.7519114E-07 -3.5028926E-01 -5.5132178E+01
  2.1376039E-02  1.8075331E-06  1.8124312E-07 -3.5327665E-01 -5.5092616E+01
  2.1558322E-02  1.8671932E-06  1.8750345E-07 -3.5628919E-01 -5.5052780E+01
  2.1742138E-02  1.9287981E-06  1.9397928E-07 -3.5932708E-01 -5.5012667E+01
  2.1927503E-02  1.9924104E-06  2.0067800E-07 -3.6239054E-01 -5.4972278E+01
  2.2114427E-02  2.0580946E-06  2.0760728E-07 -3.6547980E-01 -5.4931610E+01
  2.2302925E-02  2.1259171E-06  2.1477501E-07 -3.6859505E-01 -5.4890663E+01
  2.2493009E-02  2.1959465E-06  2.2218940E-07 -3.7173653E-01 -5.4849434E+01
  2.2684694E-02  2.2682536E-06  2.2985889E-07 -3.7490444E-01 -5.4807923E+01
  2.2877992E-02  2.3429114E-06  2.3779226E-07 -3.7809903E-01 -5.4766128E+01
  2.3072917E-02  2.4199951E-06  2.4599855E-07 -3.8132050E-01 -5.4724049E+01
  2.3269483E-02  2.4995823E-06  2.5448713E-07 -3.8456909E-01 -5.4681682E+01
  2.3467703E-02  2.5817532E-06  2.6326769E-07 -3.8784503E-01 -5.4639028E+01
  2.3667592E-02  2.6665903E-06  2.7235024E-07 -3.9114854E-01 -5.4596085E+01
  2.3869164E-02  2.7541789E-06  2.8174515E-07 -3.9447985E-01 -5.4552851E+01
  2.4072432E-02  2.8446067E-06  2.9146312E-07 -3.9783921E-01 -5.4509326E+01
  2.4277411E-02  2.9379644E-06  3.0151525E-07 -4.0122684E-01 -5.4465507E+01
  2.4484116E-02  3.0343453E-06  3.1191299E-07 -4.0464299E-01 -5.4421394E+01
  2.4692560E-02  3.1338460E-06  3.2266820E-07 -4.0808789E-01 -5.4376985E+01
  2.4902759E-02  3.2365657E-06  3.3379314E-07 -4.1156179E-01 -5.4332279E+01
  2.5114728E-02  3.3426069E-06  3.4530048E-07 -4.1506494E-01 -5.4287274E+01
  2.5328480E-02  3.4520753E-06  3.5720335E-07 -4.1859756E-01 -5.4241969E+01
  2.5544032E-02  3.5650798E-06  3.6951530E-07 -4.2215993E-01 -5.4196363E+01
  2.5761398E-02  3.6817329E-06  3.8225036E-07 -4.2575227E-01 -5.4150455E+01
  2.5980594E-02  3.8021504E-06  3.9542304E-07 -4.2937486E-01 -5.4104242E+01
  2.6201635E-02  3.9264517E-06  4.0904833E-07 -4.3302794E-01 -5.4057724E+01
  2.6424537E-02  4.0547601E-06  4.2314177E-07 -4.3671177E-01 -5.4010899E+01
  2.6649314E-02  4.1872025E-06  4.3771938E-07 -4.4042660E-01 -5.3963767E+01
  2.6875984E-02  4.3239099E-06  4.5279778E-07 -4.4417270E-01 -5.3916324E+01
  2.7104562E-02  4.4650173E-06  4.6839412E-07 -4.4795034E-01 -5.3868571E+01
  2.7335064E-02  4.6106639E-06  4.8452615E-07 -4.5175977E-01 -5.3820506E+01
  2.7567506E-02  4.7609932E-06  5.0121224E-07 -4.5560127E-01 -5.3772127E+01
  2.7801905E-02  4.9161532E-06  5.1847137E-07 -4.5947510E-01 -5.3723433E+01
  2.8038276E-02  5.0762964E-06  5.3632317E-07 -4.6338154E-01 -5.3674423E+01
  2.8276638E-02  5.2415799E-06  5.5478796E-07 -4.6732086E-01 -5.3625095E+01
  2.8517005E-02  5.4121660E-06  5.7388673E-07 -4.7129334E-01 -5.3575448E+01
  2.8759396E-02  5.5882215E-06  5.9364120E-07 -4.7529926E-01 -5.3525481E+01
  2.9003827E-02  5.7699189E-06  6.1407384E-07 -4.7933890E-01 -5.3475191E+01
  2.9250316E-02  5.9574356E-06  6.3520788E-07 -4.8341253E-01 -5.3424578E+01
  2.9498880E-02  6.1509546E-06  6.5706735E-07 -4.8752046E-01 -5.3373641E+01
  2.9749535E-02  6.3506646E-06  6.7967708E-07 -4.9166296E-01 -5.3322377E+01
  3.0002301E-02  6.5567598E-06  7.0306278E-07 -4.9584034E-01 -5.3270786E+01
  3.0257194E-02  6.7694408E-06  7.2725103E-07 -5.0005287E-01 -5.3218866E+01
  3.0514233E-02  6.9889139E-06  7.5226929E-07 -5.0430086E-01 -5.3166616E+01
  3.0773435E-02  7.2153921E-06  7.7814600E-07 -5.0858461E-01 -5.3114033E+01
  3.1034820E-02  7.4490946E-06  8.0491056E-07 -5.1290441E-01 -5.3061118E+01
  3.1298404E-02  7.6902476E-06  8.3259335E-07 -5.1726058E-01 -5.3007868E+01
  3.1564207E-02  7.9390840E-06  8.6122582E-07 -5.2165341E-01 -5.2954282E+01
  3.1832248E-02  8.1958438E-06  8.9084048E-07 -5.2608321E-01 -5.2900359E+01
  3.2102544E-02  8.4607744E-06  9.2147095E-07 -5.3055031E-01 -5.2846097E+01
  3.2375116E-02  8.7341307E-06  9.5315200E-07 -5.3505500E-01 -5.2791495E+01
  3.2649982E-02  9.0161755E-06  9.8591959E-07 -5.3959761E-01 -5.2736551E+01
  3.2927162E-02  9.3071793E-06  1.0198109E-06 -5.4417845E-01 -5.2681263E+01
  3.3206675E-02  9.6074210E-06  1.0548644E-06 -5.4879785E-01 -5.2625632E+01
  3.3488541E-02  9.9171880E-06  1.0911199E-06 -5.5345614E-01 -5.2569654E+01
  3.3772779E-02  1.0236776E-05  1.1286185E-06 -5.5815363E-01 -5.2513329E+01
  3.4059410E-02  1.0566491E-05  1.1674027E-06 -5.6289066E-01 -5.2456655E+01
  3.4348454E-02  1.0906646E-05  1.2075165E-06 -5.6766757E-01 -5.2399631E+01
  3.4639930E-02  1.1257566E-05  1.2490054E-06 -5.7248468E-01 -5.2342255E+01
  3.4933860E-02  1.1619583E-05  1.2919165E-06 -5.7734233E-01 -5.2284526E+01
  3.5230264E-02  1.1993041E-05  1.3362984E-06 -5.8224088E-01 -5.2226442E+01
  3.5529163E-02  1.2378295E-05  1.3822014E-06 -5.8718065E-01 -5.2168002E+01
  3.5830579E-02  1.2775709E-05  1.4296776E-06 -5.9216200E-01 -5.2109205E+01
  3.6134531E-02  1.3185658E-05  1.4787807E-06 -5.9718528E-01 -5.2050048E+01
  3.6441041E-02  1.3608530E-05  1.5295665E-06 -6.0225084E-01 -5.1990532E+01
  3.6750132E-02  1.4044722E-05  1.5820924E-06 -6.0735904E-01 -5.1930653E+01
  3.7061825E-02  1.4494645E-05  1.6364179E-06 -6.1251023E-01 -5.1870412E+01
  3.7376141E-02  1.4958721E-05  1.6926047E-06 -6.1770478E-01 -5.1809805E+01
  3.7693103E-02  1.5437387E-05  1.7507162E-06 -6.2294306E-01 -5.1748833E+01
  3.8012732E-02  1.5931090E-05  1.8108185E-06 -6.2822542E-01 -5.1687493E+01
  3.8335053E-02  1.6440292E-05  1.8729794E-06 -6.3355224E-01 -5.1625784E+01
  3.8660086E-02  1.6965468E-05  1.9372695E-06 -6.3892390E-01 -5.1563704E+01
  3.8987855E-02  1.7507109E-05  2.0037614E-06 -6.4434077E-01 -5.1501252E+01
  3.9318384E-02  1.8065717E-05  2.0725304E-06 -6.4980323E-01 -5.1438427E+01
  3.9651694E-02  1.8641813E-05  2.1436545E-06 -6.5531167E-01 -5.1375228E+01
  3.9987810E-02  1.9235932E-05  2.2172140E-06 -6.6086647E-01 -5.1311652E+01
  4.0326755E-02  1.9848622E-05  2.2932922E-06 -6.6646802E-01 -5.1247698E+01
  4.0668554E-02  2.0480452E-05  2.3719751E-06 -6.7211672E-01 -5.1183365E+01
  4.1013229E-02  2.1132005E-05  2.4533519E-06 -6.7781297E-01 -5.1118652E+01
  4.1360806E-02  2.1803881E-05  2.5375145E-06 -6.8355715E-01 -5.1053557E+01
  4.1711308E-02  2.2496699E-05  2.6245581E-06 -6.8934969E-01 -5.0988078E+01
  4.2064761E-02  2.3211095E-05  2.7145812E-06 -6.9519098E-01 -5.0922214E+01
  4.2421189E-02  2.3947726E-05  2.8076855E-06 -7.0108143E-01 -5.0855964E+01
  4.2780617E-02  2.4707266E-05  2.9039764E-06 -7.0702146E-01 -5.0789326E+01
  4.3143070E-02  2.5490410E-05  3.0035626E-06 -7.1301148E-01 -5.0722299E+01
  4.3508574E-02  2.6297872E-05  3.1065567E-06 -7.1905191E-01 -5.0654881E+01
  4.3877155E-02  2.7130388E-05  3.2130751E-06 -7.2514319E-01 -5.0587071E+01
  4.4248839E-02  2.7988717E-05  3.3232382E-06 -7.3128573E-01 -5.0518868E+01
  4.4623651E-02  2.8873637E-05  3.4371704E-06 -7.3747998E-01 -5.0450269E+01
  4.5001618E-02  2.9785951E-05  3.5550005E-06 -7.4372635E-01 -5.0381274E+01
  4.5382767E-02  3.0726484E-05  3.6768616E-06 -7.5002529E-01 -5.0311880E+01
  4.5767123E-02  3.1696088E-05  3.8028912E-06 -7.5637725E-01 -5.0242087E+01
  4.6154715E-02  3.2695635E-05  3.9332317E-06 -7.6278267E-01 -5.0171893E+01
  4.6545570E-02  3.3726027E-05  4.0680304E-06 -7.6924200E-01 -5.0101296E+01
  4.6939715E-02  3.4788188E-05  4.2074392E-06 -7.7575569E-01 -5.0030295E+01
  4.7337177E-02  3.5883074E-05  4.3516158E-06 -7.8232420E-01 -4.9958889E+01
  4.7737985E-02  3.7011662E-05  4.5007226E-06 -7.8894799E-01 -4.9887075E+01
  4.8142166E-02  3.8174964E-05  4.6549282E-06 -7.9562753E-01 -4.9814852E+01
  4.8549750E-02  3.9374016E-05  4.8144063E-06 -8.0236328E-01 -4.9742219E+01
  4.8960765E-02  4.0609886E-05  4.9793371E-06 -8.0915572E-01 -4.9669174E+01
  4.9375239E-02  4.1883674E-05  5.1499065E-06 -8.1600532E-01 -4.9595715E+01
  4.9793202E-02  4.3196509E-05  5.3263069E-06 -8.2291257E-01 -4.9521840E+01
  5.0214683E-02  4.4549555E-05  5.5087373E-06 -8.2987795E-01 -4.9447549E+01
  5.0639712E-02  4.5944007E-05  5.6974033E-06 -8.3690194E-01 -4.9372838E+01
  5.1068319E-02  4.7381095E-05  5.8925178E-06 -8.4398505E-01 -4.9297708E+01
  5.1500533E-02  4.8862086E-05  6.0943007E-06 -8.5112777E-01 -4.9222155E+01
  5.1936386E-02  5.0388280E-05  6.3029793E-06 -8.5833060E-01 -4.9146177E+01
  5.2375907E-02  5.1961017E-05  6.5187890E-06 -8.6559404E-01 -4.9069774E+01
  5.2819128E-02  5.3581674E-05  6.7419729E-06 -8.7291860E-01 -4.8992943E+01
  5.3266079E-02  5.5251666E-05  6.9727824E-06 -8.8030481E-01 -4.8915683E+01
  5.3716793E-02  5.6972450E-05  7.2114777E-06 -8.8775317E-01 -4.8837991E+01
  5.4171301E-02  5.8745524E-05  7.4583274E-06 -8.9526421E-01 -4.8759865E+01
  5.4629634E-02  6.0572427E-05  7.7136098E-06 -9.0283846E-01 -4.8681305E+01
  5.5091826E-02  6.2454744E-05  7.9776122E-06 -9.1047644E-01 -4.8602306E+01
  5.5557907E-02  6.4394101E-05  8.2506319E-06 -9.1817870E-01 -4.8522869E+01
  5.6027912E-02  6.6392174E-05  8.5329762E-06 -9.2594577E-01 -4.8442991E+01
  5.6501874E-02  6.8450684E-05  8.8249629E-06 -9.3377820E-01 -4.8362669E+01
  5.6979825E-02  7.0571401E-05  9.1269207E-06 -9.4167654E-01 -4.8281902E+01
  5.7461798E-02  7.2756144E-05  9.4391894E-06 -9.4964134E-01 -4.8200688E+01
  5.7947829E-02  7.5006783E-05  9.7621202E-06 -9.5767316E-01 -4.8119026E+01
  5.8437951E-02  7.7325241E-05  1.0096076E-05 -9.6577256E-01 -4.8036913E+01
  5.8932199E-02  7.9713494E-05  1.0441434E-05 -9.7394011E-01 -4.7954347E+01
  5.9430607E-02  8.2173575E-05  1.0798581E-05 -9.8217638E-01 -4.7871327E+01
  5.9933210E-02  8.4707571E-05  1.1167918E-05 -9.9048196E-01 -4.7787852E+01
  6.0440043E-02  8.7317628E-05  1.1549863E-05 -9.9885742E-01 -4.7703920E+01
  6.0951143E-02  9.0005953E-05  1.1944842E-05 -1.0073033E+00 -4.7619529E+01
  6.1466545E-02  9.2774813E-05  1.2353301E-05 -1.0158203E+00 -4.7534679E+01
  6.1986286E-02  9.5626537E-05  1.2775699E-05 -1.0244090E+00 -4.7449368E+01
  6.2510401E-02  9.8563519E-05  1.3212510E-05 -1.0330699E+00 -4.7363597E+01
  6.3038928E-02  1.0158822E-04  1.3664224E-05 -1.0418037E+00 -4.7277363E+01
  6.3571904E-02  1.0470317E-04  1.4131350E-05 -1.0506109E+00 -4.7190668E+01
  6.4109366E-02  1.0791096E-04  1.4614411E-05 -1.0594923E+00 -4.7103510E+01
  6.4651352E-02  1.1121427E-04  1.5113951E-05 -1.0684483E+00 -4.7015892E+01
  6.5197900E-02  1.1461583E-04  1.5630529E-05 -1.0774798E+00 -4.6927813E+01
  6.5749049E-02  1.1811846E-04  1.6164726E-05 -1.0865872E+00 -4.6839274E+01
  6.6304837E-02  1.2172507E-04  1.6717140E-05 -1.0957712E+00 -4.6750278E+01
  6.6865303E-02  1.2543861E-04  1.7288393E-05 -1.1050324E+00 -4.6660826E+01
  6.7430487E-02  1.2926214E-04  1.7879125E-05 -1.1143716E+00 -4.6570920E+01
  6.8000428E-02  1.3319881E-04  1.8489998E-05 -1.1237893E+00 -4.6480565E+01
  6.8575167E-02  1.3725183E-04  1.9121698E-05 -1.1332863E+00 -4.6389763E+01
  6.9154744E-02  1.4142451E-04  1.9774932E-05 -1.1428631E+00 -4.6298518E+01
  6.9739199E-02  1.4572026E-04  2.0450433E-05 -1.1525205E+00 -4.6206835E+01
  7.0328573E-02  1.5014256E-04  2.1148959E-05 -1.1622591E+00 -4.6114720E+01
  7.0922909E-02  1.5469499E-04  2.1871291E-05 -1.1720797E+00 -4.6022177E+01
  7.1522247E-02  1.5938125E-04  2.2618239E-05 -1.1819828E+00 -4.5929214E+01
  7.2126631E-02  1.6420510E-04  2.3390641E-05 -1.1919692E+00 -4.5835836E+01
  7.2736101E-02  1.6917043E-04  2.4189360E-05 -1.2020396E+00 -4.5742052E+01
  7.3350702E-02  1.7428123E-04  2.5015292E-05 -1.2121947E+00 -4.5647868E+01
  7.3970476E-02  1.7954159E-04  2.5869360E-05 -1.2224352E+00 -4.5553293E+01
  7.4595467E-02  1.8495570E-04  2.6752522E-05 -1.2327618E+00 -4.5458336E+01
  7.5225719E-02  1.9052789E-04  2.7665765E-05 -1.2431753E+00 -4.5363005E+01
  7.5861276E-02  1.9626257E-04  2.8610110E-05 -1.2536763E+00 -4.5267309E+01
  7.6502182E-02  2.0216429E-04  2.9586616E-05 -1.2642656E+00 -4.5171257E+01
  7.7148484E-02  2.0823771E-04  3.0596372E-05 -1.2749440E+00 -4.5074859E+01
  7.7800225E-02  2.1448763E-04  3.1640509E-05 -1.2857121E+00 -4.4978124E+01
  7.8457453E-02  2.2091895E-04  3.2720195E-05 -1.2965708E+00 -4.4881062E+01
  7.9120213E-02  2.2753672E-04  3.3836634E-05 -1.3075208E+00 -4.4783681E+01
  7.9788551E-02  2.3434611E-04  3.4991076E-05 -1.3185628E+00 -4.4685990E+01
  8.0462515E-02  2.4135244E-04  3.6184809E-05 -1.3296977E+00 -4.4587998E+01
  8.1142152E-02  2.4856114E-04  3.7419167E-05 -1.3409261E+00 -4.4489712E+01
  8.1827510E-02  2.5597781E-04  3.8695529E-05 -1.3522490E+00 -4.4391141E+01
  8.2518637E-02  2.6360819E-04  4.0015319E-05 -1.3636670E+00 -4.4292292E+01
  8.3215581E-02  2.7145816E-04  4.1380010E-05 -1.3751810E+00 -4.4193170E+01
  8.3918392E-02  2.7953375E-04  4.2791126E-05 -1.3867917E+00 -4.4093780E+01
  8.4627119E-02  2.8784116E-04  4.4250240E-05 -1.3985001E+00 -4.3994129E+01
  8.5341811E-02  2.9638674E-04  4.5758980E-05 -1.4103068E+00 -4.3894219E+01
  8.6062519E-02  3.0517701E-04  4.7319028E-05 -1.4222128E+00 -4.3794054E+01
  8.6789293E-02  3.1421865E-04  4.8932124E-05 -1.4342188E+00 -4.3693635E+01
  8.7522186E-02  3.2351851E-04  5.0600064E-05 -1.4463256E+00 -4.3592963E+01
  8.8261247E-02  3.3308361E-04  5.2324708E-05 -1.4585342E+00 -4.3492038E+01
  8.9006529E-02  3.4292118E-04  5.4107977E-05 -1.4708454E+00 -4.3390860E+01
  8.9758084E-02  3.5303859E-04  5.5951856E-05 -1.4832600E+00 -4.3289425E+01
  9.0515966E-02  3.6344342E-04  5.7858399E-05 -1.4957789E+00 -4.3187731E+01
  9.1280227E-02  3.7414345E-04  5.9829727E-05 -1.5084029E+00 -4.3085773E+01
  9.2050921E-02  3.8514664E-04  6.1868034E-05 -1.5211330E+00 -4.2983547E+01
  9.2828103E-02  3.9646115E-04  6.3975587E-05 -1.5339700E+00 -4.2881046E+01
  9.3611826E-02  4.0809536E-04  6.6154731E-05 -1.5469147E+00 -4.2778265E+01
  9.4402146E-02  4.2005784E-04  6.8407887E-05 -1.5599682E+00 -4.2675194E+01
  9.5199118E-02  4.3235740E-04  7.0737561E-05 -1.5731313E+00 -4.2571827E+01
  9.6002799E-02  4.4500304E-04  7.3146340E-05 -1.5864049E+00 -4.2468154E+01
  9.6813245E-02  4.5800401E-04  7.5636900E-05 -1.5997899E+00 -4.2364167E+01
  9.7630513E-02  4.7136977E-04  7.8212008E-05 -1.6132873E+00 -4.2259855E+01
  9.8454660E-02  4.8511004E-04  8.0874521E-05 -1.6268980E+00 -4.2155209E+01
  9.9285744E-02  4.9923474E-04  8.3627394E-05 -1.6406229E+00 -4.2050218E+01
  1.0012382E-01  5.1375407E-04  8.6473682E-05 -1.6544630E+00 -4.1944874E+01
  1.0096896E-01  5.2867847E-04  8.9416541E-05 -1.6684193E+00 -4.1839165E+01
  1.0182121E-01  5.4401863E-04  9.2459233E-05 -1.6824926E+00 -4.1733081E+01
  1.0268063E-01  5.5978551E-04  9.5605132E-05 -1.6966840E+00 -4.1626613E+01
  1.0354728E-01  5.7599033E-04  9.8857723E-05 -1.7109944E+00 -4.1519752E+01
  1.0442123E-01  5.9264460E-04  1.0222061E-04 -1.7254248E+00 -4.1412489E+01
  1.0530254E-01  6.0976009E-04  1.0569751E-04 -1.7399763E+00 -4.1304814E+01
  1.0619127E-01  6.2734886E-04  1.0929228E-04 -1.7546498E+00 -4.1196721E+01
  1.0708747E-01  6.4542327E-04  1.1300889E-04 -1.7694463E+00 -4.1088201E+01
  1.0799122E-01  6.6399598E-04  1.1685145E-04 -1.7843669E+00 -4.0979247E+01
  1.0890258E-01  6.8307993E-04  1.2082422E-04 -1.7994125E+00 -4.0869854E+01
  1.0982161E-01  7.0268842E-04  1.2493157E-04 -1.8145842E+00 -4.0760016E+01
  1.1074837E-01  7.2283501E-04  1.2917806E-04 -1.8298830E+00 -4.0649727E+01
  1.1168294E-01  7.4353363E-04  1.3356837E-04 -1.8453100E+00 -4.0538982E+01
  1.1262537E-01  7.6479851E-04  1.3810734E-04 -1.8608663E+00 -4.0427779E+01
  1.1357574E-01  7.8664426E-04  1.4279999E-04 -1.8765528E+00 -4.0316114E+01
  1.1453410E-01  8.0908579E-04  1.4765149E-04 -1.8923707E+00 -4.0203984E+01
  1.1550053E-01  8.3213839E-04  1.5266718E-04 -1.9083210E+00 -4.0091386E+01
  1.1647510E-01  8.5581771E-04  1.5785261E-04 -1.9244049E+00 -3.9978320E+01
  1.1745787E-01  8.8013976E-04  1.6321347E-04 -1.9406233E+00 -3.9864783E+01
  1.1844891E-01  9.0512094E-04  1.6875568E-04 -1.9569775E+00 -3.9750775E+01
  1.1944829E-01  9.3077801E-04  1.7448533E-04 -1.9734685E+00 -3.9636295E+01
  1.2045609E-01  9.5712816E-04  1.8040873E-04 -1.9900974E+00 -3.9521344E+01
  1.2147237E-01  9.8418894E-04  1.8653239E-04 -2.0068654E+00 -3.9405921E+01
  1.2249720E-01  1.0119783E-03  1.9286304E-04 -2.0237736E+00 -3.9290028E+01
  1.2353066E-01  1.0405147E-03  1.9940763E-04 -2.0408231E+00 -3.9173664E+01
  1.2457282E-01  1.0698170E-03  2.0617337E-04 -2.0580151E+00 -3.9056832E+01
  1.2562375E-01  1.0999043E-03  2.1316766E-04 -2.0753508E+00 -3.8939533E+01
  1.2668353E-01  1.1307964E-03  2.2039818E-04 -2.0928312E+00 -3.8821769E+01
  1.2775223E-01  1.1625135E-03  2.2787287E-04 -2.1104576E+00 -3.8703542E+01
  1.2882992E-01  1.1950761E-03  2.3559992E-04 -2.1282312E+00 -3.8584853E+01
  1.2991669E-01  1.2285054E-03  2.4358778E-04 -2.1461531E+00 -3.8465706E+01
  1.3101260E-01  1.2628229E-03  2.5184521E-04 -2.1642246E+00 -3.8346103E+01
  1.3211774E-01  1.2980506E-03  2.6038124E-04 -2.1824468E+00 -3.8226047E+01
  1.3323218E-01  1.3342112E-03  2.6920520E-04 -2.2008209E+00 -3.8105541E+01
  1.3435600E-01  1.3713277E-03  2.7832675E-04 -2.2193482E+00 -3.7984588E+01
  1.3548928E-01  1.4094237E-03  2.8775585E-04 -2.2380299E+00 -3.7863192E+01
  1.3663210E-01  1.4485233E-03  2.9750279E-04 -2.2568672E+00 -3.7741356E+01
  1.3778453E-01  1.4886512E-03  3.0757821E-04 -2.2758614E+00 -3.7619084E+01
  1.3894667E-01  1.5298326E-03  3.1799310E-04 -2.2950137E+00 -3.7496380E+01
  1.4011860E-01  1.5720932E-03  3.2875881E-04 -2.3143254E+00 -3.7373247E+01
  1.4130038E-01  1.6154595E-03  3.3988706E-04 -2.3337977E+00 -3.7249690E+01
  1.4249212E-01  1.6599584E-03  3.5138998E-04 -2.3534319E+00 -3.7125712E+01
  1.4369388E-01  1.7056173E-03  3.6328008E-04 -2.3732293E+00 -3.7001319E+01
  1.4490576E-01  1.7524645E-03  3.7557028E-04 -2.3931912E+00 -3.6876514E+01
  1.4612784E-01  1.8005287E-03  3.8827394E-04 -2.4133189E+00 -3.6751302E+01
  1.4736021E-01  1.8498394E-03  4.0140486E-04 -2.4336136E+00 -3.6625688E+01
  1.4860295E-01  1.9004264E-03  4.1497727E-04 -2.4540767E+00 -3.6499674E+01
  1.4985616E-01  1.9523207E-03  4.2900591E-04 -2.4747095E+00 -3.6373267E+01
  1.5111991E-01  2.0055534E-03  4.4350598E-04 -2.4955133E+00 -3.6246471E+01
  1.5239430E-01  2.0601568E-03  4.5849317E-04 -2.5164894E+00 -3.6119289E+01
  1.5367941E-01  2.1161634E-03  4.7398370E-04 -2.5376392E+00 -3.5991728E+01
  1.5497534E-01  2.1736069E-03  4.8999434E-04 -2.5589641E+00 -3.5863790E+01
  1.5628219E-01  2.2325213E-03  5.0654236E-04 -2.5804652E+00 -3.5735482E+01
  1.5760003E-01  2.2929415E-03  5.2364565E-04 -2.6021441E+00 -3.5606806E+01
  1.5892896E-01  2.3549033E-03  5.4132266E-04 -2.6240021E+00 -3.5477768E+01
  1.6026908E-01  2.4184431E-03  5.5959245E-04 -2.6460405E+00 -3.5348371E+01
  1.6162048E-01  2.4835980E-03  5.7847469E-04 -2.6682607E+00 -3.5218621E+01
  1.6298326E-01  2.5504060E-03  5.9798971E-04 -2.6906640E+00 -3.5088521E+01
  1.6435751E-01  2.6189061E-03  6.1815850E-04 -2.7132520E+00 -3.4958075E+01
  1.6574332E-01  2.6891377E-03  6.3900274E-04 -2.7360258E+00 -3.4827287E+01
  1.6714080E-01  2.7611413E-03  6.6054480E-04 -2.7589871E+00 -3.4696162E+01
  1.6855004E-01  2.8349583E-03  6.8280780E-04 -2.7821370E+00 -3.4564703E+01
  1.6997115E-01  2.9106309E-03  7.0581560E-04 -2.8054771E+00 -3.4432913E+01
  1.7140422E-01  2.9882021E-03  7.2959283E-04 -2.8290087E+00 -3.4300797E+01
  1.7284935E-01  3.0677159E-03  7.5416495E-04 -2.8527332E+00 -3.4168358E+01
  1.7430664E-01  3.1492171E-03  7.7955821E-04 -2.8766521E+00 -3.4035600E+01
  1.7577620E-01  3.2327517E-03  8.0579974E-04 -2.9007667E+00 -3.3902525E+01
  1.7725813E-01  3.3183663E-03  8.3291753E-04 -2.9250786E+00 -3.3769136E+01
  1.7875254E-01  3.4061087E-03  8.6094049E-04 -2.9495890E+00 -3.3635437E+01
  1.8025952E-01  3.4960277E-03  8.8989847E-04 -2.9742994E+00 -3.3501431E+01
  1.8177919E-01  3.5881729E-03  9.1982226E-04 -2.9992112E+00 -3.3367120E+01
  1.8331165E-01  3.6825951E-03  9.5074368E-04 -3.0243259E+00 -3.3232506E+01
  1.8485701E-01  3.7793462E-03  9.8269554E-04 -3.0496449E+00 -3.3097594E+01
  1.8641538E-01  3.8784790E-03  1.0157117E-03 -3.0751696E+00 -3.2962383E+01
  1.8798686E-01  3.9800473E-03  1.0498272E-03 -3.1009014E+00 -3.2826878E+01
  1.8957157E-01  4.0841063E-03  1.0850782E-03 -3.1268417E+00 -3.2691080E+01
  1.9116962E-01  4.1907122E-03  1.1215018E-03 -3.1529921E+00 -3.2554992E+01
  1.9278113E-01  4.2999221E-03  1.1591365E-03 -3.1793538E+00 -3.2418614E+01
  1.9440620E-01  4.4117946E-03  1.1980221E-03 -3.2059283E+00 -3.2281949E+01
  1.9604494E-01  4.5263892E-03  1.2381994E-03 -3.2327170E+00 -3.2144999E+01
  1.9769748E-01  4.6437669E-03  1.2797108E-03 -3.2597213E+00 -3.2007765E+01
  1.9936393E-01  4.7639897E-03  1.3226000E-03 -3.2869427E+00 -3.1870249E+01
  2.0104441E-01  4.8871209E-03  1.3669118E-03 -3.3143826E+00 -3.1732452E+01
  2.0273904E-01  5.0132251E-03  1.4126928E-03 -3.3420422E+00 -3.1594376E+01
  2.0444792E-01  5.1423681E-03  1.4599908E-03 -3.3699231E+00 -3.1456022E+01
  2.0617120E-01  5.2746172E-03  1.5088554E-03 -3.3980266E+00 -3.1317391E+01
  2.0790897E-01  5.4100409E-03  1.5593376E-03 -3.4263541E+00 -3.1178485E+01
  2.0966138E-01  5.5487090E-03  1.6114900E-03 -3.4549069E+00 -3.1039305E+01
  2.1142853E-01  5.6906929E-03  1.6653670E-03 -3.4836864E+00 -3.0899852E+01
  2.1321056E-01  5.8360653E-03  1.7210245E-03 -3.5126940E+00 -3.0760127E+01
  2.1500759E-01  5.9849003E-03  1.7785203E-03 -3.5419310E+00 -3.0620131E+01
  2.1681975E-01  6.1372736E-03  1.8379142E-03 -3.5713987E+00 -3.0479867E+01
  2.1864716E-01  6.2932622E-03  1.8992675E-03 -3.6010984E+00 -3.0339333E+01
  2.2048995E-01  6.4529448E-03  1.9626437E-03 -3.6310314E+00 -3.0198533E+01
  2.2234826E-01  6.6164016E-03  2.0281083E-03 -3.6611991E+00 -3.0057467E+01
  2.2422220E-01  6.7837144E-03  2.0957286E-03 -3.6916025E+00 -2.9916137E+01
  2.2611192E-01  6.9549664E-03  2.1655744E-03 -3.7222431E+00 -2.9774543E+01
  2.2801755E-01  7.1302429E-03  2.2377174E-03 -3.7531221E+00 -2.9632687E+01
  2.2993922E-01  7.3096305E-03  2.3122315E-03 -3.7842405E+00 -2.9490570E+01
  2.3187706E-01  7.4932175E-03  2.3891931E-03 -3.8155997E+00 -2.9348193E+01
  2.3383121E-01  7.6810941E-03  2.4686809E-03 -3.8472008E+00 -2.9205557E+01
  2.3580182E-01  7.8733524E-03  2.5507760E-03 -3.8790449E+00 -2.9062664E+01
  2.3778901E-01  8.0700859E-03  2.6355619E-03 -3.9111331E+00 -2.8919515E+01
  2.3979293E-01  8.2713902E-03  2.7231251E-03 -3.9434665E+00 -2.8776110E+01
  2.4181371E-01  8.4773628E-03  2.8135543E-03 -3.9760462E+00 -2.8632450E+01
  2.4385151E-01  8.6881031E-03  2.9069411E-03 -4.0088731E+00 -2.8488537E+01
  2.4590645E-01  8.9037123E-03  3.0033801E-03 -4.0419483E+00 -2.8344370E+01
  2.4797870E-01  9.1242938E-03  3.1029685E-03 -4.0752728E+00 -2.8199951E+01
  2.5006839E-01  9.3499529E-03  3.2058067E-03 -4.1088473E+00 -2.8055278E+01
  2.5217566E-01  9.5807970E-03  3.3119981E-03 -4.1426729E+00 -2.7910353E+01
  2.5430068E-01  9.8169356E-03  3.4216492E-03 -4.1767503E+00 -2.7765175E+01
  2.5644358E-01  1.0058480E-02  3.5348698E-03 -4.2110803E+00 -2.7619743E+01
  2.5860452E-01  1.0305545E-02  3.6517731E-03 -4.2456638E+00 -2.7474055E+01
  2.6078365E-01  1.0558246E-02  3.7724756E-03 -4.2805013E+00 -2.7328112E+01
  2.6298112E-01  1.0816702E-02  3.8970974E-03 -4.3155935E+00 -2.7181911E+01
  2.6519709E-01  1.1081033E-02  4.0257622E-03 -4.3509411E+00 -2.7035449E+01
  2.6743172E-01  1.1351363E-02  4.1585974E-03 -4.3865445E+00 -2.6888726E+01
  2.6968515E-01  1.1627817E-02  4.2957344E-03 -4.4224042E+00 -2.6741737E+01
  2.7195755E-01  1.1910523E-02  4.4373082E-03 -4.4585207E+00 -2.6594481E+01
  2.7424907E-01  1.2199613E-02  4.5834582E-03 -4.4948944E+00 -2.6446955E+01
  2.7655989E-01  1.2495218E-02  4.7343277E-03 -4.5315254E+00 -2.6299155E+01
  2.7889016E-01  1.2797476E-02  4.8900644E-03 -4.5684141E+00 -2.6151080E+01
  2.8124004E-01  1.3106525E-02  5.0508203E-03 -4.6055606E+00 -2.6002726E+01
  2.8360970E-01  1.3422506E-02  5.2167519E-03 -4.6429649E+00 -2.5854095E+01
  2.8599931E-01  1.3745564E-02  5.3880204E-03 -4.6806271E+00 -2.5705184E+01
  2.8840903E-01  1.4075847E-02  5.5647916E-03 -4.7185469E+00 -2.5555995E+01
  2.9083904E-01  1.4413504E-02  5.7472363E-03 -4.7567244E+00 -2.5406531E+01
  2.9328950E-01  1.4758688E-02  5.9355303E-03 -4.7951592E+00 -2.5256798E+01
  2.9576059E-01  1.5111557E-02  6.1298544E-03 -4.8338509E+00 -2.5106803E+01
  2.9825247E-01  1.5472271E-02  6.3303947E-03 -4.8727990E+00 -2.4956559E+01
  3.0076534E-01  1.5840991E-02  6.5373427E-03 -4.9120031E+00 -2.4806080E+01
  3.0329935E-01  1.6217885E-02  6.7508956E-03 -4.9514623E+00 -2.4655385E+01
  3.0585469E-01  1.6603122E-02  6.9712559E-03 -4.9911760E+00 -2.4504499E+01
  3.0843155E-01  1.6996877E-02  7.1986322E-03 -5.0311432E+00 -2.4353452E+01
  3.1103009E-01  1.7399324E-02  7.4332391E-03 -5.0713629E+00 -2.4202278E+01
  3.1365051E-01  1.7810647E-02  7.6752971E-03 -5.1118339E+00 -2.4051019E+01
  3.1629298E-01  1.8231028E-02  7.9250331E-03 -5.1525550E+00 -2.3899720E+01
  3.1895770E-01  1.8660656E-02  8.1826804E-03 -5.1935247E+00 -2.3748436E+01
  3.2164485E-01  1.9099723E-02  8.4484788E-03 -5.2347414E+00 -2.3597225E+01
  3.2435461E-01  1.9548425E-02  8.7226750E-03 -5.2762035E+00 -2.3446149E+01
  3.2708719E-01  2.0006963E-02  9.0055224E-03 -5.3179091E+00 -2.3295277E+01
  3.2984276E-01  2.0475540E-02  9.2972816E-03 -5.3598560E+00 -2.3144680E+01
  3.3262153E-01  2.0954364E-02  9.5982203E-03 -5.4020423E+00 -2.2994431E+01
  3.3542369E-01  2.1443649E-02  9.9086139E-03 -5.4444654E+00 -2.2844605E+01
  3.3824944E-01  2.1943611E-02  1.0228745E-02 -5.4871228E+00 -2.2695275E+01
  3.4109897E-01  2.2454472E-02  1.0558904E-02 -5.5300118E+00 -2.2546510E+01
  3.4397249E-01  2.2976456E-02  1.0899389E-02 -5.5731294E+00 -2.2398375E+01
  3.4687020E-01  2.3509794E-02  1.1250508E-02 -5.6164726E+00 -2.2250928E+01
  3.4979230E-01  2.4054720E-02  1.1612574E-02 -5.6600380E+00 -2.2104217E+01
  3.5273899E-01  2.4611472E-02  1.1985911E-02 -5.7038220E+00 -2.1958277E+01
  3.5571049E-01  2.5180296E-02  1.2370851E-02 -5.7478208E+00 -2.1813133E+01
  3.5870700E-01  2.5761438E-02  1.2767735E-02 -5.7920305E+00 -2.1668790E+01
  3.6172873E-01  2.6355151E-02  1.3176912E-02 -5.8364469E+00 -2.1525240E+01
  3.6477590E-01  2.6961693E-02  1.3598741E-02 -5.8810653E+00 -2.1382459E+01
  3.6784871E-01  2.7581328E-02  1.4033592E-02 -5.9258811E+00 -2.1240402E+01
  3.7094739E-01  2.8214321E-02  1.4481842E-02 -5.9708893E+00 -2.1099012E+01
  3.7407216E-01  2.8860948E-02  1.4943878E-02 -6.0160846E+00 -2.0958217E+01
  3.7722323E-01  2.9521484E-02  1.5420099E-02 -6.0614613E+00 -2.0817931E+01
  3.8040082E-01  3.0196215E-02  1.5910912E-02 -6.1070138E+00 -2.0678063E+01
  3.8360516E-01  3.0885429E-02  1.6416737E-02 -6.1527357E+00 -2.0538515E+01
  3.8683647E-01  3.1589421E-02  1.6938002E-02 -6.1986206E+00 -2.0399186E+01
  3.9009497E-01  3.2308494E-02  1.7475147E-02 -6.2446617E+00 -2.0259980E+01
  3.9338091E-01  3.3042954E-02  1.8028623E-02 -6.2908519E+00 -2.0120806E+01
  3.9669451E-01  3.3793117E-02  1.8598891E-02 -6.3371837E+00 -1.9981582E+01
  4.0003600E-01  3.4559302E-02  1.9186426E-02 -6.3836494E+00 -1.9842235E+01
  4.0340561E-01  3.5341839E-02  1.9791713E-02 -6.4302406E+00 -1.9702708E+01
  4.0680359E-01  3.6141062E-02  2.0415247E-02 -6.4769489E+00 -1.9562953E+01
  4.1023017E-01  3.6957315E-02  2.1057539E-02 -6.5237652E+00 -1.9422941E+01
  4.1368560E-01  3.7790950E-02  2.1719110E-02 -6.5706804E+00 -1.9282650E+01
  4.1717011E-01  3.8642325E-02  2.2400492E-02 -6.6176845E+00 -1.9142072E+01
  4.2068394E-01  3.9511808E-02  2.3102233E-02 -6.6647674E+00 -1.9001211E+01
  4.2422736E-01  4.0399776E-02  2.3824890E-02 -6.7119185E+00 -1.8860076E+01
  4.2780061E-01  4.1306614E-02  2.4569037E-02 -6.7591268E+00 -1.8718685E+01
  4.3140393E-01  4.2232716E-02  2.5335257E-02 -6.8063808E+00 -1.8577059E+01
  4.3503758E-01  4.3178488E-02  2.6124151E-02 -6.8536683E+00 -1.8435226E+01
  4.3870182E-01  4.4144342E-02  2.6936330E-02 -6.9009771E+00 -1.8293212E+01
  4.4239690E-01  4.5130703E-02  2.7772420E-02 -6.9482941E+00 -1.8151047E+01
  4.4612308E-01  4.6138004E-02  2.8633061E-02 -6.9956059E+00 -1.8008762E+01
  4.4988063E-01  4.7166692E-02  2.9518907E-02 -7.0428985E+00 -1.7866384E+01
  4.5366981E-01  4.8217222E-02  3.0430626E-02 -7.0901573E+00 -1.7723941E+01
  4.5749088E-01  4.9290061E-02  3.1368902E-02 -7.1373674E+00 -1.7581461E+01
  4.6134411E-01  5.0385688E-02  3.2334433E-02 -7.1845130E+00 -1.7438969E+01
  4.6522978E-01  5.1504593E-02  3.3327930E-02 -7.2315780E+00 -1.7296488E+01
  4.6914816E-01  5.2647279E-02  3.4350121E-02 -7.2785456E+00 -1.7154041E+01
  4.7309952E-01  5.3814263E-02  3.5401748E-02 -7.3253984E+00 -1.7011647E+01
  4.7708414E-01  5.5006072E-02  3.6483571E-02 -7.3721184E+00 -1.6869326E+01
  4.8110230E-01  5.6223248E-02  3.7596362E-02 -7.4186872E+00 -1.6727097E+01
  4.8515429E-01  5.7466347E-02  3.8740910E-02 -7.4650853E+00 -1.6584975E+01
  4.8924038E-01  5.8735938E-02  3.9918020E-02 -7.5112929E+00 -1.6442977E+01
  4.9336086E-01  6.0032607E-02  4.1128513E-02 -7.5572895E+00 -1.6301119E+01
  4.9751603E-01  6.1356952E-02  4.2373226E-02 -7.6030539E+00 -1.6159416E+01
  5.0170617E-01  6.2709588E-02  4.3653011E-02 -7.6485642E+00 -1.6017882E+01
  5.0593158E-01  6.4091147E-02  4.4968738E-02 -7.6937977E+00 -1.5876533E+01
  5.1019257E-01  6.5502275E-02  4.6321292E-02 -7.7387313E+00 -1.5735383E+01
  5.1448941E-01  6.6943637E-02  4.7711576E-02 -7.7833409E+00 -1.5594447E+01
  5.1882243E-01  6.8415915E-02  4.9140508E-02 -7.8276018E+00 -1.5453742E+01
  5.2319192E-01  6.9919808E-02  5.0609022E-02 -7.8714885E+00 -1.5313281E+01
  5.2759818E-01  7.1456035E-02  5.2118072E-02 -7.9149749E+00 -1.5173083E+01
  5.3204154E-01  7.3025334E-02  5.3668626E-02 -7.9580341E+00 -1.5033162E+01
  5.3652230E-01  7.4628460E-02  5.5261670E-02 -8.0006383E+00 -1.4893538E+01
  5.4104077E-01  7.6266193E-02  5.6898207E-02 -8.0427592E+00 -1.4754226E+01
  5.4559728E-01  7.7939329E-02  5.8579256E-02 -8.0843675E+00 -1.4615246E+01
  5.5019215E-01  7.9648689E-02  6.0305855E-02 -8.1254333E+00 -1.4476615E+01
  5.5482569E-01  8.1395116E-02  6.2079057E-02 -8.1659258E+00 -1.4338354E+01
  5.5949823E-01  8.3179473E-02  6.3899934E-02 -8.2058136E+00 -1.4200481E+01
  5.6421010E-01  8.5002649E-02  6.5769576E-02 -8.2450643E+00 -1.4063017E+01
  5.6896164E-01  8.6865556E-02  6.7689086E-02 -8.2836449E+00 -1.3925980E+01
  5.7375316E-01  8.8769133E-02  6.9659590E-02 -8.3215216E+00 -1.3789393E+01
  5.7858503E-01  9.0714342E-02  7.1682228E-02 -8.3586598E+00 -1.3653274E+01
  5.8345756E-01  9.2702172E-02  7.3758158E-02 -8.3950242E+00 -1.3517644E+01
  5.8837111E-01  9.4733642E-02  7.5888556E-02 -8.4305786E+00 -1.3382525E+01
  5.9332602E-01  9.6809794E-02  7.8074616E-02 -8.4652863E+00 -1.3247936E+01
  5.9832263E-01  9.8931703E-02  8.0317549E-02 -8.4991096E+00 -1.3113899E+01
  6.0336130E-01  1.0110047E-01  8.2618584E-02 -8.5320104E+00 -1.2980432E+01
  6.0844239E-01  1.0331723E-01  8.4978967E-02 -8.5639495E+00 -1.2847558E+01
  6.1356625E-01  1.0558315E-01  8.7399963E-02 -8.5948874E+00 -1.2715295E+01
  6.1873323E-01  1.0789943E-01  8.9882855E-02 -8.6247836E+00 -1.2583663E+01
  6.2394371E-01  1.1026729E-01  9.2428944E-02 -8.6535973E+00 -1.2452682E+01
  6.2919804E-01  1.1268800E-01  9.5039548E-02 -8.6812867E+00 -1.2322370E+01
  6.3449661E-01  1.1516286E-01  9.7716005E-02 -8.7078097E+00 -1.2192746E+01
  6.3983977E-01  1.1769320E-01  1.0045967E-01 -8.7331235E+00 -1.2063829E+01
  6.4522791E-01  1.2028041E-01  1.0327192E-01 -8.7571848E+00 -1.1935636E+01
  6.5066140E-01  1.2292588E-01  1.0615415E-01 -8.7799498E+00 -1.1808184E+01
  6.5614063E-01  1.2563107E-01  1.0910777E-01 -8.8013744E+00 -1.1681490E+01
  6.6166598E-01  1.2839747E-01  1.1213422E-01 -8.8214139E+00 -1.1555571E+01
  6.6723784E-01  1.3122661E-01  1.1523494E-01 -8.8400232E+00 -1.1430441E+01
  6.7285660E-01  1.3412007E-01  1.1841141E-01 -8.8571572E+00 -1.1306116E+01
  6.7852266E-01  1.3707946E-01  1.2166513E-01 -8.8727701E+00 -1.1182611E+01
  6.8423641E-01  1.4010646E-01  1.2499761E-01 -8.8868163E+00 -1.1059939E+01
  6.8999825E-01  1.4320276E-01  1.2841039E-01 -8.8992499E+00 -1.0938114E+01
  6.9580860E-01  1.4637013E-01  1.3190503E-01 -8.9100249E+00 -1.0817149E+01
  7.0166785E-01  1.4961037E-01  1.3548310E-01 -8.9190954E+00 -1.0697055E+01
  7.0757642E-01  1.5292534E-01  1.3914623E-01 -8.9264155E+00 -1.0577845E+01
  7.1353473E-01  1.5631695E-01  1.4289604E-01 -8.9319396E+00 -1.0459529E+01
  7.1954319E-01  1.5978717E-01  1.4673418E-01 -8.9356221E+00 -1.0342117E+01
  7.2560222E-01  1.6333800E-01  1.5066235E-01 -8.9374181E+00 -1.0225619E+01
  7.3171226E-01  1.6697153E-01  1.5468225E-01 -8.9372827E+00 -1.0110044E+01
  7.3787372E-01  1.7068988E-01  1.5879564E-01 -8.9351719E+00 -9.9954012E+00
  7.4408705E-01  1.7449524E-01  1.6300427E-01 -8.9310423E+00 -9.8816975E+00
  7.5035269E-01  1.7838988E-01  1.6730995E-01 -8.9248509E+00 -9.7689404E+00
  7.5667106E-01  1.8237609E-01  1.7171453E-01 -8.9165561E+00 -9.6571366E+00
  7.6304261E-01  1.8645626E-01  1.7621988E-01 -8.9061168E+00 -9.5462922E+00
  7.6946780E-01  1.9063285E-01  1.8082791E-01 -8.8934934E+00 -9.4364126E+00
  7.7594707E-01  1.9490835E-01  1.8554056E-01 -8.8786473E+00 -9.3275026E+00
  7.8248088E-01  1.9928536E-01  1.9035984E-01 -8.8615414E+00 -9.2195667E+00
  7.8906969E-01  2.0376653E-01  1.9528777E-01 -8.8421400E+00 -9.1126086E+00
  7.9571395E-01  2.0835460E-01  2.0032645E-01 -8.8204094E+00 -9.0066317E+00
  8.0241415E-01  2.1305237E-01  2.0547800E-01 -8.7963173E+00 -8.9016385E+00
  8.0917074E-01  2.1786272E-01  2.1074460E-01 -8.7698337E+00 -8.7976313E+00
  8.1598421E-01  2.2278863E-01  2.1612851E-01 -8.7409306E+00 -8.6946119E+00
  8.2285503E-01  2.2783313E-01  2.2163201E-01 -8.7095824E+00 -8.5925815E+00
  8.2978368E-01  2.3299938E-01  2.2725748E-01 -8.6757661E+00 -8.4915409E+00
  8.3677065E-01  2.3829058E-01  2.3300733E-01 -8.6394611E+00 -8.3914904E+00
  8.4381644E-01  2.4371006E-01  2.3888406E-01 -8.6006499E+00 -8.2924298E+00
  8.5092153E-01  2.4926121E-01  2.4489026E-01 -8.5593180E+00 -8.1943587E+00
  8.5808643E-01  2.5494754E-01  2.5102857E-01 -8.5154541E+00 -8.0972762E+00
  8.6531164E-01  2.6077265E-01  2.5730173E-01 -8.4690503E+00 -8.0011809E+00
  8.7259767E-01  2.6674023E-01  2.6371255E-01 -8.4201025E+00 -7.9060711E+00
  8.7994502E-01  2.7285408E-01  2.7026397E-01 -8.3686104E+00 -7.8119448E+00
  8.8735422E-01  2.7911813E-01  2.7695901E-01 -8.3145775E+00 -7.7187996E+00
  8.9482579E-01  2.8553638E-01  2.8380078E-01 -8.2580119E+00 -7.6266329E+00
  9.0236025E-01  2.9211296E-01  2.9079252E-01 -8.1989259E+00 -7.5354417E+00
  9.0995813E-01  2.9885213E-01  2.9793760E-01 -8.1373367E+00 -7.4452228E+00
  9.1761996E-01  3.0575825E-01  3.0523948E-01 -8.0732662E+00 -7.3559725E+00
  9.2534629E-01  3.1283581E-01  3.1270179E-01 -8.0067415E+00 -7.2676872E+00
  9.3313765E-01  3.2008943E-01  3.2032827E-01 -7.9377949E+00 -7.1803628E+00
  9.4099460E-01  3.2752384E-01  3.2812282E-01 -7.8664642E+00 -7.0939951E+00
  9.4891768E-01  3.3514393E-01  3.3608949E-01 -7.7927932E+00 -7.0085798E+00
  9.5690745E-01  3.4295471E-01  3.4423250E-01 -7.7168311E+00 -6.9241121E+00
  9.6496448E-01  3.5096134E-01  3.5255624E-01 -7.6386336E+00 -6.8405875E+00
  9.7308932E-01  3.5916912E-01  3.6106526E-01 -7.5582625E+00 -6.7580008E+00
  9.8128256E-01  3.6758349E-01  3.6976432E-01 -7.4757859E+00 -6.6763470E+00
  9.8954476E-01  3.7621007E-01  3.7865837E-01 -7.3912789E+00 -6.5956211E+00
  9.9787650E-01  3.8505460E-01  3.8775256E-01 -7.3048230E+00 -6.5158175E+00
  1.0062784E+00  3.9412302E-01  3.9705226E-01 -7.2165066E+00 -6.4369310E+00
  1.0147510E+00  4.0342140E-01  4.0656307E-01 -7.1264253E+00 -6.3589559E+00
  1.0232949E+00  4.1295602E-01  4.1629080E-01 -7.0346817E+00 -6.2818867E+00
  1.0319107E+00  4.2273332E-01  4.2624154E-01 -6.9413855E+00 -6.2057176E+00
  1.0405991E+00  4.3275989E-01  4.3642159E-01 -6.8466535E+00 -6.1304430E+00
  1.0493606E+00  4.4304256E-01  4.4683756E-01 -6.7506101E+00 -6.0560569E+00
  1.0581958E+00  4.5358832E-01  4.5749629E-01 -6.6533864E+00 -5.9825534E+00
  1.0671054E+00  4.6440437E-01  4.6840493E-01 -6.5551211E+00 -5.9099266E+00
  1.0760900E+00  4.7549809E-01  4.7957090E-01 -6.4559596E+00 -5.8381706E+00
  1.0851503E+00  4.8687709E-01  4.9100194E-01 -6.3560543E+00 -5.7672791E+00
  1.0942868E+00  4.9854920E-01  5.0270608E-01 -6.2555644E+00 -5.6972462E+00
  1.1035002E+00  5.1052245E-01  5.1469167E-01 -6.1546555E+00 -5.6280656E+00
  1.1127911E+00  5.2280512E-01  5.2696741E-01 -6.0534992E+00 -5.5597313E+00
  1.1221603E+00  5.3540569E-01  5.3954230E-01 -5.9522729E+00 -5.4922369E+00
  1.1316083E+00  5.4833292E-01  5.5242570E-01 -5.8511594E+00 -5.4255761E+00
  1.1411359E+00  5.6159578E-01  5.6562731E-01 -5.7503460E+00 -5.3597427E+00
  1.1507436E+00  5.7520352E-01  5.7915720E-01 -5.6500243E+00 -5.2947303E+00
  1.1604322E+00  5.8916563E-01  5.9302578E-01 -5.5503892E+00 -5.2305325E+00
  1.1702024E+00  6.0349190E-01  6.0724382E-01 -5.4516383E+00 -5.1671429E+00
  1.1800548E+00  6.1819235E-01  6.2182249E-01 -5.3539704E+00 -5.1045549E+00
  1.1899902E+00  6.3327733E-01  6.3677329E-01 -5.2575854E+00 -5.0427621E+00
  1.2000091E+00  6.4875745E-01  6.5210813E-01 -5.1626822E+00 -4.9817579E+00
  1.2101125E+00  6.6464362E-01  6.6783926E-01 -5.0694580E+00 -4.9215357E+00
  1.2203008E+00  6.8094708E-01  6.8397933E-01 -4.9781066E+00 -4.8620889E+00
  1.2305749E+00  6.9767938E-01  7.0054135E-01 -4.8888168E+00 -4.8034108E+00
  1.2409355E+00  7.1485237E-01  7.1753870E-01 -4.8017709E+00 -4.7454948E+00
  1.2513833E+00  7.3247827E-01  7.3498512E-01 -4.7171427E+00 -4.6883341E+00
  1.2619191E+00  7.5056963E-01  7.5289473E-01 -4.6350958E+00 -4.6319220E+00
  1.2725435E+00  7.6913935E-01  7.7128199E-01 -4.5557809E+00 -4.5762518E+00
  1.2832574E+00  7.8820070E-01  7.9016172E-01 -4.4793342E+00 -4.5213167E+00
  1.2940614E+00  8.0776732E-01  8.0954907E-01 -4.4058747E+00 -4.4671100E+00
  1.3049564E+00  8.2785323E-01  8.2945954E-01 -4.3355020E+00 -4.4136250E+00
  1.3159431E+00  8.4847287E-01  8.4990895E-01 -4.2682938E+00 -4.3608550E+00
  1.3270223E+00  8.6964105E-01  8.7091343E-01 -4.2043031E+00 -4.3087932E+00
  1.3381947E+00  8.9137303E-01  8.9248944E-01 -4.1435562E+00 -4.2574332E+00
  1.3494612E+00  9.1368448E-01  9.1465371E-01 -4.0860499E+00 -4.2067682E+00
  1.3608225E+00  9.3659152E-01  9.3742330E-01 -4.0317492E+00 -4.1567919E+00
  1.3722794E+00  9.6011072E-01  9.6081554E-01 -3.9805856E+00 -4.1074977E+00
  1.3838328E+00  9.8425913E-01  9.8484805E-01 -3.9324549E+00 -4.0588794E+00
  1.3954834E+00  1.0090543E+00  1.0095388E+00 -3.8872160E+00 -4.0109307E+00
  1.4072321E+00  1.0345141E+00  1.0349058E+00 -3.8446900E+00 -3.9636455E+00
  1.4190797E+00  1.0606572E+00  1.0609678E+00 -3.8046601E+00 -3.9170177E+00
  1.4310270E+00  1.0875026E+00  1.0877435E+00 -3.7668723E+00 -3.8710414E+00
  1.4430749E+00  1.1150699E+00  1.1152520E+00 -3.7310371E+00 -3.8257110E+00
  1.4552242E+00  1.1433792E+00  1.1435129E+00 -3.6968328E+00 -3.7810207E+00
  1.4674757E+00  1.1724511E+00  1.1725460E+00 -3.6639098E+00 -3.7369650E+00
  1.4798304E+00  1.2023070E+00  1.2023716E+00 -3.6318977E+00 -3.6935385E+00
  1.4922891E+00  1.2329687E+00  1.2330106E+00 -3.6004134E+00 -3.6507360E+00
  1.5048526E+00  1.2644587E+00  1.2644843E+00 -3.5690734E+00 -3.6085523E+00
  1.5175219E+00  1.2968000E+00  1.2968146E+00 -3.5375079E+00 -3.5669822E+00
  1.5302979E+00  1.3300165E+00  1.3300241E+00 -3.5053792E+00 -3.5260210E+00
  1.5431814E+00  1.3641326E+00  1.3641361E+00 -3.4724044E+00 -3.4856635E+00
  1.5561733E+00  1.3991733E+00  1.3991747E+00 -3.4383831E+00 -3.4459050E+00
  1.5692746E+00  1.4351645E+00  1.4351649E+00 -3.4032302E+00 -3.4067406E+00
  1.5824861E+00  1.4721327E+00  1.4721328E+00 -3.3670166E+00 -3.3681655E+00
  1.5958089E+00  1.5101050E+00  1.5101050E+00 -3.3300164E+00 -3.3301748E+00
  1.6092438E+00  1.5491096E+00  1.5491096E+00 -3.2927635E+00 -3.2927635E+00
  1.6227918E+00  1.5891751E+00  1.5891752E+00 -3.2561188E+00 -3.2559267E+00
  1.6364539E+00  1.6303313E+00  1.6303313E+00 -3.2213477E+00 -3.2196593E+00
  1.6502309E+00  1.6726084E+00  1.6726081E+00 -3.1902126E+00 -3.1839559E+00
  1.6641239E+00  1.7160378E+00  1.7160358E+00 -3.1650792E+00 -3.1488110E+00
  1.6781339E+00  1.7606515E+00  1.7606444E+00 -3.1490411E+00 -3.1142192E+00
  1.6922617E+00  1.8064825E+00  1.8064628E+00 -3.1460632E+00 -3.0801744E+00
  1.7065085E+00  1.8535646E+00  1.8535178E+00 -3.1611478E+00 -3.0466705E+00
  1.7208753E+00  1.9019328E+00  1.9018325E+00 -3.2005250E+00 -3.0137011E+00
  1.7353629E+00  1.9516229E+00  1.9514246E+00 -3.2718708E+00 -2.9812596E+00
  1.7499725E+00  2.0026714E+00  2.0023040E+00 -3.3845548E+00 -2.9493388E+00
