#                                         4                             7
  0.0000000E+00  0.0000000E+00  0.0000000E+00  0.0000000E+00  0.0000000E+00
  5.9109115E-06 -1.2153921E-04  5.8360284E-06  2.0937654E-08  2.3024857E-11
  1.1905915E-05 -2.3945579E-04  1.1755084E-05  6.9606023E-08  9.3414353E-11
  1.7986208E-05 -3.5703257E-04  1.7758348E-05  1.4132317E-07  2.1319021E-10
  2.4153003E-05 -4.7494457E-04  2.3847017E-05  2.3448287E-07  3.8444152E-10
  3.0407530E-05 -5.9350592E-04  3.0022309E-05  3.4833430E-07  6.0932686E-10
  3.6751039E-05 -7.1292419E-04  3.6285454E-05  4.8249876E-07  8.9007635E-10
  4.3184794E-05 -8.3332825E-04  4.2637702E-05  6.3685049E-07  1.2289939E-09
  4.9710080E-05 -9.5481587E-04  4.9080321E-05  8.1141971E-07  1.6284594E-09
  5.6328198E-05 -1.0774646E-03  5.5614598E-05  1.0063436E-06  2.0909312E-09
  6.3040471E-05 -1.2013385E-03  6.2241835E-05  1.2218446E-06  2.6189483E-09
  6.9848236E-05 -1.3264927E-03  6.8963355E-05  1.4582115E-06  3.2151328E-09
  7.6752853E-05 -1.4529755E-03  7.5780500E-05  1.7157883E-06  3.8821927E-09
  8.3755700E-05 -1.5808302E-03  8.2694630E-05  1.9949667E-06  4.6229241E-09
  9.0858173E-05 -1.7100967E-03  8.9707125E-05  2.2961801E-06  5.4402145E-09
  9.8061691E-05 -1.8408121E-03  9.6819384E-05  2.6198996E-06  6.3370448E-09
  1.0536769E-04 -1.9730113E-03  1.0403283E-04  2.9666314E-06  7.3164927E-09
  1.1277763E-04 -2.1067274E-03  1.1134889E-04  3.3369139E-06  8.3817355E-09
  1.2029299E-04 -2.2419924E-03  1.1876904E-04  3.7313165E-06  9.5360528E-09
  1.2791526E-04 -2.3788371E-03  1.2629475E-04  4.1504386E-06  1.0782830E-08
  1.3564598E-04 -2.5172915E-03  1.3392753E-04  4.5949082E-06  1.2125562E-08
  1.4348668E-04 -2.6573850E-03  1.4166890E-04  5.0653820E-06  1.3567855E-08
  1.5143892E-04 -2.7991464E-03  1.4952040E-04  5.5625446E-06  1.5113430E-08
  1.5950430E-04 -2.9426039E-03  1.5748360E-04  6.0871084E-06  1.6766129E-08
  1.6768442E-04 -3.0877858E-03  1.6556009E-04  6.6398138E-06  1.8529916E-08
  1.7598092E-04 -3.2347198E-03  1.7375148E-04  7.2214288E-06  2.0408880E-08
  1.8439545E-04 -3.3834335E-03  1.8205941E-04  7.8327499E-06  2.2407242E-08
  1.9292968E-04 -3.5339544E-03  1.9048553E-04  8.4746016E-06  2.4529355E-08
  2.0158534E-04 -3.6863100E-03  1.9903153E-04  9.1478372E-06  2.6779711E-08
  2.1036413E-04 -3.8405275E-03  2.0769910E-04  9.8533391E-06  2.9162946E-08
  2.1926781E-04 -3.9966343E-03  2.1648999E-04  1.0592019E-05  3.1683839E-08
  2.2829817E-04 -4.1546577E-03  2.2540594E-04  1.1364819E-05  3.4347322E-08
  2.3745700E-04 -4.3146252E-03  2.3444874E-04  1.2172712E-05  3.7158481E-08
  2.4674612E-04 -4.4765643E-03  2.4362019E-04  1.3016701E-05  4.0122565E-08
  2.5616740E-04 -4.6405024E-03  2.5292211E-04  1.3897822E-05  4.3244984E-08
  2.6572271E-04 -4.8064672E-03  2.6235637E-04  1.4817142E-05  4.6531320E-08
  2.7541396E-04 -4.9744866E-03  2.7192484E-04  1.5775763E-05  4.9987329E-08
  2.8524309E-04 -5.1445885E-03  2.8162945E-04  1.6774820E-05  5.3618947E-08
  2.9521205E-04 -5.3168008E-03  2.9147212E-04  1.7815483E-05  5.7432296E-08
  3.0532284E-04 -5.4911518E-03  3.0145481E-04  1.8898958E-05  6.1433689E-08
  3.1557747E-04 -5.6676700E-03  3.1157953E-04  2.0026485E-05  6.5629634E-08
  3.2597798E-04 -5.8463838E-03  3.2184829E-04  2.1199345E-05  7.0026844E-08
  3.3652647E-04 -6.0273221E-03  3.3226313E-04  2.2418854E-05  7.4632237E-08
  3.4722502E-04 -6.2105138E-03  3.4282615E-04  2.3686369E-05  7.9452950E-08
  3.5807577E-04 -6.3959881E-03  3.5353944E-04  2.5003288E-05  8.4496337E-08
  3.6908090E-04 -6.5837743E-03  3.6440514E-04  2.6371048E-05  8.9769984E-08
  3.8024259E-04 -6.7739020E-03  3.7542543E-04  2.7791128E-05  9.5281706E-08
  3.9156308E-04 -6.9664011E-03  3.8660250E-04  2.9265054E-05  1.0103956E-07
  4.0304461E-04 -7.1613015E-03  3.9793858E-04  3.0794393E-05  1.0705187E-07
  4.1468949E-04 -7.3586335E-03  4.0943593E-04  3.2380759E-05  1.1332718E-07
  4.2650004E-04 -7.5584277E-03  4.2109686E-04  3.4025813E-05  1.1987432E-07
  4.3847861E-04 -7.7607147E-03  4.3292368E-04  3.5731263E-05  1.2670240E-07
  4.5062760E-04 -7.9655255E-03  4.4491875E-04  3.7498867E-05  1.3382079E-07
  4.6294943E-04 -8.1728915E-03  4.5708448E-04  3.9330436E-05  1.4123915E-07
  4.7544655E-04 -8.3828439E-03  4.6942328E-04  4.1227829E-05  1.4896746E-07
  4.8812147E-04 -8.5954147E-03  4.8193762E-04  4.3192961E-05  1.5701596E-07
  5.0097671E-04 -8.8106357E-03  4.9463000E-04  4.5227801E-05  1.6539526E-07
  5.1401483E-04 -9.0285392E-03  5.0750295E-04  4.7334376E-05  1.7411624E-07
  5.2723845E-04 -9.2491577E-03  5.2055903E-04  4.9514768E-05  1.8319015E-07
  5.4065019E-04 -9.4725239E-03  5.3380086E-04  5.1771121E-05  1.9262857E-07
  5.5425273E-04 -9.6986708E-03  5.4723108E-04  5.4105639E-05  2.0244342E-07
  5.6804880E-04 -9.9276319E-03  5.6085236E-04  5.6520588E-05  2.1264700E-07
  5.8204113E-04 -1.0159440E-02  5.7466743E-04  5.9018300E-05  2.2325199E-07
  5.9623253E-04 -1.0394130E-02  5.8867904E-04  6.1601172E-05  2.3427142E-07
  6.1062583E-04 -1.0631736E-02  6.0288999E-04  6.4271669E-05  2.4571876E-07
  6.2522389E-04 -1.0872291E-02  6.1730312E-04  6.7032325E-05  2.5760785E-07
  6.4002964E-04 -1.1115831E-02  6.3192129E-04  6.9885748E-05  2.6995298E-07
  6.5504602E-04 -1.1362389E-02  6.4674743E-04  7.2834617E-05  2.8276886E-07
  6.7027603E-04 -1.1612003E-02  6.6178449E-04  7.5881687E-05  2.9607063E-07
  6.8572272E-04 -1.1864706E-02  6.7703549E-04  7.9029793E-05  3.0987392E-07
  7.0138915E-04 -1.2120534E-02  6.9250345E-04  8.2281846E-05  3.2419480E-07
  7.1727848E-04 -1.2379524E-02  7.0819147E-04  8.5640842E-05  3.3904984E-07
  7.3339385E-04 -1.2641711E-02  7.2410268E-04  8.9109858E-05  3.5445611E-07
  7.4973849E-04 -1.2907132E-02  7.4024025E-04  9.2692060E-05  3.7043119E-07
  7.6631566E-04 -1.3175824E-02  7.5660740E-04  9.6390702E-05  3.8699320E-07
  7.8312866E-04 -1.3447824E-02  7.7320740E-04  1.0020913E-04  4.0416078E-07
  8.0018086E-04 -1.3723169E-02  7.9004357E-04  1.0415078E-04  4.2195316E-07
  8.1747565E-04 -1.4001895E-02  8.0711925E-04  1.0821918E-04  4.4039013E-07
  8.3501649E-04 -1.4284042E-02  8.2443787E-04  1.1241797E-04  4.5949208E-07
  8.5280688E-04 -1.4569647E-02  8.4200287E-04  1.1675089E-04  4.7928000E-07
  8.7085037E-04 -1.4858749E-02  8.5981776E-04  1.2122176E-04  4.9977553E-07
  8.8915055E-04 -1.5151385E-02  8.7788610E-04  1.2583455E-04  5.2100094E-07
  9.0771108E-04 -1.5447594E-02  8.9621148E-04  1.3059329E-04  5.4297918E-07
  9.2653567E-04 -1.5747416E-02  9.1479758E-04  1.3550215E-04  5.6573387E-07
  9.4562807E-04 -1.6050889E-02  9.3364809E-04  1.4056542E-04  5.8928936E-07
  9.6499209E-04 -1.6358054E-02  9.5276679E-04  1.4578750E-04  6.1367070E-07
  9.8463159E-04 -1.6668949E-02  9.7215747E-04  1.5117292E-04  6.3890371E-07
  1.0045505E-03 -1.6983614E-02  9.9182402E-04  1.5672631E-04  6.6501496E-07
  1.0247528E-03 -1.7302090E-02  1.0117704E-03  1.6245245E-04  6.9203184E-07
  1.0452425E-03 -1.7624417E-02  1.0320005E-03  1.6835626E-04  7.1998254E-07
  1.0660237E-03 -1.7950635E-02  1.0525184E-03  1.7444278E-04  7.4889607E-07
  1.0871005E-03 -1.8280785E-02  1.0733282E-03  1.8071718E-04  7.7880235E-07
  1.1084772E-03 -1.8614907E-02  1.0944341E-03  1.8718479E-04  8.0973214E-07
  1.1301580E-03 -1.8953044E-02  1.1158402E-03  1.9385109E-04  8.4171716E-07
  1.1521473E-03 -1.9295236E-02  1.1375509E-03  2.0072169E-04  8.7479003E-07
  1.1744494E-03 -1.9641524E-02  1.1595704E-03  2.0780238E-04  9.0898438E-07
  1.1970688E-03 -1.9991950E-02  1.1819032E-03  2.1509908E-04  9.4433481E-07
  1.2200099E-03 -2.0346556E-02  1.2045537E-03  2.2261789E-04  9.8087695E-07
  1.2432775E-03 -2.0705384E-02  1.2275265E-03  2.3036507E-04  1.0186475E-06
  1.2668761E-03 -2.1068475E-02  1.2508261E-03  2.3834707E-04  1.0576842E-06
  1.2908104E-03 -2.1435873E-02  1.2744571E-03  2.4657048E-04  1.0980261E-06
  1.3150852E-03 -2.1807618E-02  1.2984244E-03  2.5504210E-04  1.1397130E-06
  1.3397053E-03 -2.2183754E-02  1.3227326E-03  2.6376891E-04  1.1827863E-06
  1.3646757E-03 -2.2564323E-02  1.3473866E-03  2.7275807E-04  1.2272885E-06
  1.3900014E-03 -2.2949368E-02  1.3723914E-03  2.8201694E-04  1.2732632E-06
  1.4156873E-03 -2.3338931E-02  1.3977519E-03  2.9155309E-04  1.3207554E-06
  1.4417387E-03 -2.3733054E-02  1.4234733E-03  3.0137427E-04  1.3698115E-06
  1.4681607E-03 -2.4131782E-02  1.4495605E-03  3.1148847E-04  1.4204792E-06
  1.4949586E-03 -2.4535156E-02  1.4760189E-03  3.2190387E-04  1.4728076E-06
  1.5221378E-03 -2.4943220E-02  1.5028537E-03  3.3262889E-04  1.5268472E-06
  1.5497036E-03 -2.5356016E-02  1.5300702E-03  3.4367218E-04  1.5826501E-06
  1.5776616E-03 -2.5773587E-02  1.5576740E-03  3.5504260E-04  1.6402699E-06
  1.6060173E-03 -2.6195976E-02  1.5856704E-03  3.6674927E-04  1.6997617E-06
  1.6347764E-03 -2.6623226E-02  1.6140652E-03  3.7880155E-04  1.7611824E-06
  1.6639447E-03 -2.7055380E-02  1.6428639E-03  3.9120905E-04  1.8245903E-06
  1.6935280E-03 -2.7492480E-02  1.6720723E-03  4.0398164E-04  1.8900457E-06
  1.7235321E-03 -2.7934569E-02  1.7016963E-03  4.1712945E-04  1.9576106E-06
  1.7539630E-03 -2.8381690E-02  1.7317417E-03  4.3066290E-04  2.0273486E-06
  1.7848270E-03 -2.8833885E-02  1.7622145E-03  4.4459266E-04  2.0993254E-06
  1.8161299E-03 -2.9291197E-02  1.7931209E-03  4.5892970E-04  2.1736086E-06
  1.8478783E-03 -2.9753667E-02  1.8244669E-03  4.7368530E-04  2.2502678E-06
  1.8800783E-03 -3.0221338E-02  1.8562589E-03  4.8887101E-04  2.3293746E-06
  1.9127364E-03 -3.0694251E-02  1.8885032E-03  5.0449870E-04  2.4110027E-06
  1.9458591E-03 -3.1172448E-02  1.9212063E-03  5.2058057E-04  2.4952279E-06
  1.9794530E-03 -3.1655971E-02  1.9543745E-03  5.3712913E-04  2.5821283E-06
  2.0135249E-03 -3.2144860E-02  1.9880147E-03  5.5415722E-04  2.6717844E-06
  2.0480815E-03 -3.2639157E-02  2.0221334E-03  5.7167802E-04  2.7642788E-06
  2.0831297E-03 -3.3138901E-02  2.0567375E-03  5.8970508E-04  2.8596968E-06
  2.1186766E-03 -3.3644133E-02  2.0918339E-03  6.0825228E-04  2.9581259E-06
  2.1547291E-03 -3.4154894E-02  2.1274297E-03  6.2733388E-04  3.0596565E-06
  2.1912946E-03 -3.4671221E-02  2.1635318E-03  6.4696452E-04  3.1643813E-06
  2.2283803E-03 -3.5193155E-02  2.2001475E-03  6.6715922E-04  3.2723960E-06
  2.2659935E-03 -3.5720733E-02  2.2372842E-03  6.8793340E-04  3.3837989E-06
  2.3041419E-03 -3.6253995E-02  2.2749491E-03  7.0930286E-04  3.4986914E-06
  2.3428330E-03 -3.6792977E-02  2.3131499E-03  7.3128386E-04  3.6171776E-06
  2.3820746E-03 -3.7337716E-02  2.3518942E-03  7.5389304E-04  3.7393648E-06
  2.4218744E-03 -3.7888250E-02  2.3911897E-03  7.7714751E-04  3.8653634E-06
  2.4622404E-03 -3.8444613E-02  2.4310442E-03  8.0106481E-04  3.9952870E-06
  2.5031807E-03 -3.9006841E-02  2.4714657E-03  8.2566293E-04  4.1292526E-06
  2.5447035E-03 -3.9574970E-02  2.5124623E-03  8.5096034E-04  4.2673806E-06
  2.5868170E-03 -4.0149031E-02  2.5540421E-03  8.7697599E-04  4.4097947E-06
  2.6295296E-03 -4.0729060E-02  2.5962134E-03  9.0372932E-04  4.5566226E-06
  2.6728499E-03 -4.1315087E-02  2.6389847E-03  9.3124028E-04  4.7079954E-06
  2.7167864E-03 -4.1907145E-02  2.6823644E-03  9.5952930E-04  4.8640482E-06
  2.7613481E-03 -4.2505263E-02  2.7263614E-03  9.8861739E-04  5.0249198E-06
  2.8065437E-03 -4.3109473E-02  2.7709842E-03  1.0185261E-03  5.1907535E-06
  2.8523823E-03 -4.3719801E-02  2.8162418E-03  1.0492774E-03  5.3616962E-06
  2.8988730E-03 -4.4336277E-02  2.8621433E-03  1.0808941E-03  5.5378996E-06
  2.9460251E-03 -4.4958926E-02  2.9086979E-03  1.1133993E-03  5.7195196E-06
  2.9938481E-03 -4.5587775E-02  2.9559147E-03  1.1468168E-03  5.9067165E-06
  3.0423514E-03 -4.6222847E-02  3.0038033E-03  1.1811712E-03  6.0996555E-06
  3.0915447E-03 -4.6864167E-02  3.0523731E-03  1.2164873E-03  6.2985065E-06
  3.1414379E-03 -4.7511755E-02  3.1016339E-03  1.2527911E-03  6.5034444E-06
  3.1920409E-03 -4.8165632E-02  3.1515956E-03  1.2901086E-03  6.7146491E-06
  3.2433638E-03 -4.8825819E-02  3.2022680E-03  1.3284671E-03  6.9323057E-06
  3.2954169E-03 -4.9492332E-02  3.2536613E-03  1.3678941E-03  7.1566050E-06
  3.3482105E-03 -5.0165188E-02  3.3057857E-03  1.4084181E-03  7.3877429E-06
  3.4017552E-03 -5.0844401E-02  3.3586517E-03  1.4500681E-03  7.6259213E-06
  3.4560616E-03 -5.1529986E-02  3.4122698E-03  1.4928740E-03  7.8713479E-06
  3.5111407E-03 -5.2221954E-02  3.4666506E-03  1.5368664E-03  8.1242363E-06
  3.5670033E-03 -5.2920315E-02  3.5218051E-03  1.5820766E-03  8.3848066E-06
  3.6236607E-03 -5.3625076E-02  3.5777443E-03  1.6285368E-03  8.6532850E-06
  3.6811241E-03 -5.4336244E-02  3.6344793E-03  1.6762798E-03  8.9299045E-06
  3.7394050E-03 -5.5053823E-02  3.6920214E-03  1.7253395E-03  9.2149046E-06
  3.7985151E-03 -5.5777815E-02  3.7503821E-03  1.7757503E-03  9.5085320E-06
  3.8584661E-03 -5.6508222E-02  3.8095731E-03  1.8275478E-03  9.8110404E-06
  3.9192700E-03 -5.7245040E-02  3.8696061E-03  1.8807683E-03  1.0122691E-05
  3.9809390E-03 -5.7988266E-02  3.9304932E-03  1.9354489E-03  1.0443752E-05
  4.0434852E-03 -5.8737894E-02  3.9922465E-03  1.9916278E-03  1.0774501E-05
  4.1069214E-03 -5.9493914E-02  4.0548783E-03  2.0493440E-03  1.1115222E-05
  4.1712599E-03 -6.0256315E-02  4.1184012E-03  2.1086376E-03  1.1466208E-05
  4.2365139E-03 -6.1025083E-02  4.1828277E-03  2.1695495E-03  1.1827759E-05
  4.3026961E-03 -6.1800203E-02  4.2481708E-03  2.2321217E-03  1.2200186E-05
  4.3698199E-03 -6.2581654E-02  4.3144435E-03  2.2963971E-03  1.2583808E-05
  4.4378987E-03 -6.3369415E-02  4.3816590E-03  2.3624198E-03  1.2978954E-05
  4.5069460E-03 -6.4163461E-02  4.4498307E-03  2.4302349E-03  1.3385960E-05
  4.5769755E-03 -6.4963765E-02  4.5189722E-03  2.4998886E-03  1.3805175E-05
  4.6480014E-03 -6.5770294E-02  4.5890974E-03  2.5714280E-03  1.4236956E-05
  4.7200378E-03 -6.6583016E-02  4.6602202E-03  2.6449017E-03  1.4681670E-05
  4.7930989E-03 -6.7401892E-02  4.7323548E-03  2.7203592E-03  1.5139698E-05
  4.8671995E-03 -6.8226882E-02  4.8055155E-03  2.7978511E-03  1.5611427E-05
  4.9423543E-03 -6.9057941E-02  4.8797171E-03  2.8774295E-03  1.6097259E-05
  5.0185783E-03 -6.9895023E-02  4.9549743E-03  2.9591474E-03  1.6597607E-05
  5.0958867E-03 -7.0738074E-02  5.0313021E-03  3.0430592E-03  1.7112894E-05
  5.1742950E-03 -7.1587040E-02  5.1087158E-03  3.1292207E-03  1.7643558E-05
  5.2538187E-03 -7.2441861E-02  5.1872308E-03  3.2176887E-03  1.8190048E-05
  5.3344738E-03 -7.3302473E-02  5.2668627E-03  3.3085216E-03  1.8752826E-05
  5.4162763E-03 -7.4168811E-02  5.3476275E-03  3.4017789E-03  1.9332367E-05
  5.4992426E-03 -7.5040800E-02  5.4295412E-03  3.4975217E-03  1.9929161E-05
  5.5833892E-03 -7.5918366E-02  5.5126203E-03  3.5958124E-03  2.0543713E-05
  5.6687330E-03 -7.6801427E-02  5.5968812E-03  3.6967148E-03  2.1176539E-05
  5.7552909E-03 -7.7689898E-02  5.6823408E-03  3.8002941E-03  2.1828172E-05
  5.8430803E-03 -7.8583688E-02  5.7690162E-03  3.9066173E-03  2.2499163E-05
  5.9321186E-03 -7.9482704E-02  5.8569247E-03  4.0157524E-03  2.3190074E-05
  6.0224236E-03 -8.0386843E-02  5.9460837E-03  4.1277694E-03  2.3901487E-05
  6.1140133E-03 -8.1296002E-02  6.0365111E-03  4.2427395E-03  2.4633998E-05
  6.2069061E-03 -8.2210068E-02  6.1282249E-03  4.3607358E-03  2.5388223E-05
  6.3011204E-03 -8.3128927E-02  6.2212434E-03  4.4818328E-03  2.6164795E-05
  6.3966750E-03 -8.4052456E-02  6.3155852E-03  4.6061067E-03  2.6964363E-05
  6.4935891E-03 -8.4980528E-02  6.4112690E-03  4.7336355E-03  2.7787598E-05
  6.5918820E-03 -8.5913009E-02  6.5083141E-03  4.8644987E-03  2.8635188E-05
  6.6915732E-03 -8.6849760E-02  6.6067397E-03  4.9987776E-03  2.9507842E-05
  6.7926827E-03 -8.7790635E-02  6.7065655E-03  5.1365554E-03  3.0406289E-05
  6.8952306E-03 -8.8735483E-02  6.8078114E-03  5.2779169E-03  3.1331280E-05
  6.9992375E-03 -8.9684143E-02  6.9104976E-03  5.4229489E-03  3.2283586E-05
  7.1047240E-03 -9.0636453E-02  7.0146446E-03  5.5717397E-03  3.3264003E-05
  7.2117112E-03 -9.1592238E-02  7.1202731E-03  5.7243799E-03  3.4273346E-05
  7.3202206E-03 -9.2551321E-02  7.2274043E-03  5.8809618E-03  3.5312456E-05
  7.4302736E-03 -9.3513515E-02  7.3360595E-03  6.0415796E-03  3.6382199E-05
  7.5418923E-03 -9.4478627E-02  7.4462604E-03  6.2063295E-03  3.7483465E-05
  7.6550990E-03 -9.5446455E-02  7.5580289E-03  6.3753097E-03  3.8617168E-05
  7.7699162E-03 -9.6416792E-02  7.6713874E-03  6.5486204E-03  3.9784252E-05
  7.8863669E-03 -9.7389420E-02  7.7863585E-03  6.7263639E-03  4.0985684E-05
  8.0044743E-03 -9.8364115E-02  7.9029651E-03  6.9086444E-03  4.2222463E-05
  8.1242619E-03 -9.9340645E-02  8.0212305E-03  7.0955683E-03  4.3495615E-05
  8.2457538E-03 -1.0031877E-01  8.1411783E-03  7.2872443E-03  4.4806193E-05
  8.3689740E-03 -1.0129824E-01  8.2628324E-03  7.4837830E-03  4.6155286E-05
  8.4939473E-03 -1.0227879E-01  8.3862170E-03  7.6852972E-03  4.7544008E-05
  8.6206985E-03 -1.0326016E-01  8.5113569E-03  7.8919020E-03  4.8973511E-05
  8.7492530E-03 -1.0424208E-01  8.6382768E-03  8.1037147E-03  5.0444977E-05
  8.8796363E-03 -1.0522425E-01  8.7670023E-03  8.3208548E-03  5.1959621E-05
  9.0118746E-03 -1.0620638E-01  8.8975589E-03  8.5434441E-03  5.3518696E-05
  9.1459942E-03 -1.0718818E-01  9.0299727E-03  8.7716068E-03  5.5123489E-05
  9.2820218E-03 -1.0816931E-01  9.1642700E-03  9.0054691E-03  5.6775326E-05
  9.4199847E-03 -1.0914947E-01  9.3004778E-03  9.2451600E-03  5.8475569E-05
  9.5599103E-03 -1.1012831E-01  9.4386231E-03  9.4908104E-03  6.0225619E-05
  9.7018266E-03 -1.1110550E-01  9.5787336E-03  9.7425539E-03  6.2026921E-05
  9.8457619E-03 -1.1208066E-01  9.7208370E-03  1.0000526E-02  6.3880958E-05
  9.9917449E-03 -1.1305345E-01  9.8649619E-03  1.0264866E-02  6.5789257E-05
  1.0139805E-02 -1.1402348E-01  1.0011137E-02  1.0535714E-02  6.7753389E-05
  1.0289971E-02 -1.1499037E-01  1.0159391E-02  1.0813212E-02  6.9774969E-05
  1.0442274E-02 -1.1595371E-01  1.0309755E-02  1.1097508E-02  7.1855661E-05
  1.0596743E-02 -1.1691309E-01  1.0462257E-02  1.1388748E-02  7.3997175E-05
  1.0753410E-02 -1.1786810E-01  1.0616928E-02  1.1687084E-02  7.6201271E-05
  1.0912306E-02 -1.1881830E-01  1.0773799E-02  1.1992668E-02  7.8469759E-05
  1.1073462E-02 -1.1976323E-01  1.0932902E-02  1.2305656E-02  8.0804501E-05
  1.1236911E-02 -1.2070246E-01  1.1094268E-02  1.2626206E-02  8.3207414E-05
  1.1402685E-02 -1.2163549E-01  1.1257930E-02  1.2954478E-02  8.5680469E-05
  1.1570818E-02 -1.2256186E-01  1.1423919E-02  1.3290635E-02  8.8225693E-05
  1.1741343E-02 -1.2348107E-01  1.1592270E-02  1.3634844E-02  9.0845174E-05
  1.1914293E-02 -1.2439260E-01  1.1763015E-02  1.3987271E-02  9.3541057E-05
  1.2089705E-02 -1.2529593E-01  1.1936188E-02  1.4348087E-02  9.6315550E-05
  1.2267611E-02 -1.2619054E-01  1.2111825E-02  1.4717466E-02  9.9170925E-05
  1.2448049E-02 -1.2707586E-01  1.2289960E-02  1.5095581E-02  1.0210952E-04
  1.2631054E-02 -1.2795135E-01  1.2470629E-02  1.5482613E-02  1.0513374E-04
  1.2816662E-02 -1.2881643E-01  1.2653868E-02  1.5878739E-02  1.0824605E-04
  1.3004911E-02 -1.2967050E-01  1.2839713E-02  1.6284144E-02  1.1144900E-04
  1.3195838E-02 -1.3051297E-01  1.3028202E-02  1.6699012E-02  1.1474522E-04
  1.3389482E-02 -1.3134322E-01  1.3219371E-02  1.7123530E-02  1.1813738E-04
  1.3585880E-02 -1.3216062E-01  1.3413260E-02  1.7557888E-02  1.2162827E-04
  1.3785072E-02 -1.3296453E-01  1.3609906E-02  1.8002277E-02  1.2522072E-04
  1.3987098E-02 -1.3375427E-01  1.3809349E-02  1.8456893E-02  1.2891768E-04
  1.4191999E-02 -1.3452920E-01  1.4011629E-02  1.8921930E-02  1.3272216E-04
  1.4399814E-02 -1.3528860E-01  1.4216786E-02  1.9397589E-02  1.3663726E-04
  1.4610586E-02 -1.3603179E-01  1.4424860E-02  1.9884068E-02  1.4066617E-04
  1.4824356E-02 -1.3675805E-01  1.4635895E-02  2.0381570E-02  1.4481219E-04
  1.5041168E-02 -1.3746664E-01  1.4849930E-02  2.0890301E-02  1.4907868E-04
  1.5261064E-02 -1.3815682E-01  1.5067010E-02  2.1410466E-02  1.5346911E-04
  1.5484088E-02 -1.3882783E-01  1.5287177E-02  2.1942273E-02  1.5798708E-04
  1.5710286E-02 -1.3947889E-01  1.5510476E-02  2.2485932E-02  1.6263625E-04
  1.5939701E-02 -1.4010921E-01  1.5736950E-02  2.3041655E-02  1.6742041E-04
  1.6172381E-02 -1.4071799E-01  1.5966645E-02  2.3609654E-02  1.7234344E-04
  1.6408370E-02 -1.4130442E-01  1.6199607E-02  2.4190144E-02  1.7740936E-04
  1.6647717E-02 -1.4186765E-01  1.6435882E-02  2.4783341E-02  1.8262228E-04
  1.6890469E-02 -1.4240683E-01  1.6675518E-02  2.5389462E-02  1.8798644E-04
  1.7136674E-02 -1.4292111E-01  1.6918561E-02  2.6008724E-02  1.9350620E-04
  1.7386382E-02 -1.4340961E-01  1.7165061E-02  2.6641347E-02  1.9918604E-04
  1.7639643E-02 -1.4387143E-01  1.7415066E-02  2.7287550E-02  2.0503058E-04
  1.7896507E-02 -1.4430568E-01  1.7668626E-02  2.7947555E-02  2.1104455E-04
  1.8157025E-02 -1.4471142E-01  1.7925793E-02  2.8621581E-02  2.1723285E-04
  1.8421249E-02 -1.4508773E-01  1.8186616E-02  2.9309851E-02  2.2360050E-04
  1.8689232E-02 -1.4543367E-01  1.8451149E-02  3.0012586E-02  2.3015265E-04
  1.8961028E-02 -1.4574826E-01  1.8719443E-02  3.0730008E-02  2.3689462E-04
  1.9236691E-02 -1.4603054E-01  1.8991552E-02  3.1462337E-02  2.4383189E-04
  1.9516275E-02 -1.4627952E-01  1.9267531E-02  3.2209796E-02  2.5097007E-04
  1.9799837E-02 -1.4649421E-01  1.9547434E-02  3.2972604E-02  2.5831495E-04
  2.0087433E-02 -1.4667359E-01  1.9831318E-02  3.3750981E-02  2.6587248E-04
  2.0379121E-02 -1.4681664E-01  2.0119238E-02  3.4545146E-02  2.7364879E-04
  2.0674958E-02 -1.4692232E-01  2.0411252E-02  3.5355316E-02  2.8165016E-04
  2.0975004E-02 -1.4698959E-01  2.0707418E-02  3.6181707E-02  2.8988308E-04
  2.1279319E-02 -1.4701740E-01  2.1007795E-02  3.7024533E-02  2.9835422E-04
  2.1587963E-02 -1.4700468E-01  2.1312443E-02  3.7884005E-02  3.0707042E-04
  2.1900998E-02 -1.4695035E-01  2.1621423E-02  3.8760334E-02  3.1603874E-04
  2.2218486E-02 -1.4685333E-01  2.1934795E-02  3.9653726E-02  3.2526643E-04
  2.2540491E-02 -1.4671253E-01  2.2252624E-02  4.0564386E-02  3.3476096E-04
  2.2867078E-02 -1.4652684E-01  2.2574971E-02  4.1492513E-02  3.4453000E-04
  2.3198310E-02 -1.4629515E-01  2.2901901E-02  4.2438305E-02  3.5458145E-04
  2.3534255E-02 -1.4601636E-01  2.3233478E-02  4.3401954E-02  3.6492343E-04
  2.3874979E-02 -1.4568935E-01  2.3569770E-02  4.4383651E-02  3.7556430E-04
  2.4220551E-02 -1.4531297E-01  2.3910843E-02  4.5383577E-02  3.8651265E-04
  2.4571039E-02 -1.4488612E-01  2.4256764E-02  4.6401913E-02  3.9777732E-04
  2.4926513E-02 -1.4440765E-01  2.4607603E-02  4.7438830E-02  4.0936741E-04
  2.5287044E-02 -1.4387643E-01  2.4963430E-02  4.8494498E-02  4.2129228E-04
  2.5652705E-02 -1.4329131E-01  2.5324314E-02  4.9569075E-02  4.3356155E-04
  2.6023567E-02 -1.4265118E-01  2.5690329E-02  5.0662716E-02  4.4618512E-04
  2.6399706E-02 -1.4195488E-01  2.6061546E-02  5.1775569E-02  4.5917316E-04
  2.6781196E-02 -1.4120128E-01  2.6438040E-02  5.2907770E-02  4.7253617E-04
  2.7168113E-02 -1.4038925E-01  2.6819885E-02  5.4059451E-02  4.8628491E-04
  2.7560535E-02 -1.3951766E-01  2.7207157E-02  5.5230733E-02  5.0043047E-04
  2.7958540E-02 -1.3858539E-01  2.7599934E-02  5.6421729E-02  5.1498425E-04
  2.8362207E-02 -1.3759132E-01  2.7998293E-02  5.7632539E-02  5.2995797E-04
  2.8771616E-02 -1.3653434E-01  2.8402314E-02  5.8863257E-02  5.4536371E-04
  2.9186851E-02 -1.3541336E-01  2.8812077E-02  6.0113961E-02  5.6121387E-04
  2.9607992E-02 -1.3422727E-01  2.9227663E-02  6.1384721E-02  5.7752122E-04
  3.0035125E-02 -1.3297501E-01  2.9649155E-02  6.2675592E-02  5.9429888E-04
  3.0468335E-02 -1.3165552E-01  3.0076636E-02  6.3986619E-02  6.1156037E-04
  3.0907708E-02 -1.3026774E-01  3.0510192E-02  6.5317830E-02  6.2931958E-04
  3.1353331E-02 -1.2881065E-01  3.0949909E-02  6.6669241E-02  6.4759080E-04
  3.1805295E-02 -1.2728323E-01  3.1395874E-02  6.8040851E-02  6.6638872E-04
  3.2263688E-02 -1.2568449E-01  3.1848175E-02  6.9432645E-02  6.8572848E-04
  3.2728603E-02 -1.2401346E-01  3.2306903E-02  7.0844591E-02  7.0562562E-04
  3.3200132E-02 -1.2226921E-01  3.2772148E-02  7.2276639E-02  7.2609614E-04
  3.3678369E-02 -1.2045081E-01  3.3244003E-02  7.3728722E-02  7.4715649E-04
  3.4163410E-02 -1.1855737E-01  3.3722561E-02  7.5200753E-02  7.6882362E-04
  3.4655351E-02 -1.1658803E-01  3.4207918E-02  7.6692625E-02  7.9111492E-04
  3.5154291E-02 -1.1454198E-01  3.4700169E-02  7.8204214E-02  8.1404830E-04
  3.5660329E-02 -1.1241841E-01  3.5199412E-02  7.9735370E-02  8.3764219E-04
  3.6173567E-02 -1.1021657E-01  3.5705747E-02  8.1285925E-02  8.6191553E-04
  3.6694106E-02 -1.0793576E-01  3.6219273E-02  8.2855685E-02  8.8688782E-04
  3.7222050E-02 -1.0557529E-01  3.6740093E-02  8.4444433E-02  9.1257909E-04
  3.7757506E-02 -1.0313454E-01  3.7268309E-02  8.6051927E-02  9.3900998E-04
  3.8300579E-02 -1.0061293E-01  3.7804027E-02  8.7677902E-02  9.6620168E-04
  3.8851379E-02 -9.8009926E-02  3.8347353E-02  8.9322062E-02  9.9417601E-04
  3.9410014E-02 -9.5325050E-02  3.8898393E-02  9.0984086E-02  1.0229554E-03
  3.9976597E-02 -9.2557877E-02  3.9457258E-02  9.2663625E-02  1.0525630E-03
  4.0551240E-02 -8.9708041E-02  4.0024057E-02  9.4360299E-02  1.0830224E-03
  4.1134059E-02 -8.6775234E-02  4.0598904E-02  9.6073698E-02  1.1143582E-03
  4.1725169E-02 -8.3759212E-02  4.1181911E-02  9.7803381E-02  1.1465953E-03
  4.2324689E-02 -8.0659798E-02  4.1773195E-02  9.9548875E-02  1.1797598E-03
  4.2932738E-02 -7.7476883E-02  4.2372872E-02  1.0130967E-01  1.2138780E-03
  4.3549437E-02 -7.4210431E-02  4.2981061E-02  1.0308523E-01  1.2489774E-03
  4.4174910E-02 -7.0860478E-02  4.3597881E-02  1.0487498E-01  1.2850860E-03
  4.4809281E-02 -6.7427140E-02  4.4223456E-02  1.0667829E-01  1.3222327E-03
  4.5452678E-02 -6.3910614E-02  4.4857908E-02  1.0849453E-01  1.3604474E-03
  4.6105227E-02 -6.0311181E-02  4.5501363E-02  1.1032301E-01  1.3997605E-03
  4.6767061E-02 -5.6629208E-02  4.6153947E-02  1.1216298E-01  1.4402035E-03
  4.7438309E-02 -5.2865154E-02  4.6815791E-02  1.1401370E-01  1.4818088E-03
  4.8119108E-02 -4.9019569E-02  4.7487024E-02  1.1587434E-01  1.5246097E-03
  4.8809592E-02 -4.5093101E-02  4.8167778E-02  1.1774405E-01  1.5686402E-03
  4.9509899E-02 -4.1086497E-02  4.8858189E-02  1.1962195E-01  1.6139357E-03
  5.0220169E-02 -3.7000609E-02  4.9558392E-02  1.2150708E-01  1.6605324E-03
  5.0940544E-02 -3.2836392E-02  5.0268525E-02  1.2339847E-01  1.7084674E-03
  5.1671168E-02 -2.8594911E-02  5.0988729E-02  1.2529508E-01  1.7577791E-03
  5.2412186E-02 -2.4277345E-02  5.1719144E-02  1.2719583E-01  1.8085068E-03
  5.3163746E-02 -1.9884987E-02  5.2459915E-02  1.2909961E-01  1.8606910E-03
  5.3925998E-02 -1.5419247E-02  5.3211187E-02  1.3100523E-01  1.9143733E-03
  5.4699095E-02 -1.0881659E-02  5.3973109E-02  1.3291146E-01  1.9695967E-03
  5.5483190E-02 -6.2738808E-03  5.4745830E-02  1.3481705E-01  2.0264051E-03
  5.6278440E-02 -1.5976960E-03  5.5529502E-02  1.3672065E-01  2.0848439E-03
  5.7085004E-02  3.1449799E-03  5.6324279E-02  1.3862090E-01  2.1449596E-03
  5.7903042E-02  7.9520991E-03  5.7130317E-02  1.4051636E-01  2.2068001E-03
  5.8732719E-02  1.2821478E-02  5.7947774E-02  1.4240555E-01  2.2704148E-03
  5.9574199E-02  1.7750794E-02  5.8776811E-02  1.4428693E-01  2.3358543E-03
  6.0427650E-02  2.2737584E-02  5.9617590E-02  1.4615891E-01  2.4031707E-03
  6.1293243E-02  2.7779242E-02  6.0470277E-02  1.4801984E-01  2.4724176E-03
  6.2171151E-02  3.2873016E-02  6.1335037E-02  1.4986803E-01  2.5436501E-03
  6.3061548E-02  3.8016005E-02  6.2212040E-02  1.5170171E-01  2.6169249E-03
  6.3964613E-02  4.3205159E-02  6.3101459E-02  1.5351907E-01  2.6923003E-03
  6.4880525E-02  4.8437276E-02  6.4003466E-02  1.5531824E-01  2.7698361E-03
  6.5809467E-02  5.3708999E-02  6.4918239E-02  1.5709730E-01  2.8495941E-03
  6.6751626E-02  5.9016817E-02  6.5845955E-02  1.5885425E-01  2.9316376E-03
  6.7707188E-02  6.4357061E-02  6.6786797E-02  1.6058706E-01  3.0160318E-03
  6.8676344E-02  6.9725903E-02  6.7740947E-02  1.6229363E-01  3.1028437E-03
  6.9659289E-02  7.5119357E-02  6.8708591E-02  1.6397181E-01  3.1921422E-03
  7.0656217E-02  8.0533276E-02  6.9689919E-02  1.6561937E-01  3.2839981E-03
  7.1667328E-02  8.5963349E-02  7.0685121E-02  1.6723405E-01  3.3784843E-03
  7.2692824E-02  9.1405108E-02  7.1694390E-02  1.6881353E-01  3.4756758E-03
  7.3732909E-02  9.6853919E-02  7.2717923E-02  1.7035543E-01  3.5756495E-03
  7.4787792E-02  1.0230499E-01  7.3755919E-02  1.7185730E-01  3.6784847E-03
  7.5857681E-02  1.0775336E-01  7.4808579E-02  1.7331665E-01  3.7842628E-03
  7.6942792E-02  1.1319391E-01  7.5876108E-02  1.7473095E-01  3.8930676E-03
  7.8043340E-02  1.1862136E-01  7.6958712E-02  1.7609758E-01  4.0049851E-03
  7.9159545E-02  1.2403028E-01  7.8056600E-02  1.7741390E-01  4.1201038E-03
  8.0291630E-02  1.2941507E-01  7.9169986E-02  1.7867722E-01  4.2385149E-03
  8.1439821E-02  1.3476998E-01  8.0299084E-02  1.7988477E-01  4.3603118E-03
  8.2604347E-02  1.4008910E-01  8.1444113E-02  1.8103377E-01  4.4855908E-03
  8.3785440E-02  1.4536637E-01  8.2605293E-02  1.8212137E-01  4.6144508E-03
  8.4983336E-02  1.5059560E-01  8.3782848E-02  1.8314469E-01  4.7469935E-03
  8.6198274E-02  1.5577043E-01  8.4977004E-02  1.8410080E-01  4.8833234E-03
  8.7430496E-02  1.6088437E-01  8.6187992E-02  1.8498673E-01  5.0235479E-03
  8.8680249E-02  1.6593080E-01  8.7416044E-02  1.8579950E-01  5.1677777E-03
  8.9947781E-02  1.7090296E-01  8.8661396E-02  1.8653606E-01  5.3161262E-03
  9.1233347E-02  1.7579397E-01  8.9924286E-02  1.8719335E-01  5.4687103E-03
  9.2537201E-02  1.8059682E-01  9.1204955E-02  1.8776828E-01  5.6256499E-03
  9.3859605E-02  1.8530440E-01  9.2503650E-02  1.8825774E-01  5.7870685E-03
  9.5200823E-02  1.8990949E-01  9.3820618E-02  1.8865860E-01  5.9530929E-03
  9.6561121E-02  1.9440476E-01  9.5156109E-02  1.8896770E-01  6.1238534E-03
  9.7940772E-02  1.9878279E-01  9.6510379E-02  1.8918189E-01  6.2994842E-03
  9.9340051E-02  2.0303609E-01  9.7883685E-02  1.8929801E-01  6.4801228E-03
  1.0075924E-01  2.0715709E-01  9.9276287E-02  1.8931286E-01  6.6659110E-03
  1.0219861E-01  2.1113813E-01  1.0068845E-01  1.8922330E-01  6.8569942E-03
  1.0365847E-01  2.1497154E-01  1.0212044E-01  1.8902616E-01  7.0535220E-03
  1.0513909E-01  2.1864957E-01  1.0357253E-01  1.8871827E-01  7.2556481E-03
  1.0664077E-01  2.2216443E-01  1.0504500E-01  1.8829652E-01  7.4635305E-03
  1.0816383E-01  2.2550835E-01  1.0653811E-01  1.8775778E-01  7.6773316E-03
  1.0970854E-01  2.2867350E-01  1.0805215E-01  1.8709897E-01  7.8972182E-03
  1.1127524E-01  2.3165209E-01  1.0958741E-01  1.8631703E-01  8.1233618E-03
  1.1286422E-01  2.3443631E-01  1.1114418E-01  1.8540896E-01  8.3559386E-03
  1.1447581E-01  2.3701840E-01  1.1272274E-01  1.8437179E-01  8.5951296E-03
  1.1611033E-01  2.3939064E-01  1.1432338E-01  1.8320260E-01  8.8411210E-03
  1.1776810E-01  2.4154536E-01  1.1594642E-01  1.8189853E-01  9.0941040E-03
  1.1944945E-01  2.4347497E-01  1.1759214E-01  1.8045680E-01  9.3542749E-03
  1.2115473E-01  2.4517195E-01  1.1926086E-01  1.7887468E-01  9.6218356E-03
  1.2288426E-01  2.4662890E-01  1.2095289E-01  1.7714954E-01  9.8969935E-03
  1.2463840E-01  2.4783853E-01  1.2266853E-01  1.7527883E-01  1.0179962E-02
  1.2641750E-01  2.4879369E-01  1.2440810E-01  1.7326008E-01  1.0470959E-02
  1.2822191E-01  2.4948738E-01  1.2617192E-01  1.7109094E-01  1.0770210E-02
  1.3005198E-01  2.4991277E-01  1.2796032E-01  1.6876917E-01  1.1077947E-02
  1.3190810E-01  2.5006321E-01  1.2977363E-01  1.6629263E-01  1.1394405E-02
  1.3379062E-01  2.4993227E-01  1.3161217E-01  1.6365932E-01  1.1719830E-02
  1.3569992E-01  2.4951375E-01  1.3347627E-01  1.6086738E-01  1.2054471E-02
  1.3763638E-01  2.4880166E-01  1.3536629E-01  1.5791506E-01  1.2398586E-02
  1.3960040E-01  2.4779031E-01  1.3728255E-01  1.5480080E-01  1.2752438E-02
  1.4159235E-01  2.4647427E-01  1.3922541E-01  1.5152317E-01  1.3116299E-02
  1.4361265E-01  2.4484842E-01  1.4119521E-01  1.4808092E-01  1.3490448E-02
  1.4566168E-01  2.4290796E-01  1.4319230E-01  1.4447297E-01  1.3875170E-02
  1.4773987E-01  2.4064842E-01  1.4521706E-01  1.4069842E-01  1.4270760E-02
  1.4984762E-01  2.3806571E-01  1.4726982E-01  1.3675657E-01  1.4677518E-02
  1.5198536E-01  2.3515611E-01  1.4935097E-01  1.3264691E-01  1.5095755E-02
  1.5415351E-01  2.3191629E-01  1.5146086E-01  1.2836916E-01  1.5525788E-02
  1.5635251E-01  2.2834334E-01  1.5359986E-01  1.2392322E-01  1.5967944E-02
  1.5858279E-01  2.2443480E-01  1.5576837E-01  1.1930925E-01  1.6422558E-02
  1.6084480E-01  2.2018868E-01  1.5796674E-01  1.1452762E-01  1.6889974E-02
  1.6313899E-01  2.1560342E-01  1.6019537E-01  1.0957896E-01  1.7370545E-02
  1.6546582E-01  2.1067800E-01  1.6245464E-01  1.0446413E-01  1.7864633E-02
  1.6782575E-01  2.0541190E-01  1.6474494E-01  9.9184268E-02  1.8372610E-02
  1.7021926E-01  1.9980512E-01  1.6706666E-01  9.3740751E-02  1.8894859E-02
  1.7264682E-01  1.9385823E-01  1.6942020E-01  8.8135242E-02  1.9431769E-02
  1.7510891E-01  1.8757233E-01  1.7180597E-01  8.2369680E-02  1.9983745E-02
  1.7760604E-01  1.8094915E-01  1.7422435E-01  7.6446288E-02  2.0551197E-02
  1.8013868E-01  1.7399098E-01  1.7667577E-01  7.0367577E-02  2.1134548E-02
  1.8270736E-01  1.6670073E-01  1.7916063E-01  6.4136356E-02  2.1734234E-02
  1.8531258E-01  1.5908194E-01  1.8167935E-01  5.7755738E-02  2.2350698E-02
  1.8795487E-01  1.5113879E-01  1.8423233E-01  5.1229141E-02  2.2984397E-02
  1.9063475E-01  1.4287610E-01  1.8682001E-01  4.4560292E-02  2.3635800E-02
  1.9335275E-01  1.3429936E-01  1.8944280E-01  3.7753239E-02  2.4305387E-02
  1.9610942E-01  1.2541472E-01  1.9210113E-01  3.0812346E-02  2.4993650E-02
  1.9890531E-01  1.1622903E-01  1.9479542E-01  2.3742299E-02  2.5701094E-02
  2.0174097E-01  1.0674980E-01  1.9752612E-01  1.6548109E-02  2.6428236E-02
  2.0461698E-01  9.6985249E-02  2.0029365E-01  9.2351154E-03  2.7175607E-02
  2.0753390E-01  8.6944281E-02  2.0309845E-01  1.8089829E-03  2.7943750E-02
  2.1049232E-01  7.6636507E-02  2.0594096E-01 -5.7242945E-03  2.8733224E-02
  2.1349283E-01  6.6072234E-02  2.0882161E-01 -1.3358395E-02  2.9544598E-02
  2.1653602E-01  5.5262470E-02  2.1174086E-01 -2.1086670E-02  3.0378459E-02
  2.1962252E-01  4.4218920E-02  2.1469915E-01 -2.8902145E-02  3.1235405E-02
  2.2275292E-01  3.2953984E-02  2.1769693E-01 -3.6797523E-02  3.2116050E-02
  2.2592785E-01  2.1480750E-02  2.2073463E-01 -4.4765188E-02  3.3021024E-02
  2.2914796E-01  9.8129869E-03  2.2381273E-01 -5.2797208E-02  3.3950970E-02
  2.3241387E-01 -2.0348653E-03  2.2693165E-01 -6.0885341E-02  3.4906548E-02
  2.3572625E-01 -1.4047706E-02  2.3009187E-01 -6.9021040E-02  3.5888433E-02
  2.3908575E-01 -2.6209787E-02  2.3329382E-01 -7.7195462E-02  3.6897317E-02
  2.4249305E-01 -3.8504728E-02  2.3653798E-01 -8.5399472E-02  3.7933906E-02
  2.4594882E-01 -5.0915536E-02  2.3982478E-01 -9.3623655E-02  3.8998924E-02
  2.4945376E-01 -6.3424622E-02  2.4315468E-01 -1.0185832E-01  4.0093112E-02
  2.5300856E-01 -7.6013822E-02  2.4652815E-01 -1.1009353E-01  4.1217228E-02
  2.5661393E-01 -8.8664422E-02  2.4994562E-01 -1.1831907E-01  4.2372046E-02
  2.6027059E-01 -1.0135718E-01  2.5340756E-01 -1.2652451E-01  4.3558359E-02
  2.6397928E-01 -1.1407236E-01  2.5691442E-01 -1.3469918E-01  4.4776977E-02
  2.6774073E-01 -1.2678974E-01  2.6046665E-01 -1.4283219E-01  4.6028727E-02
  2.7155569E-01 -1.3948867E-01  2.6406469E-01 -1.5091247E-01  4.7314457E-02
  2.7542492E-01 -1.5214809E-01  2.6770899E-01 -1.5892874E-01  4.8635031E-02
  2.7934920E-01 -1.6474653E-01  2.7140001E-01 -1.6686954E-01  4.9991333E-02
  2.8332931E-01 -1.7726220E-01  2.7513817E-01 -1.7472327E-01  5.1384263E-02
  2.8736605E-01 -1.8967297E-01  2.7892392E-01 -1.8247815E-01  5.2814745E-02
  2.9146021E-01 -2.0195646E-01  2.8275768E-01 -1.9012230E-01  5.4283717E-02
  2.9561262E-01 -2.1408999E-01  2.8663990E-01 -1.9764368E-01  5.5792140E-02
  2.9982411E-01 -2.2605071E-01  2.9057098E-01 -2.0503016E-01  5.7340992E-02
  3.0409550E-01 -2.3781557E-01  2.9455136E-01 -2.1226952E-01  5.8931273E-02
  3.0842767E-01 -2.4936140E-01  2.9858145E-01 -2.1934946E-01  6.0564000E-02
  3.1282147E-01 -2.6066493E-01  3.0266164E-01 -2.2625763E-01  6.2240212E-02
  3.1727778E-01 -2.7170285E-01  3.0679234E-01 -2.3298165E-01  6.3960966E-02
  3.2179749E-01 -2.8245185E-01  3.1097395E-01 -2.3950913E-01  6.5727340E-02
  3.2638149E-01 -2.9288867E-01  3.1520683E-01 -2.4582767E-01  6.7540432E-02
  3.3103072E-01 -3.0299017E-01  3.1949137E-01 -2.5192496E-01  6.9401359E-02
  3.3574608E-01 -3.1273338E-01  3.2382793E-01 -2.5778874E-01  7.1311258E-02
  3.4052853E-01 -3.2209556E-01  3.2821685E-01 -2.6340684E-01  7.3271285E-02
  3.4537901E-01 -3.3105424E-01  3.3265848E-01 -2.6876725E-01  7.5282616E-02
  3.5029851E-01 -3.3958733E-01  3.3715315E-01 -2.7385812E-01  7.7346447E-02
  3.5528799E-01 -3.4767312E-01  3.4170116E-01 -2.7866776E-01  7.9463993E-02
  3.6034845E-01 -3.5529036E-01  3.4630282E-01 -2.8318474E-01  8.1636486E-02
  3.6548091E-01 -3.6241834E-01  3.5095841E-01 -2.8739784E-01  8.3865179E-02
  3.7068638E-01 -3.6903689E-01  3.5566819E-01 -2.9129616E-01  8.6151341E-02
  3.7596592E-01 -3.7512650E-01  3.6043241E-01 -2.9486904E-01  8.8496260E-02
  3.8132056E-01 -3.8066833E-01  3.6525130E-01 -2.9810618E-01  9.0901242E-02
  3.8675138E-01 -3.8564424E-01  3.7012507E-01 -3.0099762E-01  9.3367608E-02
  3.9225946E-01 -3.9003692E-01  3.7505390E-01 -3.0353375E-01  9.5896696E-02
  3.9784590E-01 -3.9382983E-01  3.8003796E-01 -3.0570538E-01  9.8489860E-02
  4.0351182E-01 -3.9700736E-01  3.8507739E-01 -3.0750372E-01  1.0114847E-01
  4.0925835E-01 -3.9955477E-01  3.9017230E-01 -3.0892041E-01  1.0387390E-01
  4.1508663E-01 -4.0145832E-01  3.9532277E-01 -3.0994756E-01  1.0666756E-01
  4.2099783E-01 -4.0270526E-01  4.0052887E-01 -3.1057775E-01  1.0953084E-01
  4.2699312E-01 -4.0328387E-01  4.0579061E-01 -3.1080407E-01  1.1246517E-01
  4.3307371E-01 -4.0318355E-01  4.1110799E-01 -3.1062011E-01  1.1547198E-01
  4.3924080E-01 -4.0239478E-01  4.1648097E-01 -3.1001999E-01  1.1855269E-01
  4.4549563E-01 -4.0090921E-01  4.2190947E-01 -3.0899841E-01  1.2170876E-01
  4.5183945E-01 -3.9871965E-01  4.2739338E-01 -3.0755061E-01  1.2494164E-01
  4.5827352E-01 -3.9582015E-01  4.3293253E-01 -3.0567240E-01  1.2825277E-01
  4.6479912E-01 -3.9220595E-01  4.3852673E-01 -3.0336021E-01  1.3164361E-01
  4.7141756E-01 -3.8787355E-01  4.4417573E-01 -3.0061104E-01  1.3511563E-01
  4.7813015E-01 -3.8282072E-01  4.4987924E-01 -2.9742252E-01  1.3867027E-01
  4.8493825E-01 -3.7704651E-01  4.5563692E-01 -2.9379290E-01  1.4230898E-01
  4.9184320E-01 -3.7055126E-01  4.6144838E-01 -2.8972103E-01  1.4603321E-01
  4.9884639E-01 -3.6333658E-01  4.6731316E-01 -2.8520642E-01  1.4984439E-01
  5.0594920E-01 -3.5540542E-01  4.7323076E-01 -2.8024919E-01  1.5374396E-01
  5.1315307E-01 -3.4676200E-01  4.7920061E-01 -2.7485011E-01  1.5773332E-01
  5.2045942E-01 -3.3741185E-01  4.8522208E-01 -2.6901058E-01  1.6181386E-01
  5.2786972E-01 -3.2736179E-01  4.9129447E-01 -2.6273263E-01  1.6598696E-01
  5.3538544E-01 -3.1661991E-01  4.9741702E-01 -2.5601893E-01  1.7025398E-01
  5.4300809E-01 -3.0519560E-01  5.0358887E-01 -2.4887279E-01  1.7461623E-01
  5.5073918E-01 -2.9309949E-01  5.0980911E-01 -2.4129812E-01  1.7907501E-01
  5.5858026E-01 -2.8034344E-01  5.1607675E-01 -2.3329948E-01  1.8363159E-01
  5.6653289E-01 -2.6694055E-01  5.2239069E-01 -2.2488202E-01  1.8828717E-01
  5.7459865E-01 -2.5290511E-01  5.2874977E-01 -2.1605152E-01  1.9304295E-01
  5.8277917E-01 -2.3825258E-01  5.3515271E-01 -2.0681435E-01  1.9790004E-01
  5.9107607E-01 -2.2299957E-01  5.4159817E-01 -1.9717747E-01  2.0285954E-01
  5.9949100E-01 -2.0716381E-01  5.4808467E-01 -1.8714841E-01  2.0792245E-01
  6.0802566E-01 -1.9076411E-01  5.5461066E-01 -1.7673528E-01  2.1308975E-01
  6.1668173E-01 -1.7382032E-01  5.6117446E-01 -1.6594676E-01  2.1836231E-01
  6.2546095E-01 -1.5635333E-01  5.6777427E-01 -1.5479205E-01  2.2374096E-01
  6.3436506E-01 -1.3838497E-01  5.7440819E-01 -1.4328089E-01  2.2922644E-01
  6.4339585E-01 -1.1993804E-01  5.8107419E-01 -1.3142355E-01  2.3481938E-01
  6.5255512E-01 -1.0103622E-01  5.8777010E-01 -1.1923077E-01  2.4052036E-01
  6.6184470E-01 -8.1704028E-02  5.9449364E-01 -1.0671381E-01  2.4632983E-01
  6.7126644E-01 -6.1966804E-02  6.0124236E-01 -9.3884391E-02  2.5224813E-01
  6.8082221E-01 -4.1850639E-02  6.0801369E-01 -8.0754672E-02  2.5827551E-01
  6.9051393E-01 -2.1382333E-02  6.1480490E-01 -6.7337260E-02  2.6441208E-01
  7.0034353E-01 -5.8934632E-04  6.2161311E-01 -5.3645178E-02  2.7065783E-01
  7.1031298E-01  2.0500256E-02  6.2843526E-01 -3.9691845E-02  2.7701260E-01
  7.2042425E-01  4.1857854E-02  6.3526816E-01 -2.5491057E-02  2.8347610E-01
  7.3067938E-01  6.3454325E-02  6.4210841E-01 -1.1056970E-02  2.9004787E-01
  7.4108040E-01  8.5260104E-02  6.4895245E-01  3.5959241E-03  2.9672729E-01
  7.5162939E-01  1.0724524E-01  6.5579654E-01  1.8452818E-02  3.0351357E-01
  7.6232846E-01  1.2937944E-01  6.6263673E-01  3.3498612E-02  3.1040575E-01
  7.7317974E-01  1.5163215E-01  6.6946889E-01  4.8717934E-02  3.1740266E-01
  7.8418540E-01  1.7397259E-01  6.7628869E-01  6.4095164E-02  3.2450293E-01
  7.9534763E-01  1.9636983E-01  6.8309159E-01  7.9614459E-02  3.3170499E-01
  8.0666867E-01  2.1879285E-01  6.8987282E-01  9.5259775E-02  3.3900703E-01
  8.1815076E-01  2.4121059E-01  6.9662742E-01  1.1101489E-01  3.4640704E-01
  8.2979620E-01  2.6359200E-01  7.0335019E-01  1.2686344E-01  3.5390274E-01
  8.4160732E-01  2.8590613E-01  7.1003569E-01  1.4278891E-01  3.6149161E-01
  8.5358648E-01  3.0812218E-01  7.1667827E-01  1.5877472E-01  3.6917086E-01
  8.6573605E-01  3.3020952E-01  7.2327203E-01  1.7480417E-01  3.7693743E-01
  8.7805847E-01  3.5213782E-01  7.2981083E-01  1.9086056E-01  3.8478799E-01
  8.9055620E-01  3.7387705E-01  7.3628828E-01  2.0692710E-01  3.9271889E-01
  9.0323174E-01  3.9539756E-01  7.4269773E-01  2.2298706E-01  4.0072620E-01
  9.1608760E-01  4.1667013E-01  7.4903230E-01  2.3902370E-01  4.0880567E-01
  9.2912635E-01  4.3766606E-01  7.5528483E-01  2.5502034E-01  4.1695271E-01
  9.4235061E-01  4.5835715E-01  7.6144793E-01  2.7096038E-01  4.2516242E-01
  9.5576300E-01  4.7871586E-01  7.6751393E-01  2.8682730E-01  4.3342954E-01
  9.6936620E-01  4.9871525E-01  7.7347491E-01  3.0260475E-01  4.4174846E-01
  9.8316293E-01  5.1832914E-01  7.7932269E-01  3.1827648E-01  4.5011321E-01
  9.9715595E-01  5.3753207E-01  7.8504883E-01  3.3382648E-01  4.5851745E-01
  1.0113480E+00  5.5629943E-01  7.9064465E-01  3.4923890E-01  4.6695447E-01
  1.0257420E+00  5.7460746E-01  7.9610122E-01  3.6449814E-01  4.7541716E-01
  1.0403408E+00  5.9243329E-01  8.0140934E-01  3.7958886E-01  4.8389803E-01
  1.0551473E+00  6.0975505E-01  8.0655960E-01  3.9449601E-01  4.9238919E-01
  1.0701644E+00  6.2655182E-01  8.1154235E-01  4.0920483E-01  5.0088236E-01
  1.0853951E+00  6.4280374E-01  8.1634773E-01  4.2370089E-01  5.0936883E-01
  1.1008425E+00  6.5849198E-01  8.2096564E-01  4.3797013E-01  5.1783950E-01
  1.1165097E+00  6.7359883E-01  8.2538581E-01  4.5199880E-01  5.2628486E-01
  1.1323998E+00  6.8810763E-01  8.2959779E-01  4.6577355E-01  5.3469499E-01
  1.1485160E+00  7.0200284E-01  8.3359094E-01  4.7928138E-01  5.4305957E-01
  1.1648614E+00  7.1527001E-01  8.3735450E-01  4.9250967E-01  5.5136786E-01
  1.1814394E+00  7.2789576E-01  8.4087756E-01  5.0544613E-01  5.5960874E-01
  1.1982532E+00  7.3986775E-01  8.4414911E-01  5.1807883E-01  5.6777070E-01
  1.2153062E+00  7.5117470E-01  8.4715807E-01  5.3039616E-01  5.7584184E-01
  1.2326019E+00  7.6180630E-01  8.4989330E-01  5.4238679E-01  5.8380992E-01
  1.2501436E+00  7.7175323E-01  8.5234362E-01  5.5403971E-01  5.9166231E-01
  1.2679348E+00  7.8100712E-01  8.5449790E-01  5.6534417E-01  5.9938611E-01
  1.2859792E+00  7.8956055E-01  8.5634499E-01  5.7628969E-01  6.0696807E-01
  1.3042802E+00  7.9740702E-01  8.5787387E-01  5.8686607E-01  6.1439468E-01
  1.3228417E+00  8.0454102E-01  8.5907359E-01  5.9706338E-01  6.2165220E-01
  1.3416672E+00  8.1095798E-01  8.5993338E-01  6.0687200E-01  6.2872668E-01
  1.3607605E+00  8.1665435E-01  8.6044266E-01  6.1628266E-01  6.3560400E-01
  1.3801254E+00  8.2162762E-01  8.6059107E-01  6.2528643E-01  6.4226993E-01
  1.3997659E+00  8.2587634E-01  8.6036855E-01  6.3387480E-01  6.4871019E-01
  1.4196858E+00  8.2940022E-01  8.5976535E-01  6.4203972E-01  6.5491050E-01
  1.4398890E+00  8.3220007E-01  8.5877209E-01  6.4977361E-01  6.6085664E-01
  1.4603797E+00  8.3427791E-01  8.5737983E-01  6.5706942E-01  6.6653452E-01
  1.4811619E+00  8.3563697E-01  8.5558008E-01  6.6392068E-01  6.7193025E-01
  1.5022398E+00  8.3628168E-01  8.5336486E-01  6.7032150E-01  6.7703024E-01
  1.5236175E+00  8.3621769E-01  8.5072678E-01  6.7626662E-01  6.8182124E-01
  1.5452994E+00  8.3545190E-01  8.4765901E-01  6.8175140E-01  6.8629044E-01
  1.5672897E+00  8.3399238E-01  8.4415543E-01  6.8677190E-01  6.9042551E-01
  1.5895929E+00  8.3184843E-01  8.4021058E-01  6.9132481E-01  6.9421470E-01
  1.6122134E+00  8.2903052E-01  8.3581978E-01  6.9540754E-01  6.9764683E-01
  1.6351556E+00  8.2555026E-01  8.3097912E-01  6.9901817E-01  7.0071140E-01
  1.6584243E+00  8.2142036E-01  8.2568555E-01  7.0215549E-01  7.0339851E-01
  1.6820240E+00  8.1665465E-01  8.1993689E-01  7.0481898E-01  7.0569890E-01
  1.7059595E+00  8.1126796E-01  8.1373189E-01  7.0700882E-01  7.0760390E-01
  1.7302355E+00  8.0527614E-01  8.0707029E-01  7.0872587E-01  7.0910533E-01
  1.7548568E+00  7.9869599E-01  7.9995288E-01  7.0997171E-01  7.1019549E-01
  1.7798284E+00  7.9154521E-01  7.9238151E-01  7.1074858E-01  7.1086701E-01
  1.8051553E+00  7.8384234E-01  7.8435921E-01  7.1105939E-01  7.1111286E-01
  1.8308425E+00  7.7560674E-01  7.7589024E-01  7.1090774E-01  7.1092647E-01
  1.8568951E+00  7.6685850E-01  7.6698018E-01  7.1029786E-01  7.1030197E-01
  1.8833184E+00  7.5761839E-01  7.5763602E-01  7.0923463E-01  7.0923491E-01
  1.9101176E+00  7.4790782E-01  7.4786627E-01  7.0772355E-01  7.0772355E-01
  1.9372981E+00  7.3774877E-01  7.3768111E-01  7.0577073E-01  7.0577073E-01
  1.9648652E+00  7.2716369E-01  7.2709250E-01  7.0338288E-01  7.0338288E-01
  1.9928246E+00  7.1617553E-01  7.1611429E-01  7.0056726E-01  7.0056726E-01
  2.0211817E+00  7.0480757E-01  7.0476242E-01  6.9733169E-01  6.9733169E-01
  2.0499422E+00  6.9308344E-01  6.9305497E-01  6.9368453E-01  6.9368453E-01
  2.0791119E+00  6.8102702E-01  6.8101220E-01  6.8963464E-01  6.8963464E-01
  2.1086966E+00  6.6866237E-01  6.6865654E-01  6.8519135E-01  6.8519135E-01
  2.1387021E+00  6.5601369E-01  6.5601228E-01  6.8036447E-01  6.8036447E-01
  2.1691346E+00  6.4310526E-01  6.4310516E-01  6.7516424E-01  6.7516424E-01
  2.2000000E+00  6.2996136E-01  6.2996136E-01  6.6960132E-01  6.6960132E-01
  2.2313045E+00  6.1660623E-01  6.1660623E-01  6.6368674E-01  6.6368674E-01
  2.2630544E+00  6.0306400E-01  6.0306400E-01  6.5743191E-01  6.5743191E-01
  2.2952559E+00  5.8935862E-01  5.8935862E-01  6.5084856E-01  6.5084856E-01
  2.3279156E+00  5.7551387E-01  5.7551387E-01  6.4394875E-01  6.4394875E-01
  2.3610400E+00  5.6155320E-01  5.6155320E-01  6.3674481E-01  6.3674481E-01
  2.3946355E+00  5.4749980E-01  5.4749980E-01  6.2924935E-01  6.2924935E-01
  2.4287090E+00  5.3337645E-01  5.3337645E-01  6.2147520E-01  6.2147520E-01
  2.4632673E+00  5.1920554E-01  5.1920554E-01  6.1343540E-01  6.1343540E-01
  2.4983172E+00  5.0500898E-01  5.0500898E-01  6.0514319E-01  6.0514319E-01
  2.5338658E+00  4.9080820E-01  4.9080820E-01  5.9661197E-01  5.9661197E-01
  2.5699201E+00  4.7662409E-01  4.7662409E-01  5.8785526E-01  5.8785526E-01
  2.6064873E+00  4.6247694E-01  4.6247694E-01  5.7888672E-01  5.7888672E-01
  2.6435748E+00  4.4838646E-01  4.4838646E-01  5.6972008E-01  5.6972008E-01
  2.6811899E+00  4.3437168E-01  4.3437168E-01  5.6036915E-01  5.6036915E-01
  2.7193401E+00  4.2045097E-01  4.2045097E-01  5.5084776E-01  5.5084776E-01
  2.7580331E+00  4.0664202E-01  4.0664202E-01  5.4116978E-01  5.4116978E-01
  2.7972765E+00  3.9296175E-01  3.9296175E-01  5.3134907E-01  5.3134907E-01
  2.8370783E+00  3.7942636E-01  3.7942636E-01  5.2139944E-01  5.2139944E-01
  2.8774463E+00  3.6605125E-01  3.6605125E-01  5.1133467E-01  5.1133467E-01
  2.9183886E+00  3.5285105E-01  3.5285105E-01  5.0116845E-01  5.0116845E-01
  2.9599133E+00  3.3983958E-01  3.3983958E-01  4.9091436E-01  4.9091436E-01
  3.0020288E+00  3.2702982E-01  3.2702982E-01  4.8058586E-01  4.8058586E-01
  3.0447435E+00  3.1443394E-01  3.1443394E-01  4.7019626E-01  4.7019626E-01
  3.0880659E+00  3.0206324E-01  3.0206324E-01  4.5975869E-01  4.5975869E-01
  3.1320046E+00  2.8992819E-01  2.8992819E-01  4.4928605E-01  4.4928605E-01
  3.1765684E+00  2.7803841E-01  2.7803841E-01  4.3879106E-01  4.3879106E-01
  3.2217662E+00  2.6640264E-01  2.6640264E-01  4.2828614E-01  4.2828614E-01
  3.2676070E+00  2.5502879E-01  2.5502879E-01  4.1778348E-01  4.1778348E-01
  3.3141000E+00  2.4392390E-01  2.4392390E-01  4.0729492E-01  4.0729492E-01
  3.3612544E+00  2.3309418E-01  2.3309418E-01  3.9683201E-01  3.9683201E-01
  3.4090796E+00  2.2254499E-01  2.2254499E-01  3.8640594E-01  3.8640594E-01
  3.4575853E+00  2.1228087E-01  2.1228087E-01  3.7602756E-01  3.7602756E-01
  3.5067810E+00  2.0230555E-01  2.0230555E-01  3.6570729E-01  3.6570729E-01
  3.5566766E+00  1.9262196E-01  1.9262196E-01  3.5545520E-01  3.5545520E-01
  3.6072821E+00  1.8323227E-01  1.8323227E-01  3.4528091E-01  3.4528091E-01
  3.6586075E+00  1.7413788E-01  1.7413788E-01  3.3519362E-01  3.3519362E-01
  3.7106631E+00  1.6533947E-01  1.6533947E-01  3.2520208E-01  3.2520208E-01
  3.7634592E+00  1.5683703E-01  1.5683703E-01  3.1531462E-01  3.1531462E-01
  3.8170065E+00  1.4862984E-01  1.4862984E-01  3.0553908E-01  3.0553908E-01
  3.8713156E+00  1.4071657E-01  1.4071657E-01  2.9588286E-01  2.9588286E-01
  3.9263973E+00  1.3309527E-01  1.3309527E-01  2.8635291E-01  2.8635291E-01
  3.9822627E+00  1.2576341E-01  1.2576341E-01  2.7695570E-01  2.7695570E-01
  4.0389228E+00  1.1871791E-01  1.1871791E-01  2.6769727E-01  2.6769727E-01
  4.0963890E+00  1.1195520E-01  1.1195520E-01  2.5858318E-01  2.5858318E-01
  4.1546727E+00  1.0547120E-01  1.0547120E-01  2.4961858E-01  2.4961858E-01
  4.2137856E+00  9.9261440E-02  9.9261440E-02  2.4080818E-01  2.4080818E-01
  4.2737396E+00  9.3321015E-02  9.3321015E-02  2.3215626E-01  2.3215626E-01
  4.3345464E+00  8.7644669E-02  8.7644669E-02  2.2366670E-01  2.2366670E-01
  4.3962183E+00  8.2226812E-02  8.2226812E-02  2.1534300E-01  2.1534300E-01
  4.4587676E+00  7.7061563E-02  7.7061563E-02  2.0718827E-01  2.0718827E-01
  4.5222068E+00  7.2142779E-02  7.2142779E-02  1.9920525E-01  1.9920525E-01
  4.5865485E+00  6.7464092E-02  6.7464092E-02  1.9139636E-01  1.9139636E-01
  4.6518056E+00  6.3018936E-02  6.3018936E-02  1.8376366E-01  1.8376366E-01
  4.7179911E+00  5.8800585E-02  5.8800585E-02  1.7630891E-01  1.7630891E-01
  4.7851181E+00  5.4802177E-02  5.4802177E-02  1.6903358E-01  1.6903358E-01
  4.8532002E+00  5.1016744E-02  5.1016744E-02  1.6193883E-01  1.6193883E-01
  4.9222508E+00  4.7437239E-02  4.7437239E-02  1.5502557E-01  1.5502557E-01
  4.9922838E+00  4.4056561E-02  4.4056561E-02  1.4829445E-01  1.4829445E-01
  5.0633131E+00  4.0867580E-02  4.0867580E-02  1.4174586E-01  1.4174586E-01
  5.1353529E+00  3.7863155E-02  3.7863155E-02  1.3537997E-01  1.3537997E-01
  5.2084176E+00  3.5036162E-02  3.5036162E-02  1.2919672E-01  1.2919672E-01
  5.2825218E+00  3.2379505E-02  3.2379505E-02  1.2319581E-01  1.2319581E-01
  5.3576802E+00  2.9886142E-02  2.9886142E-02  1.1737677E-01  1.1737677E-01
  5.4339079E+00  2.7549096E-02  2.7549096E-02  1.1173889E-01  1.1173889E-01
  5.5112201E+00  2.5361474E-02  2.5361474E-02  1.0628128E-01  1.0628128E-01
  5.5896321E+00  2.3316476E-02  2.3316476E-02  1.0100284E-01  1.0100284E-01
  5.6691597E+00  2.1407416E-02  2.1407416E-02  9.5902297E-02  9.5902297E-02
  5.7498187E+00  1.9627729E-02  1.9627729E-02  9.0978174E-02  9.0978174E-02
  5.8316252E+00  1.7970980E-02  1.7970980E-02  8.6228815E-02  8.6228815E-02
  5.9145955E+00  1.6430879E-02  1.6430879E-02  8.1652379E-02  8.1652379E-02
  5.9987462E+00  1.5001288E-02  1.5001288E-02  7.7246846E-02  7.7246846E-02
  6.0840941E+00  1.3676229E-02  1.3676229E-02  7.3010021E-02  7.3010021E-02
  6.1706562E+00  1.2449891E-02  1.2449891E-02  6.8939535E-02  6.8939535E-02
  6.2584498E+00  1.1316635E-02  1.1316635E-02  6.5032851E-02  6.5032851E-02
  6.3474924E+00  1.0271005E-02  1.0271005E-02  6.1287267E-02  6.1287267E-02
  6.4378018E+00  9.3077274E-03  9.3077274E-03  5.7699924E-02  5.7699924E-02
  6.5293960E+00  8.4217157E-03  8.4217157E-03  5.4267811E-02  5.4267811E-02
  6.6222932E+00  7.6080762E-03  7.6080762E-03  5.0987775E-02  5.0987775E-02
  6.7165121E+00  6.8621085E-03  6.8621085E-03  4.7856523E-02  4.7856523E-02
  6.8120714E+00  6.1793075E-03  6.1793075E-03  4.4870636E-02  4.4870636E-02
  6.9089902E+00  5.5553642E-03  5.5553642E-03  4.2026577E-02  4.2026577E-02
  7.0072878E+00  4.9861657E-03  4.9861657E-03  3.9320702E-02  3.9320702E-02
  7.1069838E+00  4.4677946E-03  4.4677946E-03  3.6749269E-02  3.6749269E-02
  7.2080982E+00  3.9965278E-03  3.9965278E-03  3.4308450E-02  3.4308450E-02
  7.3106511E+00  3.5688340E-03  3.5688340E-03  3.1994343E-02  3.1994343E-02
  7.4146630E+00  3.1813716E-03  3.1813716E-03  2.9802984E-02  2.9802984E-02
  7.5201546E+00  2.8309850E-03  2.8309850E-03  2.7730359E-02  2.7730359E-02
  7.6271470E+00  2.5147008E-03  2.5147008E-03  2.5772416E-02  2.5772416E-02
  7.7356616E+00  2.2297236E-03  2.2297236E-03  2.3925077E-02  2.3925077E-02
  7.8457200E+00  1.9734310E-03  1.9734310E-03  2.2184250E-02  2.2184250E-02
  7.9573441E+00  1.7433686E-03  1.7433686E-03  2.0545843E-02  2.0545843E-02
  8.0705562E+00  1.5372443E-03  1.5372443E-03  1.9005771E-02  1.9005771E-02
  8.1853790E+00  1.3529222E-03  1.3529222E-03  1.7559972E-02  1.7559972E-02
  8.3018354E+00  1.1884167E-03  1.1884167E-03  1.6204414E-02  1.6204414E-02
  8.4199485E+00  1.0418863E-03  1.0418863E-03  1.4935107E-02  1.4935107E-02
  8.5397419E+00  9.1162654E-04  9.1162654E-04  1.3748113E-02  1.3748113E-02
  8.6612396E+00  7.9606401E-04  7.9606401E-04  1.2639553E-02  1.2639553E-02
  8.7844659E+00  6.9374927E-04  6.9374927E-04  1.1605618E-02  1.1605618E-02
  8.9094452E+00  6.0335037E-04  6.0335037E-04  1.0642575E-02  1.0642575E-02
  9.0362025E+00  5.2364616E-04  5.2364616E-04  9.7467740E-03  9.7467740E-03
  9.1647632E+00  4.5351973E-04  4.5351973E-04  8.9146544E-03  8.9146544E-03
  9.2951529E+00  3.9195193E-04  3.9195193E-04  8.1427515E-03  8.1427515E-03
  9.4273976E+00  3.3801505E-04  3.3801505E-04  7.4277008E-03  7.4277008E-03
  9.5615236E+00  2.9086666E-04  2.9086666E-04  6.7662421E-03  6.7662421E-03
  9.6975579E+00  2.4974362E-04  2.4974362E-04  6.1552232E-03  6.1552232E-03
  9.8355274E+00  2.1395628E-04  2.1395628E-04  5.5916030E-03  5.5916030E-03
  9.9754598E+00  1.8288301E-04  1.8288301E-04  5.0724533E-03  5.0724533E-03
  1.0117383E+01  1.5596480E-04  1.5596480E-04  4.5949607E-03  4.5949607E-03
  1.0261325E+01  1.3270026E-04  1.3270026E-04  4.1564279E-03  4.1564279E-03
  1.0407315E+01  1.1264080E-04  1.1264080E-04  3.7542737E-03  3.7542737E-03
  1.0555382E+01  9.5386096E-05  9.5386096E-05  3.3860332E-03  3.3860332E-03
  1.0705556E+01  8.0579795E-05  8.0579795E-05  3.0493574E-03  3.0493574E-03
  1.0857866E+01  6.7905530E-05  6.7905530E-05  2.7420119E-03  2.7420119E-03
  1.1012343E+01  5.7083152E-05  5.7083152E-05  2.4618758E-03  2.4618758E-03
  1.1169017E+01  4.7865241E-05  4.7865241E-05  2.2069399E-03  2.2069399E-03
  1.1327921E+01  4.0033862E-05  4.0033862E-05  1.9753042E-03  1.9753042E-03
  1.1489085E+01  3.3397571E-05  3.3397571E-05  1.7651760E-03  1.7651760E-03
  1.1652542E+01  2.7788646E-05  2.7788646E-05  1.5748668E-03  1.5748668E-03
  1.1818324E+01  2.3060552E-05  2.3060552E-05  1.4027895E-03  1.4027895E-03
  1.1986465E+01  1.9085620E-05  1.9085620E-05  1.2474552E-03  1.2474552E-03
  1.2156998E+01  1.5752930E-05  1.5752930E-05  1.1074698E-03  1.1074698E-03
  1.2329957E+01  1.2966383E-05  1.2966383E-05  9.8153063E-04  9.8153063E-04
  1.2505377E+01  1.0642960E-05  1.0642960E-05  8.6842286E-04  8.6842286E-04
  1.2683292E+01  8.7111512E-06  8.7111512E-06  7.6701569E-04  7.6701569E-04
  1.2863739E+01  7.1095377E-06  7.1095377E-06  6.7625870E-04  6.7625870E-04
  1.3046752E+01  5.7855244E-06  5.7855244E-06  5.9517807E-04  5.9517807E-04
  1.3232370E+01  4.6942075E-06  4.6942075E-06  5.2287281E-04  5.2287281E-04
  1.3420628E+01  3.7973650E-06  3.7973650E-06  4.5851097E-04  4.5851097E-04
  1.3611564E+01  3.0625626E-06  3.0625626E-06  4.0132590E-04  4.0132590E-04
  1.3805217E+01  2.4623621E-06  2.4623621E-06  3.5061260E-04  3.5061260E-04
  1.4001624E+01  1.9736253E-06  1.9736253E-06  3.0572405E-04  3.0572405E-04
  1.4200826E+01  1.5769012E-06  1.5769012E-06  2.6606767E-04  2.6606767E-04
  1.4402862E+01  1.2558916E-06  1.2558916E-06  2.3110192E-04  2.3110192E-04
  1.4607772E+01  9.9698358E-07  9.9698358E-07  2.0033287E-04  2.0033287E-04
  1.4815598E+01  7.8884670E-07  7.8884670E-07  1.7331102E-04  1.7331102E-04
  1.5026380E+01  6.2207966E-07  6.2207966E-07  1.4962817E-04  1.4962817E-04
  1.5240160E+01  4.8890880E-07  4.8890880E-07  1.2891441E-04  1.2891441E-04
  1.5456983E+01  3.8292838E-07  3.8292838E-07  1.1083526E-04  1.1083526E-04
  1.5676889E+01  2.9887815E-07  2.9887815E-07  9.5088962E-05  9.5088962E-05
  1.5899925E+01  2.3245369E-07  2.3245369E-07  8.1403866E-05  8.1403866E-05
  1.6126133E+01  1.8014525E-07  1.8014525E-07  6.9535980E-05  6.9535980E-05
  1.6355560E+01  1.3910136E-07  1.3910136E-07  5.9266655E-05  5.9266655E-05
  1.6588250E+01  1.0701384E-07  1.0701384E-07  5.0400401E-05  5.0400401E-05
  1.6824251E+01  8.2021155E-08  8.2021155E-08  4.2762840E-05  4.2762840E-05
  1.7063610E+01  6.2627685E-08  6.2627685E-08  3.6198792E-05  3.6198792E-05
  1.7306373E+01  4.7636311E-08  4.7636311E-08  3.0570490E-05  3.0570490E-05
  1.7552591E+01  3.6092552E-08  3.6092552E-08  2.5755921E-05  2.5755921E-05
  1.7802311E+01  2.7238353E-08  2.7238353E-08  2.1647288E-05  2.1647288E-05
  1.8055584E+01  2.0474042E-08  2.0474042E-08  1.8149588E-05  1.8149588E-05
  1.8312460E+01  1.5327143E-08  1.5327143E-08  1.5179303E-05  1.5179303E-05
  1.8572991E+01  1.1426907E-08  1.1426907E-08  1.2663196E-05  1.2663196E-05
  1.8837228E+01  8.4836093E-09  8.4836093E-09  1.0537212E-05  1.0537212E-05
  1.9105224E+01  6.2717883E-09  6.2717883E-09  8.7454721E-06  8.7454721E-06
  1.9377033E+01  4.6167331E-09  4.6167331E-09  7.2393551E-06  7.2393551E-06
  1.9652709E+01  3.3836412E-09  3.3836412E-09  5.9766709E-06  5.9766709E-06
  1.9932307E+01  2.4689547E-09  2.4689547E-09  4.9209069E-06  4.9209069E-06
  2.0215882E+01  1.7934692E-09  1.7934692E-09  4.0405508E-06  4.0405508E-06
  2.0503492E+01  1.2968763E-09  1.2968763E-09  3.3084807E-06  3.3084807E-06
  2.0795194E+01  9.3346795E-10  9.3346795E-10  2.7014195E-06  2.7014195E-06
  2.1091045E+01  6.6875648E-10  6.6875648E-10  2.1994463E-06  2.1994463E-06
  2.1391106E+01  4.7684303E-10  4.7684303E-10  1.7855616E-06  1.7855616E-06
  2.1695435E+01  3.3837044E-10  3.3837044E-10  1.4453016E-06  1.4453016E-06
  2.2004094E+01  2.3894019E-10  2.3894019E-10  1.1663961E-06  1.1663961E-06
  2.2317145E+01  1.6789418E-10  1.6789418E-10  9.3846696E-07  9.3846696E-07
  2.2634648E+01  1.1738190E-10  1.1738190E-10  7.5276343E-07  7.5276343E-07
  2.2956669E+01  8.1649703E-11  8.1649703E-11  6.0192950E-07  6.0192950E-07
  2.3283271E+01  5.6502107E-11  5.6502107E-11  4.7980073E-07  4.7980073E-07
  2.3614520E+01  3.8895494E-11  3.8895494E-11  3.8122770E-07  3.8122770E-07
  2.3950481E+01  2.6633369E-11  2.6633369E-11  3.0192330E-07  3.0192330E-07
  2.4291222E+01  1.8138954E-11  1.8138954E-11  2.3832921E-07  2.3832921E-07
  2.4636810E+01  1.2286390E-11  1.2286390E-11  1.8750199E-07  1.8750199E-07
  2.4987315E+01  8.2761534E-12  8.2761534E-12  1.4701503E-07  1.4701503E-07
  2.5342806E+01  5.5435833E-12  5.5435833E-12  1.1487453E-07  1.1487453E-07
  2.5703355E+01  3.6921186E-12  3.6921186E-12  8.9447990E-08  8.9447990E-08
  2.6069033E+01  2.4448286E-12  2.4448286E-12  6.9403369E-08  6.9403369E-08
  2.6439914E+01  1.6094337E-12  1.6094337E-12  5.3657656E-08  5.3657656E-08
  2.6816071E+01  1.0532060E-12  1.0532060E-12  4.1333456E-08  4.1333456E-08
  2.7197579E+01  6.8506572E-13  6.8506572E-13  3.1722546E-08  3.1722546E-08
  2.7584515E+01  4.4288574E-13  4.4288574E-13  2.4255358E-08  2.4255358E-08
  2.7976956E+01  2.8454727E-13  2.8454727E-13  1.8475554E-08  1.8475554E-08
  2.8374980E+01  1.8166946E-13  1.8166946E-13  1.4018894E-08  1.4018894E-08
  2.8778666E+01  1.1524846E-13  1.1524846E-13  1.0595773E-08  1.0595773E-08
  2.9188096E+01  7.2639766E-14  7.2639766E-14  7.9768218E-09  7.9768218E-09
  2.9603350E+01  4.5484102E-14  4.5484102E-14  5.9810974E-09  5.9810974E-09
  3.0024512E+01  2.8291105E-14  2.8291105E-14  4.4664312E-09  4.4664312E-09
  3.0451666E+01  1.7478490E-14  1.7478490E-14  3.3215737E-09  3.3215737E-09
  3.0884897E+01  1.0724563E-14  1.0724563E-14  2.4598293E-09  2.4598293E-09
  3.1324291E+01  6.5348324E-15  6.5348324E-15  1.8139186E-09  1.8139186E-09
  3.1769936E+01  3.9538954E-15  3.9538954E-15  1.3318522E-09  1.3318522E-09
  3.2221921E+01  2.3752423E-15  2.3752423E-15  9.7362749E-10  9.7362749E-10
  3.2680337E+01  1.4165705E-15  1.4165705E-15  7.0859989E-10  7.0859989E-10
  3.3145274E+01  8.3863075E-16  8.3863075E-16  5.1339684E-10  5.1339684E-10
  3.3616826E+01  4.9278775E-16  4.9278775E-16  3.7027187E-10  3.7027187E-10
  3.4095086E+01  2.8738160E-16  2.8738160E-16  2.6581274E-10  2.6581274E-10
  3.4580150E+01  1.6631060E-16  1.6631060E-16  1.8992830E-10  1.8992830E-10
  3.5072115E+01  9.5498300E-17  9.5498300E-17  1.3506200E-10  1.3506200E-10
  3.5571080E+01  5.4404832E-17  5.4404832E-17  9.5582146E-11  9.5582146E-11
  3.6077142E+01  3.0746526E-17  3.0746526E-17  6.7311681E-11  6.7311681E-11
  3.6590405E+01  1.7235396E-17  1.7235396E-17  4.7167596E-11  4.7167596E-11
  3.7110969E+01  9.5821339E-18  9.5821339E-18  3.2885605E-11  3.2885605E-11
  3.7638939E+01  5.2828385E-18  5.2828385E-18  2.2811058E-11  2.2811058E-11
  3.8174421E+01  2.8879132E-18  2.8879132E-18  1.5740943E-11  1.5740943E-11
  3.8717520E+01  1.5651624E-18  1.5651624E-18  1.0805120E-11  1.0805120E-11
  3.9268346E+01  8.4088990E-19  8.4088990E-19  7.3775023E-12  7.3775023E-12
  3.9827009E+01  4.4778385E-19  4.4778385E-19  5.0099898E-12  5.0099898E-12
  4.0393619E+01  2.3631515E-19  2.3631515E-19  3.3835958E-12  3.3835958E-12
  4.0968290E+01  1.2358108E-19  1.2358108E-19  2.2724805E-12  2.2724805E-12
  4.1551137E+01  6.4031284E-20  6.4031284E-20  1.5176349E-12  1.5176349E-12
  4.2142276E+01  3.2866532E-20  3.2866532E-20  1.0077316E-12  1.0077316E-12
  4.2741825E+01  1.6710049E-20  1.6710049E-20  6.6526896E-13  6.6526896E-13
  4.3349903E+01  8.4140198E-21  8.4140198E-21  4.3660468E-13  4.3660468E-13
  4.3966632E+01  4.1953685E-21  4.1953685E-21  2.8482729E-13  2.8482729E-13
  4.4592135E+01  2.0711679E-21  2.0711679E-21  1.8468818E-13  1.8468818E-13
  4.5226537E+01  1.0122225E-21  1.0122225E-21  1.1902107E-13  1.1902107E-13
  4.5869965E+01  4.8965251E-22  4.8965251E-22  7.6225024E-14  7.6225024E-14
  4.6522546E+01  2.3441535E-22  2.3441535E-22  4.8508910E-14  4.8508910E-14
  4.7184411E+01  1.1104625E-22  1.1104625E-22  3.0673005E-14  3.0673005E-14
  4.7855693E+01  5.2044422E-23  5.2044422E-23  1.9269130E-14  1.9269130E-14
  4.8536524E+01  2.4128392E-23  2.4128392E-23  1.2025367E-14  1.2025367E-14
  4.9227042E+01  1.1063610E-23  1.1063610E-23  7.4545931E-15  7.4545931E-15
  4.9927383E+01  5.0165917E-24  5.0165917E-24  4.5898368E-15  4.5898368E-15
  5.0637688E+01  2.2490136E-24  2.2490136E-24  2.8065704E-15  2.8065704E-15
  5.1358097E+01  9.9672094E-25  9.9672094E-25  1.7041865E-15  1.7041865E-15
  5.2088756E+01  4.3659497E-25  4.3659497E-25  1.0274892E-15  1.0274892E-15
  5.2829810E+01  1.8898690E-25  1.8898690E-25  6.1505245E-16  6.1505245E-16
  5.3581407E+01  8.0826792E-26  8.0826792E-26  3.6549125E-16  3.6549125E-16
  5.4343696E+01  3.4148462E-26  3.4148462E-26  2.1558883E-16  2.1558883E-16
  5.5116830E+01  1.4249486E-26  1.4249486E-26  1.2621581E-16  1.2621581E-16
  5.5900963E+01  5.8716225E-27  5.8716225E-27  7.3331722E-17  7.3331722E-17
  5.6696251E+01  2.3887192E-27  2.3887192E-27  4.2277935E-17  4.2277935E-17
  5.7502854E+01  9.5925869E-28  9.5925869E-28  2.4184168E-17  2.4184168E-17
  5.8320932E+01  3.8017551E-28  3.8017551E-28  1.3724454E-17  1.3724454E-17
  5.9150649E+01  1.4866980E-28  1.4866980E-28  7.7260187E-18  7.7260187E-18
  5.9992170E+01  5.7353823E-29  5.7353823E-29  4.3138275E-18  4.3138275E-18
  6.0845662E+01  2.1822883E-29  2.1822883E-29  2.3887179E-18  2.3887179E-18
  6.1711297E+01  8.1880282E-30  8.1880282E-30  1.3116261E-18  1.3116261E-18
  6.2589247E+01  3.0287927E-30  3.0287927E-30  7.1407772E-19  7.1407772E-19
  6.3479688E+01  1.1042984E-30  1.1042984E-30  3.8540522E-19  3.8540522E-19
  6.4382796E+01  3.9676355E-31  3.9676355E-31  2.0619206E-19  2.0619206E-19
  6.5298753E+01  1.4044469E-31  1.4044469E-31  1.0933350E-19  1.0933350E-19
  6.6227740E+01  4.8967150E-32  4.8967150E-32  5.7452034E-20  5.7452034E-20
  6.7169944E+01  1.6812254E-32  1.6812254E-32  2.9913789E-20  2.9913789E-20
  6.8125553E+01  5.6827968E-33  5.6827968E-33  1.5430977E-20  1.5430977E-20
  6.9094756E+01  1.8906217E-33  1.8906217E-33  7.8851977E-21  7.8851977E-21
  7.0077748E+01  6.1893122E-34  6.1893122E-34  3.9908852E-21  3.9908852E-21
  7.1074725E+01  1.9932508E-34  1.9932508E-34  2.0003348E-21  2.0003348E-21
  7.2085885E+01  6.3131689E-35  6.3131689E-35  9.9277611E-22  9.9277611E-22
  7.3111430E+01  1.9659857E-35  1.9659857E-35  4.8781205E-22  4.8781205E-22
  7.4151566E+01  6.0178275E-36  6.0178275E-36  2.3726991E-22  2.3726991E-22
  7.5206499E+01  1.8100969E-36  1.8100969E-36  1.1422393E-22  1.1422393E-22
  7.6276441E+01  5.3485998E-37  5.3485998E-37  5.4416439E-23  5.4416439E-23
  7.7361604E+01  1.5521196E-37  1.5521196E-37  2.5650446E-23  2.5650446E-23
  7.8462205E+01  4.4220613E-38  4.4220613E-38  1.1961445E-23  1.1961445E-23
  7.9578464E+01  1.2365265E-38  1.2365265E-38  5.5173077E-24  5.5173077E-24
  8.0710604E+01  3.3925217E-39  3.3925217E-39  2.5168392E-24  2.5168392E-24
  8.1858851E+01  9.1293666E-40  9.1293666E-40  1.1352645E-24  1.1352645E-24
  8.3023433E+01  2.4088644E-40  2.4088644E-40  5.0626672E-25  5.0626672E-25
  8.4204583E+01  6.2300166E-41  6.2300166E-41  2.2316629E-25  2.2316629E-25
  8.5402537E+01  1.5787710E-41  1.5787710E-41  9.7223132E-26  9.7223132E-26
  8.6617534E+01  3.9187396E-42  3.9187396E-42  4.1852941E-26  4.1852941E-26
  8.7849816E+01  9.5238287E-43  9.5238287E-43  1.7799998E-26  1.7799998E-26
  8.9099629E+01  2.2654335E-43  2.2654335E-43  7.4777749E-27  7.4777749E-27
  9.0367223E+01  5.2722789E-44  5.2722789E-44  3.1024350E-27  3.1024350E-27
  9.1652851E+01  1.2000005E-44  1.2000005E-44  1.2709511E-27  1.2709511E-27
  9.2956768E+01  2.6700845E-45  2.6700845E-45  5.1400499E-28  5.1400499E-28
  9.4279236E+01  5.8056300E-46  5.8056300E-46  2.0517908E-28  2.0517908E-28
  9.5620519E+01  1.2330207E-46  1.2330207E-46  8.0823827E-29  8.0823827E-29
  9.6980883E+01  2.5568162E-47  2.5568162E-47  3.1412180E-29  3.1412180E-29
  9.8360601E+01  5.1742050E-48  5.1742050E-48  1.2042568E-29  1.2042568E-29
  9.9759947E+01  1.0214214E-48  1.0214214E-48  4.5531379E-30  4.5531379E-30
  1.0117920E+02  1.9659886E-49  1.9659886E-49  1.6973825E-30  1.6973825E-30
  1.0261865E+02  3.6877751E-50  3.6877751E-50  6.2377874E-31  6.2377874E-31
  1.0407857E+02  6.7381860E-51  6.7381860E-51  2.2592597E-31  2.2592597E-31
  1.0555927E+02  1.1986697E-51  1.1986697E-51  8.0628270E-32  8.0628270E-32
  1.0706102E+02  2.0749699E-52  2.0749699E-52  2.8346081E-32  2.8346081E-32
  1.0858415E+02  3.4934336E-53  3.4934336E-53  9.8147670E-33  9.8147670E-33
  1.1012894E+02  5.7172764E-54  5.7172764E-54  3.3461310E-33  3.3461310E-33
  1.1169571E+02  9.0904266E-55  9.0904266E-55  1.1229860E-33  1.1229860E-33
  1.1328477E+02  1.4034436E-55  1.4034436E-55  3.7090644E-34  3.7090644E-34
  1.1489644E+02  2.1026803E-56  2.1026803E-56  1.2053161E-34  1.2053161E-34
  1.1653104E+02  3.0553854E-57  3.0553854E-57  3.8527387E-35  3.8527387E-35
  1.1818889E+02  4.3034309E-58  4.3034309E-58  1.2110251E-35  1.2110251E-35
  1.1987032E+02  5.8715973E-59  5.8715973E-59  3.7422441E-36  3.7422441E-36
  1.2157568E+02  7.7557121E-60  7.7557121E-60  1.1365388E-36  1.1365388E-36
  1.2330530E+02  9.9114563E-61  9.9114563E-61  3.3914436E-37  3.3914436E-37
  1.2505952E+02  1.2246869E-61  1.2246869E-61  9.9404345E-38  9.9404345E-38
  1.2683871E+02  1.4621806E-62  1.4621806E-62  2.8609868E-38  2.8609868E-38
  1.2864320E+02  1.6856882E-63  1.6856882E-63  8.0831827E-39  8.0831827E-39
  1.3047337E+02  1.8752577E-64  1.8752577E-64  2.2411360E-39  2.2411360E-39
  1.3232957E+02  2.0116619E-65  2.0116619E-65  6.0958367E-40  6.0958367E-40
  1.3421218E+02  2.0794954E-66  2.0794954E-66  1.6260523E-40  1.6260523E-40
  1.3612157E+02  2.0699715E-67  2.0699715E-67  4.2523124E-41  4.2523124E-41
  1.3805813E+02  1.9827361E-68  1.9827361E-68  1.0898209E-41  1.0898209E-41
  1.4002224E+02  1.8261929E-69  1.8261929E-69  2.7363447E-42  2.7363447E-42
  1.4201429E+02  1.6161934E-70  1.6161934E-70  6.7284457E-43  6.7284457E-43
  1.4403469E+02  1.3733636E-71  1.3733636E-71  1.6196674E-43  1.6196674E-43
  1.4608382E+02  1.1196985E-72  1.1196985E-72  3.8153905E-44  3.8153905E-44
  1.4816211E+02  8.7521621E-74  8.7521621E-74  8.7919495E-45  8.7919495E-45
  1.5026996E+02  6.5539242E-75  6.5539242E-75  1.9810309E-45  1.9810309E-45
  1.5240780E+02  4.6981895E-76  4.6981895E-76  4.3629460E-46  4.3629460E-46
  1.5457606E+02  3.2216060E-77  3.2216060E-77  9.3879179E-47  9.3879179E-47
  1.5677516E+02  2.1115220E-78  2.1115220E-78  1.9727566E-47  1.9727566E-47
  1.5900555E+02  0.0000000E+00  0.0000000E+00  4.0467089E-48  4.0467089E-48
  1.6126767E+02  0.0000000E+00  0.0000000E+00  8.0995232E-49  8.0995232E-49
  1.6356198E+02  0.0000000E+00  0.0000000E+00  1.5810519E-49  1.5810519E-49
  1.6588892E+02  0.0000000E+00  0.0000000E+00  3.0085509E-50  3.0085509E-50
  1.6824897E+02  0.0000000E+00  0.0000000E+00  5.5780663E-51  5.5780663E-51
  1.7064259E+02  0.0000000E+00  0.0000000E+00  1.0071882E-51  1.0071882E-51
  1.7307026E+02  0.0000000E+00  0.0000000E+00  1.7701857E-52  1.7701857E-52
  1.7553248E+02  0.0000000E+00  0.0000000E+00  3.0268005E-53  3.0268005E-53
  1.7802972E+02  0.0000000E+00  0.0000000E+00  5.0324095E-54  5.0324095E-54
  1.8056249E+02  0.0000000E+00  0.0000000E+00  8.1313124E-55  8.1313124E-55
  1.8313129E+02  0.0000000E+00  0.0000000E+00  1.2761399E-55  1.2761399E-55
  1.8573664E+02  0.0000000E+00  0.0000000E+00  1.9441972E-56  1.9441972E-56
  1.8837906E+02  0.0000000E+00  0.0000000E+00  2.8732295E-57  2.8732295E-57
  1.9105906E+02  0.0000000E+00  0.0000000E+00  4.1352255E-58  4.1352255E-58
  1.9377720E+02  0.0000000E+00  0.0000000E+00  6.3074682E-59  6.3074682E-59
  1.9653400E+02  0.0000000E+00  0.0000000E+00  9.3668344E-60  9.3668344E-60
  1.9933002E+02  0.0000000E+00  0.0000000E+00  1.3537773E-60  1.3537773E-60
  2.0216583E+02  0.0000000E+00  0.0000000E+00  1.9034900E-61  1.9034900E-61
