  0.0000000E+00 -0.0000000E+00 -0.0000000E+00
  1.6027965E-05 -6.8876420E-02 -1.6230454E-05
  3.2199734E-05 -1.3667931E-01 -3.2606530E-05
  4.8516598E-05 -1.4262713E-01 -4.9129534E-05
  6.4979859E-05 -1.2585035E-01 -6.5800784E-05
  8.1590831E-05 -1.1649866E-01 -8.2621610E-05
  9.8350837E-05 -1.0796785E-01 -9.9593355E-05
  1.1526122E-04 -1.0122847E-01 -1.1671737E-04
  1.3232332E-04 -9.6048362E-02 -1.3399503E-04
  1.4953850E-04 -9.1815415E-02 -1.5142770E-04
  1.6690814E-04 -8.8461841E-02 -1.6901678E-04
  1.8443363E-04 -8.5710142E-02 -1.8676367E-04
  2.0211635E-04 -8.3431889E-02 -2.0466979E-04
  2.1995773E-04 -8.1526184E-02 -2.2273657E-04
  2.3795918E-04 -7.9913375E-02 -2.4096544E-04
  2.5612214E-04 -7.8537936E-02 -2.5935786E-04
  2.7444806E-04 -7.7355813E-02 -2.7791531E-04
  2.9293840E-04 -7.6333580E-02 -2.9663925E-04
  3.1159464E-04 -7.5444980E-02 -3.1553118E-04
  3.3041827E-04 -7.4669168E-02 -3.3459262E-04
  3.4941078E-04 -7.3989453E-02 -3.5382508E-04
  3.6857370E-04 -7.3392285E-02 -3.7323009E-04
  3.8790855E-04 -7.2866576E-02 -3.9280921E-04
  4.0741687E-04 -7.2403159E-02 -4.1256399E-04
  4.2710023E-04 -7.1994399E-02 -4.3249602E-04
  4.4696018E-04 -7.1633883E-02 -4.5260688E-04
  4.6699833E-04 -7.1316191E-02 -4.7289817E-04
  4.8721625E-04 -7.1036710E-02 -4.9337152E-04
  5.0761558E-04 -7.0791489E-02 -5.1402856E-04
  5.2819792E-04 -7.0577128E-02 -5.3487094E-04
  5.4896494E-04 -7.0390684E-02 -5.5590032E-04
  5.6991828E-04 -7.0229597E-02 -5.7711838E-04
  5.9105962E-04 -7.0091632E-02 -5.9852680E-04
  6.1239063E-04 -6.9974826E-02 -6.2012731E-04
  6.3391304E-04 -6.9877453E-02 -6.4192162E-04
  6.5562854E-04 -6.9797985E-02 -6.6391147E-04
  6.7753888E-04 -6.9735067E-02 -6.8609862E-04
  6.9964580E-04 -6.9687495E-02 -7.0848483E-04
  7.2195106E-04 -6.9654192E-02 -7.3107189E-04
  7.4445645E-04 -6.9634193E-02 -7.5386161E-04
  7.6716376E-04 -6.9626635E-02 -7.7685580E-04
  7.9007481E-04 -6.9630739E-02 -8.0005629E-04
  8.1319141E-04 -6.9645802E-02 -8.2346495E-04
  8.3651542E-04 -6.9671190E-02 -8.4708363E-04
  8.6004870E-04 -6.9706327E-02 -8.7091421E-04
  8.8379312E-04 -6.9750690E-02 -8.9495861E-04
  9.0775057E-04 -6.9803805E-02 -9.1921874E-04
  9.3192298E-04 -6.9865238E-02 -9.4369654E-04
  9.5631226E-04 -6.9934594E-02 -9.6839395E-04
  9.8092036E-04 -7.0011511E-02 -9.9331295E-04
  1.0057493E-03 -7.0095658E-02 -1.0184555E-03
  1.0308009E-03 -7.0186732E-02 -1.0438237E-03
  1.0560773E-03 -7.0284453E-02 -1.0694195E-03
  1.0815806E-03 -7.0388566E-02 -1.0952449E-03
  1.1073126E-03 -7.0498836E-02 -1.1213020E-03
  1.1332755E-03 -7.0615043E-02 -1.1475929E-03
  1.1594713E-03 -7.0736990E-02 -1.1741197E-03
  1.1859022E-03 -7.0864489E-02 -1.2008845E-03
  1.2125702E-03 -7.0997372E-02 -1.2278894E-03
  1.2394775E-03 -7.1135479E-02 -1.2551367E-03
  1.2666262E-03 -7.1278666E-02 -1.2826284E-03
  1.2940185E-03 -7.1426797E-02 -1.3103667E-03
  1.3216565E-03 -7.1579746E-02 -1.3383539E-03
  1.3495425E-03 -7.1737398E-02 -1.3665923E-03
  1.3776787E-03 -7.1899647E-02 -1.3950840E-03
  1.4060674E-03 -7.2066391E-02 -1.4238313E-03
  1.4347107E-03 -7.2237539E-02 -1.4528365E-03
  1.4636111E-03 -7.2413007E-02 -1.4821020E-03
  1.4927707E-03 -7.2592713E-02 -1.5116301E-03
  1.5221920E-03 -7.2776586E-02 -1.5414231E-03
  1.5518772E-03 -7.2964558E-02 -1.5714834E-03
  1.5818288E-03 -7.3156564E-02 -1.6018134E-03
  1.6120491E-03 -7.3352548E-02 -1.6324155E-03
  1.6425406E-03 -7.3552456E-02 -1.6632922E-03
  1.6733056E-03 -7.3756237E-02 -1.6944459E-03
  1.7043467E-03 -7.3963846E-02 -1.7258791E-03
  1.7356662E-03 -7.4175241E-02 -1.7575944E-03
  1.7672668E-03 -7.4390382E-02 -1.7895942E-03
  1.7991509E-03 -7.4609235E-02 -1.8218811E-03
  1.8313210E-03 -7.4831766E-02 -1.8544577E-03
  1.8637798E-03 -7.5057945E-02 -1.8873266E-03
  1.8965298E-03 -7.5287746E-02 -1.9204904E-03
  1.9295736E-03 -7.5521143E-02 -1.9539518E-03
  1.9629140E-03 -7.5758114E-02 -1.9877133E-03
  1.9965534E-03 -7.5998639E-02 -2.0217778E-03
  2.0304947E-03 -7.6242699E-02 -2.0561479E-03
  2.0647405E-03 -7.6490279E-02 -2.0908264E-03
  2.0992935E-03 -7.6741364E-02 -2.1258160E-03
  2.1341566E-03 -7.6995941E-02 -2.1611196E-03
  2.1693324E-03 -7.7254001E-02 -2.1967399E-03
  2.2048239E-03 -7.7515533E-02 -2.2326798E-03
  2.2406338E-03 -7.7780530E-02 -2.2689422E-03
  2.2767650E-03 -7.8048987E-02 -2.3055299E-03
  2.3132203E-03 -7.8320897E-02 -2.3424459E-03
  2.3500028E-03 -7.8596258E-02 -2.3796931E-03
  2.3871152E-03 -7.8875068E-02 -2.4172744E-03
  2.4245606E-03 -7.9157326E-02 -2.4551930E-03
  2.4623420E-03 -7.9443032E-02 -2.4934518E-03
  2.5004624E-03 -7.9732186E-02 -2.5320538E-03
  2.5389248E-03 -8.0024793E-02 -2.5710022E-03
  2.5777323E-03 -8.0320854E-02 -2.6103001E-03
  2.6168880E-03 -8.0620375E-02 -2.6499505E-03
  2.6563949E-03 -8.0923360E-02 -2.6899567E-03
  2.6962564E-03 -8.1229816E-02 -2.7303218E-03
  2.7364754E-03 -8.1539751E-02 -2.7710491E-03
  2.7770554E-03 -8.1853171E-02 -2.8121418E-03
  2.8179994E-03 -8.2170087E-02 -2.8536032E-03
  2.8593108E-03 -8.2490506E-02 -2.8954366E-03
  2.9009928E-03 -8.2814441E-02 -2.9376453E-03
  2.9430488E-03 -8.3141901E-02 -2.9802328E-03
  2.9854821E-03 -8.3472899E-02 -3.0232023E-03
  3.0282962E-03 -8.3807447E-02 -3.0665574E-03
  3.0714943E-03 -8.4145558E-02 -3.1103014E-03
  3.1150801E-03 -8.4487246E-02 -3.1544380E-03
  3.1590569E-03 -8.4832526E-02 -3.1989705E-03
  3.2034283E-03 -8.5181411E-02 -3.2439026E-03
  3.2481978E-03 -8.5533919E-02 -3.2892379E-03
  3.2933689E-03 -8.5890065E-02 -3.3349799E-03
  3.3389454E-03 -8.6249867E-02 -3.3811323E-03
  3.3849307E-03 -8.6613340E-02 -3.4276988E-03
  3.4313287E-03 -8.6980504E-02 -3.4746831E-03
  3.4781429E-03 -8.7351376E-02 -3.5220889E-03
  3.5253772E-03 -8.7725976E-02 -3.5699201E-03
  3.5730352E-03 -8.8104322E-02 -3.6181804E-03
  3.6211208E-03 -8.8486435E-02 -3.6668738E-03
  3.6696379E-03 -8.8872336E-02 -3.7160040E-03
  3.7185903E-03 -8.9262045E-02 -3.7655751E-03
  3.7679818E-03 -8.9655582E-02 -3.8155909E-03
  3.8178166E-03 -9.0052971E-02 -3.8660554E-03
  3.8680984E-03 -9.0454234E-02 -3.9169727E-03
  3.9188314E-03 -9.0859392E-02 -3.9683469E-03
  3.9700196E-03 -9.1268470E-02 -4.0201820E-03
  4.0216670E-03 -9.1681490E-02 -4.0724822E-03
  4.0737778E-03 -9.2098477E-02 -4.1252517E-03
  4.1263561E-03 -9.2519454E-02 -4.1784946E-03
  4.1794062E-03 -9.2944448E-02 -4.2322152E-03
  4.2329323E-03 -9.3373482E-02 -4.2864178E-03
  4.2869386E-03 -9.3806583E-02 -4.3411068E-03
  4.3414295E-03 -9.4243776E-02 -4.3962864E-03
  4.3964092E-03 -9.4685088E-02 -4.4519611E-03
  4.4518823E-03 -9.5130545E-02 -4.5081353E-03
  4.5078530E-03 -9.5580175E-02 -4.5648136E-03
  4.5643260E-03 -9.6034006E-02 -4.6220004E-03
  4.6213056E-03 -9.6492064E-02 -4.6797002E-03
  4.6787964E-03 -9.6954378E-02 -4.7379178E-03
  4.7368031E-03 -9.7420977E-02 -4.7966577E-03
  4.7953302E-03 -9.7891890E-02 -4.8559247E-03
  4.8543824E-03 -9.8367146E-02 -4.9157234E-03
  4.9139644E-03 -9.8846775E-02 -4.9760586E-03
  4.9740810E-03 -9.9330806E-02 -5.0369352E-03
  5.0347370E-03 -9.9819271E-02 -5.0983580E-03
  5.0959372E-03 -1.0031220E-01 -5.1603319E-03
  5.1576864E-03 -1.0080962E-01 -5.2228619E-03
  5.2199898E-03 -1.0131157E-01 -5.2859529E-03
  5.2828521E-03 -1.0181808E-01 -5.3496100E-03
  5.3462784E-03 -1.0232918E-01 -5.4138382E-03
  5.4102737E-03 -1.0284490E-01 -5.4786427E-03
  5.4748433E-03 -1.0336527E-01 -5.5440286E-03
  5.5399922E-03 -1.0389034E-01 -5.6100012E-03
  5.6057256E-03 -1.0442012E-01 -5.6765658E-03
  5.6720487E-03 -1.0495467E-01 -5.7437276E-03
  5.7389669E-03 -1.0549400E-01 -5.8114919E-03
  5.8064856E-03 -1.0603815E-01 -5.8798643E-03
  5.8746100E-03 -1.0658717E-01 -5.9488502E-03
  5.9433456E-03 -1.0714108E-01 -6.0184550E-03
  6.0126979E-03 -1.0769992E-01 -6.0886844E-03
  6.0826725E-03 -1.0826372E-01 -6.1595438E-03
  6.1532749E-03 -1.0883253E-01 -6.2310391E-03
  6.2245107E-03 -1.0940637E-01 -6.3031758E-03
  6.2963857E-03 -1.0998529E-01 -6.3759598E-03
  6.3689055E-03 -1.1056931E-01 -6.4493968E-03
  6.4420760E-03 -1.1115849E-01 -6.5234928E-03
  6.5159030E-03 -1.1175286E-01 -6.5982535E-03
  6.5903924E-03 -1.1235244E-01 -6.6736850E-03
  6.6655501E-03 -1.1295730E-01 -6.7497934E-03
  6.7413821E-03 -1.1356745E-01 -6.8265846E-03
  6.8178945E-03 -1.1418294E-01 -6.9040649E-03
  6.8950934E-03 -1.1480381E-01 -6.9822403E-03
  6.9729849E-03 -1.1543010E-01 -7.0611171E-03
  7.0515753E-03 -1.1606185E-01 -7.1407017E-03
  7.1308708E-03 -1.1669910E-01 -7.2210003E-03
  7.2108777E-03 -1.1734189E-01 -7.3020195E-03
  7.2916025E-03 -1.1799026E-01 -7.3837655E-03
  7.3730515E-03 -1.1864426E-01 -7.4662451E-03
  7.4552314E-03 -1.1930391E-01 -7.5494646E-03
  7.5381485E-03 -1.1996927E-01 -7.6334309E-03
  7.6218096E-03 -1.2064038E-01 -7.7181506E-03
  7.7062213E-03 -1.2131728E-01 -7.8036304E-03
  7.7913903E-03 -1.2200001E-01 -7.8898772E-03
  7.8773235E-03 -1.2268861E-01 -7.9768978E-03
  7.9640277E-03 -1.2338314E-01 -8.0646993E-03
  8.0515098E-03 -1.2408362E-01 -8.1532885E-03
  8.1397768E-03 -1.2479012E-01 -8.2426727E-03
  8.2288358E-03 -1.2550266E-01 -8.3328588E-03
  8.3186938E-03 -1.2622130E-01 -8.4238541E-03
  8.4093580E-03 -1.2694608E-01 -8.5156659E-03
  8.5008357E-03 -1.2767704E-01 -8.6083016E-03
  8.5931341E-03 -1.2841424E-01 -8.7017683E-03
  8.6862606E-03 -1.2915771E-01 -8.7960738E-03
  8.7802227E-03 -1.2990750E-01 -8.8912254E-03
  8.8750278E-03 -1.3066367E-01 -8.9872308E-03
  8.9706835E-03 -1.3142625E-01 -9.0840976E-03
  9.0671975E-03 -1.3219529E-01 -9.1818335E-03
  9.1645773E-03 -1.3297085E-01 -9.2804464E-03
  9.2628309E-03 -1.3375296E-01 -9.3799442E-03
  9.3619661E-03 -1.3454168E-01 -9.4803347E-03
  9.4619906E-03 -1.3533705E-01 -9.5816260E-03
  9.5629126E-03 -1.3613913E-01 -9.6838261E-03
  9.6647401E-03 -1.3694796E-01 -9.7869433E-03
  9.7674812E-03 -1.3776359E-01 -9.8909857E-03
  9.8711441E-03 -1.3858607E-01 -9.9959617E-03
  9.9757371E-03 -1.3941545E-01 -1.0101880E-02
  1.0081269E-02 -1.4025178E-01 -1.0208748E-02
  1.0187747E-02 -1.4109512E-01 -1.0316575E-02
  1.0295180E-02 -1.4194550E-01 -1.0425370E-02
  1.0403578E-02 -1.4280299E-01 -1.0535141E-02
  1.0512948E-02 -1.4366763E-01 -1.0645897E-02
  1.0623299E-02 -1.4453948E-01 -1.0757646E-02
  1.0734641E-02 -1.4541859E-01 -1.0870399E-02
  1.0846981E-02 -1.4630501E-01 -1.0984163E-02
  1.0960329E-02 -1.4719878E-01 -1.1098948E-02
  1.1074694E-02 -1.4809998E-01 -1.1214763E-02
  1.1190086E-02 -1.4900864E-01 -1.1331617E-02
  1.1306513E-02 -1.4992482E-01 -1.1449519E-02
  1.1423984E-02 -1.5084858E-01 -1.1568480E-02
  1.1542509E-02 -1.5177997E-01 -1.1688508E-02
  1.1662098E-02 -1.5271904E-01 -1.1809613E-02
  1.1782759E-02 -1.5366585E-01 -1.1931805E-02
  1.1904503E-02 -1.5462046E-01 -1.2055093E-02
  1.2027340E-02 -1.5558291E-01 -1.2179487E-02
  1.2151279E-02 -1.5655326E-01 -1.2304998E-02
  1.2276329E-02 -1.5753157E-01 -1.2431635E-02
  1.2402502E-02 -1.5851790E-01 -1.2559408E-02
  1.2529806E-02 -1.5951230E-01 -1.2688327E-02
  1.2658253E-02 -1.6051482E-01 -1.2818404E-02
  1.2787852E-02 -1.6152554E-01 -1.2949648E-02
  1.2918614E-02 -1.6254449E-01 -1.3082069E-02
  1.3050550E-02 -1.6357174E-01 -1.3215679E-02
  1.3183669E-02 -1.6460734E-01 -1.3350487E-02
  1.3317982E-02 -1.6565136E-01 -1.3486506E-02
  1.3453500E-02 -1.6670386E-01 -1.3623745E-02
  1.3590235E-02 -1.6776488E-01 -1.3762215E-02
  1.3728196E-02 -1.6883449E-01 -1.3901928E-02
  1.3867395E-02 -1.6991275E-01 -1.4042894E-02
  1.4007842E-02 -1.7099971E-01 -1.4185126E-02
  1.4149550E-02 -1.7209544E-01 -1.4328634E-02
  1.4292530E-02 -1.7320000E-01 -1.4473429E-02
  1.4436792E-02 -1.7431344E-01 -1.4619524E-02
  1.4582348E-02 -1.7543583E-01 -1.4766930E-02
  1.4729211E-02 -1.7656723E-01 -1.4915659E-02
  1.4877391E-02 -1.7770769E-01 -1.5065722E-02
  1.5026900E-02 -1.7885727E-01 -1.5217132E-02
  1.5177751E-02 -1.8001605E-01 -1.5369901E-02
  1.5329956E-02 -1.8118407E-01 -1.5524040E-02
  1.5483526E-02 -1.8236141E-01 -1.5679563E-02
  1.5638474E-02 -1.8354812E-01 -1.5836481E-02
  1.5794812E-02 -1.8474426E-01 -1.5994808E-02
  1.5952553E-02 -1.8594990E-01 -1.6154555E-02
  1.6111709E-02 -1.8716509E-01 -1.6315736E-02
  1.6272293E-02 -1.8838991E-01 -1.6478363E-02
  1.6434317E-02 -1.8962441E-01 -1.6642450E-02
  1.6597796E-02 -1.9086866E-01 -1.6808009E-02
  1.6762741E-02 -1.9212271E-01 -1.6975054E-02
  1.6929166E-02 -1.9338664E-01 -1.7143598E-02
  1.7097085E-02 -1.9466051E-01 -1.7313655E-02
  1.7266510E-02 -1.9594437E-01 -1.7485237E-02
  1.7437455E-02 -1.9723830E-01 -1.7658360E-02
  1.7609933E-02 -1.9854235E-01 -1.7833036E-02
  1.7783960E-02 -1.9985660E-01 -1.8009279E-02
  1.7959547E-02 -2.0118110E-01 -1.8187105E-02
  1.8136710E-02 -2.0251592E-01 -1.8366526E-02
  1.8315463E-02 -2.0386112E-01 -1.8547557E-02
  1.8495819E-02 -2.0521677E-01 -1.8730213E-02
  1.8677794E-02 -2.0658294E-01 -1.8914508E-02
  1.8861401E-02 -2.0795968E-01 -1.9100457E-02
  1.9046656E-02 -2.0934707E-01 -1.9288075E-02
  1.9233572E-02 -2.1074516E-01 -1.9477377E-02
  1.9422166E-02 -2.1215403E-01 -1.9668378E-02
  1.9612452E-02 -2.1357374E-01 -1.9861093E-02
  1.9804445E-02 -2.1500435E-01 -2.0055537E-02
  1.9998161E-02 -2.1644593E-01 -2.0251726E-02
  2.0193614E-02 -2.1789854E-01 -2.0449677E-02
  2.0390822E-02 -2.1936225E-01 -2.0649403E-02
  2.0589798E-02 -2.2083713E-01 -2.0850923E-02
  2.0790560E-02 -2.2232324E-01 -2.1054251E-02
  2.0993124E-02 -2.2382065E-01 -2.1259404E-02
  2.1197504E-02 -2.2532942E-01 -2.1466398E-02
  2.1403719E-02 -2.2684962E-01 -2.1675250E-02
  2.1611783E-02 -2.2838131E-01 -2.1885976E-02
  2.1821714E-02 -2.2992457E-01 -2.2098594E-02
  2.2033529E-02 -2.3147944E-01 -2.2313120E-02
  2.2247245E-02 -2.3304601E-01 -2.2529571E-02
  2.2462877E-02 -2.3462434E-01 -2.2747965E-02
  2.2680445E-02 -2.3621449E-01 -2.2968320E-02
  2.2899964E-02 -2.3781653E-01 -2.3190652E-02
  2.3121453E-02 -2.3943052E-01 -2.3414980E-02
  2.3344929E-02 -2.4105653E-01 -2.3641321E-02
  2.3570411E-02 -2.4269463E-01 -2.3869694E-02
  2.3797915E-02 -2.4434488E-01 -2.4100116E-02
  2.4027461E-02 -2.4600734E-01 -2.4332607E-02
  2.4259066E-02 -2.4768208E-01 -2.4567185E-02
  2.4492749E-02 -2.4936917E-01 -2.4803868E-02
  2.4728528E-02 -2.5106867E-01 -2.5042676E-02
  2.4966423E-02 -2.5278065E-01 -2.5283628E-02
  2.5206453E-02 -2.5450516E-01 -2.5526742E-02
  2.5448636E-02 -2.5624228E-01 -2.5772038E-02
  2.5692992E-02 -2.5799207E-01 -2.6019537E-02
  2.5939540E-02 -2.5975459E-01 -2.6269257E-02
  2.6188301E-02 -2.6152991E-01 -2.6521219E-02
  2.6439293E-02 -2.6331809E-01 -2.6775442E-02
  2.6692537E-02 -2.6511919E-01 -2.7031948E-02
  2.6948054E-02 -2.6693328E-01 -2.7290756E-02
  2.7205863E-02 -2.6876042E-01 -2.7551887E-02
  2.7465985E-02 -2.7060067E-01 -2.7815363E-02
  2.7728441E-02 -2.7245410E-01 -2.8081204E-02
  2.7993251E-02 -2.7432076E-01 -2.8349432E-02
  2.8260438E-02 -2.7620072E-01 -2.8620067E-02
  2.8530022E-02 -2.7809404E-01 -2.8893132E-02
  2.8802024E-02 -2.8000078E-01 -2.9168648E-02
  2.9076467E-02 -2.8192101E-01 -2.9446638E-02
  2.9353372E-02 -2.8385477E-01 -2.9727124E-02
  2.9632762E-02 -2.8580214E-01 -3.0010128E-02
  2.9914659E-02 -2.8776317E-01 -3.0295672E-02
  3.0199084E-02 -2.8973791E-01 -3.0583781E-02
  3.0486062E-02 -2.9172644E-01 -3.0874476E-02
  3.0775614E-02 -2.9372880E-01 -3.1167780E-02
  3.1067764E-02 -2.9574506E-01 -3.1463719E-02
  3.1362536E-02 -2.9777527E-01 -3.1762314E-02
  3.1659952E-02 -2.9981949E-01 -3.2063590E-02
  3.1960037E-02 -3.0187777E-01 -3.2367572E-02
  3.2262814E-02 -3.0395017E-01 -3.2674283E-02
  3.2568307E-02 -3.0603674E-01 -3.2983747E-02
  3.2876542E-02 -3.0813754E-01 -3.3295991E-02
  3.3187542E-02 -3.1025263E-01 -3.3611038E-02
  3.3501332E-02 -3.1238205E-01 -3.3928914E-02
  3.3817938E-02 -3.1452585E-01 -3.4249645E-02
  3.4137384E-02 -3.1668410E-01 -3.4573255E-02
  3.4459696E-02 -3.1885683E-01 -3.4899772E-02
  3.4784901E-02 -3.2104411E-01 -3.5229221E-02
  3.5113023E-02 -3.2324597E-01 -3.5561628E-02
  3.5444088E-02 -3.2546247E-01 -3.5897020E-02
  3.5778125E-02 -3.2769366E-01 -3.6235424E-02
  3.6115158E-02 -3.2993958E-01 -3.6576868E-02
  3.6455215E-02 -3.3220027E-01 -3.6921377E-02
  3.6798324E-02 -3.3447579E-01 -3.7268981E-02
  3.7144510E-02 -3.3676618E-01 -3.7619707E-02
  3.7493803E-02 -3.3907148E-01 -3.7973582E-02
  3.7846230E-02 -3.4139173E-01 -3.8330636E-02
  3.8201818E-02 -3.4372698E-01 -3.8690897E-02
  3.8560597E-02 -3.4607726E-01 -3.9054394E-02
  3.8922595E-02 -3.4844262E-01 -3.9421155E-02
  3.9287841E-02 -3.5082309E-01 -3.9791211E-02
  3.9656364E-02 -3.5321871E-01 -4.0164591E-02
  4.0028193E-02 -3.5562951E-01 -4.0541324E-02
  4.0403359E-02 -3.5805554E-01 -4.0921442E-02
  4.0781890E-02 -3.6049682E-01 -4.1304975E-02
  4.1163818E-02 -3.6295338E-01 -4.1691952E-02
  4.1549172E-02 -3.6542527E-01 -4.2082406E-02
  4.1937984E-02 -3.6791250E-01 -4.2476368E-02
  4.2330284E-02 -3.7041511E-01 -4.2873869E-02
  4.2726104E-02 -3.7293313E-01 -4.3274941E-02
  4.3125475E-02 -3.7546657E-01 -4.3679617E-02
  4.3528430E-02 -3.7801547E-01 -4.4087928E-02
  4.3935000E-02 -3.8057985E-01 -4.4499908E-02
  4.4345218E-02 -3.8315972E-01 -4.4915590E-02
  4.4759116E-02 -3.8575512E-01 -4.5335006E-02
  4.5176728E-02 -3.8836605E-01 -4.5758192E-02
  4.5598086E-02 -3.9099254E-01 -4.6185179E-02
  4.6023225E-02 -3.9363459E-01 -4.6616004E-02
  4.6452179E-02 -3.9629224E-01 -4.7050700E-02
  4.6884981E-02 -3.9896547E-01 -4.7489303E-02
  4.7321666E-02 -4.0165432E-01 -4.7931847E-02
  4.7762270E-02 -4.0435878E-01 -4.8378369E-02
  4.8206826E-02 -4.0707886E-01 -4.8828904E-02
  4.8655371E-02 -4.0981457E-01 -4.9283487E-02
  4.9107941E-02 -4.1256591E-01 -4.9742157E-02
  4.9564570E-02 -4.1533288E-01 -5.0204949E-02
  5.0025297E-02 -4.1811548E-01 -5.0671901E-02
  5.0490158E-02 -4.2091371E-01 -5.1143051E-02
  5.0959189E-02 -4.2372756E-01 -5.1618436E-02
  5.1432429E-02 -4.2655703E-01 -5.2098094E-02
  5.1909914E-02 -4.2940211E-01 -5.2582065E-02
  5.2391684E-02 -4.3226278E-01 -5.3070386E-02
  5.2877776E-02 -4.3513903E-01 -5.3563098E-02
  5.3368229E-02 -4.3803086E-01 -5.4060239E-02
  5.3863083E-02 -4.4093823E-01 -5.4561851E-02
  5.4362376E-02 -4.4386113E-01 -5.5067973E-02
  5.4866150E-02 -4.4679955E-01 -5.5578646E-02
  5.5374443E-02 -4.4975344E-01 -5.6093912E-02
  5.5887297E-02 -4.5272279E-01 -5.6613811E-02
  5.6404752E-02 -4.5570756E-01 -5.7138386E-02
  5.6926849E-02 -4.5870773E-01 -5.7667678E-02
  5.7453631E-02 -4.6172326E-01 -5.8201731E-02
  5.7985140E-02 -4.6475410E-01 -5.8740588E-02
  5.8521417E-02 -4.6780023E-01 -5.9284292E-02
  5.9062506E-02 -4.7086159E-01 -5.9832886E-02
  5.9608449E-02 -4.7393815E-01 -6.0386416E-02
  6.0159291E-02 -4.7702985E-01 -6.0944925E-02
  6.0715075E-02 -4.8013664E-01 -6.1508459E-02
  6.1275845E-02 -4.8325847E-01 -6.2077064E-02
  6.1841647E-02 -4.8639527E-01 -6.2650785E-02
  6.2412525E-02 -4.8954700E-01 -6.3229668E-02
  6.2988525E-02 -4.9271358E-01 -6.3813760E-02
  6.3569693E-02 -4.9589495E-01 -6.4403109E-02
  6.4156076E-02 -4.9909105E-01 -6.4997762E-02
  6.4747719E-02 -5.0230178E-01 -6.5597768E-02
  6.5344671E-02 -5.0552709E-01 -6.6203174E-02
  6.5946979E-02 -5.0876688E-01 -6.6814029E-02
  6.6554690E-02 -5.1202109E-01 -6.7430384E-02
  6.7167854E-02 -5.1528961E-01 -6.8052287E-02
  6.7786520E-02 -5.1857236E-01 -6.8679790E-02
  6.8410736E-02 -5.2186925E-01 -6.9312942E-02
  6.9040553E-02 -5.2518018E-01 -6.9951796E-02
  6.9676020E-02 -5.2850504E-01 -7.0596403E-02
  7.0317189E-02 -5.3184374E-01 -7.1246815E-02
  7.0964111E-02 -5.3519617E-01 -7.1903086E-02
  7.1616837E-02 -5.3856221E-01 -7.2565267E-02
  7.2275419E-02 -5.4194174E-01 -7.3233414E-02
  7.2939911E-02 -5.4533465E-01 -7.3907579E-02
  7.3610364E-02 -5.4874081E-01 -7.4587819E-02
  7.4286832E-02 -5.5216009E-01 -7.5274187E-02
  7.4969370E-02 -5.5559237E-01 -7.5966740E-02
  7.5658031E-02 -5.5903750E-01 -7.6665535E-02
  7.6352872E-02 -5.6249534E-01 -7.7370627E-02
  7.7053946E-02 -5.6596575E-01 -7.8082074E-02
  7.7761311E-02 -5.6944858E-01 -7.8799935E-02
  7.8475022E-02 -5.7294368E-01 -7.9524267E-02
  7.9195137E-02 -5.7645088E-01 -8.0255129E-02
  7.9921712E-02 -5.7997002E-01 -8.0992582E-02
  8.0654807E-02 -5.8350094E-01 -8.1736684E-02
  8.1394479E-02 -5.8704346E-01 -8.2487497E-02
  8.2140787E-02 -5.9059741E-01 -8.3245082E-02
  8.2893791E-02 -5.9416260E-01 -8.4009501E-02
  8.3653552E-02 -5.9773885E-01 -8.4780816E-02
  8.4420129E-02 -6.0132596E-01 -8.5559090E-02
  8.5193584E-02 -6.0492374E-01 -8.6344386E-02
  8.5973978E-02 -6.0853199E-01 -8.7136770E-02
  8.6761374E-02 -6.1215049E-01 -8.7936305E-02
  8.7555835E-02 -6.1577905E-01 -8.8743057E-02
  8.8357424E-02 -6.1941743E-01 -8.9557092E-02
  8.9166204E-02 -6.2306542E-01 -9.0378477E-02
  8.9982242E-02 -6.2672279E-01 -9.1207279E-02
  9.0805600E-02 -6.3038930E-01 -9.2043566E-02
  9.1636346E-02 -6.3406472E-01 -9.2887406E-02
  9.2474546E-02 -6.3774880E-01 -9.3738869E-02
  9.3320266E-02 -6.4144130E-01 -9.4598025E-02
  9.4173574E-02 -6.4514194E-01 -9.5464944E-02
  9.5034538E-02 -6.4885049E-01 -9.6339698E-02
  9.5903226E-02 -6.5256665E-01 -9.7222359E-02
  9.6779709E-02 -6.5629017E-01 -9.8112998E-02
  9.7664055E-02 -6.6002077E-01 -9.9011691E-02
  9.8556336E-02 -6.6375815E-01 -9.9918510E-02
  9.9456622E-02 -6.6750203E-01 -1.0083353E-01
  1.0036499E-01 -6.7125210E-01 -1.0175683E-01
  1.0128150E-01 -6.7500808E-01 -1.0268848E-01
  1.0220624E-01 -6.7876963E-01 -1.0362856E-01
  1.0313927E-01 -6.8253646E-01 -1.0457715E-01
  1.0408068E-01 -6.8630822E-01 -1.0553432E-01
  1.0503053E-01 -6.9008461E-01 -1.0650016E-01
  1.0598890E-01 -6.9386527E-01 -1.0747475E-01
  1.0695587E-01 -6.9764987E-01 -1.0845816E-01
  1.0793152E-01 -7.0143806E-01 -1.0945048E-01
  1.0891592E-01 -7.0522949E-01 -1.1045179E-01
  1.0990916E-01 -7.0902378E-01 -1.1146218E-01
  1.1091130E-01 -7.1282057E-01 -1.1248172E-01
  1.1192244E-01 -7.1661949E-01 -1.1351051E-01
  1.1294265E-01 -7.2042014E-01 -1.1454863E-01
  1.1397201E-01 -7.2422215E-01 -1.1559616E-01
  1.1501061E-01 -7.2802510E-01 -1.1665319E-01
  1.1605852E-01 -7.3182861E-01 -1.1771981E-01
  1.1711584E-01 -7.3563225E-01 -1.1879612E-01
  1.1818265E-01 -7.3943561E-01 -1.1988219E-01
  1.1925902E-01 -7.4323826E-01 -1.2097813E-01
  1.2034506E-01 -7.4703976E-01 -1.2208402E-01
  1.2144083E-01 -7.5083968E-01 -1.2319995E-01
  1.2254644E-01 -7.5463757E-01 -1.2432603E-01
  1.2366197E-01 -7.5843297E-01 -1.2546234E-01
  1.2478751E-01 -7.6222541E-01 -1.2660898E-01
  1.2592314E-01 -7.6601443E-01 -1.2776605E-01
  1.2706897E-01 -7.6979954E-01 -1.2893364E-01
  1.2822507E-01 -7.7358026E-01 -1.3011185E-01
  1.2939155E-01 -7.7735610E-01 -1.3130079E-01
  1.3056849E-01 -7.8112654E-01 -1.3250055E-01
  1.3175600E-01 -7.8489109E-01 -1.3371124E-01
  1.3295415E-01 -7.8864922E-01 -1.3493295E-01
  1.3416306E-01 -7.9240040E-01 -1.3616580E-01
  1.3538282E-01 -7.9614411E-01 -1.3740988E-01
  1.3661351E-01 -7.9987979E-01 -1.3866530E-01
  1.3785525E-01 -8.0360690E-01 -1.3993218E-01
  1.3910813E-01 -8.0732487E-01 -1.4121061E-01
  1.4037226E-01 -8.1103315E-01 -1.4250071E-01
  1.4164772E-01 -8.1473115E-01 -1.4380258E-01
  1.4293463E-01 -8.1841830E-01 -1.4511635E-01
  1.4423308E-01 -8.2209399E-01 -1.4644211E-01
  1.4554318E-01 -8.2575763E-01 -1.4777999E-01
  1.4686504E-01 -8.2940861E-01 -1.4913010E-01
  1.4819876E-01 -8.3304631E-01 -1.5049256E-01
  1.4954444E-01 -8.3667011E-01 -1.5186748E-01
  1.5090220E-01 -8.4027938E-01 -1.5325498E-01
  1.5227214E-01 -8.4387346E-01 -1.5465519E-01
  1.5365437E-01 -8.4745170E-01 -1.5606822E-01
  1.5504900E-01 -8.5101346E-01 -1.5749419E-01
  1.5645615E-01 -8.5455806E-01 -1.5893324E-01
  1.5787592E-01 -8.5808482E-01 -1.6038547E-01
  1.5930843E-01 -8.6159305E-01 -1.6185103E-01
  1.6075379E-01 -8.6508207E-01 -1.6333004E-01
  1.6221212E-01 -8.6855117E-01 -1.6482263E-01
  1.6368353E-01 -8.7199963E-01 -1.6632892E-01
  1.6516814E-01 -8.7542674E-01 -1.6784905E-01
  1.6666608E-01 -8.7883178E-01 -1.6938316E-01
  1.6817745E-01 -8.8221399E-01 -1.7093137E-01
  1.6970239E-01 -8.8557264E-01 -1.7249383E-01
  1.7124101E-01 -8.8890698E-01 -1.7407066E-01
  1.7279343E-01 -8.9221623E-01 -1.7566202E-01
  1.7435978E-01 -8.9549963E-01 -1.7726804E-01
  1.7594018E-01 -8.9875639E-01 -1.7888885E-01
  1.7753476E-01 -9.0198574E-01 -1.8052462E-01
  1.7914365E-01 -9.0518686E-01 -1.8217547E-01
  1.8076698E-01 -9.0835897E-01 -1.8384156E-01
  1.8240487E-01 -9.1150123E-01 -1.8552303E-01
  1.8405745E-01 -9.1461284E-01 -1.8722003E-01
  1.8572487E-01 -9.1769297E-01 -1.8893272E-01
  1.8740724E-01 -9.2074076E-01 -1.9066125E-01
  1.8910470E-01 -9.2375539E-01 -1.9240577E-01
  1.9081740E-01 -9.2673599E-01 -1.9416644E-01
  1.9254546E-01 -9.2968170E-01 -1.9594341E-01
  1.9428903E-01 -9.3259166E-01 -1.9773684E-01
  1.9604824E-01 -9.3546498E-01 -1.9954690E-01
  1.9782324E-01 -9.3830079E-01 -2.0137374E-01
  1.9961416E-01 -9.4109819E-01 -2.0321753E-01
  2.0142115E-01 -9.4385629E-01 -2.0507845E-01
  2.0324435E-01 -9.4657417E-01 -2.0695664E-01
  2.0508391E-01 -9.4925093E-01 -2.0885229E-01
  2.0693997E-01 -9.5188565E-01 -2.1076556E-01
  2.0881269E-01 -9.5447740E-01 -2.1269663E-01
  2.1070221E-01 -9.5702526E-01 -2.1464567E-01
  2.1260868E-01 -9.5952828E-01 -2.1661285E-01
  2.1453225E-01 -9.6198553E-01 -2.1859837E-01
  2.1647309E-01 -9.6439605E-01 -2.2060238E-01
  2.1843134E-01 -9.6675891E-01 -2.2262508E-01
  2.2040716E-01 -9.6907313E-01 -2.2466666E-01
  2.2240070E-01 -9.7133777E-01 -2.2672728E-01
  2.2441213E-01 -9.7355185E-01 -2.2880715E-01
  2.2644161E-01 -9.7571441E-01 -2.3090644E-01
  2.2848930E-01 -9.7782448E-01 -2.3302536E-01
  2.3055536E-01 -9.7988109E-01 -2.3516408E-01
  2.3263996E-01 -9.8188327E-01 -2.3732282E-01
  2.3474326E-01 -9.8383003E-01 -2.3950175E-01
  2.3686543E-01 -9.8572041E-01 -2.4170108E-01
  2.3900664E-01 -9.8755344E-01 -2.4392102E-01
  2.4116706E-01 -9.8932813E-01 -2.4616175E-01
  2.4334687E-01 -9.9104351E-01 -2.4842348E-01
  2.4554623E-01 -9.9269862E-01 -2.5070641E-01
  2.4776533E-01 -9.9429250E-01 -2.5301077E-01
  2.5000433E-01 -9.9582417E-01 -2.5533674E-01
  2.5226343E-01 -9.9729269E-01 -2.5768454E-01
  2.5454279E-01 -9.9869710E-01 -2.6005438E-01
  2.5684261E-01 -1.0000365E+00 -2.6244648E-01
  2.5916306E-01 -1.0013098E+00 -2.6486104E-01
  2.6150432E-01 -1.0025163E+00 -2.6729830E-01
  2.6386660E-01 -1.0036550E+00 -2.6975845E-01
  2.6625007E-01 -1.0047250E+00 -2.7224173E-01
  2.6865492E-01 -1.0057253E+00 -2.7474836E-01
  2.7108135E-01 -1.0066552E+00 -2.7727855E-01
  2.7352955E-01 -1.0075138E+00 -2.7983253E-01
  2.7599972E-01 -1.0083003E+00 -2.8241053E-01
  2.7849204E-01 -1.0090138E+00 -2.8501278E-01
  2.8100673E-01 -1.0096536E+00 -2.8763949E-01
  2.8354399E-01 -1.0102189E+00 -2.9029091E-01
  2.8610400E-01 -1.0107089E+00 -2.9296727E-01
  2.8868699E-01 -1.0111231E+00 -2.9566879E-01
  2.9129315E-01 -1.0114607E+00 -2.9839571E-01
  2.9392269E-01 -1.0117211E+00 -3.0114826E-01
  2.9657583E-01 -1.0119037E+00 -3.0392669E-01
  2.9925277E-01 -1.0120080E+00 -3.0673122E-01
  3.0195372E-01 -1.0120334E+00 -3.0956210E-01
  3.0467891E-01 -1.0119796E+00 -3.1241956E-01
  3.0742856E-01 -1.0118460E+00 -3.1530384E-01
  3.1020287E-01 -1.0116325E+00 -3.1821520E-01
  3.1300207E-01 -1.0113386E+00 -3.2115385E-01
  3.1582639E-01 -1.0109642E+00 -3.2412006E-01
  3.1867605E-01 -1.0105091E+00 -3.2711406E-01
  3.2155127E-01 -1.0099733E+00 -3.3013609E-01
  3.2445229E-01 -1.0093566E+00 -3.3318640E-01
  3.2737934E-01 -1.0086594E+00 -3.3626523E-01
  3.3033266E-01 -1.0078815E+00 -3.3937283E-01
  3.3331247E-01 -1.0070234E+00 -3.4250943E-01
  3.3631901E-01 -1.0060854E+00 -3.4567530E-01
  3.3935253E-01 -1.0050679E+00 -3.4887066E-01
  3.4241327E-01 -1.0039715E+00 -3.5209577E-01
  3.4550147E-01 -1.0027969E+00 -3.5535087E-01
  3.4861737E-01 -1.0015448E+00 -3.5863620E-01
  3.5176123E-01 -1.0002161E+00 -3.6195202E-01
  3.5493330E-01 -9.9881182E-01 -3.6529855E-01
  3.5813383E-01 -9.9733319E-01 -3.6867605E-01
  3.6136308E-01 -9.9578146E-01 -3.7208476E-01
  3.6462129E-01 -9.9415807E-01 -3.7552492E-01
  3.6790875E-01 -9.9246460E-01 -3.7899678E-01
  3.7122569E-01 -9.9070277E-01 -3.8250056E-01
  3.7457240E-01 -9.8887448E-01 -3.8603652E-01
  3.7794913E-01 -9.8698175E-01 -3.8960490E-01
  3.8135616E-01 -9.8502680E-01 -3.9320592E-01
  3.8479376E-01 -9.8301199E-01 -3.9683983E-01
  3.8826220E-01 -9.8093986E-01 -4.0050687E-01
  3.9176176E-01 -9.7881311E-01 -4.0420726E-01
  3.9529272E-01 -9.7663461E-01 -4.0794125E-01
  3.9885536E-01 -9.7440742E-01 -4.1170906E-01
  4.0244996E-01 -9.7213476E-01 -4.1551092E-01
  4.0607682E-01 -9.6982001E-01 -4.1934707E-01
  4.0973621E-01 -9.6746673E-01 -4.2321773E-01
  4.1342844E-01 -9.6507866E-01 -4.2712313E-01
  4.1715379E-01 -9.6265968E-01 -4.3106350E-01
  4.2091257E-01 -9.6021384E-01 -4.3503905E-01
  4.2470507E-01 -9.5774535E-01 -4.3905001E-01
  4.2853160E-01 -9.5525855E-01 -4.4309661E-01
  4.3239247E-01 -9.5275794E-01 -4.4717906E-01
  4.3628797E-01 -9.5024813E-01 -4.5129757E-01
  4.4021842E-01 -9.4773385E-01 -4.5545237E-01
  4.4418414E-01 -9.4521994E-01 -4.5964367E-01
  4.4818544E-01 -9.4271134E-01 -4.6387169E-01
  4.5222263E-01 -9.4021304E-01 -4.6813663E-01
  4.5629605E-01 -9.3773013E-01 -4.7243871E-01
  4.6040602E-01 -9.3526770E-01 -4.7677815E-01
  4.6455286E-01 -9.3283090E-01 -4.8115515E-01
  4.6873691E-01 -9.3042487E-01 -4.8556991E-01
  4.7295850E-01 -9.2805472E-01 -4.9002266E-01
  4.7721796E-01 -9.2572554E-01 -4.9451360E-01
  4.8151565E-01 -9.2344233E-01 -4.9904293E-01
  4.8585189E-01 -9.2121000E-01 -5.0361087E-01
  4.9022703E-01 -9.1903335E-01 -5.0821762E-01
  4.9464143E-01 -9.1691701E-01 -5.1286339E-01
  4.9909544E-01 -9.1486543E-01 -5.1754840E-01
  5.0358941E-01 -9.1288285E-01 -5.2227284E-01
  5.0812370E-01 -9.1097324E-01 -5.2703694E-01
  5.1269867E-01 -9.0914026E-01 -5.3184091E-01
  5.1731468E-01 -9.0738725E-01 -5.3668495E-01
  5.2197212E-01 -9.0571714E-01 -5.4156930E-01
  5.2667134E-01 -9.0413241E-01 -5.4649415E-01
  5.3141272E-01 -9.0263506E-01 -5.5145974E-01
  5.3619664E-01 -9.0122647E-01 -5.5646629E-01
  5.4102349E-01 -8.9990741E-01 -5.6151401E-01
  5.4589364E-01 -8.9867787E-01 -5.6660315E-01
  5.5080749E-01 -8.9753700E-01 -5.7173393E-01
  5.5576542E-01 -8.9648301E-01 -5.7690659E-01
  5.6076784E-01 -8.9551297E-01 -5.8212136E-01
  5.6581514E-01 -8.9462271E-01 -5.8737850E-01
  5.7090772E-01 -8.9380661E-01 -5.9267824E-01
  5.7604600E-01 -8.9305739E-01 -5.9802084E-01
  5.8123038E-01 -8.9236588E-01 -6.0340654E-01
  5.8646127E-01 -8.9172071E-01 -6.0883562E-01
  5.9173909E-01 -8.9110807E-01 -6.1430834E-01
  5.9706427E-01 -8.9051126E-01 -6.1982496E-01
  6.0243723E-01 -8.8991041E-01 -6.2538574E-01
  6.0785839E-01 -8.8928197E-01 -6.3099098E-01
  6.1332819E-01 -8.8859832E-01 -6.3664094E-01
  6.1884707E-01 -8.8782725E-01 -6.4233591E-01
  6.2441546E-01 -8.8693155E-01 -6.4807616E-01
  6.3003382E-01 -8.8586850E-01 -6.5386199E-01
  6.3570258E-01 -8.8458948E-01 -6.5969368E-01
  6.4142220E-01 -8.8303967E-01 -6.6557152E-01
  6.4719314E-01 -8.8115789E-01 -6.7149580E-01
  6.5301586E-01 -8.7887661E-01 -6.7746679E-01
  6.5889082E-01 -8.7612232E-01 -6.8348479E-01
  6.6481849E-01 -8.7281625E-01 -6.8955006E-01
  6.7079934E-01 -8.6887562E-01 -6.9566289E-01
  6.7683386E-01 -8.6421547E-01 -7.0182353E-01
  6.8292251E-01 -8.5875124E-01 -7.0803224E-01
  6.8906580E-01 -8.5240220E-01 -7.1428927E-01
  6.9526420E-01 -8.4509576E-01 -7.2059485E-01
  7.0151822E-01 -8.3677277E-01 -7.2694920E-01
  7.0782835E-01 -8.2739364E-01 -7.3335250E-01
  7.1419509E-01 -8.1694529E-01 -7.3980495E-01
  7.2061896E-01 -8.0544846E-01 -7.4630669E-01
  7.2710046E-01 -7.9296512E-01 -7.5285785E-01
  7.3364012E-01 -7.7960528E-01 -7.5945853E-01
  7.4023844E-01 -7.6553245E-01 -7.6610879E-01
  7.4689598E-01 -7.5096698E-01 -7.7280866E-01
  7.5361324E-01 -7.3618632E-01 -7.7955814E-01
  7.6039077E-01 -7.2152137E-01 -7.8635715E-01
  7.6722911E-01 -7.0734845E-01 -7.9320560E-01
  7.7412880E-01 -6.9407650E-01 -8.0010332E-01
  7.8109040E-01 -6.8212985E-01 -8.0705011E-01
  7.8811446E-01 -6.7192732E-01 -8.1404569E-01
  7.9520154E-01 -6.6385906E-01 -8.2108971E-01
  8.0235220E-01 -6.5826295E-01 -8.2818177E-01
  8.0956703E-01 -6.5540261E-01 -8.3532138E-01
  8.1684658E-01 -6.5544945E-01 -8.4250798E-01
  8.2419145E-01 -6.5847034E-01 -8.4974093E-01
  8.3160221E-01 -6.6442277E-01 -8.5701948E-01
  8.3907947E-01 -6.7315779E-01 -8.6434281E-01
  8.4662381E-01 -6.8443085E-01 -8.7170999E-01
  8.5423585E-01 -6.9791937E-01 -8.7912001E-01
  8.6191617E-01 -7.1324521E-01 -8.8657173E-01
  8.6966541E-01 -7.2999973E-01 -8.9406391E-01
  8.7748417E-01 -7.4776886E-01 -9.0159522E-01
  8.8537309E-01 -7.6615596E-01 -9.0916417E-01
  8.9333278E-01 -7.8480044E-01 -9.1676919E-01
  9.0136389E-01 -8.0339110E-01 -9.2440857E-01
  9.0946706E-01 -8.2167389E-01 -9.3208048E-01
  9.1764293E-01 -8.3945420E-01 -9.3978297E-01
  9.2589215E-01 -8.5659484E-01 -9.4751396E-01
  9.3421539E-01 -8.7301058E-01 -9.5527124E-01
  9.4261330E-01 -8.8866066E-01 -9.6305246E-01
  9.5108656E-01 -9.0354032E-01 -9.7085516E-01
  9.5963584E-01 -9.1767231E-01 -9.7867674E-01
  9.6826183E-01 -9.3109898E-01 -9.8651448E-01
  9.7696522E-01 -9.4387537E-01 -9.9436553E-01
  9.8574668E-01 -9.5606354E-01 -1.0022269E+00
  9.9460694E-01 -9.6772812E-01 -1.0100955E+00
  1.0035467E+00 -9.7893296E-01 -1.0179682E+00
  1.0125667E+00 -9.8973880E-01 -1.0258415E+00
  1.0216675E+00 -1.0002018E+00 -1.0337122E+00
  1.0308501E+00 -1.0103724E+00 -1.0415765E+00
  1.0401150E+00 -1.0202955E+00 -1.0494310E+00
  1.0494631E+00 -1.0300097E+00 -1.0572719E+00
  1.0588950E+00 -1.0395481E+00 -1.0650954E+00
  1.0684116E+00 -1.0489380E+00 -1.0728977E+00
  1.0780135E+00 -1.0582020E+00 -1.0806748E+00
  1.0877016E+00 -1.0673581E+00 -1.0884228E+00
  1.0974766E+00 -1.0764202E+00 -1.0961377E+00
  1.1073393E+00 -1.0853985E+00 -1.1038154E+00
  1.1172905E+00 -1.0943004E+00 -1.1114521E+00
  1.1273310E+00 -1.1031303E+00 -1.1190436E+00
  1.1374616E+00 -1.1118904E+00 -1.1265859E+00
  1.1476830E+00 -1.1205810E+00 -1.1340753E+00
  1.1579962E+00 -1.1292007E+00 -1.1415078E+00
  1.1684019E+00 -1.1377469E+00 -1.1488797E+00
  1.1789009E+00 -1.1462160E+00 -1.1561874E+00
  1.1894942E+00 -1.1546034E+00 -1.1634275E+00
  1.2001825E+00 -1.1629040E+00 -1.1705966E+00
  1.2109667E+00 -1.1711123E+00 -1.1776917E+00
  1.2218477E+00 -1.1792226E+00 -1.1847101E+00
  1.2328262E+00 -1.1872289E+00 -1.1916492E+00
  1.2439033E+00 -1.1951255E+00 -1.1985069E+00
  1.2550798E+00 -1.2029064E+00 -1.2052815E+00
  1.2663565E+00 -1.2105660E+00 -1.2119717E+00
  1.2777345E+00 -1.2180990E+00 -1.2185768E+00
  1.2892145E+00 -1.2255002E+00 -1.2250966E+00
  1.3007975E+00 -1.2327648E+00 -1.2315316E+00
  1.3124844E+00 -1.2398881E+00 -1.2378831E+00
  1.3242762E+00 -1.2468662E+00 -1.2441532E+00
  1.3361738E+00 -1.2536950E+00 -1.2503452E+00
  1.3481781E+00 -1.2603713E+00 -1.2564631E+00
  1.3602901E+00 -1.2668917E+00 -1.2625126E+00
  1.3725108E+00 -1.2732535E+00 -1.2685003E+00
  1.3848412E+00 -1.2794541E+00 -1.2744348E+00
  1.3972822E+00 -1.2854913E+00 -1.2803263E+00
  1.4098348E+00 -1.2913630E+00 -1.2861870E+00
  1.4225000E+00 -1.2970677E+00 -1.2920314E+00
  1.4352789E+00 -1.3026036E+00 -1.2978764E+00
  1.4481724E+00 -1.3079696E+00 -1.3037420E+00
  1.4611816E+00 -1.3131645E+00 -1.3096472E+00
  1.4743075E+00 -1.3181872E+00 -1.3156766E+00
  1.4875511E+00 -1.3230369E+00 -1.3217696E+00
  1.5009137E+00 -1.3277130E+00 -1.3272863E+00
  1.5143960E+00 -1.3322147E+00 -1.3317913E+00
  1.5279994E+00 -1.3365415E+00 -1.3357550E+00
  1.5417248E+00 -1.3406930E+00 -1.3396021E+00
  1.5555734E+00 -1.3446686E+00 -1.3433332E+00
  1.5695462E+00 -1.3484681E+00 -1.3469329E+00
  1.5836444E+00 -1.3520910E+00 -1.3504101E+00
  1.5978690E+00 -1.3555370E+00 -1.3537717E+00
  1.6122213E+00 -1.3588059E+00 -1.3570249E+00
  1.6267024E+00 -1.3618972E+00 -1.3601771E+00
  1.6413133E+00 -1.3648108E+00 -1.3632357E+00
  1.6560554E+00 -1.3675462E+00 -1.3662072E+00
  1.6709298E+00 -1.3701032E+00 -1.3691072E+00
  1.6859376E+00 -1.3724813E+00 -1.3719539E+00
  1.7010800E+00 -1.3746804E+00 -1.3745665E+00
  1.7163583E+00 -1.3766999E+00 -1.3767224E+00
  1.7317737E+00 -1.3785396E+00 -1.3785453E+00
  1.7473274E+00 -1.3801989E+00 -1.3801983E+00
  1.7630207E+00 -1.3816776E+00 -1.3816776E+00
  1.7788547E+00 -1.3829750E+00 -1.3829750E+00
  1.7948308E+00 -1.3840909E+00 -1.3840909E+00
  1.8109503E+00 -1.3850247E+00 -1.3850247E+00
  1.8272143E+00 -1.3857758E+00 -1.3857758E+00
  1.8436243E+00 -1.3863439E+00 -1.3863439E+00
  1.8601816E+00 -1.3867284E+00 -1.3867284E+00
  1.8768874E+00 -1.3869287E+00 -1.3869287E+00
  1.8937430E+00 -1.3869444E+00 -1.3869444E+00
  1.9107499E+00 -1.3867750E+00 -1.3867750E+00
  1.9279094E+00 -1.3864198E+00 -1.3864198E+00
  1.9452229E+00 -1.3858785E+00 -1.3858785E+00
  1.9626917E+00 -1.3851505E+00 -1.3851505E+00
  1.9803172E+00 -1.3842354E+00 -1.3842354E+00
  1.9981008E+00 -1.3831326E+00 -1.3831326E+00
  2.0160440E+00 -1.3818418E+00 -1.3818418E+00
  2.0341482E+00 -1.3803626E+00 -1.3803626E+00
  2.0524149E+00 -1.3786947E+00 -1.3786947E+00
  2.0708454E+00 -1.3768377E+00 -1.3768377E+00
  2.0894413E+00 -1.3747915E+00 -1.3747915E+00
  2.1082040E+00 -1.3725559E+00 -1.3725559E+00
  2.1271351E+00 -1.3701309E+00 -1.3701309E+00
  2.1462360E+00 -1.3675164E+00 -1.3675164E+00
  2.1655083E+00 -1.3647125E+00 -1.3647125E+00
  2.1849535E+00 -1.3617195E+00 -1.3617195E+00
  2.2045732E+00 -1.3585378E+00 -1.3585378E+00
  2.2243689E+00 -1.3551677E+00 -1.3551677E+00
  2.2443422E+00 -1.3516099E+00 -1.3516099E+00
  2.2644947E+00 -1.3478653E+00 -1.3478653E+00
  2.2848281E+00 -1.3439347E+00 -1.3439347E+00
  2.3053438E+00 -1.3398192E+00 -1.3398192E+00
  2.3260437E+00 -1.3355203E+00 -1.3355203E+00
  2.3469292E+00 -1.3310394E+00 -1.3310394E+00
  2.3680022E+00 -1.3263783E+00 -1.3263783E+00
  2.3892642E+00 -1.3215390E+00 -1.3215390E+00
  2.4107169E+00 -1.3165238E+00 -1.3165238E+00
  2.4323622E+00 -1.3113352E+00 -1.3113352E+00
  2.4542017E+00 -1.3059759E+00 -1.3059759E+00
  2.4762371E+00 -1.3004492E+00 -1.3004492E+00
  2.4984702E+00 -1.2947582E+00 -1.2947582E+00
  2.5209027E+00 -1.2889068E+00 -1.2889068E+00
  2.5435366E+00 -1.2828989E+00 -1.2828989E+00
  2.5663735E+00 -1.2767388E+00 -1.2767388E+00
  2.5894153E+00 -1.2704313E+00 -1.2704313E+00
  2.6126639E+00 -1.2639812E+00 -1.2639812E+00
  2.6361210E+00 -1.2573939E+00 -1.2573939E+00
  2.6597886E+00 -1.2506750E+00 -1.2506750E+00
  2.6836686E+00 -1.2438304E+00 -1.2438304E+00
  2.7077628E+00 -1.2368666E+00 -1.2368666E+00
  2.7320732E+00 -1.2297899E+00 -1.2297899E+00
  2.7566017E+00 -1.2226073E+00 -1.2226073E+00
  2.7813502E+00 -1.2153260E+00 -1.2153260E+00
  2.8063208E+00 -1.2079534E+00 -1.2079534E+00
  2.8315155E+00 -1.2004971E+00 -1.2004971E+00
  2.8569362E+00 -1.1929651E+00 -1.1929651E+00
  2.8825850E+00 -1.1853653E+00 -1.1853653E+00
  2.9084639E+00 -1.1777060E+00 -1.1777060E+00
  2.9345750E+00 -1.1699957E+00 -1.1699957E+00
  2.9609203E+00 -1.1622427E+00 -1.1622427E+00
  2.9875021E+00 -1.1544556E+00 -1.1544556E+00
  3.0143223E+00 -1.1466430E+00 -1.1466430E+00
  3.0413832E+00 -1.1388134E+00 -1.1388134E+00
  3.0686868E+00 -1.1309754E+00 -1.1309754E+00
  3.0962355E+00 -1.1231374E+00 -1.1231374E+00
  3.1240313E+00 -1.1153076E+00 -1.1153076E+00
  3.1520765E+00 -1.1074942E+00 -1.1074942E+00
  3.1803733E+00 -1.0997052E+00 -1.0997052E+00
  3.2089240E+00 -1.0919483E+00 -1.0919483E+00
  3.2377308E+00 -1.0842307E+00 -1.0842307E+00
  3.2667961E+00 -1.0765597E+00 -1.0765597E+00
  3.2961222E+00 -1.0689420E+00 -1.0689420E+00
  3.3257114E+00 -1.0613838E+00 -1.0613838E+00
  3.3555661E+00 -1.0538912E+00 -1.0538912E+00
  3.3856887E+00 -1.0464696E+00 -1.0464696E+00
  3.4160815E+00 -1.0391240E+00 -1.0391240E+00
  3.4467470E+00 -1.0318589E+00 -1.0318589E+00
  3.4776876E+00 -1.0246784E+00 -1.0246784E+00
  3.5089058E+00 -1.0175859E+00 -1.0175859E+00
  3.5404041E+00 -1.0105843E+00 -1.0105843E+00
  3.5721851E+00 -1.0036760E+00 -1.0036760E+00
  3.6042511E+00 -9.9686269E-01 -9.9686269E-01
  3.6366049E+00 -9.9014573E-01 -9.9014573E-01
  3.6692490E+00 -9.8352573E-01 -9.8352573E-01
  3.7021859E+00 -9.7700277E-01 -9.7700277E-01
  3.7354184E+00 -9.7057639E-01 -9.7057639E-01
  3.7689490E+00 -9.6424555E-01 -9.6424555E-01
  3.8027805E+00 -9.5800868E-01 -9.5800868E-01
  3.8369155E+00 -9.5186369E-01 -9.5186369E-01
  3.8713567E+00 -9.4580798E-01 -9.4580798E-01
  3.9061070E+00 -9.3983842E-01 -9.3983842E-01
  3.9411691E+00 -9.3395147E-01 -9.3395147E-01
  3.9765457E+00 -9.2814309E-01 -9.2814309E-01
  4.0122397E+00 -9.2240886E-01 -9.2240886E-01
  4.0482540E+00 -9.1674396E-01 -9.1674396E-01
  4.0845915E+00 -9.1114319E-01 -9.1114319E-01
  4.1212549E+00 -9.0560103E-01 -9.0560103E-01
  4.1582473E+00 -9.0011169E-01 -9.0011169E-01
  4.1955716E+00 -8.9466908E-01 -8.9466908E-01
  4.2332307E+00 -8.8926690E-01 -8.8926690E-01
  4.2712278E+00 -8.8389866E-01 -8.8389866E-01
  4.3095658E+00 -8.7855771E-01 -8.7855771E-01
  4.3482477E+00 -8.7323728E-01 -8.7323728E-01
  4.3872767E+00 -8.6793052E-01 -8.6793052E-01
  4.4266559E+00 -8.6263052E-01 -8.6263052E-01
  4.4663883E+00 -8.5733038E-01 -8.5733038E-01
  4.5064773E+00 -8.5202322E-01 -8.5202322E-01
  4.5469259E+00 -8.4670220E-01 -8.4670220E-01
  4.5877375E+00 -8.4136060E-01 -8.4136060E-01
  4.6289152E+00 -8.3599181E-01 -8.3599181E-01
  4.6704624E+00 -8.3058938E-01 -8.3058938E-01
  4.7123823E+00 -8.2514706E-01 -8.2514706E-01
  4.7546784E+00 -8.1965880E-01 -8.1965880E-01
  4.7973539E+00 -8.1411882E-01 -8.1411882E-01
  4.8404124E+00 -8.0852158E-01 -8.0852158E-01
  4.8838571E+00 -8.0286186E-01 -8.0286186E-01
  4.9276917E+00 -7.9713474E-01 -7.9713474E-01
  4.9719195E+00 -7.9133562E-01 -7.9133562E-01
  5.0165441E+00 -7.8546029E-01 -7.8546029E-01
  5.0615692E+00 -7.7950487E-01 -7.7950487E-01
  5.1069982E+00 -7.7346588E-01 -7.7346588E-01
  5.1528347E+00 -7.6734021E-01 -7.6734021E-01
  5.1990826E+00 -7.6112516E-01 -7.6112516E-01
  5.2457454E+00 -7.5481843E-01 -7.5481843E-01
  5.2928268E+00 -7.4841811E-01 -7.4841811E-01
  5.3403307E+00 -7.4192272E-01 -7.4192272E-01
  5.3882608E+00 -7.3533117E-01 -7.3533117E-01
  5.4366209E+00 -7.2864276E-01 -7.2864276E-01
  5.4854149E+00 -7.2185722E-01 -7.2185722E-01
  5.5346466E+00 -7.1497463E-01 -7.1497463E-01
  5.5843201E+00 -7.0799549E-01 -7.0799549E-01
  5.6344393E+00 -7.0092063E-01 -7.0092063E-01
  5.6850082E+00 -6.9375126E-01 -6.9375126E-01
  5.7360307E+00 -6.8648895E-01 -6.8648895E-01
  5.7875111E+00 -6.7913556E-01 -6.7913556E-01
  5.8394533E+00 -6.7169330E-01 -6.7169330E-01
  5.8918616E+00 -6.6416466E-01 -6.6416466E-01
  5.9447400E+00 -6.5655241E-01 -6.5655241E-01
  5.9980929E+00 -6.4885959E-01 -6.4885959E-01
  6.0519245E+00 -6.4108949E-01 -6.4108949E-01
  6.1062391E+00 -6.3324561E-01 -6.3324561E-01
  6.1610410E+00 -6.2533167E-01 -6.2533167E-01
  6.2163346E+00 -6.1735156E-01 -6.1735156E-01
  6.2721243E+00 -6.0930935E-01 -6.0930935E-01
  6.3284145E+00 -6.0120927E-01 -6.0120927E-01
  6.3852098E+00 -5.9305566E-01 -5.9305566E-01
  6.4425146E+00 -5.8485299E-01 -5.8485299E-01
  6.5003336E+00 -5.7660580E-01 -5.7660580E-01
  6.5586713E+00 -5.6831875E-01 -5.6831875E-01
  6.6175325E+00 -5.5999651E-01 -5.5999651E-01
  6.6769218E+00 -5.5164383E-01 -5.5164383E-01
  6.7368439E+00 -5.4326547E-01 -5.4326547E-01
  6.7973037E+00 -5.3486622E-01 -5.3486622E-01
  6.8583059E+00 -5.2645087E-01 -5.2645087E-01
  6.9198554E+00 -5.1802417E-01 -5.1802417E-01
  6.9819571E+00 -5.0959087E-01 -5.0959087E-01
  7.0446161E+00 -5.0115567E-01 -5.0115567E-01
  7.1078372E+00 -4.9272324E-01 -4.9272324E-01
  7.1716255E+00 -4.8429817E-01 -4.8429817E-01
  7.2359862E+00 -4.7588499E-01 -4.7588499E-01
  7.3009243E+00 -4.6748816E-01 -4.6748816E-01
  7.3664450E+00 -4.5911204E-01 -4.5911204E-01
  7.4325536E+00 -4.5076093E-01 -4.5076093E-01
  7.4992553E+00 -4.4243899E-01 -4.4243899E-01
  7.5665555E+00 -4.3415031E-01 -4.3415031E-01
  7.6344596E+00 -4.2589886E-01 -4.2589886E-01
  7.7029728E+00 -4.1768849E-01 -4.1768849E-01
  7.7721008E+00 -4.0952296E-01 -4.0952296E-01
  7.8418490E+00 -4.0140587E-01 -4.0140587E-01
  7.9122229E+00 -3.9334074E-01 -3.9334074E-01
  7.9832283E+00 -3.8533093E-01 -3.8533093E-01
  8.0548708E+00 -3.7737970E-01 -3.7737970E-01
  8.1271560E+00 -3.6949016E-01 -3.6949016E-01
  8.2000898E+00 -3.6166531E-01 -3.6166531E-01
  8.2736779E+00 -3.5390802E-01 -3.5390802E-01
  8.3479263E+00 -3.4622103E-01 -3.4622103E-01
  8.4228409E+00 -3.3860693E-01 -3.3860693E-01
  8.4984276E+00 -3.3106822E-01 -3.3106822E-01
  8.5746925E+00 -3.2360723E-01 -3.2360723E-01
  8.6516416E+00 -3.1622621E-01 -3.1622621E-01
  8.7292811E+00 -3.0892725E-01 -3.0892725E-01
  8.8076173E+00 -3.0171234E-01 -3.0171234E-01
  8.8866562E+00 -2.9458332E-01 -2.9458332E-01
  8.9664043E+00 -2.8754194E-01 -2.8754194E-01
  9.0468679E+00 -2.8058982E-01 -2.8058982E-01
  9.1280535E+00 -2.7372846E-01 -2.7372846E-01
  9.2099674E+00 -2.6695926E-01 -2.6695926E-01
  9.2926163E+00 -2.6028349E-01 -2.6028349E-01
  9.3760067E+00 -2.5370233E-01 -2.5370233E-01
  9.4601454E+00 -2.4721684E-01 -2.4721684E-01
  9.5450389E+00 -2.4082798E-01 -2.4082798E-01
  9.6306941E+00 -2.3453662E-01 -2.3453662E-01
  9.7171178E+00 -2.2834351E-01 -2.2834351E-01
  9.8043169E+00 -2.2224933E-01 -2.2224933E-01
  9.8922983E+00 -2.1625465E-01 -2.1625465E-01
  9.9810692E+00 -2.1035995E-01 -2.1035995E-01
  1.0070636E+01 -2.0456562E-01 -2.0456562E-01
  1.0161007E+01 -1.9887197E-01 -1.9887197E-01
  1.0252189E+01 -1.9327923E-01 -1.9327923E-01
  1.0344189E+01 -1.8778755E-01 -1.8778755E-01
  1.0437014E+01 -1.8239698E-01 -1.8239698E-01
  1.0530672E+01 -1.7710753E-01 -1.7710753E-01
  1.0625171E+01 -1.7191912E-01 -1.7191912E-01
  1.0720517E+01 -1.6683158E-01 -1.6683158E-01
  1.0816719E+01 -1.6184471E-01 -1.6184471E-01
  1.0913783E+01 -1.5695822E-01 -1.5695822E-01
  1.1011719E+01 -1.5217176E-01 -1.5217176E-01
  1.1110534E+01 -1.4748492E-01 -1.4748492E-01
  1.1210235E+01 -1.4289724E-01 -1.4289724E-01
  1.1310830E+01 -1.3840818E-01 -1.3840818E-01
  1.1412328E+01 -1.3401718E-01 -1.3401718E-01
  1.1514737E+01 -1.2972360E-01 -1.2972360E-01
  1.1618064E+01 -1.2552677E-01 -1.2552677E-01
  1.1722319E+01 -1.2142594E-01 -1.2142594E-01
  1.1827509E+01 -1.1742035E-01 -1.1742035E-01
  1.1933643E+01 -1.1350918E-01 -1.1350918E-01
  1.2040729E+01 -1.0969157E-01 -1.0969157E-01
  1.2148776E+01 -1.0596661E-01 -1.0596661E-01
  1.2257792E+01 -1.0233337E-01 -1.0233337E-01
  1.2367786E+01 -9.8790879E-02 -9.8790879E-02
  1.2478767E+01 -9.5338116E-02 -9.5338116E-02
  1.2590744E+01 -9.1974042E-02 -9.1974042E-02
  1.2703726E+01 -8.8697585E-02 -8.8697585E-02
  1.2817721E+01 -8.5507641E-02 -8.5507641E-02
  1.2932739E+01 -8.2403079E-02 -8.2403079E-02
  1.3048789E+01 -7.9382744E-02 -7.9382744E-02
  1.3165880E+01 -7.6445454E-02 -7.6445454E-02
  1.3284022E+01 -7.3590008E-02 -7.3590008E-02
  1.3403224E+01 -7.0815180E-02 -7.0815180E-02
  1.3523495E+01 -6.8119728E-02 -6.8119728E-02
  1.3644846E+01 -6.5502391E-02 -6.5502391E-02
  1.3767285E+01 -6.2961892E-02 -6.2961892E-02
  1.3890822E+01 -6.0496938E-02 -6.0496938E-02
  1.4015468E+01 -5.8106224E-02 -5.8106224E-02
  1.4141233E+01 -5.5788432E-02 -5.5788432E-02
  1.4268126E+01 -5.3542236E-02 -5.3542236E-02
  1.4396157E+01 -5.1366299E-02 -5.1366299E-02
  1.4525337E+01 -4.9259276E-02 -4.9259276E-02
  1.4655676E+01 -4.7219817E-02 -4.7219817E-02
  1.4787184E+01 -4.5246567E-02 -4.5246567E-02
  1.4919872E+01 -4.3338167E-02 -4.3338167E-02
  1.5053751E+01 -4.1493255E-02 -4.1493255E-02
  1.5188831E+01 -3.9710469E-02 -3.9710469E-02
  1.5325123E+01 -3.7988447E-02 -3.7988447E-02
  1.5462638E+01 -3.6325827E-02 -3.6325827E-02
  1.5601386E+01 -3.4721252E-02 -3.4721252E-02
  1.5741380E+01 -3.3173367E-02 -3.3173367E-02
  1.5882629E+01 -3.1680820E-02 -3.1680820E-02
  1.6025146E+01 -3.0242268E-02 -3.0242268E-02
  1.6168942E+01 -2.8856373E-02 -2.8856373E-02
  1.6314027E+01 -2.7521805E-02 -2.7521805E-02
  1.6460414E+01 -2.6237244E-02 -2.6237244E-02
  1.6608115E+01 -2.5001378E-02 -2.5001378E-02
  1.6757141E+01 -2.3812906E-02 -2.3812906E-02
  1.6907504E+01 -2.2670540E-02 -2.2670540E-02
  1.7059216E+01 -2.1573003E-02 -2.1573003E-02
  1.7212289E+01 -2.0519031E-02 -2.0519031E-02
  1.7366736E+01 -1.9507375E-02 -1.9507375E-02
  1.7522568E+01 -1.8536800E-02 -1.8536800E-02
  1.7679799E+01 -1.7606086E-02 -1.7606086E-02
  1.7838440E+01 -1.6714031E-02 -1.6714031E-02
  1.7998504E+01 -1.5859447E-02 -1.5859447E-02
  1.8160005E+01 -1.5041165E-02 -1.5041165E-02
  1.8322955E+01 -1.4258033E-02 -1.4258033E-02
  1.8487366E+01 -1.3508918E-02 -1.3508918E-02
  1.8653253E+01 -1.2792706E-02 -1.2792706E-02
  1.8820628E+01 -1.2108302E-02 -1.2108302E-02
  1.8989505E+01 -1.1454629E-02 -1.1454629E-02
  1.9159897E+01 -1.0830634E-02 -1.0830634E-02
  1.9331818E+01 -1.0235280E-02 -1.0235280E-02
  1.9505281E+01 -9.6675534E-03 -9.6675534E-03
  1.9680301E+01 -9.1264612E-03 -9.1264612E-03
  1.9856891E+01 -8.6110312E-03 -8.6110312E-03
  2.0035065E+01 -8.1203128E-03 -8.1203128E-03
  2.0214838E+01 -7.6533770E-03 -7.6533770E-03
  2.0396224E+01 -7.2093164E-03 -7.2093164E-03
  2.0579237E+01 -6.7872456E-03 -6.7872456E-03
  2.0763892E+01 -6.3863010E-03 -6.3863010E-03
  2.0950204E+01 -6.0056410E-03 -6.0056410E-03
  2.1138188E+01 -5.6444460E-03 -5.6444460E-03
  2.1327858E+01 -5.3019183E-03 -5.3019183E-03
  2.1519230E+01 -4.9772820E-03 -4.9772820E-03
  2.1712319E+01 -4.6697832E-03 -4.6697832E-03
  2.1907140E+01 -4.3786896E-03 -4.3786896E-03
  2.2103710E+01 -4.1032905E-03 -4.1032905E-03
  2.2302043E+01 -3.8428967E-03 -3.8428967E-03
  2.2502155E+01 -3.5968403E-03 -3.5968403E-03
  2.2704063E+01 -3.3644743E-03 -3.3644743E-03
  2.2907782E+01 -3.1451728E-03 -3.1451728E-03
  2.3113330E+01 -2.9383303E-03 -2.9383303E-03
  2.3320721E+01 -2.7433620E-03 -2.7433620E-03
  2.3529973E+01 -2.5597027E-03 -2.5597027E-03
  2.3741103E+01 -2.3868075E-03 -2.3868075E-03
  2.3954127E+01 -2.2241506E-03 -2.2241506E-03
  2.4169062E+01 -2.0712255E-03 -2.0712255E-03
  2.4385925E+01 -1.9275446E-03 -1.9275446E-03
  2.4604735E+01 -1.7926387E-03 -1.7926387E-03
  2.4825507E+01 -1.6660567E-03 -1.6660567E-03
  2.5048260E+01 -1.5473652E-03 -1.5473652E-03
  2.5273012E+01 -1.4361484E-03 -1.4361484E-03
  2.5499781E+01 -1.3320070E-03 -1.3320070E-03
  2.5728583E+01 -1.2345588E-03 -1.2345588E-03
  2.5959439E+01 -1.1434372E-03 -1.1434372E-03
  2.6192366E+01 -1.0582919E-03 -1.0582919E-03
  2.6427383E+01 -9.7878749E-04 -9.7878749E-04
  2.6664509E+01 -9.0460368E-04 -9.0460368E-04
  2.6903762E+01 -8.3543464E-04 -8.3543464E-04
  2.7145161E+01 -7.7098856E-04 -7.7098856E-04
  2.7388727E+01 -7.1098733E-04 -7.1098733E-04
  2.7634477E+01 -6.5516984E-04 -6.5516984E-04
  2.7882433E+01 -6.0559181E-04 -6.0559181E-04
  2.8132613E+01 -5.3626396E-04 -5.3626396E-04
  2.8385038E+01 -5.0976887E-04 -5.0976887E-04
  2.8639728E+01 -5.2208828E-04 -5.2208828E-04
  2.8896703E+01 -4.5975480E-04 -4.5975480E-04
  2.9155984E+01 -4.2395097E-04 -4.2395097E-04
  2.9417590E+01 -3.8863470E-04 -3.8863470E-04
  2.9681544E+01 -3.5597162E-04 -3.5597162E-04
  2.9947867E+01 -3.2578716E-04 -3.2578716E-04
  3.0216578E+01 -2.9791635E-04 -2.9791635E-04
  3.0487701E+01 -2.7220325E-04 -2.7220325E-04
  3.0761256E+01 -2.4850081E-04 -2.4850081E-04
  3.1037265E+01 -2.2667032E-04 -2.2667032E-04
  3.1315751E+01 -2.0658115E-04 -2.0658115E-04
  3.1596736E+01 -1.8811030E-04 -1.8811030E-04
  3.1880241E+01 -1.7114224E-04 -1.7114224E-04
  3.2166290E+01 -1.5556829E-04 -1.5556829E-04
  3.2454906E+01 -1.4128664E-04 -1.4128664E-04
  3.2746111E+01 -1.2820170E-04 -1.2820170E-04
  3.3039929E+01 -1.1622398E-04 -1.1622398E-04
  3.3336383E+01 -1.0526978E-04 -1.0526978E-04
  3.3635497E+01 -9.5260719E-05 -9.5260719E-05
  3.3937294E+01 -8.6123794E-05 -8.6123794E-05
  3.4241799E+01 -7.7790819E-05 -7.7790819E-05
  3.4549037E+01 -7.0198032E-05 -7.0198032E-05
  3.4859030E+01 -6.3286325E-05 -6.3286325E-05
  3.5171806E+01 -5.7000609E-05 -5.7000609E-05
  3.5487387E+01 -5.1289682E-05 -5.1289682E-05
  3.5805800E+01 -4.6105938E-05 -4.6105938E-05
  3.6127070E+01 -4.1405598E-05 -4.1405598E-05
  3.6451222E+01 -3.7147554E-05 -3.7147554E-05
  3.6778282E+01 -3.3294143E-05 -3.3294143E-05
  3.7108277E+01 -2.9810292E-05 -2.9810292E-05
  3.7441233E+01 -2.6664191E-05 -2.6664191E-05
  3.7777176E+01 -2.3825338E-05 -2.3825338E-05
  3.8116133E+01 -2.1266814E-05 -2.1266814E-05
  3.8458131E+01 -1.8963095E-05 -1.8963095E-05
  3.8803198E+01 -1.6891371E-05 -1.6891371E-05
  3.9151360E+01 -1.5029644E-05 -1.5029644E-05
  3.9502647E+01 -1.3358695E-05 -1.3358695E-05
  3.9857085E+01 -1.1861647E-05 -1.1861647E-05
  4.0214703E+01 -1.0519216E-05 -1.0519216E-05
  4.0575530E+01 -9.3196739E-06 -9.3196739E-06
  4.0939594E+01 -8.2480940E-06 -8.2480940E-06
  4.1306925E+01 -7.2915105E-06 -7.2915105E-06
  4.1677552E+01 -6.4373441E-06 -6.4373441E-06
  4.2051503E+01 -5.6782549E-06 -5.6782549E-06
  4.2428810E+01 -5.0010727E-06 -5.0010727E-06
  4.2809502E+01 -4.4022605E-06 -4.4022605E-06
  4.3193610E+01 -3.8661138E-06 -3.8661138E-06
  4.3581164E+01 -3.3967399E-06 -3.3967399E-06
  4.3972195E+01 -2.9763467E-06 -2.9763467E-06
  4.4366734E+01 -2.6090074E-06 -2.6090074E-06
  4.4764814E+01 -2.2768225E-06 -2.2768225E-06
  4.5166465E+01 -1.9964478E-06 -1.9964478E-06
  4.5571719E+01 -1.7404105E-06 -1.7404105E-06
  4.5980610E+01 -1.5121475E-06 -1.5121475E-06
  4.6393169E+01 -1.3186233E-06 -1.3186233E-06
  4.6809430E+01 -1.1536050E-06 -1.1536050E-06
  4.7229425E+01 -1.0047348E-06 -1.0047348E-06
  4.7653189E+01 -8.7454558E-07 -8.7454558E-07
  4.8080755E+01 -7.3906620E-07 -7.3906620E-07
  4.8512157E+01 -6.5930471E-07 -6.5930471E-07
  4.8947429E+01 -5.4273926E-07 -5.4273926E-07
  4.9386607E+01 -4.5898032E-07 -4.5898032E-07
  4.9829726E+01 -4.2572833E-07 -4.2572833E-07
  5.0276819E+01 -3.3609186E-07 -3.3609186E-07
  5.0727925E+01  0.0000000E+00  0.0000000E+00
  5.1183077E+01  0.0000000E+00  0.0000000E+00
  5.1642314E+01  0.0000000E+00  0.0000000E+00
  5.2105670E+01  0.0000000E+00  0.0000000E+00
  5.2573184E+01  0.0000000E+00  0.0000000E+00
  5.3044893E+01  0.0000000E+00  0.0000000E+00
  5.3520834E+01  0.0000000E+00  0.0000000E+00
  5.4001045E+01  0.0000000E+00  0.0000000E+00
  5.4485564E+01  0.0000000E+00  0.0000000E+00
  5.4974431E+01  0.0000000E+00  0.0000000E+00
  5.5467684E+01  0.0000000E+00  0.0000000E+00
  5.5965362E+01  0.0000000E+00  0.0000000E+00
  5.6467505E+01  0.0000000E+00  0.0000000E+00
  5.6974154E+01  0.0000000E+00  0.0000000E+00
  5.7485349E+01  0.0000000E+00  0.0000000E+00
  5.8001130E+01  0.0000000E+00  0.0000000E+00
  5.8521539E+01  0.0000000E+00  0.0000000E+00
  5.9046616E+01  0.0000000E+00  0.0000000E+00
  5.9576405E+01  0.0000000E+00  0.0000000E+00
  6.0110948E+01  0.0000000E+00  0.0000000E+00
  6.0650286E+01  0.0000000E+00  0.0000000E+00
  6.1194463E+01  0.0000000E+00  0.0000000E+00
  6.1743523E+01  0.0000000E+00  0.0000000E+00
  6.2297508E+01  0.0000000E+00  0.0000000E+00
  6.2856465E+01  0.0000000E+00  0.0000000E+00
  6.3420436E+01  0.0000000E+00  0.0000000E+00
  6.3989467E+01  0.0000000E+00  0.0000000E+00
  6.4563604E+01  0.0000000E+00  0.0000000E+00
  6.5142892E+01  0.0000000E+00  0.0000000E+00
  6.5727377E+01  0.0000000E+00  0.0000000E+00
  6.6317107E+01  0.0000000E+00  0.0000000E+00
  6.6912127E+01  0.0000000E+00  0.0000000E+00
  6.7512486E+01  0.0000000E+00  0.0000000E+00
  6.8118232E+01  0.0000000E+00  0.0000000E+00
  6.8729413E+01  0.0000000E+00  0.0000000E+00
  6.9346077E+01  0.0000000E+00  0.0000000E+00
  6.9968273E+01  0.0000000E+00  0.0000000E+00
  7.0596053E+01  0.0000000E+00  0.0000000E+00
  7.1229464E+01  0.0000000E+00  0.0000000E+00
  7.1868559E+01  0.0000000E+00  0.0000000E+00
  7.2513388E+01  0.0000000E+00  0.0000000E+00
  7.3164002E+01  0.0000000E+00  0.0000000E+00
  7.3820454E+01  0.0000000E+00  0.0000000E+00
  7.4482795E+01  0.0000000E+00  0.0000000E+00
  7.5151079E+01  0.0000000E+00  0.0000000E+00
  7.5825359E+01  0.0000000E+00  0.0000000E+00
  7.6505689E+01  0.0000000E+00  0.0000000E+00
  7.7192123E+01  0.0000000E+00  0.0000000E+00
  7.7884715E+01  0.0000000E+00  0.0000000E+00
  7.8583522E+01  0.0000000E+00  0.0000000E+00
  7.9288598E+01  0.0000000E+00  0.0000000E+00
  8.0000000E+01  0.0000000E+00  0.0000000E+00
