   0.0000000E+00   0.0000000E+00   0.0000000E+00
   2.6339452E-06   1.7125487E-07   7.3651546E-11
   5.2839094E-06   6.8413833E-07   2.9640062E-10
   7.9499898E-06   1.5419750E-06   6.7096757E-10
   1.0632285E-05   2.7494350E-06   1.2001114E-09
   1.3330892E-05   4.3116717E-06   1.8866304E-09
   1.6045912E-05   6.2342068E-06   2.7333624E-09
   1.8777444E-05   8.5227018E-06   3.7431855E-09
   2.1525588E-05   1.1183036E-05   4.9190185E-09
   2.4290446E-05   1.4221232E-05   6.2638215E-09
   2.7072119E-05   1.7643448E-05   7.7805964E-09
   2.9870709E-05   2.1455966E-05   9.4723874E-09
   3.2686319E-05   2.5665192E-05   1.1342282E-08
   3.5519053E-05   3.0277642E-05   1.3393410E-08
   3.8369015E-05   3.5299948E-05   1.5628946E-08
   4.1236310E-05   4.0738849E-05   1.8052110E-08
   4.4121043E-05   4.6601196E-05   2.0666167E-08
   4.7023320E-05   5.2893945E-05   2.3474425E-08
   4.9943247E-05   5.9624160E-05   2.6480241E-08
   5.2880933E-05   6.6799013E-05   2.9687020E-08
   5.5836485E-05   7.4425782E-05   3.3098212E-08
   5.8810012E-05   8.2511855E-05   3.6717315E-08
   6.1801623E-05   9.1064727E-05   4.0547879E-08
   6.4811428E-05   1.0009200E-04   4.4593500E-08
   6.7839538E-05   1.0960139E-04   4.8857827E-08
   7.0886064E-05   1.1960071E-04   5.3344556E-08
   7.3951118E-05   1.3009791E-04   5.8057438E-08
   7.7034812E-05   1.4110103E-04   6.3000275E-08
   8.0137261E-05   1.5261822E-04   6.8176920E-08
   8.3258578E-05   1.6465777E-04   7.3591282E-08
   8.6398879E-05   1.7722805E-04   7.9247323E-08
   8.9558277E-05   1.9033758E-04   8.5149058E-08
   9.2736890E-05   2.0399497E-04   9.1300560E-08
   9.5934835E-05   2.1820897E-04   9.7705959E-08
   9.9152228E-05   2.3298844E-04   1.0436944E-07
   1.0238919E-04   2.4834235E-04   1.1129524E-07
   1.0564584E-04   2.6427981E-04   1.1848767E-07
   1.0892229E-04   2.8081005E-04   1.2595108E-07
   1.1221867E-04   2.9794243E-04   1.3368990E-07
   1.1553510E-04   3.1568641E-04   1.4170861E-07
   1.1887169E-04   3.3405162E-04   1.5001175E-07
   1.2222858E-04   3.5304778E-04   1.5860392E-07
   1.2560589E-04   3.7268477E-04   1.6748980E-07
   1.2900373E-04   3.9297258E-04   1.7667411E-07
   1.3242224E-04   4.1392134E-04   1.8616166E-07
   1.3586154E-04   4.3554134E-04   1.9595730E-07
   1.3932176E-04   4.5784298E-04   2.0606596E-07
   1.4280302E-04   4.8083679E-04   2.1649264E-07
   1.4630545E-04   5.0453348E-04   2.2724241E-07
   1.4982918E-04   5.2894386E-04   2.3832039E-07
   1.5337434E-04   5.5407891E-04   2.4973179E-07
   1.5694107E-04   5.7994974E-04   2.6148188E-07
   1.6052949E-04   6.0656763E-04   2.7357601E-07
   1.6413972E-04   6.3394398E-04   2.8601959E-07
   1.6777192E-04   6.6209035E-04   2.9881812E-07
   1.7142621E-04   6.9101848E-04   3.1197717E-07
   1.7510272E-04   7.2074021E-04   3.2550237E-07
   1.7880159E-04   7.5126759E-04   3.3939944E-07
   1.8252295E-04   7.8261280E-04   3.5367418E-07
   1.8626695E-04   8.1478818E-04   3.6833246E-07
   1.9003372E-04   8.4780624E-04   3.8338023E-07
   1.9382339E-04   8.8167965E-04   3.9882352E-07
   1.9763612E-04   9.1642124E-04   4.1466846E-07
   2.0147203E-04   9.5204402E-04   4.3092124E-07
   2.0533127E-04   9.8856116E-04   4.4758813E-07
   2.0921398E-04   1.0259860E-03   4.6467551E-07
   2.1312031E-04   1.0643321E-03   4.8218982E-07
   2.1705039E-04   1.1036131E-03   5.0013761E-07
   2.2100437E-04   1.1438428E-03   5.1852549E-07
   2.2498240E-04   1.1850355E-03   5.3736018E-07
   2.2898463E-04   1.2272052E-03   5.5664848E-07
   2.3301119E-04   1.2703664E-03   5.7639730E-07
   2.3706224E-04   1.3145337E-03   5.9661361E-07
   2.4113793E-04   1.3597219E-03   6.1730450E-07
   2.4523841E-04   1.4059459E-03   6.3847715E-07
   2.4936383E-04   1.4532211E-03   6.6013883E-07
   2.5351433E-04   1.5015626E-03   6.8229691E-07
   2.5769008E-04   1.5509862E-03   7.0495885E-07
   2.6189122E-04   1.6015076E-03   7.2813222E-07
   2.6611791E-04   1.6531427E-03   7.5182470E-07
   2.7037031E-04   1.7059077E-03   7.7604405E-07
   2.7464857E-04   1.7598191E-03   8.0079815E-07
   2.7895285E-04   1.8148934E-03   8.2609497E-07
   2.8328331E-04   1.8711474E-03   8.5194261E-07
   2.8764010E-04   1.9285982E-03   8.7834925E-07
   2.9202339E-04   1.9872630E-03   9.0532320E-07
   2.9643334E-04   2.0471593E-03   9.3287287E-07
   3.0087011E-04   2.1083047E-03   9.6100678E-07
   3.0533386E-04   2.1707172E-03   9.8973357E-07
   3.0982476E-04   2.2344149E-03   1.0190620E-06
   3.1434297E-04   2.2994162E-03   1.0490009E-06
   3.1888866E-04   2.3657397E-03   1.0795593E-06
   3.2346200E-04   2.4334042E-03   1.1107463E-06
   3.2806314E-04   2.5024288E-03   1.1425711E-06
   3.3269228E-04   2.5728329E-03   1.1750431E-06
   3.3734956E-04   2.6446359E-03   1.2081717E-06
   3.4203517E-04   2.7178578E-03   1.2419665E-06
   3.4674927E-04   2.7925186E-03   1.2764373E-06
   3.5149205E-04   2.8686386E-03   1.3115938E-06
   3.5626367E-04   2.9462384E-03   1.3474462E-06
   3.6106431E-04   3.0253389E-03   1.3840044E-06
   3.6589414E-04   3.1059610E-03   1.4212788E-06
   3.7075335E-04   3.1881263E-03   1.4592796E-06
   3.7564211E-04   3.2718563E-03   1.4980175E-06
   3.8056061E-04   3.3571730E-03   1.5375031E-06
   3.8550901E-04   3.4440985E-03   1.5777472E-06
   3.9048752E-04   3.5326553E-03   1.6187607E-06
   3.9549629E-04   3.6228662E-03   1.6605547E-06
   4.0053553E-04   3.7147541E-03   1.7031404E-06
   4.0560542E-04   3.8083424E-03   1.7465292E-06
   4.1070614E-04   3.9036548E-03   1.7907326E-06
   4.1583789E-04   4.0007151E-03   1.8357623E-06
   4.2100084E-04   4.0995475E-03   1.8816301E-06
   4.2619519E-04   4.2001765E-03   1.9283481E-06
   4.3142113E-04   4.3026270E-03   1.9759282E-06
   4.3667886E-04   4.4069241E-03   2.0243829E-06
   4.4196856E-04   4.5130933E-03   2.0737246E-06
   4.4729043E-04   4.6211602E-03   2.1239659E-06
   4.5264467E-04   4.7311510E-03   2.1751196E-06
   4.5803147E-04   4.8430920E-03   2.2271987E-06
   4.6345103E-04   4.9570101E-03   2.2802162E-06
   4.6890356E-04   5.0729322E-03   2.3341855E-06
   4.7438924E-04   5.1908858E-03   2.3891201E-06
   4.7990828E-04   5.3108986E-03   2.4450335E-06
   4.8546089E-04   5.4329987E-03   2.5019396E-06
   4.9104727E-04   5.5572145E-03   2.5598524E-06
   4.9666763E-04   5.6835749E-03   2.6187861E-06
   5.0232217E-04   5.8121089E-03   2.6787550E-06
   5.0801109E-04   5.9428460E-03   2.7397737E-06
   5.1373461E-04   6.0758162E-03   2.8018570E-06
   5.1949295E-04   6.2110496E-03   2.8650197E-06
   5.2528630E-04   6.3485769E-03   2.9292771E-06
   5.3111489E-04   6.4884291E-03   2.9946443E-06
   5.3697892E-04   6.6306374E-03   3.0611371E-06
   5.4287862E-04   6.7752338E-03   3.1287710E-06
   5.4881420E-04   6.9222502E-03   3.1975620E-06
   5.5478587E-04   7.0717193E-03   3.2675262E-06
   5.6079387E-04   7.2236741E-03   3.3386801E-06
   5.6683840E-04   7.3781477E-03   3.4110400E-06
   5.7291970E-04   7.5351741E-03   3.4846229E-06
   5.7903797E-04   7.6947873E-03   3.5594458E-06
   5.8519346E-04   7.8570220E-03   3.6355257E-06
   5.9138639E-04   8.0219132E-03   3.7128801E-06
   5.9761698E-04   8.1894962E-03   3.7915268E-06
   6.0388546E-04   8.3598070E-03   3.8714836E-06
   6.1019206E-04   8.5328819E-03   3.9527685E-06
   6.1653702E-04   8.7087577E-03   4.0354000E-06
   6.2292057E-04   8.8874715E-03   4.1193967E-06
   6.2934294E-04   9.0690609E-03   4.2047773E-06
   6.3580437E-04   9.2535642E-03   4.2915609E-06
   6.4230509E-04   9.4410199E-03   4.3797669E-06
   6.4884536E-04   9.6314670E-03   4.4694148E-06
   6.5542539E-04   9.8249450E-03   4.5605244E-06
   6.6204545E-04   1.0021494E-02   4.6531158E-06
   6.6870577E-04   1.0221154E-02   4.7472094E-06
   6.7540659E-04   1.0423967E-02   4.8428256E-06
   6.8214816E-04   1.0629974E-02   4.9399855E-06
   6.8893074E-04   1.0839217E-02   5.0387100E-06
   6.9575456E-04   1.1051738E-02   5.1390207E-06
   7.0261989E-04   1.1267580E-02   5.2409391E-06
   7.0952697E-04   1.1486788E-02   5.3444873E-06
   7.1647606E-04   1.1709404E-02   5.4496874E-06
   7.2346740E-04   1.1935473E-02   5.5565620E-06
   7.3050127E-04   1.2165042E-02   5.6651338E-06
   7.3757792E-04   1.2398154E-02   5.7754261E-06
   7.4469760E-04   1.2634858E-02   5.8874621E-06
   7.5186058E-04   1.2875198E-02   6.0012656E-06
   7.5906713E-04   1.3119223E-02   6.1168606E-06
   7.6631750E-04   1.3366981E-02   6.2342713E-06
   7.7361197E-04   1.3618519E-02   6.3535225E-06
   7.8095081E-04   1.3873888E-02   6.4746390E-06
   7.8833427E-04   1.4133136E-02   6.5976460E-06
   7.9576264E-04   1.4396314E-02   6.7225693E-06
   8.0323619E-04   1.4663473E-02   6.8494346E-06
   8.1075519E-04   1.4934664E-02   6.9782682E-06
   8.1831991E-04   1.5209939E-02   7.1090967E-06
   8.2593065E-04   1.5489351E-02   7.2419470E-06
   8.3358767E-04   1.5772954E-02   7.3768463E-06
   8.4129125E-04   1.6060801E-02   7.5138223E-06
   8.4904169E-04   1.6352946E-02   7.6529028E-06
   8.5683927E-04   1.6649446E-02   7.7941163E-06
   8.6468426E-04   1.6950355E-02   7.9374914E-06
   8.7257697E-04   1.7255732E-02   8.0830571E-06
   8.8051768E-04   1.7565632E-02   8.2308429E-06
   8.8850668E-04   1.7880113E-02   8.3808785E-06
   8.9654427E-04   1.8199235E-02   8.5331940E-06
   9.0463074E-04   1.8523057E-02   8.6878202E-06
   9.1276640E-04   1.8851638E-02   8.8447878E-06
   9.2095153E-04   1.9185040E-02   9.0041282E-06
   9.2918643E-04   1.9523323E-02   9.1658732E-06
   9.3747143E-04   1.9866551E-02   9.3300548E-06
   9.4580681E-04   2.0214785E-02   9.4967057E-06
   9.5419288E-04   2.0568090E-02   9.6658588E-06
   9.6262995E-04   2.0926530E-02   9.8375475E-06
   9.7111834E-04   2.1290169E-02   1.0011806E-05
   9.7965835E-04   2.1659075E-02   1.0188667E-05
   9.8825030E-04   2.2033314E-02   1.0368167E-05
   9.9689450E-04   2.2412953E-02   1.0550341E-05
   1.0055913E-03   2.2798060E-02   1.0735223E-05
   1.0143409E-03   2.3188705E-02   1.0922850E-05
   1.0231438E-03   2.3584958E-02   1.1113259E-05
   1.0320002E-03   2.3986888E-02   1.1306486E-05
   1.0409105E-03   2.4394569E-02   1.1502569E-05
   1.0498750E-03   2.4808071E-02   1.1701545E-05
   1.0588940E-03   2.5227469E-02   1.1903453E-05
   1.0679678E-03   2.5652837E-02   1.2108333E-05
   1.0770968E-03   2.6084248E-02   1.2316222E-05
   1.0862813E-03   2.6521781E-02   1.2527161E-05
   1.0955217E-03   2.6965510E-02   1.2741191E-05
   1.1048183E-03   2.7415513E-02   1.2958352E-05
   1.1141715E-03   2.7871870E-02   1.3178685E-05
   1.1235815E-03   2.8334660E-02   1.3402233E-05
   1.1330487E-03   2.8803962E-02   1.3629037E-05
   1.1425736E-03   2.9279858E-02   1.3859142E-05
   1.1521563E-03   2.9762431E-02   1.4092589E-05
   1.1617974E-03   3.0251764E-02   1.4329424E-05
   1.1714970E-03   3.0747940E-02   1.4569691E-05
   1.1812557E-03   3.1251046E-02   1.4813435E-05
   1.1910737E-03   3.1761166E-02   1.5060702E-05
   1.2009514E-03   3.2278389E-02   1.5311538E-05
   1.2108892E-03   3.2802802E-02   1.5565990E-05
   1.2208874E-03   3.3334495E-02   1.5824105E-05
   1.2309464E-03   3.3873557E-02   1.6085932E-05
   1.2410667E-03   3.4420080E-02   1.6351520E-05
   1.2512484E-03   3.4974156E-02   1.6620917E-05
   1.2614921E-03   3.5535879E-02   1.6894174E-05
   1.2717981E-03   3.6105342E-02   1.7171341E-05
   1.2821667E-03   3.6682642E-02   1.7452469E-05
   1.2925984E-03   3.7267875E-02   1.7737611E-05
   1.3030936E-03   3.7861139E-02   1.8026819E-05
   1.3136526E-03   3.8462532E-02   1.8320145E-05
   1.3242758E-03   3.9072155E-02   1.8617644E-05
   1.3349636E-03   3.9690108E-02   1.8919371E-05
   1.3457164E-03   4.0316494E-02   1.9225380E-05
   1.3565346E-03   4.0951417E-02   1.9535728E-05
   1.3674186E-03   4.1594980E-02   1.9850470E-05
   1.3783688E-03   4.2247290E-02   2.0169665E-05
   1.3893856E-03   4.2908454E-02   2.0493371E-05
   1.4004694E-03   4.3578580E-02   2.0821645E-05
   1.4116206E-03   4.4257777E-02   2.1154548E-05
   1.4228396E-03   4.4946156E-02   2.1492141E-05
   1.4341269E-03   4.5643830E-02   2.1834483E-05
   1.4454828E-03   4.6350911E-02   2.2181637E-05
   1.4569077E-03   4.7067513E-02   2.2533665E-05
   1.4684022E-03   4.7793754E-02   2.2890631E-05
   1.4799665E-03   4.8529749E-02   2.3252599E-05
   1.4916012E-03   4.9275618E-02   2.3619633E-05
   1.5033066E-03   5.0031480E-02   2.3991801E-05
   1.5150833E-03   5.0797457E-02   2.4369167E-05
   1.5269315E-03   5.1573670E-02   2.4751800E-05
   1.5388518E-03   5.2360244E-02   2.5139768E-05
   1.5508446E-03   5.3157305E-02   2.5533140E-05
   1.5629104E-03   5.3964978E-02   2.5931986E-05
   1.5750495E-03   5.4783392E-02   2.6336377E-05
   1.5872624E-03   5.5612677E-02   2.6746385E-05
   1.5995497E-03   5.6452964E-02   2.7162082E-05
   1.6119116E-03   5.7304384E-02   2.7583542E-05
   1.6243487E-03   5.8167074E-02   2.8010840E-05
   1.6368615E-03   5.9041166E-02   2.8444050E-05
   1.6494504E-03   5.9926800E-02   2.8883250E-05
   1.6621158E-03   6.0824113E-02   2.9328517E-05
   1.6748583E-03   6.1733246E-02   2.9779928E-05
   1.6876782E-03   6.2654339E-02   3.0237564E-05
   1.7005762E-03   6.3587537E-02   3.0701505E-05
   1.7135525E-03   6.4532985E-02   3.1171831E-05
   1.7266078E-03   6.5490828E-02   3.1648626E-05
   1.7397425E-03   6.6461215E-02   3.2131973E-05
   1.7529570E-03   6.7444295E-02   3.2621955E-05
   1.7662520E-03   6.8440221E-02   3.3118659E-05
   1.7796278E-03   6.9449144E-02   3.3622171E-05
   1.7930849E-03   7.0471221E-02   3.4132578E-05
   1.8066239E-03   7.1506606E-02   3.4649970E-05
   1.8202452E-03   7.2555460E-02   3.5174436E-05
   1.8339493E-03   7.3617940E-02   3.5706067E-05
   1.8477368E-03   7.4694210E-02   3.6244955E-05
   1.8616082E-03   7.5784433E-02   3.6791194E-05
   1.8755639E-03   7.6888774E-02   3.7344877E-05
   1.8896045E-03   7.8007400E-02   3.7906101E-05
   1.9037305E-03   7.9140481E-02   3.8474962E-05
   1.9179424E-03   8.0288186E-02   3.9051557E-05
   1.9322407E-03   8.1450690E-02   3.9635988E-05
   1.9466260E-03   8.2628165E-02   4.0228352E-05
   1.9610987E-03   8.3820790E-02   4.0828754E-05
   1.9756595E-03   8.5028742E-02   4.1437294E-05
   1.9903089E-03   8.6252201E-02   4.2054079E-05
   2.0050473E-03   8.7491351E-02   4.2679212E-05
   2.0198754E-03   8.8746374E-02   4.3312802E-05
   2.0347936E-03   9.0017459E-02   4.3954956E-05
   2.0498026E-03   9.1304793E-02   4.4605784E-05
   2.0649029E-03   9.2608566E-02   4.5265396E-05
   2.0800950E-03   9.3928972E-02   4.5933906E-05
   2.0953795E-03   9.5266204E-02   4.6611427E-05
   2.1107569E-03   9.6620459E-02   4.7298073E-05
   2.1262279E-03   9.7991936E-02   4.7993962E-05
   2.1417929E-03   9.9380837E-02   4.8699212E-05
   2.1574526E-03   1.0078736E-01   4.9413941E-05
   2.1732076E-03   1.0221172E-01   5.0138272E-05
   2.1890584E-03   1.0365412E-01   5.0872326E-05
   2.2050055E-03   1.0511476E-01   5.1616227E-05
   2.2210497E-03   1.0659387E-01   5.2370102E-05
   2.2371914E-03   1.0809165E-01   5.3134077E-05
   2.2534313E-03   1.0960833E-01   5.3908281E-05
   2.2697700E-03   1.1114411E-01   5.4692844E-05
   2.2862081E-03   1.1269923E-01   5.5487898E-05
   2.3027461E-03   1.1427390E-01   5.6293577E-05
   2.3193847E-03   1.1586835E-01   5.7110016E-05
   2.3361244E-03   1.1748281E-01   5.7937353E-05
   2.3529660E-03   1.1911752E-01   5.8775724E-05
   2.3699100E-03   1.2077270E-01   5.9625272E-05
   2.3869571E-03   1.2244858E-01   6.0486138E-05
   2.4041078E-03   1.2414542E-01   6.1358466E-05
   2.4213629E-03   1.2586344E-01   6.2242401E-05
   2.4387229E-03   1.2760290E-01   6.3138091E-05
   2.4561884E-03   1.2936403E-01   6.4045686E-05
   2.4737602E-03   1.3114709E-01   6.4965337E-05
   2.4914388E-03   1.3295233E-01   6.5897196E-05
   2.5092250E-03   1.3478000E-01   6.6841419E-05
   2.5271194E-03   1.3663035E-01   6.7798162E-05
   2.5451225E-03   1.3850366E-01   6.8767585E-05
   2.5632352E-03   1.4040017E-01   6.9749848E-05
   2.5814580E-03   1.4232016E-01   7.0745114E-05
   2.5997916E-03   1.4426388E-01   7.1753548E-05
   2.6182367E-03   1.4623162E-01   7.2775316E-05
   2.6367941E-03   1.4822364E-01   7.3810588E-05
   2.6554642E-03   1.5024022E-01   7.4859535E-05
   2.6742480E-03   1.5228164E-01   7.5922330E-05
   2.6931459E-03   1.5434817E-01   7.6999148E-05
   2.7121588E-03   1.5644012E-01   7.8090166E-05
   2.7312873E-03   1.5855775E-01   7.9195566E-05
   2.7505322E-03   1.6070136E-01   8.0315527E-05
   2.7698941E-03   1.6287125E-01   8.1450235E-05
   2.7893737E-03   1.6506771E-01   8.2599877E-05
   2.8089718E-03   1.6729104E-01   8.3764640E-05
   2.8286892E-03   1.6954155E-01   8.4944716E-05
   2.8485264E-03   1.7181953E-01   8.6140299E-05
   2.8684843E-03   1.7412530E-01   8.7351585E-05
   2.8885635E-03   1.7645917E-01   8.8578771E-05
   2.9087649E-03   1.7882146E-01   8.9822059E-05
   2.9290891E-03   1.8121248E-01   9.1081653E-05
   2.9495369E-03   1.8363255E-01   9.2357757E-05
   2.9701091E-03   1.8608201E-01   9.3650580E-05
   2.9908064E-03   1.8856117E-01   9.4960334E-05
   3.0116296E-03   1.9107036E-01   9.6287231E-05
   3.0325794E-03   1.9360994E-01   9.7631488E-05
   3.0536566E-03   1.9618022E-01   9.8993325E-05
   3.0748620E-03   1.9878156E-01   1.0037296E-04
   3.0961964E-03   2.0141430E-01   1.0177062E-04
   3.1176605E-03   2.0407878E-01   1.0318654E-04
   3.1392552E-03   2.0677536E-01   1.0462093E-04
   3.1609812E-03   2.0950440E-01   1.0607405E-04
   3.1828393E-03   2.1226624E-01   1.0754611E-04
   3.2048304E-03   2.1506127E-01   1.0903736E-04
   3.2269552E-03   2.1788984E-01   1.1054804E-04
   3.2492146E-03   2.2075232E-01   1.1207840E-04
   3.2716093E-03   2.2364908E-01   1.1362868E-04
   3.2941403E-03   2.2658051E-01   1.1519913E-04
   3.3168082E-03   2.2954698E-01   1.1679002E-04
   3.3396141E-03   2.3254888E-01   1.1840158E-04
   3.3625586E-03   2.3558660E-01   1.2003409E-04
   3.3856426E-03   2.3866053E-01   1.2168781E-04
   3.4088671E-03   2.4177106E-01   1.2336301E-04
   3.4322328E-03   2.4491860E-01   1.2505994E-04
   3.4557406E-03   2.4810355E-01   1.2677890E-04
   3.4793914E-03   2.5132632E-01   1.2852015E-04
   3.5031860E-03   2.5458731E-01   1.3028397E-04
   3.5271253E-03   2.5788696E-01   1.3207065E-04
   3.5512102E-03   2.6122567E-01   1.3388048E-04
   3.5754416E-03   2.6460387E-01   1.3571374E-04
   3.5998204E-03   2.6802198E-01   1.3757073E-04
   3.6243474E-03   2.7148045E-01   1.3945175E-04
   3.6490236E-03   2.7497971E-01   1.4135710E-04
   3.6738499E-03   2.7852019E-01   1.4328708E-04
   3.6988271E-03   2.8210235E-01   1.4524200E-04
   3.7239563E-03   2.8572662E-01   1.4722218E-04
   3.7492383E-03   2.8939348E-01   1.4922794E-04
   3.7746740E-03   2.9310336E-01   1.5125958E-04
   3.8002644E-03   2.9685674E-01   1.5331744E-04
   3.8260105E-03   3.0065409E-01   1.5540185E-04
   3.8519132E-03   3.0449586E-01   1.5751314E-04
   3.8779733E-03   3.0838254E-01   1.5965164E-04
   3.9041920E-03   3.1231462E-01   1.6181770E-04
   3.9305701E-03   3.1629256E-01   1.6401166E-04
   3.9571087E-03   3.2031687E-01   1.6623387E-04
   3.9838086E-03   3.2438803E-01   1.6848468E-04
   4.0106710E-03   3.2850654E-01   1.7076446E-04
   4.0376967E-03   3.3267291E-01   1.7307356E-04
   4.0648867E-03   3.3688764E-01   1.7541236E-04
   4.0922422E-03   3.4115125E-01   1.7778121E-04
   4.1197640E-03   3.4546425E-01   1.8018051E-04
   4.1474531E-03   3.4982716E-01   1.8261063E-04
   4.1753107E-03   3.5424052E-01   1.8507195E-04
   4.2033377E-03   3.5870484E-01   1.8756487E-04
   4.2315351E-03   3.6322068E-01   1.9008978E-04
   4.2599041E-03   3.6778856E-01   1.9264708E-04
   4.2884455E-03   3.7240904E-01   1.9523717E-04
   4.3171606E-03   3.7708266E-01   1.9786047E-04
   4.3460503E-03   3.8180999E-01   2.0051739E-04
   4.3751157E-03   3.8659158E-01   2.0320835E-04
   4.4043578E-03   3.9142800E-01   2.0593378E-04
   4.4337778E-03   3.9631982E-01   2.0869410E-04
   4.4633767E-03   4.0126762E-01   2.1148975E-04
   4.4931556E-03   4.0627198E-01   2.1432117E-04
   4.5231157E-03   4.1133348E-01   2.1718882E-04
   4.5532579E-03   4.1645271E-01   2.2009313E-04
   4.5835835E-03   4.2163029E-01   2.2303458E-04
   4.6140935E-03   4.2686679E-01   2.2601361E-04
   4.6447890E-03   4.3216285E-01   2.2903071E-04
   4.6756712E-03   4.3751906E-01   2.3208634E-04
   4.7067413E-03   4.4293604E-01   2.3518098E-04
   4.7380003E-03   4.4841443E-01   2.3831513E-04
   4.7694494E-03   4.5395484E-01   2.4148928E-04
   4.8010898E-03   4.5955792E-01   2.4470392E-04
   4.8329226E-03   4.6522431E-01   2.4795956E-04
   4.8649490E-03   4.7095464E-01   2.5125671E-04
   4.8971702E-03   4.7674957E-01   2.5459588E-04
   4.9295873E-03   4.8260977E-01   2.5797761E-04
   4.9622016E-03   4.8853588E-01   2.6140241E-04
   4.9950142E-03   4.9452859E-01   2.6487084E-04
   5.0280264E-03   5.0058855E-01   2.6838342E-04
   5.0612394E-03   5.0671646E-01   2.7194072E-04
   5.0946543E-03   5.1291300E-01   2.7554328E-04
   5.1282725E-03   5.1917885E-01   2.7919167E-04
   5.1620952E-03   5.2551473E-01   2.8288647E-04
   5.1961235E-03   5.3192132E-01   2.8662824E-04
   5.2303588E-03   5.3839934E-01   2.9041758E-04
   5.2648023E-03   5.4494950E-01   2.9425507E-04
   5.2994552E-03   5.5157252E-01   2.9814132E-04
   5.3343190E-03   5.5826914E-01   3.0207693E-04
   5.3693947E-03   5.6504007E-01   3.0606252E-04
   5.4046838E-03   5.7188606E-01   3.1009870E-04
   5.4401875E-03   5.7880786E-01   3.1418611E-04
   5.4759071E-03   5.8580621E-01   3.1832538E-04
   5.5118439E-03   5.9288187E-01   3.2251716E-04
   5.5479993E-03   6.0003560E-01   3.2676211E-04
   5.5843746E-03   6.0726818E-01   3.3106087E-04
   5.6209711E-03   6.1458036E-01   3.3541412E-04
   5.6577902E-03   6.2197295E-01   3.3982255E-04
   5.6948332E-03   6.2944672E-01   3.4428682E-04
   5.7321015E-03   6.3700246E-01   3.4880764E-04
   5.7695965E-03   6.4464098E-01   3.5338572E-04
   5.8073195E-03   6.5236309E-01   3.5802175E-04
   5.8452719E-03   6.6016958E-01   3.6271647E-04
   5.8834551E-03   6.6806129E-01   3.6747059E-04
   5.9218705E-03   6.7603903E-01   3.7228486E-04
   5.9605196E-03   6.8410365E-01   3.7716003E-04
   5.9994037E-03   6.9225596E-01   3.8209685E-04
   6.0385243E-03   7.0049682E-01   3.8709608E-04
   6.0778829E-03   7.0882708E-01   3.9215850E-04
   6.1174808E-03   7.1724759E-01   3.9728490E-04
   6.1573195E-03   7.2575922E-01   4.0247607E-04
   6.1974005E-03   7.3436283E-01   4.0773280E-04
   6.2377252E-03   7.4305930E-01   4.1305593E-04
   6.2782953E-03   7.5184951E-01   4.1844626E-04
   6.3191120E-03   7.6073436E-01   4.2390464E-04
   6.3601770E-03   7.6971473E-01   4.2943190E-04
   6.4014917E-03   7.7879153E-01   4.3502890E-04
   6.4430577E-03   7.8796566E-01   4.4069651E-04
   6.4848765E-03   7.9723803E-01   4.4643560E-04
   6.5269496E-03   8.0660958E-01   4.5224706E-04
   6.5692786E-03   8.1608123E-01   4.5813179E-04
   6.6118650E-03   8.2565390E-01   4.6409068E-04
   6.6547104E-03   8.3532855E-01   4.7012467E-04
   6.6978164E-03   8.4510611E-01   4.7623468E-04
   6.7411846E-03   8.5498754E-01   4.8242166E-04
   6.7848165E-03   8.6497380E-01   4.8868655E-04
   6.8287137E-03   8.7506586E-01   4.9503033E-04
   6.8728780E-03   8.8526470E-01   5.0145397E-04
   6.9173108E-03   8.9557128E-01   5.0795846E-04
   6.9620139E-03   9.0598659E-01   5.1454480E-04
   7.0069888E-03   9.1651164E-01   5.2121400E-04
   7.0522372E-03   9.2714741E-01   5.2796710E-04
   7.0977609E-03   9.3789491E-01   5.3480513E-04
   7.1435614E-03   9.4875516E-01   5.4172914E-04
   7.1896404E-03   9.5972917E-01   5.4874019E-04
   7.2359997E-03   9.7081798E-01   5.5583937E-04
   7.2826409E-03   9.8202260E-01   5.6302776E-04
   7.3295658E-03   9.9334408E-01   5.7030648E-04
   7.3767761E-03   1.0047835E+00   5.7767662E-04
   7.4242735E-03   1.0163418E+00   5.8513934E-04
   7.4720598E-03   1.0280202E+00   5.9269576E-04
   7.5201366E-03   1.0398196E+00   6.0034706E-04
   7.5685059E-03   1.0517412E+00   6.0809441E-04
   7.6171693E-03   1.0637860E+00   6.1593899E-04
   7.6661287E-03   1.0759551E+00   6.2388201E-04
   7.7153859E-03   1.0882496E+00   6.3192468E-04
   7.7649426E-03   1.1006706E+00   6.4006823E-04
   7.8148007E-03   1.1132192E+00   6.4831392E-04
   7.8649621E-03   1.1258964E+00   6.5666301E-04
   7.9154285E-03   1.1387035E+00   6.6511677E-04
   7.9662018E-03   1.1516416E+00   6.7367650E-04
   8.0172839E-03   1.1647117E+00   6.8234351E-04
   8.0686767E-03   1.1779150E+00   6.9111913E-04
   8.1203820E-03   1.1912527E+00   7.0000469E-04
   8.1724018E-03   1.2047258E+00   7.0900156E-04
   8.2247379E-03   1.2183356E+00   7.1811110E-04
   8.2773924E-03   1.2320831E+00   7.2733473E-04
   8.3303671E-03   1.2459696E+00   7.3667383E-04
   8.3836639E-03   1.2599963E+00   7.4612984E-04
   8.4372849E-03   1.2741642E+00   7.5570421E-04
   8.4912320E-03   1.2884746E+00   7.6539839E-04
   8.5455072E-03   1.3029287E+00   7.7521387E-04
   8.6001125E-03   1.3175277E+00   7.8515214E-04
   8.6550499E-03   1.3322727E+00   7.9521472E-04
   8.7103214E-03   1.3471649E+00   8.0540315E-04
   8.7659290E-03   1.3622057E+00   8.1571897E-04
   8.8218748E-03   1.3773961E+00   8.2616377E-04
   8.8781609E-03   1.3927374E+00   8.3673913E-04
   8.9347893E-03   1.4082309E+00   8.4744666E-04
   8.9917621E-03   1.4238777E+00   8.5828800E-04
   9.0490814E-03   1.4396791E+00   8.6926480E-04
   9.1067492E-03   1.4556364E+00   8.8037872E-04
   9.1647678E-03   1.4717507E+00   8.9163147E-04
   9.2231393E-03   1.4880234E+00   9.0302476E-04
   9.2818657E-03   1.5044557E+00   9.1456031E-04
   9.3409493E-03   1.5210488E+00   9.2623989E-04
   9.4003923E-03   1.5378041E+00   9.3806527E-04
   9.4601967E-03   1.5547227E+00   9.5003825E-04
   9.5203649E-03   1.5718060E+00   9.6216065E-04
   9.5808990E-03   1.5890553E+00   9.7443431E-04
   9.6418012E-03   1.6064717E+00   9.8686110E-04
   9.7030738E-03   1.6240567E+00   9.9944291E-04
   9.7647191E-03   1.6418115E+00   1.0121816E-03
   9.8267393E-03   1.6597374E+00   1.0250792E-03
   9.8891366E-03   1.6778357E+00   1.0381377E-03
   9.9519135E-03   1.6961077E+00   1.0513589E-03
   1.0015072E-02   1.7145548E+00   1.0647449E-03
   1.0078615E-02   1.7331781E+00   1.0782978E-03
   1.0142544E-02   1.7519791E+00   1.0920196E-03
   1.0206862E-02   1.7709591E+00   1.1059124E-03
   1.0271571E-02   1.7901193E+00   1.1199782E-03
   1.0336674E-02   1.8094611E+00   1.1342193E-03
   1.0402173E-02   1.8289859E+00   1.1486378E-03
   1.0468070E-02   1.8486949E+00   1.1632358E-03
   1.0534367E-02   1.8685895E+00   1.1780156E-03
   1.0601068E-02   1.8886710E+00   1.1929794E-03
   1.0668175E-02   1.9089408E+00   1.2081295E-03
   1.0735690E-02   1.9294003E+00   1.2234682E-03
   1.0803615E-02   1.9500506E+00   1.2389978E-03
   1.0871953E-02   1.9708933E+00   1.2547207E-03
   1.0940708E-02   1.9919295E+00   1.2706392E-03
   1.1009880E-02   2.0131608E+00   1.2867557E-03
   1.1079473E-02   2.0345884E+00   1.3030728E-03
   1.1149489E-02   2.0562137E+00   1.3195927E-03
   1.1219931E-02   2.0780380E+00   1.3363182E-03
   1.1290801E-02   2.1000627E+00   1.3532516E-03
   1.1362102E-02   2.1222891E+00   1.3703955E-03
   1.1433837E-02   2.1447187E+00   1.3877526E-03
   1.1506009E-02   2.1673526E+00   1.4053255E-03
   1.1578619E-02   2.1901924E+00   1.4231167E-03
   1.1651671E-02   2.2132393E+00   1.4411291E-03
   1.1725167E-02   2.2364947E+00   1.4593653E-03
   1.1799110E-02   2.2599600E+00   1.4778280E-03
   1.1873503E-02   2.2836365E+00   1.4965201E-03
   1.1948348E-02   2.3075255E+00   1.5154445E-03
   1.2023648E-02   2.3316284E+00   1.5346038E-03
   1.2099407E-02   2.3559466E+00   1.5540011E-03
   1.2175626E-02   2.3804814E+00   1.5736393E-03
   1.2252308E-02   2.4052341E+00   1.5935213E-03
   1.2329457E-02   2.4302062E+00   1.6136501E-03
   1.2407075E-02   2.4553988E+00   1.6340288E-03
   1.2485166E-02   2.4808134E+00   1.6546604E-03
   1.2563731E-02   2.5064513E+00   1.6755481E-03
   1.2642774E-02   2.5323139E+00   1.6966950E-03
   1.2722298E-02   2.5584024E+00   1.7181042E-03
   1.2802305E-02   2.5847182E+00   1.7397791E-03
   1.2882799E-02   2.6112625E+00   1.7617229E-03
   1.2963782E-02   2.6380369E+00   1.7839388E-03
   1.3045258E-02   2.6650424E+00   1.8064303E-03
   1.3127230E-02   2.6922805E+00   1.8292006E-03
   1.3209700E-02   2.7197524E+00   1.8522534E-03
   1.3292671E-02   2.7474594E+00   1.8755919E-03
   1.3376147E-02   2.7754029E+00   1.8992198E-03
   1.3460131E-02   2.8035841E+00   1.9231406E-03
   1.3544626E-02   2.8320042E+00   1.9473579E-03
   1.3629634E-02   2.8606647E+00   1.9718753E-03
   1.3715160E-02   2.8895666E+00   1.9966965E-03
   1.3801206E-02   2.9187113E+00   2.0218253E-03
   1.3887774E-02   2.9481001E+00   2.0472654E-03
   1.3974870E-02   2.9777341E+00   2.0730207E-03
   1.4062495E-02   3.0076147E+00   2.0990950E-03
   1.4150653E-02   3.0377429E+00   2.1254922E-03
   1.4239347E-02   3.0681201E+00   2.1522164E-03
   1.4328581E-02   3.0987475E+00   2.1792715E-03
   1.4418357E-02   3.1296262E+00   2.2066616E-03
   1.4508679E-02   3.1607574E+00   2.2343909E-03
   1.4599551E-02   3.1921423E+00   2.2624634E-03
   1.4690975E-02   3.2237821E+00   2.2908834E-03
   1.4782955E-02   3.2556780E+00   2.3196552E-03
   1.4875495E-02   3.2878309E+00   2.3487831E-03
   1.4968598E-02   3.3202422E+00   2.3782715E-03
   1.5062266E-02   3.3529129E+00   2.4081247E-03
   1.5156505E-02   3.3858440E+00   2.4383473E-03
   1.5251316E-02   3.4190368E+00   2.4689438E-03
   1.5346704E-02   3.4524923E+00   2.4999188E-03
   1.5442672E-02   3.4862114E+00   2.5312769E-03
   1.5539224E-02   3.5201954E+00   2.5630229E-03
   1.5636363E-02   3.5544452E+00   2.5951615E-03
   1.5734093E-02   3.5889617E+00   2.6276975E-03
   1.5832417E-02   3.6237462E+00   2.6606359E-03
   1.5931340E-02   3.6587994E+00   2.6939814E-03
   1.6030863E-02   3.6941224E+00   2.7277393E-03
   1.6130992E-02   3.7297161E+00   2.7619144E-03
   1.6231731E-02   3.7655814E+00   2.7965119E-03
   1.6333081E-02   3.8017193E+00   2.8315371E-03
   1.6435048E-02   3.8381307E+00   2.8669950E-03
   1.6537636E-02   3.8748164E+00   2.9028912E-03
   1.6640847E-02   3.9117772E+00   2.9392309E-03
   1.6744685E-02   3.9490141E+00   2.9760196E-03
   1.6849156E-02   3.9865277E+00   3.0132628E-03
   1.6954262E-02   4.0243190E+00   3.0509660E-03
   1.7060006E-02   4.0623887E+00   3.0891350E-03
   1.7166394E-02   4.1007374E+00   3.1277754E-03
   1.7273430E-02   4.1393660E+00   3.1668930E-03
   1.7381116E-02   4.1782752E+00   3.2064936E-03
   1.7489456E-02   4.2174655E+00   3.2465833E-03
   1.7598456E-02   4.2569377E+00   3.2871679E-03
   1.7708119E-02   4.2966923E+00   3.3282536E-03
   1.7818449E-02   4.3367301E+00   3.3698465E-03
   1.7929449E-02   4.3770514E+00   3.4119528E-03
   1.8041125E-02   4.4176569E+00   3.4545788E-03
   1.8153480E-02   4.4585472E+00   3.4977309E-03
   1.8266518E-02   4.4997226E+00   3.5414155E-03
   1.8380244E-02   4.5411836E+00   3.5856392E-03
   1.8494661E-02   4.5829307E+00   3.6304086E-03
   1.8609774E-02   4.6249642E+00   3.6757304E-03
   1.8725588E-02   4.6672846E+00   3.7216113E-03
   1.8842105E-02   4.7098921E+00   3.7680581E-03
   1.8959332E-02   4.7527870E+00   3.8150780E-03
   1.9077271E-02   4.7959697E+00   3.8626777E-03
   1.9195927E-02   4.8394403E+00   3.9108645E-03
   1.9315305E-02   4.8831990E+00   3.9596456E-03
   1.9435410E-02   4.9272461E+00   4.0090282E-03
   1.9556244E-02   4.9715817E+00   4.0590197E-03
   1.9677814E-02   5.0162057E+00   4.1096276E-03
   1.9800122E-02   5.0611184E+00   4.1608594E-03
   1.9923175E-02   5.1063197E+00   4.2127228E-03
   2.0046976E-02   5.1518095E+00   4.2652255E-03
   2.0171530E-02   5.1975879E+00   4.3183753E-03
   2.0296841E-02   5.2436548E+00   4.3721802E-03
   2.0422915E-02   5.2900099E+00   4.4266482E-03
   2.0549755E-02   5.3366532E+00   4.4817874E-03
   2.0677367E-02   5.3835843E+00   4.5376061E-03
   2.0805755E-02   5.4308031E+00   4.5941125E-03
   2.0934923E-02   5.4783092E+00   4.6513151E-03
   2.1064877E-02   5.5261023E+00   4.7092224E-03
   2.1195622E-02   5.5741820E+00   4.7678430E-03
   2.1327162E-02   5.6225478E+00   4.8271857E-03
   2.1459501E-02   5.6711992E+00   4.8872594E-03
   2.1592646E-02   5.7201358E+00   4.9480729E-03
   2.1726600E-02   5.7693569E+00   5.0096353E-03
   2.1861369E-02   5.8188619E+00   5.0719559E-03
   2.1996957E-02   5.8686502E+00   5.1350438E-03
   2.2133371E-02   5.9187210E+00   5.1989085E-03
   2.2270613E-02   5.9690734E+00   5.2635595E-03
   2.2408691E-02   6.0197068E+00   5.3290064E-03
   2.2547608E-02   6.0706202E+00   5.3952590E-03
   2.2687370E-02   6.1218126E+00   5.4623270E-03
   2.2827982E-02   6.1732831E+00   5.5302206E-03
   2.2969449E-02   6.2250307E+00   5.5989498E-03
   2.3111777E-02   6.2770542E+00   5.6685248E-03
   2.3254970E-02   6.3293525E+00   5.7389560E-03
   2.3399034E-02   6.3819244E+00   5.8102539E-03
   2.3543974E-02   6.4347685E+00   5.8824291E-03
   2.3689796E-02   6.4878837E+00   5.9554922E-03
   2.3836505E-02   6.5412685E+00   6.0294542E-03
   2.3984105E-02   6.5949214E+00   6.1043261E-03
   2.4132604E-02   6.6488409E+00   6.1801189E-03
   2.4282005E-02   6.7030256E+00   6.2568441E-03
   2.4432316E-02   6.7574736E+00   6.3345129E-03
   2.4583540E-02   6.8121835E+00   6.4131369E-03
   2.4735684E-02   6.8671533E+00   6.4927278E-03
   2.4888753E-02   6.9223814E+00   6.5732975E-03
   2.5042753E-02   6.9778657E+00   6.6548579E-03
   2.5197690E-02   7.0336044E+00   6.7374210E-03
   2.5353569E-02   7.0895954E+00   6.8209993E-03
   2.5510396E-02   7.1458367E+00   6.9056050E-03
   2.5668177E-02   7.2023260E+00   6.9912509E-03
   2.5826918E-02   7.2590612E+00   7.0779494E-03
   2.5986624E-02   7.3160401E+00   7.1657137E-03
   2.6147301E-02   7.3732601E+00   7.2545566E-03
   2.6308955E-02   7.4307189E+00   7.3444914E-03
   2.6471593E-02   7.4884141E+00   7.4355314E-03
   2.6635219E-02   7.5463429E+00   7.5276902E-03
   2.6799841E-02   7.6045028E+00   7.6209814E-03
   2.6965464E-02   7.6628911E+00   7.7154188E-03
   2.7132094E-02   7.7215048E+00   7.8110165E-03
   2.7299738E-02   7.7803413E+00   7.9077886E-03
   2.7468401E-02   7.8393975E+00   8.0057495E-03
   2.7638090E-02   7.8986704E+00   8.1049138E-03
   2.7808811E-02   7.9581568E+00   8.2052961E-03
   2.7980570E-02   8.0178537E+00   8.3069113E-03
   2.8153374E-02   8.0777577E+00   8.4097745E-03
   2.8327229E-02   8.1378656E+00   8.5139009E-03
   2.8502141E-02   8.1981738E+00   8.6193060E-03
   2.8678116E-02   8.2586790E+00   8.7260054E-03
   2.8855162E-02   8.3193774E+00   8.8340149E-03
   2.9033285E-02   8.3802655E+00   8.9433505E-03
   2.9212491E-02   8.4413395E+00   9.0540285E-03
   2.9392787E-02   8.5025956E+00   9.1660651E-03
   2.9574180E-02   8.5640299E+00   9.2794770E-03
   2.9756676E-02   8.6256383E+00   9.3942811E-03
   2.9940281E-02   8.6874168E+00   9.5104943E-03
   3.0125003E-02   8.7493613E+00   9.6281337E-03
   3.0310849E-02   8.8114674E+00   9.7472169E-03
   3.0497825E-02   8.8737309E+00   9.8677615E-03
   3.0685938E-02   8.9361472E+00   9.9897853E-03
   3.0875195E-02   8.9987120E+00   1.0113306E-02
   3.1065603E-02   9.0614206E+00   1.0238343E-02
   3.1257169E-02   9.1242683E+00   1.0364914E-02
   3.1449900E-02   9.1872503E+00   1.0493037E-02
   3.1643803E-02   9.2503619E+00   1.0622732E-02
   3.1838886E-02   9.3135979E+00   1.0754018E-02
   3.2035155E-02   9.3769534E+00   1.0886915E-02
   3.2232617E-02   9.4404233E+00   1.1021441E-02
   3.2431281E-02   9.5040023E+00   1.1157617E-02
   3.2631153E-02   9.5676851E+00   1.1295464E-02
   3.2832240E-02   9.6314663E+00   1.1435001E-02
   3.3034550E-02   9.6953404E+00   1.1576248E-02
   3.3238091E-02   9.7593019E+00   1.1719228E-02
   3.3442869E-02   9.8233449E+00   1.1863961E-02
   3.3648893E-02   9.8874639E+00   1.2010468E-02
   3.3856170E-02   9.9516529E+00   1.2158771E-02
   3.4064708E-02   1.0015906E+01   1.2308892E-02
   3.4274514E-02   1.0080217E+01   1.2460854E-02
   3.4485595E-02   1.0144580E+01   1.2614678E-02
   3.4697961E-02   1.0208988E+01   1.2770387E-02
   3.4911618E-02   1.0273436E+01   1.2928005E-02
   3.5126574E-02   1.0337917E+01   1.3087554E-02
   3.5342838E-02   1.0402424E+01   1.3249058E-02
   3.5560417E-02   1.0466951E+01   1.3412542E-02
   3.5779319E-02   1.0531491E+01   1.3578028E-02
   3.5999553E-02   1.0596038E+01   1.3745542E-02
   3.6221126E-02   1.0660584E+01   1.3915108E-02
   3.6444046E-02   1.0725122E+01   1.4086752E-02
   3.6668323E-02   1.0789646E+01   1.4260498E-02
   3.6893963E-02   1.0854148E+01   1.4436372E-02
   3.7120975E-02   1.0918621E+01   1.4614401E-02
   3.7349368E-02   1.0983058E+01   1.4794610E-02
   3.7579151E-02   1.1047451E+01   1.4977026E-02
   3.7810330E-02   1.1111793E+01   1.5161675E-02
   3.8042916E-02   1.1176076E+01   1.5348586E-02
   3.8276916E-02   1.1240292E+01   1.5537786E-02
   3.8512339E-02   1.1304434E+01   1.5729302E-02
   3.8749194E-02   1.1368495E+01   1.5923163E-02
   3.8987490E-02   1.1432465E+01   1.6119397E-02
   3.9227234E-02   1.1496336E+01   1.6318033E-02
   3.9468437E-02   1.1560102E+01   1.6519101E-02
   3.9711107E-02   1.1623753E+01   1.6722630E-02
   3.9955252E-02   1.1687282E+01   1.6928650E-02
   4.0200883E-02   1.1750679E+01   1.7137191E-02
   4.0448007E-02   1.1813937E+01   1.7348285E-02
   4.0696634E-02   1.1877046E+01   1.7561961E-02
   4.0946773E-02   1.1939999E+01   1.7778252E-02
   4.1198434E-02   1.2002787E+01   1.7997190E-02
   4.1451625E-02   1.2065400E+01   1.8218807E-02
   4.1706356E-02   1.2127830E+01   1.8443134E-02
   4.1962636E-02   1.2190069E+01   1.8670206E-02
   4.2220475E-02   1.2252106E+01   1.8900055E-02
   4.2479882E-02   1.2313933E+01   1.9132716E-02
   4.2740866E-02   1.2375541E+01   1.9368223E-02
   4.3003438E-02   1.2436921E+01   1.9606610E-02
   4.3267606E-02   1.2498063E+01   1.9847912E-02
   4.3533381E-02   1.2558957E+01   2.0092165E-02
   4.3800773E-02   1.2619596E+01   2.0339405E-02
   4.4069791E-02   1.2679968E+01   2.0589668E-02
   4.4340445E-02   1.2740064E+01   2.0842990E-02
   4.4612744E-02   1.2799876E+01   2.1099410E-02
   4.4886700E-02   1.2859393E+01   2.1358964E-02
   4.5162322E-02   1.2918605E+01   2.1621691E-02
   4.5439621E-02   1.2977502E+01   2.1887629E-02
   4.5718605E-02   1.3036076E+01   2.2156817E-02
   4.5999287E-02   1.3094315E+01   2.2429296E-02
   4.6281675E-02   1.3152211E+01   2.2705104E-02
   4.6565781E-02   1.3209752E+01   2.2984282E-02
   4.6851615E-02   1.3266929E+01   2.3266872E-02
   4.7139187E-02   1.3323732E+01   2.3552915E-02
   4.7428508E-02   1.3380150E+01   2.3842452E-02
   4.7719589E-02   1.3436174E+01   2.4135526E-02
   4.8012440E-02   1.3491794E+01   2.4432181E-02
   4.8307071E-02   1.3546998E+01   2.4732459E-02
   4.8603495E-02   1.3601777E+01   2.5036404E-02
   4.8901722E-02   1.3656121E+01   2.5344062E-02
   4.9201762E-02   1.3710019E+01   2.5655477E-02
   4.9503627E-02   1.3763460E+01   2.5970695E-02
   4.9807328E-02   1.3816435E+01   2.6289761E-02
   5.0112876E-02   1.3868933E+01   2.6612724E-02
   5.0420282E-02   1.3920943E+01   2.6939629E-02
   5.0729558E-02   1.3972456E+01   2.7270525E-02
   5.1040714E-02   1.4023460E+01   2.7605461E-02
   5.1353763E-02   1.4073946E+01   2.7944485E-02
   5.1668716E-02   1.4123902E+01   2.8287646E-02
   5.1985585E-02   1.4173319E+01   2.8634996E-02
   5.2304380E-02   1.4222185E+01   2.8986584E-02
   5.2625114E-02   1.4270491E+01   2.9342463E-02
   5.2947799E-02   1.4318226E+01   2.9702684E-02
   5.3272446E-02   1.4365380E+01   3.0067300E-02
   5.3599068E-02   1.4411941E+01   3.0436365E-02
   5.3927676E-02   1.4457901E+01   3.0809931E-02
   5.4258283E-02   1.4503247E+01   3.1188055E-02
   5.4590900E-02   1.4547971E+01   3.1570790E-02
   5.4925541E-02   1.4592062E+01   3.1958193E-02
   5.5262216E-02   1.4635509E+01   3.2350320E-02
   5.5600939E-02   1.4678302E+01   3.2747229E-02
   5.5941722E-02   1.4720431E+01   3.3148978E-02
   5.6284577E-02   1.4761886E+01   3.3555625E-02
   5.6629518E-02   1.4802656E+01   3.3967229E-02
   5.6976557E-02   1.4842733E+01   3.4383851E-02
   5.7325706E-02   1.4882104E+01   3.4805552E-02
   5.7676978E-02   1.4920762E+01   3.5232392E-02
   5.8030387E-02   1.4958695E+01   3.5664434E-02
   5.8385945E-02   1.4995894E+01   3.6101741E-02
   5.8743666E-02   1.5032350E+01   3.6544376E-02
   5.9103562E-02   1.5068052E+01   3.6992405E-02
   5.9465647E-02   1.5102991E+01   3.7445892E-02
   5.9829934E-02   1.5137157E+01   3.7904904E-02
   6.0196437E-02   1.5170542E+01   3.8369506E-02
   6.0565168E-02   1.5203135E+01   3.8839768E-02
   6.0936142E-02   1.5234928E+01   3.9315757E-02
   6.1309372E-02   1.5265911E+01   3.9797542E-02
   6.1684872E-02   1.5296076E+01   4.0285194E-02
   6.2062656E-02   1.5325413E+01   4.0778783E-02
   6.2442737E-02   1.5353914E+01   4.1278382E-02
   6.2825130E-02   1.5381571E+01   4.1784062E-02
   6.3209849E-02   1.5408374E+01   4.2295898E-02
   6.3596907E-02   1.5434315E+01   4.2813963E-02
   6.3986319E-02   1.5459386E+01   4.3338333E-02
   6.4378100E-02   1.5483579E+01   4.3869084E-02
   6.4772263E-02   1.5506886E+01   4.4406293E-02
   6.5168823E-02   1.5529299E+01   4.4950038E-02
   6.5567795E-02   1.5550810E+01   4.5500397E-02
   6.5969194E-02   1.5571413E+01   4.6057452E-02
   6.6373034E-02   1.5591099E+01   4.6621281E-02
   6.6779329E-02   1.5609862E+01   4.7191968E-02
   6.7188096E-02   1.5627694E+01   4.7769595E-02
   6.7599349E-02   1.5644589E+01   4.8354245E-02
   6.8013103E-02   1.5660539E+01   4.8946003E-02
   6.8429373E-02   1.5675540E+01   4.9544956E-02
   6.8848175E-02   1.5689584E+01   5.0151188E-02
   6.9269524E-02   1.5702665E+01   5.0764789E-02
   6.9693435E-02   1.5714779E+01   5.1385847E-02
   7.0119925E-02   1.5725918E+01   5.2014452E-02
   7.0549008E-02   1.5736077E+01   5.2650694E-02
   7.0980701E-02   1.5745252E+01   5.3294666E-02
   7.1415019E-02   1.5753438E+01   5.3946461E-02
   7.1851979E-02   1.5760629E+01   5.4606172E-02
   7.2291596E-02   1.5766822E+01   5.5273896E-02
   7.2733887E-02   1.5772011E+01   5.5949728E-02
   7.3178868E-02   1.5776194E+01   5.6633767E-02
   7.3626554E-02   1.5779366E+01   5.7326109E-02
   7.4076964E-02   1.5781524E+01   5.8026857E-02
   7.4530113E-02   1.5782665E+01   5.8736110E-02
   7.4986018E-02   1.5782785E+01   5.9453970E-02
   7.5444695E-02   1.5781882E+01   6.0180542E-02
   7.5906162E-02   1.5779954E+01   6.0915929E-02
   7.6370436E-02   1.5776998E+01   6.1660239E-02
   7.6837533E-02   1.5773012E+01   6.2413577E-02
   7.7307471E-02   1.5767996E+01   6.3176052E-02
   7.7780267E-02   1.5761947E+01   6.3947774E-02
   7.8255938E-02   1.5754865E+01   6.4728853E-02
   7.8734502E-02   1.5746749E+01   6.5519403E-02
   7.9215977E-02   1.5737599E+01   6.6319536E-02
   7.9700380E-02   1.5727414E+01   6.7129367E-02
   8.0187729E-02   1.5716195E+01   6.7949014E-02
   8.0678042E-02   1.5703943E+01   6.8778592E-02
   8.1171337E-02   1.5690658E+01   6.9618222E-02
   8.1667631E-02   1.5676342E+01   7.0468023E-02
   8.2166945E-02   1.5660995E+01   7.1328118E-02
   8.2669294E-02   1.5644621E+01   7.2198629E-02
   8.3174699E-02   1.5627221E+01   7.3079682E-02
   8.3683178E-02   1.5608798E+01   7.3971402E-02
   8.4194749E-02   1.5589354E+01   7.4873917E-02
   8.4709432E-02   1.5568894E+01   7.5787356E-02
   8.5227244E-02   1.5547420E+01   7.6711850E-02
   8.5748206E-02   1.5524936E+01   7.7647530E-02
   8.6272336E-02   1.5501447E+01   7.8594531E-02
   8.6799654E-02   1.5476958E+01   7.9552988E-02
   8.7330178E-02   1.5451474E+01   8.0523036E-02
   8.7863929E-02   1.5424999E+01   8.1504816E-02
   8.8400927E-02   1.5397540E+01   8.2498466E-02
   8.8941190E-02   1.5369103E+01   8.3504128E-02
   8.9484739E-02   1.5339694E+01   8.4521946E-02
   9.0031593E-02   1.5309321E+01   8.5552064E-02
   9.0581774E-02   1.5277990E+01   8.6594629E-02
   9.1135300E-02   1.5245710E+01   8.7649790E-02
   9.1692193E-02   1.5212487E+01   8.8717695E-02
   9.2252473E-02   1.5178331E+01   8.9798498E-02
   9.2816160E-02   1.5143251E+01   9.0892351E-02
   9.3383275E-02   1.5107255E+01   9.1999410E-02
   9.3953840E-02   1.5070353E+01   9.3119831E-02
   9.4527874E-02   1.5032556E+01   9.4253774E-02
   9.5105399E-02   1.4993872E+01   9.5401399E-02
   9.5686437E-02   1.4954314E+01   9.6562870E-02
   9.6271009E-02   1.4913892E+01   9.7738349E-02
   9.6859136E-02   1.4872617E+01   9.8928004E-02
   9.7450839E-02   1.4830502E+01   1.0013200E-01
   9.8046141E-02   1.4787559E+01   1.0135051E-01
   9.8645064E-02   1.4743800E+01   1.0258371E-01
   9.9247629E-02   1.4699239E+01   1.0383177E-01
   9.9853859E-02   1.4653888E+01   1.0509487E-01
   1.0046378E-01   1.4607762E+01   1.0637317E-01
   1.0107740E-01   1.4560875E+01   1.0766688E-01
   1.0169476E-01   1.4513241E+01   1.0897616E-01
   1.0231587E-01   1.4464875E+01   1.1030119E-01
   1.0294076E-01   1.4415793E+01   1.1164218E-01
   1.0356945E-01   1.4366009E+01   1.1299930E-01
   1.0420197E-01   1.4315541E+01   1.1437275E-01
   1.0483833E-01   1.4264405E+01   1.1576272E-01
   1.0547856E-01   1.4212617E+01   1.1716940E-01
   1.0612268E-01   1.4160194E+01   1.1859299E-01
   1.0677072E-01   1.4107154E+01   1.2003369E-01
   1.0742271E-01   1.4053514E+01   1.2149170E-01
   1.0807865E-01   1.3999294E+01   1.2296723E-01
   1.0873859E-01   1.3944511E+01   1.2446047E-01
   1.0940254E-01   1.3889184E+01   1.2597165E-01
   1.1007053E-01   1.3833333E+01   1.2750097E-01
   1.1074258E-01   1.3776977E+01   1.2904865E-01
   1.1141872E-01   1.3720136E+01   1.3061489E-01
   1.1209897E-01   1.3662829E+01   1.3219993E-01
   1.1278336E-01   1.3605078E+01   1.3380397E-01
   1.1347191E-01   1.3546903E+01   1.3542724E-01
   1.1416465E-01   1.3488326E+01   1.3706997E-01
   1.1486160E-01   1.3429368E+01   1.3873239E-01
   1.1556279E-01   1.3370049E+01   1.4041472E-01
   1.1626824E-01   1.3310393E+01   1.4211720E-01
   1.1697799E-01   1.3250422E+01   1.4384006E-01
   1.1769205E-01   1.3190158E+01   1.4558355E-01
   1.1841045E-01   1.3129624E+01   1.4734790E-01
   1.1913322E-01   1.3068843E+01   1.4913335E-01
   1.1986039E-01   1.3007837E+01   1.5094016E-01
   1.2059198E-01   1.2946632E+01   1.5276858E-01
   1.2132802E-01   1.2885249E+01   1.5461884E-01
   1.2206854E-01   1.2823714E+01   1.5649122E-01
   1.2281356E-01   1.2762050E+01   1.5838596E-01
   1.2356311E-01   1.2700282E+01   1.6030332E-01
   1.2431722E-01   1.2638435E+01   1.6224358E-01
   1.2507591E-01   1.2576532E+01   1.6420699E-01
   1.2583922E-01   1.2514599E+01   1.6619382E-01
   1.2660718E-01   1.2452661E+01   1.6820435E-01
   1.2737980E-01   1.2390743E+01   1.7023884E-01
   1.2815712E-01   1.2328870E+01   1.7229759E-01
   1.2893917E-01   1.2267068E+01   1.7438086E-01
   1.2972597E-01   1.2205363E+01   1.7648895E-01
   1.3051757E-01   1.2143780E+01   1.7862213E-01
   1.3131397E-01   1.2082344E+01   1.8078070E-01
   1.3211522E-01   1.2021082E+01   1.8296495E-01
   1.3292134E-01   1.1960020E+01   1.8517518E-01
   1.3373236E-01   1.1899183E+01   1.8741168E-01
   1.3454832E-01   1.1838598E+01   1.8967477E-01
   1.3536924E-01   1.1778291E+01   1.9196473E-01
   1.3619515E-01   1.1718287E+01   1.9428189E-01
   1.3702608E-01   1.1658613E+01   1.9662656E-01
   1.3786207E-01   1.1599295E+01   1.9899905E-01
   1.3870314E-01   1.1540359E+01   2.0139967E-01
   1.3954933E-01   1.1481830E+01   2.0382876E-01
   1.4040066E-01   1.1423736E+01   2.0628663E-01
   1.4125717E-01   1.1366102E+01   2.0877362E-01
   1.4211889E-01   1.1308953E+01   2.1129006E-01
   1.4298585E-01   1.1252316E+01   2.1383629E-01
   1.4385808E-01   1.1196216E+01   2.1641263E-01
   1.4473562E-01   1.1140678E+01   2.1901945E-01
   1.4561850E-01   1.1085729E+01   2.2165708E-01
   1.4650674E-01   1.1031394E+01   2.2432587E-01
   1.4740039E-01   1.0977696E+01   2.2702617E-01
   1.4829947E-01   1.0924663E+01   2.2975835E-01
   1.4920402E-01   1.0872318E+01   2.3252277E-01
   1.5011407E-01   1.0820685E+01   2.3531979E-01
   1.5102965E-01   1.0769790E+01   2.3814977E-01
   1.5195081E-01   1.0719657E+01   2.4101309E-01
   1.5287756E-01   1.0670308E+01   2.4391013E-01
   1.5380995E-01   1.0621769E+01   2.4684127E-01
   1.5474802E-01   1.0574062E+01   2.4980688E-01
   1.5569178E-01   1.0527211E+01   2.5280736E-01
   1.5664129E-01   1.0481238E+01   2.5584310E-01
   1.5759657E-01   1.0436166E+01   2.5891449E-01
   1.5855766E-01   1.0392016E+01   2.6202193E-01
   1.5952460E-01   1.0348812E+01   2.6516583E-01
   1.6049742E-01   1.0306574E+01   2.6834659E-01
   1.6147615E-01   1.0265323E+01   2.7156461E-01
   1.6246083E-01   1.0225080E+01   2.7482033E-01
   1.6345151E-01   1.0185865E+01   2.7811415E-01
   1.6444821E-01   1.0147699E+01   2.8144650E-01
   1.6545097E-01   1.0110601E+01   2.8481780E-01
   1.6645983E-01   1.0074589E+01   2.8822850E-01
   1.6747482E-01   1.0039683E+01   2.9167901E-01
   1.6849599E-01   1.0005901E+01   2.9516979E-01
   1.6952337E-01   9.9732596E+00   2.9870127E-01
   1.7055700E-01   9.9417766E+00   3.0227390E-01
   1.7159691E-01   9.9114687E+00   3.0588814E-01
   1.7264315E-01   9.8823518E+00   3.0954444E-01
   1.7369575E-01   9.8544417E+00   3.1324326E-01
   1.7475475E-01   9.8277534E+00   3.1698506E-01
   1.7582019E-01   9.8023013E+00   3.2077032E-01
   1.7689211E-01   9.7780994E+00   3.2459951E-01
   1.7797056E-01   9.7551611E+00   3.2847311E-01
   1.7905556E-01   9.7334990E+00   3.3239159E-01
   1.8014715E-01   9.7131254E+00   3.3635544E-01
   1.8124539E-01   9.6940517E+00   3.4036516E-01
   1.8235031E-01   9.6762889E+00   3.4442124E-01
   1.8346195E-01   9.6598472E+00   3.4852418E-01
   1.8458034E-01   9.6447362E+00   3.5267448E-01
   1.8570554E-01   9.6309649E+00   3.5687264E-01
   1.8683758E-01   9.6185415E+00   3.6111919E-01
   1.8797651E-01   9.6074737E+00   3.6541464E-01
   1.8912236E-01   9.5977682E+00   3.6975951E-01
   1.9027519E-01   9.5894315E+00   3.7415433E-01
   1.9143502E-01   9.5824688E+00   3.7859962E-01
   1.9260191E-01   9.5768851E+00   3.8309592E-01
   1.9377589E-01   9.5726844E+00   3.8764377E-01
   1.9495701E-01   9.5698699E+00   3.9224371E-01
   1.9614532E-01   9.5684442E+00   3.9689629E-01
   1.9734085E-01   9.5684092E+00   4.0160207E-01
   1.9854366E-01   9.5697659E+00   4.0636159E-01
   1.9975378E-01   9.5725147E+00   4.1117542E-01
   2.0097126E-01   9.5766550E+00   4.1604412E-01
   2.0219614E-01   9.5821856E+00   4.2096827E-01
   2.0342847E-01   9.5891044E+00   4.2594844E-01
   2.0466830E-01   9.5974087E+00   4.3098520E-01
   2.0591567E-01   9.6070948E+00   4.3607913E-01
   2.0717063E-01   9.6181584E+00   4.4123084E-01
   2.0843321E-01   9.6305942E+00   4.4644090E-01
   2.0970348E-01   9.6443962E+00   4.5170991E-01
   2.1098147E-01   9.6595576E+00   4.5703847E-01
   2.1226723E-01   9.6760709E+00   4.6242718E-01
   2.1356081E-01   9.6939275E+00   4.6787666E-01
   2.1486226E-01   9.7131183E+00   4.7338752E-01
   2.1617163E-01   9.7336331E+00   4.7896036E-01
   2.1748896E-01   9.7554613E+00   4.8459582E-01
   2.1881430E-01   9.7785910E+00   4.9029451E-01
   2.2014770E-01   9.8030098E+00   4.9605706E-01
   2.2148921E-01   9.8287046E+00   5.0188411E-01
   2.2283887E-01   9.8556611E+00   5.0777629E-01
   2.2419675E-01   9.8838645E+00   5.1373424E-01
   2.2556288E-01   9.9132992E+00   5.1975861E-01
   2.2693733E-01   9.9439487E+00   5.2585004E-01
   2.2832013E-01   9.9757957E+00   5.3200918E-01
   2.2971134E-01   1.0008822E+01   5.3823669E-01
   2.3111101E-01   1.0043009E+01   5.4453322E-01
   2.3251920E-01   1.0078338E+01   5.5089944E-01
   2.3393595E-01   1.0114787E+01   5.5733602E-01
   2.3536131E-01   1.0152336E+01   5.6384361E-01
   2.3679535E-01   1.0190963E+01   5.7042289E-01
   2.3823810E-01   1.0230645E+01   5.7707454E-01
   2.3968963E-01   1.0271360E+01   5.8379923E-01
   2.4114999E-01   1.0313082E+01   5.9059764E-01
   2.4261923E-01   1.0355788E+01   5.9747046E-01
   2.4409741E-01   1.0399452E+01   6.0441837E-01
   2.4558457E-01   1.0444048E+01   6.1144205E-01
   2.4708078E-01   1.0489549E+01   6.1854221E-01
   2.4858609E-01   1.0535927E+01   6.2571952E-01
   2.5010055E-01   1.0583156E+01   6.3297469E-01
   2.5162423E-01   1.0631205E+01   6.4030842E-01
   2.5315717E-01   1.0680047E+01   6.4772140E-01
   2.5469943E-01   1.0729650E+01   6.5521433E-01
   2.5625107E-01   1.0779985E+01   6.6278791E-01
   2.5781215E-01   1.0831020E+01   6.7044285E-01
   2.5938273E-01   1.0882724E+01   6.7817985E-01
   2.6096285E-01   1.0935064E+01   6.8599962E-01
   2.6255259E-01   1.0988009E+01   6.9390286E-01
   2.6415199E-01   1.1041524E+01   7.0189029E-01
   2.6576112E-01   1.1095577E+01   7.0996260E-01
   2.6738004E-01   1.1150132E+01   7.1812051E-01
   2.6900880E-01   1.1205157E+01   7.2636472E-01
   2.7064747E-01   1.1260615E+01   7.3469594E-01
   2.7229611E-01   1.1316471E+01   7.4311488E-01
   2.7395477E-01   1.1372690E+01   7.5162225E-01
   2.7562352E-01   1.1429234E+01   7.6021874E-01
   2.7730241E-01   1.1486069E+01   7.6890507E-01
   2.7899152E-01   1.1543156E+01   7.7768193E-01
   2.8069090E-01   1.1600459E+01   7.8655003E-01
   2.8240062E-01   1.1657941E+01   7.9551007E-01
   2.8412073E-01   1.1715563E+01   8.0456274E-01
   2.8585131E-01   1.1773287E+01   8.1370874E-01
   2.8759241E-01   1.1831076E+01   8.2294875E-01
   2.8934410E-01   1.1888890E+01   8.3228346E-01
   2.9110644E-01   1.1946692E+01   8.4171356E-01
   2.9287950E-01   1.2004442E+01   8.5123973E-01
   2.9466334E-01   1.2062102E+01   8.6086264E-01
   2.9645804E-01   1.2119632E+01   8.7058297E-01
   2.9826364E-01   1.2176994E+01   8.8040137E-01
   3.0008023E-01   1.2234148E+01   8.9031850E-01
   3.0190787E-01   1.2291054E+01   9.0033502E-01
   3.0374662E-01   1.2347675E+01   9.1045158E-01
   3.0559655E-01   1.2403970E+01   9.2066882E-01
   3.0745774E-01   1.2459899E+01   9.3098736E-01
   3.0933024E-01   1.2515425E+01   9.4140783E-01
   3.1121413E-01   1.2570507E+01   9.5193085E-01
   3.1310948E-01   1.2625107E+01   9.6255703E-01
   3.1501636E-01   1.2679185E+01   9.7328695E-01
   3.1693483E-01   1.2732704E+01   9.8412122E-01
   3.1886497E-01   1.2785623E+01   9.9506039E-01
   3.2080685E-01   1.2837904E+01   1.0061050E+00
   3.2276054E-01   1.2889510E+01   1.0172557E+00
   3.2472612E-01   1.2940403E+01   1.0285130E+00
   3.2670364E-01   1.2990543E+01   1.0398774E+00
   3.2869319E-01   1.3039895E+01   1.0513493E+00
   3.3069485E-01   1.3088420E+01   1.0629294E+00
   3.3270867E-01   1.3136082E+01   1.0746181E+00
   3.3473474E-01   1.3182844E+01   1.0864159E+00
   3.3677314E-01   1.3228669E+01   1.0983231E+00
   3.3882393E-01   1.3273524E+01   1.1103404E+00
   3.4088720E-01   1.3317370E+01   1.1224679E+00
   3.4296301E-01   1.3360175E+01   1.1347063E+00
   3.4505144E-01   1.3401903E+01   1.1470558E+00
   3.4715258E-01   1.3442520E+01   1.1595167E+00
   3.4926650E-01   1.3481993E+01   1.1720895E+00
   3.5139327E-01   1.3520288E+01   1.1847745E+00
   3.5353298E-01   1.3557374E+01   1.1975719E+00
   3.5568570E-01   1.3593218E+01   1.2104819E+00
   3.5785151E-01   1.3627789E+01   1.2235049E+00
   3.6003050E-01   1.3661057E+01   1.2366410E+00
   3.6222274E-01   1.3692991E+01   1.2498904E+00
   3.6442830E-01   1.3723561E+01   1.2632533E+00
   3.6664729E-01   1.3752740E+01   1.2767298E+00
   3.6887977E-01   1.3780498E+01   1.2903200E+00
   3.7112582E-01   1.3806809E+01   1.3040240E+00
   3.7338554E-01   1.3831646E+01   1.3178417E+00
   3.7565899E-01   1.3854983E+01   1.3317731E+00
   3.7794628E-01   1.3876794E+01   1.3458183E+00
   3.8024747E-01   1.3897055E+01   1.3599772E+00
   3.8256267E-01   1.3915743E+01   1.3742495E+00
   3.8489194E-01   1.3932834E+01   1.3886352E+00
   3.8723537E-01   1.3948307E+01   1.4031341E+00
   3.8959306E-01   1.3962139E+01   1.4177459E+00
   3.9196509E-01   1.3974312E+01   1.4324703E+00
   3.9435154E-01   1.3984805E+01   1.4473069E+00
   3.9675251E-01   1.3993600E+01   1.4622555E+00
   3.9916808E-01   1.4000678E+01   1.4773156E+00
   4.0159834E-01   1.4006023E+01   1.4924866E+00
   4.0404338E-01   1.4009619E+01   1.5077681E+00
   4.0650329E-01   1.4011450E+01   1.5231594E+00
   4.0897816E-01   1.4011503E+01   1.5386599E+00
   4.1146809E-01   1.4009764E+01   1.5542689E+00
   4.1397315E-01   1.4006220E+01   1.5699857E+00
   4.1649345E-01   1.4000861E+01   1.5858094E+00
   4.1902908E-01   1.3993675E+01   1.6017390E+00
   4.2158013E-01   1.3984654E+01   1.6177738E+00
   4.2414669E-01   1.3973788E+01   1.6339125E+00
   4.2672887E-01   1.3961070E+01   1.6501542E+00
   4.2932674E-01   1.3946494E+01   1.6664977E+00
   4.3194042E-01   1.3930054E+01   1.6829416E+00
   4.3456999E-01   1.3911744E+01   1.6994848E+00
   4.3721556E-01   1.3891562E+01   1.7161258E+00
   4.3987721E-01   1.3869505E+01   1.7328631E+00
   4.4255505E-01   1.3845570E+01   1.7496952E+00
   4.4524918E-01   1.3819757E+01   1.7666204E+00
   4.4795969E-01   1.3792067E+01   1.7836369E+00
   4.5068669E-01   1.3762500E+01   1.8007431E+00
   4.5343027E-01   1.3731059E+01   1.8179368E+00
   4.5619054E-01   1.3697747E+01   1.8352161E+00
   4.5896759E-01   1.3662568E+01   1.8525790E+00
   4.6176154E-01   1.3625526E+01   1.8700231E+00
   4.6457247E-01   1.3586629E+01   1.8875462E+00
   4.6740050E-01   1.3545883E+01   1.9051457E+00
   4.7024573E-01   1.3503296E+01   1.9228193E+00
   4.7310827E-01   1.3458878E+01   1.9405642E+00
   4.7598821E-01   1.3412637E+01   1.9583776E+00
   4.7888567E-01   1.3364584E+01   1.9762567E+00
   4.8180075E-01   1.3314733E+01   1.9941985E+00
   4.8473356E-01   1.3263094E+01   2.0121998E+00
   4.8768420E-01   1.3209682E+01   2.0302573E+00
   4.9065279E-01   1.3154512E+01   2.0483677E+00
   4.9363944E-01   1.3097597E+01   2.0665274E+00
   4.9664425E-01   1.3038956E+01   2.0847328E+00
   4.9966733E-01   1.2978605E+01   2.1029800E+00
   5.0270880E-01   1.2916561E+01   2.1212651E+00
   5.0576876E-01   1.2852844E+01   2.1395841E+00
   5.0884734E-01   1.2787473E+01   2.1579325E+00
   5.1194463E-01   1.2720470E+01   2.1763062E+00
   5.1506077E-01   1.2651854E+01   2.1947003E+00
   5.1819586E-01   1.2581648E+01   2.2131104E+00
   5.2135001E-01   1.2509875E+01   2.2315314E+00
   5.2452335E-01   1.2436559E+01   2.2499583E+00
   5.2771598E-01   1.2361723E+01   2.2683858E+00
   5.3092803E-01   1.2285393E+01   2.2868086E+00
   5.3415962E-01   1.2207595E+01   2.3052211E+00
   5.3741086E-01   1.2128355E+01   2.3236175E+00
   5.4068187E-01   1.2047699E+01   2.3419918E+00
   5.4397278E-01   1.1965657E+01   2.3603380E+00
   5.4728370E-01   1.1882256E+01   2.3786496E+00
   5.5061476E-01   1.1797524E+01   2.3969201E+00
   5.5396607E-01   1.1711493E+01   2.4151429E+00
   5.5733777E-01   1.1624191E+01   2.4333109E+00
   5.6072997E-01   1.1535650E+01   2.4514170E+00
   5.6414281E-01   1.1445901E+01   2.4694540E+00
   5.6757640E-01   1.1354975E+01   2.4874141E+00
   5.7103087E-01   1.1262905E+01   2.5052897E+00
   5.7450635E-01   1.1169724E+01   2.5230727E+00
   5.7800297E-01   1.1075464E+01   2.5407549E+00
   5.8152085E-01   1.0980159E+01   2.5583279E+00
   5.8506013E-01   1.0883843E+01   2.5757830E+00
   5.8862093E-01   1.0786550E+01   2.5931113E+00
   5.9220339E-01   1.0688316E+01   2.6103036E+00
   5.9580764E-01   1.0589175E+01   2.6273506E+00
   5.9943380E-01   1.0489162E+01   2.6442427E+00
   6.0308202E-01   1.0388313E+01   2.6609700E+00
   6.0675243E-01   1.0286663E+01   2.6775224E+00
   6.1044516E-01   1.0184250E+01   2.6938897E+00
   6.1416034E-01   1.0081109E+01   2.7100612E+00
   6.1789813E-01   9.9772764E+00   2.7260260E+00
   6.2165864E-01   9.8727892E+00   2.7417732E+00
   6.2544202E-01   9.7676841E+00   2.7572915E+00
   6.2924842E-01   9.6619979E+00   2.7725692E+00
   6.3307796E-01   9.5557677E+00   2.7875945E+00
   6.3693079E-01   9.4490305E+00   2.8023554E+00
   6.4080706E-01   9.3418234E+00   2.8168396E+00
   6.4470690E-01   9.2341835E+00   2.8310346E+00
   6.4863046E-01   9.1261479E+00   2.8449275E+00
   6.5257788E-01   9.0177537E+00   2.8585053E+00
   6.5654930E-01   8.9090380E+00   2.8717548E+00
   6.6054488E-01   8.8000375E+00   2.8846623E+00
   6.6456476E-01   8.6907893E+00   2.8972143E+00
   6.6860909E-01   8.5813300E+00   2.9093966E+00
   6.7267801E-01   8.4716962E+00   2.9211952E+00
   6.7677168E-01   8.3619243E+00   2.9325956E+00
   6.8089025E-01   8.2520505E+00   2.9435831E+00
   6.8503386E-01   8.1421108E+00   2.9541429E+00
   6.8920268E-01   8.0321409E+00   2.9642600E+00
   6.9339684E-01   7.9221764E+00   2.9739192E+00
   6.9761652E-01   7.8122525E+00   2.9831049E+00
   7.0186186E-01   7.7024041E+00   2.9918017E+00
   7.0613301E-01   7.5926658E+00   2.9999938E+00
   7.1043015E-01   7.4830719E+00   3.0076652E+00
   7.1475342E-01   7.3736561E+00   3.0148000E+00
   7.1910298E-01   7.2644522E+00   3.0213818E+00
   7.2347899E-01   7.1554930E+00   3.0273946E+00
   7.2788162E-01   7.0468114E+00   3.0328218E+00
   7.3231102E-01   6.9384395E+00   3.0376469E+00
   7.3676736E-01   6.8304092E+00   3.0418536E+00
   7.4125080E-01   6.7227517E+00   3.0454251E+00
   7.4576151E-01   6.6154978E+00   3.0483448E+00
   7.5029965E-01   6.5086779E+00   3.0505963E+00
   7.5486540E-01   6.4023217E+00   3.0521628E+00
   7.5945891E-01   6.2964585E+00   3.0530279E+00
   7.6408035E-01   6.1911169E+00   3.0531750E+00
   7.6872990E-01   6.0863250E+00   3.0525879E+00
   7.7340773E-01   5.9821104E+00   3.0512502E+00
   7.7811401E-01   5.8784999E+00   3.0491459E+00
   7.8284891E-01   5.7755199E+00   3.0462590E+00
   7.8761261E-01   5.6731961E+00   3.0425739E+00
   7.9240528E-01   5.5715534E+00   3.0380752E+00
   7.9722710E-01   5.4706163E+00   3.0327478E+00
   8.0207824E-01   5.3704085E+00   3.0265767E+00
   8.0695888E-01   5.2709532E+00   3.0195478E+00
   8.1186921E-01   5.1722726E+00   3.0116468E+00
   8.1680940E-01   5.0743886E+00   3.0028604E+00
   8.2177964E-01   4.9773221E+00   2.9931755E+00
   8.2678010E-01   4.8810935E+00   2.9825796E+00
   8.3181098E-01   4.7857224E+00   2.9710609E+00
   8.3687245E-01   4.6912278E+00   2.9586083E+00
   8.4196470E-01   4.5976277E+00   2.9452111E+00
   8.4708792E-01   4.5049397E+00   2.9308599E+00
   8.5224230E-01   4.4131806E+00   2.9155456E+00
   8.5742803E-01   4.3223664E+00   2.8992605E+00
   8.6264530E-01   4.2325123E+00   2.8819973E+00
   8.6789429E-01   4.1436331E+00   2.8637503E+00
   8.7317521E-01   4.0557425E+00   2.8445145E+00
   8.7848825E-01   3.9688537E+00   2.8242861E+00
   8.8383360E-01   3.8829790E+00   2.8030628E+00
   8.8921146E-01   3.7981302E+00   2.7808432E+00
   8.9462202E-01   3.7143182E+00   2.7576276E+00
   9.0006549E-01   3.6315532E+00   2.7334176E+00
   9.0554207E-01   3.5498447E+00   2.7082163E+00
   9.1105195E-01   3.4692016E+00   2.6820286E+00
   9.1659534E-01   3.3896320E+00   2.6548607E+00
   9.2217245E-01   3.3111432E+00   2.6267209E+00
   9.2778347E-01   3.2337420E+00   2.5976192E+00
   9.3342862E-01   3.1574343E+00   2.5675674E+00
   9.3910810E-01   3.0822256E+00   2.5365795E+00
   9.4482212E-01   3.0081204E+00   2.5046714E+00
   9.5057089E-01   2.9351227E+00   2.4718611E+00
   9.5635463E-01   2.8632360E+00   2.4381689E+00
   9.6217354E-01   2.7924628E+00   2.4036173E+00
   9.6802783E-01   2.7228054E+00   2.3682312E+00
   9.7391774E-01   2.6542650E+00   2.3320378E+00
   9.7984346E-01   2.5868425E+00   2.2950668E+00
   9.8580522E-01   2.5205381E+00   2.2573502E+00
   9.9180324E-01   2.4553515E+00   2.2189229E+00
   9.9783774E-01   2.3912817E+00   2.1798221E+00
   1.0039089E+00   2.3283271E+00   2.1400875E+00
   1.0100171E+00   2.2664858E+00   2.0997616E+00
   1.0161623E+00   2.2057551E+00   2.0588895E+00
   1.0223450E+00   2.1461318E+00   2.0175187E+00
   1.0285652E+00   2.0876123E+00   1.9756993E+00
   1.0348233E+00   2.0301924E+00   1.9334842E+00
   1.0411194E+00   1.9738676E+00   1.8909282E+00
   1.0474539E+00   1.9186326E+00   1.8480889E+00
   1.0538268E+00   1.8644819E+00   1.8050260E+00
   1.0602385E+00   1.8114096E+00   1.7618012E+00
   1.0666892E+00   1.7594090E+00   1.7184781E+00
   1.0731791E+00   1.7084734E+00   1.6751223E+00
   1.0797085E+00   1.6585955E+00   1.6318004E+00
   1.0862777E+00   1.6097675E+00   1.5885807E+00
   1.0928867E+00   1.5619816E+00   1.5455320E+00
   1.0995360E+00   1.5152291E+00   1.5027238E+00
   1.1062257E+00   1.4695015E+00   1.4602255E+00
   1.1129561E+00   1.4247895E+00   1.4181063E+00
   1.1197274E+00   1.3810836E+00   1.3764340E+00
   1.1265399E+00   1.3383742E+00   1.3352753E+00
   1.1333938E+00   1.2966511E+00   1.2946943E+00
   1.1402894E+00   1.2559040E+00   1.2547520E+00
   1.1472270E+00   1.2161222E+00   1.2155056E+00
   1.1542067E+00   1.1772946E+00   1.1770072E+00
   1.1612289E+00   1.1394102E+00   1.1393030E+00
   1.1682938E+00   1.1024572E+00   1.1024318E+00
   1.1754017E+00   1.0664242E+00   1.0664239E+00
   1.1825527E+00   1.0312988E+00   1.0312997E+00
   1.1897473E+00   9.9706908E-01   9.9706778E-01
   1.1969857E+00   9.6372237E-01   9.6372323E-01
   1.2042680E+00   9.3124601E-01   9.3124601E-01
   1.2115947E+00   8.9962707E-01   8.9962707E-01
   1.2189659E+00   8.6885244E-01   8.6885244E-01
   1.2263819E+00   8.3890881E-01   8.3890881E-01
   1.2338431E+00   8.0978268E-01   8.0978268E-01
   1.2413496E+00   7.8146042E-01   7.8146042E-01
   1.2489017E+00   7.5392822E-01   7.5392822E-01
   1.2564998E+00   7.2717216E-01   7.2717216E-01
   1.2641441E+00   7.0117820E-01   7.0117820E-01
   1.2718349E+00   6.7593221E-01   6.7593221E-01
   1.2795725E+00   6.5141996E-01   6.5141996E-01
   1.2873571E+00   6.2762721E-01   6.2762721E-01
   1.2951891E+00   6.0453964E-01   6.0453964E-01
   1.3030687E+00   5.8214293E-01   5.8214293E-01
   1.3109962E+00   5.6042276E-01   5.6042276E-01
   1.3189720E+00   5.3936484E-01   5.3936484E-01
   1.3269962E+00   5.1895492E-01   5.1895492E-01
   1.3350693E+00   4.9917878E-01   4.9917878E-01
   1.3431914E+00   4.8002232E-01   4.8002232E-01
   1.3513630E+00   4.6147149E-01   4.6147149E-01
   1.3595842E+00   4.4351238E-01   4.4351238E-01
   1.3678554E+00   4.2613116E-01   4.2613116E-01
   1.3761770E+00   4.0931415E-01   4.0931415E-01
   1.3845491E+00   3.9304781E-01   3.9304781E-01
   1.3929722E+00   3.7731873E-01   3.7731873E-01
   1.4014465E+00   3.6211367E-01   3.6211367E-01
   1.4099723E+00   3.4741955E-01   3.4741955E-01
   1.4185500E+00   3.3322344E-01   3.3322344E-01
   1.4271798E+00   3.1951260E-01   3.1951260E-01
   1.4358622E+00   3.0627446E-01   3.0627446E-01
   1.4445973E+00   2.9349662E-01   2.9349662E-01
   1.4533856E+00   2.8116686E-01   2.8116686E-01
   1.4622273E+00   2.6927316E-01   2.6927316E-01
   1.4711228E+00   2.5780367E-01   2.5780367E-01
   1.4800724E+00   2.4674673E-01   2.4674673E-01
   1.4890764E+00   2.3609088E-01   2.3609088E-01
   1.4981351E+00   2.2582482E-01   2.2582482E-01
   1.5072490E+00   2.1593746E-01   2.1593746E-01
   1.5164183E+00   2.0641791E-01   2.0641791E-01
   1.5256434E+00   1.9725546E-01   1.9725546E-01
   1.5349245E+00   1.8843959E-01   1.8843959E-01
   1.5442621E+00   1.7995997E-01   1.7995997E-01
   1.5536565E+00   1.7180649E-01   1.7180649E-01
   1.5631080E+00   1.6396919E-01   1.6396919E-01
   1.5726171E+00   1.5643834E-01   1.5643834E-01
   1.5821839E+00   1.4920440E-01   1.4920440E-01
   1.5918089E+00   1.4225799E-01   1.4225799E-01
   1.6014925E+00   1.3558998E-01   1.3558998E-01
   1.6112349E+00   1.2919138E-01   1.2919138E-01
   1.6210366E+00   1.2305343E-01   1.2305343E-01
   1.6308980E+00   1.1716754E-01   1.1716754E-01
   1.6408193E+00   1.1152532E-01   1.1152532E-01
   1.6508009E+00   1.0611859E-01   1.0611859E-01
   1.6608432E+00   1.0093932E-01   1.0093932E-01
   1.6709466E+00   9.5979712E-02   9.5979712E-02
   1.6811115E+00   9.1232126E-02   9.1232126E-02
   1.6913382E+00   8.6689124E-02   8.6689124E-02
   1.7016270E+00   8.2343450E-02   8.2343450E-02
   1.7119785E+00   7.8188032E-02   7.8188032E-02
   1.7223929E+00   7.4215983E-02   7.4215983E-02
   1.7328706E+00   7.0420595E-02   7.0420595E-02
   1.7434121E+00   6.6795340E-02   6.6795340E-02
   1.7540176E+00   6.3333866E-02   6.3333866E-02
   1.7646877E+00   6.0029999E-02   6.0029999E-02
   1.7754227E+00   5.6877737E-02   5.6877737E-02
   1.7862229E+00   5.3871247E-02   5.3871247E-02
   1.7970888E+00   5.1004868E-02   5.1004868E-02
   1.8080209E+00   4.8273103E-02   4.8273103E-02
   1.8190194E+00   4.5670620E-02   4.5670620E-02
   1.8300847E+00   4.3192247E-02   4.3192247E-02
   1.8412174E+00   4.0832973E-02   4.0832973E-02
   1.8524178E+00   3.8587941E-02   3.8587941E-02
   1.8636863E+00   3.6452448E-02   3.6452448E-02
   1.8750234E+00   3.4421943E-02   3.4421943E-02
   1.8864294E+00   3.2492020E-02   3.2492020E-02
   1.8979047E+00   3.0658421E-02   3.0658421E-02
   1.9094499E+00   2.8917028E-02   2.8917028E-02
   1.9210652E+00   2.7263863E-02   2.7263863E-02
   1.9327512E+00   2.5695086E-02   2.5695086E-02
   1.9445083E+00   2.4206987E-02   2.4206987E-02
   1.9563369E+00   2.2795989E-02   2.2795989E-02
   1.9682374E+00   2.1458641E-02   2.1458641E-02
   1.9802103E+00   2.0191617E-02   2.0191617E-02
   1.9922560E+00   1.8991714E-02   1.8991714E-02
   2.0043750E+00   1.7855845E-02   1.7855845E-02
   2.0165676E+00   1.6781039E-02   1.6781039E-02
   2.0288345E+00   1.5764439E-02   1.5764439E-02
   2.0411759E+00   1.4803296E-02   1.4803296E-02
   2.0535924E+00   1.3894968E-02   1.3894968E-02
   2.0660844E+00   1.3036919E-02   1.3036919E-02
   2.0786523E+00   1.2226709E-02   1.2226709E-02
   2.0912967E+00   1.1462001E-02   1.1462001E-02
   2.1040181E+00   1.0740550E-02   1.0740550E-02
   2.1168167E+00   1.0060204E-02   1.0060204E-02
   2.1296932E+00   9.4189010E-03   9.4189010E-03
   2.1426481E+00   8.8146647E-03   8.8146647E-03
   2.1556817E+00   8.2456036E-03   8.2456036E-03
   2.1687945E+00   7.7099072E-03   7.7099072E-03
   2.1819872E+00   7.2058437E-03   7.2058437E-03
   2.1952600E+00   6.7317575E-03   6.7317575E-03
   2.2086136E+00   6.2860662E-03   6.2860662E-03
   2.2220484E+00   5.8672586E-03   5.8672586E-03
   2.2355649E+00   5.4738921E-03   5.4738921E-03
   2.2491636E+00   5.1045899E-03   5.1045899E-03
   2.2628450E+00   4.7580394E-03   4.7580394E-03
   2.2766096E+00   4.4329889E-03   4.4329889E-03
   2.2904579E+00   4.1282461E-03   4.1282461E-03
   2.3043905E+00   3.8426758E-03   3.8426758E-03
   2.3184078E+00   3.5751973E-03   3.5751973E-03
   2.3325103E+00   3.3247827E-03   3.3247827E-03
   2.3466986E+00   3.0904544E-03   3.0904544E-03
   2.3609732E+00   2.8712838E-03   2.8712838E-03
   2.3753346E+00   2.6663887E-03   2.6663887E-03
   2.3897833E+00   2.4749315E-03   2.4749315E-03
   2.4043199E+00   2.2961177E-03   2.2961177E-03
   2.4189449E+00   2.1291936E-03   2.1291936E-03
   2.4336589E+00   1.9734451E-03   1.9734451E-03
   2.4484624E+00   1.8281955E-03   1.8281955E-03
   2.4633558E+00   1.6928041E-03   1.6928041E-03
   2.4783399E+00   1.5666647E-03   1.5666647E-03
   2.4934151E+00   1.4492040E-03   1.4492040E-03
   2.5085820E+00   1.3398797E-03   1.3398797E-03
   2.5238411E+00   1.2381799E-03   1.2381799E-03
   2.5391930E+00   1.1436209E-03   1.1436209E-03
   2.5546383E+00   1.0557463E-03   1.0557463E-03
   2.5701775E+00   9.7412562E-04   9.7412562E-04
   2.5858112E+00   8.9835293E-04   8.9835293E-04
   2.6015400E+00   8.2804583E-04   8.2804583E-04
   2.6173645E+00   7.6284421E-04   7.6284421E-04
   2.6332852E+00   7.0240910E-04   7.0240910E-04
   2.6493027E+00   6.4642168E-04   6.4642168E-04
   2.6654176E+00   5.9458219E-04   5.9458219E-04
   2.6816306E+00   5.4660899E-04   5.4660899E-04
   2.6979421E+00   5.0223758E-04   5.0223758E-04
   2.7143529E+00   4.6121972E-04   4.6121972E-04
   2.7308634E+00   4.2332257E-04   4.2332257E-04
   2.7474744E+00   3.8832784E-04   3.8832784E-04
   2.7641864E+00   3.5603099E-04   3.5603099E-04
   2.7810000E+00   3.2624052E-04   3.2624052E-04
   2.7979159E+00   2.9877719E-04   2.9877719E-04
   2.8149346E+00   2.7347335E-04   2.7347335E-04
   2.8320569E+00   2.5017232E-04   2.5017232E-04
   2.8492833E+00   2.2872769E-04   2.2872769E-04
   2.8666145E+00   2.0900279E-04   2.0900279E-04
   2.8840510E+00   1.9087006E-04   1.9087006E-04
   2.9015936E+00   1.7421059E-04   1.7421059E-04
   2.9192429E+00   1.5891350E-04   1.5891350E-04
   2.9369996E+00   1.4487557E-04   1.4487557E-04
   2.9548642E+00   1.3200066E-04   1.3200066E-04
   2.9728375E+00   1.2019938E-04   1.2019938E-04
   2.9909200E+00   1.0938860E-04   1.0938860E-04
   3.0091126E+00   9.9491054E-05   9.9491054E-05
   3.0274158E+00   9.0435034E-05   9.0435034E-05
   3.0458303E+00   8.2153970E-05   8.2153970E-05
   3.0643568E+00   7.4586129E-05   7.4586129E-05
   3.0829960E+00   6.7674291E-05   6.7674291E-05
   3.1017485E+00   6.1365454E-05   6.1365454E-05
   3.1206151E+00   5.5610556E-05   5.5610556E-05
   3.1395964E+00   5.0364210E-05   5.0364210E-05
   3.1586932E+00   4.5584451E-05   4.5584451E-05
   3.1779061E+00   4.1232512E-05   4.1232512E-05
   3.1972359E+00   3.7272594E-05   3.7272594E-05
   3.2166832E+00   3.3671668E-05   3.3671668E-05
   3.2362487E+00   3.0399273E-05   3.0399273E-05
   3.2559333E+00   2.7427342E-05   2.7427342E-05
   3.2757376E+00   2.4730026E-05   2.4730026E-05
   3.2956623E+00   2.2283538E-05   2.2283538E-05
   3.3157083E+00   2.0065997E-05   2.0065997E-05
   3.3358761E+00   1.8057298E-05   1.8057298E-05
   3.3561666E+00   1.6238972E-05   1.6238972E-05
   3.3765804E+00   1.4594068E-05   1.4594068E-05
   3.3971185E+00   1.3107038E-05   1.3107038E-05
   3.4177814E+00   1.1763634E-05   1.1763634E-05
   3.4385700E+00   1.0550800E-05   1.0550800E-05
   3.4594851E+00   9.4565907E-06   9.4565907E-06
   3.4805273E+00   8.4700768E-06   8.4700768E-06
   3.5016975E+00   7.5812696E-06   7.5812696E-06
   3.5229965E+00   6.7810449E-06   6.7810449E-06
   3.5444250E+00   6.0610747E-06   6.0610747E-06
   3.5659838E+00   5.4137629E-06   5.4137629E-06
   3.5876737E+00   4.8321858E-06   4.8321858E-06
   3.6094955E+00   4.3100375E-06   4.3100375E-06
   3.6314501E+00   3.8415784E-06   3.8415784E-06
   3.6535382E+00   3.4215885E-06   3.4215885E-06
   3.6757606E+00   3.0453238E-06   3.0453238E-06
   3.6981181E+00   2.7084757E-06   2.7084757E-06
   3.7206117E+00   2.4071346E-06   2.4071346E-06
   3.7432420E+00   2.1377549E-06   2.1377549E-06
   3.7660100E+00   1.8971239E-06   1.8971239E-06
   3.7889164E+00   1.6823326E-06   1.6823326E-06
   3.8119621E+00   1.4907491E-06   1.4907491E-06
   3.8351480E+00   1.3199936E-06   1.3199936E-06
   3.8584750E+00   1.1679165E-06   1.1679165E-06
   3.8819437E+00   1.0325773E-06   1.0325773E-06
   3.9055552E+00   9.1222557E-07   9.1222557E-07
   3.9293103E+00   8.0528354E-07   8.0528354E-07
   3.9532099E+00   7.1033037E-07   7.1033037E-07
   3.9772549E+00   6.2608740E-07   6.2608740E-07
   4.0014460E+00   5.5140485E-07   5.5140485E-07
   4.0257843E+00   4.8524969E-07   4.8524969E-07
   4.0502706E+00   4.2669446E-07   4.2669446E-07
   4.0749058E+00   3.7490721E-07   3.7490721E-07
   4.0996909E+00   3.2914223E-07   3.2914223E-07
   4.1246267E+00   2.8873166E-07   2.8873166E-07
   4.1497141E+00   2.5307785E-07   2.5307785E-07
   4.1749541E+00   2.2164642E-07   2.2164642E-07
   4.2003476E+00   1.9395997E-07   1.9395997E-07
   4.2258956E+00   1.6959232E-07   1.6959232E-07
   4.2515989E+00   1.4816338E-07   1.4816338E-07
   4.2774585E+00   1.2933439E-07   1.2933439E-07
   4.3034755E+00   1.1280374E-07   1.1280374E-07
   4.3296506E+00   9.8303089E-08   9.8303089E-08
   4.3559849E+00   8.5593909E-08   8.5593909E-08
   4.3824794E+00   7.4464350E-08   7.4464350E-08
   4.4091350E+00   6.4726422E-08   6.4726422E-08
   4.4359528E+00   5.6213450E-08   5.6213450E-08
   4.4629336E+00   4.8777788E-08   4.8777788E-08
   4.4900785E+00   4.2288760E-08   4.2288760E-08
   4.5173885E+00   3.6630810E-08   3.6630810E-08
   4.5448646E+00   3.1701846E-08   3.1701846E-08
   4.5725079E+00   2.7411750E-08   2.7411750E-08
   4.6003192E+00   2.3681043E-08   2.3681043E-08
   4.6282996E+00   2.0439697E-08   2.0439697E-08
   4.6564503E+00   1.7626062E-08   1.7626062E-08
   4.6847721E+00   1.5185916E-08   1.5185916E-08
   4.7132662E+00   1.3071613E-08   1.3071613E-08
   4.7419336E+00   1.1241324E-08   1.1241324E-08
   4.7707753E+00   9.6583620E-09   9.6583620E-09
   4.7997924E+00   8.2905772E-09   8.2905772E-09
   4.8289860E+00   7.1098249E-09   7.1098249E-09
   4.8583572E+00   6.0914885E-09   6.0914885E-09
   4.8879069E+00   5.2140582E-09   5.2140582E-09
   4.9176364E+00   4.4587565E-09   4.4587565E-09
   4.9475467E+00   3.8092068E-09   3.8092068E-09
   4.9776389E+00   3.2511405E-09   3.2511405E-09
   5.0079141E+00   2.7721376E-09   2.7721376E-09
   5.0383735E+00   2.3613975E-09   2.3613975E-09
   5.0690180E+00   2.0095375E-09   2.0095375E-09
   5.0998490E+00   1.7084145E-09   1.7084145E-09
   5.1308675E+00   1.4509681E-09   1.4509681E-09
   5.1620746E+00   1.2310830E-09   1.2310830E-09
   5.1934715E+00   1.0434676E-09   1.0434676E-09
   5.2250593E+00   8.8354799E-10   8.8354799E-10
   5.2568393E+00   7.4737424E-10   7.4737424E-10
   5.2888125E+00   6.3153905E-10   6.3153905E-10
   5.3209802E+00   5.3310612E-10   5.3310612E-10
   5.3533435E+00   4.4954766E-10   4.4954766E-10
   5.3859036E+00   3.7868985E-10   3.7868985E-10
   5.4186618E+00   3.1866520E-10   3.1866520E-10
   5.4516192E+00   2.6787110E-10   2.6787110E-10
   5.4847770E+00   2.2493368E-10   2.2493368E-10
   5.5181365E+00   1.8867644E-10   1.8867644E-10
   5.5516989E+00   1.5809297E-10   1.5809297E-10
   5.5854653E+00   1.3232328E-10   1.3232328E-10
   5.6194372E+00   1.1063329E-10   1.1063329E-10
   5.6536156E+00   9.2397102E-11   9.2397102E-11
   5.6880019E+00   7.7081631E-11   7.7081631E-11
   5.7225974E+00   6.4233336E-11   6.4233336E-11
   5.7574032E+00   5.3466791E-11   5.3466791E-11
   5.7924207E+00   4.4454814E-11   4.4454814E-11
   5.8276512E+00   3.6919982E-11   3.6919982E-11
   5.8630960E+00   3.0627330E-11   3.0627330E-11
   5.8987563E+00   2.5378076E-11   2.5378076E-11
   5.9346335E+00   2.1004243E-11   2.1004243E-11
   5.9707288E+00   1.7364052E-11   1.7364052E-11
   6.0070437E+00   1.4337971E-11   1.4337971E-11
   6.0435795E+00   1.1825343E-11   1.1825343E-11
   6.0803375E+00   9.7415040E-12   9.7415040E-12
   6.1173190E+00   8.0153290E-12   8.0153290E-12
   6.1545254E+00   6.5871347E-12   6.5871347E-12
   6.1919581E+00   5.4069003E-12   5.4069003E-12
   6.2296184E+00   4.4327532E-12   4.4327532E-12
   6.2675078E+00   3.6296842E-12   3.6296842E-12
   6.3056277E+00   2.9684583E-12   2.9684583E-12
   6.3439793E+00   2.4246920E-12   2.4246920E-12
   6.3825642E+00   1.9780734E-12   1.9780734E-12
   6.4213838E+00   1.6117031E-12   1.6117031E-12
   6.4604395E+00   1.3115389E-12   1.3115389E-12
   6.4997326E+00   1.0659268E-12   1.0659268E-12
   6.5392648E+00   8.6520749E-13   8.6520749E-13
   6.5790374E+00   7.0138490E-13   7.0138490E-13
   6.6190518E+00   5.6784835E-13   5.6784835E-13
   6.6593097E+00   4.5913951E-13   4.5913951E-13
   6.6998123E+00   3.7075741E-13   3.7075741E-13
   6.7405613E+00   2.9899530E-13   2.9899530E-13
   6.7815581E+00   2.4080457E-13   2.4080457E-13
   6.8228042E+00   1.9368116E-13   1.9368116E-13
   6.8643012E+00   1.5557104E-13   1.5557104E-13
   6.9060506E+00   1.2479158E-13   1.2479158E-13
   6.9480538E+00   9.9966243E-14   9.9966243E-14
   6.9903125E+00   7.9970420E-14   7.9970420E-14
   7.0328283E+00   6.3886585E-14   6.3886585E-14
   7.0756025E+00   5.0967178E-14   5.0967178E-14
   7.1186370E+00   4.0603966E-14   4.0603966E-14
   7.1619331E+00   3.2302755E-14   3.2302755E-14
   7.2054926E+00   2.5662573E-14   2.5662573E-14
   7.2493170E+00   2.0358540E-14   2.0358540E-14
   7.2934079E+00   1.6127798E-14   1.6127798E-14
   7.3377669E+00   1.2757975E-14   1.2757975E-14
   7.3823958E+00   1.0077734E-14   1.0077734E-14
   7.4272960E+00   7.9490391E-15   7.9490391E-15
   7.4724694E+00   6.2608481E-15   6.2608481E-15
   7.5179174E+00   4.9239612E-15   4.9239612E-15
   7.5636419E+00   3.8668302E-15   3.8668302E-15
   7.6096444E+00   3.0321503E-15   3.0321503E-15
   7.6559268E+00   2.3740920E-15   2.3740920E-15
   7.7024906E+00   1.8560584E-15   1.8560584E-15
   7.7493375E+00   1.4488687E-15   1.4488687E-15
   7.7964694E+00   1.1292906E-15   1.1292906E-15
   7.8438880E+00   8.7885595E-16   8.7885595E-16
   7.8915949E+00   6.8290603E-16   6.8290603E-16
   7.9395919E+00   5.2982374E-16   5.2982374E-16
   7.9878809E+00   4.1041669E-16   4.1041669E-16
   8.0364636E+00   3.1742247E-16   3.1742247E-16
   8.0853417E+00   2.4511237E-16   2.4511237E-16
   8.1345170E+00   1.8897466E-16   1.8897466E-16
   8.1839915E+00   1.4546165E-16   1.4546165E-16
   8.2337668E+00   1.1178818E-16   1.1178818E-16
   8.2838449E+00   8.5771202E-17   8.5771202E-17
   8.3342275E+00   6.5702375E-17   6.5702375E-17
   8.3849165E+00   5.0247027E-17   5.0247027E-17
   8.4359138E+00   3.8364108E-17   3.8364108E-17
   8.4872213E+00   2.9242937E-17   2.9242937E-17
   8.5388408E+00   2.2253261E-17   2.2253261E-17
   8.5907742E+00   1.6905920E-17   1.6905920E-17
   8.6430235E+00   1.2821889E-17   1.2821889E-17
   8.6955905E+00   9.7079805E-18   9.7079805E-18
   8.7484772E+00   7.3377857E-18   7.3377857E-18
   8.8016856E+00   5.5367631E-18   5.5367631E-18
   8.8552176E+00   4.1705869E-18   4.1705869E-18
   8.9090751E+00   3.1360589E-18   3.1360589E-18
   8.9632602E+00   2.3540329E-18   2.3540329E-18
   9.0177748E+00   1.7639147E-18   1.7639147E-18
   9.0726210E+00   1.3193948E-18   1.3193948E-18
   9.1278007E+00   9.8514344E-19   9.8514344E-19
   9.1833160E+00   7.3425529E-19   7.3425529E-19
   9.2391690E+00   5.4627701E-19   5.4627701E-19
   9.2953616E+00   4.0568815E-19   4.0568815E-19
   9.3518960E+00   3.0073262E-19   3.0073262E-19
   9.4087742E+00   2.2252194E-19   2.2252194E-19
   9.4659983E+00   1.6434801E-19   1.6434801E-19
   9.5235704E+00   1.2115757E-19   1.2115757E-19
   9.5814927E+00   8.9151030E-20   8.9151030E-20
   9.6397672E+00   6.5476731E-20   6.5476731E-20
   9.6983962E+00   4.7998487E-20   4.7998487E-20
   9.7573817E+00   3.5119080E-20   3.5119080E-20
   9.8167259E+00   2.5646540E-20   2.5646540E-20
   9.8764311E+00   1.8693023E-20   1.8693023E-20
   9.9364994E+00   1.3598481E-20   1.3598481E-20
   9.9969329E+00   9.8731633E-21   9.8731633E-21
   1.0057734E+01   7.1543839E-21   7.1543839E-21
   1.0118905E+01   5.1740791E-21   5.1740791E-21
   1.0180448E+01   3.7345103E-21   3.7345103E-21
   1.0242365E+01   2.6901029E-21   2.6901029E-21
   1.0304659E+01   1.9338979E-21   1.9338979E-21
   1.0367332E+01   1.3874662E-21   1.3874662E-21
   1.0430385E+01   9.9341396E-22   9.9341396E-22
   1.0493823E+01   7.0982580E-22   7.0982580E-22
   1.0557646E+01   5.0615284E-22   5.0615284E-22
   1.0621857E+01   3.6017585E-22   3.6017585E-22
   1.0686459E+01   2.5576737E-22   2.5576737E-22
   1.0751453E+01   1.8124579E-22   1.8124579E-22
   1.0816843E+01   1.2816738E-22   1.2816738E-22
   1.0882631E+01   9.0441627E-23   9.0441627E-23
   1.0948818E+01   6.3684689E-23   6.3684689E-23
   1.1015409E+01   4.4747826E-23   4.4747826E-23
   1.1082404E+01   3.1374262E-23   3.1374262E-23
   1.1149806E+01   2.1949981E-23   2.1949981E-23
   1.1217619E+01   1.5323155E-23   1.5323155E-23
   1.1285844E+01   1.0673576E-23   1.0673576E-23
   1.1354484E+01   7.4184591E-24   7.4184591E-24
   1.1423541E+01   5.1446249E-24   5.1446249E-24
   1.1493019E+01   3.5597884E-24   3.5597884E-24
   1.1562919E+01   2.4576457E-24   2.4576457E-24
   1.1633244E+01   1.6929072E-24   1.6929072E-24
   1.1703996E+01   1.1634826E-24   1.1634826E-24
   1.1775179E+01   7.9779921E-25   7.9779921E-25
   1.1846795E+01   5.4579339E-25   5.4579339E-25
   1.1918847E+01   3.7252713E-25   3.7252713E-25
   1.1991336E+01   2.5367430E-25   2.5367430E-25
   1.2064267E+01   1.7233674E-25   1.7233674E-25
   1.2137641E+01   1.1680354E-25   1.1680354E-25
   1.2211461E+01   7.8977737E-26   7.8977737E-26
   1.2285730E+01   5.3274299E-26   5.3274299E-26
   1.2360451E+01   3.5849982E-26   3.5849982E-26
   1.2435627E+01   2.4066449E-26   2.4066449E-26
   1.2511259E+01   1.6116868E-26   1.6116868E-26
   1.2587352E+01   1.0766845E-26   1.0766845E-26
   1.2663907E+01   7.1751190E-27   7.1751190E-27
   1.2740928E+01   4.7697559E-27   4.7697559E-27
   1.2818417E+01   3.1628827E-27   3.1628827E-27
   1.2896378E+01   2.0921018E-27   2.0921018E-27
   1.2974813E+01   1.3803504E-27   1.3803504E-27
   1.3053724E+01   9.0843979E-28   9.0843979E-28
   1.3133116E+01   5.9634359E-28   5.9634359E-28
   1.3212991E+01   3.9046661E-28   3.9046661E-28
   1.3293351E+01   2.5500663E-28   2.5500663E-28
   1.3374200E+01   1.6610875E-28   1.6610875E-28
   1.3455541E+01   1.0791957E-28   1.0791957E-28
   1.3537376E+01   6.9930681E-29   6.9930681E-29
   1.3619709E+01   4.5194776E-29   4.5194776E-29
   1.3702543E+01   2.9130957E-29   2.9130957E-29
   1.3785880E+01   1.8726660E-29   1.8726660E-29
   1.3869725E+01   1.2005989E-29   1.2005989E-29
   1.3954079E+01   7.6764519E-30   7.6764519E-30
   1.4038947E+01   4.8948684E-30   4.8948684E-30
   1.4124330E+01   3.1126641E-30   3.1126641E-30
   1.4210233E+01   1.9739087E-30   1.9739087E-30
   1.4296658E+01   1.2482978E-30   1.2482978E-30
   1.4383609E+01   7.8722408E-31   7.8722408E-31
   1.4471089E+01   4.9506279E-31   4.9506279E-31
   1.4559100E+01   3.1045350E-31   3.1045350E-31
   1.4647647E+01   1.9413319E-31   1.9413319E-31
   1.4736733E+01   1.2104936E-31   1.2104936E-31
   1.4826360E+01   7.5262255E-32   7.5262255E-32
   1.4916532E+01   4.6659102E-32   4.6659102E-32
   1.5007253E+01   2.8842464E-32   2.8842464E-32
   1.5098525E+01   1.7776962E-32   1.7776962E-32
   1.5190353E+01   1.0924567E-32   1.0924567E-32
   1.5282739E+01   6.6936758E-33   6.6936758E-33
   1.5375687E+01   4.0891317E-33   4.0891317E-33
   1.5469200E+01   2.4905522E-33   2.4905522E-33
   1.5563282E+01   1.5123436E-33   1.5123436E-33
   1.5657936E+01   9.1556165E-34   9.1556165E-34
   1.5753166E+01   5.5258495E-34   5.5258495E-34
   1.5848975E+01   3.3248865E-34   3.3248865E-34
   1.5945366E+01   1.9944025E-34   1.9944025E-34
   1.6042344E+01   1.1926113E-34   1.1926113E-34
   1.6139911E+01   7.1093009E-35   7.1093009E-35
   1.6238072E+01   4.2246289E-35   4.2246289E-35
   1.6336830E+01   2.5025089E-35   2.5025089E-35
   1.6436189E+01   1.4776778E-35   1.4776778E-35
   1.6536152E+01   8.6974620E-36   8.6974620E-36
   1.6636723E+01   5.1027650E-36   5.1027650E-36
   1.6737905E+01   2.9840792E-36   2.9840792E-36
   1.6839703E+01   1.7393954E-36   1.7393954E-36
   1.6942120E+01   1.0105572E-36   1.0105572E-36
   1.7045160E+01   5.8517996E-37   5.8517996E-37
   1.7148826E+01   3.3773436E-37   3.3773436E-37
   1.7253123E+01   1.9427171E-37   1.9427171E-37
   1.7358054E+01   1.1137393E-37   1.1137393E-37
   1.7463623E+01   6.3633876E-38   6.3633876E-38
   1.7569835E+01   3.6233903E-38   3.6233903E-38
   1.7676692E+01   2.0561500E-38   2.0561500E-38
   1.7784199E+01   1.1627822E-38   1.1627822E-38
   1.7892360E+01   6.5529490E-39   6.5529490E-39
   1.8001179E+01   3.6801107E-39   3.6801107E-39
   1.8110660E+01   2.0594985E-39   2.0594985E-39
   1.8220807E+01   1.1484955E-39   1.1484955E-39
   1.8331623E+01   6.3819743E-40   6.3819743E-40
   1.8443113E+01   3.5336974E-40   3.5336974E-40
   1.8555282E+01   1.9495878E-40   1.9495878E-40
   1.8668132E+01   1.0717313E-40   1.0717313E-40
   1.8781669E+01   5.8701487E-41   5.8701487E-41
   1.8895896E+01   3.2034860E-41   3.2034860E-41
   1.9010819E+01   1.7417963E-41   1.7417963E-41
   1.9126440E+01   9.4354382E-42   9.4354382E-42
   1.9242764E+01   5.0922311E-42   5.0922311E-42
   1.9359795E+01   2.7379505E-42   2.7379505E-42
   1.9477539E+01   1.4665763E-42   1.4665763E-42
   1.9595998E+01   7.8259185E-43   7.8259185E-43
   1.9715178E+01   4.1601364E-43   4.1601364E-43
   1.9835083E+01   2.2029838E-43   2.2029838E-43
   1.9955717E+01   1.1620810E-43   1.1620810E-43
   2.0077084E+01   6.1062225E-44   6.1062225E-44
   2.0199190E+01   3.1960217E-44   3.1960217E-44
   2.0322038E+01   1.6662392E-44   1.6662392E-44
   2.0445634E+01   8.6525699E-45   8.6525699E-45
   2.0569981E+01   4.4753040E-45   4.4753040E-45
   2.0695084E+01   2.3054681E-45   2.3054681E-45
   2.0820949E+01   1.1828897E-45   1.1828897E-45
   2.0947578E+01   6.0445955E-46   6.0445955E-46
   2.1074978E+01   3.0762202E-46   3.0762202E-46
   2.1203153E+01   1.5591359E-46   1.5591359E-46
   2.1332107E+01   7.8696618E-47   7.8696618E-47
   2.1461845E+01   3.9556946E-47   3.9556946E-47
   2.1592373E+01   1.9800358E-47   1.9800358E-47
   2.1723694E+01   9.8695170E-48   9.8695170E-48
   2.1855814E+01   4.8986925E-48   4.8986925E-48
   2.1988738E+01   2.4211110E-48   2.4211110E-48
   2.2122469E+01   1.1914839E-48   1.1914839E-48
   2.2257015E+01   5.8383392E-49   5.8383392E-49
   2.2392378E+01   2.8484375E-49   2.8484375E-49
   2.2528565E+01   1.3836583E-49   1.3836583E-49
   2.2665580E+01   6.6918194E-50   6.6918194E-50
   2.2803428E+01   3.2221162E-50   3.2221162E-50
   2.2942114E+01   1.5445718E-50   1.5445718E-50
   2.3081644E+01   7.3711150E-51   7.3711150E-51
   2.3222023E+01   3.5019071E-51   3.5019071E-51
   2.3363255E+01   1.6561912E-51   1.6561912E-51
   2.3505347E+01   7.7972026E-52   7.7972026E-52
   2.3648302E+01   3.6540759E-52   3.6540759E-52
   2.3792127E+01   1.7045691E-52   1.7045691E-52
   2.3936827E+01   7.9147599E-53   7.9147599E-53
   2.4082406E+01   3.6579242E-53   3.6579242E-53
   2.4228871E+01   1.6826475E-53   1.6826475E-53
   2.4376227E+01   7.7037223E-54   7.7037223E-54
   2.4524479E+01   3.5103034E-54   3.5103034E-54
   2.4673632E+01   1.5918885E-54   1.5918885E-54
   2.4823693E+01   7.1844240E-55   7.1844240E-55
   2.4974666E+01   3.2267836E-55   3.2267836E-55
   2.5126558E+01   1.4422266E-55   1.4422266E-55
   2.5279373E+01   6.4146064E-56   6.4146064E-56
   2.5433117E+01   2.8390068E-56   2.8390068E-56
   2.5587797E+01   1.2502870E-56   1.2502870E-56
   2.5743417E+01   5.4788160E-57   5.4788160E-57
   2.5899984E+01   2.3888240E-57   2.3888240E-57
   2.6057503E+01   1.0363048E-57   1.0363048E-57
   2.6215980E+01   4.4728527E-58   4.4728527E-58
   2.6375421E+01   1.9207109E-58   1.9207109E-58
   2.6535831E+01   8.2055207E-59   8.2055207E-59
   2.6697217E+01   3.4874133E-59   3.4874133E-59
   2.6859584E+01   1.4744841E-59   1.4744841E-59
   2.7022939E+01   6.2015805E-60   6.2015805E-60
   2.7187288E+01   2.5946357E-60   2.5946357E-60
   2.7352636E+01   1.0798120E-60   1.0798120E-60
   2.7518989E+01   4.4699595E-61   4.4699595E-61
   2.7686355E+01   1.8404693E-61   1.8404693E-61
   2.7854738E+01   7.5371796E-62   7.5371796E-62
   2.8024145E+01   3.0699419E-62   3.0699419E-62
   2.8194582E+01   1.2435923E-62   1.2435923E-62
   2.8366056E+01   5.0100028E-63   5.0100028E-63
   2.8538573E+01   2.0072219E-63   2.0072219E-63
   2.8712139E+01   7.9971567E-64   7.9971567E-64
   2.8886761E+01   3.1684280E-64   3.1684280E-64
   2.9062445E+01   1.2482605E-64   1.2482605E-64
   2.9239197E+01   4.8899542E-65   4.8899542E-65
   2.9417024E+01   1.9047040E-65   1.9047040E-65
   2.9595933E+01   7.3766334E-66   7.3766334E-66
   2.9775929E+01   2.8404140E-66   2.8404140E-66
   2.9957021E+01   1.0873829E-66   1.0873829E-66
   3.0139213E+01   4.1385226E-67   4.1385226E-67
   3.0322514E+01   1.5658660E-67   1.5658660E-67
   3.0506929E+01   5.8897207E-68   5.8897207E-68
   3.0692467E+01   2.2021651E-68   2.2021651E-68
   3.0879132E+01   8.1847295E-69   8.1847295E-69
   3.1066933E+01   3.0237238E-69   3.0237238E-69
   3.1255876E+01   1.1103176E-69   1.1103176E-69
   3.1445967E+01   4.0523180E-70   4.0523180E-70
   3.1637216E+01   1.4699237E-70   1.4699237E-70
   3.1829627E+01   5.2991312E-71   5.2991312E-71
   3.2023208E+01   1.8985270E-71   1.8985270E-71
   3.2217967E+01   6.7594993E-72   6.7594993E-72
   3.2413910E+01   2.3915601E-72   2.3915601E-72
   3.2611045E+01   8.4081482E-73   8.4081482E-73
   3.2809378E+01   2.9373443E-73   2.9373443E-73
   3.3008918E+01   1.0195950E-73   1.0195950E-73
   3.3209672E+01   3.5164166E-74   3.5164166E-74
   3.3411646E+01   1.2049168E-74   1.2049168E-74
   3.3614849E+01   4.1018581E-75   4.1018581E-75
   3.3819287E+01   1.3872465E-75   1.3872465E-75
   3.4024969E+01   4.6607796E-76   4.6607796E-76
   3.4231902E+01   1.5555279E-76   1.5555279E-76
   3.4440093E+01   5.1569580E-77   5.1569580E-77
   3.4649551E+01   1.6981971E-77   1.6981971E-77
   3.4860282E+01   5.5544793E-78   5.5544793E-78
   3.5072295E+01   1.8044351E-78   1.8044351E-78
   3.5285597E+01   5.8218856E-79   5.8218856E-79
   3.5500197E+01   1.8654870E-79   1.8654870E-79
   3.5716101E+01   5.9361996E-80   5.9361996E-80
   3.5933319E+01   1.8758320E-80   1.8758320E-80
   3.6151858E+01   5.8861305E-81   5.8861305E-81
   3.6371726E+01   1.8339925E-81   1.8339925E-81
   3.6592931E+01   5.6738520E-82   5.6738520E-82
   3.6815481E+01   1.7428187E-82   1.7428187E-82
   3.7039385E+01   5.3149725E-83   5.3149725E-83
   3.7264651E+01   1.6091819E-83   1.6091819E-83
   3.7491287E+01   4.8366554E-84   4.8366554E-84
   3.7719301E+01   1.4431169E-84   1.4431169E-84
   3.7948701E+01   4.2741975E-85   4.2741975E-85
   3.8179497E+01   1.2565638E-85   1.2565638E-85
   3.8411696E+01   3.6666670E-86   3.6666670E-86
   3.8645308E+01   1.0619286E-86   1.0619286E-86
   3.8880340E+01   3.0523607E-87   3.0523607E-87
   3.9116802E+01   8.7070855E-88   8.7070855E-88
   3.9354702E+01   2.4648228E-88   2.4648228E-88
   3.9594049E+01   6.9239501E-89   6.9239501E-89
   3.9834851E+01   1.9299976E-89   1.9299976E-89
   4.0077118E+01   5.3379361E-90   5.3379361E-90
   4.0320858E+01   1.4648147E-90   1.4648147E-90
   4.0566081E+01   3.9880777E-91   3.9880777E-91
   4.0812795E+01   1.0771962E-91   1.0771962E-91
   4.1061009E+01   2.8863892E-92   2.8863892E-92
   4.1310733E+01   7.6722413E-93   7.6722413E-93
   4.1561976E+01   2.0229035E-93   2.0229035E-93
   4.1814746E+01   5.2904399E-94   5.2904399E-94
   4.2069054E+01   1.3723032E-94   1.3723032E-94
   4.2324909E+01   3.5304322E-95   3.5304322E-95
   4.2582320E+01   9.0074706E-96   9.0074706E-96
   4.2841296E+01   2.2790432E-96   2.2790432E-96
   4.3101847E+01   5.7181342E-97   5.7181342E-97
   4.3363983E+01   1.4226086E-97   1.4226086E-97
   4.3627713E+01   3.5093196E-98   3.5093196E-98
   4.3893047E+01   8.5830904E-99   8.5830904E-99
   4.4159994E+01   2.0812511E-99   2.0812511E-99
   4.4428565E+01   5.0031310-100   5.0031310-100
   4.4698770E+01   1.1922637-100   1.1922637-100
   4.4970618E+01   2.8163852-101   2.8163852-101
   4.5244119E+01   6.5944285-102   6.5944285-102
   4.5519283E+01   1.5303952-102   1.5303952-102
   4.5796121E+01   3.5200359-103   3.5200359-103
   4.6074643E+01   8.0238583-104   8.0238583-104
   4.6354858E+01   1.8125395-104   1.8125395-104
   4.6636778E+01   4.0572802-105   4.0572802-105
   4.6920412E+01   8.9991376-106   8.9991376-106
   4.7205771E+01   1.9776983-106   1.9776983-106
   4.7492866E+01   4.3061302-107   4.3061302-107
   4.7781707E+01   9.2887388-108   9.2887388-108
   4.8072304E+01   1.9849208-108   1.9849208-108
   4.8364669E+01   4.2016569-109   4.2016569-109
   4.8658811E+01   8.8097370-110   8.8097370-110
   4.8954743E+01   1.8295490-110   1.8295490-110
   4.9252474E+01   3.7630280-111   3.7630280-111
   4.9552017E+01   7.6650782-112   7.6650782-112
   4.9853380E+01   1.5461608-112   1.5461608-112
   5.0156577E+01   3.0883366-113   3.0883366-113
   5.0461618E+01   6.1080044-114   6.1080044-114
   5.0768513E+01   1.1960556-114   1.1960556-114
   5.1077276E+01   2.3187459-115   2.3187459-115
   5.1387916E+01   4.4501727-116   4.4501727-116
   5.1700445E+01   8.4546277-117   8.4546277-117
   5.2014875E+01   1.5899292-117   1.5899292-117
   5.2331217E+01   2.9593637-118   2.9593637-118
   5.2649483E+01   5.4516440-119   5.4516440-119
   5.2969685E+01   9.9388551-120   9.9388551-120
   5.3291834E+01   1.7930643-120   1.7930643-120
   5.3615943E+01   3.2009337-121   3.2009337-121
   5.3942022E+01   5.6539151-122   5.6539151-122
   5.4270085E+01   9.8806130-123   9.8806130-123
   5.4600143E+01   1.7082464-123   1.7082464-123
   5.4932208E+01   2.9215876-124   2.9215876-124
   5.5266292E+01   4.9426359-125   4.9426359-125
   5.5602409E+01   8.2706365-126   8.2706365-126
   5.5940569E+01   1.3687650-126   1.3687650-126
   5.6280787E+01   2.2402544-127   2.2402544-127
   5.6623073E+01   3.6258747-128   3.6258747-128
   5.6967441E+01   5.8028799-129   5.8028799-129
   5.7313903E+01   9.1824326-130   9.1824326-130
   5.7662473E+01   1.4365578-130   1.4365578-130
   5.8013162E+01   2.2218113-131   2.2218113-131
   5.8365984E+01   3.3968567-132   3.3968567-132
   5.8720952E+01   5.1333430-133   5.1333430-133
   5.9078079E+01   7.6673111-134   7.6673111-134
   5.9437377E+01   1.1318063-134   1.1318063-134
   5.9798861E+01   1.6510244-135   1.6510244-135
   6.0162543E+01   2.3798698-136   2.3798698-136
   6.0528438E+01   3.3895092-137   3.3895092-137
   6.0896557E+01   4.7694654-138   4.7694654-138
   6.1266915E+01   6.6300515-139   6.6300515-139
   6.1639525E+01   9.1042287-140   9.1042287-140
   6.2014402E+01   1.2348464-140   1.2348464-140
   6.2391559E+01   1.6542090-141   1.6542090-141
   6.2771009E+01   2.1884636-142   2.1884636-142
   6.3152767E+01   2.8590604-143   2.8590604-143
   6.3536847E+01   3.6881247-144   3.6881247-144
   6.3923262E+01   4.6973079-145   4.6973079-145
   6.4312028E+01   5.9063096-146   5.9063096-146
   6.4703158E+01   7.3311042-147   7.3311042-147
   6.5096667E+01   8.9819473-148   8.9819473-148
   6.5492569E+01   1.0861283-148   1.0861283-148
   6.5890878E+01   1.2961716-149   1.2961716-149
   6.6291611E+01   1.5264252-150   1.5264252-150
   6.6694780E+01   1.7737024-151   1.7737024-151
   6.7100401E+01   2.0334730-152   2.0334730-152
   6.7508489E+01   2.2998966-153   2.2998966-153
   6.7919059E+01   2.5659604-154   2.5659604-154
   6.8332126E+01   2.8237251-155   2.8237251-155
   6.8747705E+01   3.0646753-156   3.0646753-156
   6.9165812E+01   0.0000000E+00   0.0000000E+00
   6.9586461E+01   0.0000000E+00   0.0000000E+00
   7.0009669E+01   0.0000000E+00   0.0000000E+00
   7.0435450E+01   0.0000000E+00   0.0000000E+00
   7.0863821E+01   0.0000000E+00   0.0000000E+00
   7.1294797E+01   0.0000000E+00   0.0000000E+00
   7.1728395E+01   0.0000000E+00   0.0000000E+00
   7.2164629E+01   0.0000000E+00   0.0000000E+00
   7.2603516E+01   0.0000000E+00   0.0000000E+00
   7.3045073E+01   0.0000000E+00   0.0000000E+00
   7.3489315E+01   0.0000000E+00   0.0000000E+00
   7.3936258E+01   0.0000000E+00   0.0000000E+00
   7.4385920E+01   0.0000000E+00   0.0000000E+00
   7.4838317E+01   0.0000000E+00   0.0000000E+00
   7.5293465E+01   0.0000000E+00   0.0000000E+00
   7.5751381E+01   0.0000000E+00   0.0000000E+00
   7.6212082E+01   0.0000000E+00   0.0000000E+00
   7.6675584E+01   0.0000000E+00   0.0000000E+00
   7.7141906E+01   0.0000000E+00   0.0000000E+00
   7.7611064E+01   0.0000000E+00   0.0000000E+00
   7.8083075E+01   0.0000000E+00   0.0000000E+00
   7.8557956E+01   0.0000000E+00   0.0000000E+00
   7.9035726E+01   0.0000000E+00   0.0000000E+00
   7.9516401E+01   0.0000000E+00   0.0000000E+00
   8.0000000E+01   0.0000000E+00   0.0000000E+00
