   0.0000000E+00  -2.5894394E+02   0.0000000E+00
   5.9109115E-06   4.9393569E+02   5.0088670E-19
   1.1905915E-05   5.9202893E+02   8.2446617E-18
   1.7986208E-05   5.3946842E+02   4.2941788E-17
   2.4153003E-05   5.5141136E+02   1.3963883E-16
   3.0407530E-05   5.5403476E+02   3.5078924E-16
   3.6751039E-05   5.5416785E+02   7.4851437E-16
   4.3184794E-05   5.5625216E+02   1.4270693E-15
   4.9710080E-05   5.5902518E+02   2.5055294E-15
   5.6328198E-05   5.6238652E+02   4.1307139E-15
   6.3040471E-05   5.6623500E+02   6.4803649E-15
   6.9848236E-05   5.7051189E+02   9.7666010E-15
   7.6752853E-05   5.7517368E+02   1.4239665E-14
   8.3755700E-05   5.8018165E+02   2.0191991E-14
   9.0858173E-05   5.8550470E+02   2.7962608E-14
   9.8061691E-05   5.9111806E+02   3.7941909E-14
   1.0536769E-04   5.9700194E+02   5.0576819E-14
   1.1277763E-04   6.0314064E+02   6.6376373E-14
   1.2029299E-04   6.0952177E+02   8.5917753E-14
   1.2791526E-04   6.1613566E+02   1.0985280E-13
   1.3564598E-04   6.2297493E+02   1.3891507E-13
   1.4348668E-04   6.3003407E+02   1.7392739E-13
   1.5143892E-04   6.3730915E+02   2.1581006E-13
   1.5950430E-04   6.4479757E+02   2.6558971E-13
   1.6768442E-04   6.5249785E+02   3.2440872E-13
   1.7598092E-04   6.6040945E+02   3.9353555E-13
   1.8439545E-04   6.6853263E+02   4.7437568E-13
   1.9292968E-04   6.7686830E+02   5.6848351E-13
   2.0158534E-04   6.8541799E+02   6.7757505E-13
   2.1036413E-04   6.9418370E+02   8.0354167E-13
   2.1926781E-04   7.0316784E+02   9.4846478E-13
   2.2829817E-04   7.1237322E+02   1.1146317E-12
   2.3745700E-04   7.2180297E+02   1.3045524E-12
   2.4674612E-04   7.3146049E+02   1.5209782E-12
   2.5616740E-04   7.4134945E+02   1.7669209E-12
   2.6572271E-04   7.5147377E+02   2.0456737E-12
   2.7541396E-04   7.6183757E+02   2.3608342E-12
   2.8524309E-04   7.7244517E+02   2.7163278E-12
   2.9521205E-04   7.8330109E+02   3.1164343E-12
   3.0532284E-04   7.9441002E+02   3.5658150E-12
   3.1557747E-04   8.0577684E+02   4.0695425E-12
   3.2597798E-04   8.1740658E+02   4.6331325E-12
   3.3652647E-04   8.2930446E+02   5.2625779E-12
   3.4722502E-04   8.4147585E+02   5.9643850E-12
   3.5807577E-04   8.5392629E+02   6.7456125E-12
   3.6908090E-04   8.6666146E+02   7.6139130E-12
   3.8024259E-04   8.7968724E+02   8.5775779E-12
   3.9156308E-04   8.9300965E+02   9.6455845E-12
   4.0304461E-04   9.0663488E+02   1.0827647E-11
   4.1468949E-04   9.2056929E+02   1.2134273E-11
   4.2650004E-04   9.3481940E+02   1.3576816E-11
   4.3847861E-04   9.4939191E+02   1.5167545E-11
   4.5062760E-04   9.6429370E+02   1.6919704E-11
   4.6294943E-04   9.7953181E+02   1.8847590E-11
   4.7544655E-04   9.9511347E+02   2.0966620E-11
   4.8812147E-04   1.0110461E+03   2.3293419E-11
   5.0097671E-04   1.0273372E+03   2.5845905E-11
   5.1401483E-04   1.0439947E+03   2.8643376E-11
   5.2723845E-04   1.0610266E+03   3.1706615E-11
   5.4065019E-04   1.0784408E+03   3.5057991E-11
   5.5425273E-04   1.0962460E+03   3.8721570E-11
   5.6804880E-04   1.1144505E+03   4.2723238E-11
   5.8204113E-04   1.1330633E+03   4.7090823E-11
   5.9623253E-04   1.1520932E+03   5.1854236E-11
   6.1062583E-04   1.1715496E+03   5.7045611E-11
   6.2522389E-04   1.1914417E+03   6.2699462E-11
   6.4002964E-04   1.2117793E+03   6.8852844E-11
   6.5504602E-04   1.2325722E+03   7.5545532E-11
   6.7027603E-04   1.2538306E+03   8.2820203E-11
   6.8572272E-04   1.2755647E+03   9.0722639E-11
   7.0138915E-04   1.2977852E+03   9.9301934E-11
   7.1727848E-04   1.3205028E+03   1.0861072E-10
   7.3339385E-04   1.3437287E+03   1.1870542E-10
   7.4973849E-04   1.3674742E+03   1.2964648E-10
   7.6631566E-04   1.3917508E+03   1.4149865E-10
   7.8312866E-04   1.4165703E+03   1.5433128E-10
   8.0018086E-04   1.4419450E+03   1.6821864E-10
   8.1747565E-04   1.4678873E+03   1.8324021E-10
   8.3501649E-04   1.4944096E+03   1.9948106E-10
   8.5280688E-04   1.5215251E+03   2.1703223E-10
   8.7085037E-04   1.5492470E+03   2.3599109E-10
   8.8915055E-04   1.5775888E+03   2.5646177E-10
   9.0771108E-04   1.6065644E+03   2.7855565E-10
   9.2653567E-04   1.6361878E+03   3.0239178E-10
   9.4562807E-04   1.6664736E+03   3.2809742E-10
   9.6499209E-04   1.6974365E+03   3.5580856E-10
   9.8463159E-04   1.7290917E+03   3.8567052E-10
   1.0045505E-03   1.7614544E+03   4.1783850E-10
   1.0247528E-03   1.7945406E+03   4.5247833E-10
   1.0452425E-03   1.8283663E+03   4.8976703E-10
   1.0660237E-03   1.8629479E+03   5.2989367E-10
   1.0871005E-03   1.8983022E+03   5.7306004E-10
   1.1084772E-03   1.9344465E+03   6.1948156E-10
   1.1301580E-03   1.9713981E+03   6.6938810E-10
   1.1521473E-03   2.0091750E+03   7.2302494E-10
   1.1744494E-03   2.0477956E+03   7.8065378E-10
   1.1970688E-03   2.0872783E+03   8.4255376E-10
   1.2200099E-03   2.1276422E+03   9.0902261E-10
   1.2432775E-03   2.1689069E+03   9.8037781E-10
   1.2668761E-03   2.2110921E+03   1.0569579E-09
   1.2908104E-03   2.2542180E+03   1.1391238E-09
   1.3150852E-03   2.2983053E+03   1.2272602E-09
   1.3397053E-03   2.3433751E+03   1.3217771E-09
   1.3646757E-03   2.3894490E+03   1.4231116E-09
   1.3900014E-03   2.4365487E+03   1.5317292E-09
   1.4156873E-03   2.4846968E+03   1.6481261E-09
   1.4417387E-03   2.5339160E+03   1.7728307E-09
   1.4681607E-03   2.5842296E+03   1.9064060E-09
   1.4949586E-03   2.6356614E+03   2.0494516E-09
   1.5221378E-03   2.6882355E+03   2.2026059E-09
   1.5497036E-03   2.7419766E+03   2.3665488E-09
   1.5776616E-03   2.7969099E+03   2.5420043E-09
   1.6060173E-03   2.8530610E+03   2.7297429E-09
   1.6347764E-03   2.9104560E+03   2.9305849E-09
   1.6639447E-03   2.9691215E+03   3.1454036E-09
   1.6935280E-03   3.0290847E+03   3.3751281E-09
   1.7235321E-03   3.0903731E+03   3.6207474E-09
   1.7539630E-03   3.1530150E+03   3.8833138E-09
   1.7848270E-03   3.2170389E+03   4.1639466E-09
   1.8161299E-03   3.2824741E+03   4.4638371E-09
   1.8478783E-03   3.3493502E+03   4.7842522E-09
   1.8800783E-03   3.4176976E+03   5.1265396E-09
   1.9127364E-03   3.4875469E+03   5.4921328E-09
   1.9458591E-03   3.5589295E+03   5.8825560E-09
   1.9794530E-03   3.6318773E+03   6.2994305E-09
   2.0135249E-03   3.7064226E+03   6.7444798E-09
   2.0480815E-03   3.7825986E+03   7.2195368E-09
   2.0831297E-03   3.8604387E+03   7.7265499E-09
   2.1186766E-03   3.9399770E+03   8.2675905E-09
   2.1547291E-03   4.0212483E+03   8.8448604E-09
   2.1912946E-03   4.1042876E+03   9.4606999E-09
   2.2283803E-03   4.1891310E+03   1.0117596E-08
   2.2659935E-03   4.2758147E+03   1.0818194E-08
   2.3041419E-03   4.3643757E+03   1.1565301E-08
   2.3428330E-03   4.4548515E+03   1.2361903E-08
   2.3820746E-03   4.5472804E+03   1.3211171E-08
   2.4218744E-03   4.6417009E+03   1.4116477E-08
   2.4622404E-03   4.7381524E+03   1.5081399E-08
   2.5031807E-03   4.8366748E+03   1.6109741E-08
   2.5447035E-03   4.9373085E+03   1.7205544E-08
   2.5868170E-03   5.0400944E+03   1.8373099E-08
   2.6295296E-03   5.1450743E+03   1.9616964E-08
   2.6728499E-03   5.2522902E+03   2.0941979E-08
   2.7167864E-03   5.3617850E+03   2.2353287E-08
   2.7613481E-03   5.4736019E+03   2.3856347E-08
   2.8065437E-03   5.5877848E+03   2.5456956E-08
   2.8523823E-03   5.7043781E+03   2.7161271E-08
   2.8988730E-03   5.8234268E+03   2.8975827E-08
   2.9460251E-03   5.9449764E+03   3.0907564E-08
   2.9938481E-03   6.0690730E+03   3.2963850E-08
   3.0423514E-03   6.1957631E+03   3.5152506E-08
   3.0915447E-03   6.3250940E+03   3.7481835E-08
   3.1414379E-03   6.4571131E+03   3.9960650E-08
   3.1920409E-03   6.5918686E+03   4.2598305E-08
   3.2433638E-03   6.7294090E+03   4.5404730E-08
   3.2954169E-03   6.8697835E+03   4.8390463E-08
   3.3482105E-03   7.0130416E+03   5.1566687E-08
   3.4017552E-03   7.1592332E+03   5.4945272E-08
   3.4560616E-03   7.3084087E+03   5.8538812E-08
   3.5111407E-03   7.4606189E+03   6.2360673E-08
   3.5670033E-03   7.6159151E+03   6.6425036E-08
   3.6236607E-03   7.7743486E+03   7.0746950E-08
   3.6811241E-03   7.9359715E+03   7.5342379E-08
   3.7394050E-03   8.1008359E+03   8.0228264E-08
   3.7985151E-03   8.2689944E+03   8.5422574E-08
   3.8584661E-03   8.4404998E+03   9.0944375E-08
   3.9192700E-03   8.6154050E+03   9.6813891E-08
   3.9809390E-03   8.7937632E+03   1.0305258E-07
   4.0434852E-03   8.9756280E+03   1.0968319E-07
   4.1069214E-03   9.1610529E+03   1.1672987E-07
   4.1712599E-03   9.3500915E+03   1.2421823E-07
   4.2365139E-03   9.5427976E+03   1.3217541E-07
   4.3026961E-03   9.7392250E+03   1.4063022E-07
   4.3698199E-03   9.9394274E+03   1.4961321E-07
   4.4378987E-03   1.0143459E+04   1.5915677E-07
   4.5069460E-03   1.0351372E+04   1.6929526E-07
   4.5769755E-03   1.0563222E+04   1.8006511E-07
   4.6480014E-03   1.0779061E+04   1.9150496E-07
   4.7200378E-03   1.0998943E+04   2.0365576E-07
   4.7930989E-03   1.1222919E+04   2.1656096E-07
   4.8671995E-03   1.1451044E+04   2.3026661E-07
   4.9423543E-03   1.1683368E+04   2.4482155E-07
   5.0185783E-03   1.1919943E+04   2.6027756E-07
   5.0958867E-03   1.2160821E+04   2.7668953E-07
   5.1742950E-03   1.2406052E+04   2.9411566E-07
   5.2538187E-03   1.2655685E+04   3.1261764E-07
   5.3344738E-03   1.2909770E+04   3.3226089E-07
   5.4162763E-03   1.3168355E+04   3.5311476E-07
   5.4992426E-03   1.3431488E+04   3.7525273E-07
   5.5833892E-03   1.3699215E+04   3.9875274E-07
   5.6687330E-03   1.3971580E+04   4.2369737E-07
   5.7552909E-03   1.4248629E+04   4.5017418E-07
   5.8430803E-03   1.4530405E+04   4.7827596E-07
   5.9321186E-03   1.4816949E+04   5.0810107E-07
   6.0224236E-03   1.5108302E+04   5.3975376E-07
   6.1140133E-03   1.5404502E+04   5.7334452E-07
   6.2069061E-03   1.5705588E+04   6.0899045E-07
   6.3011204E-03   1.6011593E+04   6.4681567E-07
   6.3966750E-03   1.6322553E+04   6.8695171E-07
   6.4935891E-03   1.6638498E+04   7.2953795E-07
   6.5918820E-03   1.6959459E+04   7.7472213E-07
   6.6915732E-03   1.7285464E+04   8.2266078E-07
   6.7926827E-03   1.7616538E+04   8.7351980E-07
   6.8952306E-03   1.7952703E+04   9.2747496E-07
   6.9992375E-03   1.8293981E+04   9.8471256E-07
   7.1047240E-03   1.8640390E+04   1.0454300E-06
   7.2117112E-03   1.8991944E+04   1.1098364E-06
   7.3202206E-03   1.9348656E+04   1.1781533E-06
   7.4302736E-03   1.9710535E+04   1.2506157E-06
   7.5418923E-03   2.0077587E+04   1.3274722E-06
   7.6550990E-03   2.0449815E+04   1.4089865E-06
   7.7699162E-03   2.0827218E+04   1.4954379E-06
   7.8863669E-03   2.1209793E+04   1.5871223E-06
   8.0044743E-03   2.1597530E+04   1.6843532E-06
   8.1242619E-03   2.1990419E+04   1.7874627E-06
   8.2457538E-03   2.2388442E+04   1.8968026E-06
   8.3689740E-03   2.2791581E+04   2.0127459E-06
   8.4939473E-03   2.3199809E+04   2.1356873E-06
   8.6206985E-03   2.3613099E+04   2.2660452E-06
   8.7492530E-03   2.4031417E+04   2.4042629E-06
   8.8796363E-03   2.4454723E+04   2.5508097E-06
   9.0118746E-03   2.4882974E+04   2.7061831E-06
   9.1459942E-03   2.5316121E+04   2.8709098E-06
   9.2820218E-03   2.5754110E+04   3.0455479E-06
   9.4199847E-03   2.6196882E+04   3.2306885E-06
   9.5599103E-03   2.6644370E+04   3.4269577E-06
   9.7018266E-03   2.7096503E+04   3.6350188E-06
   9.8457619E-03   2.7553205E+04   3.8555743E-06
   9.9917449E-03   2.8014391E+04   4.0893682E-06
   1.0139805E-02   2.8479972E+04   4.3371887E-06
   1.0289971E-02   2.8949851E+04   4.5998704E-06
   1.0442274E-02   2.9423924E+04   4.8782976E-06
   1.0596743E-02   2.9902083E+04   5.1734066E-06
   1.0753410E-02   3.0384209E+04   5.4861892E-06
   1.0912306E-02   3.0870179E+04   5.8176958E-06
   1.1073462E-02   3.1359860E+04   6.1690388E-06
   1.1236911E-02   3.1853114E+04   6.5413964E-06
   1.1402685E-02   3.2349794E+04   6.9360163E-06
   1.1570818E-02   3.2849744E+04   7.3542201E-06
   1.1741343E-02   3.3352804E+04   7.7974071E-06
   1.1914293E-02   3.3858801E+04   8.2670594E-06
   1.2089705E-02   3.4367557E+04   8.7647465E-06
   1.2267611E-02   3.4878886E+04   9.2921304E-06
   1.2448049E-02   3.5392590E+04   9.8509714E-06
   1.2631054E-02   3.5908466E+04   1.0443133E-05
   1.2816662E-02   3.6426301E+04   1.1070590E-05
   1.3004911E-02   3.6945874E+04   1.1735432E-05
   1.3195838E-02   3.7466953E+04   1.2439872E-05
   1.3389482E-02   3.7989299E+04   1.3186253E-05
   1.3585880E-02   3.8512665E+04   1.3977059E-05
   1.3785072E-02   3.9036792E+04   1.4814917E-05
   1.3987098E-02   3.9561414E+04   1.5702609E-05
   1.4191999E-02   4.0086255E+04   1.6643082E-05
   1.4399814E-02   4.0611031E+04   1.7639457E-05
   1.4610586E-02   4.1135447E+04   1.8695036E-05
   1.4824356E-02   4.1659201E+04   1.9813319E-05
   1.5041168E-02   4.2181980E+04   2.0998008E-05
   1.5261064E-02   4.2703464E+04   2.2253025E-05
   1.5484088E-02   4.3223323E+04   2.3582523E-05
   1.5710286E-02   4.3741217E+04   2.4990898E-05
   1.5939701E-02   4.4256798E+04   2.6482805E-05
   1.6172381E-02   4.4769712E+04   2.8063173E-05
   1.6408370E-02   4.5279591E+04   2.9737220E-05
   1.6647717E-02   4.5786064E+04   3.1510470E-05
   1.6890469E-02   4.6288748E+04   3.3388773E-05
   1.7136674E-02   4.6787255E+04   3.5378321E-05
   1.7386382E-02   4.7281187E+04   3.7485672E-05
   1.7639643E-02   4.7770140E+04   3.9717767E-05
   1.7896507E-02   4.8253701E+04   4.2081956E-05
   1.8157025E-02   4.8731452E+04   4.4586018E-05
   1.8421249E-02   4.9202967E+04   4.7238191E-05
   1.8689232E-02   4.9667814E+04   5.0047195E-05
   1.8961028E-02   5.0125556E+04   5.3022264E-05
   1.9236691E-02   5.0575751E+04   5.6173170E-05
   1.9516275E-02   5.1017948E+04   5.9510262E-05
   1.9799837E-02   5.1451697E+04   6.3044492E-05
   2.0087433E-02   5.1876540E+04   6.6787458E-05
   2.0379121E-02   5.2292016E+04   7.0751435E-05
   2.0674958E-02   5.2697663E+04   7.4949420E-05
   2.0975004E-02   5.3093013E+04   7.9395171E-05
   2.1279319E-02   5.3477599E+04   8.4103250E-05
   2.1587963E-02   5.3850953E+04   8.9089077E-05
   2.1900998E-02   5.4212603E+04   9.4368970E-05
   2.2218486E-02   5.4562080E+04   9.9960208E-05
   2.2540491E-02   5.4898915E+04   1.0588108E-04
   2.2867078E-02   5.5222640E+04   1.1215094E-04
   2.3198310E-02   5.5532790E+04   1.1879029E-04
   2.3534255E-02   5.5828903E+04   1.2582082E-04
   2.3874979E-02   5.6110520E+04   1.3326550E-04
   2.4220551E-02   5.6377187E+04   1.4114862E-04
   2.4571039E-02   5.6628456E+04   1.4949593E-04
   2.4926513E-02   5.6863884E+04   1.5833465E-04
   2.5287044E-02   5.7083037E+04   1.6769362E-04
   2.5652705E-02   5.7285489E+04   1.7760335E-04
   2.6023567E-02   5.7470822E+04   1.8809615E-04
   2.6399706E-02   5.7638628E+04   1.9920620E-04
   2.6781196E-02   5.7788512E+04   2.1096970E-04
   2.7168113E-02   5.7920088E+04   2.2342496E-04
   2.7560535E-02   5.8032987E+04   2.3661252E-04
   2.7958540E-02   5.8126849E+04   2.5057529E-04
   2.8362207E-02   5.8201334E+04   2.6535871E-04
   2.8771616E-02   5.8256115E+04   2.8101085E-04
   2.9186851E-02   5.8290882E+04   2.9758261E-04
   2.9607992E-02   5.8305344E+04   3.1512785E-04
   3.0035125E-02   5.8299228E+04   3.3370358E-04
   3.0468335E-02   5.8272283E+04   3.5337015E-04
   3.0907708E-02   5.8224277E+04   3.7419142E-04
   3.1353331E-02   5.8154999E+04   3.9623499E-04
   3.1805295E-02   5.8064265E+04   4.1957241E-04
   3.2263688E-02   5.7951911E+04   4.4427940E-04
   3.2728603E-02   5.7817798E+04   4.7043611E-04
   3.3200132E-02   5.7661814E+04   4.9812736E-04
   3.3678369E-02   5.7483874E+04   5.2744293E-04
   3.4163410E-02   5.7283918E+04   5.5847782E-04
   3.4655351E-02   5.7061915E+04   5.9133261E-04
   3.5154291E-02   5.6817864E+04   6.2611371E-04
   3.5660329E-02   5.6551791E+04   6.6293377E-04
   3.6173567E-02   5.6263755E+04   7.0191200E-04
   3.6694106E-02   5.5953842E+04   7.4317456E-04
   3.7222050E-02   5.5622173E+04   7.8685496E-04
   3.7757506E-02   5.5268898E+04   8.3309453E-04
   3.8300579E-02   5.4894200E+04   8.8204280E-04
   3.8851379E-02   5.4498295E+04   9.3385805E-04
   3.9410014E-02   5.4081430E+04   9.8870777E-04
   3.9976597E-02   5.3643885E+04   1.0467692E-03
   4.0551240E-02   5.3185976E+04   1.1082300E-03
   4.1134059E-02   5.2708047E+04   1.1732886E-03
   4.1725169E-02   5.2210479E+04   1.2421551E-03
   4.2324689E-02   5.1693685E+04   1.3150519E-03
   4.2932738E-02   5.1158108E+04   1.3922142E-03
   4.3549437E-02   5.0604226E+04   1.4738910E-03
   4.4174910E-02   5.0032548E+04   1.5603458E-03
   4.4809281E-02   4.9443613E+04   1.6518575E-03
   4.5452678E-02   4.8837994E+04   1.7487211E-03
   4.6105227E-02   4.8216290E+04   1.8512488E-03
   4.6767061E-02   4.7579131E+04   1.9597711E-03
   4.7438309E-02   4.6927177E+04   2.0746376E-03
   4.8119108E-02   4.6261113E+04   2.1962183E-03
   4.8809592E-02   4.5581650E+04   2.3249048E-03
   4.9509899E-02   4.4889527E+04   2.4611113E-03
   5.0220169E-02   4.4185504E+04   2.6052763E-03
   5.0940544E-02   4.3470364E+04   2.7578637E-03
   5.1671168E-02   4.2744914E+04   2.9193643E-03
   5.2412186E-02   4.2009976E+04   3.0902976E-03
   5.3163746E-02   4.1266393E+04   3.2712132E-03
   5.3925998E-02   4.0515023E+04   3.4626927E-03
   5.4699095E-02   3.9756741E+04   3.6653515E-03
   5.5483190E-02   3.8992430E+04   3.8798407E-03
   5.6278440E-02   3.8222989E+04   4.1068493E-03
   5.7085004E-02   3.7449322E+04   4.3471062E-03
   5.7903042E-02   3.6672342E+04   4.6013829E-03
   5.8732719E-02   3.5892966E+04   4.8704955E-03
   5.9574199E-02   3.5112113E+04   5.1553075E-03
   6.0427650E-02   3.4330705E+04   5.4567325E-03
   6.1293243E-02   3.3549658E+04   5.7757372E-03
   6.2171151E-02   3.2769888E+04   6.1133445E-03
   6.3061548E-02   3.1992303E+04   6.4706365E-03
   6.3964613E-02   3.1217803E+04   6.8487581E-03
   6.4880525E-02   3.0447277E+04   7.2489206E-03
   6.5809467E-02   2.9681601E+04   7.6724056E-03
   6.6751626E-02   2.8921635E+04   8.1205690E-03
   6.7707188E-02   2.8168222E+04   8.5948453E-03
   6.8676344E-02   2.7422185E+04   9.0967522E-03
   6.9659289E-02   2.6684325E+04   9.6278951E-03
   7.0656217E-02   2.5955420E+04   1.0189973E-02
   7.1667328E-02   2.5236219E+04   1.0784782E-02
   7.2692824E-02   2.4527446E+04   1.1414223E-02
   7.3732909E-02   2.3829792E+04   1.2080309E-02
   7.4787792E-02   2.3143919E+04   1.2785166E-02
   7.5857681E-02   2.2470453E+04   1.3531044E-02
   7.6942792E-02   2.1809985E+04   1.4320325E-02
   7.8043340E-02   2.1163072E+04   1.5155527E-02
   7.9159545E-02   2.0530231E+04   1.6039314E-02
   8.0291630E-02   1.9911941E+04   1.6974505E-02
   8.1439821E-02   1.9308638E+04   1.7964080E-02
   8.2604347E-02   1.8720722E+04   1.9011192E-02
   8.3785440E-02   1.8148548E+04   2.0119178E-02
   8.4983336E-02   1.7592428E+04   2.1291564E-02
   8.6198274E-02   1.7052633E+04   2.2532083E-02
   8.7430496E-02   1.6529391E+04   2.3844681E-02
   8.8680249E-02   1.6022885E+04   2.5233533E-02
   8.9947781E-02   1.5533255E+04   2.6703055E-02
   9.1233347E-02   1.5060599E+04   2.8257917E-02
   9.2537201E-02   1.4604971E+04   2.9903057E-02
   9.3859605E-02   1.4166380E+04   3.1643699E-02
   9.5200823E-02   1.3744798E+04   3.3485368E-02
   9.6561121E-02   1.3340150E+04   3.5433907E-02
   9.7940772E-02   1.2952323E+04   3.7495494E-02
   9.9340051E-02   1.2581164E+04   3.9676663E-02
   1.0075924E-01   1.2226480E+04   4.1984324E-02
   1.0219861E-01   1.1888042E+04   4.4425785E-02
   1.0365847E-01   1.1565583E+04   4.7008772E-02
   1.0513909E-01   1.1258802E+04   4.9741457E-02
   1.0664077E-01   1.0967364E+04   5.2632477E-02
   1.0816383E-01   1.0690902E+04   5.5690970E-02
   1.0970854E-01   1.0429020E+04   5.8926594E-02
   1.1127524E-01   1.0181293E+04   6.2349562E-02
   1.1286422E-01   9.9472682E+03   6.5970672E-02
   1.1447581E-01   9.7264711E+03   6.9801340E-02
   1.1611033E-01   9.5184035E+03   7.3853636E-02
   1.1776810E-01   9.3225471E+03   7.8140319E-02
   1.1944945E-01   9.1383657E+03   8.2674878E-02
   1.2115473E-01   8.9653075E+03   8.7471573E-02
   1.2288426E-01   8.8028071E+03   9.2545477E-02
   1.2463840E-01   8.6502880E+03   9.7912525E-02
   1.2641750E-01   8.5071648E+03   1.0358956E-01
   1.2822191E-01   8.3728455E+03   1.0959438E-01
   1.3005198E-01   8.2467341E+03   1.1594580E-01
   1.3190810E-01   8.1282324E+03   1.2266371E-01
   1.3379062E-01   8.0167427E+03   1.2976913E-01
   1.3569992E-01   7.9116698E+03   1.3728425E-01
   1.3763638E-01   7.8124233E+03   1.4523257E-01
   1.3960040E-01   7.7184199E+03   1.5363887E-01
   1.4159235E-01   7.6290852E+03   1.6252936E-01
   1.4361265E-01   7.5438559E+03   1.7193173E-01
   1.4566168E-01   7.4621816E+03   1.8187525E-01
   1.4773987E-01   7.3835271E+03   1.9239081E-01
   1.4984762E-01   7.3073736E+03   2.0351107E-01
   1.5198536E-01   7.2332207E+03   2.1527054E-01
   1.5415351E-01   7.1605880E+03   2.2770564E-01
   1.5635251E-01   7.0890165E+03   2.4085487E-01
   1.5858279E-01   7.0180699E+03   2.5475887E-01
   1.6084480E-01   6.9473359E+03   2.6946059E-01
   1.6313899E-01   6.8764274E+03   2.8500536E-01
   1.6546582E-01   6.8049833E+03   3.0144105E-01
   1.6782575E-01   6.7326694E+03   3.1881824E-01
   1.7021926E-01   6.6591795E+03   3.3719029E-01
   1.7264682E-01   6.5842353E+03   3.5661356E-01
   1.7510891E-01   6.5075874E+03   3.7714754E-01
   1.7760604E-01   6.4290155E+03   3.9885504E-01
   1.8013868E-01   6.3483283E+03   4.2180233E-01
   1.8270736E-01   6.2653640E+03   4.4605939E-01
   1.8531258E-01   6.1799897E+03   4.7170002E-01
   1.8795487E-01   6.0921015E+03   4.9880214E-01
   1.9063475E-01   6.0016242E+03   5.2744793E-01
   1.9335275E-01   5.9085103E+03   5.5772412E-01
   1.9610942E-01   5.8127399E+03   5.8972218E-01
   1.9890531E-01   5.7143196E+03   6.2353859E-01
   2.0174097E-01   5.6132817E+03   6.5927510E-01
   2.0461698E-01   5.5096832E+03   6.9703902E-01
   2.0753390E-01   5.4036046E+03   7.3694348E-01
   2.1049232E-01   5.2951489E+03   7.7910775E-01
   2.1349283E-01   5.1844399E+03   8.2365757E-01
   2.1653602E-01   5.0716211E+03   8.7072544E-01
   2.1962252E-01   4.9568540E+03   9.2045101E-01
   2.2275292E-01   4.8403168E+03   9.7298139E-01
   2.2592785E-01   4.7222024E+03   1.0284716E+00
   2.2914796E-01   4.6027170E+03   1.0870848E+00
   2.3241387E-01   4.4820783E+03   1.1489931E+00
   2.3572625E-01   4.3605138E+03   1.2143774E+00
   2.3908575E-01   4.2382590E+03   1.2834282E+00
   2.4249305E-01   4.1155557E+03   1.3563462E+00
   2.4594882E-01   3.9926502E+03   1.4333424E+00
   2.4945376E-01   3.8697916E+03   1.5146389E+00
   2.5300856E-01   3.7472303E+03   1.6004691E+00
   2.5661393E-01   3.6252157E+03   1.6910788E+00
   2.6027059E-01   3.5039955E+03   1.7867261E+00
   2.6397928E-01   3.3838132E+03   1.8876824E+00
   2.6774073E-01   3.2649069E+03   1.9942328E+00
   2.7155569E-01   3.1475080E+03   2.1066769E+00
   2.7542492E-01   3.0318393E+03   2.2253293E+00
   2.7934920E-01   2.9181139E+03   2.3505202E+00
   2.8332931E-01   2.8065337E+03   2.4825962E+00
   2.8736605E-01   2.6972882E+03   2.6219209E+00
   2.9146021E-01   2.5905534E+03   2.7688755E+00
   2.9561262E-01   2.4864908E+03   2.9238599E+00
   2.9982411E-01   2.3852465E+03   3.0872929E+00
   3.0409550E-01   2.2869506E+03   3.2596133E+00
   3.0842767E-01   2.1917166E+03   3.4412805E+00
   3.1282147E-01   2.0996412E+03   3.6327753E+00
   3.1727778E-01   2.0108041E+03   3.8346006E+00
   3.2179749E-01   1.9252681E+03   4.0472821E+00
   3.2638149E-01   1.8430795E+03   4.2713691E+00
   3.3103072E-01   1.7642682E+03   4.5074352E+00
   3.3574608E-01   1.6888483E+03   4.7560793E+00
   3.4052853E-01   1.6168188E+03   5.0179255E+00
   3.4537901E-01   1.5481642E+03   5.2936246E+00
   3.5029851E-01   1.4828548E+03   5.5838544E+00
   3.5528799E-01   1.4208479E+03   5.8893200E+00
   3.6034845E-01   1.3620885E+03   6.2107546E+00
   3.6548091E-01   1.3065095E+03   6.5489200E+00
   3.7068638E-01   1.2540332E+03   6.9046068E+00
   3.7596592E-01   1.2045719E+03   7.2786345E+00
   3.8132056E-01   1.1580286E+03   7.6718521E+00
   3.8675138E-01   1.1142984E+03   8.0851375E+00
   3.9225946E-01   1.0732688E+03   8.5193981E+00
   3.9784590E-01   1.0348214E+03   8.9755698E+00
   4.0351182E-01   9.9883232E+02   9.4546170E+00
   4.0925835E-01   9.6517358E+02   9.9575317E+00
   4.1508663E-01   9.3371393E+02   1.0485332E+01
   4.2099783E-01   9.0431990E+02   1.1039063E+01
   4.2699312E-01   8.7685672E+02   1.1619792E+01
   4.3307371E-01   8.5118934E+02   1.2228609E+01
   4.3924080E-01   8.2718327E+02   1.2866623E+01
   4.4549563E-01   8.0470548E+02   1.3534962E+01
   4.5183945E-01   7.8362521E+02   1.4234765E+01
   4.5827352E-01   7.6381473E+02   1.4967185E+01
   4.6479912E-01   7.4515003E+02   1.5733376E+01
   4.7141756E-01   7.2751150E+02   1.6534498E+01
   4.7813015E-01   7.1078444E+02   1.7371703E+01
   4.8493825E-01   6.9485960E+02   1.8246134E+01
   4.9184320E-01   6.7963361E+02   1.9158915E+01
   4.9884639E-01   6.6500931E+02   2.0111144E+01
   5.0594920E-01   6.5089607E+02   2.1103885E+01
   5.1315307E-01   6.3720997E+02   2.2138155E+01
   5.2045942E-01   6.2387397E+02   2.3214917E+01
   5.2786972E-01   6.1081794E+02   2.4335062E+01
   5.3538544E-01   5.9797876E+02   2.5499400E+01
   5.4300809E-01   5.8530018E+02   2.6708645E+01
   5.5073918E-01   5.7273276E+02   2.7963394E+01
   5.5858026E-01   5.6023373E+02   2.9264113E+01
   5.6653289E-01   5.4776674E+02   3.0611116E+01
   5.7459865E-01   5.3530167E+02   3.2004540E+01
   5.8277917E-01   5.2281429E+02   3.3444329E+01
   5.9107607E-01   5.1028600E+02   3.4930202E+01
   5.9949100E-01   4.9770346E+02   3.6461627E+01
   6.0802566E-01   4.8505826E+02   3.8037797E+01
   6.1668173E-01   4.7234650E+02   3.9657592E+01
   6.2546095E-01   4.5956844E+02   4.1319549E+01
   6.3436506E-01   4.4672809E+02   4.3021829E+01
   6.4339585E-01   4.3383284E+02   4.4762175E+01
   6.5255512E-01   4.2089301E+02   4.6537881E+01
   6.6184470E-01   4.0792154E+02   4.8345744E+01
   6.7126644E-01   3.9493354E+02   5.0182028E+01
   6.8082221E-01   3.8194595E+02   5.2042421E+01
   6.9051393E-01   3.6897721E+02   5.3921991E+01
   7.0034353E-01   3.5604687E+02   5.5815144E+01
   7.1031298E-01   3.4317532E+02   5.7715583E+01
   7.2042425E-01   3.3038346E+02   5.9616266E+01
   7.3067938E-01   3.1769244E+02   6.1509369E+01
   7.4108040E-01   3.0512338E+02   6.3386251E+01
   7.5162939E-01   2.9269716E+02   6.5237426E+01
   7.6232846E-01   2.8043419E+02   6.7052537E+01
   7.7317974E-01   2.6835422E+02   6.8820341E+01
   7.8418540E-01   2.5647617E+02   7.0528708E+01
   7.9534763E-01   2.4481800E+02   7.2164621E+01
   8.0666867E-01   2.3339656E+02   7.3714207E+01
   8.1815076E-01   2.2222750E+02   7.5162770E+01
   8.2979620E-01   2.1132517E+02   7.6494859E+01
   8.4160732E-01   2.0070258E+02   7.7694347E+01
   8.5358648E-01   1.9037130E+02   7.8744552E+01
   8.6573605E-01   1.8034148E+02   7.9628383E+01
   8.7805847E-01   1.7062180E+02   8.0328519E+01
   8.9055620E-01   1.6121948E+02   8.0827642E+01
   9.0323174E-01   1.5214029E+02   8.1108702E+01
   9.1608760E-01   1.4338855E+02   8.1155237E+01
   9.2912635E-01   1.3496720E+02   8.0951749E+01
   9.4235061E-01   1.2687782E+02   8.0484132E+01
   9.5576300E-01   1.1912069E+02   7.9740155E+01
   9.6936620E-01   1.1169487E+02   7.8710008E+01
   9.8316293E-01   1.0459822E+02   7.7386897E+01
   9.9715595E-01   9.7827538E+01   7.5767688E+01
   1.0113480E+00   9.1378593E+01   7.3853583E+01
   1.0257420E+00   8.5246231E+01   7.1650820E+01
   1.0403408E+00   7.9424456E+01   6.9171356E+01
   1.0551473E+00   7.3906518E+01   6.6433505E+01
   1.0701644E+00   6.8685004E+01   6.3462486E+01
   1.0853951E+00   6.3751920E+01   6.0290787E+01
   1.1008425E+00   5.9098777E+01   5.6958285E+01
   1.1165097E+00   5.4716674E+01   5.3511974E+01
   1.1323998E+00   5.0596368E+01   5.0005158E+01
   1.1485160E+00   4.6728350E+01   4.6495907E+01
   1.1648614E+00   4.3102903E+01   4.3044505E+01
   1.1814394E+00   3.9710163E+01   3.9709581E+01
   1.1982532E+00   3.6540171E+01   3.6542493E+01
   1.2153062E+00   3.3582921E+01   3.3579448E+01
   1.2326019E+00   3.0828401E+01   3.0830708E+01
   1.2501436E+00   2.8266637E+01   2.8266637E+01
   1.2679348E+00   2.5887733E+01   2.5887733E+01
   1.2859792E+00   2.3681910E+01   2.3681910E+01
   1.3042802E+00   2.1639546E+01   2.1639546E+01
   1.3228417E+00   1.9751209E+01   1.9751209E+01
   1.3416672E+00   1.8007702E+01   1.8007702E+01
   1.3607605E+00   1.6400089E+01   1.6400089E+01
   1.3801254E+00   1.4919729E+01   1.4919729E+01
   1.3997659E+00   1.3558298E+01   1.3558298E+01
   1.4196858E+00   1.2307816E+01   1.2307816E+01
   1.4398890E+00   1.1160655E+01   1.1160655E+01
   1.4603797E+00   1.0109550E+01   1.0109550E+01
   1.4811619E+00   9.1476063E+00   9.1476063E+00
   1.5022398E+00   8.2682971E+00   8.2682971E+00
   1.5236175E+00   7.4654609E+00   7.4654609E+00
   1.5452994E+00   6.7332948E+00   6.7332948E+00
   1.5672897E+00   6.0663458E+00   6.0663458E+00
   1.5895929E+00   5.4595001E+00   5.4595001E+00
   1.6122134E+00   4.9079717E+00   4.9079717E+00
   1.6351556E+00   4.4072887E+00   4.4072887E+00
   1.6584243E+00   3.9532810E+00   3.9532810E+00
   1.6820240E+00   3.5420657E+00   3.5420657E+00
   1.7059595E+00   3.1700338E+00   3.1700338E+00
   1.7302355E+00   2.8338358E+00   2.8338358E+00
   1.7548568E+00   2.5303680E+00   2.5303680E+00
   1.7798284E+00   2.2567591E+00   2.2567591E+00
   1.8051553E+00   2.0103562E+00   2.0103562E+00
   1.8308425E+00   1.7887124E+00   1.7887124E+00
   1.8568951E+00   1.5895734E+00   1.5895734E+00
   1.8833184E+00   1.4108656E+00   1.4108656E+00
   1.9101176E+00   1.2506843E+00   1.2506843E+00
   1.9372981E+00   1.1072821E+00   1.1072821E+00
   1.9648652E+00   9.7905805E-01   9.7905805E-01
   1.9928246E+00   8.6454749E-01   8.6454749E-01
   2.0211817E+00   7.6241200E-01   7.6241200E-01
   2.0499422E+00   6.7143018E-01   6.7143018E-01
   2.0791119E+00   5.9048876E-01   5.9048876E-01
   2.1086966E+00   5.1857439E-01   5.1857439E-01
   2.1387021E+00   4.5476576E-01   4.5476576E-01
   2.1691346E+00   3.9822633E-01   3.9822633E-01
   2.2000000E+00   3.4819746E-01   3.4819746E-01
   2.2313045E+00   3.0399204E-01   3.0399204E-01
   2.2630544E+00   2.6498852E-01   2.6498852E-01
   2.2952559E+00   2.3062535E-01   2.3062535E-01
   2.3279156E+00   2.0039590E-01   2.0039590E-01
   2.3610400E+00   1.7384362E-01   1.7384362E-01
   2.3946355E+00   1.5055769E-01   1.5055769E-01
   2.4287090E+00   1.3016890E-01   1.3016890E-01
   2.4632673E+00   1.1234589E-01   1.1234589E-01
   2.4983172E+00   9.6791727E-02   9.6791727E-02
   2.5338658E+00   8.3240662E-02   8.3240662E-02
   2.5699201E+00   7.1455230E-02   7.1455230E-02
   2.6064873E+00   6.1223548E-02   6.1223548E-02
   2.6435748E+00   5.2356854E-02   5.2356854E-02
   2.6811899E+00   4.4687247E-02   4.4687247E-02
   2.7193401E+00   3.8065621E-02   3.8065621E-02
   2.7580331E+00   3.2359787E-02   3.2359787E-02
   2.7972765E+00   2.7452745E-02   2.7452745E-02
   2.8370783E+00   2.3241126E-02   2.3241126E-02
   2.8774463E+00   1.9633764E-02   1.9633764E-02
   2.9183886E+00   1.6550406E-02   1.6550406E-02
   2.9599133E+00   1.3920537E-02   1.3920537E-02
   3.0020288E+00   1.1682319E-02   1.1682319E-02
   3.0447435E+00   9.7816309E-03   9.7816309E-03
   3.0880659E+00   8.1712037E-03   8.1712037E-03
   3.1320046E+00   6.8098361E-03   6.8098361E-03
   3.1765684E+00   5.6616947E-03   5.6616947E-03
   3.2217662E+00   4.6956819E-03   4.6956819E-03
   3.2676070E+00   3.8848708E-03   3.8848708E-03
   3.3141000E+00   3.2059992E-03   3.2059992E-03
   3.3612544E+00   2.6390184E-03   2.6390184E-03
   3.4090796E+00   2.1666901E-03   2.1666901E-03
   3.4575853E+00   1.7742296E-03   1.7742296E-03
   3.5067810E+00   1.4489875E-03   1.4489875E-03
   3.5566766E+00   1.1801697E-03   1.1801697E-03
   3.6072821E+00   9.5858907E-04   9.5858907E-04
   3.6586075E+00   7.7644687E-04   7.7644687E-04
   3.7106631E+00   6.2714121E-04   6.2714121E-04
   3.7634592E+00   5.0509867E-04   5.0509867E-04
   3.8170065E+00   4.0562739E-04   4.0562739E-04
   3.8713156E+00   3.2478892E-04   3.2478892E-04
   3.9263973E+00   2.5928692E-04   2.5928692E-04
   3.9822627E+00   2.0637062E-04   2.0637062E-04
   4.0389228E+00   1.6375146E-04   1.6375146E-04
   4.0963890E+00   1.2953122E-04   1.2953122E-04
   4.1546727E+00   1.0214035E-04   1.0214035E-04
   4.2137856E+00   8.0285138E-05   8.0285138E-05
   4.2737396E+00   6.2902649E-05   6.2902649E-05
   4.3345464E+00   4.9122363E-05   4.9122363E-05
   4.3962183E+00   3.8233699E-05   3.8233699E-05
   4.4587676E+00   2.9658547E-05   2.9658547E-05
   4.5222068E+00   2.2928161E-05   2.2928161E-05
   4.5865485E+00   1.7663761E-05   1.7663761E-05
   4.6518056E+00   1.3560322E-05   1.3560322E-05
   4.7179911E+00   1.0373072E-05   1.0373072E-05
   4.7851181E+00   7.9062882E-06   7.9062882E-06
   4.8532002E+00   6.0040223E-06   6.0040223E-06
   4.9222508E+00   4.5424738E-06   4.5424738E-06
   4.9922838E+00   3.4237223E-06   3.4237223E-06
   5.0633131E+00   2.5706059E-06   2.5706059E-06
   5.1353529E+00   1.9225500E-06   1.9225500E-06
   5.2084176E+00   1.4321838E-06   1.4321838E-06
   5.2825218E+00   1.0626055E-06   1.0626055E-06
   5.3576802E+00   7.8518182E-07   7.8518182E-07
   5.4339079E+00   5.7778392E-07   5.7778392E-07
   5.5112201E+00   4.2337908E-07   4.2337908E-07
   5.5896321E+00   3.0891093E-07   3.0891093E-07
   5.6691597E+00   2.2441293E-07   2.2441293E-07
   5.7498187E+00   1.6230935E-07   1.6230935E-07
   5.8316252E+00   1.1686655E-07   1.1686655E-07
   5.9145955E+00   8.3764018E-08   8.3764018E-08
   5.9987462E+00   5.9760553E-08   5.9760553E-08
   6.0840941E+00   4.2435608E-08   4.2435608E-08
   6.1706562E+00   2.9989798E-08   2.9989798E-08
   6.2584498E+00   2.1091731E-08   2.1091731E-08
   6.3474924E+00   1.4760955E-08   1.4760955E-08
   6.4378018E+00   1.0278930E-08   1.0278930E-08
   6.5293960E+00   7.1216397E-09   7.1216397E-09
   6.6222932E+00   4.9088285E-09   4.9088285E-09
   6.7165121E+00   3.3659551E-09   3.3659551E-09
   6.8120714E+00   2.2958206E-09   2.2958206E-09
   6.9089902E+00   1.5575176E-09   1.5575176E-09
   7.0072878E+00   1.0508951E-09   1.0508951E-09
   7.1069838E+00   7.0515206E-10   7.0515206E-10
   7.2080982E+00   4.7050961E-10   4.7050961E-10
   7.3106511E+00   3.1216306E-10   3.1216306E-10
   7.4146630E+00   2.0591426E-10   2.0591426E-10
   7.5201546E+00   1.3503535E-10   1.3503535E-10
   7.6271470E+00   8.8029565E-11   8.8029565E-11
   7.7356616E+00   5.7041783E-11   5.7041783E-11
   7.8457200E+00   3.6737039E-11   3.6737039E-11
   7.9573441E+00   2.3513877E-11   2.3513877E-11
   8.0705562E+00   1.4956001E-11   1.4956001E-11
   8.1853790E+00   9.4523839E-12   9.4523839E-12
   8.3018354E+00   5.9355545E-12   5.9355545E-12
   8.4199485E+00   3.7028290E-12   3.7028290E-12
   8.5397419E+00   2.2946756E-12   2.2946756E-12
   8.6612396E+00   1.4124839E-12   1.4124839E-12
   8.7844659E+00   8.6353376E-13   8.6353376E-13
   8.9094452E+00   5.2428484E-13   5.2428484E-13
   9.0362025E+00   3.1608607E-13   3.1608607E-13
   9.1647632E+00   1.8921295E-13   1.8921295E-13
   9.2951529E+00   1.1245027E-13   1.1245027E-13
   9.4273976E+00   6.6342292E-14   6.6342292E-14
   9.5615236E+00   3.8850462E-14   3.8850462E-14
   9.6975579E+00   2.2580445E-14   2.2580445E-14
   9.8355274E+00   1.3024276E-14   1.3024276E-14
   9.9754598E+00   7.4544041E-15   7.4544041E-15
   1.0117383E+01   4.2331471E-15   4.2331471E-15
   1.0261325E+01   2.3848275E-15   2.3848275E-15
   1.0407315E+01   1.3327392E-15   1.3327392E-15
   1.0555382E+01   7.3871794E-16   7.3871794E-16
   1.0705556E+01   4.0607600E-16   4.0607600E-16
   1.0857866E+01   2.2135044E-16   2.2135044E-16
   1.1012343E+01   1.1963171E-16   1.1963171E-16
   1.1169017E+01   6.4099208E-17   6.4099208E-17
   1.1327921E+01   3.4044452E-17   3.4044452E-17
   1.1489085E+01   1.7921523E-17   1.7921523E-17
   1.1652542E+01   9.3493655E-18   9.3493655E-18
   1.1818324E+01   4.8329242E-18   4.8329242E-18
   1.1986465E+01   2.4751696E-18   2.4751696E-18
   1.2156998E+01   1.2557680E-18   1.2557680E-18
   1.2329957E+01   6.3105210E-19   6.3105210E-19
   1.2505377E+01   3.1406060E-19   3.1406060E-19
   1.2683292E+01   1.5477267E-19   1.5477267E-19
   1.2863739E+01   7.5517385E-20   7.5517385E-20
   1.3046752E+01   3.6476220E-20   3.6476220E-20
   1.3232370E+01   1.7438951E-20   1.7438951E-20
   1.3420628E+01   8.2511610E-21   8.2511610E-21
   1.3611564E+01   3.8630425E-21   3.8630425E-21
   1.3805217E+01   1.7893622E-21   1.7893622E-21
   1.4001624E+01   8.1988886E-22   8.1988886E-22
   1.4200826E+01   3.7156289E-22   3.7156289E-22
   1.4402862E+01   1.6651829E-22   1.6651829E-22
   1.4607772E+01   7.3786084E-23   7.3786084E-23
   1.4815598E+01   3.2322094E-23   3.2322094E-23
   1.5026380E+01   1.3994763E-23   1.3994763E-23
   1.5240160E+01   5.9882532E-24   5.9882532E-24
   1.5456983E+01   2.5318105E-24   2.5318105E-24
   1.5676889E+01   1.0575052E-24   1.0575052E-24
   1.5899925E+01   4.3628995E-25   4.3628995E-25
   1.6126133E+01   1.7776081E-25   1.7776081E-25
   1.6355560E+01   7.1513219E-26   7.1513219E-26
   1.6588250E+01   2.8401869E-26   2.8401869E-26
   1.6824251E+01   1.1133647E-26   1.1133647E-26
   1.7063610E+01   4.3070141E-27   4.3070141E-27
   1.7306373E+01   1.6439202E-27   1.6439202E-27
   1.7552591E+01   6.1896587E-28   6.1896587E-28
   1.7802311E+01   2.2985236E-28   2.2985236E-28
   1.8055584E+01   8.4166837E-29   8.4166837E-29
   1.8312460E+01   3.0384701E-29   3.0384701E-29
   1.8572991E+01   1.0811893E-29   1.0811893E-29
   1.8837228E+01   3.7913231E-30   3.7913231E-30
   1.9105224E+01   1.3098765E-30   1.3098765E-30
   1.9377033E+01   4.4578801E-31   4.4578801E-31
   1.9652709E+01   1.4941319E-31   1.4941319E-31
   1.9932307E+01   4.9307471E-32   4.9307471E-32
   2.0215882E+01   1.6017919E-32   1.6017919E-32
   2.0503492E+01   5.1211713E-33   5.1211713E-33
   2.0795194E+01   1.6110235E-33   1.6110235E-33
   2.1091045E+01   4.9854196E-34   4.9854196E-34
   2.1391106E+01   1.5172782E-34   1.5172782E-34
   2.1695435E+01   4.5403266E-35   4.5403266E-35
   2.2004094E+01   1.3355511E-35   1.3355511E-35
   2.2317145E+01   3.8607965E-36   3.8607965E-36
   2.2634648E+01   1.0965440E-36   1.0965440E-36
   2.2956669E+01   3.0591164E-37   3.0591164E-37
   2.3283271E+01   8.3805582E-38   8.3805582E-38
   2.3614520E+01   2.2539352E-38   2.2539352E-38
   2.3950481E+01   5.9495491E-39   5.9495491E-39
   2.4291222E+01   1.5409249E-39   1.5409249E-39
   2.4636810E+01   3.9148256E-40   3.9148256E-40
   2.4987315E+01   9.7533479E-41   9.7533479E-41
   2.5342806E+01   2.3822105E-41   2.3822105E-41
   2.5703355E+01   5.7024878E-42   5.7024878E-42
   2.6069033E+01   1.3374483E-42   1.3374483E-42
   2.6439914E+01   3.0724612E-43   3.0724612E-43
   2.6816071E+01   6.9112845E-44   6.9112845E-44
   2.7197579E+01   1.5218014E-44   1.5218014E-44
   2.7584515E+01   3.2790310E-45   3.2790310E-45
   2.7976956E+01   6.9116312E-46   6.9116312E-46
   2.8374980E+01   1.4246878E-46   1.4246878E-46
   2.8778666E+01   2.8708931E-47   2.8708931E-47
   2.9188096E+01   5.6535860E-48   5.6535860E-48
   2.9603350E+01   1.0876506E-48   1.0876506E-48
   3.0024512E+01   2.0434274E-49   2.0434274E-49
   3.0451666E+01   3.7478013E-50   3.7478013E-50
   3.0884897E+01   6.7078233E-51   6.7078233E-51
   3.1324291E+01   1.1711472E-51   1.1711472E-51
   3.1769936E+01   1.9938854E-52   1.9938854E-52
   3.2221921E+01   3.3088604E-53   3.3088604E-53
   3.2680337E+01   5.3502446E-54   5.3502446E-54
   3.3145274E+01   8.4257713E-55   8.4257713E-55
   3.3616826E+01   1.2918344E-55   1.2918344E-55
   3.4095086E+01   1.9274440E-56   1.9274440E-56
   3.4580150E+01   2.7973521E-57   2.7973521E-57
   3.5072115E+01   3.9474050E-58   3.9474050E-58
   3.5571080E+01   5.4135227E-59   5.4135227E-59
   3.6077142E+01   7.2119414E-60   7.2119414E-60
   3.6590405E+01   9.3287633E-61   9.3287633E-61
   3.7110969E+01   1.1710802E-61   1.1710802E-61
   3.7638939E+01   1.4260215E-62   1.4260215E-62
   3.8174421E+01   1.6835396E-63   1.6835396E-63
   3.8717520E+01   1.9259905E-64   1.9259905E-64
   3.9268346E+01   2.1339717E-65   2.1339717E-65
   3.9827009E+01   2.2887117E-66   2.2887117E-66
   4.0393619E+01   2.3747593E-67   2.3747593E-67
   4.0968290E+01   2.3824615E-68   2.3824615E-68
   4.1551137E+01   2.3096961E-69   2.3096961E-69
   4.2142276E+01   2.1624408E-70   2.1624408E-70
   4.2741825E+01   1.9539985E-71   1.9539985E-71
   4.3349903E+01   1.7030096E-72   1.7030096E-72
   4.3966632E+01   1.4306602E-73   1.4306602E-73
   4.4592135E+01   1.1576764E-74   1.1576764E-74
   4.5226537E+01   9.0170448E-76   9.0170448E-76
   4.5869965E+01   6.7554205E-77   6.7554205E-77
   4.6522546E+01   0.0000000E+00   0.0000000E+00
   4.7184411E+01   0.0000000E+00   0.0000000E+00
   4.7855693E+01   0.0000000E+00   0.0000000E+00
   4.8536524E+01   0.0000000E+00   0.0000000E+00
   4.9227042E+01   0.0000000E+00   0.0000000E+00
   4.9927383E+01   0.0000000E+00   0.0000000E+00
   5.0637688E+01   0.0000000E+00   0.0000000E+00
   5.1358097E+01   0.0000000E+00   0.0000000E+00
   5.2088756E+01   0.0000000E+00   0.0000000E+00
   5.2829810E+01   0.0000000E+00   0.0000000E+00
   5.3581407E+01   0.0000000E+00   0.0000000E+00
   5.4343696E+01   0.0000000E+00   0.0000000E+00
   5.5116830E+01   0.0000000E+00   0.0000000E+00
   5.5900963E+01   0.0000000E+00   0.0000000E+00
   5.6696251E+01   0.0000000E+00   0.0000000E+00
   5.7502854E+01   0.0000000E+00   0.0000000E+00
   5.8320932E+01   0.0000000E+00   0.0000000E+00
   5.9150649E+01   0.0000000E+00   0.0000000E+00
   5.9992170E+01   0.0000000E+00   0.0000000E+00
   6.0845662E+01   0.0000000E+00   0.0000000E+00
   6.1711297E+01   0.0000000E+00   0.0000000E+00
   6.2589247E+01   0.0000000E+00   0.0000000E+00
   6.3479688E+01   0.0000000E+00   0.0000000E+00
   6.4382796E+01   0.0000000E+00   0.0000000E+00
   6.5298753E+01   0.0000000E+00   0.0000000E+00
   6.6227740E+01   0.0000000E+00   0.0000000E+00
   6.7169944E+01   0.0000000E+00   0.0000000E+00
   6.8125553E+01   0.0000000E+00   0.0000000E+00
   6.9094756E+01   0.0000000E+00   0.0000000E+00
   7.0077748E+01   0.0000000E+00   0.0000000E+00
   7.1074725E+01   0.0000000E+00   0.0000000E+00
   7.2085885E+01   0.0000000E+00   0.0000000E+00
   7.3111430E+01   0.0000000E+00   0.0000000E+00
   7.4151566E+01   0.0000000E+00   0.0000000E+00
   7.5206499E+01   0.0000000E+00   0.0000000E+00
   7.6276441E+01   0.0000000E+00   0.0000000E+00
   7.7361604E+01   0.0000000E+00   0.0000000E+00
   7.8462205E+01   0.0000000E+00   0.0000000E+00
   7.9578464E+01   0.0000000E+00   0.0000000E+00
   8.0710604E+01   0.0000000E+00   0.0000000E+00
   8.1858851E+01   0.0000000E+00   0.0000000E+00
   8.3023433E+01   0.0000000E+00   0.0000000E+00
   8.4204583E+01   0.0000000E+00   0.0000000E+00
   8.5402537E+01   0.0000000E+00   0.0000000E+00
   8.6617534E+01   0.0000000E+00   0.0000000E+00
   8.7849816E+01   0.0000000E+00   0.0000000E+00
   8.9099629E+01   0.0000000E+00   0.0000000E+00
   9.0367223E+01   0.0000000E+00   0.0000000E+00
   9.1652851E+01   0.0000000E+00   0.0000000E+00
   9.2956768E+01   0.0000000E+00   0.0000000E+00
   9.4279236E+01   0.0000000E+00   0.0000000E+00
   9.5620519E+01   0.0000000E+00   0.0000000E+00
   9.6980883E+01   0.0000000E+00   0.0000000E+00
   9.8360601E+01   0.0000000E+00   0.0000000E+00
   9.9759947E+01   0.0000000E+00   0.0000000E+00
   1.0117920E+02   0.0000000E+00   0.0000000E+00
   1.0261865E+02   0.0000000E+00   0.0000000E+00
   1.0407857E+02   0.0000000E+00   0.0000000E+00
   1.0555927E+02   0.0000000E+00   0.0000000E+00
   1.0706102E+02   0.0000000E+00   0.0000000E+00
   1.0858415E+02   0.0000000E+00   0.0000000E+00
   1.1012894E+02   0.0000000E+00   0.0000000E+00
   1.1169571E+02   0.0000000E+00   0.0000000E+00
   1.1328477E+02   0.0000000E+00   0.0000000E+00
   1.1489644E+02   0.0000000E+00   0.0000000E+00
   1.1653104E+02   0.0000000E+00   0.0000000E+00
   1.1818889E+02   0.0000000E+00   0.0000000E+00
   1.1987032E+02   0.0000000E+00   0.0000000E+00
   1.2157568E+02   0.0000000E+00   0.0000000E+00
   1.2330530E+02   0.0000000E+00   0.0000000E+00
   1.2505952E+02   0.0000000E+00   0.0000000E+00
   1.2683871E+02   0.0000000E+00   0.0000000E+00
   1.2864320E+02   0.0000000E+00   0.0000000E+00
   1.3047337E+02   0.0000000E+00   0.0000000E+00
   1.3232957E+02   0.0000000E+00   0.0000000E+00
   1.3421218E+02   0.0000000E+00   0.0000000E+00
   1.3612157E+02   0.0000000E+00   0.0000000E+00
   1.3805813E+02   0.0000000E+00   0.0000000E+00
   1.4002224E+02   0.0000000E+00   0.0000000E+00
   1.4201429E+02   0.0000000E+00   0.0000000E+00
   1.4403469E+02   0.0000000E+00   0.0000000E+00
   1.4608382E+02   0.0000000E+00   0.0000000E+00
   1.4816211E+02   0.0000000E+00   0.0000000E+00
   1.5026996E+02   0.0000000E+00   0.0000000E+00
   1.5240780E+02   0.0000000E+00   0.0000000E+00
   1.5457606E+02   0.0000000E+00   0.0000000E+00
   1.5677516E+02   0.0000000E+00   0.0000000E+00
   1.5900555E+02   0.0000000E+00   0.0000000E+00
   1.6126767E+02   0.0000000E+00   0.0000000E+00
   1.6356198E+02   0.0000000E+00   0.0000000E+00
   1.6588892E+02   0.0000000E+00   0.0000000E+00
   1.6824897E+02   0.0000000E+00   0.0000000E+00
   1.7064259E+02   0.0000000E+00   0.0000000E+00
   1.7307026E+02   0.0000000E+00   0.0000000E+00
   1.7553248E+02   0.0000000E+00   0.0000000E+00
   1.7802972E+02   0.0000000E+00   0.0000000E+00
   1.8056249E+02   0.0000000E+00   0.0000000E+00
   1.8313129E+02   0.0000000E+00   0.0000000E+00
   1.8573664E+02   0.0000000E+00   0.0000000E+00
   1.8837906E+02   0.0000000E+00   0.0000000E+00
   1.9105906E+02   0.0000000E+00   0.0000000E+00
   1.9377720E+02   0.0000000E+00   0.0000000E+00
   1.9653400E+02   0.0000000E+00   0.0000000E+00
   1.9933002E+02   0.0000000E+00   0.0000000E+00
   2.0216583E+02   0.0000000E+00   0.0000000E+00
