  0.0000000E+00  4.02487974341189825E-01
  1.6027965E-05  4.02487974021285666E-01
  3.2199734E-05  4.02487973051688763E-01
  4.8516598E-05  4.02487971414539125E-01
  6.4979859E-05  4.02487969091807507E-01
  8.1590831E-05  4.02487966065295188E-01
  9.8350837E-05  4.02487962316374459E-01
  1.1526122E-04  4.02487957826031584E-01
  1.3232332E-04  4.02487952574856145E-01
  1.4953850E-04  4.02487946543037656E-01
  1.6690814E-04  4.02487939710355069E-01
  1.8443363E-04  4.02487932056152409E-01
  2.0211635E-04  4.02487923559354754E-01
  2.1995773E-04  4.02487914198472185E-01
  2.3795918E-04  4.02487903951519121E-01
  2.5612214E-04  4.02487892796123181E-01
  2.7444806E-04  4.02487880709396673E-01
  2.9293840E-04  4.02487867667998045E-01
  3.1159464E-04  4.02487853648116234E-01
  3.3041827E-04  4.02487838625448457E-01
  3.4941078E-04  4.02487822575179399E-01
  3.6857370E-04  4.02487805472005966E-01
  3.8790855E-04  4.02487787290102539E-01
  4.0741687E-04  4.02487768003088275E-01
  4.2710023E-04  4.02487747584105104E-01
  4.4696018E-04  4.02487726005683721E-01
  4.6699833E-04  4.02487703239826355E-01
  4.8721625E-04  4.02487679257992503E-01
  5.0761558E-04  4.02487654031010667E-01
  5.2819792E-04  4.02487627529153957E-01
  5.4896494E-04  4.02487599722085476E-01
  5.6991828E-04  4.02487570578841769E-01
  5.9105962E-04  4.02487540067870186E-01
  6.1239063E-04  4.02487508156953500E-01
  6.3391304E-04  4.02487474813211787E-01
  6.5562854E-04  4.02487440003152619E-01
  6.7753888E-04  4.02487403692559809E-01
  6.9964580E-04  4.02487365846558365E-01
  7.2195106E-04  4.02487326429594727E-01
  7.4445645E-04  4.02487285405348838E-01
  7.6716376E-04  4.02487242736797868E-01
  7.9007481E-04  4.02487198386214051E-01
  8.1319141E-04  4.02487152315081198E-01
  8.3651542E-04  4.02487104484111013E-01
  8.6004870E-04  4.02487054853239379E-01
  8.8379312E-04  4.02487003381643282E-01
  9.0775057E-04  4.02486950027649337E-01
  9.3192298E-04  4.02486894748705692E-01
  9.5631226E-04  4.02486837501525030E-01
  9.8092036E-04  4.02486778241938403E-01
  1.0057493E-03  4.02486716924794652E-01
  1.0308009E-03  4.02486653504195768E-01
  1.0560773E-03  4.02486587933261530E-01
  1.0815806E-03  4.02486520164197947E-01
  1.1073126E-03  4.02486450148229147E-01
  1.1332755E-03  4.02486377835671538E-01
  1.1594713E-03  4.02486303175913829E-01
  1.1859022E-03  4.02486226117207913E-01
  1.2125702E-03  4.02486146606884476E-01
  1.2394775E-03  4.02486064591238535E-01
  1.2666262E-03  4.02485980015466649E-01
  1.2940185E-03  4.02485892823734481E-01
  1.3216565E-03  4.02485802959048566E-01
  1.3495425E-03  4.02485710363491733E-01
  1.3776787E-03  4.02485614977765138E-01
  1.4060674E-03  4.02485516741442062E-01
  1.4347107E-03  4.02485415593144491E-01
  1.4636111E-03  4.02485311470116569E-01
  1.4927707E-03  4.02485204308389966E-01
  1.5221920E-03  4.02485094042635494E-01
  1.5518772E-03  4.02484980606599152E-01
  1.5818288E-03  4.02484863932524195E-01
  1.6120491E-03  4.02484743951074253E-01
  1.6425406E-03  4.02484620592071629E-01
  1.6733056E-03  4.02484493783787756E-01
  1.7043467E-03  4.02484363452855598E-01
  1.7356662E-03  4.02484229524732229E-01
  1.7672668E-03  4.02484091923479614E-01
  1.7991509E-03  4.02483950571554394E-01
  1.8313210E-03  4.02483805390004723E-01
  1.8637798E-03  4.02483656298126102E-01
  1.8965298E-03  4.02483503213925009E-01
  1.9295736E-03  4.02483346053915114E-01
  1.9629140E-03  4.02483184732632004E-01
  1.9965534E-03  4.02483019163151101E-01
  2.0304947E-03  4.02482849256864783E-01
  2.0647405E-03  4.02482674923599348E-01
  2.0992935E-03  4.02482496071364826E-01
  2.1341566E-03  4.02482312606075809E-01
  2.1693324E-03  4.02482124432288757E-01
  2.2048239E-03  4.02481931452692065E-01
  2.2406338E-03  4.02481733567812916E-01
  2.2767650E-03  4.02481530676450872E-01
  2.3132203E-03  4.02481322675449005E-01
  2.3500028E-03  4.02481109459778830E-01
  2.3871152E-03  4.02480890922283230E-01
  2.4245606E-03  4.02480666953686339E-01
  2.4623420E-03  4.02480437442698347E-01
  2.5004624E-03  4.02480202276016441E-01
  2.5389248E-03  4.02479961338142345E-01
  2.5777323E-03  4.02479714511149778E-01
  2.6168880E-03  4.02479461675022354E-01
  2.6563949E-03  4.02479202707573980E-01
  2.6962564E-03  4.02478937484169963E-01
  2.7364754E-03  4.02478665877735731E-01
  2.7770554E-03  4.02478387758850975E-01
  2.8179994E-03  4.02478102995624976E-01
  2.8593108E-03  4.02477811453691603E-01
  2.9009928E-03  4.02477512996202824E-01
  2.9430488E-03  4.02477207483596000E-01
  2.9854821E-03  4.02476894773483806E-01
  3.0282962E-03  4.02476574720982638E-01
  3.0714943E-03  4.02476247178860325E-01
  3.1150801E-03  4.02475911996414859E-01
  3.1590569E-03  4.02475569020036394E-01
  3.2034283E-03  4.02475218094075660E-01
  3.2481978E-03  4.02474859059339385E-01
  3.2933689E-03  4.02474491753331554E-01
  3.3389454E-03  4.02474116011079963E-01
  3.3849307E-03  4.02473731664119427E-01
  3.4313287E-03  4.02473338541026848E-01
  3.4781429E-03  4.02472936467156039E-01
  3.5253772E-03  4.02472525264233660E-01
  3.5730352E-03  4.02472104750897453E-01
  3.6211208E-03  4.02471674742421459E-01
  3.6696379E-03  4.02471235050460785E-01
  3.7185903E-03  4.02470785483057369E-01
  3.7679818E-03  4.02470325844753785E-01
  3.8178166E-03  4.02469855936585907E-01
  3.8680984E-03  4.02469375555444098E-01
  3.9188314E-03  4.02468884494542212E-01
  3.9700196E-03  4.02468382543650749E-01
  4.0216670E-03  4.02467869487878160E-01
  4.0737778E-03  4.02467345108553087E-01
  4.1263561E-03  4.02466809183322338E-01
  4.1794062E-03  4.02466261485008636E-01
  4.2329323E-03  4.02465701782722840E-01
  4.2869386E-03  4.02465129840934743E-01
  4.3414295E-03  4.02464545419439101E-01
  4.3964092E-03  4.02463948274284056E-01
  4.4518823E-03  4.02463338156517414E-01
  4.5078530E-03  4.02462714812171773E-01
  4.5643260E-03  4.02462077983023692E-01
  4.6213056E-03  4.02461427406062666E-01
  4.6787964E-03  4.02460762813024675E-01
  4.7368031E-03  4.02460083930825330E-01
  4.7953302E-03  4.02459390481022583E-01
  4.8543824E-03  4.02458682180386773E-01
  4.9139644E-03  4.02457958740268795E-01
  4.9740810E-03  4.02457219866225124E-01
  5.0347370E-03  4.02456465258952956E-01
  5.0959372E-03  4.02455694613142678E-01
  5.1576864E-03  4.02454907617842916E-01
  5.2199898E-03  4.02454103956281894E-01
  5.2828521E-03  4.02453283306002274E-01
  5.3462784E-03  4.02452445338628340E-01
  5.4102737E-03  4.02451589718838210E-01
  5.4748433E-03  4.02450716106037665E-01
  5.5399922E-03  4.02449824153080116E-01
  5.6057256E-03  4.02448913505736194E-01
  5.6720487E-03  4.02447983803906228E-01
  5.7389669E-03  4.02447034680705806E-01
  5.8064856E-03  4.02446065761897287E-01
  5.8746100E-03  4.02445076666800350E-01
  5.9433456E-03  4.02444067007745931E-01
  6.0126979E-03  4.02443036389018294E-01
  6.0826725E-03  4.02441984408601128E-01
  6.1532749E-03  4.02440910656718387E-01
  6.2245107E-03  4.02439814715483846E-01
  6.2963857E-03  4.02438696159645282E-01
  6.3689055E-03  4.02437554556152044E-01
  6.4420760E-03  4.02436389463973254E-01
  6.5159030E-03  4.02435200433228002E-01
  6.5903924E-03  4.02433987006752203E-01
  6.6655501E-03  4.02432748718133004E-01
  6.7413821E-03  4.02431485092124674E-01
  6.8178945E-03  4.02430195646008404E-01
  6.8950934E-03  4.02428879886590152E-01
  6.9729849E-03  4.02427537311944084E-01
  7.0515753E-03  4.02426167411821745E-01
  7.1308708E-03  4.02424769665457205E-01
  7.2108777E-03  4.02423343542590795E-01
  7.2916025E-03  4.02421888503646963E-01
  7.3730515E-03  4.02420403998716147E-01
  7.4552314E-03  4.02418889467976104E-01
  7.5381485E-03  4.02417344340828709E-01
  7.6218096E-03  4.02415768036306021E-01
  7.7062213E-03  4.02414159963370710E-01
  7.7913903E-03  4.02412519519176670E-01
  7.8773235E-03  4.02410846089784113E-01
  7.9640277E-03  4.02409139050888320E-01
  8.0515098E-03  4.02407397765727537E-01
  8.1397768E-03  4.02405621585681994E-01
  8.2288358E-03  4.02403809851289818E-01
  8.3186938E-03  4.02401961889854720E-01
  8.4093580E-03  4.02400077016382252E-01
  8.5008357E-03  4.02398154534165164E-01
  8.5931341E-03  4.02396193732662555E-01
  8.6862606E-03  4.02394193888384266E-01
  8.7802227E-03  4.02392154265142188E-01
  8.8750278E-03  4.02390074112676799E-01
  8.9706835E-03  4.02387952666804438E-01
  9.0671975E-03  4.02385789149932394E-01
  9.1645773E-03  4.02383582769677284E-01
  9.2628309E-03  4.02381332718889539E-01
  9.3619661E-03  4.02379038175968595E-01
  9.4619906E-03  4.02376698303911706E-01
  9.5629126E-03  4.02374312251153665E-01
  9.6647401E-03  4.02371879149350409E-01
  9.7674812E-03  4.02369398114566790E-01
  9.8711441E-03  4.02366868247129916E-01
  9.9757371E-03  4.02364288630049360E-01
  1.0081269E-02  4.02361658330580962E-01
  1.0187747E-02  4.02358976397861889E-01
  1.0295180E-02  4.02356241863431163E-01
  1.0403578E-02  4.02353453742407996E-01
  1.0512948E-02  4.02350611030832139E-01
  1.0623299E-02  4.02347712705640792E-01
  1.0734641E-02  4.02344757727006730E-01
  1.0846981E-02  4.02341745034683784E-01
  1.0960329E-02  4.02338673548240933E-01
  1.1074694E-02  4.02335542169530824E-01
  1.1190086E-02  4.02332349778825760E-01
  1.1306513E-02  4.02329095236105383E-01
  1.1423984E-02  4.02325777380975358E-01
  1.1542509E-02  4.02322395030711710E-01
  1.1662098E-02  4.02318946982402614E-01
  1.1782759E-02  4.02315432010144414E-01
  1.1904503E-02  4.02311848865473276E-01
  1.2027340E-02  4.02308196278120478E-01
  1.2151279E-02  4.02304472953251557E-01
  1.2276329E-02  4.02300677573344201E-01
  1.2402502E-02  4.02296808796721750E-01
  1.2529806E-02  4.02292865256142218E-01
  1.2658253E-02  4.02288845560679231E-01
  1.2787852E-02  4.02284748293613548E-01
  1.2918614E-02  4.02280572011740278E-01
  1.3050550E-02  4.02276315246188565E-01
  1.3183669E-02  4.02271976500882700E-01
  1.3317982E-02  4.02267554252659143E-01
  1.3453500E-02  4.02263046950467218E-01
  1.3590235E-02  4.02258453014745054E-01
  1.3728196E-02  4.02253770837448454E-01
  1.3867395E-02  4.02248998781003952E-01
  1.4007842E-02  4.02244135177939666E-01
  1.4149550E-02  4.02239178330402181E-01
  1.4292530E-02  4.02234126509530998E-01
  1.4436792E-02  4.02228977955397304E-01
  1.4582348E-02  4.02223730875351237E-01
  1.4729211E-02  4.02218383443931515E-01
  1.4877391E-02  4.02212933803364536E-01
  1.5026900E-02  4.02207380061304520E-01
  1.5177751E-02  4.02201720291022746E-01
  1.5329956E-02  4.02195952531116063E-01
  1.5483526E-02  4.02190074783661644E-01
  1.5638474E-02  4.02184085014907156E-01
  1.5794812E-02  4.02177981154542064E-01
  1.5952553E-02  4.02171761093638613E-01
  1.6111709E-02  4.02165422685134111E-01
  1.6272293E-02  4.02158963743590447E-01
  1.6434317E-02  4.02152382043262480E-01
  1.6597796E-02  4.02145675317495732E-01
  1.6762741E-02  4.02138841259358837E-01
  1.6929166E-02  4.02131877519489422E-01
  1.7097085E-02  4.02124781705899881E-01
  1.7266510E-02  4.02117551383302241E-01
  1.7437455E-02  4.02110184071626742E-01
  1.7609933E-02  4.02102677246392759E-01
  1.7783960E-02  4.02095028336884930E-01
  1.7959547E-02  4.02087234726129839E-01
  1.8136710E-02  4.02079293749150357E-01
  1.8315463E-02  4.02071202692715901E-01
  1.8495819E-02  4.02062958794687009E-01
  1.8677794E-02  4.02054559242356280E-01
  1.8861401E-02  4.02046001172583101E-01
  1.9046656E-02  4.02037281669598734E-01
  1.9233572E-02  4.02028397765382683E-01
  1.9422166E-02  4.02019346437951508E-01
  1.9612452E-02  4.02010124609857744E-01
  1.9804445E-02  4.02000729148831337E-01
  1.9998161E-02  4.01991156865908583E-01
  2.0193614E-02  4.01981404513447327E-01
  2.0390822E-02  4.01971468785357444E-01
  2.0589798E-02  4.01961346316568546E-01
  2.0790560E-02  4.01951033679739833E-01
  2.0993124E-02  4.01940527385984347E-01
  2.1197504E-02  4.01929823883926507E-01
  2.1403719E-02  4.01918919557080756E-01
  2.1611783E-02  4.01907810724259185E-01
  2.1821714E-02  4.01896493637146746E-01
  2.2033529E-02  4.01884964479336082E-01
  2.2247245E-02  4.01873219366646384E-01
  2.2462877E-02  4.01861254343895191E-01
  2.2680445E-02  4.01849065384235704E-01
  2.2899964E-02  4.01836648388638196E-01
  2.3121453E-02  4.01823999183649139E-01
  2.3344929E-02  4.01811113520721630E-01
  2.3570411E-02  4.01797987074337781E-01
  2.3797915E-02  4.01784615441128146E-01
  2.4027461E-02  4.01770994138245852E-01
  2.4259066E-02  4.01757118601733965E-01
  2.4492749E-02  4.01742984185829655E-01
  2.4728528E-02  4.01728586160394197E-01
  2.4966423E-02  4.01713919710174838E-01
  2.5206453E-02  4.01698979933618916E-01
  2.5448636E-02  4.01683761840258280E-01
  2.5692992E-02  4.01668260349736905E-01
  2.5939540E-02  4.01652470290766672E-01
  2.6188301E-02  4.01636386398467549E-01
  2.6439293E-02  4.01620003312959828E-01
  2.6692537E-02  4.01603315578457021E-01
  2.6948054E-02  4.01586317640983959E-01
  2.7205863E-02  4.01569003846082240E-01
  2.7465985E-02  4.01551368437826239E-01
  2.7728441E-02  4.01533405557447043E-01
  2.7993251E-02  4.01515109240141943E-01
  2.8260438E-02  4.01496473413733734E-01
  2.8530022E-02  4.01477491897434702E-01
  2.8802024E-02  4.01458158400148757E-01
  2.9076467E-02  4.01438466516504056E-01
  2.9353372E-02  4.01418409725789849E-01
  2.9632762E-02  4.01397981392238645E-01
  2.9914659E-02  4.01377174760004229E-01
  3.0199084E-02  4.01355982951249968E-01
  3.0486062E-02  4.01334398965857153E-01
  3.0775614E-02  4.01312415678364898E-01
  3.1067764E-02  4.01290025834861619E-01
  3.1362536E-02  4.01267222051588823E-01
  3.1659952E-02  4.01243996812699455E-01
  3.1960037E-02  4.01220342468199986E-01
  3.2262814E-02  4.01196251231184076E-01
  3.2568307E-02  4.01171715174313714E-01
  3.2876542E-02  4.01146726229333117E-01
  3.3187542E-02  4.01121276183725561E-01
  3.3501332E-02  4.01095356677836967E-01
  3.3817938E-02  4.01068959203225606E-01
  3.4137384E-02  4.01042075098659745E-01
  3.4459696E-02  4.01014695548288669E-01
  3.4784901E-02  4.00986811579440494E-01
  3.5113023E-02  4.00958414059305102E-01
  3.5444088E-02  4.00929493691633221E-01
  3.5778125E-02  4.00900041014701447E-01
  3.6115158E-02  4.00870046397762803E-01
  3.6455215E-02  4.00839500038851770E-01
  3.6798324E-02  4.00808391961891830E-01
  3.7144510E-02  4.00776712011497172E-01
  3.7493803E-02  4.00744449852544704E-01
  3.7846230E-02  4.00711594966948303E-01
  3.8201818E-02  4.00678136647933392E-01
  3.8560597E-02  4.00644063998730260E-01
  3.8922595E-02  4.00609365929712580E-01
  3.9287841E-02  4.00574031153081267E-01
  3.9656364E-02  4.00538048181237061E-01
  4.0028193E-02  4.00501405322876758E-01
  4.0403359E-02  4.00464090678761542E-01
  4.0781890E-02  4.00426092138678247E-01
  4.1163818E-02  4.00387397377532039E-01
  4.1549172E-02  4.00347993852496142E-01
  4.1937984E-02  4.00307868797998012E-01
  4.2330284E-02  4.00267009222361358E-01
  4.2726104E-02  4.00225401904293510E-01
  4.3125475E-02  4.00183033388263554E-01
  4.3528430E-02  4.00139889981483698E-01
  4.3935000E-02  4.00095957748342779E-01
  4.4345218E-02  4.00051222507350701E-01
  4.4759116E-02  4.00005669827654398E-01
  4.5176728E-02  3.99959285021836697E-01
  4.5598086E-02  3.99912053144333146E-01
  4.6023225E-02  3.99863958986934998E-01
  4.6452179E-02  3.99814987072082684E-01
  4.6884981E-02  3.99765121650360045E-01
  4.7321666E-02  3.99714346695017431E-01
  4.7762270E-02  3.99662645897108371E-01
  4.8206826E-02  3.99610002661558272E-01
  4.8655371E-02  3.99556400101045595E-01
  4.9107941E-02  3.99501821031748472E-01
  4.9564570E-02  3.99446247968282264E-01
  5.0025297E-02  3.99389663118541405E-01
  5.0490158E-02  3.99332048378585491E-01
  5.0959189E-02  3.99273385327155783E-01
  5.1432429E-02  3.99213655220393815E-01
  5.1909914E-02  3.99152838985837588E-01
  5.2391684E-02  3.99090917218362318E-01
  5.2877776E-02  3.99027870173628063E-01
  5.3368229E-02  3.98963677761472180E-01
  5.3863083E-02  3.98898319541385993E-01
  5.4362376E-02  3.98831774716871423E-01
  5.4866150E-02  3.98764022128346995E-01
  5.5374443E-02  3.98695040247476318E-01
  5.5887297E-02  3.98624807171433504E-01
  5.6404752E-02  3.98553300615769823E-01
  5.6926849E-02  3.98480497909311504E-01
  5.7453631E-02  3.98406375986579464E-01
  5.7985140E-02  3.98330911381870822E-01
  5.8521417E-02  3.98254080222125884E-01
  5.9062506E-02  3.98175858220104706E-01
  5.9608449E-02  3.98096220669160172E-01
  6.0159291E-02  3.98015142433307045E-01
  6.0715075E-02  3.97932597942842192E-01
  6.1275845E-02  3.97848561186559813E-01
  6.1841647E-02  3.97763005702477412E-01
  6.2412525E-02  3.97675904573393080E-01
  6.2988525E-02  3.97587230417857540E-01
  6.3569693E-02  3.97496955382024286E-01
  6.4156076E-02  3.97405051133374931E-01
  6.4747719E-02  3.97311488852375161E-01
  6.5344671E-02  3.97216239223019574E-01
  6.5946979E-02  3.97119272426881942E-01
  6.6554690E-02  3.97020558134762225E-01
  6.7167854E-02  3.96920065496540020E-01
  6.7786520E-02  3.96817763134354962E-01
  6.8410736E-02  3.96713619133570450E-01
  6.9040553E-02  3.96607601034191792E-01
  6.9676020E-02  3.96499675822519437E-01
  7.0317189E-02  3.96389809921124880E-01
  7.0964111E-02  3.96277969180039713E-01
  7.1616837E-02  3.96164118869243576E-01
  7.2275419E-02  3.96048223667099131E-01
  7.2939911E-02  3.95930247651725631E-01
  7.3610364E-02  3.95810154292875693E-01
  7.4286832E-02  3.95687906439617765E-01
  7.4969370E-02  3.95563466311931067E-01
  7.5658031E-02  3.95436795491402981E-01
  7.6352872E-02  3.95307854909918155E-01
  7.7053946E-02  3.95176604839825474E-01
  7.7761311E-02  3.95043004883383952E-01
  7.8475022E-02  3.94907013962203735E-01
  7.9195137E-02  3.94768590307782552E-01
  7.9921712E-02  3.94627691448796836E-01
  8.0654807E-02  3.94484274200105733E-01
  8.1394479E-02  3.94338294654162980E-01
  8.2140787E-02  3.94189708167612340E-01
  8.2893791E-02  3.94038469349177356E-01
  8.3653552E-02  3.93884532050440106E-01
  8.4420129E-02  3.93727849352846104E-01
  8.5193584E-02  3.93568373555005402E-01
  8.5973978E-02  3.93406056162134088E-01
  8.6761374E-02  3.93240847872788069E-01
  8.7555835E-02  3.93072698567475065E-01
  8.8357424E-02  3.92901557295763704E-01
  8.9166204E-02  3.92727372262151597E-01
  8.9982242E-02  3.92550090815463493E-01
  9.0805600E-02  3.92369659435170270E-01
  9.1636346E-02  3.92186023716761534E-01
  9.2474546E-02  3.91999128360137561E-01
  9.3320266E-02  3.91808917155917369E-01
  9.4173574E-02  3.91615332970202179E-01
  9.5034538E-02  3.91418317732481591E-01
  9.5903226E-02  3.91217812420759314E-01
  9.6779709E-02  3.91013757046940469E-01
  9.7664055E-02  3.90806090644119031E-01
  9.8556336E-02  3.90594751249560168E-01
  9.9456622E-02  3.90379675891133981E-01
  1.0036499E-01  3.90160800573380040E-01
  1.0128150E-01  3.89938060260559771E-01
  1.0220624E-01  3.89711388862378993E-01
  1.0313927E-01  3.89480719218096461E-01
  1.0408068E-01  3.89245983081084546E-01
  1.0503053E-01  3.89007111102269987E-01
  1.0598890E-01  3.88764032814877702E-01
  1.0695587E-01  3.88516676618375745E-01
  1.0793152E-01  3.88264969760217182E-01
  1.0891592E-01  3.88008838320345883E-01
  1.0990916E-01  3.87748207194722139E-01
  1.1091130E-01  3.87483000077806505E-01
  1.1192244E-01  3.87213139444476107E-01
  1.1294265E-01  3.86938546533612093E-01
  1.1397201E-01  3.86659141329104949E-01
  1.1501061E-01  3.86374842542880292E-01
  1.1605852E-01  3.86085567597241774E-01
  1.1711584E-01  3.85791232604321965E-01
  1.1818265E-01  3.85491752349393535E-01
  1.1925902E-01  3.85187040271175341E-01
  1.2034506E-01  3.84877008442605140E-01
  1.2144083E-01  3.84561567552407113E-01
  1.2254644E-01  3.84240626884255032E-01
  1.2366197E-01  3.83914094297642283E-01
  1.2478751E-01  3.83581876208041905E-01
  1.2592314E-01  3.83243877565622837E-01
  1.2706897E-01  3.82900001836029735E-01
  1.2822507E-01  3.82550150978750336E-01
  1.2939155E-01  3.82194225425444623E-01
  1.3056849E-01  3.81832124060118405E-01
  1.3175600E-01  3.81463744196518573E-01
  1.3295415E-01  3.81088981556179929E-01
  1.3416306E-01  3.80707730246679810E-01
  1.3538282E-01  3.80319882739169168E-01
  1.3661351E-01  3.79925329845484994E-01
  1.3785525E-01  3.79523960694852835E-01
  1.3910813E-01  3.79115662711605128E-01
  1.4037226E-01  3.78700321590692945E-01
  1.4164772E-01  3.78277821273915682E-01
  1.4293463E-01  3.77848043925894383E-01
  1.4423308E-01  3.77410869909468816E-01
  1.4554318E-01  3.76966177761401011E-01
  1.4686504E-01  3.76513844166597500E-01
  1.4819876E-01  3.76053743932610707E-01
  1.4954444E-01  3.75585749963743831E-01
  1.5090220E-01  3.75109733236436593E-01
  1.5227214E-01  3.74625562771417564E-01
  1.5365437E-01  3.74133105605735927E-01
  1.5504900E-01  3.73632226768400910E-01
  1.5645615E-01  3.73122789251658205E-01
  1.5787592E-01  3.72604653981853384E-01
  1.5930843E-01  3.72077679793177907E-01
  1.6075379E-01  3.71541723398296386E-01
  1.6221212E-01  3.70996639359018887E-01
  1.6368353E-01  3.70442280057570683E-01
  1.6516814E-01  3.69878495666206619E-01
  1.6666608E-01  3.69305134118539713E-01
  1.6817745E-01  3.68722041077864826E-01
  1.6970239E-01  3.68129059905729472E-01
  1.7124101E-01  3.67526031632826544E-01
  1.7279343E-01  3.66912794925794483E-01
  1.7435978E-01  3.66289186055741789E-01
  1.7594018E-01  3.65655038866233018E-01
  1.7753476E-01  3.65010184738888854E-01
  1.7914365E-01  3.64354452562612785E-01
  1.8076698E-01  3.63687668699526789E-01
  1.8240487E-01  3.63009656949800696E-01
  1.8405745E-01  3.62320238518198889E-01
  1.8572487E-01  3.61619231980040368E-01
  1.8740724E-01  3.60906453246311820E-01
  1.8910470E-01  3.60181715526966095E-01
  1.9081740E-01  3.59444829296734270E-01
  1.9254546E-01  3.58695602259491375E-01
  1.9428903E-01  3.57933839310500213E-01
  1.9604824E-01  3.57159342501621846E-01
  1.9782324E-01  3.56371911003782516E-01
  1.9961416E-01  3.55571341069745472E-01
  2.0142115E-01  3.54757425998118270E-01
  2.0324435E-01  3.53929956094787945E-01
  2.0508391E-01  3.53088718636328625E-01
  2.0693997E-01  3.52233497831936249E-01
  2.0881269E-01  3.51364074785880165E-01
  2.1070221E-01  3.50480227460621019E-01
  2.1260868E-01  3.49581730637900268E-01
  2.1453225E-01  3.48668355881735059E-01
  2.1647309E-01  3.47739871501874909E-01
  2.1843134E-01  3.46796042515196246E-01
  2.2040716E-01  3.45836630609317519E-01
  2.2240070E-01  3.44861394106756702E-01
  2.2441213E-01  3.43870087927153512E-01
  2.2644161E-01  3.42862463552978725E-01
  2.2848930E-01  3.41838268993705563E-01
  2.3055536E-01  3.40797248751358917E-01
  2.3263996E-01  3.39739143788036380E-01
  2.3474326E-01  3.38663691491431329E-01
  2.3686543E-01  3.37570625644061151E-01
  2.3900664E-01  3.36459676393405405E-01
  2.4116706E-01  3.35330570221908431E-01
  2.4334687E-01  3.34183029919400576E-01
  2.4554623E-01  3.33016774557102102E-01
  2.4776533E-01  3.31831519463563263E-01
  2.5000433E-01  3.30626976202494871E-01
  2.5226343E-01  3.29402852551919867E-01
  2.5454279E-01  3.28158852486796937E-01
  2.5684261E-01  3.26894676164750875E-01
  2.5916306E-01  3.25610019912626003E-01
  2.6150432E-01  3.24304576217667229E-01
  2.6386660E-01  3.22978033721899427E-01
  2.6625007E-01  3.21630077219746124E-01
  2.6865492E-01  3.20260387660009416E-01
  2.7108135E-01  3.18868642151028336E-01
  2.7352955E-01  3.17454513972060648E-01
  2.7599972E-01  3.16017672588171761E-01
  2.7849204E-01  3.14557783670613711E-01
  2.8100673E-01  3.13074509123774214E-01
  2.8354399E-01  3.11567507116543463E-01
  2.8610400E-01  3.10036432121699401E-01
  2.8868699E-01  3.08480934961118614E-01
  2.9129315E-01  3.06900662858485940E-01
  2.9392269E-01  3.05295259500353189E-01
  2.9657583E-01  3.03664365104684419E-01
  2.9925277E-01  3.02007616498854492E-01
  3.0195372E-01  3.00324647206617334E-01
  3.0467891E-01  2.98615087545283986E-01
  3.0742856E-01  2.96878564732584671E-01
  3.1020287E-01  2.95114703005728007E-01
  3.1300207E-01  2.93323123752110837E-01
  3.1582639E-01  2.91503445650898418E-01
  3.1867605E-01  2.89655284829055393E-01
  3.2155127E-01  2.87778255031318042E-01
  3.2445229E-01  2.85871967803292715E-01
  3.2737934E-01  2.83936032690468965E-01
  3.3033266E-01  2.81970057453810097E-01
  3.3331247E-01  2.79973648300883005E-01
  3.3631901E-01  2.77946410135009980E-01
  3.3935253E-01  2.75887946822978292E-01
  3.4241327E-01  2.73797861481924587E-01
  3.4550147E-01  2.71675756785760281E-01
  3.4861737E-01  2.69521235292958572E-01
  3.5176123E-01  2.67333899796419416E-01
  3.5493330E-01  2.65113353695149101E-01
  3.5813383E-01  2.62859201390585384E-01
  3.6136308E-01  2.60571048707053055E-01
  3.6462129E-01  2.58248503337485447E-01
  3.6790875E-01  2.55891175316170449E-01
  3.7122569E-01  2.53498677518753379E-01
  3.7457240E-01  2.51070626190409096E-01
  3.7794913E-01  2.48606641503315740E-01
  3.8135616E-01  2.46106348144978698E-01
  3.8479376E-01  2.43569375937385924E-01
  3.8826220E-01  2.40995360488115706E-01
  3.9176176E-01  2.38383943875081994E-01
  3.9529272E-01  2.35734775364876831E-01
  3.9885536E-01  2.33047512166109194E-01
  4.0244996E-01  2.30321820218526513E-01
  4.0607682E-01  2.27557375018470426E-01
  4.0973621E-01  2.24753862481794964E-01
  4.1342844E-01  2.21910979844740036E-01
  4.1715379E-01  2.19028436603424081E-01
  4.2091257E-01  2.16105955492599755E-01
  4.2470507E-01  2.13143273504352720E-01
  4.2853160E-01  2.10140142947195269E-01
  4.3239247E-01  2.07096332545407769E-01
  4.3628797E-01  2.04011628579690879E-01
  4.4021842E-01  2.00885836069031126E-01
  4.4418414E-01  1.97718779993477423E-01
  4.4818544E-01  1.94510306558381224E-01
  4.5222263E-01  1.91260284499616739E-01
  4.5629605E-01  1.87968606429399443E-01
  4.6040602E-01  1.84635190222552620E-01
  4.6455286E-01  1.81259980442427138E-01
  4.6873691E-01  1.77842949805473105E-01
  4.7295850E-01  1.74384100683977000E-01
  4.7721796E-01  1.70883466645606330E-01
  4.8151565E-01  1.67341114028069032E-01
  4.8585189E-01  1.63757143547883149E-01
  4.9022703E-01  1.60131691941192589E-01
  4.9464143E-01  1.56464933634423764E-01
  4.9909544E-01  1.52757082442913500E-01
  5.0358941E-01  1.49008393294743774E-01
  5.0812370E-01  1.45219163977002297E-01
  5.1269867E-01  1.41389736901510993E-01
  5.1731468E-01  1.37520500886707975E-01
  5.2197212E-01  1.33611892952002015E-01
  5.2667134E-01  1.29664400120788226E-01
  5.3141272E-01  1.25678561227936664E-01
  5.3619664E-01  1.21654968727278573E-01
  5.4102349E-01  1.17594270494348549E-01
  5.4589364E-01  1.13497171619380166E-01
  5.5080749E-01  1.09364436185164671E-01
  5.5576542E-01  1.05196889024277804E-01
  5.6076784E-01  1.00995417449731395E-01
  5.6581514E-01  9.67609729530063967E-02
  5.7090772E-01  9.24945728630577613E-02
  5.7604600E-01  8.81973019597974139E-02
  5.8123038E-01  8.38703140352192594E-02
  5.8646127E-01  7.95148333952675063E-02
  5.9173909E-01  7.51321562953588123E-02
  5.9706427E-01  7.07236523023526131E-02
  6.0243723E-01  6.62907655756888037E-02
  6.0785839E-01  6.18350160603864940E-02
  6.1332819E-01  5.73580005845919921E-02
  6.1884707E-01  5.28613938543771103E-02
  6.2441546E-01  4.83469493386681978E-02
  6.3003382E-01  4.38165000372268826E-02
  6.3570258E-01  3.92719591248854860E-02
  6.4142220E-01  3.47153204654881767E-02
  6.4719314E-01  3.01486589892405524E-02
  6.5301586E-01  2.55741309276272012E-02
  6.5889082E-01  2.09939739004024080E-02
  6.6481849E-01  1.64105068497607497E-02
  6.7079934E-01  1.18261298172225044E-02
  6.7683386E-01  7.24332355947916555E-03
  6.8292251E-01  2.66464899997220870E-03
  6.8906580E-01 -1.90725348616685290E-03
  6.9526420E-01 -6.46966495550791408E-03
  7.0151822E-01 -1.10197889490662865E-02
  7.0782835E-01 -1.55547527143674539E-02
  7.1419509E-01 -2.00716085960798082E-02
  7.2061896E-01 -2.45673355938619067E-02
  7.2710046E-01 -2.90388410848958535E-02
  7.3364012E-01 -3.34829627074717459E-02
  7.4023844E-01 -3.78964704023205465E-02
  7.4689598E-01 -4.22760686063819238E-02
  7.5361324E-01 -4.66183985933394454E-02
  7.6039077E-01 -5.09200409555000677E-02
  7.6722911E-01 -5.51775182196920094E-02
  7.7412880E-01 -5.93872975899282021E-02
  7.8109040E-01 -6.35457938104009301E-02
  7.8811446E-01 -6.76493721405148768E-02
  7.9520154E-01 -7.16943514339625360E-02
  8.0235220E-01 -7.56770073153898576E-02
  8.0956703E-01 -7.95935754475060875E-02
  8.1684658E-01 -8.34402548812993167E-02
  8.2419145E-01 -8.72132114843852946E-02
  8.3160221E-01 -9.09085814429693162E-02
  8.3907947E-01 -9.45224748332688935E-02
  8.4662381E-01 -9.80509792612234976E-02
  8.5423585E-01 -1.01490163569389585E-01
  8.6191617E-01 -1.04836081613247298E-01
  8.6966541E-01 -1.08084776111294883E-01
  8.7748417E-01 -1.11232282573546185E-01
  8.8537309E-01 -1.14274633318875593E-01
  8.9333278E-01 -1.17207861592909537E-01
  9.0136389E-01 -1.20028005799324169E-01
  9.0946706E-01 -1.22731113864341351E-01
  9.1764293E-01 -1.25313247754785584E-01
  9.2589215E-01 -1.27770488173352376E-01
  9.3421539E-01 -1.30098939459977830E-01
  9.4261330E-01 -1.32294734729247215E-01
  9.5108656E-01 -1.34354041279511532E-01
  9.5963584E-01 -1.36273066310948598E-01
  9.6826183E-01 -1.38048062993232745E-01
  9.7696522E-01 -1.39675336928204830E-01
  9.8574668E-01 -1.41151253052777897E-01
  9.9460694E-01 -1.42472243032852719E-01
  1.0035467E+00 -1.43634813199821937E-01
  1.0125667E+00 -1.44635553082765711E-01
  1.0216675E+00 -1.45471144592782375E-01
  1.0308501E+00 -1.46138371914035947E-01
  1.0401150E+00 -1.46634132160372160E-01
  1.0494631E+00 -1.46955446854464766E-01
  1.0588950E+00 -1.47099474282969933E-01
  1.0684116E+00 -1.47063522786375800E-01
  1.0780135E+00 -1.46845065036502048E-01
  1.0877016E+00 -1.46441753349752402E-01
  1.0974766E+00 -1.45851436086018055E-01
  1.1073393E+00 -1.45072175175074564E-01
  1.1172905E+00 -1.44102264807541625E-01
  1.1273310E+00 -1.42940251323950884E-01
  1.1374616E+00 -1.41584954323483558E-01
  1.1476830E+00 -1.40035489008967867E-01
  1.1579962E+00 -1.38291289774465948E-01
  1.1684019E+00 -1.36352135029054883E-01
  1.1789009E+00 -1.34218173239259886E-01
  1.1894942E+00 -1.31889950155600649E-01
  1.2001825E+00 -1.29368437175296364E-01
  1.2109667E+00 -1.26655060773118666E-01
  1.2218477E+00 -1.23751732908762430E-01
  1.2328262E+00 -1.20660882298290112E-01
  1.2439033E+00 -1.17385486406480166E-01
  1.2550798E+00 -1.13929103988681626E-01
  1.2663565E+00 -1.10295907973305407E-01
  1.2777345E+00 -1.06490718431541273E-01
  1.2892145E+00 -1.02519035340272638E-01
  1.3007975E+00 -9.83870707865200922E-02
  1.3124844E+00 -9.41017802013047605E-02
  1.3242762E+00 -8.96708921396610903E-02
  1.3361738E+00 -8.51029360459643613E-02
  1.3481781E+00 -8.04072673524925813E-02
  1.3602901E+00 -7.55940891588385427E-02
  1.3725108E+00 -7.06744696318502147E-02
  1.3848412E+00 -6.56603541440615029E-02
  1.3972822E+00 -6.05645710483951744E-02
  1.4098348E+00 -5.54008298726669721E-02
  1.4225000E+00 -5.01837106198362790E-02
  1.4352789E+00 -4.49286428017916170E-02
  1.4481724E+00 -3.96518860192792769E-02
  1.4611816E+00 -3.43733678807458740E-02
  1.4743075E+00 -2.90713602921876049E-02
  1.4875511E+00 -2.38268627881458583E-02
  1.5009137E+00 -1.91080684038313110E-02
  1.5143960E+00 -1.52360514847527714E-02
  1.5279994E+00 -1.19322012904087751E-02
  1.5417248E+00 -8.96227467424449281E-03
  1.5555734E+00 -6.37802262159078807E-03
  1.5695462E+00 -4.24518700973470185E-03
  1.5836444E+00 -2.61780542313673828E-03
  1.5978690E+00 -1.55524898294260422E-03
  1.6122213E+00 -1.10464210537356564E-03
  1.6267024E+00 -1.05742855231934500E-03
  1.6413133E+00 -9.59678004462753784E-04
  1.6560554E+00 -8.08545829147490065E-04
  1.6709298E+00 -5.96093737376621256E-04
  1.6859376E+00 -3.12856503917290139E-04
  1.7010800E+00  0.00000000000000000E+00
  1.7163583E+00  0.00000000000000000E+00
  1.7317737E+00  0.00000000000000000E+00
  1.7473274E+00  0.00000000000000000E+00
  1.7630207E+00  0.00000000000000000E+00
  1.7788547E+00  0.00000000000000000E+00
  1.7948308E+00  0.00000000000000000E+00
  1.8109503E+00  0.00000000000000000E+00
  1.8272143E+00  0.00000000000000000E+00
  1.8436243E+00  0.00000000000000000E+00
  1.8601816E+00  0.00000000000000000E+00
