 # l=           1 basis function with energy     4.5000000000000000     
  0.0000E+00  0.0000E+00 -0.0000E+00  0.0000E+00
  2.6339E-06  5.2616E-09 -5.0659E-11 -3.3790E-10
  5.2839E-06  1.7554E-08 -2.0387E-10 -1.3598E-09
  7.9500E-06  3.5614E-08 -4.6150E-10 -3.0782E-09
  1.0632E-05  5.8941E-08 -8.2546E-10 -5.5058E-09
  1.3331E-05  8.7252E-08 -1.2977E-09 -8.6554E-09
  1.6046E-05  1.2036E-07 -1.8801E-09 -1.2540E-08
  1.8777E-05  1.5813E-07 -2.5746E-09 -1.7173E-08
  2.1526E-05  2.0049E-07 -3.3834E-09 -2.2567E-08
  2.4290E-05  2.4737E-07 -4.3084E-09 -2.8737E-08
  2.7072E-05  2.9873E-07 -5.3516E-09 -3.5696E-08
  2.9871E-05  3.5453E-07 -6.5153E-09 -4.3457E-08
  3.2686E-05  4.1478E-07 -7.8014E-09 -5.2036E-08
  3.5519E-05  4.7945E-07 -9.2122E-09 -6.1446E-08
  3.8369E-05  5.4855E-07 -1.0750E-08 -7.1702E-08
  4.1236E-05  6.2208E-07 -1.2417E-08 -8.2819E-08
  4.4121E-05  7.0007E-07 -1.4215E-08 -9.4811E-08
  4.7023E-05  7.8253E-07 -1.6146E-08 -1.0770E-07
  4.9943E-05  8.6948E-07 -1.8214E-08 -1.2148E-07
  5.2881E-05  9.6094E-07 -2.0419E-08 -1.3620E-07
  5.5836E-05  1.0570E-06 -2.2766E-08 -1.5185E-07
  5.8810E-05  1.1575E-06 -2.5255E-08 -1.6845E-07
  6.1802E-05  1.2627E-06 -2.7890E-08 -1.8602E-07
  6.4811E-05  1.3726E-06 -3.0672E-08 -2.0458E-07
  6.7840E-05  1.4871E-06 -3.3605E-08 -2.2415E-07
  7.0886E-05  1.6064E-06 -3.6691E-08 -2.4473E-07
  7.3951E-05  1.7305E-06 -3.9933E-08 -2.6635E-07
  7.7035E-05  1.8593E-06 -4.3333E-08 -2.8903E-07
  8.0137E-05  1.9931E-06 -4.6893E-08 -3.1278E-07
  8.3259E-05  2.1317E-06 -5.0618E-08 -3.3762E-07
  8.6399E-05  2.2754E-06 -5.4508E-08 -3.6357E-07
  8.9558E-05  2.4240E-06 -5.8567E-08 -3.9064E-07
  9.2737E-05  2.5778E-06 -6.2798E-08 -4.1886E-07
  9.5935E-05  2.7367E-06 -6.7204E-08 -4.4825E-07
  9.9152E-05  2.9007E-06 -7.1787E-08 -4.7882E-07
  1.0239E-04  3.0701E-06 -7.6551E-08 -5.1060E-07
  1.0565E-04  3.2447E-06 -8.1498E-08 -5.4359E-07
  1.0892E-04  3.4248E-06 -8.6632E-08 -5.7783E-07
  1.1222E-04  3.6102E-06 -9.1954E-08 -6.1334E-07
  1.1554E-04  3.8012E-06 -9.7470E-08 -6.5012E-07
  1.1887E-04  3.9978E-06 -1.0318E-07 -6.8822E-07
  1.2223E-04  4.2000E-06 -1.0909E-07 -7.2764E-07
  1.2561E-04  4.4079E-06 -1.1520E-07 -7.6840E-07
  1.2900E-04  4.6216E-06 -1.2152E-07 -8.1054E-07
  1.3242E-04  4.8412E-06 -1.2805E-07 -8.5406E-07
  1.3586E-04  5.0667E-06 -1.3478E-07 -8.9900E-07
  1.3932E-04  5.2982E-06 -1.4174E-07 -9.4538E-07
  1.4280E-04  5.5358E-06 -1.4891E-07 -9.9322E-07
  1.4631E-04  5.7796E-06 -1.5630E-07 -1.0425E-06
  1.4983E-04  6.0296E-06 -1.6392E-07 -1.0934E-06
  1.5337E-04  6.2859E-06 -1.7177E-07 -1.1457E-06
  1.5694E-04  6.5487E-06 -1.7985E-07 -1.1996E-06
  1.6053E-04  6.8179E-06 -1.8817E-07 -1.2551E-06
  1.6414E-04  7.0937E-06 -1.9673E-07 -1.3122E-06
  1.6777E-04  7.3762E-06 -2.0553E-07 -1.3709E-06
  1.7143E-04  7.6654E-06 -2.1458E-07 -1.4313E-06
  1.7510E-04  7.9614E-06 -2.2389E-07 -1.4933E-06
  1.7880E-04  8.2644E-06 -2.3345E-07 -1.5571E-06
  1.8252E-04  8.5744E-06 -2.4326E-07 -1.6226E-06
  1.8627E-04  8.8915E-06 -2.5335E-07 -1.6898E-06
  1.9003E-04  9.2159E-06 -2.6370E-07 -1.7589E-06
  1.9382E-04  9.5475E-06 -2.7432E-07 -1.8297E-06
  1.9764E-04  9.8865E-06 -2.8522E-07 -1.9024E-06
  2.0147E-04  1.0233E-05 -2.9640E-07 -1.9770E-06
  2.0533E-04  1.0587E-05 -3.0786E-07 -2.0534E-06
  2.0921E-04  1.0949E-05 -3.1961E-07 -2.1318E-06
  2.1312E-04  1.1319E-05 -3.3166E-07 -2.2122E-06
  2.1705E-04  1.1696E-05 -3.4400E-07 -2.2945E-06
  2.2100E-04  1.2082E-05 -3.5665E-07 -2.3789E-06
  2.2498E-04  1.2475E-05 -3.6961E-07 -2.4653E-06
  2.2898E-04  1.2877E-05 -3.8287E-07 -2.5538E-06
  2.3301E-04  1.3288E-05 -3.9646E-07 -2.6444E-06
  2.3706E-04  1.3706E-05 -4.1036E-07 -2.7371E-06
  2.4114E-04  1.4134E-05 -4.2459E-07 -2.8320E-06
  2.4524E-04  1.4570E-05 -4.3916E-07 -2.9292E-06
  2.4936E-04  1.5014E-05 -4.5406E-07 -3.0286E-06
  2.5351E-04  1.5468E-05 -4.6930E-07 -3.1302E-06
  2.5769E-04  1.5931E-05 -4.8488E-07 -3.2342E-06
  2.6189E-04  1.6403E-05 -5.0082E-07 -3.3405E-06
  2.6612E-04  1.6884E-05 -5.1712E-07 -3.4492E-06
  2.7037E-04  1.7375E-05 -5.3378E-07 -3.5603E-06
  2.7465E-04  1.7875E-05 -5.5080E-07 -3.6739E-06
  2.7895E-04  1.8385E-05 -5.6820E-07 -3.7899E-06
  2.8328E-04  1.8904E-05 -5.8598E-07 -3.9085E-06
  2.8764E-04  1.9434E-05 -6.0415E-07 -4.0297E-06
  2.9202E-04  1.9974E-05 -6.2270E-07 -4.1534E-06
  2.9643E-04  2.0523E-05 -6.4165E-07 -4.2798E-06
  3.0087E-04  2.1084E-05 -6.6100E-07 -4.4089E-06
  3.0533E-04  2.1654E-05 -6.8076E-07 -4.5407E-06
  3.0982E-04  2.2236E-05 -7.0093E-07 -4.6752E-06
  3.1434E-04  2.2828E-05 -7.2152E-07 -4.8126E-06
  3.1889E-04  2.3431E-05 -7.4254E-07 -4.9528E-06
  3.2346E-04  2.4045E-05 -7.6399E-07 -5.0958E-06
  3.2806E-04  2.4670E-05 -7.8588E-07 -5.2418E-06
  3.3269E-04  2.5307E-05 -8.0822E-07 -5.3908E-06
  3.3735E-04  2.5955E-05 -8.3100E-07 -5.5428E-06
  3.4204E-04  2.6615E-05 -8.5425E-07 -5.6978E-06
  3.4675E-04  2.7286E-05 -8.7796E-07 -5.8560E-06
  3.5149E-04  2.7970E-05 -9.0214E-07 -6.0173E-06
  3.5626E-04  2.8666E-05 -9.2680E-07 -6.1818E-06
  3.6106E-04  2.9374E-05 -9.5194E-07 -6.3495E-06
  3.6589E-04  3.0094E-05 -9.7758E-07 -6.5205E-06
  3.7075E-04  3.0828E-05 -1.0037E-06 -6.6948E-06
  3.7564E-04  3.1574E-05 -1.0304E-06 -6.8725E-06
  3.8056E-04  3.2333E-05 -1.0575E-06 -7.0537E-06
  3.8551E-04  3.3105E-05 -1.0852E-06 -7.2383E-06
  3.9049E-04  3.3891E-05 -1.1134E-06 -7.4265E-06
  3.9550E-04  3.4690E-05 -1.1422E-06 -7.6182E-06
  4.0054E-04  3.5502E-05 -1.1715E-06 -7.8136E-06
  4.0561E-04  3.6329E-05 -1.2013E-06 -8.0127E-06
  4.1071E-04  3.7170E-05 -1.2317E-06 -8.2154E-06
  4.1584E-04  3.8025E-05 -1.2627E-06 -8.4220E-06
  4.2100E-04  3.8894E-05 -1.2942E-06 -8.6325E-06
  4.2620E-04  3.9778E-05 -1.3264E-06 -8.8468E-06
  4.3142E-04  4.0677E-05 -1.3591E-06 -9.0651E-06
  4.3668E-04  4.1591E-05 -1.3924E-06 -9.2874E-06
  4.4197E-04  4.2520E-05 -1.4263E-06 -9.5137E-06
  4.4729E-04  4.3465E-05 -1.4609E-06 -9.7442E-06
  4.5264E-04  4.4425E-05 -1.4961E-06 -9.9789E-06
  4.5803E-04  4.5402E-05 -1.5319E-06 -1.0218E-05
  4.6345E-04  4.6394E-05 -1.5684E-06 -1.0461E-05
  4.6890E-04  4.7402E-05 -1.6055E-06 -1.0709E-05
  4.7439E-04  4.8427E-05 -1.6433E-06 -1.0961E-05
  4.7991E-04  4.9469E-05 -1.6817E-06 -1.1217E-05
  4.8546E-04  5.0528E-05 -1.7209E-06 -1.1478E-05
  4.9105E-04  5.1604E-05 -1.7607E-06 -1.1744E-05
  4.9667E-04  5.2697E-05 -1.8013E-06 -1.2014E-05
  5.0232E-04  5.3808E-05 -1.8425E-06 -1.2289E-05
  5.0801E-04  5.4937E-05 -1.8845E-06 -1.2569E-05
  5.1373E-04  5.6084E-05 -1.9272E-06 -1.2854E-05
  5.1949E-04  5.7249E-05 -1.9706E-06 -1.3144E-05
  5.2529E-04  5.8433E-05 -2.0148E-06 -1.3439E-05
  5.3111E-04  5.9635E-05 -2.0598E-06 -1.3739E-05
  5.3698E-04  6.0857E-05 -2.1055E-06 -1.4044E-05
  5.4288E-04  6.2098E-05 -2.1520E-06 -1.4354E-05
  5.4881E-04  6.3359E-05 -2.1993E-06 -1.4670E-05
  5.5479E-04  6.4640E-05 -2.2475E-06 -1.4991E-05
  5.6079E-04  6.5940E-05 -2.2964E-06 -1.5317E-05
  5.6684E-04  6.7261E-05 -2.3462E-06 -1.5649E-05
  5.7292E-04  6.8603E-05 -2.3968E-06 -1.5987E-05
  5.7904E-04  6.9966E-05 -2.4483E-06 -1.6330E-05
  5.8519E-04  7.1349E-05 -2.5006E-06 -1.6679E-05
  5.9139E-04  7.2755E-05 -2.5538E-06 -1.7034E-05
  5.9762E-04  7.4182E-05 -2.6079E-06 -1.7395E-05
  6.0389E-04  7.5631E-05 -2.6629E-06 -1.7761E-05
  6.1019E-04  7.7103E-05 -2.7188E-06 -1.8134E-05
  6.1654E-04  7.8597E-05 -2.7756E-06 -1.8513E-05
  6.2292E-04  8.0114E-05 -2.8334E-06 -1.8899E-05
  6.2934E-04  8.1654E-05 -2.8921E-06 -1.9290E-05
  6.3580E-04  8.3218E-05 -2.9518E-06 -1.9689E-05
  6.4231E-04  8.4806E-05 -3.0125E-06 -2.0093E-05
  6.4885E-04  8.6418E-05 -3.0741E-06 -2.0505E-05
  6.5543E-04  8.8054E-05 -3.1368E-06 -2.0923E-05
  6.6205E-04  8.9715E-05 -3.2005E-06 -2.1347E-05
  6.6871E-04  9.1401E-05 -3.2652E-06 -2.1779E-05
  6.7541E-04  9.3113E-05 -3.3310E-06 -2.2218E-05
  6.8215E-04  9.4851E-05 -3.3978E-06 -2.2663E-05
  6.8893E-04  9.6614E-05 -3.4657E-06 -2.3116E-05
  6.9575E-04  9.8405E-05 -3.5347E-06 -2.3577E-05
  7.0262E-04  1.0022E-04 -3.6048E-06 -2.4044E-05
  7.0953E-04  1.0207E-04 -3.6760E-06 -2.4519E-05
  7.1648E-04  1.0394E-04 -3.7484E-06 -2.5002E-05
  7.2347E-04  1.0584E-04 -3.8219E-06 -2.5492E-05
  7.3050E-04  1.0776E-04 -3.8966E-06 -2.5990E-05
  7.3758E-04  1.0972E-04 -3.9724E-06 -2.6496E-05
  7.4470E-04  1.1171E-04 -4.0495E-06 -2.7010E-05
  7.5186E-04  1.1372E-04 -4.1278E-06 -2.7532E-05
  7.5907E-04  1.1577E-04 -4.2073E-06 -2.8063E-05
  7.6632E-04  1.1784E-04 -4.2881E-06 -2.8601E-05
  7.7361E-04  1.1995E-04 -4.3701E-06 -2.9148E-05
  7.8095E-04  1.2208E-04 -4.4534E-06 -2.9704E-05
  7.8833E-04  1.2425E-04 -4.5380E-06 -3.0268E-05
  7.9576E-04  1.2645E-04 -4.6239E-06 -3.0842E-05
  8.0324E-04  1.2868E-04 -4.7112E-06 -3.1424E-05
  8.1076E-04  1.3094E-04 -4.7998E-06 -3.2015E-05
  8.1832E-04  1.3324E-04 -4.8898E-06 -3.2615E-05
  8.2593E-04  1.3557E-04 -4.9812E-06 -3.3224E-05
  8.3359E-04  1.3794E-04 -5.0739E-06 -3.3843E-05
  8.4129E-04  1.4033E-04 -5.1682E-06 -3.4472E-05
  8.4904E-04  1.4277E-04 -5.2638E-06 -3.5110E-05
  8.5684E-04  1.4524E-04 -5.3609E-06 -3.5758E-05
  8.6468E-04  1.4774E-04 -5.4596E-06 -3.6415E-05
  8.7258E-04  1.5028E-04 -5.5597E-06 -3.7083E-05
  8.8052E-04  1.5286E-04 -5.6613E-06 -3.7761E-05
  8.8851E-04  1.5547E-04 -5.7645E-06 -3.8449E-05
  8.9654E-04  1.5812E-04 -5.8693E-06 -3.9148E-05
  9.0463E-04  1.6081E-04 -5.9756E-06 -3.9858E-05
  9.1277E-04  1.6354E-04 -6.0836E-06 -4.0578E-05
  9.2095E-04  1.6631E-04 -6.1932E-06 -4.1309E-05
  9.2919E-04  1.6911E-04 -6.3045E-06 -4.2051E-05
  9.3747E-04  1.7196E-04 -6.4174E-06 -4.2804E-05
  9.4581E-04  1.7484E-04 -6.5320E-06 -4.3569E-05
  9.5419E-04  1.7777E-04 -6.6484E-06 -4.4345E-05
  9.6263E-04  1.8074E-04 -6.7665E-06 -4.5132E-05
  9.7112E-04  1.8375E-04 -6.8863E-06 -4.5932E-05
  9.7966E-04  1.8681E-04 -7.0080E-06 -4.6743E-05
  9.8825E-04  1.8990E-04 -7.1314E-06 -4.7567E-05
  9.9689E-04  1.9305E-04 -7.2567E-06 -4.8402E-05
  1.0056E-03  1.9623E-04 -7.3839E-06 -4.9251E-05
  1.0143E-03  1.9946E-04 -7.5129E-06 -5.0111E-05
  1.0231E-03  2.0274E-04 -7.6439E-06 -5.0985E-05
  1.0320E-03  2.0606E-04 -7.7768E-06 -5.1871E-05
  1.0409E-03  2.0943E-04 -7.9117E-06 -5.2771E-05
  1.0499E-03  2.1284E-04 -8.0485E-06 -5.3684E-05
  1.0589E-03  2.1631E-04 -8.1874E-06 -5.4610E-05
  1.0680E-03  2.1982E-04 -8.3283E-06 -5.5550E-05
  1.0771E-03  2.2338E-04 -8.4713E-06 -5.6504E-05
  1.0863E-03  2.2699E-04 -8.6164E-06 -5.7472E-05
  1.0955E-03  2.3065E-04 -8.7636E-06 -5.8453E-05
  1.1048E-03  2.3436E-04 -8.9130E-06 -5.9450E-05
  1.1142E-03  2.3812E-04 -9.0646E-06 -6.0461E-05
  1.1236E-03  2.4194E-04 -9.2183E-06 -6.1486E-05
  1.1330E-03  2.4581E-04 -9.3743E-06 -6.2527E-05
  1.1426E-03  2.4973E-04 -9.5326E-06 -6.3582E-05
  1.1522E-03  2.5371E-04 -9.6932E-06 -6.4653E-05
  1.1618E-03  2.5774E-04 -9.8561E-06 -6.5740E-05
  1.1715E-03  2.6182E-04 -1.0021E-05 -6.6842E-05
  1.1813E-03  2.6597E-04 -1.0189E-05 -6.7960E-05
  1.1911E-03  2.7017E-04 -1.0359E-05 -6.9095E-05
  1.2010E-03  2.7443E-04 -1.0532E-05 -7.0246E-05
  1.2109E-03  2.7874E-04 -1.0707E-05 -7.1413E-05
  1.2209E-03  2.8312E-04 -1.0884E-05 -7.2597E-05
  1.2309E-03  2.8756E-04 -1.1064E-05 -7.3798E-05
  1.2411E-03  2.9205E-04 -1.1247E-05 -7.5017E-05
  1.2512E-03  2.9661E-04 -1.1432E-05 -7.6253E-05
  1.2615E-03  3.0123E-04 -1.1620E-05 -7.7506E-05
  1.2718E-03  3.0592E-04 -1.1811E-05 -7.8778E-05
  1.2822E-03  3.1067E-04 -1.2004E-05 -8.0068E-05
  1.2926E-03  3.1548E-04 -1.2200E-05 -8.1376E-05
  1.3031E-03  3.2036E-04 -1.2399E-05 -8.2703E-05
  1.3137E-03  3.2530E-04 -1.2601E-05 -8.4048E-05
  1.3243E-03  3.3031E-04 -1.2806E-05 -8.5413E-05
  1.3350E-03  3.3540E-04 -1.3013E-05 -8.6797E-05
  1.3457E-03  3.4054E-04 -1.3224E-05 -8.8201E-05
  1.3565E-03  3.4576E-04 -1.3437E-05 -8.9625E-05
  1.3674E-03  3.5105E-04 -1.3654E-05 -9.1069E-05
  1.3784E-03  3.5642E-04 -1.3873E-05 -9.2533E-05
  1.3894E-03  3.6185E-04 -1.4096E-05 -9.4019E-05
  1.4005E-03  3.6736E-04 -1.4322E-05 -9.5525E-05
  1.4116E-03  3.7294E-04 -1.4551E-05 -9.7052E-05
  1.4228E-03  3.7860E-04 -1.4783E-05 -9.8601E-05
  1.4341E-03  3.8433E-04 -1.5018E-05 -1.0017E-04
  1.4455E-03  3.9014E-04 -1.5257E-05 -1.0176E-04
  1.4569E-03  3.9603E-04 -1.5499E-05 -1.0338E-04
  1.4684E-03  4.0200E-04 -1.5745E-05 -1.0502E-04
  1.4800E-03  4.0805E-04 -1.5994E-05 -1.0668E-04
  1.4916E-03  4.1418E-04 -1.6246E-05 -1.0836E-04
  1.5033E-03  4.2039E-04 -1.6502E-05 -1.1007E-04
  1.5151E-03  4.2668E-04 -1.6762E-05 -1.1180E-04
  1.5269E-03  4.3306E-04 -1.7025E-05 -1.1356E-04
  1.5389E-03  4.3953E-04 -1.7292E-05 -1.1534E-04
  1.5508E-03  4.4608E-04 -1.7562E-05 -1.1714E-04
  1.5629E-03  4.5271E-04 -1.7837E-05 -1.1897E-04
  1.5750E-03  4.5944E-04 -1.8115E-05 -1.2082E-04
  1.5873E-03  4.6626E-04 -1.8397E-05 -1.2271E-04
  1.5995E-03  4.7317E-04 -1.8683E-05 -1.2461E-04
  1.6119E-03  4.8017E-04 -1.8972E-05 -1.2655E-04
  1.6243E-03  4.8726E-04 -1.9266E-05 -1.2851E-04
  1.6369E-03  4.9444E-04 -1.9564E-05 -1.3049E-04
  1.6495E-03  5.0173E-04 -1.9866E-05 -1.3251E-04
  1.6621E-03  5.0911E-04 -2.0173E-05 -1.3455E-04
  1.6749E-03  5.1658E-04 -2.0483E-05 -1.3662E-04
  1.6877E-03  5.2416E-04 -2.0798E-05 -1.3872E-04
  1.7006E-03  5.3183E-04 -2.1117E-05 -1.4085E-04
  1.7136E-03  5.3961E-04 -2.1441E-05 -1.4301E-04
  1.7266E-03  5.4749E-04 -2.1769E-05 -1.4520E-04
  1.7397E-03  5.5548E-04 -2.2101E-05 -1.4741E-04
  1.7530E-03  5.6357E-04 -2.2438E-05 -1.4966E-04
  1.7663E-03  5.7177E-04 -2.2780E-05 -1.5194E-04
  1.7796E-03  5.8007E-04 -2.3126E-05 -1.5425E-04
  1.7931E-03  5.8848E-04 -2.3477E-05 -1.5659E-04
  1.8066E-03  5.9701E-04 -2.3833E-05 -1.5897E-04
  1.8202E-03  6.0565E-04 -2.4194E-05 -1.6137E-04
  1.8339E-03  6.1440E-04 -2.4559E-05 -1.6381E-04
  1.8477E-03  6.2326E-04 -2.4930E-05 -1.6628E-04
  1.8616E-03  6.3225E-04 -2.5306E-05 -1.6879E-04
  1.8756E-03  6.4135E-04 -2.5687E-05 -1.7133E-04
  1.8896E-03  6.5057E-04 -2.6073E-05 -1.7390E-04
  1.9037E-03  6.5991E-04 -2.6464E-05 -1.7651E-04
  1.9179E-03  6.6937E-04 -2.6860E-05 -1.7916E-04
  1.9322E-03  6.7896E-04 -2.7262E-05 -1.8184E-04
  1.9466E-03  6.8867E-04 -2.7670E-05 -1.8456E-04
  1.9611E-03  6.9851E-04 -2.8083E-05 -1.8731E-04
  1.9757E-03  7.0847E-04 -2.8501E-05 -1.9010E-04
  1.9903E-03  7.1857E-04 -2.8926E-05 -1.9293E-04
  2.0050E-03  7.2880E-04 -2.9356E-05 -1.9580E-04
  2.0199E-03  7.3916E-04 -2.9791E-05 -1.9871E-04
  2.0348E-03  7.4966E-04 -3.0233E-05 -2.0165E-04
  2.0498E-03  7.6029E-04 -3.0681E-05 -2.0464E-04
  2.0649E-03  7.7106E-04 -3.1134E-05 -2.0767E-04
  2.0801E-03  7.8198E-04 -3.1594E-05 -2.1073E-04
  2.0954E-03  7.9303E-04 -3.2060E-05 -2.1384E-04
  2.1108E-03  8.0423E-04 -3.2533E-05 -2.1699E-04
  2.1262E-03  8.1557E-04 -3.3011E-05 -2.2018E-04
  2.1418E-03  8.2706E-04 -3.3496E-05 -2.2342E-04
  2.1575E-03  8.3870E-04 -3.3988E-05 -2.2670E-04
  2.1732E-03  8.5049E-04 -3.4486E-05 -2.3002E-04
  2.1891E-03  8.6243E-04 -3.4991E-05 -2.3339E-04
  2.2050E-03  8.7453E-04 -3.5503E-05 -2.3680E-04
  2.2210E-03  8.8678E-04 -3.6021E-05 -2.4026E-04
  2.2372E-03  8.9919E-04 -3.6547E-05 -2.4377E-04
  2.2534E-03  9.1177E-04 -3.7079E-05 -2.4732E-04
  2.2698E-03  9.2450E-04 -3.7619E-05 -2.5092E-04
  2.2862E-03  9.3740E-04 -3.8166E-05 -2.5456E-04
  2.3027E-03  9.5046E-04 -3.8720E-05 -2.5826E-04
  2.3194E-03  9.6370E-04 -3.9281E-05 -2.6201E-04
  2.3361E-03  9.7710E-04 -3.9850E-05 -2.6580E-04
  2.3530E-03  9.9068E-04 -4.0427E-05 -2.6965E-04
  2.3699E-03  1.0044E-03 -4.1011E-05 -2.7355E-04
  2.3870E-03  1.0184E-03 -4.1604E-05 -2.7749E-04
  2.4041E-03  1.0325E-03 -4.2204E-05 -2.8150E-04
  2.4214E-03  1.0467E-03 -4.2812E-05 -2.8555E-04
  2.4387E-03  1.0612E-03 -4.3428E-05 -2.8966E-04
  2.4562E-03  1.0759E-03 -4.4052E-05 -2.9382E-04
  2.4738E-03  1.0907E-03 -4.4684E-05 -2.9804E-04
  2.4914E-03  1.1058E-03 -4.5325E-05 -3.0232E-04
  2.5092E-03  1.1210E-03 -4.5975E-05 -3.0665E-04
  2.5271E-03  1.1364E-03 -4.6633E-05 -3.1104E-04
  2.5451E-03  1.1520E-03 -4.7300E-05 -3.1549E-04
  2.5632E-03  1.1678E-03 -4.7975E-05 -3.1999E-04
  2.5815E-03  1.1839E-03 -4.8660E-05 -3.2456E-04
  2.5998E-03  1.2001E-03 -4.9353E-05 -3.2919E-04
  2.6182E-03  1.2165E-03 -5.0056E-05 -3.3387E-04
  2.6368E-03  1.2332E-03 -5.0768E-05 -3.3862E-04
  2.6555E-03  1.2500E-03 -5.1490E-05 -3.4344E-04
  2.6742E-03  1.2671E-03 -5.2221E-05 -3.4831E-04
  2.6931E-03  1.2844E-03 -5.2961E-05 -3.5325E-04
  2.7122E-03  1.3019E-03 -5.3712E-05 -3.5826E-04
  2.7313E-03  1.3196E-03 -5.4472E-05 -3.6333E-04
  2.7505E-03  1.3376E-03 -5.5243E-05 -3.6847E-04
  2.7699E-03  1.3558E-03 -5.6023E-05 -3.7367E-04
  2.7894E-03  1.3742E-03 -5.6814E-05 -3.7895E-04
  2.8090E-03  1.3928E-03 -5.7615E-05 -3.8429E-04
  2.8287E-03  1.4117E-03 -5.8427E-05 -3.8970E-04
  2.8485E-03  1.4308E-03 -5.9249E-05 -3.9519E-04
  2.8685E-03  1.4502E-03 -6.0082E-05 -4.0075E-04
  2.8886E-03  1.4698E-03 -6.0926E-05 -4.0638E-04
  2.9088E-03  1.4897E-03 -6.1781E-05 -4.1208E-04
  2.9291E-03  1.5098E-03 -6.2648E-05 -4.1786E-04
  2.9495E-03  1.5302E-03 -6.3525E-05 -4.2371E-04
  2.9701E-03  1.5508E-03 -6.4415E-05 -4.2964E-04
  2.9908E-03  1.5717E-03 -6.5316E-05 -4.3565E-04
  3.0116E-03  1.5928E-03 -6.6228E-05 -4.4174E-04
  3.0326E-03  1.6142E-03 -6.7153E-05 -4.4791E-04
  3.0537E-03  1.6359E-03 -6.8090E-05 -4.5415E-04
  3.0749E-03  1.6579E-03 -6.9038E-05 -4.6048E-04
  3.0962E-03  1.6801E-03 -7.0000E-05 -4.6690E-04
  3.1177E-03  1.7026E-03 -7.0974E-05 -4.7339E-04
  3.1393E-03  1.7255E-03 -7.1960E-05 -4.7997E-04
  3.1610E-03  1.7485E-03 -7.2960E-05 -4.8664E-04
  3.1828E-03  1.7719E-03 -7.3972E-05 -4.9339E-04
  3.2048E-03  1.7956E-03 -7.4998E-05 -5.0023E-04
  3.2270E-03  1.8196E-03 -7.6037E-05 -5.0716E-04
  3.2492E-03  1.8438E-03 -7.7090E-05 -5.1419E-04
  3.2716E-03  1.8684E-03 -7.8156E-05 -5.2130E-04
  3.2941E-03  1.8933E-03 -7.9236E-05 -5.2850E-04
  3.3168E-03  1.9185E-03 -8.0330E-05 -5.3580E-04
  3.3396E-03  1.9440E-03 -8.1439E-05 -5.4319E-04
  3.3626E-03  1.9699E-03 -8.2562E-05 -5.5068E-04
  3.3856E-03  1.9960E-03 -8.3699E-05 -5.5827E-04
  3.4089E-03  2.0225E-03 -8.4851E-05 -5.6596E-04
  3.4322E-03  2.0493E-03 -8.6019E-05 -5.7374E-04
  3.4557E-03  2.0765E-03 -8.7201E-05 -5.8163E-04
  3.4794E-03  2.1040E-03 -8.8399E-05 -5.8961E-04
  3.5032E-03  2.1318E-03 -8.9612E-05 -5.9771E-04
  3.5271E-03  2.1600E-03 -9.0841E-05 -6.0590E-04
  3.5512E-03  2.1886E-03 -9.2086E-05 -6.1421E-04
  3.5754E-03  2.2175E-03 -9.3347E-05 -6.2262E-04
  3.5998E-03  2.2467E-03 -9.4624E-05 -6.3114E-04
  3.6243E-03  2.2764E-03 -9.5918E-05 -6.3977E-04
  3.6490E-03  2.3064E-03 -9.7228E-05 -6.4851E-04
  3.6738E-03  2.3367E-03 -9.8556E-05 -6.5736E-04
  3.6988E-03  2.3675E-03 -9.9900E-05 -6.6633E-04
  3.7240E-03  2.3986E-03 -1.0126E-04 -6.7541E-04
  3.7492E-03  2.4301E-03 -1.0264E-04 -6.8462E-04
  3.7747E-03  2.4620E-03 -1.0404E-04 -6.9394E-04
  3.8003E-03  2.4944E-03 -1.0545E-04 -7.0338E-04
  3.8260E-03  2.5271E-03 -1.0689E-04 -7.1294E-04
  3.8519E-03  2.5602E-03 -1.0834E-04 -7.2263E-04
  3.8780E-03  2.5937E-03 -1.0981E-04 -7.3244E-04
  3.9042E-03  2.6277E-03 -1.1130E-04 -7.4237E-04
  3.9306E-03  2.6620E-03 -1.1281E-04 -7.5244E-04
  3.9571E-03  2.6968E-03 -1.1434E-04 -7.6263E-04
  3.9838E-03  2.7320E-03 -1.1589E-04 -7.7296E-04
  4.0107E-03  2.7677E-03 -1.1746E-04 -7.8342E-04
  4.0377E-03  2.8038E-03 -1.1904E-04 -7.9401E-04
  4.0649E-03  2.8404E-03 -1.2065E-04 -8.0474E-04
  4.0922E-03  2.8774E-03 -1.2228E-04 -8.1561E-04
  4.1198E-03  2.9148E-03 -1.2393E-04 -8.2662E-04
  4.1475E-03  2.9528E-03 -1.2560E-04 -8.3776E-04
  4.1753E-03  2.9912E-03 -1.2730E-04 -8.4906E-04
  4.2033E-03  3.0300E-03 -1.2901E-04 -8.6049E-04
  4.2315E-03  3.0694E-03 -1.3075E-04 -8.7208E-04
  4.2599E-03  3.1092E-03 -1.3251E-04 -8.8381E-04
  4.2884E-03  3.1496E-03 -1.3429E-04 -8.9569E-04
  4.3172E-03  3.1904E-03 -1.3609E-04 -9.0772E-04
  4.3461E-03  3.2317E-03 -1.3792E-04 -9.1991E-04
  4.3751E-03  3.2736E-03 -1.3977E-04 -9.3226E-04
  4.4044E-03  3.3159E-03 -1.4165E-04 -9.4476E-04
  4.4338E-03  3.3588E-03 -1.4354E-04 -9.5743E-04
  4.4634E-03  3.4022E-03 -1.4547E-04 -9.7025E-04
  4.4932E-03  3.4462E-03 -1.4741E-04 -9.8324E-04
  4.5231E-03  3.4907E-03 -1.4939E-04 -9.9640E-04
  4.5533E-03  3.5357E-03 -1.5138E-04 -1.0097E-03
  4.5836E-03  3.5813E-03 -1.5341E-04 -1.0232E-03
  4.6141E-03  3.6275E-03 -1.5546E-04 -1.0369E-03
  4.6448E-03  3.6742E-03 -1.5753E-04 -1.0507E-03
  4.6757E-03  3.7215E-03 -1.5963E-04 -1.0647E-03
  4.7067E-03  3.7693E-03 -1.6176E-04 -1.0789E-03
  4.7380E-03  3.8178E-03 -1.6392E-04 -1.0933E-03
  4.7694E-03  3.8669E-03 -1.6610E-04 -1.1079E-03
  4.8011E-03  3.9165E-03 -1.6831E-04 -1.1226E-03
  4.8329E-03  3.9668E-03 -1.7055E-04 -1.1376E-03
  4.8649E-03  4.0177E-03 -1.7282E-04 -1.1527E-03
  4.8972E-03  4.0692E-03 -1.7512E-04 -1.1680E-03
  4.9296E-03  4.1213E-03 -1.7744E-04 -1.1835E-03
  4.9622E-03  4.1741E-03 -1.7980E-04 -1.1992E-03
  4.9950E-03  4.2275E-03 -1.8218E-04 -1.2151E-03
  5.0280E-03  4.2816E-03 -1.8460E-04 -1.2313E-03
  5.0612E-03  4.3363E-03 -1.8705E-04 -1.2476E-03
  5.0947E-03  4.3918E-03 -1.8952E-04 -1.2641E-03
  5.1283E-03  4.4478E-03 -1.9203E-04 -1.2808E-03
  5.1621E-03  4.5046E-03 -1.9457E-04 -1.2978E-03
  5.1961E-03  4.5621E-03 -1.9715E-04 -1.3150E-03
  5.2304E-03  4.6202E-03 -1.9975E-04 -1.3323E-03
  5.2648E-03  4.6791E-03 -2.0239E-04 -1.3499E-03
  5.2995E-03  4.7387E-03 -2.0507E-04 -1.3678E-03
  5.3343E-03  4.7990E-03 -2.0777E-04 -1.3858E-03
  5.3694E-03  4.8601E-03 -2.1052E-04 -1.4041E-03
  5.4047E-03  4.9219E-03 -2.1329E-04 -1.4226E-03
  5.4402E-03  4.9845E-03 -2.1610E-04 -1.4414E-03
  5.4759E-03  5.0478E-03 -2.1895E-04 -1.4604E-03
  5.5118E-03  5.1119E-03 -2.2183E-04 -1.4796E-03
  5.5480E-03  5.1767E-03 -2.2475E-04 -1.4991E-03
  5.5844E-03  5.2424E-03 -2.2771E-04 -1.5188E-03
  5.6210E-03  5.3088E-03 -2.3070E-04 -1.5388E-03
  5.6578E-03  5.3761E-03 -2.3374E-04 -1.5590E-03
  5.6948E-03  5.4442E-03 -2.3681E-04 -1.5795E-03
  5.7321E-03  5.5131E-03 -2.3992E-04 -1.6002E-03
  5.7696E-03  5.5828E-03 -2.4307E-04 -1.6212E-03
  5.8073E-03  5.6534E-03 -2.4625E-04 -1.6425E-03
  5.8453E-03  5.7248E-03 -2.4948E-04 -1.6640E-03
  5.8835E-03  5.7971E-03 -2.5275E-04 -1.6858E-03
  5.9219E-03  5.8703E-03 -2.5606E-04 -1.7079E-03
  5.9605E-03  5.9444E-03 -2.5942E-04 -1.7303E-03
  5.9994E-03  6.0194E-03 -2.6281E-04 -1.7529E-03
  6.0385E-03  6.0953E-03 -2.6625E-04 -1.7759E-03
  6.0779E-03  6.1720E-03 -2.6973E-04 -1.7991E-03
  6.1175E-03  6.2498E-03 -2.7326E-04 -1.8226E-03
  6.1573E-03  6.3284E-03 -2.7683E-04 -1.8464E-03
  6.1974E-03  6.4080E-03 -2.8045E-04 -1.8705E-03
  6.2377E-03  6.4886E-03 -2.8411E-04 -1.8950E-03
  6.2783E-03  6.5702E-03 -2.8782E-04 -1.9197E-03
  6.3191E-03  6.6527E-03 -2.9157E-04 -1.9447E-03
  6.3602E-03  6.7362E-03 -2.9537E-04 -1.9701E-03
  6.4015E-03  6.8208E-03 -2.9922E-04 -1.9958E-03
  6.4431E-03  6.9063E-03 -3.0312E-04 -2.0218E-03
  6.4849E-03  6.9929E-03 -3.0707E-04 -2.0481E-03
  6.5269E-03  7.0805E-03 -3.1106E-04 -2.0747E-03
  6.5693E-03  7.1692E-03 -3.1511E-04 -2.1017E-03
  6.6119E-03  7.2590E-03 -3.1921E-04 -2.1291E-03
  6.6547E-03  7.3498E-03 -3.2336E-04 -2.1568E-03
  6.6978E-03  7.4417E-03 -3.2756E-04 -2.1848E-03
  6.7412E-03  7.5348E-03 -3.3182E-04 -2.2132E-03
  6.7848E-03  7.6289E-03 -3.3613E-04 -2.2419E-03
  6.8287E-03  7.7242E-03 -3.4049E-04 -2.2710E-03
  6.8729E-03  7.8206E-03 -3.4491E-04 -2.3005E-03
  6.9173E-03  7.9182E-03 -3.4938E-04 -2.3303E-03
  6.9620E-03  8.0170E-03 -3.5391E-04 -2.3605E-03
  7.0070E-03  8.1169E-03 -3.5850E-04 -2.3911E-03
  7.0522E-03  8.2180E-03 -3.6315E-04 -2.4221E-03
  7.0978E-03  8.3204E-03 -3.6785E-04 -2.4535E-03
  7.1436E-03  8.4240E-03 -3.7261E-04 -2.4852E-03
  7.1896E-03  8.5288E-03 -3.7743E-04 -2.5174E-03
  7.2360E-03  8.6348E-03 -3.8232E-04 -2.5500E-03
  7.2826E-03  8.7422E-03 -3.8726E-04 -2.5829E-03
  7.3296E-03  8.8508E-03 -3.9227E-04 -2.6163E-03
  7.3768E-03  8.9607E-03 -3.9734E-04 -2.6501E-03
  7.4243E-03  9.0720E-03 -4.0247E-04 -2.6844E-03
  7.4721E-03  9.1845E-03 -4.0767E-04 -2.7190E-03
  7.5201E-03  9.2984E-03 -4.1293E-04 -2.7541E-03
  7.5685E-03  9.4137E-03 -4.1826E-04 -2.7897E-03
  7.6172E-03  9.5303E-03 -4.2365E-04 -2.8257E-03
  7.6661E-03  9.6484E-03 -4.2912E-04 -2.8621E-03
  7.7154E-03  9.7678E-03 -4.3465E-04 -2.8990E-03
  7.7649E-03  9.8887E-03 -4.4025E-04 -2.9364E-03
  7.8148E-03  1.0011E-02 -4.4592E-04 -2.9742E-03
  7.8650E-03  1.0135E-02 -4.5167E-04 -3.0125E-03
  7.9154E-03  1.0260E-02 -4.5748E-04 -3.0513E-03
  7.9662E-03  1.0387E-02 -4.6337E-04 -3.0905E-03
  8.0173E-03  1.0515E-02 -4.6933E-04 -3.1303E-03
  8.0687E-03  1.0645E-02 -4.7536E-04 -3.1705E-03
  8.1204E-03  1.0776E-02 -4.8148E-04 -3.2113E-03
  8.1724E-03  1.0909E-02 -4.8766E-04 -3.2526E-03
  8.2247E-03  1.1043E-02 -4.9393E-04 -3.2944E-03
  8.2774E-03  1.1179E-02 -5.0027E-04 -3.3367E-03
  8.3304E-03  1.1317E-02 -5.0670E-04 -3.3795E-03
  8.3837E-03  1.1456E-02 -5.1320E-04 -3.4229E-03
  8.4373E-03  1.1597E-02 -5.1979E-04 -3.4668E-03
  8.4912E-03  1.1740E-02 -5.2646E-04 -3.5113E-03
  8.5455E-03  1.1884E-02 -5.3321E-04 -3.5563E-03
  8.6001E-03  1.2030E-02 -5.4004E-04 -3.6019E-03
  8.6550E-03  1.2178E-02 -5.4696E-04 -3.6481E-03
  8.7103E-03  1.2327E-02 -5.5397E-04 -3.6948E-03
  8.7659E-03  1.2478E-02 -5.6107E-04 -3.7421E-03
  8.8219E-03  1.2632E-02 -5.6825E-04 -3.7900E-03
  8.8782E-03  1.2786E-02 -5.7552E-04 -3.8386E-03
  8.9348E-03  1.2943E-02 -5.8289E-04 -3.8877E-03
  8.9918E-03  1.3102E-02 -5.9035E-04 -3.9374E-03
  9.0491E-03  1.3262E-02 -5.9790E-04 -3.9878E-03
  9.1067E-03  1.3424E-02 -6.0554E-04 -4.0387E-03
  9.1648E-03  1.3588E-02 -6.1328E-04 -4.0904E-03
  9.2231E-03  1.3754E-02 -6.2112E-04 -4.1426E-03
  9.2819E-03  1.3923E-02 -6.2905E-04 -4.1955E-03
  9.3409E-03  1.4093E-02 -6.3709E-04 -4.2491E-03
  9.4004E-03  1.4265E-02 -6.4522E-04 -4.3034E-03
  9.4602E-03  1.4439E-02 -6.5345E-04 -4.3583E-03
  9.5204E-03  1.4615E-02 -6.6179E-04 -4.4139E-03
  9.5809E-03  1.4793E-02 -6.7023E-04 -4.4702E-03
  9.6418E-03  1.4973E-02 -6.7878E-04 -4.5272E-03
  9.7031E-03  1.5156E-02 -6.8744E-04 -4.5849E-03
  9.7647E-03  1.5340E-02 -6.9620E-04 -4.6433E-03
  9.8267E-03  1.5527E-02 -7.0507E-04 -4.7025E-03
  9.8891E-03  1.5716E-02 -7.1405E-04 -4.7624E-03
  9.9519E-03  1.5907E-02 -7.2314E-04 -4.8231E-03
  1.0015E-02  1.6100E-02 -7.3235E-04 -4.8845E-03
  1.0079E-02  1.6296E-02 -7.4167E-04 -4.9466E-03
  1.0143E-02  1.6494E-02 -7.5111E-04 -5.0096E-03
  1.0207E-02  1.6694E-02 -7.6067E-04 -5.0733E-03
  1.0272E-02  1.6897E-02 -7.7034E-04 -5.1378E-03
  1.0337E-02  1.7102E-02 -7.8014E-04 -5.2032E-03
  1.0402E-02  1.7309E-02 -7.9005E-04 -5.2693E-03
  1.0468E-02  1.7519E-02 -8.0009E-04 -5.3363E-03
  1.0534E-02  1.7731E-02 -8.1026E-04 -5.4041E-03
  1.0601E-02  1.7945E-02 -8.2055E-04 -5.4727E-03
  1.0668E-02  1.8163E-02 -8.3097E-04 -5.5422E-03
  1.0736E-02  1.8382E-02 -8.4152E-04 -5.6125E-03
  1.0804E-02  1.8605E-02 -8.5221E-04 -5.6838E-03
  1.0872E-02  1.8829E-02 -8.6302E-04 -5.7559E-03
  1.0941E-02  1.9057E-02 -8.7397E-04 -5.8289E-03
  1.1010E-02  1.9287E-02 -8.8505E-04 -5.9028E-03
  1.1079E-02  1.9520E-02 -8.9628E-04 -5.9777E-03
  1.1149E-02  1.9755E-02 -9.0764E-04 -6.0535E-03
  1.1220E-02  1.9993E-02 -9.1914E-04 -6.1302E-03
  1.1291E-02  2.0234E-02 -9.3079E-04 -6.2079E-03
  1.1362E-02  2.0478E-02 -9.4258E-04 -6.2865E-03
  1.1434E-02  2.0725E-02 -9.5452E-04 -6.3661E-03
  1.1506E-02  2.0974E-02 -9.6661E-04 -6.4467E-03
  1.1579E-02  2.1227E-02 -9.7885E-04 -6.5283E-03
  1.1652E-02  2.1482E-02 -9.9123E-04 -6.6110E-03
  1.1725E-02  2.1740E-02 -1.0038E-03 -6.6946E-03
  1.1799E-02  2.2001E-02 -1.0165E-03 -6.7793E-03
  1.1874E-02  2.2265E-02 -1.0293E-03 -6.8650E-03
  1.1948E-02  2.2533E-02 -1.0424E-03 -6.9518E-03
  1.2024E-02  2.2803E-02 -1.0555E-03 -7.0397E-03
  1.2099E-02  2.3077E-02 -1.0689E-03 -7.1287E-03
  1.2176E-02  2.3353E-02 -1.0824E-03 -7.2188E-03
  1.2252E-02  2.3633E-02 -1.0961E-03 -7.3100E-03
  1.2329E-02  2.3916E-02 -1.1099E-03 -7.4023E-03
  1.2407E-02  2.4202E-02 -1.1239E-03 -7.4958E-03
  1.2485E-02  2.4492E-02 -1.1381E-03 -7.5904E-03
  1.2564E-02  2.4785E-02 -1.1525E-03 -7.6862E-03
  1.2643E-02  2.5081E-02 -1.1670E-03 -7.7832E-03
  1.2722E-02  2.5381E-02 -1.1817E-03 -7.8814E-03
  1.2802E-02  2.5684E-02 -1.1967E-03 -7.9808E-03
  1.2883E-02  2.5991E-02 -1.2117E-03 -8.0815E-03
  1.2964E-02  2.6301E-02 -1.2270E-03 -8.1834E-03
  1.3045E-02  2.6615E-02 -1.2425E-03 -8.2865E-03
  1.3127E-02  2.6932E-02 -1.2582E-03 -8.3910E-03
  1.3210E-02  2.7253E-02 -1.2740E-03 -8.4967E-03
  1.3293E-02  2.7578E-02 -1.2901E-03 -8.6037E-03
  1.3376E-02  2.7906E-02 -1.3063E-03 -8.7121E-03
  1.3460E-02  2.8238E-02 -1.3228E-03 -8.8218E-03
  1.3545E-02  2.8574E-02 -1.3394E-03 -8.9329E-03
  1.3630E-02  2.8914E-02 -1.3563E-03 -9.0454E-03
  1.3715E-02  2.9257E-02 -1.3734E-03 -9.1592E-03
  1.3801E-02  2.9605E-02 -1.3906E-03 -9.2745E-03
  1.3888E-02  2.9956E-02 -1.4081E-03 -9.3911E-03
  1.3975E-02  3.0312E-02 -1.4259E-03 -9.5093E-03
  1.4062E-02  3.0672E-02 -1.4438E-03 -9.6289E-03
  1.4151E-02  3.1035E-02 -1.4620E-03 -9.7499E-03
  1.4239E-02  3.1403E-02 -1.4803E-03 -9.8725E-03
  1.4329E-02  3.1775E-02 -1.4989E-03 -9.9966E-03
  1.4418E-02  3.2151E-02 -1.5178E-03 -1.0122E-02
  1.4509E-02  3.2532E-02 -1.5369E-03 -1.0249E-02
  1.4600E-02  3.2916E-02 -1.5562E-03 -1.0378E-02
  1.4691E-02  3.3306E-02 -1.5757E-03 -1.0509E-02
  1.4783E-02  3.3699E-02 -1.5955E-03 -1.0640E-02
  1.4875E-02  3.4097E-02 -1.6155E-03 -1.0774E-02
  1.4969E-02  3.4500E-02 -1.6358E-03 -1.0909E-02
  1.5062E-02  3.4907E-02 -1.6564E-03 -1.1046E-02
  1.5157E-02  3.5318E-02 -1.6771E-03 -1.1185E-02
  1.5251E-02  3.5735E-02 -1.6982E-03 -1.1325E-02
  1.5347E-02  3.6156E-02 -1.7195E-03 -1.1467E-02
  1.5443E-02  3.6582E-02 -1.7411E-03 -1.1611E-02
  1.5539E-02  3.7012E-02 -1.7629E-03 -1.1757E-02
  1.5636E-02  3.7448E-02 -1.7850E-03 -1.1904E-02
  1.5734E-02  3.7888E-02 -1.8074E-03 -1.2053E-02
  1.5832E-02  3.8333E-02 -1.8300E-03 -1.2204E-02
  1.5931E-02  3.8784E-02 -1.8530E-03 -1.2357E-02
  1.6031E-02  3.9239E-02 -1.8762E-03 -1.2512E-02
  1.6131E-02  3.9700E-02 -1.8997E-03 -1.2669E-02
  1.6232E-02  4.0165E-02 -1.9235E-03 -1.2827E-02
  1.6333E-02  4.0636E-02 -1.9476E-03 -1.2988E-02
  1.6435E-02  4.1113E-02 -1.9720E-03 -1.3151E-02
  1.6538E-02  4.1594E-02 -1.9967E-03 -1.3315E-02
  1.6641E-02  4.2081E-02 -2.0217E-03 -1.3482E-02
  1.6745E-02  4.2573E-02 -2.0470E-03 -1.3651E-02
  1.6849E-02  4.3071E-02 -2.0726E-03 -1.3821E-02
  1.6954E-02  4.3575E-02 -2.0985E-03 -1.3994E-02
  1.7060E-02  4.4084E-02 -2.1248E-03 -1.4169E-02
  1.7166E-02  4.4599E-02 -2.1513E-03 -1.4347E-02
  1.7273E-02  4.5119E-02 -2.1782E-03 -1.4526E-02
  1.7381E-02  4.5646E-02 -2.2055E-03 -1.4708E-02
  1.7489E-02  4.6178E-02 -2.2331E-03 -1.4891E-02
  1.7598E-02  4.6716E-02 -2.2610E-03 -1.5078E-02
  1.7708E-02  4.7260E-02 -2.2892E-03 -1.5266E-02
  1.7818E-02  4.7810E-02 -2.3178E-03 -1.5457E-02
  1.7929E-02  4.8366E-02 -2.3468E-03 -1.5650E-02
  1.8041E-02  4.8929E-02 -2.3761E-03 -1.5845E-02
  1.8153E-02  4.9497E-02 -2.4058E-03 -1.6043E-02
  1.8267E-02  5.0072E-02 -2.4358E-03 -1.6244E-02
  1.8380E-02  5.0654E-02 -2.4663E-03 -1.6446E-02
  1.8495E-02  5.1242E-02 -2.4971E-03 -1.6652E-02
  1.8610E-02  5.1836E-02 -2.5282E-03 -1.6859E-02
  1.8726E-02  5.2437E-02 -2.5598E-03 -1.7070E-02
  1.8842E-02  5.3044E-02 -2.5917E-03 -1.7283E-02
  1.8959E-02  5.3658E-02 -2.6241E-03 -1.7498E-02
  1.9077E-02  5.4279E-02 -2.6568E-03 -1.7717E-02
  1.9196E-02  5.4907E-02 -2.6900E-03 -1.7938E-02
  1.9315E-02  5.5542E-02 -2.7235E-03 -1.8161E-02
  1.9435E-02  5.6184E-02 -2.7575E-03 -1.8388E-02
  1.9556E-02  5.6832E-02 -2.7919E-03 -1.8617E-02
  1.9678E-02  5.7488E-02 -2.8267E-03 -1.8849E-02
  1.9800E-02  5.8151E-02 -2.8619E-03 -1.9084E-02
  1.9923E-02  5.8822E-02 -2.8976E-03 -1.9322E-02
  2.0047E-02  5.9499E-02 -2.9337E-03 -1.9563E-02
  2.0172E-02  6.0184E-02 -2.9702E-03 -1.9806E-02
  2.0297E-02  6.0877E-02 -3.0073E-03 -2.0053E-02
  2.0423E-02  6.1577E-02 -3.0447E-03 -2.0303E-02
  2.0550E-02  6.2285E-02 -3.0826E-03 -2.0556E-02
  2.0677E-02  6.3001E-02 -3.1210E-03 -2.0811E-02
  2.0806E-02  6.3724E-02 -3.1599E-03 -2.1071E-02
  2.0935E-02  6.4455E-02 -3.1992E-03 -2.1333E-02
  2.1065E-02  6.5195E-02 -3.2391E-03 -2.1598E-02
  2.1196E-02  6.5942E-02 -3.2794E-03 -2.1867E-02
  2.1327E-02  6.6697E-02 -3.3202E-03 -2.2139E-02
  2.1460E-02  6.7461E-02 -3.3615E-03 -2.2415E-02
  2.1593E-02  6.8233E-02 -3.4034E-03 -2.2693E-02
  2.1727E-02  6.9013E-02 -3.4457E-03 -2.2976E-02
  2.1861E-02  6.9802E-02 -3.4886E-03 -2.3261E-02
  2.1997E-02  7.0599E-02 -3.5320E-03 -2.3551E-02
  2.2133E-02  7.1405E-02 -3.5759E-03 -2.3844E-02
  2.2271E-02  7.2219E-02 -3.6204E-03 -2.4140E-02
  2.2409E-02  7.3043E-02 -3.6654E-03 -2.4440E-02
  2.2548E-02  7.3875E-02 -3.7109E-03 -2.4744E-02
  2.2687E-02  7.4716E-02 -3.7571E-03 -2.5051E-02
  2.2828E-02  7.5567E-02 -3.8038E-03 -2.5362E-02
  2.2969E-02  7.6426E-02 -3.8510E-03 -2.5678E-02
  2.3112E-02  7.7295E-02 -3.8989E-03 -2.5997E-02
  2.3255E-02  7.8173E-02 -3.9473E-03 -2.6319E-02
  2.3399E-02  7.9060E-02 -3.9964E-03 -2.6646E-02
  2.3544E-02  7.9957E-02 -4.0460E-03 -2.6977E-02
  2.3690E-02  8.0863E-02 -4.0963E-03 -2.7312E-02
  2.3837E-02  8.1780E-02 -4.1471E-03 -2.7651E-02
  2.3984E-02  8.2706E-02 -4.1986E-03 -2.7994E-02
  2.4133E-02  8.3642E-02 -4.2508E-03 -2.8342E-02
  2.4282E-02  8.4587E-02 -4.3036E-03 -2.8694E-02
  2.4432E-02  8.5543E-02 -4.3570E-03 -2.9050E-02
  2.4584E-02  8.6510E-02 -4.4111E-03 -2.9410E-02
  2.4736E-02  8.7486E-02 -4.4658E-03 -2.9775E-02
  2.4889E-02  8.8473E-02 -4.5212E-03 -3.0144E-02
  2.5043E-02  8.9470E-02 -4.5773E-03 -3.0518E-02
  2.5198E-02  9.0478E-02 -4.6341E-03 -3.0897E-02
  2.5354E-02  9.1496E-02 -4.6916E-03 -3.1280E-02
  2.5510E-02  9.2526E-02 -4.7498E-03 -3.1667E-02
  2.5668E-02  9.3566E-02 -4.8087E-03 -3.2060E-02
  2.5827E-02  9.4617E-02 -4.8683E-03 -3.2457E-02
  2.5987E-02  9.5679E-02 -4.9287E-03 -3.2860E-02
  2.6147E-02  9.6753E-02 -4.9898E-03 -3.3267E-02
  2.6309E-02  9.7837E-02 -5.0516E-03 -3.3679E-02
  2.6472E-02  9.8934E-02 -5.1143E-03 -3.4096E-02
  2.6635E-02  1.0004E-01 -5.1777E-03 -3.4519E-02
  2.6800E-02  1.0116E-01 -5.2418E-03 -3.4946E-02
  2.6965E-02  1.0229E-01 -5.3068E-03 -3.5379E-02
  2.7132E-02  1.0343E-01 -5.3725E-03 -3.5817E-02
  2.7300E-02  1.0459E-01 -5.4391E-03 -3.6261E-02
  2.7468E-02  1.0576E-01 -5.5065E-03 -3.6710E-02
  2.7638E-02  1.0694E-01 -5.5747E-03 -3.7164E-02
  2.7809E-02  1.0813E-01 -5.6437E-03 -3.7624E-02
  2.7981E-02  1.0933E-01 -5.7136E-03 -3.8090E-02
  2.8153E-02  1.1055E-01 -5.7844E-03 -3.8562E-02
  2.8327E-02  1.1178E-01 -5.8560E-03 -3.9039E-02
  2.8502E-02  1.1302E-01 -5.9285E-03 -3.9522E-02
  2.8678E-02  1.1427E-01 -6.0019E-03 -4.0011E-02
  2.8855E-02  1.1554E-01 -6.0762E-03 -4.0506E-02
  2.9033E-02  1.1682E-01 -6.1514E-03 -4.1007E-02
  2.9212E-02  1.1811E-01 -6.2275E-03 -4.1514E-02
  2.9393E-02  1.1942E-01 -6.3045E-03 -4.2027E-02
  2.9574E-02  1.2074E-01 -6.3825E-03 -4.2547E-02
  2.9757E-02  1.2208E-01 -6.4615E-03 -4.3073E-02
  2.9940E-02  1.2342E-01 -6.5414E-03 -4.3606E-02
  3.0125E-02  1.2479E-01 -6.6224E-03 -4.4145E-02
  3.0311E-02  1.2616E-01 -6.7043E-03 -4.4690E-02
  3.0498E-02  1.2755E-01 -6.7872E-03 -4.5243E-02
  3.0686E-02  1.2896E-01 -6.8711E-03 -4.5802E-02
  3.0875E-02  1.3037E-01 -6.9561E-03 -4.6368E-02
  3.1066E-02  1.3181E-01 -7.0421E-03 -4.6941E-02
  3.1257E-02  1.3326E-01 -7.1291E-03 -4.7521E-02
  3.1450E-02  1.3472E-01 -7.2172E-03 -4.8108E-02
  3.1644E-02  1.3619E-01 -7.3064E-03 -4.8702E-02
  3.1839E-02  1.3769E-01 -7.3967E-03 -4.9303E-02
  3.2035E-02  1.3919E-01 -7.4881E-03 -4.9912E-02
  3.2233E-02  1.4072E-01 -7.5807E-03 -5.0529E-02
  3.2431E-02  1.4225E-01 -7.6743E-03 -5.1152E-02
  3.2631E-02  1.4381E-01 -7.7692E-03 -5.1784E-02
  3.2832E-02  1.4538E-01 -7.8651E-03 -5.2423E-02
  3.3035E-02  1.4696E-01 -7.9623E-03 -5.3070E-02
  3.3238E-02  1.4856E-01 -8.0606E-03 -5.3725E-02
  3.3443E-02  1.5018E-01 -8.1602E-03 -5.4388E-02
  3.3649E-02  1.5181E-01 -8.2609E-03 -5.5059E-02
  3.3856E-02  1.5346E-01 -8.3629E-03 -5.5739E-02
  3.4065E-02  1.5513E-01 -8.4662E-03 -5.6426E-02
  3.4275E-02  1.5681E-01 -8.5707E-03 -5.7123E-02
  3.4486E-02  1.5851E-01 -8.6765E-03 -5.7827E-02
  3.4698E-02  1.6023E-01 -8.7836E-03 -5.8540E-02
  3.4912E-02  1.6196E-01 -8.8920E-03 -5.9262E-02
  3.5127E-02  1.6371E-01 -9.0018E-03 -5.9993E-02
  3.5343E-02  1.6548E-01 -9.1128E-03 -6.0733E-02
  3.5560E-02  1.6727E-01 -9.2253E-03 -6.1481E-02
  3.5779E-02  1.6907E-01 -9.3391E-03 -6.2239E-02
  3.6000E-02  1.7089E-01 -9.4543E-03 -6.3007E-02
  3.6221E-02  1.7273E-01 -9.5710E-03 -6.3783E-02
  3.6444E-02  1.7459E-01 -9.6890E-03 -6.4569E-02
  3.6668E-02  1.7646E-01 -9.8085E-03 -6.5365E-02
  3.6894E-02  1.7836E-01 -9.9295E-03 -6.6170E-02
  3.7121E-02  1.8027E-01 -1.0052E-02 -6.6986E-02
  3.7349E-02  1.8220E-01 -1.0176E-02 -6.7811E-02
  3.7579E-02  1.8415E-01 -1.0301E-02 -6.8646E-02
  3.7810E-02  1.8612E-01 -1.0428E-02 -6.9492E-02
  3.8043E-02  1.8811E-01 -1.0557E-02 -7.0348E-02
  3.8277E-02  1.9011E-01 -1.0687E-02 -7.1214E-02
  3.8512E-02  1.9214E-01 -1.0819E-02 -7.2091E-02
  3.8749E-02  1.9419E-01 -1.0952E-02 -7.2978E-02
  3.8987E-02  1.9625E-01 -1.1087E-02 -7.3877E-02
  3.9227E-02  1.9834E-01 -1.1224E-02 -7.4786E-02
  3.9468E-02  2.0044E-01 -1.1362E-02 -7.5707E-02
  3.9711E-02  2.0257E-01 -1.1502E-02 -7.6639E-02
  3.9955E-02  2.0472E-01 -1.1644E-02 -7.7582E-02
  4.0201E-02  2.0689E-01 -1.1787E-02 -7.8536E-02
  4.0448E-02  2.0907E-01 -1.1932E-02 -7.9503E-02
  4.0697E-02  2.1128E-01 -1.2079E-02 -8.0481E-02
  4.0947E-02  2.1351E-01 -1.2228E-02 -8.1471E-02
  4.1198E-02  2.1577E-01 -1.2379E-02 -8.2473E-02
  4.1452E-02  2.1804E-01 -1.2531E-02 -8.3488E-02
  4.1706E-02  2.2033E-01 -1.2685E-02 -8.4514E-02
  4.1963E-02  2.2265E-01 -1.2842E-02 -8.5554E-02
  4.2220E-02  2.2499E-01 -1.3000E-02 -8.6606E-02
  4.2480E-02  2.2735E-01 -1.3160E-02 -8.7671E-02
  4.2741E-02  2.2973E-01 -1.3322E-02 -8.8748E-02
  4.3003E-02  2.3213E-01 -1.3486E-02 -8.9839E-02
  4.3268E-02  2.3456E-01 -1.3652E-02 -9.0944E-02
  4.3533E-02  2.3701E-01 -1.3820E-02 -9.2061E-02
  4.3801E-02  2.3949E-01 -1.3990E-02 -9.3193E-02
  4.4070E-02  2.4198E-01 -1.4162E-02 -9.4338E-02
  4.4340E-02  2.4450E-01 -1.4336E-02 -9.5497E-02
  4.4613E-02  2.4704E-01 -1.4512E-02 -9.6670E-02
  4.4887E-02  2.4961E-01 -1.4691E-02 -9.7858E-02
  4.5162E-02  2.5220E-01 -1.4872E-02 -9.9060E-02
  4.5440E-02  2.5481E-01 -1.5054E-02 -1.0028E-01
  4.5719E-02  2.5745E-01 -1.5240E-02 -1.0151E-01
  4.5999E-02  2.6011E-01 -1.5427E-02 -1.0275E-01
  4.6282E-02  2.6280E-01 -1.5617E-02 -1.0402E-01
  4.6566E-02  2.6551E-01 -1.5809E-02 -1.0529E-01
  4.6852E-02  2.6825E-01 -1.6003E-02 -1.0659E-01
  4.7139E-02  2.7101E-01 -1.6200E-02 -1.0789E-01
  4.7429E-02  2.7379E-01 -1.6399E-02 -1.0922E-01
  4.7720E-02  2.7661E-01 -1.6601E-02 -1.1056E-01
  4.8012E-02  2.7944E-01 -1.6805E-02 -1.1192E-01
  4.8307E-02  2.8231E-01 -1.7011E-02 -1.1329E-01
  4.8603E-02  2.8519E-01 -1.7220E-02 -1.1468E-01
  4.8902E-02  2.8811E-01 -1.7432E-02 -1.1609E-01
  4.9202E-02  2.9105E-01 -1.7646E-02 -1.1751E-01
  4.9504E-02  2.9402E-01 -1.7863E-02 -1.1895E-01
  4.9807E-02  2.9701E-01 -1.8082E-02 -1.2041E-01
  5.0113E-02  3.0003E-01 -1.8304E-02 -1.2189E-01
  5.0420E-02  3.0308E-01 -1.8529E-02 -1.2338E-01
  5.0730E-02  3.0615E-01 -1.8757E-02 -1.2490E-01
  5.1041E-02  3.0925E-01 -1.8987E-02 -1.2643E-01
  5.1354E-02  3.1238E-01 -1.9220E-02 -1.2798E-01
  5.1669E-02  3.1554E-01 -1.9456E-02 -1.2955E-01
  5.1986E-02  3.1872E-01 -1.9695E-02 -1.3113E-01
  5.2304E-02  3.2193E-01 -1.9937E-02 -1.3274E-01
  5.2625E-02  3.2517E-01 -2.0182E-02 -1.3437E-01
  5.2948E-02  3.2844E-01 -2.0430E-02 -1.3601E-01
  5.3272E-02  3.3174E-01 -2.0680E-02 -1.3768E-01
  5.3599E-02  3.3506E-01 -2.0934E-02 -1.3937E-01
  5.3928E-02  3.3841E-01 -2.1191E-02 -1.4107E-01
  5.4258E-02  3.4180E-01 -2.1451E-02 -1.4280E-01
  5.4591E-02  3.4521E-01 -2.1714E-02 -1.4455E-01
  5.4926E-02  3.4865E-01 -2.1981E-02 -1.4632E-01
  5.5262E-02  3.5212E-01 -2.2251E-02 -1.4811E-01
  5.5601E-02  3.5562E-01 -2.2524E-02 -1.4993E-01
  5.5942E-02  3.5915E-01 -2.2800E-02 -1.5176E-01
  5.6285E-02  3.6271E-01 -2.3080E-02 -1.5362E-01
  5.6630E-02  3.6630E-01 -2.3363E-02 -1.5550E-01
  5.6977E-02  3.6992E-01 -2.3649E-02 -1.5740E-01
  5.7326E-02  3.7357E-01 -2.3939E-02 -1.5933E-01
  5.7677E-02  3.7725E-01 -2.4233E-02 -1.6128E-01
  5.8030E-02  3.8097E-01 -2.4530E-02 -1.6325E-01
  5.8386E-02  3.8471E-01 -2.4831E-02 -1.6525E-01
  5.8744E-02  3.8848E-01 -2.5135E-02 -1.6727E-01
  5.9104E-02  3.9229E-01 -2.5443E-02 -1.6932E-01
  5.9466E-02  3.9613E-01 -2.5755E-02 -1.7139E-01
  5.9830E-02  4.0000E-01 -2.6071E-02 -1.7348E-01
  6.0196E-02  4.0390E-01 -2.6391E-02 -1.7561E-01
  6.0565E-02  4.0783E-01 -2.6714E-02 -1.7775E-01
  6.0936E-02  4.1180E-01 -2.7041E-02 -1.7993E-01
  6.1309E-02  4.1579E-01 -2.7373E-02 -1.8212E-01
  6.1685E-02  4.1982E-01 -2.7708E-02 -1.8435E-01
  6.2063E-02  4.2388E-01 -2.8048E-02 -1.8660E-01
  6.2443E-02  4.2798E-01 -2.8391E-02 -1.8888E-01
  6.2825E-02  4.3211E-01 -2.8739E-02 -1.9119E-01
  6.3210E-02  4.3627E-01 -2.9091E-02 -1.9353E-01
  6.3597E-02  4.4046E-01 -2.9447E-02 -1.9589E-01
  6.3986E-02  4.4469E-01 -2.9808E-02 -1.9828E-01
  6.4378E-02  4.4895E-01 -3.0173E-02 -2.0071E-01
  6.4772E-02  4.5325E-01 -3.0543E-02 -2.0316E-01
  6.5169E-02  4.5757E-01 -3.0916E-02 -2.0564E-01
  6.5568E-02  4.6194E-01 -3.1295E-02 -2.0815E-01
  6.5969E-02  4.6633E-01 -3.1678E-02 -2.1069E-01
  6.6373E-02  4.7076E-01 -3.2066E-02 -2.1326E-01
  6.6779E-02  4.7523E-01 -3.2458E-02 -2.1586E-01
  6.7188E-02  4.7973E-01 -3.2856E-02 -2.1850E-01
  6.7599E-02  4.8426E-01 -3.3258E-02 -2.2116E-01
  6.8013E-02  4.8883E-01 -3.3665E-02 -2.2386E-01
  6.8429E-02  4.9344E-01 -3.4077E-02 -2.2659E-01
  6.8848E-02  4.9807E-01 -3.4494E-02 -2.2936E-01
  6.9270E-02  5.0275E-01 -3.4916E-02 -2.3215E-01
  6.9693E-02  5.0746E-01 -3.5343E-02 -2.3498E-01
  7.0120E-02  5.1220E-01 -3.5775E-02 -2.3785E-01
  7.0549E-02  5.1698E-01 -3.6213E-02 -2.4075E-01
  7.0981E-02  5.2180E-01 -3.6656E-02 -2.4368E-01
  7.1415E-02  5.2665E-01 -3.7104E-02 -2.4665E-01
  7.1852E-02  5.3154E-01 -3.7558E-02 -2.4966E-01
  7.2292E-02  5.3646E-01 -3.8017E-02 -2.5270E-01
  7.2734E-02  5.4142E-01 -3.8482E-02 -2.5578E-01
  7.3179E-02  5.4642E-01 -3.8952E-02 -2.5890E-01
  7.3627E-02  5.5145E-01 -3.9429E-02 -2.6205E-01
  7.4077E-02  5.5652E-01 -3.9911E-02 -2.6524E-01
  7.4530E-02  5.6162E-01 -4.0398E-02 -2.6847E-01
  7.4986E-02  5.6677E-01 -4.0892E-02 -2.7174E-01
  7.5445E-02  5.7194E-01 -4.1392E-02 -2.7505E-01
  7.5906E-02  5.7716E-01 -4.1898E-02 -2.7840E-01
  7.6370E-02  5.8241E-01 -4.2410E-02 -2.8179E-01
  7.6838E-02  5.8770E-01 -4.2928E-02 -2.8522E-01
  7.7307E-02  5.9303E-01 -4.3452E-02 -2.8869E-01
  7.7780E-02  5.9839E-01 -4.3983E-02 -2.9220E-01
  7.8256E-02  6.0379E-01 -4.4520E-02 -2.9575E-01
  7.8735E-02  6.0923E-01 -4.5064E-02 -2.9935E-01
  7.9216E-02  6.1470E-01 -4.5614E-02 -3.0299E-01
  7.9700E-02  6.2021E-01 -4.6171E-02 -3.0668E-01
  8.0188E-02  6.2576E-01 -4.6735E-02 -3.1040E-01
  8.0678E-02  6.3135E-01 -4.7305E-02 -3.1418E-01
  8.1171E-02  6.3697E-01 -4.7883E-02 -3.1800E-01
  8.1668E-02  6.4263E-01 -4.8467E-02 -3.2186E-01
  8.2167E-02  6.4833E-01 -4.9059E-02 -3.2577E-01
  8.2669E-02  6.5407E-01 -4.9658E-02 -3.2973E-01
  8.3175E-02  6.5984E-01 -5.0264E-02 -3.3374E-01
  8.3683E-02  6.6566E-01 -5.0877E-02 -3.3779E-01
  8.4195E-02  6.7151E-01 -5.1498E-02 -3.4189E-01
  8.4709E-02  6.7739E-01 -5.2126E-02 -3.4604E-01
  8.5227E-02  6.8332E-01 -5.2762E-02 -3.5024E-01
  8.5748E-02  6.8928E-01 -5.3405E-02 -3.5449E-01
  8.6272E-02  6.9528E-01 -5.4057E-02 -3.5880E-01
  8.6800E-02  7.0132E-01 -5.4716E-02 -3.6315E-01
  8.7330E-02  7.0740E-01 -5.5383E-02 -3.6756E-01
  8.7864E-02  7.1351E-01 -5.6059E-02 -3.7201E-01
  8.8401E-02  7.1966E-01 -5.6742E-02 -3.7653E-01
  8.8941E-02  7.2585E-01 -5.7434E-02 -3.8109E-01
  8.9485E-02  7.3208E-01 -5.8134E-02 -3.8571E-01
  9.0032E-02  7.3834E-01 -5.8842E-02 -3.9039E-01
  9.0582E-02  7.4465E-01 -5.9559E-02 -3.9512E-01
  9.1135E-02  7.5099E-01 -6.0285E-02 -3.9991E-01
  9.1692E-02  7.5736E-01 -6.1020E-02 -4.0475E-01
  9.2252E-02  7.6378E-01 -6.1763E-02 -4.0966E-01
  9.2816E-02  7.7023E-01 -6.2515E-02 -4.1462E-01
  9.3383E-02  7.7672E-01 -6.3277E-02 -4.1964E-01
  9.3954E-02  7.8324E-01 -6.4047E-02 -4.2472E-01
  9.4528E-02  7.8981E-01 -6.4827E-02 -4.2986E-01
  9.5105E-02  7.9641E-01 -6.5617E-02 -4.3507E-01
  9.5686E-02  8.0305E-01 -6.6416E-02 -4.4033E-01
  9.6271E-02  8.0972E-01 -6.7224E-02 -4.4566E-01
  9.6859E-02  8.1643E-01 -6.8042E-02 -4.5105E-01
  9.7451E-02  8.2318E-01 -6.8871E-02 -4.5650E-01
  9.8046E-02  8.2996E-01 -6.9709E-02 -4.6202E-01
  9.8645E-02  8.3678E-01 -7.0557E-02 -4.6761E-01
  9.9248E-02  8.4364E-01 -7.1415E-02 -4.7326E-01
  9.9854E-02  8.5053E-01 -7.2284E-02 -4.7898E-01
  1.0046E-01  8.5746E-01 -7.3164E-02 -4.8477E-01
  1.0108E-01  8.6443E-01 -7.4053E-02 -4.9062E-01
  1.0169E-01  8.7143E-01 -7.4954E-02 -4.9655E-01
  1.0232E-01  8.7846E-01 -7.5865E-02 -5.0255E-01
  1.0294E-01  8.8553E-01 -7.6788E-02 -5.0861E-01
  1.0357E-01  8.9264E-01 -7.7721E-02 -5.1475E-01
  1.0420E-01  8.9978E-01 -7.8666E-02 -5.2096E-01
  1.0484E-01  9.0695E-01 -7.9622E-02 -5.2725E-01
  1.0548E-01  9.1416E-01 -8.0590E-02 -5.3361E-01
  1.0612E-01  9.2141E-01 -8.1569E-02 -5.4005E-01
  1.0677E-01  9.2868E-01 -8.2560E-02 -5.4656E-01
  1.0742E-01  9.3600E-01 -8.3563E-02 -5.5315E-01
  1.0808E-01  9.4334E-01 -8.4578E-02 -5.5981E-01
  1.0874E-01  9.5072E-01 -8.5605E-02 -5.6656E-01
  1.0940E-01  9.5813E-01 -8.6645E-02 -5.7338E-01
  1.1007E-01  9.6557E-01 -8.7697E-02 -5.8029E-01
  1.1074E-01  9.7305E-01 -8.8761E-02 -5.8728E-01
  1.1142E-01  9.8056E-01 -8.9839E-02 -5.9435E-01
  1.1210E-01  9.8810E-01 -9.0929E-02 -6.0150E-01
  1.1278E-01  9.9567E-01 -9.2032E-02 -6.0874E-01
  1.1347E-01  1.0033E+00 -9.3149E-02 -6.1606E-01
  1.1416E-01  1.0109E+00 -9.4279E-02 -6.2347E-01
  1.1486E-01  1.0186E+00 -9.5423E-02 -6.3096E-01
  1.1556E-01  1.0263E+00 -9.6580E-02 -6.3855E-01
  1.1627E-01  1.0340E+00 -9.7751E-02 -6.4622E-01
  1.1698E-01  1.0417E+00 -9.8936E-02 -6.5399E-01
  1.1769E-01  1.0495E+00 -1.0014E-01 -6.6184E-01
  1.1841E-01  1.0573E+00 -1.0135E-01 -6.6979E-01
  1.1913E-01  1.0652E+00 -1.0258E-01 -6.7783E-01
  1.1986E-01  1.0730E+00 -1.0382E-01 -6.8597E-01
  1.2059E-01  1.0809E+00 -1.0508E-01 -6.9420E-01
  1.2133E-01  1.0889E+00 -1.0635E-01 -7.0252E-01
  1.2207E-01  1.0968E+00 -1.0764E-01 -7.1095E-01
  1.2281E-01  1.1048E+00 -1.0894E-01 -7.1947E-01
  1.2356E-01  1.1128E+00 -1.1026E-01 -7.2809E-01
  1.2432E-01  1.1208E+00 -1.1160E-01 -7.3682E-01
  1.2508E-01  1.1289E+00 -1.1295E-01 -7.4564E-01
  1.2584E-01  1.1369E+00 -1.1432E-01 -7.5457E-01
  1.2661E-01  1.1450E+00 -1.1570E-01 -7.6361E-01
  1.2738E-01  1.1531E+00 -1.1710E-01 -7.7275E-01
  1.2816E-01  1.1613E+00 -1.1851E-01 -7.8199E-01
  1.2894E-01  1.1694E+00 -1.1995E-01 -7.9134E-01
  1.2973E-01  1.1776E+00 -1.2140E-01 -8.0081E-01
  1.3052E-01  1.1858E+00 -1.2287E-01 -8.1038E-01
  1.3131E-01  1.1941E+00 -1.2435E-01 -8.2006E-01
  1.3212E-01  1.2023E+00 -1.2585E-01 -8.2986E-01
  1.3292E-01  1.2106E+00 -1.2738E-01 -8.3977E-01
  1.3373E-01  1.2189E+00 -1.2891E-01 -8.4979E-01
  1.3455E-01  1.2272E+00 -1.3047E-01 -8.5993E-01
  1.3537E-01  1.2355E+00 -1.3205E-01 -8.7019E-01
  1.3620E-01  1.2438E+00 -1.3364E-01 -8.8057E-01
  1.3703E-01  1.2522E+00 -1.3526E-01 -8.9107E-01
  1.3786E-01  1.2605E+00 -1.3689E-01 -9.0169E-01
  1.3870E-01  1.2689E+00 -1.3854E-01 -9.1243E-01
  1.3955E-01  1.2773E+00 -1.4021E-01 -9.2330E-01
  1.4040E-01  1.2857E+00 -1.4190E-01 -9.3429E-01
  1.4126E-01  1.2941E+00 -1.4361E-01 -9.4541E-01
  1.4212E-01  1.3025E+00 -1.4535E-01 -9.5665E-01
  1.4299E-01  1.3110E+00 -1.4710E-01 -9.6803E-01
  1.4386E-01  1.3194E+00 -1.4887E-01 -9.7954E-01
  1.4474E-01  1.3279E+00 -1.5067E-01 -9.9118E-01
  1.4562E-01  1.3364E+00 -1.5248E-01 -1.0029E+00
  1.4651E-01  1.3448E+00 -1.5432E-01 -1.0149E+00
  1.4740E-01  1.3533E+00 -1.5618E-01 -1.0269E+00
  1.4830E-01  1.3618E+00 -1.5806E-01 -1.0391E+00
  1.4920E-01  1.3703E+00 -1.5996E-01 -1.0514E+00
  1.5011E-01  1.3788E+00 -1.6189E-01 -1.0639E+00
  1.5103E-01  1.3873E+00 -1.6383E-01 -1.0765E+00
  1.5195E-01  1.3958E+00 -1.6581E-01 -1.0892E+00
  1.5288E-01  1.4043E+00 -1.6780E-01 -1.1021E+00
  1.5381E-01  1.4128E+00 -1.6982E-01 -1.1152E+00
  1.5475E-01  1.4213E+00 -1.7186E-01 -1.1284E+00
  1.5569E-01  1.4298E+00 -1.7392E-01 -1.1417E+00
  1.5664E-01  1.4382E+00 -1.7601E-01 -1.1552E+00
  1.5760E-01  1.4467E+00 -1.7813E-01 -1.1688E+00
  1.5856E-01  1.4552E+00 -1.8027E-01 -1.1827E+00
  1.5952E-01  1.4637E+00 -1.8243E-01 -1.1966E+00
  1.6050E-01  1.4722E+00 -1.8462E-01 -1.2107E+00
  1.6148E-01  1.4806E+00 -1.8684E-01 -1.2250E+00
  1.6246E-01  1.4891E+00 -1.8908E-01 -1.2394E+00
  1.6345E-01  1.4975E+00 -1.9135E-01 -1.2540E+00
  1.6445E-01  1.5060E+00 -1.9365E-01 -1.2688E+00
  1.6545E-01  1.5144E+00 -1.9597E-01 -1.2837E+00
  1.6646E-01  1.5228E+00 -1.9832E-01 -1.2988E+00
  1.6747E-01  1.5312E+00 -2.0069E-01 -1.3141E+00
  1.6850E-01  1.5395E+00 -2.0310E-01 -1.3296E+00
  1.6952E-01  1.5479E+00 -2.0553E-01 -1.3452E+00
  1.7056E-01  1.5562E+00 -2.0799E-01 -1.3610E+00
  1.7160E-01  1.5645E+00 -2.1048E-01 -1.3769E+00
  1.7264E-01  1.5728E+00 -2.1300E-01 -1.3931E+00
  1.7370E-01  1.5811E+00 -2.1555E-01 -1.4094E+00
  1.7475E-01  1.5894E+00 -2.1813E-01 -1.4259E+00
  1.7582E-01  1.5976E+00 -2.2073E-01 -1.4426E+00
  1.7689E-01  1.6058E+00 -2.2337E-01 -1.4595E+00
  1.7797E-01  1.6140E+00 -2.2604E-01 -1.4766E+00
  1.7906E-01  1.6221E+00 -2.2874E-01 -1.4938E+00
  1.8015E-01  1.6302E+00 -2.3147E-01 -1.5113E+00
  1.8125E-01  1.6383E+00 -2.3424E-01 -1.5289E+00
  1.8235E-01  1.6464E+00 -2.3703E-01 -1.5468E+00
  1.8346E-01  1.6544E+00 -2.3986E-01 -1.5648E+00
  1.8458E-01  1.6623E+00 -2.4272E-01 -1.5830E+00
  1.8571E-01  1.6703E+00 -2.4561E-01 -1.6015E+00
  1.8684E-01  1.6782E+00 -2.4854E-01 -1.6201E+00
  1.8798E-01  1.6861E+00 -2.5150E-01 -1.6389E+00
  1.8912E-01  1.6939E+00 -2.5450E-01 -1.6580E+00
  1.9028E-01  1.7017E+00 -2.5753E-01 -1.6773E+00
  1.9144E-01  1.7094E+00 -2.6060E-01 -1.6967E+00
  1.9260E-01  1.7171E+00 -2.6370E-01 -1.7164E+00
  1.9378E-01  1.7247E+00 -2.6683E-01 -1.7363E+00
  1.9496E-01  1.7323E+00 -2.7001E-01 -1.7564E+00
  1.9615E-01  1.7398E+00 -2.7322E-01 -1.7768E+00
  1.9734E-01  1.7473E+00 -2.7646E-01 -1.7973E+00
  1.9854E-01  1.7548E+00 -2.7975E-01 -1.8181E+00
  1.9975E-01  1.7621E+00 -2.8307E-01 -1.8391E+00
  2.0097E-01  1.7695E+00 -2.8643E-01 -1.8603E+00
  2.0220E-01  1.7767E+00 -2.8982E-01 -1.8818E+00
  2.0343E-01  1.7839E+00 -2.9326E-01 -1.9035E+00
  2.0467E-01  1.7910E+00 -2.9674E-01 -1.9254E+00
  2.0592E-01  1.7981E+00 -3.0026E-01 -1.9475E+00
  2.0717E-01  1.8051E+00 -3.0381E-01 -1.9699E+00
  2.0843E-01  1.8121E+00 -3.0741E-01 -1.9926E+00
  2.0970E-01  1.8189E+00 -3.1105E-01 -2.0155E+00
  2.1098E-01  1.8257E+00 -3.1473E-01 -2.0386E+00
  2.1227E-01  1.8325E+00 -3.1845E-01 -2.0620E+00
  2.1356E-01  1.8391E+00 -3.2221E-01 -2.0856E+00
  2.1486E-01  1.8457E+00 -3.2602E-01 -2.1094E+00
  2.1617E-01  1.8522E+00 -3.2987E-01 -2.1336E+00
  2.1749E-01  1.8586E+00 -3.3376E-01 -2.1579E+00
  2.1881E-01  1.8649E+00 -3.3770E-01 -2.1826E+00
  2.2015E-01  1.8712E+00 -3.4169E-01 -2.2075E+00
  2.2149E-01  1.8773E+00 -3.4571E-01 -2.2326E+00
  2.2284E-01  1.8834E+00 -3.4979E-01 -2.2580E+00
  2.2420E-01  1.8894E+00 -3.5391E-01 -2.2837E+00
  2.2556E-01  1.8953E+00 -3.5807E-01 -2.3096E+00
  2.2694E-01  1.9010E+00 -3.6229E-01 -2.3359E+00
  2.2832E-01  1.9067E+00 -3.6655E-01 -2.3624E+00
  2.2971E-01  1.9123E+00 -3.7086E-01 -2.3891E+00
  2.3111E-01  1.9178E+00 -3.7521E-01 -2.4162E+00
  2.3252E-01  1.9232E+00 -3.7962E-01 -2.4435E+00
  2.3394E-01  1.9285E+00 -3.8408E-01 -2.4711E+00
  2.3536E-01  1.9337E+00 -3.8858E-01 -2.4990E+00
  2.3680E-01  1.9388E+00 -3.9314E-01 -2.5272E+00
  2.3824E-01  1.9438E+00 -3.9774E-01 -2.5556E+00
  2.3969E-01  1.9486E+00 -4.0240E-01 -2.5844E+00
  2.4115E-01  1.9534E+00 -4.0711E-01 -2.6134E+00
  2.4262E-01  1.9580E+00 -4.1188E-01 -2.6427E+00
  2.4410E-01  1.9625E+00 -4.1669E-01 -2.6724E+00
  2.4558E-01  1.9668E+00 -4.2156E-01 -2.7023E+00
  2.4708E-01  1.9711E+00 -4.2649E-01 -2.7325E+00
  2.4859E-01  1.9752E+00 -4.3146E-01 -2.7631E+00
  2.5010E-01  1.9792E+00 -4.3650E-01 -2.7939E+00
  2.5162E-01  1.9831E+00 -4.4159E-01 -2.8251E+00
  2.5316E-01  1.9868E+00 -4.4673E-01 -2.8565E+00
  2.5470E-01  1.9904E+00 -4.5193E-01 -2.8883E+00
  2.5625E-01  1.9939E+00 -4.5719E-01 -2.9204E+00
  2.5781E-01  1.9972E+00 -4.6251E-01 -2.9528E+00
  2.5938E-01  2.0004E+00 -4.6789E-01 -2.9855E+00
  2.6096E-01  2.0034E+00 -4.7332E-01 -3.0186E+00
  2.6255E-01  2.0063E+00 -4.7881E-01 -3.0519E+00
  2.6415E-01  2.0091E+00 -4.8437E-01 -3.0856E+00
  2.6576E-01  2.0117E+00 -4.8998E-01 -3.1196E+00
  2.6738E-01  2.0141E+00 -4.9566E-01 -3.1540E+00
  2.6901E-01  2.0164E+00 -5.0140E-01 -3.1886E+00
  2.7065E-01  2.0185E+00 -5.0720E-01 -3.2237E+00
  2.7230E-01  2.0205E+00 -5.1306E-01 -3.2590E+00
  2.7395E-01  2.0223E+00 -5.1899E-01 -3.2947E+00
  2.7562E-01  2.0239E+00 -5.2498E-01 -3.3307E+00
  2.7730E-01  2.0254E+00 -5.3103E-01 -3.3671E+00
  2.7899E-01  2.0266E+00 -5.3715E-01 -3.4038E+00
  2.8069E-01  2.0278E+00 -5.4334E-01 -3.4408E+00
  2.8240E-01  2.0287E+00 -5.4959E-01 -3.4782E+00
  2.8412E-01  2.0295E+00 -5.5591E-01 -3.5159E+00
  2.8585E-01  2.0301E+00 -5.6230E-01 -3.5540E+00
  2.8759E-01  2.0305E+00 -5.6876E-01 -3.5925E+00
  2.8934E-01  2.0307E+00 -5.7528E-01 -3.6313E+00
  2.9111E-01  2.0308E+00 -5.8188E-01 -3.6704E+00
  2.9288E-01  2.0306E+00 -5.8854E-01 -3.7099E+00
  2.9466E-01  2.0303E+00 -5.9528E-01 -3.7498E+00
  2.9646E-01  2.0297E+00 -6.0209E-01 -3.7900E+00
  2.9826E-01  2.0290E+00 -6.0897E-01 -3.8306E+00
  3.0008E-01  2.0281E+00 -6.1592E-01 -3.8716E+00
  3.0191E-01  2.0269E+00 -6.2294E-01 -3.9129E+00
  3.0375E-01  2.0256E+00 -6.3004E-01 -3.9546E+00
  3.0560E-01  2.0241E+00 -6.3721E-01 -3.9966E+00
  3.0746E-01  2.0223E+00 -6.4446E-01 -4.0390E+00
  3.0933E-01  2.0204E+00 -6.5178E-01 -4.0818E+00
  3.1121E-01  2.0182E+00 -6.5918E-01 -4.1250E+00
  3.1311E-01  2.0158E+00 -6.6666E-01 -4.1685E+00
  3.1502E-01  2.0132E+00 -6.7422E-01 -4.2124E+00
  3.1693E-01  2.0104E+00 -6.8185E-01 -4.2567E+00
  3.1886E-01  2.0073E+00 -6.8956E-01 -4.3014E+00
  3.2081E-01  2.0041E+00 -6.9735E-01 -4.3464E+00
  3.2276E-01  2.0006E+00 -7.0522E-01 -4.3918E+00
  3.2473E-01  1.9969E+00 -7.1317E-01 -4.4376E+00
  3.2670E-01  1.9929E+00 -7.2120E-01 -4.4838E+00
  3.2869E-01  1.9887E+00 -7.2932E-01 -4.5304E+00
  3.3069E-01  1.9843E+00 -7.3752E-01 -4.5773E+00
  3.3271E-01  1.9797E+00 -7.4580E-01 -4.6246E+00
  3.3473E-01  1.9748E+00 -7.5416E-01 -4.6723E+00
  3.3677E-01  1.9696E+00 -7.6261E-01 -4.7204E+00
  3.3882E-01  1.9643E+00 -7.7114E-01 -4.7689E+00
  3.4089E-01  1.9586E+00 -7.7976E-01 -4.8177E+00
  3.4296E-01  1.9528E+00 -7.8847E-01 -4.8669E+00
  3.4505E-01  1.9467E+00 -7.9726E-01 -4.9165E+00
  3.4715E-01  1.9403E+00 -8.0614E-01 -4.9665E+00
  3.4927E-01  1.9337E+00 -8.1510E-01 -5.0169E+00
  3.5139E-01  1.9268E+00 -8.2416E-01 -5.0677E+00
  3.5353E-01  1.9196E+00 -8.3330E-01 -5.1188E+00
  3.5569E-01  1.9122E+00 -8.4254E-01 -5.1703E+00
  3.5785E-01  1.9046E+00 -8.5187E-01 -5.2222E+00
  3.6003E-01  1.8966E+00 -8.6128E-01 -5.2745E+00
  3.6222E-01  1.8884E+00 -8.7079E-01 -5.3272E+00
  3.6443E-01  1.8800E+00 -8.8039E-01 -5.3802E+00
  3.6665E-01  1.8713E+00 -8.9008E-01 -5.4337E+00
  3.6888E-01  1.8623E+00 -8.9987E-01 -5.4875E+00
  3.7113E-01  1.8530E+00 -9.0975E-01 -5.5416E+00
  3.7339E-01  1.8434E+00 -9.1973E-01 -5.5962E+00
  3.7566E-01  1.8336E+00 -9.2979E-01 -5.6511E+00
  3.7795E-01  1.8235E+00 -9.3996E-01 -5.7064E+00
  3.8025E-01  1.8131E+00 -9.5022E-01 -5.7621E+00
  3.8256E-01  1.8025E+00 -9.6058E-01 -5.8181E+00
  3.8489E-01  1.7915E+00 -9.7103E-01 -5.8745E+00
  3.8724E-01  1.7803E+00 -9.8159E-01 -5.9313E+00
  3.8959E-01  1.7688E+00 -9.9224E-01 -5.9884E+00
  3.9197E-01  1.7570E+00 -1.0030E+00 -6.0459E+00
  3.9435E-01  1.7449E+00 -1.0138E+00 -6.1037E+00
  3.9675E-01  1.7325E+00 -1.0248E+00 -6.1619E+00
  3.9917E-01  1.7198E+00 -1.0358E+00 -6.2204E+00
  4.0160E-01  1.7068E+00 -1.0470E+00 -6.2793E+00
  4.0404E-01  1.6936E+00 -1.0582E+00 -6.3386E+00
  4.0650E-01  1.6800E+00 -1.0696E+00 -6.3981E+00
  4.0898E-01  1.6662E+00 -1.0810E+00 -6.4581E+00
  4.1147E-01  1.6520E+00 -1.0926E+00 -6.5183E+00
  4.1397E-01  1.6376E+00 -1.1043E+00 -6.5789E+00
  4.1649E-01  1.6228E+00 -1.1160E+00 -6.6398E+00
  4.1903E-01  1.6078E+00 -1.1279E+00 -6.7010E+00
  4.2158E-01  1.5924E+00 -1.1398E+00 -6.7625E+00
  4.2415E-01  1.5767E+00 -1.1519E+00 -6.8244E+00
  4.2673E-01  1.5608E+00 -1.1641E+00 -6.8865E+00
  4.2933E-01  1.5445E+00 -1.1764E+00 -6.9490E+00
  4.3194E-01  1.5279E+00 -1.1888E+00 -7.0118E+00
  4.3457E-01  1.5111E+00 -1.2013E+00 -7.0748E+00
  4.3722E-01  1.4939E+00 -1.2139E+00 -7.1381E+00
  4.3988E-01  1.4764E+00 -1.2266E+00 -7.2017E+00
  4.4256E-01  1.4586E+00 -1.2394E+00 -7.2656E+00
  4.4525E-01  1.4405E+00 -1.2523E+00 -7.3298E+00
  4.4796E-01  1.4220E+00 -1.2653E+00 -7.3942E+00
  4.5069E-01  1.4033E+00 -1.2784E+00 -7.4588E+00
  4.5343E-01  1.3843E+00 -1.2917E+00 -7.5237E+00
  4.5619E-01  1.3649E+00 -1.3050E+00 -7.5889E+00
  4.5897E-01  1.3453E+00 -1.3185E+00 -7.6542E+00
  4.6176E-01  1.3253E+00 -1.3320E+00 -7.7198E+00
  4.6457E-01  1.3050E+00 -1.3457E+00 -7.7856E+00
  4.6740E-01  1.2844E+00 -1.3594E+00 -7.8517E+00
  4.7025E-01  1.2636E+00 -1.3733E+00 -7.9179E+00
  4.7311E-01  1.2423E+00 -1.3873E+00 -7.9843E+00
  4.7599E-01  1.2208E+00 -1.4014E+00 -8.0508E+00
  4.7889E-01  1.1990E+00 -1.4156E+00 -8.1176E+00
  4.8180E-01  1.1769E+00 -1.4299E+00 -8.1845E+00
  4.8473E-01  1.1544E+00 -1.4443E+00 -8.2515E+00
  4.8768E-01  1.1317E+00 -1.4588E+00 -8.3187E+00
  4.9065E-01  1.1086E+00 -1.4735E+00 -8.3860E+00
  4.9364E-01  1.0853E+00 -1.4882E+00 -8.4534E+00
  4.9664E-01  1.0616E+00 -1.5030E+00 -8.5209E+00
  4.9967E-01  1.0376E+00 -1.5180E+00 -8.5886E+00
  5.0271E-01  1.0134E+00 -1.5330E+00 -8.6563E+00
  5.0577E-01  9.8879E-01 -1.5482E+00 -8.7240E+00
  5.0885E-01  9.6391E-01 -1.5634E+00 -8.7918E+00
  5.1194E-01  9.3874E-01 -1.5788E+00 -8.8597E+00
  5.1506E-01  9.1326E-01 -1.5942E+00 -8.9276E+00
  5.1820E-01  8.8749E-01 -1.6098E+00 -8.9955E+00
  5.2135E-01  8.6142E-01 -1.6255E+00 -9.0634E+00
  5.2452E-01  8.3506E-01 -1.6412E+00 -9.1313E+00
  5.2772E-01  8.0840E-01 -1.6571E+00 -9.1992E+00
  5.3093E-01  7.8145E-01 -1.6731E+00 -9.2670E+00
  5.3416E-01  7.5422E-01 -1.6891E+00 -9.3348E+00
  5.3741E-01  7.2669E-01 -1.7053E+00 -9.4025E+00
  5.4068E-01  6.9889E-01 -1.7215E+00 -9.4701E+00
  5.4397E-01  6.7080E-01 -1.7379E+00 -9.5376E+00
  5.4728E-01  6.4243E-01 -1.7544E+00 -9.6049E+00
  5.5061E-01  6.1378E-01 -1.7709E+00 -9.6722E+00
  5.5397E-01  5.8485E-01 -1.7875E+00 -9.7392E+00
  5.5734E-01  5.5566E-01 -1.8043E+00 -9.8061E+00
  5.6073E-01  5.2619E-01 -1.8211E+00 -9.8728E+00
  5.6414E-01  4.9645E-01 -1.8380E+00 -9.9393E+00
  5.6758E-01  4.6645E-01 -1.8550E+00 -1.0006E+01
  5.7103E-01  4.3619E-01 -1.8721E+00 -1.0072E+01
  5.7451E-01  4.0567E-01 -1.8893E+00 -1.0137E+01
  5.7800E-01  3.7490E-01 -1.9065E+00 -1.0203E+01
  5.8152E-01  3.4387E-01 -1.9239E+00 -1.0268E+01
  5.8506E-01  3.1260E-01 -1.9413E+00 -1.0333E+01
  5.8862E-01  2.8108E-01 -1.9588E+00 -1.0397E+01
  5.9220E-01  2.4932E-01 -1.9764E+00 -1.0461E+01
  5.9581E-01  2.1732E-01 -1.9940E+00 -1.0525E+01
  5.9943E-01  1.8509E-01 -2.0118E+00 -1.0588E+01
  6.0308E-01  1.5263E-01 -2.0296E+00 -1.0651E+01
  6.0675E-01  1.1995E-01 -2.0474E+00 -1.0713E+01
  6.1045E-01  8.7044E-02 -2.0654E+00 -1.0775E+01
  6.1416E-01  5.3925E-02 -2.0834E+00 -1.0836E+01
  6.1790E-01  2.0594E-02 -2.1014E+00 -1.0897E+01
  6.2166E-01 -1.2943E-02 -2.1196E+00 -1.0957E+01
  6.2544E-01 -4.6682E-02 -2.1378E+00 -1.1017E+01
  6.2925E-01 -8.0617E-02 -2.1560E+00 -1.1076E+01
  6.3308E-01 -1.1474E-01 -2.1743E+00 -1.1135E+01
  6.3693E-01 -1.4906E-01 -2.1926E+00 -1.1192E+01
  6.4081E-01 -1.8355E-01 -2.2110E+00 -1.1249E+01
  6.4471E-01 -2.1822E-01 -2.2295E+00 -1.1306E+01
  6.4863E-01 -2.5305E-01 -2.2479E+00 -1.1361E+01
  6.5258E-01 -2.8806E-01 -2.2665E+00 -1.1416E+01
  6.5655E-01 -3.2321E-01 -2.2850E+00 -1.1470E+01
  6.6054E-01 -3.5852E-01 -2.3036E+00 -1.1523E+01
  6.6456E-01 -3.9398E-01 -2.3222E+00 -1.1576E+01
  6.6861E-01 -4.2957E-01 -2.3408E+00 -1.1627E+01
  6.7268E-01 -4.6530E-01 -2.3595E+00 -1.1678E+01
  6.7677E-01 -5.0115E-01 -2.3782E+00 -1.1727E+01
  6.8089E-01 -5.3711E-01 -2.3969E+00 -1.1776E+01
  6.8503E-01 -5.7319E-01 -2.4156E+00 -1.1823E+01
  6.8920E-01 -6.0938E-01 -2.4343E+00 -1.1870E+01
  6.9340E-01 -6.4566E-01 -2.4530E+00 -1.1915E+01
  6.9762E-01 -6.8203E-01 -2.4717E+00 -1.1960E+01
  7.0186E-01 -7.1848E-01 -2.4904E+00 -1.2003E+01
  7.0613E-01 -7.5500E-01 -2.5091E+00 -1.2045E+01
  7.1043E-01 -7.9159E-01 -2.5278E+00 -1.2086E+01
  7.1475E-01 -8.2824E-01 -2.5464E+00 -1.2126E+01
  7.1910E-01 -8.6494E-01 -2.5650E+00 -1.2165E+01
  7.2348E-01 -9.0168E-01 -2.5836E+00 -1.2202E+01
  7.2788E-01 -9.3845E-01 -2.6022E+00 -1.2238E+01
  7.3231E-01 -9.7524E-01 -2.6207E+00 -1.2272E+01
  7.3677E-01 -1.0121E+00 -2.6392E+00 -1.2306E+01
  7.4125E-01 -1.0489E+00 -2.6576E+00 -1.2338E+01
  7.4576E-01 -1.0857E+00 -2.6760E+00 -1.2368E+01
  7.5030E-01 -1.1225E+00 -2.6943E+00 -1.2397E+01
  7.5487E-01 -1.1593E+00 -2.7126E+00 -1.2424E+01
  7.5946E-01 -1.1960E+00 -2.7307E+00 -1.2450E+01
  7.6408E-01 -1.2327E+00 -2.7488E+00 -1.2474E+01
  7.6873E-01 -1.2693E+00 -2.7668E+00 -1.2497E+01
  7.7341E-01 -1.3059E+00 -2.7847E+00 -1.2518E+01
  7.7811E-01 -1.3424E+00 -2.8025E+00 -1.2538E+01
  7.8285E-01 -1.3789E+00 -2.8202E+00 -1.2556E+01
  7.8761E-01 -1.4152E+00 -2.8378E+00 -1.2572E+01
  7.9241E-01 -1.4514E+00 -2.8553E+00 -1.2586E+01
  7.9723E-01 -1.4875E+00 -2.8726E+00 -1.2598E+01
  8.0208E-01 -1.5235E+00 -2.8898E+00 -1.2609E+01
  8.0696E-01 -1.5594E+00 -2.9069E+00 -1.2618E+01
  8.1187E-01 -1.5951E+00 -2.9238E+00 -1.2625E+01
  8.1681E-01 -1.6306E+00 -2.9406E+00 -1.2630E+01
  8.2178E-01 -1.6660E+00 -2.9572E+00 -1.2633E+01
  8.2678E-01 -1.7011E+00 -2.9736E+00 -1.2635E+01
  8.3181E-01 -1.7361E+00 -2.9899E+00 -1.2634E+01
  8.3687E-01 -1.7709E+00 -3.0059E+00 -1.2631E+01
  8.4196E-01 -1.8054E+00 -3.0218E+00 -1.2626E+01
  8.4709E-01 -1.8397E+00 -3.0374E+00 -1.2619E+01
  8.5224E-01 -1.8738E+00 -3.0529E+00 -1.2610E+01
  8.5743E-01 -1.9076E+00 -3.0681E+00 -1.2599E+01
  8.6265E-01 -1.9411E+00 -3.0831E+00 -1.2586E+01
  8.6789E-01 -1.9744E+00 -3.0978E+00 -1.2570E+01
  8.7318E-01 -2.0073E+00 -3.1123E+00 -1.2553E+01
  8.7849E-01 -2.0399E+00 -3.1265E+00 -1.2533E+01
  8.8383E-01 -2.0722E+00 -3.1405E+00 -1.2511E+01
  8.8921E-01 -2.1042E+00 -3.1542E+00 -1.2486E+01
  8.9462E-01 -2.1358E+00 -3.1675E+00 -1.2460E+01
  9.0007E-01 -2.1670E+00 -3.1806E+00 -1.2431E+01
  9.0554E-01 -2.1978E+00 -3.1934E+00 -1.2400E+01
  9.1105E-01 -2.2282E+00 -3.2059E+00 -1.2366E+01
  9.1660E-01 -2.2583E+00 -3.2180E+00 -1.2330E+01
  9.2217E-01 -2.2879E+00 -3.2298E+00 -1.2292E+01
  9.2778E-01 -2.3170E+00 -3.2412E+00 -1.2251E+01
  9.3343E-01 -2.3457E+00 -3.2522E+00 -1.2208E+01
  9.3911E-01 -2.3739E+00 -3.2629E+00 -1.2162E+01
  9.4482E-01 -2.4017E+00 -3.2732E+00 -1.2114E+01
  9.5057E-01 -2.4289E+00 -3.2831E+00 -1.2064E+01
  9.5635E-01 -2.4556E+00 -3.2926E+00 -1.2011E+01
  9.6217E-01 -2.4818E+00 -3.3017E+00 -1.1956E+01
  9.6803E-01 -2.5074E+00 -3.3103E+00 -1.1898E+01
  9.7392E-01 -2.5325E+00 -3.3185E+00 -1.1838E+01
  9.7984E-01 -2.5569E+00 -3.3263E+00 -1.1775E+01
  9.8581E-01 -2.5808E+00 -3.3336E+00 -1.1710E+01
  9.9180E-01 -2.6041E+00 -3.3403E+00 -1.1643E+01
  9.9784E-01 -2.6267E+00 -3.3466E+00 -1.1573E+01
  1.0039E+00 -2.6487E+00 -3.3524E+00 -1.1500E+01
  1.0100E+00 -2.6700E+00 -3.3577E+00 -1.1425E+01
  1.0162E+00 -2.6907E+00 -3.3624E+00 -1.1348E+01
  1.0223E+00 -2.7106E+00 -3.3666E+00 -1.1268E+01
  1.0286E+00 -2.7299E+00 -3.3702E+00 -1.1185E+01
  1.0348E+00 -2.7484E+00 -3.3733E+00 -1.1101E+01
  1.0411E+00 -2.7662E+00 -3.3758E+00 -1.1014E+01
  1.0475E+00 -2.7832E+00 -3.3777E+00 -1.0924E+01
  1.0538E+00 -2.7994E+00 -3.3789E+00 -1.0832E+01
  1.0602E+00 -2.8149E+00 -3.3796E+00 -1.0738E+01
  1.0667E+00 -2.8295E+00 -3.3796E+00 -1.0642E+01
  1.0732E+00 -2.8433E+00 -3.3789E+00 -1.0543E+01
  1.0797E+00 -2.8563E+00 -3.3776E+00 -1.0442E+01
  1.0863E+00 -2.8684E+00 -3.3756E+00 -1.0338E+01
  1.0929E+00 -2.8797E+00 -3.3730E+00 -1.0233E+01
  1.0995E+00 -2.8900E+00 -3.3696E+00 -1.0125E+01
  1.1062E+00 -2.8995E+00 -3.3655E+00 -1.0015E+01
  1.1130E+00 -2.9080E+00 -3.3607E+00 -9.9027E+00
  1.1197E+00 -2.9157E+00 -3.3551E+00 -9.7885E+00
  1.1265E+00 -2.9223E+00 -3.3487E+00 -9.6722E+00
  1.1334E+00 -2.9280E+00 -3.3416E+00 -9.5540E+00
  1.1403E+00 -2.9327E+00 -3.3337E+00 -9.4338E+00
  1.1472E+00 -2.9364E+00 -3.3250E+00 -9.3117E+00
  1.1542E+00 -2.9392E+00 -3.3155E+00 -9.1877E+00
  1.1612E+00 -2.9409E+00 -3.3052E+00 -9.0619E+00
  1.1683E+00 -2.9415E+00 -3.2940E+00 -8.9343E+00
  1.1754E+00 -2.9411E+00 -3.2820E+00 -8.8051E+00
  1.1826E+00 -2.9397E+00 -3.2691E+00 -8.6741E+00
  1.1897E+00 -2.9371E+00 -3.2553E+00 -8.5416E+00
  1.1970E+00 -2.9335E+00 -3.2407E+00 -8.4075E+00
  1.2043E+00 -2.9288E+00 -3.2251E+00 -8.2720E+00
  1.2116E+00 -2.9229E+00 -3.2086E+00 -8.1350E+00
  1.2190E+00 -2.9159E+00 -3.1912E+00 -7.9967E+00
  1.2264E+00 -2.9078E+00 -3.1728E+00 -7.8572E+00
  1.2338E+00 -2.8985E+00 -3.1535E+00 -7.7164E+00
  1.2413E+00 -2.8881E+00 -3.1332E+00 -7.5745E+00
  1.2489E+00 -2.8765E+00 -3.1120E+00 -7.4315E+00
  1.2565E+00 -2.8637E+00 -3.0897E+00 -7.2876E+00
  1.2641E+00 -2.8496E+00 -3.0665E+00 -7.1428E+00
  1.2718E+00 -2.8344E+00 -3.0422E+00 -6.9971E+00
  1.2796E+00 -2.8180E+00 -3.0170E+00 -6.8507E+00
  1.2874E+00 -2.8003E+00 -2.9907E+00 -6.7036E+00
  1.2952E+00 -2.7813E+00 -2.9633E+00 -6.5559E+00
  1.3031E+00 -2.7612E+00 -2.9349E+00 -6.4078E+00
  1.3110E+00 -2.7397E+00 -2.9054E+00 -6.2592E+00
  1.3190E+00 -2.7170E+00 -2.8749E+00 -6.1104E+00
  1.3270E+00 -2.6930E+00 -2.8433E+00 -5.9613E+00
  1.3351E+00 -2.6677E+00 -2.8106E+00 -5.8120E+00
  1.3432E+00 -2.6411E+00 -2.7768E+00 -5.6627E+00
  1.3514E+00 -2.6132E+00 -2.7420E+00 -5.5135E+00
  1.3596E+00 -2.5840E+00 -2.7060E+00 -5.3644E+00
  1.3679E+00 -2.5534E+00 -2.6689E+00 -5.2155E+00
  1.3762E+00 -2.5216E+00 -2.6306E+00 -5.0670E+00
  1.3845E+00 -2.4884E+00 -2.5913E+00 -4.9189E+00
  1.3930E+00 -2.4538E+00 -2.5508E+00 -4.7712E+00
  1.4014E+00 -2.4180E+00 -2.5092E+00 -4.6242E+00
  1.4100E+00 -2.3808E+00 -2.4665E+00 -4.4780E+00
  1.4185E+00 -2.3422E+00 -2.4226E+00 -4.3325E+00
  1.4272E+00 -2.3023E+00 -2.3776E+00 -4.1879E+00
  1.4359E+00 -2.2611E+00 -2.3315E+00 -4.0443E+00
  1.4446E+00 -2.2186E+00 -2.2842E+00 -3.9019E+00
  1.4534E+00 -2.1747E+00 -2.2358E+00 -3.7606E+00
  1.4622E+00 -2.1294E+00 -2.1862E+00 -3.6206E+00
  1.4711E+00 -2.0828E+00 -2.1355E+00 -3.4820E+00
  1.4801E+00 -2.0349E+00 -2.0837E+00 -3.3449E+00
  1.4891E+00 -1.9857E+00 -2.0307E+00 -3.2093E+00
  1.4981E+00 -1.9352E+00 -1.9766E+00 -3.0754E+00
  1.5072E+00 -1.8834E+00 -1.9214E+00 -2.9433E+00
  1.5164E+00 -1.8302E+00 -1.8651E+00 -2.8131E+00
  1.5256E+00 -1.7758E+00 -1.8077E+00 -2.6848E+00
  1.5349E+00 -1.7201E+00 -1.7491E+00 -2.5585E+00
  1.5443E+00 -1.6632E+00 -1.6895E+00 -2.4344E+00
  1.5537E+00 -1.6050E+00 -1.6288E+00 -2.3124E+00
  1.5631E+00 -1.5455E+00 -1.5670E+00 -2.1928E+00
  1.5726E+00 -1.4849E+00 -1.5042E+00 -2.0756E+00
  1.5822E+00 -1.4231E+00 -1.4404E+00 -1.9608E+00
  1.5918E+00 -1.3601E+00 -1.3755E+00 -1.8486E+00
  1.6015E+00 -1.2959E+00 -1.3096E+00 -1.7390E+00
  1.6112E+00 -1.2306E+00 -1.2427E+00 -1.6321E+00
  1.6210E+00 -1.1642E+00 -1.1748E+00 -1.5280E+00
  1.6309E+00 -1.0967E+00 -1.1060E+00 -1.4268E+00
  1.6408E+00 -1.0282E+00 -1.0362E+00 -1.3285E+00
  1.6508E+00 -9.5862E-01 -9.6554E-01 -1.2332E+00
  1.6608E+00 -8.8805E-01 -8.9398E-01 -1.1409E+00
  1.6709E+00 -8.1652E-01 -8.2156E-01 -1.0518E+00
  1.6811E+00 -7.4405E-01 -7.4829E-01 -9.6582E-01
  1.6913E+00 -6.7068E-01 -6.7422E-01 -8.8309E-01
  1.7016E+00 -5.9645E-01 -5.9938E-01 -8.0364E-01
  1.7120E+00 -5.2139E-01 -5.2378E-01 -7.2750E-01
  1.7224E+00 -4.4554E-01 -4.4747E-01 -6.5474E-01
  1.7329E+00 -3.6895E-01 -3.7048E-01 -5.8536E-01
  1.7434E+00 -2.9165E-01 -2.9285E-01 -5.1940E-01
  1.7540E+00 -2.1369E-01 -2.1461E-01 -4.5688E-01
  1.7647E+00 -1.3511E-01 -1.3581E-01 -3.9779E-01
  1.7754E+00 -5.5972E-02 -5.6484E-02 -3.4211E-01
  1.7862E+00  2.3690E-02  2.3324E-02 -2.9003E-01
  1.7971E+00  1.0382E-01  1.0357E-01 -2.4172E-01
  1.8080E+00  1.8437E-01  1.8420E-01 -1.9734E-01
  1.8190E+00  2.6527E-01  2.6517E-01 -1.5709E-01
  1.8301E+00  3.4649E-01  3.4642E-01 -1.2111E-01
  1.8412E+00  4.2795E-01  4.2792E-01 -8.9569E-02
  1.8524E+00  5.0960E-01  5.0959E-01 -6.2620E-02
  1.8637E+00  5.9139E-01  5.9138E-01 -4.0395E-02
  1.8750E+00  6.7324E-01  6.7323E-01 -2.3008E-02
  1.8864E+00  7.5509E-01  7.5509E-01 -1.0550E-02
  1.8979E+00  8.3688E-01  8.3688E-01 -3.0769E-03
  1.9094E+00  9.1854E-01  9.1854E-01  0.0000E+00
  1.9211E+00  1.0000E+00  1.0000E+00  0.0000E+00
  1.9328E+00  1.0812E+00  1.0812E+00  0.0000E+00
  1.9445E+00  1.1620E+00  1.1620E+00  0.0000E+00
  1.9563E+00  1.2425E+00  1.2425E+00  0.0000E+00
  1.9682E+00  1.3224E+00  1.3224E+00  0.0000E+00
  1.9802E+00  1.4018E+00  1.4018E+00  0.0000E+00
  1.9923E+00  1.4806E+00  1.4806E+00  0.0000E+00
  2.0044E+00  1.5586E+00  1.5586E+00  0.0000E+00
  2.0166E+00  1.6358E+00  1.6358E+00  0.0000E+00
  2.0288E+00  1.7122E+00  1.7122E+00  0.0000E+00
  2.0412E+00  1.7875E+00  1.7875E+00  0.0000E+00
  2.0536E+00  1.8619E+00  1.8619E+00  0.0000E+00
  2.0661E+00  1.9350E+00  1.9350E+00  0.0000E+00
  2.0787E+00  2.0070E+00  2.0070E+00  0.0000E+00
  2.0913E+00  2.0777E+00  2.0777E+00  0.0000E+00
  2.1040E+00  2.1470E+00  2.1470E+00  0.0000E+00
  2.1168E+00  2.2148E+00  2.2148E+00  0.0000E+00
  2.1297E+00  2.2810E+00  2.2810E+00  0.0000E+00
  2.1426E+00  2.3455E+00  2.3455E+00  0.0000E+00
  2.1557E+00  2.4084E+00  2.4084E+00  0.0000E+00
  2.1688E+00  2.4693E+00  2.4693E+00  0.0000E+00
  2.1820E+00  2.5284E+00  2.5284E+00  0.0000E+00
  2.1953E+00  2.5854E+00  2.5854E+00  0.0000E+00
  2.2086E+00  2.6403E+00  2.6403E+00  0.0000E+00
  2.2220E+00  2.6930E+00  2.6930E+00  0.0000E+00
  2.2356E+00  2.7435E+00  2.7435E+00  0.0000E+00
  2.2492E+00  2.7915E+00  2.7915E+00  0.0000E+00
  2.2628E+00  2.8371E+00  2.8371E+00  0.0000E+00
  2.2766E+00  2.8801E+00  2.8801E+00  0.0000E+00
  2.2905E+00  2.9204E+00  2.9204E+00  0.0000E+00
  2.3044E+00  2.9581E+00  2.9581E+00  0.0000E+00
  2.3184E+00  2.9929E+00  2.9929E+00  0.0000E+00
  2.3325E+00  3.0248E+00  3.0248E+00  0.0000E+00
  2.3467E+00  3.0537E+00  3.0537E+00  0.0000E+00
  2.3610E+00  3.0795E+00  3.0795E+00  0.0000E+00
  2.3753E+00  3.1022E+00  3.1022E+00  0.0000E+00
  2.3898E+00  3.1217E+00  3.1217E+00  0.0000E+00
  2.4043E+00  3.1379E+00  3.1379E+00  0.0000E+00
  2.4189E+00  3.1506E+00  3.1506E+00  0.0000E+00
  2.4337E+00  3.1600E+00  3.1600E+00  0.0000E+00
  2.4485E+00  3.1658E+00  3.1658E+00  0.0000E+00
  2.4634E+00  3.1680E+00  3.1680E+00  0.0000E+00
  2.4783E+00  3.1666E+00  3.1666E+00  0.0000E+00
  2.4934E+00  3.1615E+00  3.1615E+00  0.0000E+00
  2.5086E+00  3.1526E+00  3.1526E+00  0.0000E+00
  2.5238E+00  3.1399E+00  3.1399E+00  0.0000E+00
  2.5392E+00  3.1234E+00  3.1234E+00  0.0000E+00
  2.5546E+00  3.1030E+00  3.1030E+00  0.0000E+00
  2.5702E+00  3.0786E+00  3.0786E+00  0.0000E+00
  2.5858E+00  3.0502E+00  3.0502E+00  0.0000E+00
