 # l=           2 basis function with energy    0.29999999999999999     
  0.0000E+00 -0.0000E+00  0.0000E+00  0.0000E+00
  5.0071E-06 -9.0166E-13  1.2075E-16  1.5118E-15
  1.0085E-05 -5.6914E-12  9.8674E-16  1.2354E-14
  1.5236E-05 -1.6861E-11  3.4019E-15  4.2591E-14
  2.0459E-05 -3.6648E-11  8.2375E-15  1.0313E-13
  2.5757E-05 -6.7226E-11  1.6437E-14  2.0578E-13
  3.1130E-05 -1.1077E-10  2.9018E-14  3.6330E-13
  3.6579E-05 -1.6951E-10  4.7079E-14  5.8942E-13
  4.2106E-05 -2.4571E-10  7.1805E-14  8.9898E-13
  4.7711E-05 -3.4174E-10  1.0447E-13  1.3079E-12
  5.3395E-05 -4.6005E-10  1.4643E-13  1.8333E-12
  5.9161E-05 -6.0320E-10  1.9918E-13  2.4937E-12
  6.5008E-05 -7.7386E-10  2.6426E-13  3.3085E-12
  7.0939E-05 -9.7484E-10  3.4338E-13  4.2991E-12
  7.6953E-05 -1.2091E-09  4.3834E-13  5.4880E-12
  8.3053E-05 -1.4796E-09  5.5106E-13  6.8992E-12
  8.9240E-05 -1.7898E-09  6.8361E-13  8.5587E-12
  9.5514E-05 -2.1428E-09  8.3818E-13  1.0494E-11
  1.0188E-04 -2.5424E-09  1.0171E-12  1.2734E-11
  1.0833E-04 -2.9923E-09  1.2229E-12  1.5311E-11
  1.1488E-04 -3.4964E-09  1.4583E-12  1.8257E-11
  1.2152E-04 -4.0588E-09  1.7260E-12  2.1609E-11
  1.2825E-04 -4.6839E-09  2.0291E-12  2.5404E-11
  1.3508E-04 -5.3762E-09  2.3707E-12  2.9681E-11
  1.4200E-04 -6.1406E-09  2.7544E-12  3.4485E-11
  1.4903E-04 -6.9821E-09  3.1837E-12  3.9859E-11
  1.5615E-04 -7.9060E-09  3.6624E-12  4.5853E-11
  1.6338E-04 -8.9179E-09  4.1946E-12  5.2516E-11
  1.7070E-04 -1.0024E-08  4.7847E-12  5.9904E-11
  1.7813E-04 -1.1229E-08  5.4372E-12  6.8073E-11
  1.8567E-04 -1.2541E-08  6.1570E-12  7.7085E-11
  1.9332E-04 -1.3967E-08  6.9492E-12  8.7003E-11
  2.0107E-04 -1.5512E-08  7.8192E-12  9.7895E-11
  2.0893E-04 -1.7186E-08  8.7728E-12  1.0983E-10
  2.1691E-04 -1.8995E-08  9.8162E-12  1.2290E-10
  2.2499E-04 -2.0948E-08  1.0956E-11  1.3716E-10
  2.3320E-04 -2.3053E-08  1.2198E-11  1.5272E-10
  2.4151E-04 -2.5320E-08  1.3551E-11  1.6965E-10
  2.4995E-04 -2.7758E-08  1.5021E-11  1.8806E-10
  2.5851E-04 -3.0378E-08  1.6617E-11  2.0805E-10
  2.6719E-04 -3.3189E-08  1.8348E-11  2.2971E-10
  2.7599E-04 -3.6202E-08  2.0221E-11  2.5317E-10
  2.8492E-04 -3.9430E-08  2.2248E-11  2.7854E-10
  2.9397E-04 -4.2884E-08  2.4436E-11  3.0594E-10
  3.0315E-04 -4.6576E-08  2.6799E-11  3.3551E-10
  3.1246E-04 -5.0521E-08  2.9345E-11  3.6739E-10
  3.2191E-04 -5.4732E-08  3.2087E-11  4.0173E-10
  3.3149E-04 -5.9224E-08  3.5038E-11  4.3867E-10
  3.4120E-04 -6.4011E-08  3.8209E-11  4.7838E-10
  3.5106E-04 -6.9111E-08  4.1616E-11  5.2103E-10
  3.6105E-04 -7.4540E-08  4.5272E-11  5.6680E-10
  3.7118E-04 -8.0314E-08  4.9192E-11  6.1588E-10
  3.8146E-04 -8.6454E-08  5.3393E-11  6.6848E-10
  3.9189E-04 -9.2978E-08  5.7891E-11  7.2479E-10
  4.0246E-04 -9.9907E-08  6.2705E-11  7.8505E-10
  4.1318E-04 -1.0726E-07  6.7851E-11  8.4949E-10
  4.2406E-04 -1.1506E-07  7.3351E-11  9.1835E-10
  4.3509E-04 -1.2334E-07  7.9225E-11  9.9189E-10
  4.4627E-04 -1.3210E-07  8.5494E-11  1.0704E-09
  4.5762E-04 -1.4139E-07  9.2182E-11  1.1541E-09
  4.6913E-04 -1.5123E-07  9.9311E-11  1.2434E-09
  4.8080E-04 -1.6164E-07  1.0691E-10  1.3385E-09
  4.9263E-04 -1.7266E-07  1.1500E-10  1.4398E-09
  5.0463E-04 -1.8431E-07  1.2361E-10  1.5476E-09
  5.1681E-04 -1.9663E-07  1.3278E-10  1.6623E-09
  5.2916E-04 -2.0965E-07  1.4252E-10  1.7844E-09
  5.4168E-04 -2.2340E-07  1.5288E-10  1.9141E-09
  5.5438E-04 -2.3793E-07  1.6389E-10  2.0519E-09
  5.6726E-04 -2.5326E-07  1.7558E-10  2.1982E-09
  5.8032E-04 -2.6945E-07  1.8799E-10  2.3536E-09
  5.9357E-04 -2.8653E-07  2.0116E-10  2.5185E-09
  6.0701E-04 -3.0455E-07  2.1514E-10  2.6935E-09
  6.2064E-04 -3.2355E-07  2.2995E-10  2.8790E-09
  6.3446E-04 -3.4358E-07  2.4566E-10  3.0757E-09
  6.4848E-04 -3.6469E-07  2.6231E-10  3.2841E-09
  6.6269E-04 -3.8693E-07  2.7994E-10  3.5048E-09
  6.7711E-04 -4.1036E-07  2.9861E-10  3.7386E-09
  6.9174E-04 -4.3504E-07  3.1838E-10  3.9861E-09
  7.0657E-04 -4.6102E-07  3.3930E-10  4.2480E-09
  7.2161E-04 -4.8836E-07  3.6144E-10  4.5252E-09
  7.3686E-04 -5.1714E-07  3.8485E-10  4.8183E-09
  7.5234E-04 -5.4743E-07  4.0961E-10  5.1282E-09
  7.6803E-04 -5.7928E-07  4.3577E-10  5.4558E-09
  7.8394E-04 -6.1278E-07  4.6343E-10  5.8021E-09
  8.0008E-04 -6.4801E-07  4.9265E-10  6.1679E-09
  8.1645E-04 -6.8505E-07  5.2351E-10  6.5543E-09
  8.3306E-04 -7.2398E-07  5.5610E-10  6.9623E-09
  8.4989E-04 -7.6489E-07  5.9051E-10  7.3931E-09
  8.6697E-04 -8.0788E-07  6.2683E-10  7.8478E-09
  8.8429E-04 -8.5304E-07  6.6515E-10  8.3276E-09
  9.0186E-04 -9.0047E-07  7.0558E-10  8.8338E-09
  9.1967E-04 -9.5029E-07  7.4823E-10  9.3677E-09
  9.3774E-04 -1.0026E-06  7.9320E-10  9.9307E-09
  9.5607E-04 -1.0575E-06  8.4061E-10  1.0524E-08
  9.7465E-04 -1.1151E-06  8.9060E-10  1.1150E-08
  9.9350E-04 -1.1756E-06  9.4327E-10  1.1810E-08
  1.0126E-03 -1.2391E-06  9.9878E-10  1.2505E-08
  1.0320E-03 -1.3057E-06  1.0573E-09  1.3237E-08
  1.0517E-03 -1.3756E-06  1.1189E-09  1.4008E-08
  1.0716E-03 -1.4489E-06  1.1837E-09  1.4820E-08
  1.0918E-03 -1.5258E-06  1.2520E-09  1.5675E-08
  1.1124E-03 -1.6064E-06  1.3239E-09  1.6575E-08
  1.1332E-03 -1.6910E-06  1.3996E-09  1.7523E-08
  1.1543E-03 -1.7796E-06  1.4793E-09  1.8520E-08
  1.1757E-03 -1.8725E-06  1.5631E-09  1.9569E-08
  1.1974E-03 -1.9699E-06  1.6512E-09  2.0673E-08
  1.2194E-03 -2.0719E-06  1.7440E-09  2.1835E-08
  1.2417E-03 -2.1789E-06  1.8416E-09  2.3056E-08
  1.2643E-03 -2.2909E-06  1.9441E-09  2.4340E-08
  1.2873E-03 -2.4083E-06  2.0520E-09  2.5691E-08
  1.3106E-03 -2.5313E-06  2.1654E-09  2.7111E-08
  1.3342E-03 -2.6601E-06  2.2846E-09  2.8603E-08
  1.3582E-03 -2.7950E-06  2.4099E-09  3.0172E-08
  1.3825E-03 -2.9363E-06  2.5416E-09  3.1820E-08
  1.4071E-03 -3.0843E-06  2.6799E-09  3.3552E-08
  1.4321E-03 -3.2392E-06  2.8252E-09  3.5371E-08
  1.4574E-03 -3.4015E-06  2.9779E-09  3.7283E-08
  1.4832E-03 -3.5713E-06  3.1383E-09  3.9291E-08
  1.5092E-03 -3.7490E-06  3.3067E-09  4.1399E-08
  1.5357E-03 -3.9351E-06  3.4836E-09  4.3614E-08
  1.5625E-03 -4.1298E-06  3.6693E-09  4.5939E-08
  1.5897E-03 -4.3336E-06  3.8642E-09  4.8380E-08
  1.6173E-03 -4.5468E-06  4.0689E-09  5.0942E-08
  1.6452E-03 -4.7699E-06  4.2837E-09  5.3632E-08
  1.6736E-03 -5.0034E-06  4.5092E-09  5.6454E-08
  1.7024E-03 -5.2476E-06  4.7458E-09  5.9417E-08
  1.7316E-03 -5.5031E-06  4.9941E-09  6.2525E-08
  1.7612E-03 -5.7703E-06  5.2546E-09  6.5787E-08
  1.7912E-03 -6.0499E-06  5.5279E-09  6.9209E-08
  1.8216E-03 -6.3422E-06  5.8146E-09  7.2798E-08
  1.8525E-03 -6.6479E-06  6.1153E-09  7.6563E-08
  1.8838E-03 -6.9677E-06  6.4308E-09  8.0512E-08
  1.9156E-03 -7.3020E-06  6.7615E-09  8.4653E-08
  1.9478E-03 -7.6515E-06  7.1084E-09  8.8996E-08
  1.9805E-03 -8.0170E-06  7.4721E-09  9.3550E-08
  2.0136E-03 -8.3991E-06  7.8535E-09  9.8324E-08
  2.0472E-03 -8.7985E-06  8.2533E-09  1.0333E-07
  2.0813E-03 -9.2160E-06  8.6724E-09  1.0858E-07
  2.1159E-03 -9.6524E-06  9.1117E-09  1.1408E-07
  2.1509E-03 -1.0109E-05  9.5721E-09  1.1984E-07
  2.1865E-03 -1.0585E-05  1.0055E-08  1.2588E-07
  2.2225E-03 -1.1083E-05  1.0560E-08  1.3221E-07
  2.2591E-03 -1.1604E-05  1.1090E-08  1.3885E-07
  2.2962E-03 -1.2148E-05  1.1646E-08  1.4580E-07
  2.3338E-03 -1.2717E-05  1.2227E-08  1.5309E-07
  2.3720E-03 -1.3311E-05  1.2837E-08  1.6072E-07
  2.4107E-03 -1.3931E-05  1.3476E-08  1.6871E-07
  2.4499E-03 -1.4579E-05  1.4144E-08  1.7709E-07
  2.4897E-03 -1.5257E-05  1.4845E-08  1.8586E-07
  2.5301E-03 -1.5964E-05  1.5579E-08  1.9504E-07
  2.5710E-03 -1.6703E-05  1.6347E-08  2.0467E-07
  2.6125E-03 -1.7475E-05  1.7152E-08  2.1474E-07
  2.6547E-03 -1.8281E-05  1.7995E-08  2.2530E-07
  2.6974E-03 -1.9123E-05  1.8878E-08  2.3635E-07
  2.7407E-03 -2.0003E-05  1.9802E-08  2.4792E-07
  2.7846E-03 -2.0921E-05  2.0769E-08  2.6003E-07
  2.8292E-03 -2.1880E-05  2.1782E-08  2.7271E-07
  2.8744E-03 -2.2882E-05  2.2843E-08  2.8599E-07
  2.9202E-03 -2.3927E-05  2.3953E-08  2.9989E-07
  2.9667E-03 -2.5019E-05  2.5115E-08  3.1444E-07
  3.0138E-03 -2.6159E-05  2.6332E-08  3.2967E-07
  3.0616E-03 -2.7349E-05  2.7605E-08  3.4560E-07
  3.1101E-03 -2.8591E-05  2.8937E-08  3.6229E-07
  3.1593E-03 -2.9888E-05  3.0332E-08  3.7975E-07
  3.2092E-03 -3.1242E-05  3.1791E-08  3.9802E-07
  3.2597E-03 -3.2656E-05  3.3318E-08  4.1713E-07
  3.3110E-03 -3.4131E-05  3.4916E-08  4.3714E-07
  3.3631E-03 -3.5671E-05  3.6588E-08  4.5807E-07
  3.4159E-03 -3.7278E-05  3.8338E-08  4.7998E-07
  3.4694E-03 -3.8955E-05  4.0168E-08  5.0289E-07
  3.5236E-03 -4.0705E-05  4.2083E-08  5.2687E-07
  3.5787E-03 -4.2532E-05  4.4086E-08  5.5195E-07
  3.6345E-03 -4.4438E-05  4.6182E-08  5.7819E-07
  3.6912E-03 -4.6427E-05  4.8375E-08  6.0564E-07
  3.7486E-03 -4.8503E-05  5.0668E-08  6.3435E-07
  3.8068E-03 -5.0668E-05  5.3067E-08  6.6438E-07
  3.8659E-03 -5.2928E-05  5.5575E-08  6.9579E-07
  3.9258E-03 -5.5286E-05  5.8200E-08  7.2864E-07
  3.9866E-03 -5.7745E-05  6.0944E-08  7.6300E-07
  4.0482E-03 -6.0311E-05  6.3814E-08  7.9893E-07
  4.1107E-03 -6.2988E-05  6.6816E-08  8.3651E-07
  4.1741E-03 -6.5781E-05  6.9955E-08  8.7581E-07
  4.2384E-03 -6.8694E-05  7.3237E-08  9.1690E-07
  4.3036E-03 -7.1732E-05  7.6669E-08  9.5987E-07
  4.3697E-03 -7.4902E-05  8.0258E-08  1.0048E-06
  4.4368E-03 -7.8208E-05  8.4010E-08  1.0518E-06
  4.5048E-03 -8.1655E-05  8.7934E-08  1.1009E-06
  4.5738E-03 -8.5251E-05  9.2035E-08  1.1523E-06
  4.6438E-03 -8.9002E-05  9.6324E-08  1.2059E-06
  4.7147E-03 -9.2913E-05  1.0081E-07  1.2621E-06
  4.7867E-03 -9.6991E-05  1.0549E-07  1.3208E-06
  4.8597E-03 -1.0124E-04  1.1039E-07  1.3821E-06
  4.9337E-03 -1.0568E-04  1.1552E-07  1.4462E-06
  5.0088E-03 -1.1030E-04  1.2087E-07  1.5132E-06
  5.0849E-03 -1.1513E-04  1.2647E-07  1.5833E-06
  5.1621E-03 -1.2015E-04  1.3232E-07  1.6566E-06
  5.2405E-03 -1.2539E-04  1.3843E-07  1.7331E-06
  5.3199E-03 -1.3086E-04  1.4482E-07  1.8131E-06
  5.4004E-03 -1.3656E-04  1.5150E-07  1.8967E-06
  5.4822E-03 -1.4250E-04  1.5848E-07  1.9841E-06
  5.5650E-03 -1.4869E-04  1.6578E-07  2.0755E-06
  5.6491E-03 -1.5514E-04  1.7340E-07  2.1709E-06
  5.7343E-03 -1.6187E-04  1.8137E-07  2.2707E-06
  5.8207E-03 -1.6888E-04  1.8970E-07  2.3749E-06
  5.9084E-03 -1.7619E-04  1.9840E-07  2.4839E-06
  5.9973E-03 -1.8381E-04  2.0749E-07  2.5977E-06
  6.0875E-03 -1.9175E-04  2.1699E-07  2.7167E-06
  6.1790E-03 -2.0003E-04  2.2692E-07  2.8409E-06
  6.2718E-03 -2.0865E-04  2.3730E-07  2.9708E-06
  6.3658E-03 -2.1764E-04  2.4814E-07  3.1065E-06
  6.4612E-03 -2.2700E-04  2.5946E-07  3.2483E-06
  6.5580E-03 -2.3676E-04  2.7130E-07  3.3965E-06
  6.6562E-03 -2.4693E-04  2.8366E-07  3.5512E-06
  6.7557E-03 -2.5753E-04  2.9658E-07  3.7129E-06
  6.8567E-03 -2.6857E-04  3.1007E-07  3.8819E-06
  6.9590E-03 -2.8007E-04  3.2417E-07  4.0584E-06
  7.0629E-03 -2.9205E-04  3.3890E-07  4.2428E-06
  7.1682E-03 -3.0454E-04  3.5429E-07  4.4354E-06
  7.2750E-03 -3.1755E-04  3.7036E-07  4.6367E-06
  7.3833E-03 -3.3110E-04  3.8715E-07  4.8469E-06
  7.4932E-03 -3.4521E-04  4.0469E-07  5.0665E-06
  7.6046E-03 -3.5991E-04  4.2302E-07  5.2959E-06
  7.7176E-03 -3.7523E-04  4.4216E-07  5.5355E-06
  7.8323E-03 -3.9118E-04  4.6215E-07  5.7858E-06
  7.9485E-03 -4.0779E-04  4.8303E-07  6.0472E-06
  8.0664E-03 -4.2510E-04  5.0485E-07  6.3203E-06
  8.1860E-03 -4.4312E-04  5.2763E-07  6.6055E-06
  8.3072E-03 -4.6189E-04  5.5143E-07  6.9034E-06
  8.4302E-03 -4.8143E-04  5.7628E-07  7.2146E-06
  8.5550E-03 -5.0178E-04  6.0225E-07  7.5396E-06
  8.6815E-03 -5.2298E-04  6.2936E-07  7.8790E-06
  8.8098E-03 -5.4504E-04  6.5768E-07  8.2335E-06
  8.9399E-03 -5.6802E-04  6.8725E-07  8.6037E-06
  9.0719E-03 -5.9194E-04  7.1814E-07  8.9904E-06
  9.2057E-03 -6.1685E-04  7.5040E-07  9.3942E-06
  9.3415E-03 -6.4278E-04  7.8408E-07  9.8159E-06
  9.4791E-03 -6.6977E-04  8.1926E-07  1.0256E-05
  9.6188E-03 -6.9787E-04  8.5600E-07  1.0716E-05
  9.7604E-03 -7.2712E-04  8.9437E-07  1.1196E-05
  9.9040E-03 -7.5757E-04  9.3444E-07  1.1698E-05
  1.0050E-02 -7.8926E-04  9.7628E-07  1.2222E-05
  1.0197E-02 -8.2224E-04  1.0200E-06  1.2769E-05
  1.0347E-02 -8.5657E-04  1.0656E-06  1.3340E-05
  1.0499E-02 -8.9230E-04  1.1132E-06  1.3936E-05
  1.0653E-02 -9.2948E-04  1.1630E-06  1.4559E-05
  1.0810E-02 -9.6818E-04  1.2149E-06  1.5209E-05
  1.0968E-02 -1.0084E-03  1.2692E-06  1.5888E-05
  1.1129E-02 -1.0503E-03  1.3258E-06  1.6597E-05
  1.1292E-02 -1.0939E-03  1.3849E-06  1.7337E-05
  1.1457E-02 -1.1393E-03  1.4467E-06  1.8110E-05
  1.1625E-02 -1.1865E-03  1.5111E-06  1.8917E-05
  1.1795E-02 -1.2356E-03  1.5784E-06  1.9760E-05
  1.1968E-02 -1.2866E-03  1.6487E-06  2.0639E-05
  1.2143E-02 -1.3398E-03  1.7221E-06  2.1558E-05
  1.2320E-02 -1.3950E-03  1.7987E-06  2.2517E-05
  1.2500E-02 -1.4525E-03  1.8787E-06  2.3518E-05
  1.2683E-02 -1.5123E-03  1.9622E-06  2.4563E-05
  1.2868E-02 -1.5745E-03  2.0494E-06  2.5654E-05
  1.3056E-02 -1.6391E-03  2.1404E-06  2.6794E-05
  1.3246E-02 -1.7064E-03  2.2354E-06  2.7983E-05
  1.3439E-02 -1.7763E-03  2.3346E-06  2.9225E-05
  1.3635E-02 -1.8490E-03  2.4382E-06  3.0521E-05
  1.3834E-02 -1.9246E-03  2.5463E-06  3.1875E-05
  1.4035E-02 -2.0032E-03  2.6592E-06  3.3287E-05
  1.4239E-02 -2.0850E-03  2.7771E-06  3.4762E-05
  1.4447E-02 -2.1699E-03  2.9001E-06  3.6302E-05
  1.4657E-02 -2.2582E-03  3.0285E-06  3.7909E-05
  1.4870E-02 -2.3501E-03  3.1626E-06  3.9587E-05
  1.5086E-02 -2.4455E-03  3.3025E-06  4.1339E-05
  1.5306E-02 -2.5447E-03  3.4486E-06  4.3167E-05
  1.5528E-02 -2.6478E-03  3.6011E-06  4.5076E-05
  1.5753E-02 -2.7549E-03  3.7603E-06  4.7068E-05
  1.5982E-02 -2.8662E-03  3.9265E-06  4.9148E-05
  1.6214E-02 -2.9819E-03  4.0999E-06  5.1319E-05
  1.6449E-02 -3.1021E-03  4.2810E-06  5.3585E-05
  1.6688E-02 -3.2270E-03  4.4700E-06  5.5951E-05
  1.6930E-02 -3.3568E-03  4.6673E-06  5.8420E-05
  1.7176E-02 -3.4916E-03  4.8733E-06  6.0997E-05
  1.7425E-02 -3.6317E-03  5.0882E-06  6.3688E-05
  1.7677E-02 -3.7771E-03  5.3126E-06  6.6496E-05
  1.7933E-02 -3.9282E-03  5.5468E-06  6.9427E-05
  1.8193E-02 -4.0852E-03  5.7913E-06  7.2486E-05
  1.8456E-02 -4.2481E-03  6.0465E-06  7.5679E-05
  1.8723E-02 -4.4174E-03  6.3128E-06  7.9012E-05
  1.8994E-02 -4.5931E-03  6.5908E-06  8.2490E-05
  1.9269E-02 -4.7756E-03  6.8810E-06  8.6121E-05
  1.9548E-02 -4.9651E-03  7.1838E-06  8.9911E-05
  1.9830E-02 -5.1618E-03  7.4999E-06  9.3866E-05
  2.0117E-02 -5.3660E-03  7.8298E-06  9.7994E-05
  2.0408E-02 -5.5780E-03  8.1742E-06  1.0230E-04
  2.0702E-02 -5.7980E-03  8.5336E-06  1.0680E-04
  2.1001E-02 -6.0264E-03  8.9087E-06  1.1149E-04
  2.1305E-02 -6.2633E-03  9.3002E-06  1.1639E-04
  2.1612E-02 -6.5093E-03  9.7088E-06  1.2150E-04
  2.1924E-02 -6.7645E-03  1.0135E-05  1.2684E-04
  2.2241E-02 -7.0293E-03  1.0580E-05  1.3241E-04
  2.2562E-02 -7.3040E-03  1.1045E-05  1.3822E-04
  2.2887E-02 -7.5890E-03  1.1530E-05  1.4429E-04
  2.3217E-02 -7.8846E-03  1.2036E-05  1.5061E-04
  2.3552E-02 -8.1912E-03  1.2564E-05  1.5722E-04
  2.3891E-02 -8.5092E-03  1.3115E-05  1.6412E-04
  2.4236E-02 -8.8391E-03  1.3690E-05  1.7131E-04
  2.4585E-02 -9.1811E-03  1.4290E-05  1.7882E-04
  2.4939E-02 -9.5357E-03  1.4917E-05  1.8666E-04
  2.5298E-02 -9.9034E-03  1.5570E-05  1.9483E-04
  2.5662E-02 -1.0285E-02  1.6253E-05  2.0337E-04
  2.6032E-02 -1.0680E-02  1.6965E-05  2.1227E-04
  2.6407E-02 -1.1089E-02  1.7708E-05  2.2157E-04
  2.6787E-02 -1.1514E-02  1.8483E-05  2.3127E-04
  2.7172E-02 -1.1954E-02  1.9293E-05  2.4139E-04
  2.7563E-02 -1.2410E-02  2.0137E-05  2.5195E-04
  2.7959E-02 -1.2882E-02  2.1019E-05  2.6297E-04
  2.8362E-02 -1.3372E-02  2.1938E-05  2.7447E-04
  2.8769E-02 -1.3879E-02  2.2898E-05  2.8648E-04
  2.9183E-02 -1.4404E-02  2.3900E-05  2.9900E-04
  2.9602E-02 -1.4948E-02  2.4945E-05  3.1207E-04
  3.0028E-02 -1.5511E-02  2.6036E-05  3.2571E-04
  3.0459E-02 -1.6094E-02  2.7174E-05  3.3994E-04
  3.0897E-02 -1.6698E-02  2.8362E-05  3.5480E-04
  3.1341E-02 -1.7324E-02  2.9602E-05  3.7029E-04
  3.1791E-02 -1.7971E-02  3.0895E-05  3.8646E-04
  3.2247E-02 -1.8641E-02  3.2245E-05  4.0334E-04
  3.2710E-02 -1.9335E-02  3.3653E-05  4.2095E-04
  3.3180E-02 -2.0053E-02  3.5123E-05  4.3932E-04
  3.3656E-02 -2.0795E-02  3.6657E-05  4.5849E-04
  3.4139E-02 -2.1564E-02  3.8258E-05  4.7850E-04
  3.4629E-02 -2.2359E-02  3.9928E-05  4.9937E-04
  3.5126E-02 -2.3181E-02  4.1671E-05  5.2116E-04
  3.5630E-02 -2.4032E-02  4.3489E-05  5.4388E-04
  3.6141E-02 -2.4911E-02  4.5387E-05  5.6760E-04
  3.6659E-02 -2.5821E-02  4.7367E-05  5.9234E-04
  3.7185E-02 -2.6761E-02  4.9433E-05  6.1816E-04
  3.7718E-02 -2.7733E-02  5.1589E-05  6.4510E-04
  3.8258E-02 -2.8738E-02  5.3839E-05  6.7321E-04
  3.8807E-02 -2.9776E-02  5.6187E-05  7.0254E-04
  3.9363E-02 -3.0850E-02  5.8636E-05  7.3314E-04
  3.9927E-02 -3.1958E-02  6.1193E-05  7.6507E-04
  4.0499E-02 -3.3104E-02  6.3860E-05  7.9838E-04
  4.1079E-02 -3.4287E-02  6.6643E-05  8.3314E-04
  4.1668E-02 -3.5510E-02  6.9546E-05  8.6941E-04
  4.2264E-02 -3.6772E-02  7.2576E-05  9.0725E-04
  4.2870E-02 -3.8075E-02  7.5738E-05  9.4673E-04
  4.3484E-02 -3.9420E-02  7.9037E-05  9.8792E-04
  4.4106E-02 -4.0809E-02  8.2479E-05  1.0309E-03
  4.4738E-02 -4.2243E-02  8.6071E-05  1.0757E-03
  4.5378E-02 -4.3722E-02  8.9818E-05  1.1225E-03
  4.6027E-02 -4.5248E-02  9.3728E-05  1.1713E-03
  4.6686E-02 -4.6823E-02  9.7808E-05  1.2222E-03
  4.7354E-02 -4.8447E-02  1.0207E-04  1.2754E-03
  4.8032E-02 -5.0122E-02  1.0651E-04  1.3308E-03
  4.8719E-02 -5.1850E-02  1.1114E-04  1.3886E-03
  4.9416E-02 -5.3630E-02  1.1598E-04  1.4490E-03
  5.0123E-02 -5.5466E-02  1.2102E-04  1.5119E-03
  5.0839E-02 -5.7358E-02  1.2629E-04  1.5776E-03
  5.1567E-02 -5.9308E-02  1.3178E-04  1.6461E-03
  5.2304E-02 -6.1317E-02  1.3751E-04  1.7175E-03
  5.3052E-02 -6.3386E-02  1.4349E-04  1.7921E-03
  5.3810E-02 -6.5517E-02  1.4973E-04  1.8699E-03
  5.4579E-02 -6.7712E-02  1.5624E-04  1.9510E-03
  5.5360E-02 -6.9972E-02  1.6303E-04  2.0357E-03
  5.6151E-02 -7.2298E-02  1.7011E-04  2.1240E-03
  5.6953E-02 -7.4693E-02  1.7751E-04  2.2161E-03
  5.7767E-02 -7.7156E-02  1.8522E-04  2.3122E-03
  5.8593E-02 -7.9691E-02  1.9327E-04  2.4125E-03
  5.9430E-02 -8.2299E-02  2.0166E-04  2.5171E-03
  6.0279E-02 -8.4980E-02  2.1042E-04  2.6262E-03
  6.1140E-02 -8.7737E-02  2.1956E-04  2.7400E-03
  6.2013E-02 -9.0572E-02  2.2910E-04  2.8588E-03
  6.2899E-02 -9.3485E-02  2.3905E-04  2.9826E-03
  6.3797E-02 -9.6479E-02  2.4943E-04  3.1118E-03
  6.4708E-02 -9.9554E-02  2.6025E-04  3.2466E-03
  6.5632E-02 -1.0271E-01  2.7155E-04  3.3872E-03
  6.6570E-02 -1.0596E-01  2.8334E-04  3.5338E-03
  6.7520E-02 -1.0929E-01  2.9564E-04  3.6868E-03
  6.8484E-02 -1.1271E-01  3.0847E-04  3.8463E-03
  6.9462E-02 -1.1622E-01  3.2185E-04  4.0128E-03
  7.0453E-02 -1.1982E-01  3.3582E-04  4.1864E-03
  7.1459E-02 -1.2351E-01  3.5039E-04  4.3675E-03
  7.2479E-02 -1.2730E-01  3.6559E-04  4.5563E-03
  7.3513E-02 -1.3118E-01  3.8144E-04  4.7534E-03
  7.4562E-02 -1.3516E-01  3.9799E-04  4.9588E-03
  7.5626E-02 -1.3924E-01  4.1525E-04  5.1732E-03
  7.6705E-02 -1.4342E-01  4.3325E-04  5.3967E-03
  7.7799E-02 -1.4770E-01  4.5203E-04  5.6299E-03
  7.8909E-02 -1.5208E-01  4.7163E-04  5.8731E-03
  8.0035E-02 -1.5657E-01  4.9208E-04  6.1267E-03
  8.1177E-02 -1.6116E-01  5.1340E-04  6.3912E-03
  8.2335E-02 -1.6585E-01  5.3565E-04  6.6671E-03
  8.3509E-02 -1.7066E-01  5.5887E-04  6.9549E-03
  8.4700E-02 -1.7557E-01  5.8308E-04  7.2549E-03
  8.5908E-02 -1.8059E-01  6.0834E-04  7.5679E-03
  8.7133E-02 -1.8573E-01  6.3470E-04  7.8943E-03
  8.8375E-02 -1.9097E-01  6.6219E-04  8.2347E-03
  8.9636E-02 -1.9633E-01  6.9087E-04  8.5897E-03
  9.0914E-02 -2.0179E-01  7.2079E-04  8.9599E-03
  9.2210E-02 -2.0737E-01  7.5200E-04  9.3459E-03
  9.3524E-02 -2.1307E-01  7.8456E-04  9.7485E-03
  9.4858E-02 -2.1888E-01  8.1852E-04  1.0168E-02
  9.6210E-02 -2.2480E-01  8.5395E-04  1.0606E-02
  9.7581E-02 -2.3084E-01  8.9091E-04  1.1063E-02
  9.8972E-02 -2.3699E-01  9.2947E-04  1.1539E-02
  1.0038E-01 -2.4326E-01  9.6969E-04  1.2035E-02
  1.0181E-01 -2.4964E-01  1.0116E-03  1.2553E-02
  1.0326E-01 -2.5613E-01  1.0554E-03  1.3092E-02
  1.0474E-01 -2.6274E-01  1.1011E-03  1.3655E-02
  1.0623E-01 -2.6947E-01  1.1487E-03  1.4242E-02
  1.0774E-01 -2.7630E-01  1.1984E-03  1.4853E-02
  1.0928E-01 -2.8325E-01  1.2502E-03  1.5491E-02
  1.1083E-01 -2.9030E-01  1.3042E-03  1.6156E-02
  1.1241E-01 -2.9747E-01  1.3606E-03  1.6849E-02
  1.1401E-01 -3.0475E-01  1.4194E-03  1.7572E-02
  1.1564E-01 -3.1213E-01  1.4808E-03  1.8326E-02
  1.1729E-01 -3.1961E-01  1.5448E-03  1.9111E-02
  1.1896E-01 -3.2720E-01  1.6115E-03  1.9930E-02
  1.2065E-01 -3.3489E-01  1.6811E-03  2.0784E-02
  1.2237E-01 -3.4268E-01  1.7537E-03  2.1674E-02
  1.2411E-01 -3.5056E-01  1.8295E-03  2.2601E-02
  1.2588E-01 -3.5854E-01  1.9085E-03  2.3568E-02
  1.2767E-01 -3.6660E-01  1.9909E-03  2.4576E-02
  1.2949E-01 -3.7476E-01  2.0768E-03  2.5627E-02
  1.3134E-01 -3.8299E-01  2.1665E-03  2.6722E-02
  1.3321E-01 -3.9131E-01  2.2600E-03  2.7863E-02
  1.3510E-01 -3.9970E-01  2.3575E-03  2.9053E-02
  1.3703E-01 -4.0817E-01  2.4592E-03  3.0292E-02
  1.3898E-01 -4.1670E-01  2.5653E-03  3.1584E-02
  1.4096E-01 -4.2530E-01  2.6759E-03  3.2931E-02
  1.4296E-01 -4.3395E-01  2.7913E-03  3.4334E-02
  1.4500E-01 -4.4265E-01  2.9117E-03  3.5796E-02
  1.4706E-01 -4.5141E-01  3.0372E-03  3.7319E-02
  1.4916E-01 -4.6020E-01  3.1681E-03  3.8907E-02
  1.5128E-01 -4.6903E-01  3.3046E-03  4.0561E-02
  1.5343E-01 -4.7789E-01  3.4470E-03  4.2284E-02
  1.5562E-01 -4.8677E-01  3.5955E-03  4.4080E-02
  1.5783E-01 -4.9567E-01  3.7504E-03  4.5951E-02
  1.6008E-01 -5.0457E-01  3.9118E-03  4.7900E-02
  1.6236E-01 -5.1348E-01  4.0803E-03  4.9930E-02
  1.6467E-01 -5.2238E-01  4.2559E-03  5.2045E-02
  1.6701E-01 -5.3126E-01  4.4390E-03  5.4248E-02
  1.6939E-01 -5.4013E-01  4.6300E-03  5.6542E-02
  1.7180E-01 -5.4896E-01  4.8292E-03  5.8932E-02
  1.7425E-01 -5.5775E-01  5.0369E-03  6.1421E-02
  1.7673E-01 -5.6649E-01  5.2534E-03  6.4014E-02
  1.7924E-01 -5.7518E-01  5.4792E-03  6.6713E-02
  1.8179E-01 -5.8379E-01  5.7147E-03  6.9525E-02
  1.8438E-01 -5.9233E-01  5.9602E-03  7.2452E-02
  1.8700E-01 -6.0078E-01  6.2163E-03  7.5500E-02
  1.8966E-01 -6.0913E-01  6.4832E-03  7.8673E-02
  1.9236E-01 -6.1737E-01  6.7615E-03  8.1977E-02
  1.9510E-01 -6.2548E-01  7.0517E-03  8.5416E-02
  1.9787E-01 -6.3347E-01  7.3543E-03  8.8996E-02
  2.0069E-01 -6.4132E-01  7.6698E-03  9.2723E-02
  2.0354E-01 -6.4901E-01  7.9987E-03  9.6602E-02
  2.0644E-01 -6.5653E-01  8.3416E-03  1.0064E-01
  2.0938E-01 -6.6388E-01  8.6991E-03  1.0484E-01
  2.1236E-01 -6.7103E-01  9.0718E-03  1.0921E-01
  2.1538E-01 -6.7798E-01  9.4603E-03  1.1376E-01
  2.1844E-01 -6.8472E-01  9.8654E-03  1.1849E-01
  2.2155E-01 -6.9123E-01  1.0288E-02  1.2342E-01
  2.2470E-01 -6.9749E-01  1.0728E-02  1.2854E-01
  2.2790E-01 -7.0351E-01  1.1187E-02  1.3387E-01
  2.3114E-01 -7.0925E-01  1.1665E-02  1.3941E-01
  2.3442E-01 -7.1472E-01  1.2163E-02  1.4517E-01
  2.3776E-01 -7.1989E-01  1.2683E-02  1.5116E-01
  2.4114E-01 -7.2475E-01  1.3225E-02  1.5740E-01
  2.4457E-01 -7.2929E-01  1.3789E-02  1.6387E-01
  2.4805E-01 -7.3349E-01  1.4378E-02  1.7061E-01
  2.5158E-01 -7.3735E-01  1.4991E-02  1.7761E-01
  2.5515E-01 -7.4084E-01  1.5630E-02  1.8489E-01
  2.5878E-01 -7.4395E-01  1.6296E-02  1.9245E-01
  2.6246E-01 -7.4668E-01  1.6990E-02  2.0031E-01
  2.6620E-01 -7.4900E-01  1.7713E-02  2.0847E-01
  2.6998E-01 -7.5090E-01  1.8467E-02  2.1695E-01
  2.7382E-01 -7.5236E-01  1.9252E-02  2.2576E-01
  2.7772E-01 -7.5338E-01  2.0071E-02  2.3492E-01
  2.8166E-01 -7.5395E-01  2.0923E-02  2.4442E-01
  2.8567E-01 -7.5403E-01  2.1812E-02  2.5429E-01
  2.8973E-01 -7.5364E-01  2.2737E-02  2.6453E-01
  2.9385E-01 -7.5274E-01  2.3702E-02  2.7516E-01
  2.9803E-01 -7.5133E-01  2.4706E-02  2.8620E-01
  3.0227E-01 -7.4940E-01  2.5753E-02  2.9765E-01
  3.0657E-01 -7.4694E-01  2.6843E-02  3.0953E-01
  3.1092E-01 -7.4393E-01  2.7979E-02  3.2185E-01
  3.1535E-01 -7.4036E-01  2.9162E-02  3.3463E-01
  3.1983E-01 -7.3622E-01  3.0393E-02  3.4789E-01
  3.2438E-01 -7.3150E-01  3.1677E-02  3.6163E-01
  3.2899E-01 -7.2620E-01  3.3013E-02  3.7588E-01
  3.3367E-01 -7.2029E-01  3.4404E-02  3.9064E-01
  3.3841E-01 -7.1378E-01  3.5853E-02  4.0594E-01
  3.4322E-01 -7.0666E-01  3.7362E-02  4.2178E-01
  3.4810E-01 -6.9891E-01  3.8933E-02  4.3820E-01
  3.5305E-01 -6.9053E-01  4.0569E-02  4.5519E-01
  3.5807E-01 -6.8152E-01  4.2272E-02  4.7278E-01
  3.6316E-01 -6.7186E-01  4.4045E-02  4.9099E-01
  3.6832E-01 -6.6155E-01  4.5891E-02  5.0983E-01
  3.7356E-01 -6.5059E-01  4.7812E-02  5.2932E-01
  3.7887E-01 -6.3897E-01  4.9811E-02  5.4948E-01
  3.8425E-01 -6.2668E-01  5.1892E-02  5.7032E-01
  3.8972E-01 -6.1374E-01  5.4058E-02  5.9185E-01
  3.9525E-01 -6.0012E-01  5.6311E-02  6.1411E-01
  4.0087E-01 -5.8584E-01  5.8656E-02  6.3710E-01
  4.0657E-01 -5.7089E-01  6.1096E-02  6.6083E-01
  4.1235E-01 -5.5527E-01  6.3634E-02  6.8534E-01
  4.1821E-01 -5.3898E-01  6.6274E-02  7.1062E-01
  4.2416E-01 -5.2202E-01  6.9021E-02  7.3670E-01
  4.3019E-01 -5.0440E-01  7.1877E-02  7.6360E-01
  4.3630E-01 -4.8611E-01  7.4848E-02  7.9132E-01
  4.4250E-01 -4.6717E-01  7.7937E-02  8.1988E-01
  4.4879E-01 -4.4757E-01  8.1149E-02  8.4930E-01
  4.5517E-01 -4.2733E-01  8.4489E-02  8.7958E-01
  4.6164E-01 -4.0644E-01  8.7961E-02  9.1074E-01
  4.6820E-01 -3.8492E-01  9.1570E-02  9.4279E-01
  4.7486E-01 -3.6276E-01  9.5321E-02  9.7573E-01
  4.8160E-01 -3.3999E-01  9.9219E-02  1.0096E+00
  4.8845E-01 -3.1661E-01  1.0327E-01  1.0443E+00
  4.9539E-01 -2.9263E-01  1.0748E-01  1.0800E+00
  5.0243E-01 -2.6805E-01  1.1185E-01  1.1166E+00
  5.0957E-01 -2.4290E-01  1.1639E-01  1.1541E+00
  5.1682E-01 -2.1719E-01  1.2111E-01  1.1926E+00
  5.2416E-01 -1.9093E-01  1.2600E-01  1.2319E+00
  5.3161E-01 -1.6412E-01  1.3109E-01  1.2722E+00
  5.3916E-01 -1.3680E-01  1.3637E-01  1.3133E+00
  5.4683E-01 -1.0897E-01  1.4185E-01  1.3554E+00
  5.5460E-01 -8.0649E-02  1.4753E-01  1.3983E+00
  5.6248E-01 -5.1857E-02  1.5343E-01  1.4421E+00
  5.7047E-01 -2.2612E-02  1.5955E-01  1.4867E+00
  5.7858E-01  7.0682E-03  1.6590E-01  1.5321E+00
  5.8680E-01  3.7163E-02  1.7249E-01  1.5783E+00
  5.9514E-01  6.7653E-02  1.7931E-01  1.6252E+00
  6.0360E-01  9.8516E-02  1.8639E-01  1.6728E+00
  6.1218E-01  1.2973E-01  1.9373E-01  1.7211E+00
  6.2087E-01  1.6127E-01  2.0133E-01  1.7700E+00
  6.2970E-01  1.9312E-01  2.0920E-01  1.8194E+00
  6.3865E-01  2.2525E-01  2.1736E-01  1.8693E+00
  6.4772E-01  2.5764E-01  2.2581E-01  1.9196E+00
  6.5693E-01  2.9026E-01  2.3455E-01  1.9703E+00
  6.6626E-01  3.2309E-01  2.4360E-01  2.0212E+00
  6.7573E-01  3.5610E-01  2.5297E-01  2.0723E+00
  6.8533E-01  3.8926E-01  2.6265E-01  2.1235E+00
  6.9507E-01  4.2255E-01  2.7267E-01  2.1746E+00
  7.0494E-01  4.5594E-01  2.8303E-01  2.2256E+00
  7.1496E-01  4.8940E-01  2.9374E-01  2.2763E+00
  7.2512E-01  5.2290E-01  3.0480E-01  2.3266E+00
  7.3542E-01  5.5642E-01  3.1622E-01  2.3763E+00
  7.4587E-01  5.8993E-01  3.2802E-01  2.4253E+00
  7.5647E-01  6.2339E-01  3.4020E-01  2.4735E+00
  7.6722E-01  6.5678E-01  3.5276E-01  2.5206E+00
  7.7812E-01  6.9007E-01  3.6572E-01  2.5665E+00
  7.8918E-01  7.2324E-01  3.7908E-01  2.6109E+00
  8.0039E-01  7.5624E-01  3.9285E-01  2.6538E+00
  8.1176E-01  7.8905E-01  4.0703E-01  2.6948E+00
  8.2330E-01  8.2164E-01  4.2163E-01  2.7338E+00
  8.3499E-01  8.5399E-01  4.3666E-01  2.7704E+00
  8.4686E-01  8.8605E-01  4.5212E-01  2.8045E+00
  8.5889E-01  9.1780E-01  4.6801E-01  2.8359E+00
  8.7109E-01  9.4920E-01  4.8435E-01  2.8641E+00
  8.8347E-01  9.8022E-01  5.0112E-01  2.8890E+00
  8.9602E-01  1.0108E+00  5.1833E-01  2.9103E+00
  9.0875E-01  1.0410E+00  5.3599E-01  2.9277E+00
  9.2166E-01  1.0707E+00  5.5410E-01  2.9408E+00
  9.3476E-01  1.0999E+00  5.7264E-01  2.9495E+00
  9.4804E-01  1.1285E+00  5.9162E-01  2.9533E+00
  9.6151E-01  1.1565E+00  6.1104E-01  2.9519E+00
  9.7517E-01  1.1840E+00  6.3089E-01  2.9451E+00
  9.8902E-01  1.2107E+00  6.5115E-01  2.9325E+00
  1.0031E+00  1.2368E+00  6.7184E-01  2.9138E+00
  1.0173E+00  1.2622E+00  6.9292E-01  2.8887E+00
  1.0318E+00  1.2869E+00  7.1440E-01  2.8569E+00
  1.0464E+00  1.3107E+00  7.3625E-01  2.8181E+00
  1.0613E+00  1.3338E+00  7.5846E-01  2.7720E+00
  1.0764E+00  1.3560E+00  7.8100E-01  2.7183E+00
  1.0917E+00  1.3774E+00  8.0386E-01  2.6568E+00
  1.1072E+00  1.3979E+00  8.2702E-01  2.5873E+00
  1.1229E+00  1.4174E+00  8.5043E-01  2.5095E+00
  1.1389E+00  1.4360E+00  8.7408E-01  2.4233E+00
  1.1550E+00  1.4537E+00  8.9792E-01  2.3285E+00
  1.1715E+00  1.4703E+00  9.2192E-01  2.2251E+00
  1.1881E+00  1.4859E+00  9.4604E-01  2.1130E+00
  1.2050E+00  1.5005E+00  9.7024E-01  1.9922E+00
  1.2221E+00  1.5141E+00  9.9446E-01  1.8627E+00
  1.2395E+00  1.5265E+00  1.0186E+00  1.7246E+00
  1.2571E+00  1.5378E+00  1.0427E+00  1.5783E+00
  1.2749E+00  1.5481E+00  1.0667E+00  1.4238E+00
  1.2930E+00  1.5572E+00  1.0904E+00  1.2617E+00
  1.3114E+00  1.5651E+00  1.1139E+00  1.0922E+00
  1.3300E+00  1.5719E+00  1.1370E+00  9.1596E-01
  1.3489E+00  1.5775E+00  1.1597E+00  7.3359E-01
  1.3681E+00  1.5820E+00  1.1818E+00  5.4583E-01
  1.3875E+00  1.5852E+00  1.2034E+00  3.5353E-01
  1.4072E+00  1.5872E+00  1.2242E+00  1.5766E-01
  1.4272E+00  1.5880E+00  1.2443E+00 -4.0676E-02
  1.4475E+00  1.5876E+00  1.2634E+00 -2.4025E-01
  1.4681E+00  1.5859E+00  1.2816E+00 -4.3970E-01
  1.4889E+00  1.5830E+00  1.2986E+00 -6.3753E-01
  1.5101E+00  1.5789E+00  1.3145E+00 -8.3211E-01
  1.5315E+00  1.5735E+00  1.3290E+00 -1.0217E+00
  1.5533E+00  1.5669E+00  1.3421E+00 -1.2044E+00
  1.5753E+00  1.5590E+00  1.3537E+00 -1.3781E+00
  1.5977E+00  1.5499E+00  1.3636E+00 -1.5408E+00
  1.6204E+00  1.5395E+00  1.3717E+00 -1.6903E+00
  1.6434E+00  1.5278E+00  1.3780E+00 -1.8241E+00
  1.6668E+00  1.5150E+00  1.3823E+00 -1.9400E+00
  1.6905E+00  1.5008E+00  1.3845E+00 -2.0355E+00
  1.7145E+00  1.4854E+00  1.3845E+00 -2.1083E+00
  1.7388E+00  1.4688E+00  1.3824E+00 -2.1561E+00
  1.7635E+00  1.4509E+00  1.3779E+00 -2.1765E+00
  1.7886E+00  1.4318E+00  1.3710E+00 -2.1674E+00
  1.8140E+00  1.4114E+00  1.3618E+00 -2.1266E+00
  1.8398E+00  1.3898E+00  1.3500E+00 -2.0526E+00
  1.8659E+00  1.3670E+00  1.3359E+00 -1.9539E+00
  1.8924E+00  1.3430E+00  1.3193E+00 -1.8310E+00
  1.9193E+00  1.3177E+00  1.3003E+00 -1.6849E+00
  1.9465E+00  1.2913E+00  1.2789E+00 -1.5175E+00
  1.9742E+00  1.2636E+00  1.2553E+00 -1.3314E+00
  2.0022E+00  1.2348E+00  1.2295E+00 -1.1307E+00
  2.0307E+00  1.2048E+00  1.2017E+00 -9.2046E-01
  2.0595E+00  1.1735E+00  1.1720E+00 -7.0762E-01
  2.0888E+00  1.1412E+00  1.1404E+00 -5.0094E-01
  2.1184E+00  1.1076E+00  1.1074E+00 -3.1145E-01
  2.1485E+00  1.0729E+00  1.0728E+00 -1.5290E-01
  2.1790E+00  1.0370E+00  1.0370E+00 -4.2198E-02
  2.2100E+00  1.0000E+00  1.0000E+00  0.0000E+00
  2.2414E+00  9.6185E-01  9.6185E-01  0.0000E+00
  2.2732E+00  9.2258E-01  9.2258E-01  0.0000E+00
  2.3055E+00  8.8218E-01  8.8218E-01  0.0000E+00
  2.3383E+00  8.4068E-01  8.4068E-01  0.0000E+00
  2.3715E+00  7.9808E-01  7.9808E-01  0.0000E+00
  2.4052E+00  7.5438E-01  7.5438E-01  0.0000E+00
  2.4393E+00  7.0961E-01  7.0961E-01  0.0000E+00
  2.4740E+00  6.6376E-01  6.6376E-01  0.0000E+00
  2.5091E+00  6.1686E-01  6.1686E-01  0.0000E+00
  2.5448E+00  5.6891E-01  5.6891E-01  0.0000E+00
  2.5809E+00  5.1993E-01  5.1993E-01  0.0000E+00
  2.6176E+00  4.6993E-01  4.6993E-01  0.0000E+00
  2.6547E+00  4.1892E-01  4.1892E-01  0.0000E+00
  2.6925E+00  3.6691E-01  3.6691E-01  0.0000E+00
  2.7307E+00  3.1394E-01  3.1394E-01  0.0000E+00
  2.7695E+00  2.6001E-01  2.6001E-01  0.0000E+00
  2.8088E+00  2.0514E-01  2.0514E-01  0.0000E+00
  2.8487E+00  1.4935E-01  1.4935E-01  0.0000E+00
  2.8892E+00  9.2676E-02  9.2676E-02  0.0000E+00
  2.9302E+00  3.5129E-02  3.5129E-02  0.0000E+00
  2.9718E+00 -2.3259E-02 -2.3259E-02  0.0000E+00
  3.0141E+00 -8.2461E-02 -8.2461E-02  0.0000E+00
  3.0569E+00 -1.4244E-01 -1.4244E-01  0.0000E+00
  3.1003E+00 -2.0317E-01 -2.0317E-01  0.0000E+00
  3.1443E+00 -2.6461E-01 -2.6461E-01  0.0000E+00
  3.1890E+00 -3.2671E-01 -3.2671E-01  0.0000E+00
  3.2343E+00 -3.8944E-01 -3.8944E-01  0.0000E+00
  3.2802E+00 -4.5275E-01 -4.5275E-01  0.0000E+00
  3.3268E+00 -5.1658E-01 -5.1658E-01  0.0000E+00
  3.3741E+00 -5.8088E-01 -5.8088E-01  0.0000E+00
  3.4220E+00 -6.4560E-01 -6.4560E-01  0.0000E+00
  3.4706E+00 -7.1066E-01 -7.1066E-01  0.0000E+00
  3.5199E+00 -7.7601E-01 -7.7601E-01  0.0000E+00
  3.5699E+00 -8.4157E-01 -8.4157E-01  0.0000E+00
  3.6206E+00 -9.0727E-01 -9.0727E-01  0.0000E+00
  3.6720E+00 -9.7302E-01 -9.7302E-01  0.0000E+00
  3.7242E+00 -1.0387E+00 -1.0387E+00  0.0000E+00
  3.7771E+00 -1.1043E+00 -1.1043E+00  0.0000E+00
  3.8307E+00 -1.1697E+00 -1.1697E+00  0.0000E+00
  3.8851E+00 -1.2348E+00 -1.2348E+00  0.0000E+00
  3.9403E+00 -1.2995E+00 -1.2995E+00  0.0000E+00
  3.9963E+00 -1.3636E+00 -1.3636E+00  0.0000E+00
  4.0530E+00 -1.4271E+00 -1.4271E+00  0.0000E+00
  4.1106E+00 -1.4898E+00 -1.4898E+00  0.0000E+00
  4.1690E+00 -1.5516E+00 -1.5516E+00  0.0000E+00
  4.2282E+00 -1.6125E+00 -1.6125E+00  0.0000E+00
  4.2883E+00 -1.6722E+00 -1.6722E+00  0.0000E+00
  4.3492E+00 -1.7306E+00 -1.7306E+00  0.0000E+00
  4.4109E+00 -1.7876E+00 -1.7876E+00  0.0000E+00
  4.4736E+00 -1.8430E+00 -1.8430E+00  0.0000E+00
