 # l=           2 basis function with energy   -0.17152290861129280     
  0.0000E+00  0.0000E+00  0.0000E+00  0.0000E+00
  5.0071E-06 -3.3325E-13  4.5674E-17  5.6662E-16
  1.0085E-05 -2.1035E-12  3.7323E-16  4.6302E-15
  1.5236E-05 -6.2317E-12  1.2867E-15  1.5963E-14
  2.0459E-05 -1.3545E-11  3.1158E-15  3.8654E-14
  2.5757E-05 -2.4847E-11  6.2171E-15  7.7127E-14
  3.1130E-05 -4.0942E-11  1.0976E-14  1.3616E-13
  3.6579E-05 -6.2650E-11  1.7807E-14  2.2091E-13
  4.2106E-05 -9.0814E-11  2.7160E-14  3.3694E-13
  4.7711E-05 -1.2631E-10  3.9514E-14  4.9020E-13
  5.3395E-05 -1.7003E-10  5.5388E-14  6.8713E-13
  5.9161E-05 -2.2294E-10  7.5337E-14  9.3461E-13
  6.5008E-05 -2.8602E-10  9.9957E-14  1.2400E-12
  7.0939E-05 -3.6030E-10  1.2988E-13  1.6113E-12
  7.6953E-05 -4.4687E-10  1.6580E-13  2.0569E-12
  8.3053E-05 -5.4687E-10  2.0844E-13  2.5858E-12
  8.9240E-05 -6.6150E-10  2.5857E-13  3.2078E-12
  9.5514E-05 -7.9199E-10  3.1704E-13  3.9331E-12
  1.0188E-04 -9.3969E-10  3.8472E-13  4.7727E-12
  1.0833E-04 -1.1060E-09  4.6257E-13  5.7385E-12
  1.1488E-04 -1.2923E-09  5.5159E-13  6.8428E-12
  1.2152E-04 -1.5001E-09  6.5285E-13  8.0990E-12
  1.2825E-04 -1.7312E-09  7.6749E-13  9.5212E-12
  1.3508E-04 -1.9871E-09  8.9672E-13  1.1124E-11
  1.4200E-04 -2.2696E-09  1.0418E-12  1.2925E-11
  1.4903E-04 -2.5806E-09  1.2042E-12  1.4939E-11
  1.5615E-04 -2.9221E-09  1.3853E-12  1.7185E-11
  1.6338E-04 -3.2961E-09  1.5866E-12  1.9683E-11
  1.7070E-04 -3.7047E-09  1.8098E-12  2.2452E-11
  1.7813E-04 -4.1503E-09  2.0566E-12  2.5514E-11
  1.8567E-04 -4.6353E-09  2.3289E-12  2.8891E-11
  1.9332E-04 -5.1621E-09  2.6285E-12  3.2608E-11
  2.0107E-04 -5.7333E-09  2.9576E-12  3.6691E-11
  2.0893E-04 -6.3518E-09  3.3183E-12  4.1166E-11
  2.1691E-04 -7.0204E-09  3.7129E-12  4.6061E-11
  2.2499E-04 -7.7423E-09  4.1439E-12  5.1408E-11
  2.3320E-04 -8.5204E-09  4.6139E-12  5.7238E-11
  2.4151E-04 -9.3584E-09  5.1255E-12  6.3585E-11
  2.4995E-04 -1.0260E-08  5.6817E-12  7.0485E-11
  2.5851E-04 -1.1228E-08  6.2854E-12  7.7974E-11
  2.6719E-04 -1.2267E-08  6.9399E-12  8.6094E-11
  2.7599E-04 -1.3380E-08  7.6486E-12  9.4886E-11
  2.8492E-04 -1.4573E-08  8.4150E-12  1.0439E-10
  2.9397E-04 -1.5850E-08  9.2430E-12  1.1467E-10
  3.0315E-04 -1.7215E-08  1.0136E-11  1.2575E-10
  3.1246E-04 -1.8673E-08  1.1100E-11  1.3770E-10
  3.2191E-04 -2.0229E-08  1.2137E-11  1.5057E-10
  3.3149E-04 -2.1889E-08  1.3253E-11  1.6441E-10
  3.4120E-04 -2.3659E-08  1.4453E-11  1.7929E-10
  3.5106E-04 -2.5543E-08  1.5741E-11  1.9528E-10
  3.6105E-04 -2.7550E-08  1.7124E-11  2.1243E-10
  3.7118E-04 -2.9684E-08  1.8607E-11  2.3083E-10
  3.8146E-04 -3.1954E-08  2.0196E-11  2.5054E-10
  3.9189E-04 -3.4365E-08  2.1897E-11  2.7165E-10
  4.0246E-04 -3.6925E-08  2.3718E-11  2.9423E-10
  4.1318E-04 -3.9644E-08  2.5664E-11  3.1838E-10
  4.2406E-04 -4.2527E-08  2.7745E-11  3.4419E-10
  4.3509E-04 -4.5585E-08  2.9967E-11  3.7175E-10
  4.4627E-04 -4.8825E-08  3.2338E-11  4.0117E-10
  4.5762E-04 -5.2259E-08  3.4867E-11  4.3255E-10
  4.6913E-04 -5.5894E-08  3.7564E-11  4.6601E-10
  4.8080E-04 -5.9742E-08  4.0438E-11  5.0166E-10
  4.9263E-04 -6.3814E-08  4.3498E-11  5.3962E-10
  5.0463E-04 -6.8120E-08  4.6756E-11  5.8004E-10
  5.1681E-04 -7.2673E-08  5.0222E-11  6.2304E-10
  5.2916E-04 -7.7485E-08  5.3908E-11  6.6877E-10
  5.4168E-04 -8.2569E-08  5.7827E-11  7.1738E-10
  5.5438E-04 -8.7938E-08  6.1990E-11  7.6903E-10
  5.6726E-04 -9.3607E-08  6.6412E-11  8.2389E-10
  5.8032E-04 -9.9590E-08  7.1107E-11  8.8213E-10
  5.9357E-04 -1.0590E-07  7.6089E-11  9.4394E-10
  6.0701E-04 -1.1256E-07  8.1375E-11  1.0095E-09
  6.2064E-04 -1.1958E-07  8.6979E-11  1.0790E-09
  6.3446E-04 -1.2699E-07  9.2921E-11  1.1527E-09
  6.4848E-04 -1.3479E-07  9.9217E-11  1.2309E-09
  6.6269E-04 -1.4301E-07  1.0589E-10  1.3136E-09
  6.7711E-04 -1.5167E-07  1.1295E-10  1.4012E-09
  6.9174E-04 -1.6079E-07  1.2043E-10  1.4940E-09
  7.0657E-04 -1.7039E-07  1.2834E-10  1.5921E-09
  7.2161E-04 -1.8050E-07  1.3671E-10  1.6960E-09
  7.3686E-04 -1.9114E-07  1.4557E-10  1.8059E-09
  7.5234E-04 -2.0233E-07  1.5493E-10  1.9220E-09
  7.6803E-04 -2.1410E-07  1.6483E-10  2.0448E-09
  7.8394E-04 -2.2648E-07  1.7529E-10  2.1746E-09
  8.0008E-04 -2.3951E-07  1.8634E-10  2.3117E-09
  8.1645E-04 -2.5319E-07  1.9802E-10  2.4565E-09
  8.3306E-04 -2.6758E-07  2.1034E-10  2.6094E-09
  8.4989E-04 -2.8270E-07  2.2336E-10  2.7709E-09
  8.6697E-04 -2.9859E-07  2.3709E-10  2.9413E-09
  8.8429E-04 -3.1528E-07  2.5159E-10  3.1211E-09
  9.0186E-04 -3.3281E-07  2.6688E-10  3.3109E-09
  9.1967E-04 -3.5123E-07  2.8301E-10  3.5110E-09
  9.3774E-04 -3.7056E-07  3.0002E-10  3.7220E-09
  9.5607E-04 -3.9085E-07  3.1796E-10  3.9445E-09
  9.7465E-04 -4.1216E-07  3.3686E-10  4.1790E-09
  9.9350E-04 -4.3452E-07  3.5679E-10  4.4262E-09
  1.0126E-03 -4.5798E-07  3.7778E-10  4.6867E-09
  1.0320E-03 -4.8260E-07  3.9990E-10  4.9611E-09
  1.0517E-03 -5.0843E-07  4.2320E-10  5.2501E-09
  1.0716E-03 -5.3552E-07  4.4774E-10  5.5545E-09
  1.0918E-03 -5.6394E-07  4.7357E-10  5.8749E-09
  1.1124E-03 -5.9373E-07  5.0077E-10  6.2123E-09
  1.1332E-03 -6.2498E-07  5.2939E-10  6.5675E-09
  1.1543E-03 -6.5773E-07  5.5952E-10  6.9412E-09
  1.1757E-03 -6.9207E-07  5.9122E-10  7.3345E-09
  1.1974E-03 -7.2806E-07  6.2458E-10  7.7483E-09
  1.2194E-03 -7.6578E-07  6.5966E-10  8.1835E-09
  1.2417E-03 -8.0530E-07  6.9656E-10  8.6413E-09
  1.2643E-03 -8.4672E-07  7.3536E-10  9.1226E-09
  1.2873E-03 -8.9011E-07  7.7616E-10  9.6288E-09
  1.3106E-03 -9.3557E-07  8.1906E-10  1.0161E-08
  1.3342E-03 -9.8318E-07  8.6414E-10  1.0720E-08
  1.3582E-03 -1.0330E-06  9.1153E-10  1.1308E-08
  1.3825E-03 -1.0853E-06  9.6133E-10  1.1926E-08
  1.4071E-03 -1.1400E-06  1.0137E-09  1.2575E-08
  1.4321E-03 -1.1972E-06  1.0686E-09  1.3257E-08
  1.4574E-03 -1.2572E-06  1.1264E-09  1.3973E-08
  1.4832E-03 -1.3199E-06  1.1870E-09  1.4726E-08
  1.5092E-03 -1.3856E-06  1.2507E-09  1.5516E-08
  1.5357E-03 -1.4544E-06  1.3176E-09  1.6346E-08
  1.5625E-03 -1.5264E-06  1.3879E-09  1.7218E-08
  1.5897E-03 -1.6017E-06  1.4616E-09  1.8132E-08
  1.6173E-03 -1.6805E-06  1.5390E-09  1.9093E-08
  1.6452E-03 -1.7630E-06  1.6203E-09  2.0101E-08
  1.6736E-03 -1.8492E-06  1.7056E-09  2.1159E-08
  1.7024E-03 -1.9395E-06  1.7951E-09  2.2269E-08
  1.7316E-03 -2.0339E-06  1.8890E-09  2.3434E-08
  1.7612E-03 -2.1327E-06  1.9875E-09  2.4657E-08
  1.7912E-03 -2.2360E-06  2.0909E-09  2.5939E-08
  1.8216E-03 -2.3441E-06  2.1994E-09  2.7284E-08
  1.8525E-03 -2.4571E-06  2.3131E-09  2.8695E-08
  1.8838E-03 -2.5752E-06  2.4324E-09  3.0176E-08
  1.9156E-03 -2.6988E-06  2.5575E-09  3.1728E-08
  1.9478E-03 -2.8280E-06  2.6887E-09  3.3355E-08
  1.9805E-03 -2.9631E-06  2.8263E-09  3.5062E-08
  2.0136E-03 -3.1043E-06  2.9705E-09  3.6851E-08
  2.0472E-03 -3.2519E-06  3.1218E-09  3.8727E-08
  2.0813E-03 -3.4062E-06  3.2803E-09  4.0694E-08
  2.1159E-03 -3.5675E-06  3.4465E-09  4.2755E-08
  2.1509E-03 -3.7361E-06  3.6206E-09  4.4916E-08
  2.1865E-03 -3.9123E-06  3.8032E-09  4.7180E-08
  2.2225E-03 -4.0965E-06  3.9944E-09  4.9553E-08
  2.2591E-03 -4.2889E-06  4.1949E-09  5.2040E-08
  2.2962E-03 -4.4900E-06  4.4049E-09  5.4646E-08
  2.3338E-03 -4.7001E-06  4.6250E-09  5.7376E-08
  2.3720E-03 -4.9196E-06  4.8555E-09  6.0236E-08
  2.4107E-03 -5.1490E-06  5.0971E-09  6.3232E-08
  2.4499E-03 -5.3886E-06  5.3501E-09  6.6371E-08
  2.4897E-03 -5.6389E-06  5.6151E-09  6.9658E-08
  2.5301E-03 -5.9004E-06  5.8927E-09  7.3102E-08
  2.5710E-03 -6.1735E-06  6.1834E-09  7.6708E-08
  2.6125E-03 -6.4588E-06  6.4878E-09  8.0485E-08
  2.6547E-03 -6.7568E-06  6.8066E-09  8.4440E-08
  2.6974E-03 -7.0680E-06  7.1404E-09  8.8581E-08
  2.7407E-03 -7.3931E-06  7.4900E-09  9.2918E-08
  2.7846E-03 -7.7325E-06  7.8560E-09  9.7458E-08
  2.8292E-03 -8.0869E-06  8.2391E-09  1.0221E-07
  2.8744E-03 -8.4571E-06  8.6403E-09  1.0719E-07
  2.9202E-03 -8.8435E-06  9.0602E-09  1.1240E-07
  2.9667E-03 -9.2471E-06  9.4997E-09  1.1785E-07
  3.0138E-03 -9.6684E-06  9.9598E-09  1.2356E-07
  3.0616E-03 -1.0108E-05  1.0441E-08  1.2953E-07
  3.1101E-03 -1.0567E-05  1.0945E-08  1.3578E-07
  3.1593E-03 -1.1047E-05  1.1473E-08  1.4233E-07
  3.2092E-03 -1.1547E-05  1.2025E-08  1.4917E-07
  3.2597E-03 -1.2070E-05  1.2602E-08  1.5634E-07
  3.3110E-03 -1.2615E-05  1.3207E-08  1.6384E-07
  3.3631E-03 -1.3184E-05  1.3839E-08  1.7168E-07
  3.4159E-03 -1.3778E-05  1.4501E-08  1.7989E-07
  3.4694E-03 -1.4398E-05  1.5193E-08  1.8848E-07
  3.5236E-03 -1.5045E-05  1.5918E-08  1.9747E-07
  3.5787E-03 -1.5720E-05  1.6676E-08  2.0687E-07
  3.6345E-03 -1.6424E-05  1.7468E-08  2.1670E-07
  3.6912E-03 -1.7159E-05  1.8297E-08  2.2699E-07
  3.7486E-03 -1.7927E-05  1.9165E-08  2.3775E-07
  3.8068E-03 -1.8727E-05  2.0072E-08  2.4901E-07
  3.8659E-03 -1.9562E-05  2.1021E-08  2.6078E-07
  3.9258E-03 -2.0434E-05  2.2014E-08  2.7309E-07
  3.9866E-03 -2.1343E-05  2.3052E-08  2.8597E-07
  4.0482E-03 -2.2291E-05  2.4137E-08  2.9944E-07
  4.1107E-03 -2.3280E-05  2.5273E-08  3.1352E-07
  4.1741E-03 -2.4313E-05  2.6460E-08  3.2825E-07
  4.2384E-03 -2.5389E-05  2.7702E-08  3.4365E-07
  4.3036E-03 -2.6512E-05  2.9000E-08  3.5976E-07
  4.3697E-03 -2.7684E-05  3.0357E-08  3.7659E-07
  4.4368E-03 -2.8906E-05  3.1777E-08  3.9420E-07
  4.5048E-03 -3.0180E-05  3.3261E-08  4.1261E-07
  4.5738E-03 -3.1509E-05  3.4812E-08  4.3186E-07
  4.6438E-03 -3.2895E-05  3.6434E-08  4.5198E-07
  4.7147E-03 -3.4341E-05  3.8130E-08  4.7302E-07
  4.7867E-03 -3.5848E-05  3.9903E-08  4.9501E-07
  4.8597E-03 -3.7420E-05  4.1756E-08  5.1800E-07
  4.9337E-03 -3.9059E-05  4.3694E-08  5.4204E-07
  5.0088E-03 -4.0768E-05  4.5719E-08  5.6716E-07
  5.0849E-03 -4.2551E-05  4.7836E-08  5.9342E-07
  5.1621E-03 -4.4409E-05  5.0048E-08  6.2087E-07
  5.2405E-03 -4.6346E-05  5.2361E-08  6.4956E-07
  5.3199E-03 -4.8366E-05  5.4778E-08  6.7954E-07
  5.4004E-03 -5.0472E-05  5.7305E-08  7.1089E-07
  5.4822E-03 -5.2667E-05  5.9945E-08  7.4364E-07
  5.5650E-03 -5.4955E-05  6.2705E-08  7.7787E-07
  5.6491E-03 -5.7341E-05  6.5589E-08  8.1365E-07
  5.7343E-03 -5.9827E-05  6.8603E-08  8.5104E-07
  5.8207E-03 -6.2419E-05  7.1752E-08  8.9011E-07
  5.9084E-03 -6.5121E-05  7.5044E-08  9.3094E-07
  5.9973E-03 -6.7936E-05  7.8483E-08  9.7361E-07
  6.0875E-03 -7.0871E-05  8.2077E-08  1.0182E-06
  6.1790E-03 -7.3930E-05  8.5833E-08  1.0648E-06
  6.2718E-03 -7.7117E-05  8.9757E-08  1.1135E-06
  6.3658E-03 -8.0439E-05  9.3857E-08  1.1643E-06
  6.4612E-03 -8.3900E-05  9.8141E-08  1.2175E-06
  6.5580E-03 -8.7507E-05  1.0262E-07  1.2730E-06
  6.6562E-03 -9.1266E-05  1.0729E-07  1.3310E-06
  6.7557E-03 -9.5182E-05  1.1218E-07  1.3916E-06
  6.8567E-03 -9.9263E-05  1.1728E-07  1.4549E-06
  6.9590E-03 -1.0351E-04  1.2262E-07  1.5211E-06
  7.0629E-03 -1.0794E-04  1.2819E-07  1.5902E-06
  7.1682E-03 -1.1256E-04  1.3401E-07  1.6624E-06
  7.2750E-03 -1.1737E-04  1.4009E-07  1.7378E-06
  7.3833E-03 -1.2237E-04  1.4644E-07  1.8166E-06
  7.4932E-03 -1.2759E-04  1.5307E-07  1.8989E-06
  7.6046E-03 -1.3302E-04  1.6000E-07  1.9849E-06
  7.7176E-03 -1.3868E-04  1.6724E-07  2.0747E-06
  7.8323E-03 -1.4458E-04  1.7481E-07  2.1685E-06
  7.9485E-03 -1.5072E-04  1.8271E-07  2.2665E-06
  8.0664E-03 -1.5712E-04  1.9096E-07  2.3688E-06
  8.1860E-03 -1.6378E-04  1.9957E-07  2.4757E-06
  8.3072E-03 -1.7071E-04  2.0858E-07  2.5874E-06
  8.4302E-03 -1.7794E-04  2.1798E-07  2.7040E-06
  8.5550E-03 -1.8546E-04  2.2780E-07  2.8258E-06
  8.6815E-03 -1.9329E-04  2.3805E-07  2.9530E-06
  8.8098E-03 -2.0145E-04  2.4876E-07  3.0859E-06
  8.9399E-03 -2.0994E-04  2.5995E-07  3.2246E-06
  9.0719E-03 -2.1878E-04  2.7163E-07  3.3696E-06
  9.2057E-03 -2.2799E-04  2.8383E-07  3.5209E-06
  9.3415E-03 -2.3757E-04  2.9658E-07  3.6790E-06
  9.4791E-03 -2.4755E-04  3.0988E-07  3.8440E-06
  9.6188E-03 -2.5793E-04  3.2378E-07  4.0164E-06
  9.7604E-03 -2.6874E-04  3.3829E-07  4.1964E-06
  9.9040E-03 -2.8000E-04  3.5345E-07  4.3844E-06
  1.0050E-02 -2.9171E-04  3.6927E-07  4.5807E-06
  1.0197E-02 -3.0390E-04  3.8580E-07  4.7857E-06
  1.0347E-02 -3.1659E-04  4.0306E-07  4.9997E-06
  1.0499E-02 -3.2980E-04  4.2108E-07  5.2232E-06
  1.0653E-02 -3.4354E-04  4.3989E-07  5.4566E-06
  1.0810E-02 -3.5784E-04  4.5954E-07  5.7003E-06
  1.0968E-02 -3.7272E-04  4.8005E-07  5.9548E-06
  1.1129E-02 -3.8821E-04  5.0148E-07  6.2205E-06
  1.1292E-02 -4.0432E-04  5.2384E-07  6.4979E-06
  1.1457E-02 -4.2108E-04  5.4720E-07  6.7876E-06
  1.1625E-02 -4.3852E-04  5.7158E-07  7.0900E-06
  1.1795E-02 -4.5667E-04  5.9704E-07  7.4058E-06
  1.1968E-02 -4.7554E-04  6.2362E-07  7.7355E-06
  1.2143E-02 -4.9518E-04  6.5138E-07  8.0798E-06
  1.2320E-02 -5.1560E-04  6.8036E-07  8.4392E-06
  1.2500E-02 -5.3685E-04  7.1061E-07  8.8144E-06
  1.2683E-02 -5.5894E-04  7.4220E-07  9.2062E-06
  1.2868E-02 -5.8192E-04  7.7517E-07  9.6152E-06
  1.3056E-02 -6.0582E-04  8.0960E-07  1.0042E-05
  1.3246E-02 -6.3068E-04  8.4555E-07  1.0488E-05
  1.3439E-02 -6.5652E-04  8.8307E-07  1.0953E-05
  1.3635E-02 -6.8340E-04  9.2225E-07  1.1439E-05
  1.3834E-02 -7.1134E-04  9.6315E-07  1.1946E-05
  1.4035E-02 -7.4040E-04  1.0058E-06  1.2476E-05
  1.4239E-02 -7.7060E-04  1.0504E-06  1.3029E-05
  1.4447E-02 -8.0201E-04  1.0969E-06  1.3606E-05
  1.4657E-02 -8.3465E-04  1.1455E-06  1.4208E-05
  1.4870E-02 -8.6859E-04  1.1962E-06  1.4837E-05
  1.5086E-02 -9.0386E-04  1.2492E-06  1.5494E-05
  1.5306E-02 -9.4052E-04  1.3044E-06  1.6179E-05
  1.5528E-02 -9.7862E-04  1.3621E-06  1.6894E-05
  1.5753E-02 -1.0182E-03  1.4223E-06  1.7641E-05
  1.5982E-02 -1.0594E-03  1.4852E-06  1.8421E-05
  1.6214E-02 -1.1021E-03  1.5508E-06  1.9234E-05
  1.6449E-02 -1.1466E-03  1.6193E-06  2.0084E-05
  1.6688E-02 -1.1927E-03  1.6908E-06  2.0970E-05
  1.6930E-02 -1.2407E-03  1.7654E-06  2.1896E-05
  1.7176E-02 -1.2905E-03  1.8433E-06  2.2862E-05
  1.7425E-02 -1.3423E-03  1.9246E-06  2.3870E-05
  1.7677E-02 -1.3960E-03  2.0095E-06  2.4922E-05
  1.7933E-02 -1.4519E-03  2.0981E-06  2.6021E-05
  1.8193E-02 -1.5099E-03  2.1906E-06  2.7168E-05
  1.8456E-02 -1.5701E-03  2.2871E-06  2.8364E-05
  1.8723E-02 -1.6327E-03  2.3878E-06  2.9614E-05
  1.8994E-02 -1.6977E-03  2.4930E-06  3.0917E-05
  1.9269E-02 -1.7651E-03  2.6027E-06  3.2278E-05
  1.9548E-02 -1.8351E-03  2.7173E-06  3.3699E-05
  1.9830E-02 -1.9078E-03  2.8368E-06  3.5181E-05
  2.0117E-02 -1.9833E-03  2.9616E-06  3.6728E-05
  2.0408E-02 -2.0617E-03  3.0919E-06  3.8343E-05
  2.0702E-02 -2.1430E-03  3.2278E-06  4.0029E-05
  2.1001E-02 -2.2274E-03  3.3697E-06  4.1788E-05
  2.1305E-02 -2.3150E-03  3.5178E-06  4.3624E-05
  2.1612E-02 -2.4059E-03  3.6724E-06  4.5540E-05
  2.1924E-02 -2.5002E-03  3.8337E-06  4.7539E-05
  2.2241E-02 -2.5981E-03  4.0020E-06  4.9627E-05
  2.2562E-02 -2.6996E-03  4.1777E-06  5.1805E-05
  2.2887E-02 -2.8049E-03  4.3611E-06  5.4078E-05
  2.3217E-02 -2.9142E-03  4.5525E-06  5.6451E-05
  2.3552E-02 -3.0275E-03  4.7523E-06  5.8927E-05
  2.3891E-02 -3.1451E-03  4.9607E-06  6.1511E-05
  2.4236E-02 -3.2670E-03  5.1783E-06  6.4207E-05
  2.4585E-02 -3.3934E-03  5.4053E-06  6.7022E-05
  2.4939E-02 -3.5245E-03  5.6423E-06  6.9959E-05
  2.5298E-02 -3.6604E-03  5.8896E-06  7.3024E-05
  2.5662E-02 -3.8013E-03  6.1476E-06  7.6222E-05
  2.6032E-02 -3.9474E-03  6.4170E-06  7.9560E-05
  2.6407E-02 -4.0988E-03  6.6981E-06  8.3044E-05
  2.6787E-02 -4.2557E-03  6.9914E-06  8.6679E-05
  2.7172E-02 -4.4183E-03  7.2975E-06  9.0473E-05
  2.7563E-02 -4.5868E-03  7.6170E-06  9.4431E-05
  2.7959E-02 -4.7614E-03  7.9503E-06  9.8563E-05
  2.8362E-02 -4.9423E-03  8.2982E-06  1.0287E-04
  2.8769E-02 -5.1297E-03  8.6613E-06  1.0737E-04
  2.9183E-02 -5.3238E-03  9.0402E-06  1.1207E-04
  2.9602E-02 -5.5249E-03  9.4356E-06  1.1697E-04
  3.0028E-02 -5.7331E-03  9.8482E-06  1.2208E-04
  3.0459E-02 -5.9487E-03  1.0279E-05  1.2741E-04
  3.0897E-02 -6.1720E-03  1.0728E-05  1.3298E-04
  3.1341E-02 -6.4031E-03  1.1197E-05  1.3879E-04
  3.1791E-02 -6.6424E-03  1.1686E-05  1.4485E-04
  3.2247E-02 -6.8901E-03  1.2197E-05  1.5117E-04
  3.2710E-02 -7.1465E-03  1.2730E-05  1.5777E-04
  3.3180E-02 -7.4118E-03  1.3286E-05  1.6466E-04
  3.3656E-02 -7.6863E-03  1.3866E-05  1.7185E-04
  3.4139E-02 -7.9703E-03  1.4471E-05  1.7934E-04
  3.4629E-02 -8.2642E-03  1.5103E-05  1.8717E-04
  3.5126E-02 -8.5681E-03  1.5762E-05  1.9533E-04
  3.5630E-02 -8.8825E-03  1.6450E-05  2.0385E-04
  3.6141E-02 -9.2076E-03  1.7168E-05  2.1274E-04
  3.6659E-02 -9.5438E-03  1.7917E-05  2.2201E-04
  3.7185E-02 -9.8914E-03  1.8699E-05  2.3169E-04
  3.7718E-02 -1.0251E-02  1.9514E-05  2.4179E-04
  3.8258E-02 -1.0622E-02  2.0365E-05  2.5232E-04
  3.8807E-02 -1.1006E-02  2.1253E-05  2.6332E-04
  3.9363E-02 -1.1403E-02  2.2180E-05  2.7479E-04
  3.9927E-02 -1.1813E-02  2.3147E-05  2.8676E-04
  4.0499E-02 -1.2236E-02  2.4156E-05  2.9924E-04
  4.1079E-02 -1.2673E-02  2.5208E-05  3.1227E-04
  4.1668E-02 -1.3125E-02  2.6307E-05  3.2586E-04
  4.2264E-02 -1.3592E-02  2.7453E-05  3.4005E-04
  4.2870E-02 -1.4074E-02  2.8649E-05  3.5485E-04
  4.3484E-02 -1.4571E-02  2.9897E-05  3.7028E-04
  4.4106E-02 -1.5084E-02  3.1199E-05  3.8639E-04
  4.4738E-02 -1.5614E-02  3.2558E-05  4.0320E-04
  4.5378E-02 -1.6161E-02  3.3975E-05  4.2073E-04
  4.6027E-02 -1.6725E-02  3.5454E-05  4.3903E-04
  4.6686E-02 -1.7307E-02  3.6998E-05  4.5812E-04
  4.7354E-02 -1.7908E-02  3.8608E-05  4.7803E-04
  4.8032E-02 -1.8527E-02  4.0288E-05  4.9881E-04
  4.8719E-02 -1.9165E-02  4.2041E-05  5.2048E-04
  4.9416E-02 -1.9824E-02  4.3870E-05  5.4310E-04
  5.0123E-02 -2.0502E-02  4.5779E-05  5.6669E-04
  5.0839E-02 -2.1202E-02  4.7770E-05  5.9130E-04
  5.1567E-02 -2.1923E-02  4.9848E-05  6.1698E-04
  5.2304E-02 -2.2665E-02  5.2016E-05  6.4377E-04
  5.3052E-02 -2.3430E-02  5.4278E-05  6.7172E-04
  5.3810E-02 -2.4218E-02  5.6638E-05  7.0087E-04
  5.4579E-02 -2.5030E-02  5.9100E-05  7.3129E-04
  5.5360E-02 -2.5865E-02  6.1669E-05  7.6303E-04
  5.6151E-02 -2.6725E-02  6.4350E-05  7.9613E-04
  5.6953E-02 -2.7610E-02  6.7146E-05  8.3066E-04
  5.7767E-02 -2.8521E-02  7.0064E-05  8.6669E-04
  5.8593E-02 -2.9458E-02  7.3109E-05  9.0427E-04
  5.9430E-02 -3.0422E-02  7.6285E-05  9.4348E-04
  6.0279E-02 -3.1413E-02  7.9599E-05  9.8438E-04
  6.1140E-02 -3.2433E-02  8.3056E-05  1.0270E-03
  6.2013E-02 -3.3481E-02  8.6664E-05  1.0716E-03
  6.2899E-02 -3.4558E-02  9.0427E-05  1.1180E-03
  6.3797E-02 -3.5665E-02  9.4354E-05  1.1664E-03
  6.4708E-02 -3.6802E-02  9.8451E-05  1.2169E-03
  6.5632E-02 -3.7970E-02  1.0273E-04  1.2696E-03
  6.6570E-02 -3.9169E-02  1.0718E-04  1.3246E-03
  6.7520E-02 -4.0401E-02  1.1184E-04  1.3820E-03
  6.8484E-02 -4.1665E-02  1.1669E-04  1.4418E-03
  6.9462E-02 -4.2962E-02  1.2175E-04  1.5042E-03
  7.0453E-02 -4.4294E-02  1.2704E-04  1.5692E-03
  7.1459E-02 -4.5659E-02  1.3255E-04  1.6371E-03
  7.2479E-02 -4.7059E-02  1.3830E-04  1.7079E-03
  7.3513E-02 -4.8495E-02  1.4430E-04  1.7818E-03
  7.4562E-02 -4.9967E-02  1.5056E-04  1.8588E-03
  7.5626E-02 -5.1475E-02  1.5709E-04  1.9392E-03
  7.6705E-02 -5.3020E-02  1.6390E-04  2.0230E-03
  7.7799E-02 -5.4603E-02  1.7101E-04  2.1104E-03
  7.8909E-02 -5.6223E-02  1.7842E-04  2.2015E-03
  8.0035E-02 -5.7882E-02  1.8616E-04  2.2966E-03
  8.1177E-02 -5.9580E-02  1.9423E-04  2.3958E-03
  8.2335E-02 -6.1317E-02  2.0264E-04  2.4992E-03
  8.3509E-02 -6.3094E-02  2.1143E-04  2.6071E-03
  8.4700E-02 -6.4911E-02  2.2059E-04  2.7196E-03
  8.5908E-02 -6.6769E-02  2.3015E-04  2.8370E-03
  8.7133E-02 -6.8667E-02  2.4012E-04  2.9593E-03
  8.8375E-02 -7.0606E-02  2.5052E-04  3.0869E-03
  8.9636E-02 -7.2587E-02  2.6137E-04  3.2200E-03
  9.0914E-02 -7.4609E-02  2.7269E-04  3.3588E-03
  9.2210E-02 -7.6674E-02  2.8450E-04  3.5036E-03
  9.3524E-02 -7.8780E-02  2.9682E-04  3.6545E-03
  9.4858E-02 -8.0929E-02  3.0967E-04  3.8119E-03
  9.6210E-02 -8.3120E-02  3.2308E-04  3.9761E-03
  9.7581E-02 -8.5353E-02  3.3707E-04  4.1472E-03
  9.8972E-02 -8.7629E-02  3.5166E-04  4.3257E-03
  1.0038E-01 -8.9948E-02  3.6687E-04  4.5118E-03
  1.0181E-01 -9.2309E-02  3.8275E-04  4.7059E-03
  1.0326E-01 -9.4712E-02  3.9931E-04  4.9083E-03
  1.0474E-01 -9.7157E-02  4.1659E-04  5.1193E-03
  1.0623E-01 -9.9644E-02  4.3461E-04  5.3393E-03
  1.0774E-01 -1.0217E-01  4.5341E-04  5.5686E-03
  1.0928E-01 -1.0474E-01  4.7302E-04  5.8078E-03
  1.1083E-01 -1.0736E-01  4.9347E-04  6.0572E-03
  1.1241E-01 -1.1001E-01  5.1481E-04  6.3171E-03
  1.1401E-01 -1.1270E-01  5.3707E-04  6.5882E-03
  1.1564E-01 -1.1543E-01  5.6029E-04  6.8708E-03
  1.1729E-01 -1.1820E-01  5.8450E-04  7.1653E-03
  1.1896E-01 -1.2101E-01  6.0976E-04  7.4725E-03
  1.2065E-01 -1.2386E-01  6.3611E-04  7.7926E-03
  1.2237E-01 -1.2674E-01  6.6360E-04  8.1264E-03
  1.2411E-01 -1.2966E-01  6.9227E-04  8.4743E-03
  1.2588E-01 -1.3261E-01  7.2217E-04  8.8369E-03
  1.2767E-01 -1.3560E-01  7.5336E-04  9.2150E-03
  1.2949E-01 -1.3862E-01  7.8589E-04  9.6090E-03
  1.3134E-01 -1.4167E-01  8.1982E-04  1.0020E-02
  1.3321E-01 -1.4475E-01  8.5522E-04  1.0448E-02
  1.3510E-01 -1.4786E-01  8.9213E-04  1.0894E-02
  1.3703E-01 -1.5099E-01  9.3063E-04  1.1359E-02
  1.3898E-01 -1.5415E-01  9.7079E-04  1.1844E-02
  1.4096E-01 -1.5734E-01  1.0127E-03  1.2349E-02
  1.4296E-01 -1.6054E-01  1.0564E-03  1.2875E-02
  1.4500E-01 -1.6377E-01  1.1019E-03  1.3423E-02
  1.4706E-01 -1.6701E-01  1.1494E-03  1.3995E-02
  1.4916E-01 -1.7027E-01  1.1990E-03  1.4591E-02
  1.5128E-01 -1.7355E-01  1.2507E-03  1.5211E-02
  1.5343E-01 -1.7683E-01  1.3046E-03  1.5858E-02
  1.5562E-01 -1.8012E-01  1.3608E-03  1.6531E-02
  1.5783E-01 -1.8342E-01  1.4195E-03  1.7233E-02
  1.6008E-01 -1.8673E-01  1.4806E-03  1.7965E-02
  1.6236E-01 -1.9003E-01  1.5444E-03  1.8726E-02
  1.6467E-01 -1.9333E-01  1.6109E-03  1.9520E-02
  1.6701E-01 -1.9663E-01  1.6802E-03  2.0347E-02
  1.6939E-01 -1.9992E-01  1.7526E-03  2.1208E-02
  1.7180E-01 -2.0320E-01  1.8280E-03  2.2105E-02
  1.7425E-01 -2.0646E-01  1.9067E-03  2.3039E-02
  1.7673E-01 -2.0971E-01  1.9887E-03  2.4012E-02
  1.7924E-01 -2.1294E-01  2.0742E-03  2.5025E-02
  1.8179E-01 -2.1614E-01  2.1634E-03  2.6080E-02
  1.8438E-01 -2.1931E-01  2.2564E-03  2.7179E-02
  1.8700E-01 -2.2246E-01  2.3534E-03  2.8323E-02
  1.8966E-01 -2.2556E-01  2.4545E-03  2.9514E-02
  1.9236E-01 -2.2863E-01  2.5600E-03  3.0754E-02
  1.9510E-01 -2.3165E-01  2.6699E-03  3.2045E-02
  1.9787E-01 -2.3463E-01  2.7845E-03  3.3390E-02
  2.0069E-01 -2.3755E-01  2.9041E-03  3.4789E-02
  2.0354E-01 -2.4042E-01  3.0287E-03  3.6245E-02
  2.0644E-01 -2.4323E-01  3.1586E-03  3.7761E-02
  2.0938E-01 -2.4597E-01  3.2941E-03  3.9338E-02
  2.1236E-01 -2.4864E-01  3.4354E-03  4.0980E-02
  2.1538E-01 -2.5124E-01  3.5826E-03  4.2689E-02
  2.1844E-01 -2.5376E-01  3.7361E-03  4.4466E-02
  2.2155E-01 -2.5620E-01  3.8962E-03  4.6315E-02
  2.2470E-01 -2.5855E-01  4.0630E-03  4.8239E-02
  2.2790E-01 -2.6080E-01  4.2370E-03  5.0241E-02
  2.3114E-01 -2.6296E-01  4.4183E-03  5.2323E-02
  2.3442E-01 -2.6502E-01  4.6073E-03  5.4488E-02
  2.3776E-01 -2.6697E-01  4.8043E-03  5.6740E-02
  2.4114E-01 -2.6881E-01  5.0097E-03  5.9081E-02
  2.4457E-01 -2.7053E-01  5.2238E-03  6.1516E-02
  2.4805E-01 -2.7213E-01  5.4469E-03  6.4047E-02
  2.5158E-01 -2.7360E-01  5.6795E-03  6.6679E-02
  2.5515E-01 -2.7493E-01  5.9219E-03  6.9414E-02
  2.5878E-01 -2.7613E-01  6.1746E-03  7.2257E-02
  2.6246E-01 -2.7719E-01  6.4379E-03  7.5211E-02
  2.6620E-01 -2.7810E-01  6.7123E-03  7.8281E-02
  2.6998E-01 -2.7886E-01  6.9983E-03  8.1470E-02
  2.7382E-01 -2.7946E-01  7.2963E-03  8.4784E-02
  2.7772E-01 -2.7989E-01  7.6069E-03  8.8225E-02
  2.8166E-01 -2.8016E-01  7.9305E-03  9.1800E-02
  2.8567E-01 -2.8025E-01  8.2677E-03  9.5512E-02
  2.8973E-01 -2.8017E-01  8.6191E-03  9.9365E-02
  2.9385E-01 -2.7991E-01  8.9852E-03  1.0337E-01
  2.9803E-01 -2.7945E-01  9.3667E-03  1.0752E-01
  3.0227E-01 -2.7881E-01  9.7641E-03  1.1183E-01
  3.0657E-01 -2.7797E-01  1.0178E-02  1.1630E-01
  3.1092E-01 -2.7693E-01  1.0609E-02  1.2094E-01
  3.1535E-01 -2.7569E-01  1.1059E-02  1.2575E-01
  3.1983E-01 -2.7424E-01  1.1527E-02  1.3074E-01
  3.2438E-01 -2.7258E-01  1.2014E-02  1.3592E-01
  3.2899E-01 -2.7070E-01  1.2522E-02  1.4129E-01
  3.3367E-01 -2.6861E-01  1.3051E-02  1.4685E-01
  3.3841E-01 -2.6629E-01  1.3602E-02  1.5261E-01
  3.4322E-01 -2.6375E-01  1.4176E-02  1.5858E-01
  3.4810E-01 -2.6098E-01  1.4773E-02  1.6477E-01
  3.5305E-01 -2.5797E-01  1.5395E-02  1.7118E-01
  3.5807E-01 -2.5474E-01  1.6043E-02  1.7781E-01
  3.6316E-01 -2.5127E-01  1.6717E-02  1.8468E-01
  3.6832E-01 -2.4756E-01  1.7420E-02  1.9179E-01
  3.7356E-01 -2.4361E-01  1.8151E-02  1.9914E-01
  3.7887E-01 -2.3943E-01  1.8912E-02  2.0675E-01
  3.8425E-01 -2.3500E-01  1.9704E-02  2.1461E-01
  3.8972E-01 -2.3032E-01  2.0529E-02  2.2275E-01
  3.9525E-01 -2.2540E-01  2.1387E-02  2.3115E-01
  4.0087E-01 -2.2024E-01  2.2280E-02  2.3983E-01
  4.0657E-01 -2.1483E-01  2.3210E-02  2.4880E-01
  4.1235E-01 -2.0918E-01  2.4177E-02  2.5806E-01
  4.1821E-01 -2.0328E-01  2.5184E-02  2.6762E-01
  4.2416E-01 -1.9714E-01  2.6231E-02  2.7749E-01
  4.3019E-01 -1.9075E-01  2.7320E-02  2.8766E-01
  4.3630E-01 -1.8412E-01  2.8454E-02  2.9815E-01
  4.4250E-01 -1.7724E-01  2.9633E-02  3.0896E-01
  4.4879E-01 -1.7013E-01  3.0859E-02  3.2010E-01
  4.5517E-01 -1.6278E-01  3.2134E-02  3.3157E-01
  4.6164E-01 -1.5519E-01  3.3460E-02  3.4338E-01
  4.6820E-01 -1.4737E-01  3.4838E-02  3.5553E-01
  4.7486E-01 -1.3931E-01  3.6272E-02  3.6803E-01
  4.8160E-01 -1.3103E-01  3.7762E-02  3.8087E-01
  4.8845E-01 -1.2252E-01  3.9311E-02  3.9406E-01
  4.9539E-01 -1.1379E-01  4.0920E-02  4.0761E-01
  5.0243E-01 -1.0484E-01  4.2593E-02  4.2152E-01
  5.0957E-01 -9.5679E-02  4.4332E-02  4.3578E-01
  5.1682E-01 -8.6307E-02  4.6138E-02  4.5040E-01
  5.2416E-01 -7.6730E-02  4.8014E-02  4.6537E-01
  5.3161E-01 -6.6954E-02  4.9962E-02  4.8070E-01
  5.3916E-01 -5.6982E-02  5.1986E-02  4.9638E-01
  5.4683E-01 -4.6822E-02  5.4088E-02  5.1241E-01
  5.5460E-01 -3.6478E-02  5.6270E-02  5.2878E-01
  5.6248E-01 -2.5957E-02  5.8535E-02  5.4550E-01
  5.7047E-01 -1.5264E-02  6.0886E-02  5.6254E-01
  5.7858E-01 -4.4071E-03  6.3326E-02  5.7990E-01
  5.8680E-01  6.6078E-03  6.5857E-02  5.9758E-01
  5.9514E-01  1.7773E-02  6.8484E-02  6.1555E-01
  6.0360E-01  2.9083E-02  7.1208E-02  6.3382E-01
  6.1218E-01  4.0528E-02  7.4033E-02  6.5235E-01
  6.2087E-01  5.2101E-02  7.6962E-02  6.7113E-01
  6.2970E-01  6.3794E-02  7.9998E-02  6.9014E-01
  6.3865E-01  7.5600E-02  8.3145E-02  7.0937E-01
  6.4772E-01  8.7509E-02  8.6406E-02  7.2878E-01
  6.5693E-01  9.9514E-02  8.9785E-02  7.4835E-01
  6.6626E-01  1.1161E-01  9.3284E-02  7.6804E-01
  6.7573E-01  1.2377E-01  9.6908E-02  7.8784E-01
  6.8533E-01  1.3601E-01  1.0066E-01  8.0769E-01
  6.9507E-01  1.4831E-01  1.0454E-01  8.2757E-01
  7.0494E-01  1.6066E-01  1.0856E-01  8.4743E-01
  7.1496E-01  1.7305E-01  1.1272E-01  8.6723E-01
  7.2512E-01  1.8547E-01  1.1701E-01  8.8691E-01
  7.3542E-01  1.9791E-01  1.2146E-01  9.0643E-01
  7.4587E-01  2.1037E-01  1.2605E-01  9.2573E-01
  7.5647E-01  2.2283E-01  1.3080E-01  9.4476E-01
  7.6722E-01  2.3528E-01  1.3570E-01  9.6344E-01
  7.7812E-01  2.4772E-01  1.4076E-01  9.8172E-01
  7.8918E-01  2.6013E-01  1.4598E-01  9.9951E-01
  8.0039E-01  2.7250E-01  1.5137E-01  1.0168E+00
  8.1176E-01  2.8483E-01  1.5693E-01  1.0334E+00
  8.2330E-01  2.9711E-01  1.6266E-01  1.0493E+00
  8.3499E-01  3.0932E-01  1.6857E-01  1.0644E+00
  8.4686E-01  3.2146E-01  1.7465E-01  1.0786E+00
  8.5889E-01  3.3351E-01  1.8092E-01  1.0918E+00
  8.7109E-01  3.4547E-01  1.8737E-01  1.1039E+00
  8.8347E-01  3.5732E-01  1.9400E-01  1.1148E+00
  8.9602E-01  3.6906E-01  2.0082E-01  1.1245E+00
  9.0875E-01  3.8067E-01  2.0783E-01  1.1327E+00
  9.2166E-01  3.9214E-01  2.1503E-01  1.1394E+00
  9.3476E-01  4.0346E-01  2.2242E-01  1.1445E+00
  9.4804E-01  4.1463E-01  2.3001E-01  1.1478E+00
  9.6151E-01  4.2562E-01  2.3778E-01  1.1493E+00
  9.7517E-01  4.3644E-01  2.4574E-01  1.1488E+00
  9.8902E-01  4.4706E-01  2.5390E-01  1.1462E+00
  1.0031E+00  4.5749E-01  2.6224E-01  1.1413E+00
  1.0173E+00  4.6771E-01  2.7077E-01  1.1341E+00
  1.0318E+00  4.7771E-01  2.7949E-01  1.1245E+00
  1.0464E+00  4.8748E-01  2.8838E-01  1.1123E+00
  1.0613E+00  4.9702E-01  2.9745E-01  1.0973E+00
  1.0764E+00  5.0631E-01  3.0670E-01  1.0796E+00
  1.0917E+00  5.1534E-01  3.1611E-01  1.0590E+00
  1.1072E+00  5.2412E-01  3.2568E-01  1.0354E+00
  1.1229E+00  5.3263E-01  3.3540E-01  1.0087E+00
  1.1389E+00  5.4086E-01  3.4526E-01  9.7890E-01
  1.1550E+00  5.4882E-01  3.5526E-01  9.4587E-01
  1.1715E+00  5.5648E-01  3.6537E-01  9.0959E-01
  1.1881E+00  5.6385E-01  3.7560E-01  8.7002E-01
  1.2050E+00  5.7093E-01  3.8593E-01  8.2716E-01
  1.2221E+00  5.7770E-01  3.9634E-01  7.8100E-01
  1.2395E+00  5.8416E-01  4.0681E-01  7.3159E-01
  1.2571E+00  5.9031E-01  4.1734E-01  6.7898E-01
  1.2749E+00  5.9614E-01  4.2790E-01  6.2324E-01
  1.2930E+00  6.0166E-01  4.3846E-01  5.6449E-01
  1.3114E+00  6.0686E-01  4.4902E-01  5.0287E-01
  1.3300E+00  6.1173E-01  4.5954E-01  4.3856E-01
  1.3489E+00  6.1628E-01  4.7000E-01  3.7177E-01
  1.3681E+00  6.2051E-01  4.8038E-01  3.0277E-01
  1.3875E+00  6.2441E-01  4.9065E-01  2.3185E-01
  1.4072E+00  6.2799E-01  5.0078E-01  1.5934E-01
  1.4272E+00  6.3124E-01  5.1073E-01  8.5647E-02
  1.4475E+00  6.3417E-01  5.2049E-01  1.1196E-02
  1.4681E+00  6.3677E-01  5.3001E-01 -6.3525E-02
  1.4889E+00  6.3906E-01  5.3926E-01 -1.3798E-01
  1.5101E+00  6.4102E-01  5.4821E-01 -2.1157E-01
  1.5315E+00  6.4267E-01  5.5682E-01 -2.8366E-01
  1.5533E+00  6.4401E-01  5.6506E-01 -3.5355E-01
  1.5753E+00  6.4504E-01  5.7289E-01 -4.2051E-01
  1.5977E+00  6.4576E-01  5.8028E-01 -4.8373E-01
  1.6204E+00  6.4617E-01  5.8719E-01 -5.4239E-01
  1.6434E+00  6.4629E-01  5.9360E-01 -5.9560E-01
  1.6668E+00  6.4612E-01  5.9945E-01 -6.4246E-01
  1.6905E+00  6.4566E-01  6.0474E-01 -6.8204E-01
  1.7145E+00  6.4492E-01  6.0942E-01 -7.1339E-01
  1.7388E+00  6.4390E-01  6.1348E-01 -7.3557E-01
  1.7635E+00  6.4260E-01  6.1690E-01 -7.4765E-01
  1.7886E+00  6.4105E-01  6.1965E-01 -7.4874E-01
  1.8140E+00  6.3923E-01  6.2173E-01 -7.3774E-01
  1.8398E+00  6.3716E-01  6.2314E-01 -7.1396E-01
  1.8659E+00  6.3484E-01  6.2387E-01 -6.8124E-01
  1.8924E+00  6.3228E-01  6.2393E-01 -6.3972E-01
  1.9193E+00  6.2949E-01  6.2334E-01 -5.8977E-01
  1.9465E+00  6.2647E-01  6.2212E-01 -5.3204E-01
  1.9742E+00  6.2324E-01  6.2030E-01 -4.6750E-01
  2.0022E+00  6.1979E-01  6.1793E-01 -3.9754E-01
  2.0307E+00  6.1613E-01  6.1505E-01 -3.2401E-01
  2.0595E+00  6.1228E-01  6.1172E-01 -2.4935E-01
  2.0888E+00  6.0824E-01  6.0799E-01 -1.7668E-01
  2.1184E+00  6.0401E-01  6.0393E-01 -1.0994E-01
  2.1485E+00  5.9961E-01  5.9959E-01 -5.4009E-02
  2.1790E+00  5.9504E-01  5.9504E-01 -1.4917E-02
  2.2100E+00  5.9031E-01  5.9031E-01  0.0000E+00
  2.2414E+00  5.8542E-01  5.8542E-01  0.0000E+00
  2.2732E+00  5.8038E-01  5.8038E-01  0.0000E+00
  2.3055E+00  5.7521E-01  5.7521E-01  0.0000E+00
  2.3383E+00  5.6990E-01  5.6990E-01  0.0000E+00
  2.3715E+00  5.6446E-01  5.6446E-01  0.0000E+00
  2.4052E+00  5.5890E-01  5.5890E-01  0.0000E+00
  2.4393E+00  5.5322E-01  5.5322E-01  0.0000E+00
  2.4740E+00  5.4744E-01  5.4744E-01  0.0000E+00
  2.5091E+00  5.4156E-01  5.4156E-01  0.0000E+00
  2.5448E+00  5.3558E-01  5.3558E-01  0.0000E+00
  2.5809E+00  5.2952E-01  5.2952E-01  0.0000E+00
  2.6176E+00  5.2336E-01  5.2336E-01  0.0000E+00
  2.6547E+00  5.1713E-01  5.1713E-01  0.0000E+00
  2.6925E+00  5.1083E-01  5.1083E-01  0.0000E+00
  2.7307E+00  5.0446E-01  5.0446E-01  0.0000E+00
  2.7695E+00  4.9802E-01  4.9802E-01  0.0000E+00
  2.8088E+00  4.9153E-01  4.9153E-01  0.0000E+00
  2.8487E+00  4.8498E-01  4.8498E-01  0.0000E+00
  2.8892E+00  4.7838E-01  4.7838E-01  0.0000E+00
  2.9302E+00  4.7174E-01  4.7174E-01  0.0000E+00
  2.9718E+00  4.6505E-01  4.6505E-01  0.0000E+00
  3.0141E+00  4.5833E-01  4.5833E-01  0.0000E+00
  3.0569E+00  4.5157E-01  4.5157E-01  0.0000E+00
  3.1003E+00  4.4478E-01  4.4478E-01  0.0000E+00
  3.1443E+00  4.3796E-01  4.3796E-01  0.0000E+00
  3.1890E+00  4.3111E-01  4.3111E-01  0.0000E+00
  3.2343E+00  4.2424E-01  4.2424E-01  0.0000E+00
  3.2802E+00  4.1735E-01  4.1735E-01  0.0000E+00
  3.3268E+00  4.1044E-01  4.1044E-01  0.0000E+00
  3.3741E+00  4.0352E-01  4.0352E-01  0.0000E+00
  3.4220E+00  3.9658E-01  3.9658E-01  0.0000E+00
  3.4706E+00  3.8964E-01  3.8964E-01  0.0000E+00
  3.5199E+00  3.8269E-01  3.8269E-01  0.0000E+00
  3.5699E+00  3.7573E-01  3.7573E-01  0.0000E+00
  3.6206E+00  3.6878E-01  3.6878E-01  0.0000E+00
  3.6720E+00  3.6182E-01  3.6182E-01  0.0000E+00
  3.7242E+00  3.5487E-01  3.5487E-01  0.0000E+00
  3.7771E+00  3.4792E-01  3.4792E-01  0.0000E+00
  3.8307E+00  3.4099E-01  3.4099E-01  0.0000E+00
  3.8851E+00  3.3406E-01  3.3406E-01  0.0000E+00
  3.9403E+00  3.2715E-01  3.2715E-01  0.0000E+00
  3.9963E+00  3.2026E-01  3.2026E-01  0.0000E+00
  4.0530E+00  3.1339E-01  3.1339E-01  0.0000E+00
  4.1106E+00  3.0655E-01  3.0655E-01  0.0000E+00
  4.1690E+00  2.9973E-01  2.9973E-01  0.0000E+00
  4.2282E+00  2.9294E-01  2.9294E-01  0.0000E+00
  4.2883E+00  2.8618E-01  2.8618E-01  0.0000E+00
  4.3492E+00  2.7946E-01  2.7946E-01  0.0000E+00
  4.4109E+00  2.7279E-01  2.7279E-01  0.0000E+00
  4.4736E+00  2.6615E-01  2.6615E-01  0.0000E+00
