 # l=           3 basis function with energy   -0.70649389656902528     
  0.0000E+00  0.0000E+00  0.0000E+00 -0.0000E+00
  1.1384E-06  2.8469E-19  2.6835E-25  1.0150E-23
  2.2870E-06  3.4340E-18  4.3710E-24  1.6534E-22
  3.4458E-06  1.4836E-17  2.2527E-23  8.5215E-22
  4.6150E-06  4.2097E-17  7.2484E-23  2.7419E-21
  5.7947E-06  9.4879E-17  1.8017E-22  6.8151E-21
  6.9849E-06  1.8485E-16  3.8036E-22  1.4388E-20
  8.1858E-06  3.2570E-16  7.1746E-22  2.7139E-20
  9.3975E-06  5.3316E-16  1.2462E-21  4.7140E-20
  1.0620E-05  8.2509E-16  2.0325E-21  7.6883E-20
  1.1853E-05  1.2215E-15  3.1543E-21  1.1932E-19
  1.3098E-05  1.7447E-15  4.7025E-21  1.7788E-19
  1.4353E-05  2.4194E-15  6.7820E-21  2.5654E-19
  1.5620E-05  3.2726E-15  9.5123E-21  3.5982E-19
  1.6898E-05  4.3340E-15  1.3029E-20  4.9285E-19
  1.8188E-05  5.6360E-15  1.7485E-20  6.6141E-19
  1.9489E-05  7.2137E-15  2.3052E-20  8.7197E-19
  2.0802E-05  9.1052E-15  2.9919E-20  1.1317E-18
  2.2126E-05  1.1352E-14  3.8298E-20  1.4487E-18
  2.3463E-05  1.3997E-14  4.8422E-20  1.8317E-18
  2.4811E-05  1.7090E-14  6.0550E-20  2.2904E-18
  2.6171E-05  2.0681E-14  7.4962E-20  2.8356E-18
  2.7544E-05  2.4825E-14  9.1968E-20  3.4789E-18
  2.8929E-05  2.9582E-14  1.1191E-19  4.2331E-18
  3.0326E-05  3.5013E-14  1.3514E-19  5.1121E-18
  3.1735E-05  4.1186E-14  1.6208E-19  6.1310E-18
  3.3158E-05  4.8173E-14  1.9315E-19  7.3062E-18
  3.4593E-05  5.6049E-14  2.2882E-19  8.6555E-18
  3.6041E-05  6.4897E-14  2.6960E-19  1.0198E-17
  3.7502E-05  7.4801E-14  3.1604E-19  1.1955E-17
  3.8975E-05  8.5853E-14  3.6873E-19  1.3948E-17
  4.0463E-05  9.8151E-14  4.2831E-19  1.6202E-17
  4.1963E-05  1.1180E-13  4.9546E-19  1.8742E-17
  4.3477E-05  1.2690E-13  5.7092E-19  2.1596E-17
  4.5004E-05  1.4358E-13  6.5547E-19  2.4795E-17
  4.6545E-05  1.6195E-13  7.4997E-19  2.8369E-17
  4.8100E-05  1.8214E-13  8.5531E-19  3.2354E-17
  4.9669E-05  2.0429E-13  9.7247E-19  3.6786E-17
  5.1251E-05  2.2855E-13  1.1025E-18  4.1704E-17
  5.2848E-05  2.5506E-13  1.2464E-18  4.7149E-17
  5.4460E-05  2.8398E-13  1.4055E-18  5.3167E-17
  5.6085E-05  3.1549E-13  1.5810E-18  5.9806E-17
  5.7725E-05  3.4977E-13  1.7742E-18  6.7114E-17
  5.9380E-05  3.8699E-13  1.9866E-18  7.5148E-17
  6.1050E-05  4.2735E-13  2.2196E-18  8.3963E-17
  6.2734E-05  4.7107E-13  2.4750E-18  9.3621E-17
  6.4434E-05  5.1836E-13  2.7543E-18  1.0419E-16
  6.6149E-05  5.6945E-13  3.0594E-18  1.1573E-16
  6.7879E-05  6.2458E-13  3.3923E-18  1.2832E-16
  6.9625E-05  6.8401E-13  3.7549E-18  1.4204E-16
  7.1386E-05  7.4799E-13  4.1495E-18  1.5697E-16
  7.3163E-05  8.1682E-13  4.5784E-18  1.7319E-16
  7.4956E-05  8.9078E-13  5.0440E-18  1.9080E-16
  7.6765E-05  9.7017E-13  5.5488E-18  2.0990E-16
  7.8590E-05  1.0553E-12  6.0957E-18  2.3058E-16
  8.0432E-05  1.1466E-12  6.6874E-18  2.5297E-16
  8.2290E-05  1.2443E-12  7.3271E-18  2.7716E-16
  8.4165E-05  1.3488E-12  8.0179E-18  3.0329E-16
  8.6056E-05  1.4606E-12  8.7633E-18  3.3149E-16
  8.7964E-05  1.5800E-12  9.5668E-18  3.6189E-16
  8.9890E-05  1.7074E-12  1.0432E-17  3.9463E-16
  9.1832E-05  1.8433E-12  1.1364E-17  4.2986E-16
  9.3792E-05  1.9882E-12  1.2365E-17  4.6775E-16
  9.5770E-05  2.1425E-12  1.3442E-17  5.0846E-16
  9.7765E-05  2.3068E-12  1.4597E-17  5.5218E-16
  9.9778E-05  2.4816E-12  1.5837E-17  5.9908E-16
  1.0181E-04  2.6674E-12  1.7167E-17  6.4937E-16
  1.0386E-04  2.8649E-12  1.8591E-17  7.0325E-16
  1.0593E-04  3.0747E-12  2.0116E-17  7.6095E-16
  1.0801E-04  3.2973E-12  2.1749E-17  8.2269E-16
  1.1012E-04  3.5335E-12  2.3494E-17  8.8871E-16
  1.1224E-04  3.7840E-12  2.5359E-17  9.5927E-16
  1.1438E-04  4.0494E-12  2.7352E-17  1.0346E-15
  1.1654E-04  4.3306E-12  2.9479E-17  1.1151E-15
  1.1873E-04  4.6284E-12  3.1748E-17  1.2010E-15
  1.2093E-04  4.9435E-12  3.4168E-17  1.2925E-15
  1.2315E-04  5.2768E-12  3.6748E-17  1.3901E-15
  1.2539E-04  5.6293E-12  3.9496E-17  1.4940E-15
  1.2765E-04  6.0019E-12  4.2421E-17  1.6047E-15
  1.2993E-04  6.3956E-12  4.5535E-17  1.7225E-15
  1.3223E-04  6.8113E-12  4.8847E-17  1.8477E-15
  1.3455E-04  7.2502E-12  5.2369E-17  1.9810E-15
  1.3689E-04  7.7134E-12  5.6111E-17  2.1225E-15
  1.3925E-04  8.2021E-12  6.0087E-17  2.2729E-15
  1.4164E-04  8.7174E-12  6.4309E-17  2.4326E-15
  1.4404E-04  9.2606E-12  6.8791E-17  2.6022E-15
  1.4647E-04  9.8331E-12  7.3546E-17  2.7820E-15
  1.4892E-04  1.0436E-11  7.8589E-17  2.9728E-15
  1.5139E-04  1.1071E-11  8.3936E-17  3.1750E-15
  1.5388E-04  1.1740E-11  8.9602E-17  3.3894E-15
  1.5640E-04  1.2444E-11  9.5605E-17  3.6165E-15
  1.5894E-04  1.3184E-11  1.0196E-16  3.8570E-15
  1.6150E-04  1.3963E-11  1.0869E-16  4.1116E-15
  1.6408E-04  1.4782E-11  1.1582E-16  4.3810E-15
  1.6669E-04  1.5643E-11  1.2335E-16  4.6661E-15
  1.6932E-04  1.6548E-11  1.3132E-16  4.9676E-15
  1.7197E-04  1.7499E-11  1.3975E-16  5.2863E-15
  1.7465E-04  1.8498E-11  1.4866E-16  5.6233E-15
  1.7735E-04  1.9547E-11  1.5807E-16  5.9793E-15
  1.8007E-04  2.0648E-11  1.6801E-16  6.3553E-15
  1.8282E-04  2.1804E-11  1.7851E-16  6.7525E-15
  1.8560E-04  2.3017E-11  1.8959E-16  7.1717E-15
  1.8840E-04  2.4289E-11  2.0129E-16  7.6142E-15
  1.9122E-04  2.5624E-11  2.1363E-16  8.0811E-15
  1.9407E-04  2.7024E-11  2.2665E-16  8.5736E-15
  1.9694E-04  2.8491E-11  2.4038E-16  9.0930E-15
  1.9984E-04  3.0029E-11  2.5486E-16  9.6406E-15
  2.0277E-04  3.1641E-11  2.7012E-16  1.0218E-14
  2.0572E-04  3.3330E-11  2.8620E-16  1.0826E-14
  2.0870E-04  3.5099E-11  3.0314E-16  1.1467E-14
  2.1171E-04  3.6952E-11  3.2098E-16  1.2142E-14
  2.1474E-04  3.8893E-11  3.3977E-16  1.2853E-14
  2.1780E-04  4.0924E-11  3.5955E-16  1.3601E-14
  2.2089E-04  4.3051E-11  3.8038E-16  1.4389E-14
  2.2400E-04  4.5276E-11  4.0229E-16  1.5217E-14
  2.2714E-04  4.7605E-11  4.2534E-16  1.6089E-14
  2.3031E-04  5.0041E-11  4.4959E-16  1.7007E-14
  2.3351E-04  5.2589E-11  4.7510E-16  1.7971E-14
  2.3674E-04  5.5254E-11  5.0191E-16  1.8986E-14
  2.4000E-04  5.8040E-11  5.3010E-16  2.0052E-14
  2.4328E-04  6.0954E-11  5.5973E-16  2.1173E-14
  2.4660E-04  6.3999E-11  5.9087E-16  2.2351E-14
  2.4994E-04  6.7182E-11  6.2358E-16  2.3588E-14
  2.5332E-04  7.0508E-11  6.5795E-16  2.4888E-14
  2.5672E-04  7.3983E-11  6.9404E-16  2.6254E-14
  2.6016E-04  7.7613E-11  7.3194E-16  2.7687E-14
  2.6362E-04  8.1405E-11  7.7173E-16  2.9192E-14
  2.6712E-04  8.5365E-11  8.1350E-16  3.0772E-14
  2.7065E-04  8.9500E-11  8.5734E-16  3.2431E-14
  2.7421E-04  9.3818E-11  9.0335E-16  3.4171E-14
  2.7780E-04  9.8325E-11  9.5161E-16  3.5997E-14
  2.8142E-04  1.0303E-10  1.0022E-15  3.7912E-14
  2.8508E-04  1.0794E-10  1.0554E-15  3.9921E-14
  2.8877E-04  1.1306E-10  1.1110E-15  4.2028E-14
  2.9249E-04  1.1841E-10  1.1694E-15  4.4237E-14
  2.9624E-04  1.2399E-10  1.2307E-15  4.6553E-14
  3.0003E-04  1.2980E-10  1.2948E-15  4.8980E-14
  3.0386E-04  1.3587E-10  1.3621E-15  5.1525E-14
  3.0771E-04  1.4220E-10  1.4326E-15  5.4191E-14
  3.1160E-04  1.4880E-10  1.5064E-15  5.6985E-14
  3.1553E-04  1.5568E-10  1.5838E-15  5.9911E-14
  3.1949E-04  1.6285E-10  1.6649E-15  6.2977E-14
  3.2349E-04  1.7033E-10  1.7498E-15  6.6188E-14
  3.2752E-04  1.7813E-10  1.8386E-15  6.9551E-14
  3.3159E-04  1.8625E-10  1.9317E-15  7.3072E-14
  3.3569E-04  1.9471E-10  2.0292E-15  7.6758E-14
  3.3984E-04  2.0353E-10  2.1312E-15  8.0617E-14
  3.4401E-04  2.1272E-10  2.2380E-15  8.4656E-14
  3.4823E-04  2.2230E-10  2.3497E-15  8.8883E-14
  3.5248E-04  2.3227E-10  2.4666E-15  9.3306E-14
  3.5678E-04  2.4265E-10  2.5890E-15  9.7934E-14
  3.6111E-04  2.5347E-10  2.7170E-15  1.0278E-13
  3.6548E-04  2.6474E-10  2.8509E-15  1.0784E-13
  3.6988E-04  2.7647E-10  2.9909E-15  1.1314E-13
  3.7433E-04  2.8868E-10  3.1374E-15  1.1868E-13
  3.7882E-04  3.0139E-10  3.2906E-15  1.2447E-13
  3.8335E-04  3.1463E-10  3.4507E-15  1.3053E-13
  3.8792E-04  3.2841E-10  3.6182E-15  1.3687E-13
  3.9252E-04  3.4275E-10  3.7932E-15  1.4349E-13
  3.9717E-04  3.5767E-10  3.9762E-15  1.5041E-13
  4.0187E-04  3.7320E-10  4.1674E-15  1.5764E-13
  4.0660E-04  3.8936E-10  4.3673E-15  1.6520E-13
  4.1138E-04  4.0618E-10  4.5761E-15  1.7310E-13
  4.1619E-04  4.2367E-10  4.7944E-15  1.8136E-13
  4.2106E-04  4.4187E-10  5.0223E-15  1.8998E-13
  4.2596E-04  4.6080E-10  5.2605E-15  1.9899E-13
  4.3091E-04  4.8049E-10  5.5093E-15  2.0840E-13
  4.3591E-04  5.0097E-10  5.7692E-15  2.1823E-13
  4.4094E-04  5.2227E-10  6.0405E-15  2.2850E-13
  4.4603E-04  5.4442E-10  6.3239E-15  2.3922E-13
  4.5116E-04  5.6746E-10  6.6199E-15  2.5041E-13
  4.5633E-04  5.9141E-10  6.9289E-15  2.6210E-13
  4.6155E-04  6.1631E-10  7.2514E-15  2.7430E-13
  4.6682E-04  6.4220E-10  7.5882E-15  2.8704E-13
  4.7213E-04  6.6912E-10  7.9397E-15  3.0034E-13
  4.7750E-04  6.9709E-10  8.3066E-15  3.1422E-13
  4.8291E-04  7.2617E-10  8.6896E-15  3.2870E-13
  4.8837E-04  7.5640E-10  9.0892E-15  3.4382E-13
  4.9387E-04  7.8782E-10  9.5062E-15  3.5959E-13
  4.9943E-04  8.2046E-10  9.9413E-15  3.7605E-13
  5.0504E-04  8.5439E-10  1.0395E-14  3.9322E-13
  5.1069E-04  8.8965E-10  1.0869E-14  4.1114E-13
  5.1640E-04  9.2628E-10  1.1363E-14  4.2983E-13
  5.2216E-04  9.6434E-10  1.1878E-14  4.4932E-13
  5.2797E-04  1.0039E-09  1.2416E-14  4.6966E-13
  5.3383E-04  1.0450E-09  1.2977E-14  4.9087E-13
  5.3975E-04  1.0876E-09  1.3561E-14  5.1299E-13
  5.4571E-04  1.1320E-09  1.4171E-14  5.3605E-13
  5.5173E-04  1.1780E-09  1.4807E-14  5.6010E-13
  5.5781E-04  1.2258E-09  1.5470E-14  5.8518E-13
  5.6394E-04  1.2755E-09  1.6161E-14  6.1132E-13
  5.7012E-04  1.3271E-09  1.6882E-14  6.3858E-13
  5.7636E-04  1.3807E-09  1.7633E-14  6.6700E-13
  5.8266E-04  1.4363E-09  1.8416E-14  6.9662E-13
  5.8901E-04  1.4941E-09  1.9232E-14  7.2749E-13
  5.9541E-04  1.5541E-09  2.0083E-14  7.5967E-13
  6.0188E-04  1.6164E-09  2.0969E-14  7.9321E-13
  6.0840E-04  1.6810E-09  2.1893E-14  8.2816E-13
  6.1498E-04  1.7482E-09  2.2856E-14  8.6458E-13
  6.2163E-04  1.8179E-09  2.3859E-14  9.0253E-13
  6.2833E-04  1.8902E-09  2.4905E-14  9.4207E-13
  6.3509E-04  1.9653E-09  2.5994E-14  9.8327E-13
  6.4191E-04  2.0433E-09  2.7129E-14  1.0262E-12
  6.4879E-04  2.1242E-09  2.8311E-14  1.0709E-12
  6.5573E-04  2.2082E-09  2.9542E-14  1.1175E-12
  6.6273E-04  2.2954E-09  3.0825E-14  1.1660E-12
  6.6980E-04  2.3859E-09  3.2161E-14  1.2166E-12
  6.7693E-04  2.4798E-09  3.3553E-14  1.2692E-12
  6.8413E-04  2.5772E-09  3.5002E-14  1.3240E-12
  6.9139E-04  2.6783E-09  3.6511E-14  1.3811E-12
  6.9871E-04  2.7832E-09  3.8083E-14  1.4406E-12
  7.0610E-04  2.8921E-09  3.9720E-14  1.5025E-12
  7.1356E-04  3.0051E-09  4.1424E-14  1.5670E-12
  7.2108E-04  3.1223E-09  4.3199E-14  1.6341E-12
  7.2867E-04  3.2439E-09  4.5047E-14  1.7040E-12
  7.3633E-04  3.3701E-09  4.6970E-14  1.7768E-12
  7.4405E-04  3.5009E-09  4.8973E-14  1.8525E-12
  7.5185E-04  3.6367E-09  5.1058E-14  1.9314E-12
  7.5971E-04  3.7776E-09  5.3228E-14  2.0135E-12
  7.6765E-04  3.9237E-09  5.5487E-14  2.0989E-12
  7.7565E-04  4.0753E-09  5.7838E-14  2.1879E-12
  7.8373E-04  4.2325E-09  6.0285E-14  2.2804E-12
  7.9188E-04  4.3955E-09  6.2833E-14  2.3768E-12
  8.0010E-04  4.5647E-09  6.5483E-14  2.4770E-12
  8.0840E-04  4.7401E-09  6.8242E-14  2.5814E-12
  8.1677E-04  4.9220E-09  7.1113E-14  2.6900E-12
  8.2522E-04  5.1107E-09  7.4100E-14  2.8030E-12
  8.3374E-04  5.3063E-09  7.7208E-14  2.9206E-12
  8.4234E-04  5.5092E-09  8.0443E-14  3.0429E-12
  8.5101E-04  5.7197E-09  8.3808E-14  3.1702E-12
  8.5976E-04  5.9379E-09  8.7309E-14  3.3027E-12
  8.6859E-04  6.1641E-09  9.0952E-14  3.4404E-12
  8.7750E-04  6.3987E-09  9.4741E-14  3.5838E-12
  8.8649E-04  6.6420E-09  9.8683E-14  3.7329E-12
  8.9556E-04  6.8942E-09  1.0278E-13  3.8880E-12
  9.0471E-04  7.1557E-09  1.0705E-13  4.0494E-12
  9.1395E-04  7.4269E-09  1.1149E-13  4.2172E-12
  9.2326E-04  7.7080E-09  1.1610E-13  4.3918E-12
  9.3266E-04  7.9994E-09  1.2090E-13  4.5734E-12
  9.4214E-04  8.3016E-09  1.2590E-13  4.7622E-12
  9.5171E-04  8.6148E-09  1.3109E-13  4.9587E-12
  9.6136E-04  8.9395E-09  1.3649E-13  5.1629E-12
  9.7110E-04  9.2761E-09  1.4210E-13  5.3753E-12
  9.8093E-04  9.6250E-09  1.4794E-13  5.5962E-12
  9.9084E-04  9.9867E-09  1.5401E-13  5.8259E-12
  1.0008E-03  1.0362E-08  1.6033E-13  6.0648E-12
  1.0109E-03  1.0750E-08  1.6689E-13  6.3131E-12
  1.0211E-03  1.1153E-08  1.7372E-13  6.5714E-12
  1.0314E-03  1.1570E-08  1.8082E-13  6.8399E-12
  1.0418E-03  1.2003E-08  1.8820E-13  7.1190E-12
  1.0522E-03  1.2452E-08  1.9587E-13  7.4092E-12
  1.0628E-03  1.2916E-08  2.0385E-13  7.7110E-12
  1.0734E-03  1.3398E-08  2.1214E-13  8.0246E-12
  1.0842E-03  1.3897E-08  2.2076E-13  8.3507E-12
  1.0950E-03  1.4415E-08  2.2972E-13  8.6896E-12
  1.1059E-03  1.4951E-08  2.3903E-13  9.0420E-12
  1.1170E-03  1.5506E-08  2.4872E-13  9.4082E-12
  1.1281E-03  1.6082E-08  2.5878E-13  9.7889E-12
  1.1393E-03  1.6679E-08  2.6924E-13  1.0185E-11
  1.1507E-03  1.7297E-08  2.8011E-13  1.0596E-11
  1.1621E-03  1.7938E-08  2.9141E-13  1.1023E-11
  1.1736E-03  1.8602E-08  3.0316E-13  1.1468E-11
  1.1853E-03  1.9290E-08  3.1536E-13  1.1929E-11
  1.1970E-03  2.0002E-08  3.2805E-13  1.2409E-11
  1.2089E-03  2.0741E-08  3.4123E-13  1.2908E-11
  1.2208E-03  2.1506E-08  3.5493E-13  1.3426E-11
  1.2329E-03  2.2299E-08  3.6916E-13  1.3964E-11
  1.2450E-03  2.3120E-08  3.8395E-13  1.4524E-11
  1.2573E-03  2.3971E-08  3.9932E-13  1.5105E-11
  1.2697E-03  2.4853E-08  4.1529E-13  1.5709E-11
  1.2822E-03  2.5767E-08  4.3189E-13  1.6337E-11
  1.2948E-03  2.6713E-08  4.4913E-13  1.6989E-11
  1.3075E-03  2.7694E-08  4.6704E-13  1.7667E-11
  1.3204E-03  2.8709E-08  4.8566E-13  1.8371E-11
  1.3333E-03  2.9762E-08  5.0499E-13  1.9102E-11
  1.3464E-03  3.0852E-08  5.2508E-13  1.9862E-11
  1.3596E-03  3.1981E-08  5.4595E-13  2.0652E-11
  1.3729E-03  3.3151E-08  5.6764E-13  2.1472E-11
  1.3863E-03  3.4363E-08  5.9016E-13  2.2324E-11
  1.3998E-03  3.5618E-08  6.1356E-13  2.3209E-11
  1.4135E-03  3.6918E-08  6.3787E-13  2.4129E-11
  1.4273E-03  3.8265E-08  6.6311E-13  2.5084E-11
  1.4412E-03  3.9661E-08  6.8934E-13  2.6076E-11
  1.4552E-03  4.1106E-08  7.1658E-13  2.7106E-11
  1.4694E-03  4.2603E-08  7.4488E-13  2.8177E-11
  1.4837E-03  4.4153E-08  7.7427E-13  2.9288E-11
  1.4981E-03  4.5759E-08  8.0480E-13  3.0443E-11
  1.5126E-03  4.7423E-08  8.3650E-13  3.1642E-11
  1.5273E-03  4.9146E-08  8.6943E-13  3.2888E-11
  1.5421E-03  5.0930E-08  9.0363E-13  3.4182E-11
  1.5570E-03  5.2778E-08  9.3915E-13  3.5525E-11
  1.5721E-03  5.4692E-08  9.7603E-13  3.6921E-11
  1.5873E-03  5.6675E-08  1.0143E-12  3.8370E-11
  1.6026E-03  5.8728E-08  1.0541E-12  3.9874E-11
  1.6181E-03  6.0854E-08  1.0954E-12  4.1437E-11
  1.6337E-03  6.3057E-08  1.1383E-12  4.3060E-11
  1.6495E-03  6.5338E-08  1.1829E-12  4.4745E-11
  1.6654E-03  6.7700E-08  1.2291E-12  4.6495E-11
  1.6814E-03  7.0146E-08  1.2772E-12  4.8312E-11
  1.6976E-03  7.2679E-08  1.3271E-12  5.0199E-11
  1.7139E-03  7.5302E-08  1.3789E-12  5.2158E-11
  1.7304E-03  7.8019E-08  1.4326E-12  5.4192E-11
  1.7470E-03  8.0832E-08  1.4885E-12  5.6304E-11
  1.7638E-03  8.3746E-08  1.5464E-12  5.8497E-11
  1.7807E-03  8.6763E-08  1.6066E-12  6.0774E-11
  1.7978E-03  8.9887E-08  1.6691E-12  6.3138E-11
  1.8150E-03  9.3122E-08  1.7340E-12  6.5593E-11
  1.8324E-03  9.6472E-08  1.8014E-12  6.8141E-11
  1.8499E-03  9.9941E-08  1.8713E-12  7.0787E-11
  1.8676E-03  1.0353E-07  1.9439E-12  7.3533E-11
  1.8854E-03  1.0725E-07  2.0193E-12  7.6385E-11
  1.9035E-03  1.1110E-07  2.0976E-12  7.9345E-11
  1.9216E-03  1.1509E-07  2.1788E-12  8.2418E-11
  1.9400E-03  1.1922E-07  2.2631E-12  8.5608E-11
  1.9584E-03  1.2350E-07  2.3507E-12  8.8919E-11
  1.9771E-03  1.2792E-07  2.4415E-12  9.2357E-11
  1.9959E-03  1.3251E-07  2.5359E-12  9.5925E-11
  2.0149E-03  1.3725E-07  2.6338E-12  9.9629E-11
  2.0341E-03  1.4217E-07  2.7355E-12  1.0347E-10
  2.0534E-03  1.4726E-07  2.8410E-12  1.0747E-10
  2.0729E-03  1.5252E-07  2.9505E-12  1.1161E-10
  2.0926E-03  1.5798E-07  3.0642E-12  1.1591E-10
  2.1125E-03  1.6362E-07  3.1821E-12  1.2037E-10
  2.1325E-03  1.6947E-07  3.3046E-12  1.2500E-10
  2.1527E-03  1.7552E-07  3.4317E-12  1.2981E-10
  2.1731E-03  1.8179E-07  3.5637E-12  1.3480E-10
  2.1937E-03  1.8828E-07  3.7006E-12  1.3998E-10
  2.2145E-03  1.9500E-07  3.8427E-12  1.4536E-10
  2.2354E-03  2.0195E-07  3.9902E-12  1.5094E-10
  2.2566E-03  2.0915E-07  4.1433E-12  1.5673E-10
  2.2779E-03  2.1661E-07  4.3021E-12  1.6274E-10
  2.2994E-03  2.2432E-07  4.4670E-12  1.6897E-10
  2.3211E-03  2.3231E-07  4.6381E-12  1.7545E-10
  2.3430E-03  2.4058E-07  4.8157E-12  1.8216E-10
  2.3651E-03  2.4915E-07  5.0000E-12  1.8914E-10
  2.3874E-03  2.5801E-07  5.1912E-12  1.9637E-10
  2.4099E-03  2.6719E-07  5.3897E-12  2.0388E-10
  2.4326E-03  2.7669E-07  5.5956E-12  2.1167E-10
  2.4555E-03  2.8652E-07  5.8094E-12  2.1975E-10
  2.4786E-03  2.9670E-07  6.0311E-12  2.2814E-10
  2.5020E-03  3.0724E-07  6.2613E-12  2.3685E-10
  2.5255E-03  3.1815E-07  6.5001E-12  2.4588E-10
  2.5492E-03  3.2944E-07  6.7479E-12  2.5525E-10
  2.5732E-03  3.4113E-07  7.0050E-12  2.6498E-10
  2.5973E-03  3.5324E-07  7.2718E-12  2.7507E-10
  2.6217E-03  3.6576E-07  7.5487E-12  2.8554E-10
  2.6463E-03  3.7873E-07  7.8359E-12  2.9641E-10
  2.6711E-03  3.9215E-07  8.1340E-12  3.0769E-10
  2.6961E-03  4.0605E-07  8.4433E-12  3.1938E-10
  2.7214E-03  4.2043E-07  8.7642E-12  3.3152E-10
  2.7469E-03  4.3532E-07  9.0971E-12  3.4412E-10
  2.7726E-03  4.5073E-07  9.4426E-12  3.5718E-10
  2.7985E-03  4.6668E-07  9.8010E-12  3.7074E-10
  2.8247E-03  4.8319E-07  1.0173E-11  3.8481E-10
  2.8511E-03  5.0029E-07  1.0559E-11  3.9940E-10
  2.8778E-03  5.1798E-07  1.0959E-11  4.1455E-10
  2.9047E-03  5.3629E-07  1.1374E-11  4.3026E-10
  2.9318E-03  5.5524E-07  1.1805E-11  4.4655E-10
  2.9592E-03  5.7486E-07  1.2252E-11  4.6346E-10
  2.9868E-03  5.9516E-07  1.2716E-11  4.8101E-10
  3.0146E-03  6.1618E-07  1.3197E-11  4.9921E-10
  3.0427E-03  6.3793E-07  1.3696E-11  5.1809E-10
  3.0711E-03  6.6045E-07  1.4214E-11  5.3767E-10
  3.0997E-03  6.8375E-07  1.4751E-11  5.5799E-10
  3.1286E-03  7.0787E-07  1.5308E-11  5.7908E-10
  3.1577E-03  7.3283E-07  1.5887E-11  6.0094E-10
  3.1871E-03  7.5867E-07  1.6486E-11  6.2363E-10
  3.2168E-03  7.8541E-07  1.7109E-11  6.4717E-10
  3.2467E-03  8.1309E-07  1.7754E-11  6.7158E-10
  3.2769E-03  8.4173E-07  1.8423E-11  6.9691E-10
  3.3073E-03  8.7138E-07  1.9118E-11  7.2318E-10
  3.3380E-03  9.0206E-07  1.9838E-11  7.5043E-10
  3.3690E-03  9.3382E-07  2.0586E-11  7.7870E-10
  3.4003E-03  9.6669E-07  2.1361E-11  8.0802E-10
  3.4319E-03  1.0007E-06  2.2165E-11  8.3844E-10
  3.4637E-03  1.0359E-06  2.2999E-11  8.7000E-10
  3.4959E-03  1.0723E-06  2.3865E-11  9.0273E-10
  3.5283E-03  1.1100E-06  2.4762E-11  9.3668E-10
  3.5610E-03  1.1491E-06  2.5693E-11  9.7189E-10
  3.5940E-03  1.1894E-06  2.6659E-11  1.0084E-09
  3.6273E-03  1.2312E-06  2.7660E-11  1.0463E-09
  3.6609E-03  1.2745E-06  2.8699E-11  1.0856E-09
  3.6947E-03  1.3192E-06  2.9777E-11  1.1264E-09
  3.7289E-03  1.3656E-06  3.0894E-11  1.1686E-09
  3.7634E-03  1.4135E-06  3.2054E-11  1.2125E-09
  3.7982E-03  1.4631E-06  3.3256E-11  1.2580E-09
  3.8334E-03  1.5144E-06  3.4503E-11  1.3052E-09
  3.8688E-03  1.5676E-06  3.5797E-11  1.3541E-09
  3.9046E-03  1.6225E-06  3.7139E-11  1.4048E-09
  3.9406E-03  1.6794E-06  3.8530E-11  1.4575E-09
  3.9770E-03  1.7383E-06  3.9973E-11  1.5121E-09
  4.0137E-03  1.7992E-06  4.1470E-11  1.5687E-09
  4.0508E-03  1.8623E-06  4.3023E-11  1.6274E-09
  4.0882E-03  1.9275E-06  4.4633E-11  1.6883E-09
  4.1259E-03  1.9950E-06  4.6303E-11  1.7515E-09
  4.1639E-03  2.0649E-06  4.8034E-11  1.8170E-09
  4.2023E-03  2.1371E-06  4.9831E-11  1.8849E-09
  4.2411E-03  2.2119E-06  5.1693E-11  1.9554E-09
  4.2801E-03  2.2893E-06  5.3625E-11  2.0285E-09
  4.3196E-03  2.3694E-06  5.5629E-11  2.1043E-09
  4.3594E-03  2.4523E-06  5.7707E-11  2.1829E-09
  4.3995E-03  2.5380E-06  5.9862E-11  2.2644E-09
  4.4400E-03  2.6268E-06  6.2097E-11  2.3489E-09
  4.4809E-03  2.7186E-06  6.4414E-11  2.4366E-09
  4.5221E-03  2.8136E-06  6.6818E-11  2.5275E-09
  4.5637E-03  2.9119E-06  6.9310E-11  2.6218E-09
  4.6056E-03  3.0136E-06  7.1895E-11  2.7196E-09
  4.6480E-03  3.1188E-06  7.4576E-11  2.8210E-09
  4.6907E-03  3.2277E-06  7.7356E-11  2.9261E-09
  4.7338E-03  3.3404E-06  8.0239E-11  3.0352E-09
  4.7773E-03  3.4569E-06  8.3228E-11  3.1483E-09
  4.8212E-03  3.5775E-06  8.6328E-11  3.2656E-09
  4.8655E-03  3.7023E-06  8.9543E-11  3.3872E-09
  4.9101E-03  3.8315E-06  9.2877E-11  3.5133E-09
  4.9552E-03  3.9650E-06  9.6334E-11  3.6440E-09
  5.0007E-03  4.1033E-06  9.9919E-11  3.7797E-09
  5.0465E-03  4.2463E-06  1.0364E-10  3.9203E-09
  5.0928E-03  4.3942E-06  1.0749E-10  4.0661E-09
  5.1395E-03  4.5473E-06  1.1149E-10  4.2173E-09
  5.1867E-03  4.7056E-06  1.1563E-10  4.3741E-09
  5.2342E-03  4.8695E-06  1.1993E-10  4.5367E-09
  5.2822E-03  5.0390E-06  1.2439E-10  4.7053E-09
  5.3306E-03  5.2144E-06  1.2901E-10  4.8801E-09
  5.3794E-03  5.3958E-06  1.3380E-10  5.0614E-09
  5.4287E-03  5.5835E-06  1.3877E-10  5.2494E-09
  5.4784E-03  5.7777E-06  1.4393E-10  5.4443E-09
  5.5285E-03  5.9786E-06  1.4927E-10  5.6464E-09
  5.5791E-03  6.1864E-06  1.5481E-10  5.8560E-09
  5.6302E-03  6.4015E-06  1.6055E-10  6.0733E-09
  5.6817E-03  6.6239E-06  1.6651E-10  6.2986E-09
  5.7336E-03  6.8540E-06  1.7269E-10  6.5322E-09
  5.7861E-03  7.0920E-06  1.7909E-10  6.7745E-09
  5.8390E-03  7.3383E-06  1.8573E-10  7.0257E-09
  5.8924E-03  7.5930E-06  1.9262E-10  7.2861E-09
  5.9462E-03  7.8566E-06  1.9976E-10  7.5562E-09
  6.0006E-03  8.1292E-06  2.0716E-10  7.8362E-09
  6.0554E-03  8.4112E-06  2.1483E-10  8.1265E-09
  6.1107E-03  8.7029E-06  2.2279E-10  8.4275E-09
  6.1665E-03  9.0046E-06  2.3104E-10  8.7396E-09
  6.2228E-03  9.3168E-06  2.3960E-10  9.0632E-09
  6.2796E-03  9.6396E-06  2.4847E-10  9.3988E-09
  6.3369E-03  9.9736E-06  2.5766E-10  9.7467E-09
  6.3948E-03  1.0319E-05  2.6720E-10  1.0107E-08
  6.4531E-03  1.0676E-05  2.7709E-10  1.0481E-08
  6.5120E-03  1.1046E-05  2.8734E-10  1.0869E-08
  6.5714E-03  1.1428E-05  2.9796E-10  1.1271E-08
  6.6313E-03  1.1824E-05  3.0898E-10  1.1688E-08
  6.6918E-03  1.2233E-05  3.2041E-10  1.2120E-08
  6.7528E-03  1.2656E-05  3.3225E-10  1.2568E-08
  6.8144E-03  1.3094E-05  3.4453E-10  1.3033E-08
  6.8765E-03  1.3546E-05  3.5727E-10  1.3514E-08
  6.9391E-03  1.4014E-05  3.7047E-10  1.4014E-08
  7.0023E-03  1.4499E-05  3.8415E-10  1.4531E-08
  7.0661E-03  1.4999E-05  3.9834E-10  1.5068E-08
  7.1305E-03  1.5517E-05  4.1305E-10  1.5625E-08
  7.1954E-03  1.6053E-05  4.2831E-10  1.6202E-08
  7.2609E-03  1.6607E-05  4.4412E-10  1.6800E-08
  7.3270E-03  1.7180E-05  4.6051E-10  1.7420E-08
  7.3937E-03  1.7773E-05  4.7751E-10  1.8063E-08
  7.4610E-03  1.8386E-05  4.9513E-10  1.8729E-08
  7.5289E-03  1.9019E-05  5.1340E-10  1.9420E-08
  7.5974E-03  1.9675E-05  5.3234E-10  2.0137E-08
  7.6665E-03  2.0353E-05  5.5197E-10  2.0880E-08
  7.7362E-03  2.1054E-05  5.7233E-10  2.1650E-08
  7.8066E-03  2.1779E-05  5.9344E-10  2.2448E-08
  7.8776E-03  2.2529E-05  6.1531E-10  2.3276E-08
  7.9492E-03  2.3304E-05  6.3800E-10  2.4134E-08
  8.0214E-03  2.4106E-05  6.6151E-10  2.5023E-08
  8.0943E-03  2.4935E-05  6.8589E-10  2.5945E-08
  8.1679E-03  2.5792E-05  7.1116E-10  2.6901E-08
  8.2421E-03  2.6679E-05  7.3736E-10  2.7892E-08
  8.3170E-03  2.7596E-05  7.6453E-10  2.8920E-08
  8.3925E-03  2.8544E-05  7.9268E-10  2.9985E-08
  8.4688E-03  2.9524E-05  8.2188E-10  3.1089E-08
  8.5457E-03  3.0538E-05  8.5214E-10  3.2234E-08
  8.6233E-03  3.1586E-05  8.8351E-10  3.3421E-08
  8.7016E-03  3.2670E-05  9.1603E-10  3.4651E-08
  8.7805E-03  3.3790E-05  9.4975E-10  3.5926E-08
  8.8602E-03  3.4949E-05  9.8470E-10  3.7248E-08
  8.9406E-03  3.6147E-05  1.0209E-09  3.8619E-08
  9.0218E-03  3.7385E-05  1.0585E-09  4.0040E-08
  9.1036E-03  3.8666E-05  1.0974E-09  4.1513E-08
  9.1862E-03  3.9990E-05  1.1378E-09  4.3040E-08
  9.2695E-03  4.1359E-05  1.1797E-09  4.4623E-08
  9.3536E-03  4.2775E-05  1.2230E-09  4.6264E-08
  9.4384E-03  4.4238E-05  1.2680E-09  4.7965E-08
  9.5240E-03  4.5751E-05  1.3146E-09  4.9728E-08
  9.6104E-03  4.7315E-05  1.3629E-09  5.1556E-08
  9.6975E-03  4.8932E-05  1.4130E-09  5.3451E-08
  9.7854E-03  5.0604E-05  1.4650E-09  5.5416E-08
  9.8741E-03  5.2332E-05  1.5188E-09  5.7452E-08
  9.9635E-03  5.4118E-05  1.5746E-09  5.9563E-08
  1.0054E-02  5.5965E-05  1.6325E-09  6.1751E-08
  1.0145E-02  5.7874E-05  1.6924E-09  6.4019E-08
  1.0237E-02  5.9848E-05  1.7546E-09  6.6371E-08
  1.0330E-02  6.1888E-05  1.8190E-09  6.8808E-08
  1.0423E-02  6.3997E-05  1.8858E-09  7.1335E-08
  1.0517E-02  6.6177E-05  1.9551E-09  7.3954E-08
  1.0613E-02  6.8430E-05  2.0268E-09  7.6669E-08
  1.0709E-02  7.0759E-05  2.1012E-09  7.9484E-08
  1.0806E-02  7.3167E-05  2.1784E-09  8.2401E-08
  1.0904E-02  7.5655E-05  2.2583E-09  8.5426E-08
  1.1002E-02  7.8227E-05  2.3412E-09  8.8561E-08
  1.1102E-02  8.0886E-05  2.4271E-09  9.1810E-08
  1.1202E-02  8.3634E-05  2.5162E-09  9.5179E-08
  1.1304E-02  8.6474E-05  2.6085E-09  9.8670E-08
  1.1406E-02  8.9409E-05  2.7041E-09  1.0229E-07
  1.1509E-02  9.2442E-05  2.8033E-09  1.0604E-07
  1.1613E-02  9.5577E-05  2.9061E-09  1.0993E-07
  1.1718E-02  9.8817E-05  3.0127E-09  1.1396E-07
  1.1824E-02  1.0217E-04  3.1232E-09  1.1814E-07
  1.1931E-02  1.0563E-04  3.2377E-09  1.2247E-07
  1.2039E-02  1.0920E-04  3.3564E-09  1.2696E-07
  1.2148E-02  1.1290E-04  3.4794E-09  1.3162E-07
  1.2258E-02  1.1672E-04  3.6070E-09  1.3644E-07
  1.2369E-02  1.2066E-04  3.7391E-09  1.4144E-07
  1.2480E-02  1.2474E-04  3.8762E-09  1.4662E-07
  1.2593E-02  1.2896E-04  4.0182E-09  1.5200E-07
  1.2707E-02  1.3331E-04  4.1654E-09  1.5757E-07
  1.2822E-02  1.3781E-04  4.3180E-09  1.6334E-07
  1.2938E-02  1.4246E-04  4.4762E-09  1.6932E-07
  1.3054E-02  1.4726E-04  4.6402E-09  1.7552E-07
  1.3172E-02  1.5222E-04  4.8101E-09  1.8195E-07
  1.3291E-02  1.5735E-04  4.9863E-09  1.8862E-07
  1.3411E-02  1.6265E-04  5.1689E-09  1.9552E-07
  1.3533E-02  1.6812E-04  5.3582E-09  2.0268E-07
  1.3655E-02  1.7378E-04  5.5543E-09  2.1010E-07
  1.3778E-02  1.7962E-04  5.7577E-09  2.1780E-07
  1.3902E-02  1.8566E-04  5.9685E-09  2.2577E-07
  1.4028E-02  1.9189E-04  6.1869E-09  2.3403E-07
  1.4155E-02  1.9834E-04  6.4134E-09  2.4260E-07
  1.4282E-02  2.0499E-04  6.6481E-09  2.5148E-07
  1.4411E-02  2.1187E-04  6.8914E-09  2.6068E-07
  1.4541E-02  2.1897E-04  7.1436E-09  2.7022E-07
  1.4673E-02  2.2630E-04  7.4049E-09  2.8011E-07
  1.4805E-02  2.3388E-04  7.6759E-09  2.9035E-07
  1.4939E-02  2.4171E-04  7.9567E-09  3.0098E-07
  1.5073E-02  2.4979E-04  8.2477E-09  3.1199E-07
  1.5209E-02  2.5814E-04  8.5494E-09  3.2340E-07
  1.5347E-02  2.6677E-04  8.8621E-09  3.3523E-07
  1.5485E-02  2.7567E-04  9.1862E-09  3.4749E-07
  1.5625E-02  2.8487E-04  9.5221E-09  3.6019E-07
  1.5766E-02  2.9437E-04  9.8703E-09  3.7336E-07
  1.5908E-02  3.0419E-04  1.0231E-08  3.8702E-07
  1.6051E-02  3.1432E-04  1.0605E-08  4.0117E-07
  1.6196E-02  3.2479E-04  1.0993E-08  4.1583E-07
  1.6342E-02  3.3559E-04  1.1395E-08  4.3103E-07
  1.6489E-02  3.4675E-04  1.1811E-08  4.4679E-07
  1.6638E-02  3.5828E-04  1.2243E-08  4.6312E-07
  1.6788E-02  3.7018E-04  1.2691E-08  4.8004E-07
  1.6939E-02  3.8247E-04  1.3154E-08  4.9759E-07
  1.7092E-02  3.9516E-04  1.3635E-08  5.1577E-07
  1.7246E-02  4.0826E-04  1.4133E-08  5.3462E-07
  1.7402E-02  4.2178E-04  1.4650E-08  5.5415E-07
  1.7558E-02  4.3575E-04  1.5185E-08  5.7440E-07
  1.7717E-02  4.5017E-04  1.5740E-08  5.9538E-07
  1.7876E-02  4.6505E-04  1.6315E-08  6.1713E-07
  1.8037E-02  4.8042E-04  1.6911E-08  6.3967E-07
  1.8200E-02  4.9629E-04  1.7528E-08  6.6304E-07
  1.8364E-02  5.1267E-04  1.8168E-08  6.8725E-07
  1.8529E-02  5.2958E-04  1.8832E-08  7.1235E-07
  1.8696E-02  5.4703E-04  1.9520E-08  7.3837E-07
  1.8865E-02  5.6505E-04  2.0232E-08  7.6533E-07
  1.9035E-02  5.8365E-04  2.0971E-08  7.9327E-07
  1.9206E-02  6.0285E-04  2.1737E-08  8.2224E-07
  1.9379E-02  6.2266E-04  2.2530E-08  8.5225E-07
  1.9553E-02  6.4311E-04  2.3353E-08  8.8337E-07
  1.9730E-02  6.6422E-04  2.4205E-08  9.1561E-07
  1.9907E-02  6.8600E-04  2.5089E-08  9.4904E-07
  2.0086E-02  7.0849E-04  2.6005E-08  9.8368E-07
  2.0267E-02  7.3169E-04  2.6954E-08  1.0196E-06
  2.0450E-02  7.5563E-04  2.7938E-08  1.0568E-06
  2.0634E-02  7.8034E-04  2.8957E-08  1.0954E-06
  2.0820E-02  8.0584E-04  3.0014E-08  1.1353E-06
  2.1007E-02  8.3215E-04  3.1109E-08  1.1768E-06
  2.1196E-02  8.5930E-04  3.2244E-08  1.2197E-06
  2.1387E-02  8.8732E-04  3.3421E-08  1.2642E-06
  2.1579E-02  9.1622E-04  3.4640E-08  1.3103E-06
  2.1774E-02  9.4604E-04  3.5904E-08  1.3581E-06
  2.1969E-02  9.7681E-04  3.7213E-08  1.4077E-06
  2.2167E-02  1.0086E-03  3.8571E-08  1.4590E-06
  2.2367E-02  1.0413E-03  3.9978E-08  1.5122E-06
  2.2568E-02  1.0751E-03  4.1436E-08  1.5674E-06
  2.2771E-02  1.1099E-03  4.2947E-08  1.6245E-06
  2.2976E-02  1.1459E-03  4.4513E-08  1.6838E-06
  2.3183E-02  1.1830E-03  4.6137E-08  1.7452E-06
  2.3391E-02  1.2212E-03  4.7819E-08  1.8088E-06
  2.3601E-02  1.2607E-03  4.9563E-08  1.8748E-06
  2.3814E-02  1.3014E-03  5.1370E-08  1.9431E-06
  2.4028E-02  1.3433E-03  5.3243E-08  2.0140E-06
  2.4244E-02  1.3866E-03  5.5184E-08  2.0874E-06
  2.4462E-02  1.4313E-03  5.7196E-08  2.1635E-06
  2.4682E-02  1.4773E-03  5.9281E-08  2.2424E-06
  2.4904E-02  1.5248E-03  6.1442E-08  2.3241E-06
  2.5128E-02  1.5737E-03  6.3681E-08  2.4088E-06
  2.5354E-02  1.6242E-03  6.6002E-08  2.4966E-06
  2.5582E-02  1.6763E-03  6.8408E-08  2.5876E-06
  2.5812E-02  1.7299E-03  7.0901E-08  2.6819E-06
  2.6044E-02  1.7853E-03  7.3485E-08  2.7797E-06
  2.6278E-02  1.8423E-03  7.6163E-08  2.8810E-06
  2.6514E-02  1.9011E-03  7.8938E-08  2.9860E-06
  2.6753E-02  1.9618E-03  8.1815E-08  3.0948E-06
  2.6993E-02  2.0243E-03  8.4796E-08  3.2075E-06
  2.7236E-02  2.0887E-03  8.7885E-08  3.3244E-06
  2.7481E-02  2.1551E-03  9.1087E-08  3.4455E-06
  2.7728E-02  2.2236E-03  9.4406E-08  3.5710E-06
  2.7977E-02  2.2941E-03  9.7845E-08  3.7011E-06
  2.8228E-02  2.3669E-03  1.0141E-07  3.8359E-06
  2.8482E-02  2.4418E-03  1.0510E-07  3.9757E-06
  2.8738E-02  2.5191E-03  1.0893E-07  4.1205E-06
  2.8996E-02  2.5987E-03  1.1290E-07  4.2706E-06
  2.9257E-02  2.6807E-03  1.1701E-07  4.4261E-06
  2.9520E-02  2.7653E-03  1.2127E-07  4.5873E-06
  2.9785E-02  2.8524E-03  1.2569E-07  4.7544E-06
  3.0053E-02  2.9421E-03  1.3027E-07  4.9275E-06
  3.0323E-02  3.0346E-03  1.3501E-07  5.1069E-06
  3.0595E-02  3.1299E-03  1.3993E-07  5.2929E-06
  3.0870E-02  3.2280E-03  1.4502E-07  5.4856E-06
  3.1147E-02  3.3291E-03  1.5030E-07  5.6854E-06
  3.1427E-02  3.4333E-03  1.5577E-07  5.8924E-06
  3.1709E-02  3.5406E-03  1.6145E-07  6.1069E-06
  3.1994E-02  3.6511E-03  1.6732E-07  6.3292E-06
  3.2281E-02  3.7650E-03  1.7341E-07  6.5596E-06
  3.2571E-02  3.8822E-03  1.7973E-07  6.7984E-06
  3.2864E-02  4.0030E-03  1.8627E-07  7.0459E-06
  3.3159E-02  4.1273E-03  1.9305E-07  7.3023E-06
  3.3457E-02  4.2554E-03  2.0008E-07  7.5681E-06
  3.3757E-02  4.3873E-03  2.0736E-07  7.8436E-06
  3.4061E-02  4.5231E-03  2.1491E-07  8.1291E-06
  3.4366E-02  4.6629E-03  2.2273E-07  8.4249E-06
  3.4675E-02  4.8069E-03  2.3083E-07  8.7315E-06
  3.4986E-02  4.9551E-03  2.3923E-07  9.0493E-06
  3.5301E-02  5.1077E-03  2.4794E-07  9.3786E-06
  3.5617E-02  5.2648E-03  2.5696E-07  9.7198E-06
  3.5937E-02  5.4265E-03  2.6631E-07  1.0073E-05
  3.6260E-02  5.5929E-03  2.7600E-07  1.0440E-05
  3.6585E-02  5.7643E-03  2.8604E-07  1.0820E-05
  3.6914E-02  5.9406E-03  2.9645E-07  1.1214E-05
  3.7245E-02  6.1221E-03  3.0724E-07  1.1621E-05
  3.7580E-02  6.3089E-03  3.1841E-07  1.2044E-05
  3.7917E-02  6.5011E-03  3.3000E-07  1.2482E-05
  3.8257E-02  6.6988E-03  3.4200E-07  1.2936E-05
  3.8601E-02  6.9024E-03  3.5444E-07  1.3407E-05
  3.8947E-02  7.1118E-03  3.6733E-07  1.3895E-05
  3.9297E-02  7.3272E-03  3.8069E-07  1.4400E-05
  3.9650E-02  7.5488E-03  3.9454E-07  1.4924E-05
  4.0006E-02  7.7769E-03  4.0889E-07  1.5467E-05
  4.0365E-02  8.0114E-03  4.2376E-07  1.6029E-05
  4.0727E-02  8.2527E-03  4.3917E-07  1.6612E-05
  4.1092E-02  8.5008E-03  4.5514E-07  1.7216E-05
  4.1461E-02  8.7561E-03  4.7170E-07  1.7842E-05
  4.1833E-02  9.0186E-03  4.8885E-07  1.8491E-05
  4.2209E-02  9.2885E-03  5.0662E-07  1.9163E-05
  4.2587E-02  9.5661E-03  5.2504E-07  1.9860E-05
  4.2970E-02  9.8515E-03  5.4413E-07  2.0582E-05
  4.3355E-02  1.0145E-02  5.6392E-07  2.1330E-05
  4.3744E-02  1.0447E-02  5.8442E-07  2.2106E-05
  4.4137E-02  1.0757E-02  6.0567E-07  2.2910E-05
  4.4533E-02  1.1076E-02  6.2769E-07  2.3742E-05
  4.4932E-02  1.1404E-02  6.5050E-07  2.4606E-05
  4.5335E-02  1.1741E-02  6.7415E-07  2.5500E-05
  4.5742E-02  1.2087E-02  6.9866E-07  2.6427E-05
  4.6152E-02  1.2443E-02  7.2405E-07  2.7387E-05
  4.6567E-02  1.2809E-02  7.5037E-07  2.8383E-05
  4.6984E-02  1.3185E-02  7.7764E-07  2.9414E-05
  4.7406E-02  1.3571E-02  8.0591E-07  3.0483E-05
  4.7831E-02  1.3968E-02  8.3519E-07  3.1591E-05
  4.8260E-02  1.4376E-02  8.6555E-07  3.2739E-05
  4.8693E-02  1.4795E-02  8.9700E-07  3.3929E-05
  4.9130E-02  1.5225E-02  9.2960E-07  3.5162E-05
  4.9570E-02  1.5667E-02  9.6338E-07  3.6440E-05
  5.0015E-02  1.6121E-02  9.9838E-07  3.7764E-05
  5.0464E-02  1.6588E-02  1.0347E-06  3.9136E-05
  5.0916E-02  1.7067E-02  1.0723E-06  4.0558E-05
  5.1373E-02  1.7559E-02  1.1112E-06  4.2031E-05
  5.1834E-02  1.8064E-02  1.1516E-06  4.3558E-05
  5.2299E-02  1.8582E-02  1.1934E-06  4.5141E-05
  5.2768E-02  1.9115E-02  1.2368E-06  4.6781E-05
  5.3241E-02  1.9662E-02  1.2817E-06  4.8480E-05
  5.3718E-02  2.0223E-02  1.3283E-06  5.0241E-05
  5.4200E-02  2.0799E-02  1.3765E-06  5.2066E-05
  5.4686E-02  2.1390E-02  1.4265E-06  5.3957E-05
  5.5177E-02  2.1997E-02  1.4783E-06  5.5917E-05
  5.5671E-02  2.2620E-02  1.5320E-06  5.7948E-05
  5.6171E-02  2.3259E-02  1.5877E-06  6.0052E-05
  5.6674E-02  2.3915E-02  1.6453E-06  6.2233E-05
  5.7182E-02  2.4588E-02  1.7051E-06  6.4493E-05
  5.7695E-02  2.5278E-02  1.7670E-06  6.6835E-05
  5.8212E-02  2.5987E-02  1.8312E-06  6.9262E-05
  5.8734E-02  2.6713E-02  1.8977E-06  7.1777E-05
  5.9261E-02  2.7459E-02  1.9666E-06  7.4383E-05
  5.9792E-02  2.8223E-02  2.0380E-06  7.7084E-05
  6.0328E-02  2.9007E-02  2.1120E-06  7.9883E-05
  6.0869E-02  2.9811E-02  2.1886E-06  8.2783E-05
  6.1415E-02  3.0635E-02  2.2681E-06  8.5788E-05
  6.1966E-02  3.1481E-02  2.3504E-06  8.8902E-05
  6.2521E-02  3.2347E-02  2.4358E-06  9.2130E-05
  6.3082E-02  3.3235E-02  2.5242E-06  9.5474E-05
  6.3647E-02  3.4146E-02  2.6158E-06  9.8939E-05
  6.4218E-02  3.5079E-02  2.7108E-06  1.0253E-04
  6.4793E-02  3.6036E-02  2.8092E-06  1.0625E-04
  6.5374E-02  3.7016E-02  2.9111E-06  1.1011E-04
  6.5960E-02  3.8021E-02  3.0168E-06  1.1410E-04
  6.6552E-02  3.9050E-02  3.1263E-06  1.1824E-04
  6.7148E-02  4.0105E-02  3.2397E-06  1.2254E-04
  6.7750E-02  4.1185E-02  3.3573E-06  1.2698E-04
  6.8357E-02  4.2292E-02  3.4791E-06  1.3159E-04
  6.8970E-02  4.3426E-02  3.6053E-06  1.3636E-04
  6.9588E-02  4.4587E-02  3.7362E-06  1.4131E-04
  7.0212E-02  4.5775E-02  3.8717E-06  1.4644E-04
  7.0841E-02  4.6993E-02  4.0122E-06  1.5175E-04
  7.1476E-02  4.8240E-02  4.1578E-06  1.5726E-04
  7.2117E-02  4.9516E-02  4.3086E-06  1.6296E-04
  7.2763E-02  5.0822E-02  4.4649E-06  1.6887E-04
  7.3415E-02  5.2160E-02  4.6269E-06  1.7500E-04
  7.4073E-02  5.3529E-02  4.7947E-06  1.8135E-04
  7.4737E-02  5.4930E-02  4.9686E-06  1.8792E-04
  7.5407E-02  5.6363E-02  5.1488E-06  1.9474E-04
  7.6083E-02  5.7830E-02  5.3356E-06  2.0180E-04
  7.6764E-02  5.9331E-02  5.5291E-06  2.0912E-04
  7.7452E-02  6.0867E-02  5.7296E-06  2.1670E-04
  7.8146E-02  6.2437E-02  5.9373E-06  2.2456E-04
  7.8847E-02  6.4044E-02  6.1526E-06  2.3270E-04
  7.9553E-02  6.5687E-02  6.3757E-06  2.4114E-04
  8.0266E-02  6.7367E-02  6.6069E-06  2.4988E-04
  8.0985E-02  6.9086E-02  6.8465E-06  2.5894E-04
  8.1711E-02  7.0842E-02  7.0947E-06  2.6833E-04
  8.2443E-02  7.2638E-02  7.3519E-06  2.7806E-04
  8.3182E-02  7.4474E-02  7.6184E-06  2.8813E-04
  8.3927E-02  7.6350E-02  7.8945E-06  2.9858E-04
  8.4679E-02  7.8268E-02  8.1807E-06  3.0940E-04
  8.5438E-02  8.0228E-02  8.4772E-06  3.2061E-04
  8.6204E-02  8.2230E-02  8.7844E-06  3.3223E-04
  8.6976E-02  8.4276E-02  9.1028E-06  3.4427E-04
  8.7755E-02  8.6366E-02  9.4327E-06  3.5675E-04
  8.8542E-02  8.8500E-02  9.7745E-06  3.6967E-04
  8.9335E-02  9.0681E-02  1.0129E-05  3.8307E-04
  9.0135E-02  9.2907E-02  1.0496E-05  3.9694E-04
  9.0943E-02  9.5181E-02  1.0876E-05  4.1132E-04
  9.1758E-02  9.7502E-02  1.1270E-05  4.2622E-04
  9.2580E-02  9.9872E-02  1.1678E-05  4.4166E-04
  9.3409E-02  1.0229E-01  1.2101E-05  4.5766E-04
  9.4246E-02  1.0476E-01  1.2540E-05  4.7424E-04
  9.5090E-02  1.0728E-01  1.2994E-05  4.9141E-04
  9.5942E-02  1.0985E-01  1.3464E-05  5.0921E-04
  9.6802E-02  1.1247E-01  1.3952E-05  5.2765E-04
  9.7669E-02  1.1515E-01  1.4457E-05  5.4675E-04
  9.8544E-02  1.1788E-01  1.4981E-05  5.6655E-04
  9.9426E-02  1.2067E-01  1.5523E-05  5.8706E-04
  1.0032E-01  1.2351E-01  1.6085E-05  6.0832E-04
  1.0122E-01  1.2640E-01  1.6668E-05  6.3034E-04
  1.0212E-01  1.2935E-01  1.7271E-05  6.5315E-04
  1.0304E-01  1.3236E-01  1.7896E-05  6.7679E-04
  1.0396E-01  1.3543E-01  1.8544E-05  7.0129E-04
  1.0489E-01  1.3856E-01  1.9215E-05  7.2667E-04
  1.0583E-01  1.4175E-01  1.9911E-05  7.5296E-04
  1.0678E-01  1.4499E-01  2.0631E-05  7.8021E-04
  1.0774E-01  1.4830E-01  2.1378E-05  8.0844E-04
  1.0870E-01  1.5167E-01  2.2151E-05  8.3768E-04
  1.0967E-01  1.5510E-01  2.2953E-05  8.6799E-04
  1.1066E-01  1.5860E-01  2.3783E-05  8.9939E-04
  1.1165E-01  1.6216E-01  2.4643E-05  9.3192E-04
  1.1265E-01  1.6578E-01  2.5535E-05  9.6562E-04
  1.1366E-01  1.6947E-01  2.6458E-05  1.0005E-03
  1.1467E-01  1.7323E-01  2.7415E-05  1.0367E-03
  1.1570E-01  1.7705E-01  2.8407E-05  1.0742E-03
  1.1674E-01  1.8094E-01  2.9434E-05  1.1130E-03
  1.1778E-01  1.8489E-01  3.0498E-05  1.1533E-03
  1.1884E-01  1.8892E-01  3.1601E-05  1.1950E-03
  1.1990E-01  1.9301E-01  3.2743E-05  1.2382E-03
  1.2098E-01  1.9718E-01  3.3927E-05  1.2829E-03
  1.2206E-01  2.0141E-01  3.5153E-05  1.3293E-03
  1.2315E-01  2.0572E-01  3.6424E-05  1.3773E-03
  1.2426E-01  2.1009E-01  3.7740E-05  1.4271E-03
  1.2537E-01  2.1454E-01  3.9104E-05  1.4786E-03
  1.2649E-01  2.1906E-01  4.0517E-05  1.5321E-03
  1.2762E-01  2.2365E-01  4.1981E-05  1.5874E-03
  1.2877E-01  2.2832E-01  4.3497E-05  1.6447E-03
  1.2992E-01  2.3306E-01  4.5068E-05  1.7041E-03
  1.3108E-01  2.3788E-01  4.6696E-05  1.7657E-03
  1.3226E-01  2.4276E-01  4.8382E-05  1.8294E-03
  1.3344E-01  2.4773E-01  5.0130E-05  1.8955E-03
  1.3464E-01  2.5277E-01  5.1940E-05  1.9639E-03
  1.3584E-01  2.5788E-01  5.3815E-05  2.0348E-03
  1.3706E-01  2.6307E-01  5.5757E-05  2.1082E-03
  1.3829E-01  2.6834E-01  5.7770E-05  2.1843E-03
  1.3953E-01  2.7368E-01  5.9855E-05  2.2631E-03
  1.4078E-01  2.7910E-01  6.2015E-05  2.3447E-03
  1.4204E-01  2.8460E-01  6.4252E-05  2.4293E-03
  1.4331E-01  2.9017E-01  6.6570E-05  2.5169E-03
  1.4459E-01  2.9583E-01  6.8972E-05  2.6077E-03
  1.4589E-01  3.0155E-01  7.1459E-05  2.7017E-03
  1.4719E-01  3.0736E-01  7.4037E-05  2.7991E-03
  1.4851E-01  3.1324E-01  7.6706E-05  2.9000E-03
  1.4984E-01  3.1920E-01  7.9472E-05  3.0046E-03
  1.5118E-01  3.2524E-01  8.2337E-05  3.1129E-03
  1.5254E-01  3.3135E-01  8.5305E-05  3.2250E-03
  1.5390E-01  3.3754E-01  8.8379E-05  3.3412E-03
  1.5528E-01  3.4381E-01  9.1564E-05  3.4616E-03
  1.5667E-01  3.5015E-01  9.4863E-05  3.5863E-03
  1.5807E-01  3.5658E-01  9.8281E-05  3.7155E-03
  1.5949E-01  3.6307E-01  1.0182E-04  3.8492E-03
  1.6092E-01  3.6964E-01  1.0549E-04  3.9878E-03
  1.6236E-01  3.7629E-01  1.0929E-04  4.1314E-03
  1.6381E-01  3.8302E-01  1.1322E-04  4.2801E-03
  1.6528E-01  3.8981E-01  1.1730E-04  4.4341E-03
  1.6676E-01  3.9668E-01  1.2152E-04  4.5936E-03
  1.6825E-01  4.0363E-01  1.2589E-04  4.7589E-03
  1.6976E-01  4.1064E-01  1.3042E-04  4.9301E-03
  1.7128E-01  4.1773E-01  1.3511E-04  5.1074E-03
  1.7281E-01  4.2489E-01  1.3997E-04  5.2910E-03
  1.7436E-01  4.3213E-01  1.4501E-04  5.4812E-03
  1.7592E-01  4.3943E-01  1.5022E-04  5.6782E-03
  1.7749E-01  4.4680E-01  1.5562E-04  5.8823E-03
  1.7908E-01  4.5424E-01  1.6122E-04  6.0936E-03
  1.8069E-01  4.6174E-01  1.6701E-04  6.3125E-03
  1.8230E-01  4.6931E-01  1.7301E-04  6.5393E-03
  1.8393E-01  4.7695E-01  1.7923E-04  6.7741E-03
  1.8558E-01  4.8465E-01  1.8566E-04  7.0173E-03
  1.8724E-01  4.9241E-01  1.9233E-04  7.2692E-03
  1.8892E-01  5.0024E-01  1.9924E-04  7.5300E-03
  1.9061E-01  5.0812E-01  2.0639E-04  7.8002E-03
  1.9232E-01  5.1606E-01  2.1380E-04  8.0800E-03
  1.9404E-01  5.2406E-01  2.2147E-04  8.3698E-03
  1.9578E-01  5.3212E-01  2.2941E-04  8.6699E-03
  1.9753E-01  5.4023E-01  2.3764E-04  8.9807E-03
  1.9930E-01  5.4839E-01  2.4616E-04  9.3025E-03
  2.0108E-01  5.5661E-01  2.5498E-04  9.6359E-03
  2.0288E-01  5.6487E-01  2.6412E-04  9.9810E-03
  2.0470E-01  5.7318E-01  2.7359E-04  1.0339E-02
  2.0653E-01  5.8154E-01  2.8339E-04  1.0709E-02
  2.0838E-01  5.8994E-01  2.9354E-04  1.1092E-02
  2.1024E-01  5.9839E-01  3.0405E-04  1.1489E-02
  2.1213E-01  6.0687E-01  3.1493E-04  1.1900E-02
  2.1403E-01  6.1539E-01  3.2621E-04  1.2326E-02
  2.1594E-01  6.2395E-01  3.3788E-04  1.2766E-02
  2.1787E-01  6.3254E-01  3.4996E-04  1.3223E-02
  2.1983E-01  6.4116E-01  3.6248E-04  1.3695E-02
  2.2179E-01  6.4981E-01  3.7544E-04  1.4185E-02
  2.2378E-01  6.5849E-01  3.8886E-04  1.4691E-02
  2.2578E-01  6.6719E-01  4.0275E-04  1.5216E-02
  2.2780E-01  6.7592E-01  4.1714E-04  1.5759E-02
  2.2984E-01  6.8466E-01  4.3203E-04  1.6321E-02
  2.3190E-01  6.9342E-01  4.4746E-04  1.6904E-02
  2.3398E-01  7.0220E-01  4.6343E-04  1.7506E-02
  2.3607E-01  7.1098E-01  4.7996E-04  1.8131E-02
  2.3818E-01  7.1978E-01  4.9708E-04  1.8777E-02
  2.4032E-01  7.2858E-01  5.1480E-04  1.9446E-02
  2.4247E-01  7.3739E-01  5.3315E-04  2.0138E-02
  2.4464E-01  7.4620E-01  5.5215E-04  2.0855E-02
  2.4683E-01  7.5500E-01  5.7182E-04  2.1598E-02
  2.4904E-01  7.6380E-01  5.9218E-04  2.2366E-02
  2.5127E-01  7.7259E-01  6.1325E-04  2.3161E-02
  2.5351E-01  7.8137E-01  6.3508E-04  2.3985E-02
  2.5578E-01  7.9014E-01  6.5767E-04  2.4837E-02
  2.5807E-01  7.9888E-01  6.8105E-04  2.5720E-02
  2.6038E-01  8.0761E-01  7.0526E-04  2.6633E-02
  2.6271E-01  8.1632E-01  7.3031E-04  2.7578E-02
  2.6507E-01  8.2500E-01  7.5625E-04  2.8557E-02
  2.6744E-01  8.3365E-01  7.8310E-04  2.9570E-02
  2.6983E-01  8.4226E-01  8.1089E-04  3.0618E-02
  2.7225E-01  8.5084E-01  8.3965E-04  3.1703E-02
  2.7468E-01  8.5938E-01  8.6943E-04  3.2826E-02
  2.7714E-01  8.6788E-01  9.0024E-04  3.3988E-02
  2.7962E-01  8.7633E-01  9.3213E-04  3.5191E-02
  2.8213E-01  8.8474E-01  9.6514E-04  3.6436E-02
  2.8465E-01  8.9309E-01  9.9930E-04  3.7724E-02
  2.8720E-01  9.0138E-01  1.0347E-03  3.9057E-02
  2.8977E-01  9.0962E-01  1.0712E-03  4.0436E-02
  2.9236E-01  9.1779E-01  1.1091E-03  4.1864E-02
  2.9498E-01  9.2590E-01  1.1483E-03  4.3341E-02
  2.9762E-01  9.3394E-01  1.1888E-03  4.4870E-02
  3.0028E-01  9.4191E-01  1.2308E-03  4.6451E-02
  3.0297E-01  9.4980E-01  1.2742E-03  4.8088E-02
  3.0568E-01  9.5762E-01  1.3191E-03  4.9781E-02
  3.0842E-01  9.6535E-01  1.3656E-03  5.1533E-02
  3.1118E-01  9.7300E-01  1.4137E-03  5.3345E-02
  3.1397E-01  9.8055E-01  1.4635E-03  5.5221E-02
  3.1678E-01  9.8802E-01  1.5150E-03  5.7160E-02
  3.1961E-01  9.9539E-01  1.5682E-03  5.9167E-02
  3.2247E-01  1.0027E+00  1.6234E-03  6.1243E-02
  3.2536E-01  1.0098E+00  1.6804E-03  6.3391E-02
  3.2827E-01  1.0169E+00  1.7393E-03  6.5612E-02
  3.3121E-01  1.0238E+00  1.8004E-03  6.7910E-02
  3.3417E-01  1.0307E+00  1.8635E-03  7.0287E-02
  3.3716E-01  1.0374E+00  1.9287E-03  7.2745E-02
  3.4018E-01  1.0440E+00  1.9963E-03  7.5287E-02
  3.4323E-01  1.0505E+00  2.0661E-03  7.7917E-02
  3.4630E-01  1.0568E+00  2.1383E-03  8.0636E-02
  3.4940E-01  1.0630E+00  2.2131E-03  8.3448E-02
  3.5252E-01  1.0691E+00  2.2903E-03  8.6356E-02
  3.5568E-01  1.0751E+00  2.3702E-03  8.9363E-02
  3.5886E-01  1.0809E+00  2.4529E-03  9.2473E-02
  3.6207E-01  1.0865E+00  2.5383E-03  9.5688E-02
  3.6531E-01  1.0921E+00  2.6267E-03  9.9012E-02
  3.6858E-01  1.0974E+00  2.7181E-03  1.0245E-01
  3.7188E-01  1.1027E+00  2.8125E-03  1.0600E-01
  3.7521E-01  1.1077E+00  2.9102E-03  1.0968E-01
  3.7857E-01  1.1126E+00  3.0112E-03  1.1347E-01
  3.8196E-01  1.1174E+00  3.1156E-03  1.1740E-01
  3.8537E-01  1.1220E+00  3.2236E-03  1.2146E-01
  3.8882E-01  1.1264E+00  3.3351E-03  1.2565E-01
  3.9230E-01  1.1306E+00  3.4505E-03  1.2999E-01
  3.9581E-01  1.1347E+00  3.5697E-03  1.3447E-01
  3.9936E-01  1.1386E+00  3.6929E-03  1.3910E-01
  4.0293E-01  1.1424E+00  3.8203E-03  1.4388E-01
  4.0654E-01  1.1459E+00  3.9519E-03  1.4883E-01
  4.1018E-01  1.1493E+00  4.0880E-03  1.5394E-01
  4.1385E-01  1.1525E+00  4.2286E-03  1.5921E-01
  4.1755E-01  1.1556E+00  4.3738E-03  1.6467E-01
  4.2129E-01  1.1584E+00  4.5240E-03  1.7030E-01
  4.2506E-01  1.1611E+00  4.6791E-03  1.7613E-01
  4.2886E-01  1.1636E+00  4.8393E-03  1.8214E-01
  4.3270E-01  1.1659E+00  5.0049E-03  1.8835E-01
  4.3657E-01  1.1680E+00  5.1759E-03  1.9477E-01
  4.4048E-01  1.1699E+00  5.3526E-03  2.0139E-01
  4.4442E-01  1.1717E+00  5.5351E-03  2.0824E-01
  4.4840E-01  1.1732E+00  5.7236E-03  2.1531E-01
  4.5241E-01  1.1746E+00  5.9183E-03  2.2260E-01
  4.5646E-01  1.1758E+00  6.1194E-03  2.3014E-01
  4.6054E-01  1.1767E+00  6.3271E-03  2.3792E-01
  4.6467E-01  1.1775E+00  6.5415E-03  2.4595E-01
  4.6882E-01  1.1781E+00  6.7629E-03  2.5425E-01
  4.7302E-01  1.1786E+00  6.9915E-03  2.6281E-01
  4.7725E-01  1.1788E+00  7.2276E-03  2.7164E-01
  4.8152E-01  1.1788E+00  7.4712E-03  2.8076E-01
  4.8583E-01  1.1787E+00  7.7228E-03  2.9017E-01
  4.9018E-01  1.1783E+00  7.9824E-03  2.9989E-01
  4.9457E-01  1.1778E+00  8.2504E-03  3.0991E-01
  4.9899E-01  1.1771E+00  8.5269E-03  3.2025E-01
  5.0346E-01  1.1762E+00  8.8123E-03  3.3092E-01
  5.0796E-01  1.1751E+00  9.1068E-03  3.4192E-01
  5.1251E-01  1.1739E+00  9.4107E-03  3.5327E-01
  5.1710E-01  1.1724E+00  9.7242E-03  3.6498E-01
  5.2172E-01  1.1708E+00  1.0048E-02  3.7706E-01
  5.2639E-01  1.1690E+00  1.0381E-02  3.8951E-01
  5.3110E-01  1.1670E+00  1.0725E-02  4.0235E-01
  5.3586E-01  1.1648E+00  1.1080E-02  4.1559E-01
  5.4065E-01  1.1625E+00  1.1446E-02  4.2924E-01
  5.4549E-01  1.1600E+00  1.1824E-02  4.4331E-01
  5.5037E-01  1.1573E+00  1.2213E-02  4.5781E-01
  5.5530E-01  1.1544E+00  1.2614E-02  4.7275E-01
  5.6026E-01  1.1514E+00  1.3028E-02  4.8815E-01
  5.6528E-01  1.1482E+00  1.3454E-02  5.0402E-01
  5.7034E-01  1.1448E+00  1.3894E-02  5.2037E-01
  5.7544E-01  1.1413E+00  1.4346E-02  5.3722E-01
  5.8059E-01  1.1377E+00  1.4813E-02  5.5456E-01
  5.8579E-01  1.1338E+00  1.5294E-02  5.7243E-01
  5.9103E-01  1.1298E+00  1.5789E-02  5.9083E-01
  5.9632E-01  1.1257E+00  1.6299E-02  6.0978E-01
  6.0165E-01  1.1214E+00  1.6825E-02  6.2928E-01
  6.0704E-01  1.1169E+00  1.7366E-02  6.4936E-01
  6.1247E-01  1.1124E+00  1.7924E-02  6.7002E-01
  6.1795E-01  1.1076E+00  1.8498E-02  6.9129E-01
  6.2348E-01  1.1027E+00  1.9089E-02  7.1317E-01
  6.2906E-01  1.0977E+00  1.9697E-02  7.3569E-01
  6.3469E-01  1.0926E+00  2.0323E-02  7.5885E-01
  6.4037E-01  1.0873E+00  2.0967E-02  7.8267E-01
  6.4610E-01  1.0819E+00  2.1630E-02  8.0716E-01
  6.5188E-01  1.0764E+00  2.2312E-02  8.3235E-01
  6.5771E-01  1.0707E+00  2.3013E-02  8.5824E-01
  6.6360E-01  1.0649E+00  2.3735E-02  8.8485E-01
  6.6954E-01  1.0590E+00  2.4477E-02  9.1220E-01
  6.7553E-01  1.0530E+00  2.5240E-02  9.4030E-01
  6.8157E-01  1.0469E+00  2.6024E-02  9.6917E-01
  6.8767E-01  1.0406E+00  2.6831E-02  9.9883E-01
  6.9382E-01  1.0343E+00  2.7659E-02  1.0293E+00
  7.0003E-01  1.0278E+00  2.8511E-02  1.0606E+00
  7.0630E-01  1.0213E+00  2.9386E-02  1.0927E+00
  7.1262E-01  1.0146E+00  3.0284E-02  1.1256E+00
  7.1899E-01  1.0079E+00  3.1207E-02  1.1594E+00
  7.2543E-01  1.0011E+00  3.2155E-02  1.1941E+00
  7.3192E-01  9.9414E-01  3.3128E-02  1.2297E+00
  7.3847E-01  9.8713E-01  3.4127E-02  1.2662E+00
  7.4508E-01  9.8004E-01  3.5152E-02  1.3036E+00
  7.5174E-01  9.7287E-01  3.6204E-02  1.3419E+00
  7.5847E-01  9.6562E-01  3.7283E-02  1.3812E+00
  7.6526E-01  9.5830E-01  3.8390E-02  1.4215E+00
  7.7211E-01  9.5091E-01  3.9525E-02  1.4627E+00
  7.7901E-01  9.4345E-01  4.0688E-02  1.5049E+00
  7.8598E-01  9.3592E-01  4.1881E-02  1.5482E+00
  7.9302E-01  9.2833E-01  4.3103E-02  1.5924E+00
  8.0011E-01  9.2069E-01  4.4355E-02  1.6377E+00
  8.0727E-01  9.1299E-01  4.5638E-02  1.6840E+00
  8.1450E-01  9.0523E-01  4.6952E-02  1.7314E+00
  8.2179E-01  8.9743E-01  4.8296E-02  1.7798E+00
  8.2914E-01  8.8958E-01  4.9673E-02  1.8293E+00
  8.3656E-01  8.8168E-01  5.1081E-02  1.8799E+00
  8.4404E-01  8.7374E-01  5.2523E-02  1.9315E+00
  8.5160E-01  8.6577E-01  5.3996E-02  1.9842E+00
  8.5922E-01  8.5775E-01  5.5503E-02  2.0381E+00
  8.6690E-01  8.4971E-01  5.7044E-02  2.0930E+00
  8.7466E-01  8.4163E-01  5.8618E-02  2.1490E+00
  8.8249E-01  8.3352E-01  6.0226E-02  2.2061E+00
  8.9038E-01  8.2539E-01  6.1868E-02  2.2643E+00
  8.9835E-01  8.1724E-01  6.3544E-02  2.3236E+00
  9.0639E-01  8.0906E-01  6.5255E-02  2.3840E+00
  9.1450E-01  8.0087E-01  6.7001E-02  2.4454E+00
  9.2268E-01  7.9266E-01  6.8782E-02  2.5080E+00
  9.3094E-01  7.8444E-01  7.0597E-02  2.5716E+00
  9.3927E-01  7.7621E-01  7.2448E-02  2.6362E+00
  9.4767E-01  7.6796E-01  7.4333E-02  2.7019E+00
  9.5615E-01  7.5971E-01  7.6253E-02  2.7687E+00
  9.6471E-01  7.5146E-01  7.8207E-02  2.8364E+00
  9.7334E-01  7.4321E-01  8.0197E-02  2.9051E+00
  9.8205E-01  7.3495E-01  8.2220E-02  2.9747E+00
  9.9084E-01  7.2670E-01  8.4277E-02  3.0453E+00
  9.9970E-01  7.1845E-01  8.6369E-02  3.1168E+00
  1.0086E+00  7.1020E-01  8.8493E-02  3.1892E+00
  1.0177E+00  7.0197E-01  9.0650E-02  3.2624E+00
  1.0268E+00  6.9374E-01  9.2840E-02  3.3364E+00
  1.0360E+00  6.8553E-01  9.5061E-02  3.4111E+00
  1.0452E+00  6.7733E-01  9.7313E-02  3.4865E+00
  1.0546E+00  6.6915E-01  9.9596E-02  3.5626E+00
  1.0640E+00  6.6098E-01  1.0191E-01  3.6393E+00
  1.0735E+00  6.5283E-01  1.0425E-01  3.7165E+00
  1.0832E+00  6.4470E-01  1.0662E-01  3.7942E+00
  1.0928E+00  6.3660E-01  1.0901E-01  3.8724E+00
  1.1026E+00  6.2851E-01  1.1143E-01  3.9508E+00
  1.1125E+00  6.2046E-01  1.1387E-01  4.0295E+00
  1.1224E+00  6.1243E-01  1.1634E-01  4.1085E+00
  1.1325E+00  6.0443E-01  1.1883E-01  4.1875E+00
  1.1426E+00  5.9646E-01  1.2133E-01  4.2665E+00
  1.1528E+00  5.8852E-01  1.2386E-01  4.3454E+00
  1.1632E+00  5.8062E-01  1.2640E-01  4.4242E+00
  1.1736E+00  5.7275E-01  1.2896E-01  4.5026E+00
  1.1841E+00  5.6491E-01  1.3152E-01  4.5807E+00
  1.1947E+00  5.5711E-01  1.3410E-01  4.6583E+00
  1.2054E+00  5.4936E-01  1.3669E-01  4.7352E+00
  1.2161E+00  5.4164E-01  1.3928E-01  4.8113E+00
  1.2270E+00  5.3396E-01  1.4187E-01  4.8866E+00
  1.2380E+00  5.2633E-01  1.4447E-01  4.9609E+00
  1.2491E+00  5.1873E-01  1.4706E-01  5.0339E+00
  1.2602E+00  5.1119E-01  1.4965E-01  5.1057E+00
  1.2715E+00  5.0369E-01  1.5223E-01  5.1760E+00
  1.2829E+00  4.9623E-01  1.5479E-01  5.2447E+00
  1.2944E+00  4.8883E-01  1.5735E-01  5.3116E+00
  1.3060E+00  4.8147E-01  1.5988E-01  5.3765E+00
  1.3176E+00  4.7417E-01  1.6240E-01  5.4393E+00
  1.3294E+00  4.6691E-01  1.6489E-01  5.4998E+00
  1.3413E+00  4.5971E-01  1.6735E-01  5.5579E+00
  1.3533E+00  4.5256E-01  1.6979E-01  5.6133E+00
  1.3654E+00  4.4546E-01  1.7218E-01  5.6658E+00
  1.3777E+00  4.3842E-01  1.7454E-01  5.7152E+00
  1.3900E+00  4.3144E-01  1.7685E-01  5.7615E+00
  1.4024E+00  4.2451E-01  1.7911E-01  5.8043E+00
  1.4150E+00  4.1764E-01  1.8133E-01  5.8435E+00
  1.4276E+00  4.1083E-01  1.8348E-01  5.8788E+00
  1.4404E+00  4.0407E-01  1.8558E-01  5.9101E+00
  1.4533E+00  3.9738E-01  1.8761E-01  5.9372E+00
  1.4663E+00  3.9074E-01  1.8957E-01  5.9598E+00
  1.4794E+00  3.8417E-01  1.9146E-01  5.9778E+00
  1.4927E+00  3.7765E-01  1.9327E-01  5.9909E+00
  1.5060E+00  3.7120E-01  1.9500E-01  5.9990E+00
  1.5195E+00  3.6481E-01  1.9664E-01  6.0019E+00
  1.5331E+00  3.5849E-01  1.9819E-01  5.9994E+00
  1.5468E+00  3.5223E-01  1.9964E-01  5.9913E+00
  1.5606E+00  3.4603E-01  2.0099E-01  5.9775E+00
  1.5746E+00  3.3989E-01  2.0224E-01  5.9577E+00
  1.5887E+00  3.3382E-01  2.0338E-01  5.9318E+00
  1.6029E+00  3.2782E-01  2.0441E-01  5.8996E+00
  1.6172E+00  3.2188E-01  2.0532E-01  5.8611E+00
  1.6317E+00  3.1600E-01  2.0611E-01  5.8161E+00
  1.6463E+00  3.1020E-01  2.0677E-01  5.7645E+00
  1.6610E+00  3.0446E-01  2.0731E-01  5.7062E+00
  1.6759E+00  2.9878E-01  2.0771E-01  5.6411E+00
  1.6909E+00  2.9317E-01  2.0799E-01  5.5692E+00
  1.7060E+00  2.8763E-01  2.0812E-01  5.4904E+00
  1.7213E+00  2.8215E-01  2.0812E-01  5.4047E+00
  1.7367E+00  2.7675E-01  2.0797E-01  5.3121E+00
  1.7522E+00  2.7141E-01  2.0769E-01  5.2127E+00
  1.7679E+00  2.6613E-01  2.0726E-01  5.1066E+00
  1.7837E+00  2.6093E-01  2.0668E-01  4.9937E+00
  1.7997E+00  2.5579E-01  2.0596E-01  4.8742E+00
  1.8158E+00  2.5072E-01  2.0509E-01  4.7484E+00
  1.8320E+00  2.4571E-01  2.0407E-01  4.6162E+00
  1.8484E+00  2.4078E-01  2.0291E-01  4.4781E+00
  1.8650E+00  2.3591E-01  2.0160E-01  4.3342E+00
  1.8817E+00  2.3110E-01  2.0015E-01  4.1848E+00
  1.8985E+00  2.2637E-01  1.9856E-01  4.0302E+00
  1.9155E+00  2.2170E-01  1.9684E-01  3.8708E+00
  1.9326E+00  2.1710E-01  1.9497E-01  3.7070E+00
  1.9499E+00  2.1256E-01  1.9298E-01  3.5393E+00
  1.9674E+00  2.0809E-01  1.9086E-01  3.3680E+00
  1.9850E+00  2.0369E-01  1.8861E-01  3.1939E+00
  2.0027E+00  1.9935E-01  1.8625E-01  3.0173E+00
  2.0206E+00  1.9508E-01  1.8378E-01  2.8389E+00
  2.0387E+00  1.9088E-01  1.8120E-01  2.6594E+00
  2.0570E+00  1.8674E-01  1.7852E-01  2.4794E+00
  2.0754E+00  1.8266E-01  1.7575E-01  2.2997E+00
  2.0939E+00  1.7865E-01  1.7290E-01  2.1209E+00
  2.1127E+00  1.7470E-01  1.6997E-01  1.9438E+00
  2.1316E+00  1.7081E-01  1.6697E-01  1.7693E+00
  2.1506E+00  1.6699E-01  1.6392E-01  1.5982E+00
  2.1699E+00  1.6323E-01  1.6081E-01  1.4314E+00
  2.1893E+00  1.5954E-01  1.5767E-01  1.2696E+00
  2.2089E+00  1.5590E-01  1.5449E-01  1.1138E+00
  2.2286E+00  1.5233E-01  1.5129E-01  9.6483E-01
  2.2486E+00  1.4882E-01  1.4807E-01  8.2363E-01
  2.2687E+00  1.4537E-01  1.4485E-01  6.9104E-01
  2.2890E+00  1.4198E-01  1.4164E-01  5.6793E-01
  2.3095E+00  1.3865E-01  1.3843E-01  4.5515E-01
  2.3301E+00  1.3538E-01  1.3525E-01  3.5317E-01
  2.3510E+00  1.3216E-01  1.3210E-01  2.6247E-01
  2.3720E+00  1.2901E-01  1.2898E-01  1.8382E-01
  2.3933E+00  1.2591E-01  1.2590E-01  1.1795E-01
  2.4147E+00  1.2287E-01  1.2287E-01  6.5501E-02
  2.4363E+00  1.1989E-01  1.1989E-01  2.7055E-02
  2.4581E+00  1.1696E-01  1.1696E-01  3.0883E-03
  2.4801E+00  1.1409E-01  1.1409E-01 -6.0223E-03
  2.5023E+00  1.1127E-01  1.1127E-01 -0.0000E+00
  2.5246E+00  1.0851E-01  1.0851E-01 -0.0000E+00
  2.5472E+00  1.0580E-01  1.0580E-01 -0.0000E+00
  2.5700E+00  1.0314E-01  1.0314E-01 -0.0000E+00
  2.5930E+00  1.0054E-01  1.0054E-01 -0.0000E+00
  2.6162E+00  9.7988E-02  9.7988E-02 -0.0000E+00
  2.6396E+00  9.5487E-02  9.5487E-02 -0.0000E+00
  2.6632E+00  9.3036E-02  9.3036E-02 -0.0000E+00
  2.6871E+00  9.0636E-02  9.0636E-02 -0.0000E+00
  2.7111E+00  8.8284E-02  8.8284E-02 -0.0000E+00
  2.7354E+00  8.5981E-02  8.5981E-02 -0.0000E+00
  2.7598E+00  8.3725E-02  8.3725E-02 -0.0000E+00
  2.7845E+00  8.1517E-02  8.1517E-02 -0.0000E+00
  2.8094E+00  7.9355E-02  7.9355E-02 -0.0000E+00
  2.8346E+00  7.7239E-02  7.7239E-02 -0.0000E+00
  2.8599E+00  7.5168E-02  7.5168E-02 -0.0000E+00
  2.8855E+00  7.3141E-02  7.3141E-02 -0.0000E+00
  2.9113E+00  7.1157E-02  7.1157E-02 -0.0000E+00
  2.9374E+00  6.9217E-02  6.9217E-02 -0.0000E+00
  2.9637E+00  6.7319E-02  6.7319E-02 -0.0000E+00
  2.9902E+00  6.5463E-02  6.5463E-02 -0.0000E+00
  3.0169E+00  6.3647E-02  6.3647E-02 -0.0000E+00
  3.0439E+00  6.1871E-02  6.1871E-02 -0.0000E+00
  3.0712E+00  6.0135E-02  6.0135E-02 -0.0000E+00
  3.0987E+00  5.8438E-02  5.8438E-02 -0.0000E+00
  3.1264E+00  5.6780E-02  5.6780E-02 -0.0000E+00
  3.1543E+00  5.5158E-02  5.5158E-02 -0.0000E+00
  3.1826E+00  5.3574E-02  5.3574E-02 -0.0000E+00
  3.2110E+00  5.2026E-02  5.2026E-02 -0.0000E+00
  3.2398E+00  5.0513E-02  5.0513E-02 -0.0000E+00
  3.2688E+00  4.9036E-02  4.9036E-02 -0.0000E+00
  3.2980E+00  4.7593E-02  4.7593E-02 -0.0000E+00
  3.3275E+00  4.6184E-02  4.6184E-02 -0.0000E+00
  3.3573E+00  4.4808E-02  4.4808E-02 -0.0000E+00
  3.3873E+00  4.3465E-02  4.3465E-02 -0.0000E+00
  3.4176E+00  4.2153E-02  4.2153E-02 -0.0000E+00
  3.4482E+00  4.0874E-02  4.0874E-02 -0.0000E+00
  3.4791E+00  3.9625E-02  3.9625E-02 -0.0000E+00
  3.5102E+00  3.8406E-02  3.8406E-02 -0.0000E+00
  3.5416E+00  3.7217E-02  3.7217E-02 -0.0000E+00
  3.5733E+00  3.6058E-02  3.6058E-02 -0.0000E+00
  3.6052E+00  3.4927E-02  3.4927E-02 -0.0000E+00
  3.6375E+00  3.3824E-02  3.3824E-02 -0.0000E+00
  3.6700E+00  3.2749E-02  3.2749E-02 -0.0000E+00
  3.7029E+00  3.1702E-02  3.1702E-02 -0.0000E+00
  3.7360E+00  3.0681E-02  3.0681E-02 -0.0000E+00
  3.7694E+00  2.9686E-02  2.9686E-02 -0.0000E+00
  3.8032E+00  2.8716E-02  2.8716E-02 -0.0000E+00
  3.8372E+00  2.7772E-02  2.7772E-02 -0.0000E+00
  3.8715E+00  2.6853E-02  2.6853E-02 -0.0000E+00
  3.9062E+00  2.5957E-02  2.5957E-02 -0.0000E+00
