 # l=           0 basis function with energy    -1.2706008782619658     
  0.0000E+00  0.0000E+00  0.0000E+00  0.0000E+00
  5.9109E-06 -1.2154E-04  5.8360E-06  9.6989E-06
  1.1906E-05 -2.3946E-04  1.1755E-05  1.9536E-05
  1.7986E-05 -3.5703E-04  1.7758E-05  2.9513E-05
  2.4153E-05 -4.7494E-04  2.3847E-05  3.9631E-05
  3.0408E-05 -5.9351E-04  3.0022E-05  4.9894E-05
  3.6751E-05 -7.1292E-04  3.6285E-05  6.0303E-05
  4.3185E-05 -8.3333E-04  4.2638E-05  7.0860E-05
  4.9710E-05 -9.5482E-04  4.9080E-05  8.1566E-05
  5.6328E-05 -1.0775E-03  5.5615E-05  9.2426E-05
  6.3040E-05 -1.2013E-03  6.2242E-05  1.0344E-04
  6.9848E-05 -1.3265E-03  6.8963E-05  1.1461E-04
  7.6753E-05 -1.4530E-03  7.5780E-05  1.2594E-04
  8.3756E-05 -1.5808E-03  8.2695E-05  1.3743E-04
  9.0858E-05 -1.7101E-03  8.9707E-05  1.4908E-04
  9.8062E-05 -1.8408E-03  9.6819E-05  1.6090E-04
  1.0537E-04 -1.9730E-03  1.0403E-04  1.7289E-04
  1.1278E-04 -2.1067E-03  1.1135E-04  1.8505E-04
  1.2029E-04 -2.2420E-03  1.1877E-04  1.9738E-04
  1.2792E-04 -2.3788E-03  1.2629E-04  2.0989E-04
  1.3565E-04 -2.5173E-03  1.3393E-04  2.2257E-04
  1.4349E-04 -2.6574E-03  1.4167E-04  2.3544E-04
  1.5144E-04 -2.7991E-03  1.4952E-04  2.4849E-04
  1.5950E-04 -2.9426E-03  1.5748E-04  2.6172E-04
  1.6768E-04 -3.0878E-03  1.6556E-04  2.7514E-04
  1.7598E-04 -3.2347E-03  1.7375E-04  2.8876E-04
  1.8440E-04 -3.3834E-03  1.8206E-04  3.0256E-04
  1.9293E-04 -3.5340E-03  1.9049E-04  3.1657E-04
  2.0159E-04 -3.6863E-03  1.9903E-04  3.3077E-04
  2.1036E-04 -3.8405E-03  2.0770E-04  3.4517E-04
  2.1927E-04 -3.9966E-03  2.1649E-04  3.5978E-04
  2.2830E-04 -4.1547E-03  2.2541E-04  3.7460E-04
  2.3746E-04 -4.3146E-03  2.3445E-04  3.8963E-04
  2.4675E-04 -4.4766E-03  2.4362E-04  4.0487E-04
  2.5617E-04 -4.6405E-03  2.5292E-04  4.2033E-04
  2.6572E-04 -4.8065E-03  2.6236E-04  4.3601E-04
  2.7541E-04 -4.9745E-03  2.7192E-04  4.5191E-04
  2.8524E-04 -5.1446E-03  2.8163E-04  4.6804E-04
  2.9521E-04 -5.3168E-03  2.9147E-04  4.8440E-04
  3.0532E-04 -5.4912E-03  3.0145E-04  5.0099E-04
  3.1558E-04 -5.6677E-03  3.1158E-04  5.1781E-04
  3.2598E-04 -5.8464E-03  3.2185E-04  5.3488E-04
  3.3653E-04 -6.0273E-03  3.3226E-04  5.5219E-04
  3.4723E-04 -6.2105E-03  3.4283E-04  5.6974E-04
  3.5808E-04 -6.3960E-03  3.5354E-04  5.8755E-04
  3.6908E-04 -6.5838E-03  3.6441E-04  6.0560E-04
  3.8024E-04 -6.7739E-03  3.7543E-04  6.2392E-04
  3.9156E-04 -6.9664E-03  3.8660E-04  6.4249E-04
  4.0304E-04 -7.1613E-03  3.9794E-04  6.6133E-04
  4.1469E-04 -7.3586E-03  4.0944E-04  6.8044E-04
  4.2650E-04 -7.5584E-03  4.2110E-04  6.9982E-04
  4.3848E-04 -7.7607E-03  4.3292E-04  7.1947E-04
  4.5063E-04 -7.9655E-03  4.4492E-04  7.3941E-04
  4.6295E-04 -8.1729E-03  4.5708E-04  7.5963E-04
  4.7545E-04 -8.3828E-03  4.6942E-04  7.8013E-04
  4.8812E-04 -8.5954E-03  4.8194E-04  8.0093E-04
  5.0098E-04 -8.8106E-03  4.9463E-04  8.2202E-04
  5.1401E-04 -9.0285E-03  5.0750E-04  8.4342E-04
  5.2724E-04 -9.2492E-03  5.2056E-04  8.6512E-04
  5.4065E-04 -9.4725E-03  5.3380E-04  8.8712E-04
  5.5425E-04 -9.6987E-03  5.4723E-04  9.0944E-04
  5.6805E-04 -9.9276E-03  5.6085E-04  9.3208E-04
  5.8204E-04 -1.0159E-02  5.7467E-04  9.5504E-04
  5.9623E-04 -1.0394E-02  5.8868E-04  9.7832E-04
  6.1063E-04 -1.0632E-02  6.0289E-04  1.0019E-03
  6.2522E-04 -1.0872E-02  6.1730E-04  1.0259E-03
  6.4003E-04 -1.1116E-02  6.3192E-04  1.0502E-03
  6.5505E-04 -1.1362E-02  6.4675E-04  1.0748E-03
  6.7028E-04 -1.1612E-02  6.6178E-04  1.0998E-03
  6.8572E-04 -1.1865E-02  6.7704E-04  1.1252E-03
  7.0139E-04 -1.2121E-02  6.9250E-04  1.1509E-03
  7.1728E-04 -1.2380E-02  7.0819E-04  1.1769E-03
  7.3339E-04 -1.2642E-02  7.2410E-04  1.2034E-03
  7.4974E-04 -1.2907E-02  7.4024E-04  1.2302E-03
  7.6632E-04 -1.3176E-02  7.5661E-04  1.2574E-03
  7.8313E-04 -1.3448E-02  7.7321E-04  1.2850E-03
  8.0018E-04 -1.3723E-02  7.9004E-04  1.3130E-03
  8.1748E-04 -1.4002E-02  8.0712E-04  1.3413E-03
  8.3502E-04 -1.4284E-02  8.2444E-04  1.3701E-03
  8.5281E-04 -1.4570E-02  8.4200E-04  1.3993E-03
  8.7085E-04 -1.4859E-02  8.5982E-04  1.4289E-03
  8.8915E-04 -1.5151E-02  8.7789E-04  1.4590E-03
  9.0771E-04 -1.5448E-02  8.9621E-04  1.4894E-03
  9.2654E-04 -1.5747E-02  9.1480E-04  1.5203E-03
  9.4563E-04 -1.6051E-02  9.3365E-04  1.5516E-03
  9.6499E-04 -1.6358E-02  9.5277E-04  1.5834E-03
  9.8463E-04 -1.6669E-02  9.7216E-04  1.6156E-03
  1.0046E-03 -1.6984E-02  9.9182E-04  1.6483E-03
  1.0248E-03 -1.7302E-02  1.0118E-03  1.6815E-03
  1.0452E-03 -1.7624E-02  1.0320E-03  1.7151E-03
  1.0660E-03 -1.7951E-02  1.0525E-03  1.7492E-03
  1.0871E-03 -1.8281E-02  1.0733E-03  1.7838E-03
  1.1085E-03 -1.8615E-02  1.0944E-03  1.8188E-03
  1.1302E-03 -1.8953E-02  1.1158E-03  1.8544E-03
  1.1521E-03 -1.9295E-02  1.1376E-03  1.8905E-03
  1.1744E-03 -1.9642E-02  1.1596E-03  1.9271E-03
  1.1971E-03 -1.9992E-02  1.1819E-03  1.9642E-03
  1.2200E-03 -2.0347E-02  1.2046E-03  2.0018E-03
  1.2433E-03 -2.0705E-02  1.2275E-03  2.0400E-03
  1.2669E-03 -2.1068E-02  1.2508E-03  2.0787E-03
  1.2908E-03 -2.1436E-02  1.2745E-03  2.1180E-03
  1.3151E-03 -2.1808E-02  1.2984E-03  2.1578E-03
  1.3397E-03 -2.2184E-02  1.3227E-03  2.1982E-03
  1.3647E-03 -2.2564E-02  1.3474E-03  2.2392E-03
  1.3900E-03 -2.2949E-02  1.3724E-03  2.2808E-03
  1.4157E-03 -2.3339E-02  1.3978E-03  2.3229E-03
  1.4417E-03 -2.3733E-02  1.4235E-03  2.3657E-03
  1.4682E-03 -2.4132E-02  1.4496E-03  2.4090E-03
  1.4950E-03 -2.4535E-02  1.4760E-03  2.4530E-03
  1.5221E-03 -2.4943E-02  1.5029E-03  2.4976E-03
  1.5497E-03 -2.5356E-02  1.5301E-03  2.5428E-03
  1.5777E-03 -2.5774E-02  1.5577E-03  2.5887E-03
  1.6060E-03 -2.6196E-02  1.5857E-03  2.6352E-03
  1.6348E-03 -2.6623E-02  1.6141E-03  2.6824E-03
  1.6639E-03 -2.7055E-02  1.6429E-03  2.7303E-03
  1.6935E-03 -2.7492E-02  1.6721E-03  2.7788E-03
  1.7235E-03 -2.7935E-02  1.7017E-03  2.8280E-03
  1.7540E-03 -2.8382E-02  1.7317E-03  2.8780E-03
  1.7848E-03 -2.8834E-02  1.7622E-03  2.9286E-03
  1.8161E-03 -2.9291E-02  1.7931E-03  2.9800E-03
  1.8479E-03 -2.9754E-02  1.8245E-03  3.0321E-03
  1.8801E-03 -3.0221E-02  1.8563E-03  3.0849E-03
  1.9127E-03 -3.0694E-02  1.8885E-03  3.1385E-03
  1.9459E-03 -3.1172E-02  1.9212E-03  3.1928E-03
  1.9795E-03 -3.1656E-02  1.9544E-03  3.2480E-03
  2.0135E-03 -3.2145E-02  1.9880E-03  3.3039E-03
  2.0481E-03 -3.2639E-02  2.0221E-03  3.3606E-03
  2.0831E-03 -3.3139E-02  2.0567E-03  3.4181E-03
  2.1187E-03 -3.3644E-02  2.0918E-03  3.4764E-03
  2.1547E-03 -3.4155E-02  2.1274E-03  3.5356E-03
  2.1913E-03 -3.4671E-02  2.1635E-03  3.5956E-03
  2.2284E-03 -3.5193E-02  2.2001E-03  3.6564E-03
  2.2660E-03 -3.5721E-02  2.2373E-03  3.7181E-03
  2.3041E-03 -3.6254E-02  2.2749E-03  3.7807E-03
  2.3428E-03 -3.6793E-02  2.3131E-03  3.8442E-03
  2.3821E-03 -3.7338E-02  2.3519E-03  3.9086E-03
  2.4219E-03 -3.7888E-02  2.3912E-03  3.9739E-03
  2.4622E-03 -3.8445E-02  2.4310E-03  4.0401E-03
  2.5032E-03 -3.9007E-02  2.4715E-03  4.1073E-03
  2.5447E-03 -3.9575E-02  2.5125E-03  4.1754E-03
  2.5868E-03 -4.0149E-02  2.5540E-03  4.2445E-03
  2.6295E-03 -4.0729E-02  2.5962E-03  4.3146E-03
  2.6728E-03 -4.1315E-02  2.6390E-03  4.3857E-03
  2.7168E-03 -4.1907E-02  2.6824E-03  4.4578E-03
  2.7613E-03 -4.2505E-02  2.7264E-03  4.5309E-03
  2.8065E-03 -4.3109E-02  2.7710E-03  4.6051E-03
  2.8524E-03 -4.3720E-02  2.8162E-03  4.6803E-03
  2.8989E-03 -4.4336E-02  2.8621E-03  4.7566E-03
  2.9460E-03 -4.4959E-02  2.9087E-03  4.8339E-03
  2.9938E-03 -4.5588E-02  2.9559E-03  4.9124E-03
  3.0424E-03 -4.6223E-02  3.0038E-03  4.9920E-03
  3.0915E-03 -4.6864E-02  3.0524E-03  5.0727E-03
  3.1414E-03 -4.7512E-02  3.1016E-03  5.1546E-03
  3.1920E-03 -4.8166E-02  3.1516E-03  5.2376E-03
  3.2434E-03 -4.8826E-02  3.2023E-03  5.3218E-03
  3.2954E-03 -4.9492E-02  3.2537E-03  5.4072E-03
  3.3482E-03 -5.0165E-02  3.3058E-03  5.4938E-03
  3.4018E-03 -5.0844E-02  3.3587E-03  5.5817E-03
  3.4561E-03 -5.1530E-02  3.4123E-03  5.6708E-03
  3.5111E-03 -5.2222E-02  3.4667E-03  5.7612E-03
  3.5670E-03 -5.2920E-02  3.5218E-03  5.8528E-03
  3.6237E-03 -5.3625E-02  3.5777E-03  5.9458E-03
  3.6811E-03 -5.4336E-02  3.6345E-03  6.0401E-03
  3.7394E-03 -5.5054E-02  3.6920E-03  6.1357E-03
  3.7985E-03 -5.5778E-02  3.7504E-03  6.2327E-03
  3.8585E-03 -5.6508E-02  3.8096E-03  6.3310E-03
  3.9193E-03 -5.7245E-02  3.8696E-03  6.4308E-03
  3.9809E-03 -5.7988E-02  3.9305E-03  6.5320E-03
  4.0435E-03 -5.8738E-02  3.9922E-03  6.6346E-03
  4.1069E-03 -5.9494E-02  4.0549E-03  6.7387E-03
  4.1713E-03 -6.0256E-02  4.1184E-03  6.8443E-03
  4.2365E-03 -6.1025E-02  4.1828E-03  6.9513E-03
  4.3027E-03 -6.1800E-02  4.2482E-03  7.0599E-03
  4.3698E-03 -6.2582E-02  4.3144E-03  7.1701E-03
  4.4379E-03 -6.3369E-02  4.3817E-03  7.2818E-03
  4.5069E-03 -6.4163E-02  4.4498E-03  7.3950E-03
  4.5770E-03 -6.4964E-02  4.5190E-03  7.5099E-03
  4.6480E-03 -6.5770E-02  4.5891E-03  7.6265E-03
  4.7200E-03 -6.6583E-02  4.6602E-03  7.7447E-03
  4.7931E-03 -6.7402E-02  4.7324E-03  7.8645E-03
  4.8672E-03 -6.8227E-02  4.8055E-03  7.9861E-03
  4.9424E-03 -6.9058E-02  4.8797E-03  8.1094E-03
  5.0186E-03 -6.9895E-02  4.9550E-03  8.2345E-03
  5.0959E-03 -7.0738E-02  5.0313E-03  8.3613E-03
  5.1743E-03 -7.1587E-02  5.1087E-03  8.4900E-03
  5.2538E-03 -7.2442E-02  5.1872E-03  8.6205E-03
  5.3345E-03 -7.3302E-02  5.2669E-03  8.7528E-03
  5.4163E-03 -7.4169E-02  5.3476E-03  8.8870E-03
  5.4992E-03 -7.5041E-02  5.4295E-03  9.0231E-03
  5.5834E-03 -7.5918E-02  5.5126E-03  9.1612E-03
  5.6687E-03 -7.6801E-02  5.5969E-03  9.3012E-03
  5.7553E-03 -7.7690E-02  5.6823E-03  9.4432E-03
  5.8431E-03 -7.8584E-02  5.7690E-03  9.5873E-03
  5.9321E-03 -7.9483E-02  5.8569E-03  9.7333E-03
  6.0224E-03 -8.0387E-02  5.9461E-03  9.8815E-03
  6.1140E-03 -8.1296E-02  6.0365E-03  1.0032E-02
  6.2069E-03 -8.2210E-02  6.1282E-03  1.0184E-02
  6.3011E-03 -8.3129E-02  6.2212E-03  1.0339E-02
  6.3967E-03 -8.4052E-02  6.3156E-03  1.0496E-02
  6.4936E-03 -8.4981E-02  6.4113E-03  1.0655E-02
  6.5919E-03 -8.5913E-02  6.5083E-03  1.0816E-02
  6.6916E-03 -8.6850E-02  6.6067E-03  1.0979E-02
  6.7927E-03 -8.7791E-02  6.7066E-03  1.1145E-02
  6.8952E-03 -8.8735E-02  6.8078E-03  1.1313E-02
  6.9992E-03 -8.9684E-02  6.9105E-03  1.1484E-02
  7.1047E-03 -9.0636E-02  7.0146E-03  1.1657E-02
  7.2117E-03 -9.1592E-02  7.1203E-03  1.1833E-02
  7.3202E-03 -9.2551E-02  7.2274E-03  1.2011E-02
  7.4303E-03 -9.3514E-02  7.3361E-03  1.2191E-02
  7.5419E-03 -9.4479E-02  7.4463E-03  1.2374E-02
  7.6551E-03 -9.5446E-02  7.5580E-03  1.2560E-02
  7.7699E-03 -9.6417E-02  7.6714E-03  1.2748E-02
  7.8864E-03 -9.7389E-02  7.7864E-03  1.2939E-02
  8.0045E-03 -9.8364E-02  7.9030E-03  1.3133E-02
  8.1243E-03 -9.9341E-02  8.0212E-03  1.3330E-02
  8.2458E-03 -1.0032E-01  8.1412E-03  1.3529E-02
  8.3690E-03 -1.0130E-01  8.2628E-03  1.3731E-02
  8.4939E-03 -1.0228E-01  8.3862E-03  1.3936E-02
  8.6207E-03 -1.0326E-01  8.5114E-03  1.4144E-02
  8.7493E-03 -1.0424E-01  8.6383E-03  1.4355E-02
  8.8796E-03 -1.0522E-01  8.7670E-03  1.4569E-02
  9.0119E-03 -1.0621E-01  8.8976E-03  1.4786E-02
  9.1460E-03 -1.0719E-01  9.0300E-03  1.5006E-02
  9.2820E-03 -1.0817E-01  9.1643E-03  1.5229E-02
  9.4200E-03 -1.0915E-01  9.3005E-03  1.5455E-02
  9.5599E-03 -1.1013E-01  9.4386E-03  1.5685E-02
  9.7018E-03 -1.1111E-01  9.5787E-03  1.5918E-02
  9.8458E-03 -1.1208E-01  9.7208E-03  1.6154E-02
  9.9917E-03 -1.1305E-01  9.8650E-03  1.6393E-02
  1.0140E-02 -1.1402E-01  1.0011E-02  1.6636E-02
  1.0290E-02 -1.1499E-01  1.0159E-02  1.6882E-02
  1.0442E-02 -1.1595E-01  1.0310E-02  1.7132E-02
  1.0597E-02 -1.1691E-01  1.0462E-02  1.7386E-02
  1.0753E-02 -1.1787E-01  1.0617E-02  1.7643E-02
  1.0912E-02 -1.1882E-01  1.0774E-02  1.7903E-02
  1.1073E-02 -1.1976E-01  1.0933E-02  1.8168E-02
  1.1237E-02 -1.2070E-01  1.1094E-02  1.8436E-02
  1.1403E-02 -1.2164E-01  1.1258E-02  1.8708E-02
  1.1571E-02 -1.2256E-01  1.1424E-02  1.8983E-02
  1.1741E-02 -1.2348E-01  1.1592E-02  1.9263E-02
  1.1914E-02 -1.2439E-01  1.1763E-02  1.9547E-02
  1.2090E-02 -1.2530E-01  1.1936E-02  1.9834E-02
  1.2268E-02 -1.2619E-01  1.2112E-02  2.0126E-02
  1.2448E-02 -1.2708E-01  1.2290E-02  2.0422E-02
  1.2631E-02 -1.2795E-01  1.2471E-02  2.0722E-02
  1.2817E-02 -1.2882E-01  1.2654E-02  2.1027E-02
  1.3005E-02 -1.2967E-01  1.2840E-02  2.1335E-02
  1.3196E-02 -1.3051E-01  1.3028E-02  2.1649E-02
  1.3389E-02 -1.3134E-01  1.3219E-02  2.1966E-02
  1.3586E-02 -1.3216E-01  1.3413E-02  2.2288E-02
  1.3785E-02 -1.3296E-01  1.3610E-02  2.2615E-02
  1.3987E-02 -1.3375E-01  1.3809E-02  2.2946E-02
  1.4192E-02 -1.3453E-01  1.4012E-02  2.3282E-02
  1.4400E-02 -1.3529E-01  1.4217E-02  2.3623E-02
  1.4611E-02 -1.3603E-01  1.4425E-02  2.3969E-02
  1.4824E-02 -1.3676E-01  1.4636E-02  2.4319E-02
  1.5041E-02 -1.3747E-01  1.4850E-02  2.4675E-02
  1.5261E-02 -1.3816E-01  1.5067E-02  2.5035E-02
  1.5484E-02 -1.3883E-01  1.5287E-02  2.5401E-02
  1.5710E-02 -1.3948E-01  1.5510E-02  2.5772E-02
  1.5940E-02 -1.4011E-01  1.5737E-02  2.6148E-02
  1.6172E-02 -1.4072E-01  1.5967E-02  2.6529E-02
  1.6408E-02 -1.4130E-01  1.6200E-02  2.6916E-02
  1.6648E-02 -1.4187E-01  1.6436E-02  2.7309E-02
  1.6890E-02 -1.4241E-01  1.6676E-02  2.7707E-02
  1.7137E-02 -1.4292E-01  1.6919E-02  2.8110E-02
  1.7386E-02 -1.4341E-01  1.7165E-02  2.8520E-02
  1.7640E-02 -1.4387E-01  1.7415E-02  2.8935E-02
  1.7897E-02 -1.4431E-01  1.7669E-02  2.9356E-02
  1.8157E-02 -1.4471E-01  1.7926E-02  2.9783E-02
  1.8421E-02 -1.4509E-01  1.8187E-02  3.0216E-02
  1.8689E-02 -1.4543E-01  1.8451E-02  3.0655E-02
  1.8961E-02 -1.4575E-01  1.8719E-02  3.1101E-02
  1.9237E-02 -1.4603E-01  1.8992E-02  3.1553E-02
  1.9516E-02 -1.4628E-01  1.9268E-02  3.2011E-02
  1.9800E-02 -1.4649E-01  1.9547E-02  3.2476E-02
  2.0087E-02 -1.4667E-01  1.9831E-02  3.2947E-02
  2.0379E-02 -1.4682E-01  2.0119E-02  3.3425E-02
  2.0675E-02 -1.4692E-01  2.0411E-02  3.3910E-02
  2.0975E-02 -1.4699E-01  2.0707E-02  3.4402E-02
  2.1279E-02 -1.4702E-01  2.1008E-02  3.4900E-02
  2.1588E-02 -1.4700E-01  2.1312E-02  3.5406E-02
  2.1901E-02 -1.4695E-01  2.1621E-02  3.5919E-02
  2.2218E-02 -1.4685E-01  2.1935E-02  3.6439E-02
  2.2540E-02 -1.4671E-01  2.2253E-02  3.6967E-02
  2.2867E-02 -1.4653E-01  2.2575E-02  3.7502E-02
  2.3198E-02 -1.4630E-01  2.2902E-02  3.8044E-02
  2.3534E-02 -1.4602E-01  2.3233E-02  3.8595E-02
  2.3875E-02 -1.4569E-01  2.3570E-02  3.9153E-02
  2.4221E-02 -1.4531E-01  2.3911E-02  3.9719E-02
  2.4571E-02 -1.4489E-01  2.4257E-02  4.0293E-02
  2.4927E-02 -1.4441E-01  2.4608E-02  4.0875E-02
  2.5287E-02 -1.4388E-01  2.4963E-02  4.1465E-02
  2.5653E-02 -1.4329E-01  2.5324E-02  4.2064E-02
  2.6024E-02 -1.4265E-01  2.5690E-02  4.2672E-02
  2.6400E-02 -1.4195E-01  2.6062E-02  4.3288E-02
  2.6781E-02 -1.4120E-01  2.6438E-02  4.3912E-02
  2.7168E-02 -1.4039E-01  2.6820E-02  4.4546E-02
  2.7561E-02 -1.3952E-01  2.7207E-02  4.5188E-02
  2.7959E-02 -1.3859E-01  2.7600E-02  4.5840E-02
  2.8362E-02 -1.3759E-01  2.7998E-02  4.6500E-02
  2.8772E-02 -1.3653E-01  2.8402E-02  4.7171E-02
  2.9187E-02 -1.3541E-01  2.8812E-02  4.7850E-02
  2.9608E-02 -1.3423E-01  2.9228E-02  4.8539E-02
  3.0035E-02 -1.3298E-01  2.9649E-02  4.9238E-02
  3.0468E-02 -1.3166E-01  3.0077E-02  4.9947E-02
  3.0908E-02 -1.3027E-01  3.0510E-02  5.0666E-02
  3.1353E-02 -1.2881E-01  3.0950E-02  5.1395E-02
  3.1805E-02 -1.2728E-01  3.1396E-02  5.2135E-02
  3.2264E-02 -1.2568E-01  3.1848E-02  5.2884E-02
  3.2729E-02 -1.2401E-01  3.2307E-02  5.3645E-02
  3.3200E-02 -1.2227E-01  3.2772E-02  5.4416E-02
  3.3678E-02 -1.2045E-01  3.3244E-02  5.5198E-02
  3.4163E-02 -1.1856E-01  3.3723E-02  5.5991E-02
  3.4655E-02 -1.1659E-01  3.4208E-02  5.6796E-02
  3.5154E-02 -1.1454E-01  3.4700E-02  5.7611E-02
  3.5660E-02 -1.1242E-01  3.5199E-02  5.8438E-02
  3.6174E-02 -1.1022E-01  3.5706E-02  5.9277E-02
  3.6694E-02 -1.0794E-01  3.6219E-02  6.0128E-02
  3.7222E-02 -1.0558E-01  3.6740E-02  6.0991E-02
  3.7758E-02 -1.0313E-01  3.7268E-02  6.1866E-02
  3.8301E-02 -1.0061E-01  3.7804E-02  6.2753E-02
  3.8851E-02 -9.8010E-02  3.8347E-02  6.3653E-02
  3.9410E-02 -9.5325E-02  3.8898E-02  6.4565E-02
  3.9977E-02 -9.2558E-02  3.9457E-02  6.5490E-02
  4.0551E-02 -8.9708E-02  4.0024E-02  6.6429E-02
  4.1134E-02 -8.6775E-02  4.0599E-02  6.7380E-02
  4.1725E-02 -8.3759E-02  4.1182E-02  6.8345E-02
  4.2325E-02 -8.0660E-02  4.1773E-02  6.9323E-02
  4.2933E-02 -7.7477E-02  4.2373E-02  7.0316E-02
  4.3549E-02 -7.4210E-02  4.2981E-02  7.1322E-02
  4.4175E-02 -7.0860E-02  4.3598E-02  7.2342E-02
  4.4809E-02 -6.7427E-02  4.4223E-02  7.3377E-02
  4.5453E-02 -6.3911E-02  4.4858E-02  7.4426E-02
  4.6105E-02 -6.0311E-02  4.5501E-02  7.5490E-02
  4.6767E-02 -5.6629E-02  4.6154E-02  7.6569E-02
  4.7438E-02 -5.2865E-02  4.6816E-02  7.7663E-02
  4.8119E-02 -4.9020E-02  4.7487E-02  7.8773E-02
  4.8810E-02 -4.5093E-02  4.8168E-02  7.9898E-02
  4.9510E-02 -4.1086E-02  4.8858E-02  8.1038E-02
  5.0220E-02 -3.7001E-02  4.9558E-02  8.2195E-02
  5.0941E-02 -3.2836E-02  5.0269E-02  8.3368E-02
  5.1671E-02 -2.8595E-02  5.0989E-02  8.4557E-02
  5.2412E-02 -2.4277E-02  5.1719E-02  8.5763E-02
  5.3164E-02 -1.9885E-02  5.2460E-02  8.6986E-02
  5.3926E-02 -1.5419E-02  5.3211E-02  8.8226E-02
  5.4699E-02 -1.0882E-02  5.3973E-02  8.9483E-02
  5.5483E-02 -6.2739E-03  5.4746E-02  9.0758E-02
  5.6278E-02 -1.5977E-03  5.5530E-02  9.2051E-02
  5.7085E-02  3.1450E-03  5.6324E-02  9.3362E-02
  5.7903E-02  7.9521E-03  5.7130E-02  9.4691E-02
  5.8733E-02  1.2821E-02  5.7948E-02  9.6038E-02
  5.9574E-02  1.7751E-02  5.8777E-02  9.7404E-02
  6.0428E-02  2.2738E-02  5.9618E-02  9.8789E-02
  6.1293E-02  2.7779E-02  6.0470E-02  1.0019E-01
  6.2171E-02  3.2873E-02  6.1335E-02  1.0162E-01
  6.3062E-02  3.8016E-02  6.2212E-02  1.0306E-01
  6.3965E-02  4.3205E-02  6.3101E-02  1.0453E-01
  6.4881E-02  4.8437E-02  6.4003E-02  1.0601E-01
  6.5809E-02  5.3709E-02  6.4918E-02  1.0751E-01
  6.6752E-02  5.9017E-02  6.5846E-02  1.0904E-01
  6.7707E-02  6.4357E-02  6.6787E-02  1.1059E-01
  6.8676E-02  6.9726E-02  6.7741E-02  1.1215E-01
  6.9659E-02  7.5119E-02  6.8709E-02  1.1374E-01
  7.0656E-02  8.0533E-02  6.9690E-02  1.1536E-01
  7.1667E-02  8.5963E-02  7.0685E-02  1.1699E-01
  7.2693E-02  9.1405E-02  7.1694E-02  1.1865E-01
  7.3733E-02  9.6854E-02  7.2718E-02  1.2033E-01
  7.4788E-02  1.0230E-01  7.3756E-02  1.2203E-01
  7.5858E-02  1.0775E-01  7.4809E-02  1.2375E-01
  7.6943E-02  1.1319E-01  7.5876E-02  1.2550E-01
  7.8043E-02  1.1862E-01  7.6959E-02  1.2728E-01
  7.9160E-02  1.2403E-01  7.8057E-02  1.2907E-01
  8.0292E-02  1.2942E-01  7.9170E-02  1.3090E-01
  8.1440E-02  1.3477E-01  8.0299E-02  1.3274E-01
  8.2604E-02  1.4009E-01  8.1444E-02  1.3462E-01
  8.3785E-02  1.4537E-01  8.2605E-02  1.3651E-01
  8.4983E-02  1.5060E-01  8.3783E-02  1.3844E-01
  8.6198E-02  1.5577E-01  8.4977E-02  1.4039E-01
  8.7430E-02  1.6088E-01  8.6188E-02  1.4236E-01
  8.8680E-02  1.6593E-01  8.7416E-02  1.4437E-01
  8.9948E-02  1.7090E-01  8.8661E-02  1.4640E-01
  9.1233E-02  1.7579E-01  8.9924E-02  1.4845E-01
  9.2537E-02  1.8060E-01  9.1205E-02  1.5054E-01
  9.3860E-02  1.8530E-01  9.2504E-02  1.5265E-01
  9.5201E-02  1.8991E-01  9.3821E-02  1.5479E-01
  9.6561E-02  1.9440E-01  9.5156E-02  1.5696E-01
  9.7941E-02  1.9878E-01  9.6510E-02  1.5916E-01
  9.9340E-02  2.0304E-01  9.7884E-02  1.6139E-01
  1.0076E-01  2.0716E-01  9.9276E-02  1.6365E-01
  1.0220E-01  2.1114E-01  1.0069E-01  1.6594E-01
  1.0366E-01  2.1497E-01  1.0212E-01  1.6826E-01
  1.0514E-01  2.1865E-01  1.0357E-01  1.7061E-01
  1.0664E-01  2.2216E-01  1.0504E-01  1.7299E-01
  1.0816E-01  2.2551E-01  1.0654E-01  1.7541E-01
  1.0971E-01  2.2867E-01  1.0805E-01  1.7785E-01
  1.1128E-01  2.3165E-01  1.0959E-01  1.8033E-01
  1.1286E-01  2.3444E-01  1.1114E-01  1.8284E-01
  1.1448E-01  2.3702E-01  1.1272E-01  1.8538E-01
  1.1611E-01  2.3939E-01  1.1432E-01  1.8796E-01
  1.1777E-01  2.4155E-01  1.1595E-01  1.9056E-01
  1.1945E-01  2.4347E-01  1.1759E-01  1.9321E-01
  1.2115E-01  2.4517E-01  1.1926E-01  1.9588E-01
  1.2288E-01  2.4663E-01  1.2095E-01  1.9860E-01
  1.2464E-01  2.4784E-01  1.2267E-01  2.0134E-01
  1.2642E-01  2.4879E-01  1.2441E-01  2.0413E-01
  1.2822E-01  2.4949E-01  1.2617E-01  2.0694E-01
  1.3005E-01  2.4991E-01  1.2796E-01  2.0980E-01
  1.3191E-01  2.5006E-01  1.2977E-01  2.1269E-01
  1.3379E-01  2.4993E-01  1.3161E-01  2.1561E-01
  1.3570E-01  2.4951E-01  1.3348E-01  2.1858E-01
  1.3764E-01  2.4880E-01  1.3537E-01  2.2158E-01
  1.3960E-01  2.4779E-01  1.3728E-01  2.2462E-01
  1.4159E-01  2.4647E-01  1.3923E-01  2.2769E-01
  1.4361E-01  2.4485E-01  1.4120E-01  2.3081E-01
  1.4566E-01  2.4291E-01  1.4319E-01  2.3396E-01
  1.4774E-01  2.4065E-01  1.4522E-01  2.3716E-01
  1.4985E-01  2.3807E-01  1.4727E-01  2.4039E-01
  1.5199E-01  2.3516E-01  1.4935E-01  2.4366E-01
  1.5415E-01  2.3192E-01  1.5146E-01  2.4697E-01
  1.5635E-01  2.2834E-01  1.5360E-01  2.5032E-01
  1.5858E-01  2.2443E-01  1.5577E-01  2.5371E-01
  1.6084E-01  2.2019E-01  1.5797E-01  2.5714E-01
  1.6314E-01  2.1560E-01  1.6020E-01  2.6061E-01
  1.6547E-01  2.1068E-01  1.6245E-01  2.6413E-01
  1.6783E-01  2.0541E-01  1.6474E-01  2.6768E-01
  1.7022E-01  1.9981E-01  1.6707E-01  2.7128E-01
  1.7265E-01  1.9386E-01  1.6942E-01  2.7492E-01
  1.7511E-01  1.8757E-01  1.7181E-01  2.7860E-01
  1.7761E-01  1.8095E-01  1.7422E-01  2.8232E-01
  1.8014E-01  1.7399E-01  1.7668E-01  2.8608E-01
  1.8271E-01  1.6670E-01  1.7916E-01  2.8989E-01
  1.8531E-01  1.5908E-01  1.8168E-01  2.9374E-01
  1.8795E-01  1.5114E-01  1.8423E-01  2.9763E-01
  1.9063E-01  1.4288E-01  1.8682E-01  3.0156E-01
  1.9335E-01  1.3430E-01  1.8944E-01  3.0554E-01
  1.9611E-01  1.2541E-01  1.9210E-01  3.0956E-01
  1.9891E-01  1.1623E-01  1.9480E-01  3.1362E-01
  2.0174E-01  1.0675E-01  1.9753E-01  3.1773E-01
  2.0462E-01  9.6985E-02  2.0029E-01  3.2188E-01
  2.0753E-01  8.6944E-02  2.0310E-01  3.2607E-01
  2.1049E-01  7.6637E-02  2.0594E-01  3.3031E-01
  2.1349E-01  6.6072E-02  2.0882E-01  3.3458E-01
  2.1654E-01  5.5262E-02  2.1174E-01  3.3890E-01
  2.1962E-01  4.4219E-02  2.1470E-01  3.4327E-01
  2.2275E-01  3.2954E-02  2.1770E-01  3.4767E-01
  2.2593E-01  2.1481E-02  2.2073E-01  3.5212E-01
  2.2915E-01  9.8130E-03  2.2381E-01  3.5661E-01
  2.3241E-01 -2.0349E-03  2.2693E-01  3.6114E-01
  2.3573E-01 -1.4048E-02  2.3009E-01  3.6571E-01
  2.3909E-01 -2.6210E-02  2.3329E-01  3.7032E-01
  2.4249E-01 -3.8505E-02  2.3654E-01  3.7498E-01
  2.4595E-01 -5.0916E-02  2.3982E-01  3.7967E-01
  2.4945E-01 -6.3425E-02  2.4315E-01  3.8440E-01
  2.5301E-01 -7.6014E-02  2.4653E-01  3.8918E-01
  2.5661E-01 -8.8664E-02  2.4995E-01  3.9399E-01
  2.6027E-01 -1.0136E-01  2.5341E-01  3.9883E-01
  2.6398E-01 -1.1407E-01  2.5691E-01  4.0372E-01
  2.6774E-01 -1.2679E-01  2.6047E-01  4.0864E-01
  2.7156E-01 -1.3949E-01  2.6406E-01  4.1360E-01
  2.7542E-01 -1.5215E-01  2.6771E-01  4.1859E-01
  2.7935E-01 -1.6475E-01  2.7140E-01  4.2361E-01
  2.8333E-01 -1.7726E-01  2.7514E-01  4.2867E-01
  2.8737E-01 -1.8967E-01  2.7892E-01  4.3376E-01
  2.9146E-01 -2.0196E-01  2.8276E-01  4.3888E-01
  2.9561E-01 -2.1409E-01  2.8664E-01  4.4403E-01
  2.9982E-01 -2.2605E-01  2.9057E-01  4.4921E-01
  3.0410E-01 -2.3782E-01  2.9455E-01  4.5441E-01
  3.0843E-01 -2.4936E-01  2.9858E-01  4.5964E-01
  3.1282E-01 -2.6066E-01  3.0266E-01  4.6489E-01
  3.1728E-01 -2.7170E-01  3.0679E-01  4.7016E-01
  3.2180E-01 -2.8245E-01  3.1097E-01  4.7546E-01
  3.2638E-01 -2.9289E-01  3.1521E-01  4.8077E-01
  3.3103E-01 -3.0299E-01  3.1949E-01  4.8610E-01
  3.3575E-01 -3.1273E-01  3.2383E-01  4.9144E-01
  3.4053E-01 -3.2210E-01  3.2822E-01  4.9679E-01
  3.4538E-01 -3.3105E-01  3.3266E-01  5.0215E-01
  3.5030E-01 -3.3959E-01  3.3715E-01  5.0752E-01
  3.5529E-01 -3.4767E-01  3.4170E-01  5.1290E-01
  3.6035E-01 -3.5529E-01  3.4630E-01  5.1828E-01
  3.6548E-01 -3.6242E-01  3.5096E-01  5.2365E-01
  3.7069E-01 -3.6904E-01  3.5567E-01  5.2902E-01
  3.7597E-01 -3.7513E-01  3.6043E-01  5.3439E-01
  3.8132E-01 -3.8067E-01  3.6525E-01  5.3975E-01
  3.8675E-01 -3.8564E-01  3.7013E-01  5.4509E-01
  3.9226E-01 -3.9004E-01  3.7505E-01  5.5042E-01
  3.9785E-01 -3.9383E-01  3.8004E-01  5.5572E-01
  4.0351E-01 -3.9701E-01  3.8508E-01  5.6100E-01
  4.0926E-01 -3.9955E-01  3.9017E-01  5.6626E-01
  4.1509E-01 -4.0146E-01  3.9532E-01  5.7148E-01
  4.2100E-01 -4.0271E-01  4.0053E-01  5.7667E-01
  4.2699E-01 -4.0328E-01  4.0579E-01  5.8181E-01
  4.3307E-01 -4.0318E-01  4.1111E-01  5.8691E-01
  4.3924E-01 -4.0239E-01  4.1648E-01  5.9196E-01
  4.4550E-01 -4.0091E-01  4.2191E-01  5.9696E-01
  4.5184E-01 -3.9872E-01  4.2739E-01  6.0189E-01
  4.5827E-01 -3.9582E-01  4.3293E-01  6.0676E-01
  4.6480E-01 -3.9221E-01  4.3853E-01  6.1156E-01
  4.7142E-01 -3.8787E-01  4.4418E-01  6.1628E-01
  4.7813E-01 -3.8282E-01  4.4988E-01  6.2092E-01
  4.8494E-01 -3.7705E-01  4.5564E-01  6.2547E-01
  4.9184E-01 -3.7055E-01  4.6145E-01  6.2992E-01
  4.9885E-01 -3.6334E-01  4.6731E-01  6.3428E-01
  5.0595E-01 -3.5541E-01  4.7323E-01  6.3852E-01
  5.1315E-01 -3.4676E-01  4.7920E-01  6.4266E-01
  5.2046E-01 -3.3741E-01  4.8522E-01  6.4667E-01
  5.2787E-01 -3.2736E-01  4.9129E-01  6.5055E-01
  5.3539E-01 -3.1662E-01  4.9742E-01  6.5429E-01
  5.4301E-01 -3.0520E-01  5.0359E-01  6.5789E-01
  5.5074E-01 -2.9310E-01  5.0981E-01  6.6134E-01
  5.5858E-01 -2.8034E-01  5.1608E-01  6.6463E-01
  5.6653E-01 -2.6694E-01  5.2239E-01  6.6775E-01
  5.7460E-01 -2.5291E-01  5.2875E-01  6.7070E-01
  5.8278E-01 -2.3825E-01  5.3515E-01  6.7346E-01
  5.9108E-01 -2.2300E-01  5.4160E-01  6.7602E-01
  5.9949E-01 -2.0716E-01  5.4808E-01  6.7839E-01
  6.0803E-01 -1.9076E-01  5.5461E-01  6.8055E-01
  6.1668E-01 -1.7382E-01  5.6117E-01  6.8248E-01
  6.2546E-01 -1.5635E-01  5.6777E-01  6.8419E-01
  6.3437E-01 -1.3838E-01  5.7441E-01  6.8566E-01
  6.4340E-01 -1.1994E-01  5.8107E-01  6.8688E-01
  6.5256E-01 -1.0104E-01  5.8777E-01  6.8785E-01
  6.6184E-01 -8.1704E-02  5.9449E-01  6.8855E-01
  6.7127E-01 -6.1967E-02  6.0124E-01  6.8897E-01
  6.8082E-01 -4.1851E-02  6.0801E-01  6.8912E-01
  6.9051E-01 -2.1382E-02  6.1480E-01  6.8896E-01
  7.0034E-01 -5.8935E-04  6.2161E-01  6.8851E-01
  7.1031E-01  2.0500E-02  6.2844E-01  6.8775E-01
  7.2042E-01  4.1858E-02  6.3527E-01  6.8666E-01
  7.3068E-01  6.3454E-02  6.4211E-01  6.8525E-01
  7.4108E-01  8.5260E-02  6.4895E-01  6.8350E-01
  7.5163E-01  1.0725E-01  6.5580E-01  6.8140E-01
  7.6233E-01  1.2938E-01  6.6264E-01  6.7895E-01
  7.7318E-01  1.5163E-01  6.6947E-01  6.7614E-01
  7.8419E-01  1.7397E-01  6.7629E-01  6.7296E-01
  7.9535E-01  1.9637E-01  6.8309E-01  6.6940E-01
  8.0667E-01  2.1879E-01  6.8987E-01  6.6546E-01
  8.1815E-01  2.4121E-01  6.9663E-01  6.6114E-01
  8.2980E-01  2.6359E-01  7.0335E-01  6.5642E-01
  8.4161E-01  2.8591E-01  7.1004E-01  6.5130E-01
  8.5359E-01  3.0812E-01  7.1668E-01  6.4579E-01
  8.6574E-01  3.3021E-01  7.2327E-01  6.3986E-01
  8.7806E-01  3.5214E-01  7.2981E-01  6.3353E-01
  8.9056E-01  3.7388E-01  7.3629E-01  6.2680E-01
  9.0323E-01  3.9540E-01  7.4270E-01  6.1965E-01
  9.1609E-01  4.1667E-01  7.4903E-01  6.1209E-01
  9.2913E-01  4.3767E-01  7.5528E-01  6.0413E-01
  9.4235E-01  4.5836E-01  7.6145E-01  5.9576E-01
  9.5576E-01  4.7872E-01  7.6751E-01  5.8699E-01
  9.6937E-01  4.9872E-01  7.7347E-01  5.7782E-01
  9.8316E-01  5.1833E-01  7.7932E-01  5.6827E-01
  9.9716E-01  5.3753E-01  7.8505E-01  5.5833E-01
  1.0113E+00  5.5630E-01  7.9064E-01  5.4801E-01
  1.0257E+00  5.7461E-01  7.9610E-01  5.3733E-01
  1.0403E+00  5.9243E-01  8.0141E-01  5.2630E-01
  1.0551E+00  6.0976E-01  8.0656E-01  5.1493E-01
  1.0702E+00  6.2655E-01  8.1154E-01  5.0324E-01
  1.0854E+00  6.4280E-01  8.1635E-01  4.9123E-01
  1.1008E+00  6.5849E-01  8.2097E-01  4.7893E-01
  1.1165E+00  6.7360E-01  8.2539E-01  4.6635E-01
  1.1324E+00  6.8811E-01  8.2960E-01  4.5352E-01
  1.1485E+00  7.0200E-01  8.3359E-01  4.4046E-01
  1.1649E+00  7.1527E-01  8.3735E-01  4.2718E-01
  1.1814E+00  7.2790E-01  8.4088E-01  4.1371E-01
  1.1983E+00  7.3987E-01  8.4415E-01  4.0008E-01
  1.2153E+00  7.5117E-01  8.4716E-01  3.8630E-01
  1.2326E+00  7.6181E-01  8.4989E-01  3.7241E-01
  1.2501E+00  7.7175E-01  8.5234E-01  3.5842E-01
  1.2679E+00  7.8101E-01  8.5450E-01  3.4437E-01
  1.2860E+00  7.8956E-01  8.5634E-01  3.3028E-01
  1.3043E+00  7.9741E-01  8.5787E-01  3.1618E-01
  1.3228E+00  8.0454E-01  8.5907E-01  3.0209E-01
  1.3417E+00  8.1096E-01  8.5993E-01  2.8804E-01
  1.3608E+00  8.1665E-01  8.6044E-01  2.7404E-01
  1.3801E+00  8.2163E-01  8.6059E-01  2.6013E-01
  1.3998E+00  8.2588E-01  8.6037E-01  2.4632E-01
  1.4197E+00  8.2940E-01  8.5977E-01  2.3264E-01
  1.4399E+00  8.3220E-01  8.5877E-01  2.1909E-01
  1.4604E+00  8.3428E-01  8.5738E-01  2.0571E-01
  1.4812E+00  8.3564E-01  8.5558E-01  1.9250E-01
  1.5022E+00  8.3628E-01  8.5336E-01  1.7948E-01
  1.5236E+00  8.3622E-01  8.5073E-01  1.6667E-01
  1.5453E+00  8.3545E-01  8.4766E-01  1.5406E-01
  1.5673E+00  8.3399E-01  8.4416E-01  1.4167E-01
  1.5896E+00  8.3185E-01  8.4021E-01  1.2952E-01
  1.6122E+00  8.2903E-01  8.3582E-01  1.1761E-01
  1.6352E+00  8.2555E-01  8.3098E-01  1.0595E-01
  1.6584E+00  8.2142E-01  8.2569E-01  9.4573E-02
  1.6820E+00  8.1665E-01  8.1994E-01  8.3488E-02
  1.7060E+00  8.1127E-01  8.1373E-01  7.2723E-02
  1.7302E+00  8.0528E-01  8.0707E-01  6.2313E-02
  1.7549E+00  7.9870E-01  7.9995E-01  5.2303E-02
  1.7798E+00  7.9155E-01  7.9238E-01  4.2746E-02
  1.8052E+00  7.8384E-01  7.8436E-01  3.3710E-02
  1.8308E+00  7.7561E-01  7.7589E-01  2.5276E-02
  1.8569E+00  7.6686E-01  7.6698E-01  1.7537E-02
  1.8833E+00  7.5762E-01  7.5764E-01  1.0599E-02
  1.9101E+00  7.4791E-01  7.4787E-01  4.5782E-03
  1.9373E+00  7.3775E-01  7.3768E-01 -4.0693E-04
  1.9649E+00  7.2716E-01  7.2709E-01 -4.2438E-03
  1.9928E+00  7.1618E-01  7.1611E-01 -6.8406E-03
  2.0212E+00  7.0481E-01  7.0476E-01 -8.1477E-03
  2.0499E+00  6.9308E-01  6.9305E-01 -8.1885E-03
  2.0791E+00  6.8103E-01  6.8101E-01 -7.1018E-03
  2.1087E+00  6.6866E-01  6.6866E-01 -5.3593E-03
  2.1387E+00  6.5601E-01  6.5601E-01 -3.4929E-03
  2.1691E+00  6.4311E-01  6.4311E-01 -1.1933E-03
  2.2000E+00  6.2996E-01  6.2996E-01  0.0000E+00
  2.2313E+00  6.1661E-01  6.1661E-01  0.0000E+00
  2.2631E+00  6.0306E-01  6.0306E-01  0.0000E+00
  2.2953E+00  5.8936E-01  5.8936E-01  0.0000E+00
  2.3279E+00  5.7551E-01  5.7551E-01  0.0000E+00
  2.3610E+00  5.6155E-01  5.6155E-01  0.0000E+00
  2.3946E+00  5.4750E-01  5.4750E-01  0.0000E+00
  2.4287E+00  5.3338E-01  5.3338E-01  0.0000E+00
  2.4633E+00  5.1921E-01  5.1921E-01  0.0000E+00
  2.4983E+00  5.0501E-01  5.0501E-01  0.0000E+00
  2.5339E+00  4.9081E-01  4.9081E-01  0.0000E+00
  2.5699E+00  4.7662E-01  4.7662E-01  0.0000E+00
  2.6065E+00  4.6248E-01  4.6248E-01  0.0000E+00
  2.6436E+00  4.4839E-01  4.4839E-01  0.0000E+00
  2.6812E+00  4.3437E-01  4.3437E-01  0.0000E+00
  2.7193E+00  4.2045E-01  4.2045E-01  0.0000E+00
  2.7580E+00  4.0664E-01  4.0664E-01  0.0000E+00
  2.7973E+00  3.9296E-01  3.9296E-01  0.0000E+00
  2.8371E+00  3.7943E-01  3.7943E-01  0.0000E+00
  2.8774E+00  3.6605E-01  3.6605E-01  0.0000E+00
  2.9184E+00  3.5285E-01  3.5285E-01  0.0000E+00
  2.9599E+00  3.3984E-01  3.3984E-01  0.0000E+00
  3.0020E+00  3.2703E-01  3.2703E-01  0.0000E+00
  3.0447E+00  3.1443E-01  3.1443E-01  0.0000E+00
  3.0881E+00  3.0206E-01  3.0206E-01  0.0000E+00
  3.1320E+00  2.8993E-01  2.8993E-01  0.0000E+00
  3.1766E+00  2.7804E-01  2.7804E-01  0.0000E+00
  3.2218E+00  2.6640E-01  2.6640E-01  0.0000E+00
  3.2676E+00  2.5503E-01  2.5503E-01  0.0000E+00
  3.3141E+00  2.4392E-01  2.4392E-01  0.0000E+00
  3.3613E+00  2.3309E-01  2.3309E-01  0.0000E+00
  3.4091E+00  2.2254E-01  2.2254E-01  0.0000E+00
  3.4576E+00  2.1228E-01  2.1228E-01  0.0000E+00
  3.5068E+00  2.0231E-01  2.0231E-01  0.0000E+00
  3.5567E+00  1.9262E-01  1.9262E-01  0.0000E+00
  3.6073E+00  1.8323E-01  1.8323E-01  0.0000E+00
  3.6586E+00  1.7414E-01  1.7414E-01  0.0000E+00
  3.7107E+00  1.6534E-01  1.6534E-01  0.0000E+00
  3.7635E+00  1.5684E-01  1.5684E-01  0.0000E+00
  3.8170E+00  1.4863E-01  1.4863E-01  0.0000E+00
  3.8713E+00  1.4072E-01  1.4072E-01  0.0000E+00
  3.9264E+00  1.3310E-01  1.3310E-01  0.0000E+00
  3.9823E+00  1.2576E-01  1.2576E-01  0.0000E+00
  4.0389E+00  1.1872E-01  1.1872E-01  0.0000E+00
  4.0964E+00  1.1196E-01  1.1196E-01  0.0000E+00
  4.1547E+00  1.0547E-01  1.0547E-01  0.0000E+00
  4.2138E+00  9.9261E-02  9.9261E-02  0.0000E+00
  4.2737E+00  9.3321E-02  9.3321E-02  0.0000E+00
  4.3345E+00  8.7645E-02  8.7645E-02  0.0000E+00
  4.3962E+00  8.2227E-02  8.2227E-02  0.0000E+00
  4.4588E+00  7.7062E-02  7.7062E-02  0.0000E+00
