 # l=           3 basis function with energy     2.0000000000000000     
  0.0000E+00 -0.0000E+00  0.0000E+00 -0.0000E+00
  1.1384E-06 -1.2040E-19  4.3848E-25  7.2941E-24
  2.2870E-06 -1.4523E-18  7.1420E-24  1.1885E-22
  3.4458E-06 -6.2742E-18  3.6809E-23  6.1252E-22
  4.6150E-06 -1.7803E-17  1.1844E-22  1.9709E-21
  5.7947E-06 -4.0126E-17  2.9438E-22  4.8988E-21
  6.9849E-06 -7.8177E-17  6.2149E-22  1.0342E-20
  8.1858E-06 -1.3774E-16  1.1723E-21  1.9507E-20
  9.3975E-06 -2.2548E-16  2.0362E-21  3.3884E-20
  1.0620E-05 -3.4895E-16  3.3210E-21  5.5263E-20
  1.1853E-05 -5.1660E-16  5.1540E-21  8.5764E-20
  1.3098E-05 -7.3788E-16  7.6837E-21  1.2786E-19
  1.4353E-05 -1.0232E-15  1.1081E-20  1.8440E-19
  1.5620E-05 -1.3840E-15  1.5542E-20  2.5864E-19
  1.6898E-05 -1.8329E-15  2.1289E-20  3.5426E-19
  1.8188E-05 -2.3836E-15  2.8570E-20  4.7542E-19
  1.9489E-05 -3.0508E-15  3.7665E-20  6.2676E-19
  2.0802E-05 -3.8508E-15  4.8885E-20  8.1348E-19
  2.2126E-05 -4.8008E-15  6.2576E-20  1.0413E-18
  2.3463E-05 -5.9197E-15  7.9119E-20  1.3166E-18
  2.4811E-05 -7.2277E-15  9.8935E-20  1.6463E-18
  2.6171E-05 -8.7464E-15  1.2248E-19  2.0382E-18
  2.7544E-05 -1.0499E-14  1.5027E-19  2.5006E-18
  2.8929E-05 -1.2511E-14  1.8285E-19  3.0427E-18
  3.0326E-05 -1.4808E-14  2.2082E-19  3.6745E-18
  3.1735E-05 -1.7418E-14  2.6483E-19  4.4069E-18
  3.3158E-05 -2.0373E-14  3.1559E-19  5.2516E-18
  3.4593E-05 -2.3704E-14  3.7387E-19  6.2215E-18
  3.6041E-05 -2.7446E-14  4.4051E-19  7.3303E-18
  3.7502E-05 -3.1635E-14  5.1639E-19  8.5931E-18
  3.8975E-05 -3.6309E-14  6.0248E-19  1.0026E-17
  4.0463E-05 -4.1510E-14  6.9983E-19  1.1646E-17
  4.1963E-05 -4.7281E-14  8.0955E-19  1.3471E-17
  4.3477E-05 -5.3668E-14  9.3285E-19  1.5523E-17
  4.5004E-05 -6.0721E-14  1.0710E-18  1.7822E-17
  4.6545E-05 -6.8490E-14  1.2254E-18  2.0391E-17
  4.8100E-05 -7.7030E-14  1.3975E-18  2.3256E-17
  4.9669E-05 -8.6398E-14  1.5890E-18  2.6441E-17
  5.1251E-05 -9.6657E-14  1.8014E-18  2.9976E-17
  5.2848E-05 -1.0787E-13  2.0366E-18  3.3890E-17
  5.4460E-05 -1.2010E-13  2.2966E-18  3.8216E-17
  5.6085E-05 -1.3343E-13  2.5833E-18  4.2988E-17
  5.7725E-05 -1.4792E-13  2.8990E-18  4.8241E-17
  5.9380E-05 -1.6366E-13  3.2460E-18  5.4015E-17
  6.1050E-05 -1.8073E-13  3.6268E-18  6.0352E-17
  6.2734E-05 -1.9922E-13  4.0439E-18  6.7294E-17
  6.4434E-05 -2.1922E-13  4.5003E-18  7.4888E-17
  6.6149E-05 -2.4083E-13  4.9989E-18  8.3184E-17
  6.7879E-05 -2.6415E-13  5.5428E-18  9.2235E-17
  6.9625E-05 -2.8928E-13  6.1353E-18  1.0210E-16
  7.1386E-05 -3.1634E-13  6.7801E-18  1.1283E-16
  7.3163E-05 -3.4545E-13  7.4809E-18  1.2449E-16
  7.4956E-05 -3.7673E-13  8.2416E-18  1.3714E-16
  7.6765E-05 -4.1030E-13  9.0665E-18  1.5087E-16
  7.8590E-05 -4.4632E-13  9.9600E-18  1.6574E-16
  8.0432E-05 -4.8491E-13  1.0927E-17  1.8183E-16
  8.2290E-05 -5.2624E-13  1.1972E-17  1.9922E-16
  8.4165E-05 -5.7045E-13  1.3101E-17  2.1800E-16
  8.6056E-05 -6.1771E-13  1.4319E-17  2.3827E-16
  8.7964E-05 -6.6820E-13  1.5632E-17  2.6012E-16
  8.9890E-05 -7.2208E-13  1.7046E-17  2.8365E-16
  9.1832E-05 -7.7957E-13  1.8568E-17  3.0898E-16
  9.3792E-05 -8.4084E-13  2.0204E-17  3.3621E-16
  9.5770E-05 -9.0611E-13  2.1963E-17  3.6548E-16
  9.7765E-05 -9.7559E-13  2.3851E-17  3.9690E-16
  9.9778E-05 -1.0495E-12  2.5877E-17  4.3061E-16
  1.0181E-04 -1.1281E-12  2.8050E-17  4.6676E-16
  1.0386E-04 -1.2116E-12  3.0377E-17  5.0549E-16
  1.0593E-04 -1.3003E-12  3.2869E-17  5.4696E-16
  1.0801E-04 -1.3945E-12  3.5536E-17  5.9134E-16
  1.1012E-04 -1.4944E-12  3.8388E-17  6.3880E-16
  1.1224E-04 -1.6003E-12  4.1436E-17  6.8951E-16
  1.1438E-04 -1.7126E-12  4.4691E-17  7.4369E-16
  1.1654E-04 -1.8315E-12  4.8167E-17  8.0153E-16
  1.1873E-04 -1.9574E-12  5.1875E-17  8.6323E-16
  1.2093E-04 -2.0907E-12  5.5829E-17  9.2903E-16
  1.2315E-04 -2.2317E-12  6.0044E-17  9.9917E-16
  1.2539E-04 -2.3807E-12  6.4534E-17  1.0739E-15
  1.2765E-04 -2.5383E-12  6.9314E-17  1.1534E-15
  1.2993E-04 -2.7048E-12  7.4401E-17  1.2381E-15
  1.3223E-04 -2.8806E-12  7.9813E-17  1.3281E-15
  1.3455E-04 -3.0663E-12  8.5567E-17  1.4239E-15
  1.3689E-04 -3.2622E-12  9.1683E-17  1.5257E-15
  1.3925E-04 -3.4688E-12  9.8179E-17  1.6338E-15
  1.4164E-04 -3.6867E-12  1.0508E-16  1.7486E-15
  1.4404E-04 -3.9165E-12  1.1240E-16  1.8704E-15
  1.4647E-04 -4.1586E-12  1.2017E-16  1.9997E-15
  1.4892E-04 -4.4137E-12  1.2841E-16  2.1368E-15
  1.5139E-04 -4.6823E-12  1.3715E-16  2.2822E-15
  1.5388E-04 -4.9651E-12  1.4640E-16  2.4363E-15
  1.5640E-04 -5.2627E-12  1.5621E-16  2.5995E-15
  1.5894E-04 -5.5759E-12  1.6660E-16  2.7723E-15
  1.6150E-04 -5.9053E-12  1.7760E-16  2.9554E-15
  1.6408E-04 -6.2517E-12  1.8924E-16  3.1490E-15
  1.6669E-04 -6.6159E-12  2.0155E-16  3.3539E-15
  1.6932E-04 -6.9986E-12  2.1457E-16  3.5706E-15
  1.7197E-04 -7.4007E-12  2.2834E-16  3.7998E-15
  1.7465E-04 -7.8231E-12  2.4290E-16  4.0419E-15
  1.7735E-04 -8.2667E-12  2.5827E-16  4.2978E-15
  1.8007E-04 -8.7324E-12  2.7452E-16  4.5682E-15
  1.8282E-04 -9.2213E-12  2.9167E-16  4.8536E-15
  1.8560E-04 -9.7342E-12  3.0978E-16  5.1550E-15
  1.8840E-04 -1.0272E-11  3.2890E-16  5.4730E-15
  1.9122E-04 -1.0837E-11  3.4906E-16  5.8086E-15
  1.9407E-04 -1.1429E-11  3.7034E-16  6.1626E-15
  1.9694E-04 -1.2049E-11  3.9277E-16  6.5360E-15
  1.9984E-04 -1.2700E-11  4.1643E-16  6.9296E-15
  2.0277E-04 -1.3382E-11  4.4136E-16  7.3444E-15
  2.0572E-04 -1.4096E-11  4.6763E-16  7.7817E-15
  2.0870E-04 -1.4844E-11  4.9531E-16  8.2423E-15
  2.1171E-04 -1.5628E-11  5.2446E-16  8.7274E-15
  2.1474E-04 -1.6449E-11  5.5517E-16  9.2383E-15
  2.1780E-04 -1.7308E-11  5.8749E-16  9.7762E-15
  2.2089E-04 -1.8207E-11  6.2151E-16  1.0342E-14
  2.2400E-04 -1.9148E-11  6.5731E-16  1.0938E-14
  2.2714E-04 -2.0133E-11  6.9498E-16  1.1565E-14
  2.3031E-04 -2.1163E-11  7.3461E-16  1.2224E-14
  2.3351E-04 -2.2241E-11  7.7628E-16  1.2918E-14
  2.3674E-04 -2.3368E-11  8.2009E-16  1.3647E-14
  2.4000E-04 -2.4546E-11  8.6616E-16  1.4413E-14
  2.4328E-04 -2.5778E-11  9.1457E-16  1.5219E-14
  2.4660E-04 -2.7066E-11  9.6545E-16  1.6066E-14
  2.4994E-04 -2.8412E-11  1.0189E-15  1.6955E-14
  2.5332E-04 -2.9819E-11  1.0750E-15  1.7889E-14
  2.5672E-04 -3.1289E-11  1.1340E-15  1.8871E-14
  2.6016E-04 -3.2824E-11  1.1959E-15  1.9901E-14
  2.6362E-04 -3.4428E-11  1.2610E-15  2.0983E-14
  2.6712E-04 -3.6102E-11  1.3292E-15  2.2119E-14
  2.7065E-04 -3.7851E-11  1.4008E-15  2.3311E-14
  2.7421E-04 -3.9677E-11  1.4760E-15  2.4562E-14
  2.7780E-04 -4.1583E-11  1.5549E-15  2.5874E-14
  2.8142E-04 -4.3573E-11  1.6376E-15  2.7251E-14
  2.8508E-04 -4.5650E-11  1.7244E-15  2.8695E-14
  2.8877E-04 -4.7817E-11  1.8154E-15  3.0209E-14
  2.9249E-04 -5.0078E-11  1.9108E-15  3.1797E-14
  2.9624E-04 -5.2436E-11  2.0108E-15  3.3462E-14
  3.0003E-04 -5.4897E-11  2.1157E-15  3.5207E-14
  3.0386E-04 -5.7463E-11  2.2256E-15  3.7035E-14
  3.0771E-04 -6.0140E-11  2.3408E-15  3.8952E-14
  3.1160E-04 -6.2931E-11  2.4614E-15  4.0960E-14
  3.1553E-04 -6.5841E-11  2.5879E-15  4.3064E-14
  3.1949E-04 -6.8874E-11  2.7203E-15  4.5267E-14
  3.2349E-04 -7.2037E-11  2.8590E-15  4.7575E-14
  3.2752E-04 -7.5333E-11  3.0042E-15  4.9992E-14
  3.3159E-04 -7.8768E-11  3.1563E-15  5.2523E-14
  3.3569E-04 -8.2348E-11  3.3156E-15  5.5173E-14
  3.3984E-04 -8.6078E-11  3.4822E-15  5.7946E-14
  3.4401E-04 -8.9964E-11  3.6567E-15  6.0850E-14
  3.4823E-04 -9.4013E-11  3.8393E-15  6.3888E-14
  3.5248E-04 -9.8230E-11  4.0303E-15  6.7067E-14
  3.5678E-04 -1.0262E-10  4.2303E-15  7.0394E-14
  3.6111E-04 -1.0720E-10  4.4394E-15  7.3874E-14
  3.6548E-04 -1.1196E-10  4.6582E-15  7.7515E-14
  3.6988E-04 -1.1692E-10  4.8870E-15  8.1323E-14
  3.7433E-04 -1.2209E-10  5.1264E-15  8.5306E-14
  3.7882E-04 -1.2746E-10  5.3766E-15  8.9470E-14
  3.8335E-04 -1.3306E-10  5.6383E-15  9.3825E-14
  3.8792E-04 -1.3889E-10  5.9119E-15  9.8378E-14
  3.9252E-04 -1.4495E-10  6.1979E-15  1.0314E-13
  3.9717E-04 -1.5127E-10  6.4969E-15  1.0811E-13
  4.0187E-04 -1.5783E-10  6.8093E-15  1.1331E-13
  4.0660E-04 -1.6467E-10  7.1359E-15  1.1875E-13
  4.1138E-04 -1.7178E-10  7.4771E-15  1.2442E-13
  4.1619E-04 -1.7918E-10  7.8337E-15  1.3036E-13
  4.2106E-04 -1.8687E-10  8.2062E-15  1.3656E-13
  4.2596E-04 -1.9488E-10  8.5954E-15  1.4303E-13
  4.3091E-04 -2.0321E-10  9.0019E-15  1.4980E-13
  4.3591E-04 -2.1187E-10  9.4265E-15  1.5686E-13
  4.4094E-04 -2.2088E-10  9.8699E-15  1.6424E-13
  4.4603E-04 -2.3025E-10  1.0333E-14  1.7195E-13
  4.5116E-04 -2.3999E-10  1.0816E-14  1.7999E-13
  4.5633E-04 -2.5012E-10  1.1321E-14  1.8839E-13
  4.6155E-04 -2.6065E-10  1.1848E-14  1.9717E-13
  4.6682E-04 -2.7160E-10  1.2399E-14  2.0632E-13
  4.7213E-04 -2.8298E-10  1.2973E-14  2.1588E-13
  4.7750E-04 -2.9481E-10  1.3573E-14  2.2586E-13
  4.8291E-04 -3.0711E-10  1.4198E-14  2.3627E-13
  4.8837E-04 -3.1990E-10  1.4851E-14  2.4713E-13
  4.9387E-04 -3.3318E-10  1.5533E-14  2.5847E-13
  4.9943E-04 -3.4699E-10  1.6244E-14  2.7030E-13
  5.0504E-04 -3.6134E-10  1.6985E-14  2.8265E-13
  5.1069E-04 -3.7625E-10  1.7759E-14  2.9552E-13
  5.1640E-04 -3.9174E-10  1.8566E-14  3.0896E-13
  5.2216E-04 -4.0784E-10  1.9409E-14  3.2297E-13
  5.2797E-04 -4.2456E-10  2.0287E-14  3.3759E-13
  5.3383E-04 -4.4193E-10  2.1203E-14  3.5283E-13
  5.3975E-04 -4.5998E-10  2.2158E-14  3.6873E-13
  5.4571E-04 -4.7873E-10  2.3155E-14  3.8531E-13
  5.5173E-04 -4.9821E-10  2.4194E-14  4.0260E-13
  5.5781E-04 -5.1843E-10  2.5277E-14  4.2062E-13
  5.6394E-04 -5.3944E-10  2.6406E-14  4.3941E-13
  5.7012E-04 -5.6126E-10  2.7583E-14  4.5901E-13
  5.7636E-04 -5.8392E-10  2.8811E-14  4.7943E-13
  5.8266E-04 -6.0745E-10  3.0090E-14  5.0072E-13
  5.8901E-04 -6.3188E-10  3.1424E-14  5.2291E-13
  5.9541E-04 -6.5725E-10  3.2814E-14  5.4604E-13
  6.0188E-04 -6.8359E-10  3.4263E-14  5.7015E-13
  6.0840E-04 -7.1094E-10  3.5772E-14  5.9527E-13
  6.1498E-04 -7.3933E-10  3.7345E-14  6.2145E-13
  6.2163E-04 -7.6881E-10  3.8985E-14  6.4873E-13
  6.2833E-04 -7.9941E-10  4.0693E-14  6.7715E-13
  6.3509E-04 -8.3118E-10  4.2472E-14  7.0677E-13
  6.4191E-04 -8.6415E-10  4.4327E-14  7.3762E-13
  6.4879E-04 -8.9837E-10  4.6258E-14  7.6976E-13
  6.5573E-04 -9.3390E-10  4.8270E-14  8.0325E-13
  6.6273E-04 -9.7077E-10  5.0366E-14  8.3812E-13
  6.6980E-04 -1.0090E-09  5.2549E-14  8.7445E-13
  6.7693E-04 -1.0487E-09  5.4823E-14  9.1229E-13
  6.8413E-04 -1.0899E-09  5.7191E-14  9.5170E-13
  6.9139E-04 -1.1327E-09  5.9657E-14  9.9274E-13
  6.9871E-04 -1.1771E-09  6.2226E-14  1.0355E-12
  7.0610E-04 -1.2231E-09  6.4900E-14  1.0800E-12
  7.1356E-04 -1.2709E-09  6.7685E-14  1.1263E-12
  7.2108E-04 -1.3205E-09  7.0585E-14  1.1746E-12
  7.2867E-04 -1.3719E-09  7.3604E-14  1.2248E-12
  7.3633E-04 -1.4253E-09  7.6747E-14  1.2771E-12
  7.4405E-04 -1.4806E-09  8.0019E-14  1.3316E-12
  7.5185E-04 -1.5380E-09  8.3425E-14  1.3882E-12
  7.5971E-04 -1.5976E-09  8.6971E-14  1.4473E-12
  7.6765E-04 -1.6594E-09  9.0662E-14  1.5087E-12
  7.7565E-04 -1.7235E-09  9.4504E-14  1.5726E-12
  7.8373E-04 -1.7900E-09  9.8503E-14  1.6391E-12
  7.9188E-04 -1.8590E-09  1.0266E-13  1.7084E-12
  8.0010E-04 -1.9305E-09  1.0700E-13  1.7805E-12
  8.0840E-04 -2.0047E-09  1.1150E-13  1.8555E-12
  8.1677E-04 -2.0816E-09  1.1619E-13  1.9335E-12
  8.2522E-04 -2.1614E-09  1.2108E-13  2.0148E-12
  8.3374E-04 -2.2442E-09  1.2615E-13  2.0993E-12
  8.4234E-04 -2.3300E-09  1.3144E-13  2.1872E-12
  8.5101E-04 -2.4190E-09  1.3694E-13  2.2787E-12
  8.5976E-04 -2.5112E-09  1.4266E-13  2.3739E-12
  8.6859E-04 -2.6069E-09  1.4861E-13  2.4730E-12
  8.7750E-04 -2.7061E-09  1.5480E-13  2.5760E-12
  8.8649E-04 -2.8090E-09  1.6124E-13  2.6832E-12
  8.9556E-04 -2.9157E-09  1.6794E-13  2.7947E-12
  9.0471E-04 -3.0263E-09  1.7491E-13  2.9107E-12
  9.1395E-04 -3.1410E-09  1.8216E-13  3.0313E-12
  9.2326E-04 -3.2599E-09  1.8970E-13  3.1568E-12
  9.3266E-04 -3.3831E-09  1.9755E-13  3.2873E-12
  9.4214E-04 -3.5109E-09  2.0571E-13  3.4231E-12
  9.5171E-04 -3.6434E-09  2.1419E-13  3.5642E-12
  9.6136E-04 -3.7807E-09  2.2301E-13  3.7111E-12
  9.7110E-04 -3.9230E-09  2.3219E-13  3.8637E-12
  9.8093E-04 -4.0706E-09  2.4173E-13  4.0225E-12
  9.9084E-04 -4.2235E-09  2.5165E-13  4.1876E-12
  1.0008E-03 -4.3821E-09  2.6197E-13  4.3593E-12
  1.0109E-03 -4.5464E-09  2.7270E-13  4.5378E-12
  1.0211E-03 -4.7168E-09  2.8385E-13  4.7234E-12
  1.0314E-03 -4.8933E-09  2.9545E-13  4.9164E-12
  1.0418E-03 -5.0763E-09  3.0751E-13  5.1171E-12
  1.0522E-03 -5.2660E-09  3.2004E-13  5.3257E-12
  1.0628E-03 -5.4626E-09  3.3307E-13  5.5426E-12
  1.0734E-03 -5.6663E-09  3.4662E-13  5.7680E-12
  1.0842E-03 -5.8774E-09  3.6071E-13  6.0024E-12
  1.0950E-03 -6.0962E-09  3.7535E-13  6.2460E-12
  1.1059E-03 -6.3230E-09  3.9057E-13  6.4993E-12
  1.1170E-03 -6.5580E-09  4.0639E-13  6.7625E-12
  1.1281E-03 -6.8015E-09  4.2283E-13  7.0362E-12
  1.1393E-03 -7.0538E-09  4.3992E-13  7.3206E-12
  1.1507E-03 -7.3153E-09  4.5769E-13  7.6162E-12
  1.1621E-03 -7.5863E-09  4.7615E-13  7.9234E-12
  1.1736E-03 -7.8670E-09  4.9534E-13  8.2428E-12
  1.1853E-03 -8.1580E-09  5.1528E-13  8.5746E-12
  1.1970E-03 -8.4594E-09  5.3601E-13  8.9195E-12
  1.2089E-03 -8.7717E-09  5.5755E-13  9.2779E-12
  1.2208E-03 -9.0954E-09  5.7993E-13  9.6504E-12
  1.2329E-03 -9.4307E-09  6.0319E-13  1.0037E-11
  1.2450E-03 -9.7781E-09  6.2736E-13  1.0440E-11
  1.2573E-03 -1.0138E-08  6.5247E-13  1.0858E-11
  1.2697E-03 -1.0511E-08  6.7857E-13  1.1292E-11
  1.2822E-03 -1.0897E-08  7.0568E-13  1.1743E-11
  1.2948E-03 -1.1298E-08  7.3385E-13  1.2212E-11
  1.3075E-03 -1.1712E-08  7.6312E-13  1.2699E-11
  1.3204E-03 -1.2142E-08  7.9353E-13  1.3205E-11
  1.3333E-03 -1.2587E-08  8.2513E-13  1.3731E-11
  1.3464E-03 -1.3048E-08  8.5796E-13  1.4277E-11
  1.3596E-03 -1.3525E-08  8.9206E-13  1.4844E-11
  1.3729E-03 -1.4020E-08  9.2749E-13  1.5434E-11
  1.3863E-03 -1.4533E-08  9.6429E-13  1.6046E-11
  1.3998E-03 -1.5064E-08  1.0025E-12  1.6683E-11
  1.4135E-03 -1.5614E-08  1.0422E-12  1.7343E-11
  1.4273E-03 -1.6183E-08  1.0835E-12  1.8030E-11
  1.4412E-03 -1.6773E-08  1.1263E-12  1.8743E-11
  1.4552E-03 -1.7384E-08  1.1709E-12  1.9484E-11
  1.4694E-03 -1.8018E-08  1.2171E-12  2.0253E-11
  1.4837E-03 -1.8673E-08  1.2651E-12  2.1052E-11
  1.4981E-03 -1.9352E-08  1.3150E-12  2.1882E-11
  1.5126E-03 -2.0056E-08  1.3668E-12  2.2744E-11
  1.5273E-03 -2.0785E-08  1.4206E-12  2.3640E-11
  1.5421E-03 -2.1539E-08  1.4765E-12  2.4569E-11
  1.5570E-03 -2.2321E-08  1.5345E-12  2.5535E-11
  1.5721E-03 -2.3130E-08  1.5948E-12  2.6538E-11
  1.5873E-03 -2.3969E-08  1.6574E-12  2.7580E-11
  1.6026E-03 -2.4837E-08  1.7224E-12  2.8661E-11
  1.6181E-03 -2.5737E-08  1.7899E-12  2.9785E-11
  1.6337E-03 -2.6668E-08  1.8600E-12  3.0951E-11
  1.6495E-03 -2.7633E-08  1.9328E-12  3.2162E-11
  1.6654E-03 -2.8631E-08  2.0084E-12  3.3420E-11
  1.6814E-03 -2.9666E-08  2.0868E-12  3.4726E-11
  1.6976E-03 -3.0737E-08  2.1683E-12  3.6082E-11
  1.7139E-03 -3.1847E-08  2.2530E-12  3.7491E-11
  1.7304E-03 -3.2996E-08  2.3408E-12  3.8953E-11
  1.7470E-03 -3.4186E-08  2.4321E-12  4.0471E-11
  1.7638E-03 -3.5418E-08  2.5268E-12  4.2047E-11
  1.7807E-03 -3.6694E-08  2.6251E-12  4.3684E-11
  1.7978E-03 -3.8015E-08  2.7273E-12  4.5383E-11
  1.8150E-03 -3.9383E-08  2.8333E-12  4.7148E-11
  1.8324E-03 -4.0800E-08  2.9434E-12  4.8979E-11
  1.8499E-03 -4.2267E-08  3.0576E-12  5.0881E-11
  1.8676E-03 -4.3786E-08  3.1763E-12  5.2855E-11
  1.8854E-03 -4.5359E-08  3.2994E-12  5.4904E-11
  1.9035E-03 -4.6988E-08  3.4273E-12  5.7032E-11
  1.9216E-03 -4.8674E-08  3.5600E-12  5.9241E-11
  1.9400E-03 -5.0421E-08  3.6978E-12  6.1534E-11
  1.9584E-03 -5.2229E-08  3.8409E-12  6.3914E-11
  1.9771E-03 -5.4101E-08  3.9893E-12  6.6385E-11
  1.9959E-03 -5.6040E-08  4.1435E-12  6.8950E-11
  2.0149E-03 -5.8047E-08  4.3035E-12  7.1613E-11
  2.0341E-03 -6.0125E-08  4.4696E-12  7.4376E-11
  2.0534E-03 -6.2277E-08  4.6420E-12  7.7245E-11
  2.0729E-03 -6.4505E-08  4.8209E-12  8.0223E-11
  2.0926E-03 -6.6812E-08  5.0067E-12  8.3314E-11
  2.1125E-03 -6.9200E-08  5.1994E-12  8.6522E-11
  2.1325E-03 -7.1673E-08  5.3995E-12  8.9852E-11
  2.1527E-03 -7.4233E-08  5.6072E-12  9.3308E-11
  2.1731E-03 -7.6883E-08  5.8228E-12  9.6895E-11
  2.1937E-03 -7.9628E-08  6.0465E-12  1.0062E-10
  2.2145E-03 -8.2469E-08  6.2787E-12  1.0448E-10
  2.2354E-03 -8.5410E-08  6.5197E-12  1.0849E-10
  2.2566E-03 -8.8455E-08  6.7699E-12  1.1265E-10
  2.2779E-03 -9.1607E-08  7.0294E-12  1.1697E-10
  2.2994E-03 -9.4871E-08  7.2988E-12  1.2146E-10
  2.3211E-03 -9.8250E-08  7.5784E-12  1.2611E-10
  2.3430E-03 -1.0175E-07  7.8686E-12  1.3094E-10
  2.3651E-03 -1.0537E-07  8.1697E-12  1.3595E-10
  2.3874E-03 -1.0912E-07  8.4822E-12  1.4115E-10
  2.4099E-03 -1.1300E-07  8.8064E-12  1.4654E-10
  2.4326E-03 -1.1702E-07  9.1430E-12  1.5214E-10
  2.4555E-03 -1.2118E-07  9.4922E-12  1.5796E-10
  2.4786E-03 -1.2548E-07  9.8545E-12  1.6399E-10
  2.5020E-03 -1.2994E-07  1.0231E-11  1.7024E-10
  2.5255E-03 -1.3455E-07  1.0621E-11  1.7674E-10
  2.5492E-03 -1.3933E-07  1.1026E-11  1.8347E-10
  2.5732E-03 -1.4427E-07  1.1446E-11  1.9046E-10
  2.5973E-03 -1.4939E-07  1.1882E-11  1.9772E-10
  2.6217E-03 -1.5469E-07  1.2334E-11  2.0525E-10
  2.6463E-03 -1.6017E-07  1.2803E-11  2.1306E-10
  2.6711E-03 -1.6585E-07  1.3290E-11  2.2116E-10
  2.6961E-03 -1.7173E-07  1.3796E-11  2.2957E-10
  2.7214E-03 -1.7781E-07  1.4320E-11  2.3830E-10
  2.7469E-03 -1.8411E-07  1.4864E-11  2.4735E-10
  2.7726E-03 -1.9062E-07  1.5429E-11  2.5674E-10
  2.7985E-03 -1.9737E-07  1.6014E-11  2.6649E-10
  2.8247E-03 -2.0435E-07  1.6622E-11  2.7660E-10
  2.8511E-03 -2.1158E-07  1.7252E-11  2.8709E-10
  2.8778E-03 -2.1906E-07  1.7906E-11  2.9797E-10
  2.9047E-03 -2.2681E-07  1.8585E-11  3.0926E-10
  2.9318E-03 -2.3482E-07  1.9289E-11  3.2098E-10
  2.9592E-03 -2.4312E-07  2.0019E-11  3.3313E-10
  2.9868E-03 -2.5171E-07  2.0777E-11  3.4574E-10
  3.0146E-03 -2.6059E-07  2.1563E-11  3.5882E-10
  3.0427E-03 -2.6979E-07  2.2379E-11  3.7240E-10
  3.0711E-03 -2.7932E-07  2.3225E-11  3.8647E-10
  3.0997E-03 -2.8917E-07  2.4103E-11  4.0108E-10
  3.1286E-03 -2.9937E-07  2.5013E-11  4.1623E-10
  3.1577E-03 -3.0993E-07  2.5958E-11  4.3195E-10
  3.1871E-03 -3.2086E-07  2.6938E-11  4.4826E-10
  3.2168E-03 -3.3217E-07  2.7954E-11  4.6518E-10
  3.2467E-03 -3.4387E-07  2.9009E-11  4.8272E-10
  3.2769E-03 -3.5599E-07  3.0103E-11  5.0093E-10
  3.3073E-03 -3.6852E-07  3.1238E-11  5.1981E-10
  3.3380E-03 -3.8150E-07  3.2415E-11  5.3940E-10
  3.3690E-03 -3.9493E-07  3.3636E-11  5.5972E-10
  3.4003E-03 -4.0883E-07  3.4903E-11  5.8080E-10
  3.4319E-03 -4.2321E-07  3.6217E-11  6.0266E-10
  3.4637E-03 -4.3810E-07  3.7580E-11  6.2534E-10
  3.4959E-03 -4.5351E-07  3.8993E-11  6.4887E-10
  3.5283E-03 -4.6946E-07  4.0460E-11  6.7327E-10
  3.5610E-03 -4.8596E-07  4.1981E-11  6.9859E-10
  3.5940E-03 -5.0304E-07  4.3559E-11  7.2484E-10
  3.6273E-03 -5.2071E-07  4.5195E-11  7.5207E-10
  3.6609E-03 -5.3900E-07  4.6893E-11  7.8032E-10
  3.6947E-03 -5.5793E-07  4.8654E-11  8.0962E-10
  3.7289E-03 -5.7752E-07  5.0480E-11  8.4001E-10
  3.7634E-03 -5.9779E-07  5.2374E-11  8.7153E-10
  3.7982E-03 -6.1877E-07  5.4339E-11  9.0423E-10
  3.8334E-03 -6.4048E-07  5.6377E-11  9.3814E-10
  3.8688E-03 -6.6295E-07  5.8490E-11  9.7331E-10
  3.9046E-03 -6.8620E-07  6.0682E-11  1.0098E-09
  3.9406E-03 -7.1026E-07  6.2956E-11  1.0476E-09
  3.9770E-03 -7.3516E-07  6.5314E-11  1.0869E-09
  4.0137E-03 -7.6092E-07  6.7760E-11  1.1276E-09
  4.0508E-03 -7.8758E-07  7.0296E-11  1.1698E-09
  4.0882E-03 -8.1517E-07  7.2927E-11  1.2135E-09
  4.1259E-03 -8.4372E-07  7.5656E-11  1.2590E-09
  4.1639E-03 -8.7326E-07  7.8486E-11  1.3060E-09
  4.2023E-03 -9.0383E-07  8.1420E-11  1.3549E-09
  4.2411E-03 -9.3547E-07  8.4464E-11  1.4055E-09
  4.2801E-03 -9.6820E-07  8.7621E-11  1.4581E-09
  4.3196E-03 -1.0021E-06  9.0895E-11  1.5125E-09
  4.3594E-03 -1.0371E-06  9.4290E-11  1.5690E-09
  4.3995E-03 -1.0734E-06  9.7811E-11  1.6276E-09
  4.4400E-03 -1.1109E-06  1.0146E-10  1.6884E-09
  4.4809E-03 -1.1497E-06  1.0525E-10  1.7514E-09
  4.5221E-03 -1.1899E-06  1.0918E-10  1.8168E-09
  4.5637E-03 -1.2315E-06  1.1325E-10  1.8845E-09
  4.6056E-03 -1.2745E-06  1.1747E-10  1.9548E-09
  4.6480E-03 -1.3190E-06  1.2185E-10  2.0277E-09
  4.6907E-03 -1.3651E-06  1.2640E-10  2.1033E-09
  4.7338E-03 -1.4127E-06  1.3111E-10  2.1817E-09
  4.7773E-03 -1.4620E-06  1.3599E-10  2.2630E-09
  4.8212E-03 -1.5130E-06  1.4106E-10  2.3472E-09
  4.8655E-03 -1.5658E-06  1.4631E-10  2.4347E-09
  4.9101E-03 -1.6204E-06  1.5176E-10  2.5253E-09
  4.9552E-03 -1.6769E-06  1.5740E-10  2.6193E-09
  5.0007E-03 -1.7353E-06  1.6326E-10  2.7168E-09
  5.0465E-03 -1.7958E-06  1.6934E-10  2.8179E-09
  5.0928E-03 -1.8584E-06  1.7564E-10  2.9227E-09
  5.1395E-03 -1.9231E-06  1.8217E-10  3.0314E-09
  5.1867E-03 -1.9901E-06  1.8894E-10  3.1441E-09
  5.2342E-03 -2.0594E-06  1.9596E-10  3.2609E-09
  5.2822E-03 -2.1311E-06  2.0325E-10  3.3821E-09
  5.3306E-03 -2.2053E-06  2.1080E-10  3.5078E-09
  5.3794E-03 -2.2820E-06  2.1863E-10  3.6381E-09
  5.4287E-03 -2.3614E-06  2.2675E-10  3.7732E-09
  5.4784E-03 -2.4435E-06  2.3517E-10  3.9133E-09
  5.5285E-03 -2.5285E-06  2.4390E-10  4.0586E-09
  5.5791E-03 -2.6164E-06  2.5295E-10  4.2092E-09
  5.6302E-03 -2.7073E-06  2.6234E-10  4.3654E-09
  5.6817E-03 -2.8014E-06  2.7207E-10  4.5274E-09
  5.7336E-03 -2.8987E-06  2.8216E-10  4.6953E-09
  5.7861E-03 -2.9993E-06  2.9263E-10  4.8694E-09
  5.8390E-03 -3.1035E-06  3.0348E-10  5.0500E-09
  5.8924E-03 -3.2112E-06  3.1473E-10  5.2372E-09
  5.9462E-03 -3.3227E-06  3.2639E-10  5.4313E-09
  6.0006E-03 -3.4380E-06  3.3849E-10  5.6326E-09
  6.0554E-03 -3.5572E-06  3.5103E-10  5.8412E-09
  6.1107E-03 -3.6806E-06  3.6403E-10  6.0576E-09
  6.1665E-03 -3.8082E-06  3.7751E-10  6.2820E-09
  6.2228E-03 -3.9402E-06  3.9149E-10  6.5146E-09
  6.2796E-03 -4.0768E-06  4.0598E-10  6.7557E-09
  6.3369E-03 -4.2180E-06  4.2101E-10  7.0058E-09
  6.3948E-03 -4.3641E-06  4.3659E-10  7.2651E-09
  6.4531E-03 -4.5152E-06  4.5274E-10  7.5339E-09
  6.5120E-03 -4.6716E-06  4.6949E-10  7.8126E-09
  6.5714E-03 -4.8333E-06  4.8686E-10  8.1016E-09
  6.6313E-03 -5.0005E-06  5.0486E-10  8.4012E-09
  6.6918E-03 -5.1735E-06  5.2353E-10  8.7118E-09
  6.7528E-03 -5.3524E-06  5.4289E-10  9.0339E-09
  6.8144E-03 -5.5375E-06  5.6295E-10  9.3678E-09
  6.8765E-03 -5.7289E-06  5.8376E-10  9.7140E-09
  6.9391E-03 -5.9269E-06  6.0533E-10  1.0073E-08
  7.0023E-03 -6.1317E-06  6.2769E-10  1.0445E-08
  7.0661E-03 -6.3435E-06  6.5087E-10  1.0831E-08
  7.1305E-03 -6.5625E-06  6.7491E-10  1.1231E-08
  7.1954E-03 -6.7891E-06  6.9983E-10  1.1646E-08
  7.2609E-03 -7.0234E-06  7.2567E-10  1.2075E-08
  7.3270E-03 -7.2657E-06  7.5246E-10  1.2521E-08
  7.3937E-03 -7.5163E-06  7.8023E-10  1.2983E-08
  7.4610E-03 -7.7755E-06  8.0902E-10  1.3462E-08
  7.5289E-03 -8.0436E-06  8.3887E-10  1.3959E-08
  7.5974E-03 -8.3208E-06  8.6982E-10  1.4474E-08
  7.6665E-03 -8.6075E-06  9.0190E-10  1.5008E-08
  7.7362E-03 -8.9040E-06  9.3516E-10  1.5562E-08
  7.8066E-03 -9.2106E-06  9.6965E-10  1.6135E-08
  7.8776E-03 -9.5277E-06  1.0054E-09  1.6730E-08
  7.9492E-03 -9.8556E-06  1.0425E-09  1.7347E-08
  8.0214E-03 -1.0195E-05  1.0809E-09  1.7986E-08
  8.0943E-03 -1.0545E-05  1.1207E-09  1.8649E-08
  8.1679E-03 -1.0908E-05  1.1620E-09  1.9336E-08
  8.2421E-03 -1.1283E-05  1.2048E-09  2.0049E-08
  8.3170E-03 -1.1671E-05  1.2492E-09  2.0787E-08
  8.3925E-03 -1.2072E-05  1.2952E-09  2.1553E-08
  8.4688E-03 -1.2486E-05  1.3429E-09  2.2347E-08
  8.5457E-03 -1.2915E-05  1.3924E-09  2.3169E-08
  8.6233E-03 -1.3358E-05  1.4436E-09  2.4022E-08
  8.7016E-03 -1.3816E-05  1.4968E-09  2.4907E-08
  8.7805E-03 -1.4290E-05  1.5519E-09  2.5823E-08
  8.8602E-03 -1.4780E-05  1.6090E-09  2.6774E-08
  8.9406E-03 -1.5287E-05  1.6682E-09  2.7759E-08
  9.0218E-03 -1.5811E-05  1.7295E-09  2.8780E-08
  9.1036E-03 -1.6352E-05  1.7932E-09  2.9839E-08
  9.1862E-03 -1.6912E-05  1.8591E-09  3.0937E-08
  9.2695E-03 -1.7491E-05  1.9275E-09  3.2074E-08
  9.3536E-03 -1.8090E-05  1.9984E-09  3.3254E-08
  9.4384E-03 -1.8709E-05  2.0719E-09  3.4477E-08
  9.5240E-03 -1.9349E-05  2.1480E-09  3.5744E-08
  9.6104E-03 -2.0010E-05  2.2270E-09  3.7058E-08
  9.6975E-03 -2.0694E-05  2.3089E-09  3.8420E-08
  9.7854E-03 -2.1401E-05  2.3937E-09  3.9832E-08
  9.8741E-03 -2.2132E-05  2.4817E-09  4.1296E-08
  9.9635E-03 -2.2887E-05  2.5729E-09  4.2813E-08
  1.0054E-02 -2.3668E-05  2.6674E-09  4.4386E-08
  1.0145E-02 -2.4476E-05  2.7654E-09  4.6017E-08
  1.0237E-02 -2.5310E-05  2.8669E-09  4.7707E-08
  1.0330E-02 -2.6173E-05  2.9722E-09  4.9459E-08
  1.0423E-02 -2.7065E-05  3.0814E-09  5.1275E-08
  1.0517E-02 -2.7987E-05  3.1945E-09  5.3158E-08
  1.0613E-02 -2.8940E-05  3.3118E-09  5.5109E-08
  1.0709E-02 -2.9925E-05  3.4334E-09  5.7132E-08
  1.0806E-02 -3.0943E-05  3.5594E-09  5.9229E-08
  1.0904E-02 -3.1995E-05  3.6900E-09  6.1403E-08
  1.1002E-02 -3.3083E-05  3.8255E-09  6.3656E-08
  1.1102E-02 -3.4207E-05  3.9658E-09  6.5992E-08
  1.1202E-02 -3.5369E-05  4.1113E-09  6.8413E-08
  1.1304E-02 -3.6570E-05  4.2622E-09  7.0923E-08
  1.1406E-02 -3.7812E-05  4.4185E-09  7.3525E-08
  1.1509E-02 -3.9095E-05  4.5806E-09  7.6222E-08
  1.1613E-02 -4.0420E-05  4.7486E-09  7.9017E-08
  1.1718E-02 -4.1791E-05  4.9227E-09  8.1915E-08
  1.1824E-02 -4.3207E-05  5.1032E-09  8.4918E-08
  1.1931E-02 -4.4670E-05  5.2903E-09  8.8032E-08
  1.2039E-02 -4.6182E-05  5.4843E-09  9.1259E-08
  1.2148E-02 -4.7745E-05  5.6853E-09  9.4604E-08
  1.2258E-02 -4.9360E-05  5.8937E-09  9.8072E-08
  1.2369E-02 -5.1029E-05  6.1097E-09  1.0167E-07
  1.2480E-02 -5.2754E-05  6.3336E-09  1.0539E-07
  1.2593E-02 -5.4536E-05  6.5657E-09  1.0925E-07
  1.2707E-02 -5.6377E-05  6.8063E-09  1.1326E-07
  1.2822E-02 -5.8280E-05  7.0556E-09  1.1741E-07
  1.2938E-02 -6.0246E-05  7.3141E-09  1.2171E-07
  1.3054E-02 -6.2278E-05  7.5820E-09  1.2616E-07
  1.3172E-02 -6.4377E-05  7.8597E-09  1.3079E-07
  1.3291E-02 -6.6545E-05  8.1476E-09  1.3558E-07
  1.3411E-02 -6.8786E-05  8.4459E-09  1.4054E-07
  1.3533E-02 -7.1101E-05  8.7552E-09  1.4569E-07
  1.3655E-02 -7.3492E-05  9.0758E-09  1.5102E-07
  1.3778E-02 -7.5963E-05  9.4080E-09  1.5655E-07
  1.3902E-02 -7.8516E-05  9.7524E-09  1.6228E-07
  1.4028E-02 -8.1153E-05  1.0109E-08  1.6822E-07
  1.4155E-02 -8.3877E-05  1.0479E-08  1.7438E-07
  1.4282E-02 -8.6691E-05  1.0863E-08  1.8076E-07
  1.4411E-02 -8.9599E-05  1.1261E-08  1.8737E-07
  1.4541E-02 -9.2602E-05  1.1673E-08  1.9423E-07
  1.4673E-02 -9.5704E-05  1.2100E-08  2.0134E-07
  1.4805E-02 -9.8908E-05  1.2542E-08  2.0870E-07
  1.4939E-02 -1.0222E-04  1.3001E-08  2.1634E-07
  1.5073E-02 -1.0564E-04  1.3477E-08  2.2425E-07
  1.5209E-02 -1.0917E-04  1.3970E-08  2.3245E-07
  1.5347E-02 -1.1282E-04  1.4481E-08  2.4096E-07
  1.5485E-02 -1.1658E-04  1.5010E-08  2.4977E-07
  1.5625E-02 -1.2047E-04  1.5559E-08  2.5890E-07
  1.5766E-02 -1.2449E-04  1.6128E-08  2.6837E-07
  1.5908E-02 -1.2864E-04  1.6718E-08  2.7818E-07
  1.6051E-02 -1.3293E-04  1.7329E-08  2.8835E-07
  1.6196E-02 -1.3735E-04  1.7963E-08  2.9890E-07
  1.6342E-02 -1.4192E-04  1.8619E-08  3.0982E-07
  1.6489E-02 -1.4664E-04  1.9300E-08  3.2115E-07
  1.6638E-02 -1.5151E-04  2.0005E-08  3.3288E-07
  1.6788E-02 -1.5655E-04  2.0737E-08  3.4505E-07
  1.6939E-02 -1.6174E-04  2.1494E-08  3.5766E-07
  1.7092E-02 -1.6711E-04  2.2280E-08  3.7073E-07
  1.7246E-02 -1.7265E-04  2.3094E-08  3.8428E-07
  1.7402E-02 -1.7837E-04  2.3938E-08  3.9832E-07
  1.7558E-02 -1.8428E-04  2.4812E-08  4.1287E-07
  1.7717E-02 -1.9037E-04  2.5719E-08  4.2795E-07
  1.7876E-02 -1.9667E-04  2.6659E-08  4.4359E-07
  1.8037E-02 -2.0317E-04  2.7632E-08  4.5979E-07
  1.8200E-02 -2.0988E-04  2.8642E-08  4.7658E-07
  1.8364E-02 -2.1680E-04  2.9688E-08  4.9399E-07
  1.8529E-02 -2.2395E-04  3.0772E-08  5.1203E-07
  1.8696E-02 -2.3133E-04  3.1896E-08  5.3073E-07
  1.8865E-02 -2.3895E-04  3.3061E-08  5.5011E-07
  1.9035E-02 -2.4682E-04  3.4268E-08  5.7020E-07
  1.9206E-02 -2.5494E-04  3.5519E-08  5.9101E-07
  1.9379E-02 -2.6332E-04  3.6816E-08  6.1259E-07
  1.9553E-02 -2.7196E-04  3.8160E-08  6.3496E-07
  1.9730E-02 -2.8089E-04  3.9553E-08  6.5813E-07
  1.9907E-02 -2.9010E-04  4.0997E-08  6.8216E-07
  2.0086E-02 -2.9961E-04  4.2493E-08  7.0706E-07
  2.0267E-02 -3.0942E-04  4.4044E-08  7.3286E-07
  2.0450E-02 -3.1955E-04  4.5652E-08  7.5961E-07
  2.0634E-02 -3.2999E-04  4.7318E-08  7.8733E-07
  2.0820E-02 -3.4078E-04  4.9044E-08  8.1606E-07
  2.1007E-02 -3.5190E-04  5.0834E-08  8.4584E-07
  2.1196E-02 -3.6338E-04  5.2689E-08  8.7670E-07
  2.1387E-02 -3.7523E-04  5.4611E-08  9.0869E-07
  2.1579E-02 -3.8745E-04  5.6604E-08  9.4184E-07
  2.1774E-02 -4.0006E-04  5.8669E-08  9.7620E-07
  2.1969E-02 -4.1307E-04  6.0809E-08  1.0118E-06
  2.2167E-02 -4.2650E-04  6.3028E-08  1.0487E-06
  2.2367E-02 -4.4034E-04  6.5327E-08  1.0870E-06
  2.2568E-02 -4.5463E-04  6.7709E-08  1.1266E-06
  2.2771E-02 -4.6937E-04  7.0179E-08  1.1677E-06
  2.2976E-02 -4.8457E-04  7.2739E-08  1.2103E-06
  2.3183E-02 -5.0025E-04  7.5391E-08  1.2544E-06
  2.3391E-02 -5.1642E-04  7.8141E-08  1.3002E-06
  2.3601E-02 -5.3311E-04  8.0990E-08  1.3476E-06
  2.3814E-02 -5.5031E-04  8.3943E-08  1.3967E-06
  2.4028E-02 -5.6806E-04  8.7004E-08  1.4476E-06
  2.4244E-02 -5.8636E-04  9.0176E-08  1.5004E-06
  2.4462E-02 -6.0524E-04  9.3464E-08  1.5551E-06
  2.4682E-02 -6.2471E-04  9.6871E-08  1.6118E-06
  2.4904E-02 -6.4478E-04  1.0040E-07  1.6706E-06
  2.5128E-02 -6.6548E-04  1.0406E-07  1.7315E-06
  2.5354E-02 -6.8682E-04  1.0786E-07  1.7946E-06
  2.5582E-02 -7.0883E-04  1.1179E-07  1.8600E-06
  2.5812E-02 -7.3153E-04  1.1586E-07  1.9278E-06
  2.6044E-02 -7.5492E-04  1.2008E-07  1.9980E-06
  2.6278E-02 -7.7905E-04  1.2446E-07  2.0708E-06
  2.6514E-02 -8.0391E-04  1.2900E-07  2.1463E-06
  2.6753E-02 -8.2955E-04  1.3370E-07  2.2245E-06
  2.6993E-02 -8.5598E-04  1.3857E-07  2.3055E-06
  2.7236E-02 -8.8323E-04  1.4362E-07  2.3895E-06
  2.7481E-02 -9.1131E-04  1.4885E-07  2.4766E-06
  2.7728E-02 -9.4026E-04  1.5427E-07  2.5668E-06
  2.7977E-02 -9.7009E-04  1.5989E-07  2.6603E-06
  2.8228E-02 -1.0008E-03  1.6572E-07  2.7572E-06
  2.8482E-02 -1.0325E-03  1.7176E-07  2.8577E-06
  2.8738E-02 -1.0652E-03  1.7801E-07  2.9618E-06
  2.8996E-02 -1.0989E-03  1.8450E-07  3.0696E-06
  2.9257E-02 -1.1335E-03  1.9122E-07  3.1814E-06
  2.9520E-02 -1.1693E-03  1.9818E-07  3.2973E-06
  2.9785E-02 -1.2061E-03  2.0540E-07  3.4174E-06
  3.0053E-02 -1.2441E-03  2.1288E-07  3.5418E-06
  3.0323E-02 -1.2832E-03  2.2063E-07  3.6708E-06
  3.0595E-02 -1.3234E-03  2.2867E-07  3.8045E-06
  3.0870E-02 -1.3649E-03  2.3699E-07  3.9430E-06
  3.1147E-02 -1.4077E-03  2.4562E-07  4.0866E-06
  3.1427E-02 -1.4517E-03  2.5457E-07  4.2354E-06
  3.1709E-02 -1.4971E-03  2.6384E-07  4.3896E-06
  3.1994E-02 -1.5438E-03  2.7344E-07  4.5494E-06
  3.2281E-02 -1.5920E-03  2.8340E-07  4.7150E-06
  3.2571E-02 -1.6415E-03  2.9372E-07  4.8866E-06
  3.2864E-02 -1.6926E-03  3.0441E-07  5.0645E-06
  3.3159E-02 -1.7452E-03  3.1549E-07  5.2488E-06
  3.3457E-02 -1.7993E-03  3.2698E-07  5.4399E-06
  3.3757E-02 -1.8551E-03  3.3888E-07  5.6379E-06
  3.4061E-02 -1.9125E-03  3.5121E-07  5.8431E-06
  3.4366E-02 -1.9716E-03  3.6400E-07  6.0557E-06
  3.4675E-02 -2.0324E-03  3.7724E-07  6.2761E-06
  3.4986E-02 -2.0951E-03  3.9097E-07  6.5045E-06
  3.5301E-02 -2.1596E-03  4.0520E-07  6.7412E-06
  3.5617E-02 -2.2260E-03  4.1995E-07  6.9865E-06
  3.5937E-02 -2.2944E-03  4.3523E-07  7.2407E-06
  3.6260E-02 -2.3648E-03  4.5107E-07  7.5042E-06
  3.6585E-02 -2.4372E-03  4.6748E-07  7.7772E-06
  3.6914E-02 -2.5117E-03  4.8449E-07  8.0601E-06
  3.7245E-02 -2.5885E-03  5.0212E-07  8.3534E-06
  3.7580E-02 -2.6674E-03  5.2039E-07  8.6573E-06
  3.7917E-02 -2.7487E-03  5.3932E-07  8.9722E-06
  3.8257E-02 -2.8323E-03  5.5895E-07  9.2986E-06
  3.8601E-02 -2.9183E-03  5.7928E-07  9.6368E-06
  3.8947E-02 -3.0068E-03  6.0035E-07  9.9873E-06
  3.9297E-02 -3.0979E-03  6.2219E-07  1.0351E-05
  3.9650E-02 -3.1916E-03  6.4483E-07  1.0727E-05
  4.0006E-02 -3.2880E-03  6.6828E-07  1.1117E-05
  4.0365E-02 -3.3871E-03  6.9259E-07  1.1522E-05
  4.0727E-02 -3.4891E-03  7.1778E-07  1.1941E-05
  4.1092E-02 -3.5940E-03  7.4389E-07  1.2375E-05
  4.1461E-02 -3.7019E-03  7.7094E-07  1.2825E-05
  4.1833E-02 -3.8129E-03  7.9898E-07  1.3291E-05
  4.2209E-02 -3.9270E-03  8.2804E-07  1.3774E-05
  4.2587E-02 -4.0443E-03  8.5815E-07  1.4275E-05
  4.2970E-02 -4.1649E-03  8.8936E-07  1.4794E-05
  4.3355E-02 -4.2890E-03  9.2170E-07  1.5332E-05
  4.3744E-02 -4.4165E-03  9.5522E-07  1.5890E-05
  4.4137E-02 -4.5477E-03  9.8995E-07  1.6467E-05
  4.4533E-02 -4.6825E-03  1.0259E-06  1.7066E-05
  4.4932E-02 -4.8210E-03  1.0632E-06  1.7686E-05
  4.5335E-02 -4.9634E-03  1.1019E-06  1.8329E-05
  4.5742E-02 -5.1098E-03  1.1420E-06  1.8995E-05
  4.6152E-02 -5.2603E-03  1.1835E-06  1.9686E-05
  4.6567E-02 -5.4149E-03  1.2265E-06  2.0401E-05
  4.6984E-02 -5.5738E-03  1.2711E-06  2.1143E-05
  4.7406E-02 -5.7370E-03  1.3173E-06  2.1911E-05
  4.7831E-02 -5.9048E-03  1.3652E-06  2.2707E-05
  4.8260E-02 -6.0771E-03  1.4148E-06  2.3533E-05
  4.8693E-02 -6.2541E-03  1.4662E-06  2.4388E-05
  4.9130E-02 -6.4360E-03  1.5195E-06  2.5274E-05
  4.9570E-02 -6.6229E-03  1.5748E-06  2.6192E-05
  5.0015E-02 -6.8148E-03  1.6320E-06  2.7144E-05
  5.0464E-02 -7.0119E-03  1.6913E-06  2.8130E-05
  5.0916E-02 -7.2143E-03  1.7528E-06  2.9153E-05
  5.1373E-02 -7.4221E-03  1.8165E-06  3.0212E-05
  5.1834E-02 -7.6356E-03  1.8825E-06  3.1309E-05
  5.2299E-02 -7.8547E-03  1.9509E-06  3.2447E-05
  5.2768E-02 -8.0798E-03  2.0218E-06  3.3625E-05
  5.3241E-02 -8.3108E-03  2.0952E-06  3.4847E-05
  5.3718E-02 -8.5479E-03  2.1714E-06  3.6113E-05
  5.4200E-02 -8.7913E-03  2.2503E-06  3.7424E-05
  5.4686E-02 -9.0412E-03  2.3320E-06  3.8784E-05
  5.5177E-02 -9.2976E-03  2.4167E-06  4.0192E-05
  5.5671E-02 -9.5608E-03  2.5045E-06  4.1652E-05
  5.6171E-02 -9.8309E-03  2.5955E-06  4.3165E-05
  5.6674E-02 -1.0108E-02  2.6898E-06  4.4732E-05
  5.7182E-02 -1.0392E-02  2.7875E-06  4.6357E-05
  5.7695E-02 -1.0684E-02  2.8888E-06  4.8040E-05
  5.8212E-02 -1.0983E-02  2.9937E-06  4.9785E-05
  5.8734E-02 -1.1290E-02  3.1025E-06  5.1593E-05
  5.9261E-02 -1.1605E-02  3.2151E-06  5.3466E-05
  5.9792E-02 -1.1928E-02  3.3319E-06  5.5407E-05
  6.0328E-02 -1.2259E-02  3.4529E-06  5.7419E-05
  6.0869E-02 -1.2599E-02  3.5783E-06  5.9503E-05
  6.1415E-02 -1.2947E-02  3.7083E-06  6.1663E-05
  6.1966E-02 -1.3304E-02  3.8430E-06  6.3902E-05
  6.2521E-02 -1.3670E-02  3.9825E-06  6.6222E-05
  6.3082E-02 -1.4045E-02  4.1271E-06  6.8625E-05
  6.3647E-02 -1.4430E-02  4.2770E-06  7.1116E-05
  6.4218E-02 -1.4824E-02  4.4323E-06  7.3698E-05
  6.4793E-02 -1.5228E-02  4.5932E-06  7.6373E-05
  6.5374E-02 -1.5642E-02  4.7600E-06  7.9144E-05
  6.5960E-02 -1.6066E-02  4.9328E-06  8.2017E-05
  6.6552E-02 -1.6501E-02  5.1119E-06  8.4993E-05
  6.7148E-02 -1.6946E-02  5.2975E-06  8.8077E-05
  6.7750E-02 -1.7403E-02  5.4898E-06  9.1273E-05
  6.8357E-02 -1.7870E-02  5.6891E-06  9.4585E-05
  6.8970E-02 -1.8349E-02  5.8956E-06  9.8017E-05
  6.9588E-02 -1.8839E-02  6.1096E-06  1.0157E-04
  7.0212E-02 -1.9341E-02  6.3314E-06  1.0526E-04
  7.0841E-02 -1.9855E-02  6.5612E-06  1.0908E-04
  7.1476E-02 -2.0381E-02  6.7994E-06  1.1303E-04
  7.2117E-02 -2.0920E-02  7.0461E-06  1.1713E-04
  7.2763E-02 -2.1472E-02  7.3019E-06  1.2138E-04
  7.3415E-02 -2.2037E-02  7.5669E-06  1.2579E-04
  7.4073E-02 -2.2614E-02  7.8415E-06  1.3035E-04
  7.4737E-02 -2.3206E-02  8.1260E-06  1.3508E-04
  7.5407E-02 -2.3811E-02  8.4209E-06  1.3998E-04
  7.6083E-02 -2.4430E-02  8.7265E-06  1.4505E-04
  7.6764E-02 -2.5064E-02  9.0431E-06  1.5031E-04
  7.7452E-02 -2.5712E-02  9.3712E-06  1.5576E-04
  7.8146E-02 -2.6375E-02  9.7112E-06  1.6141E-04
  7.8847E-02 -2.7053E-02  1.0064E-05  1.6726E-04
  7.9553E-02 -2.7746E-02  1.0429E-05  1.7333E-04
  8.0266E-02 -2.8455E-02  1.0807E-05  1.7961E-04
  8.0985E-02 -2.9180E-02  1.1199E-05  1.8612E-04
  8.1711E-02 -2.9922E-02  1.1605E-05  1.9287E-04
  8.2443E-02 -3.0679E-02  1.2026E-05  1.9986E-04
  8.3182E-02 -3.1454E-02  1.2462E-05  2.0711E-04
  8.3927E-02 -3.2246E-02  1.2914E-05  2.1461E-04
  8.4679E-02 -3.3055E-02  1.3383E-05  2.2239E-04
  8.5438E-02 -3.3881E-02  1.3868E-05  2.3045E-04
  8.6204E-02 -3.4726E-02  1.4371E-05  2.3880E-04
  8.6976E-02 -3.5589E-02  1.4892E-05  2.4746E-04
  8.7755E-02 -3.6471E-02  1.5432E-05  2.5642E-04
  8.8542E-02 -3.7371E-02  1.5992E-05  2.6571E-04
  8.9335E-02 -3.8291E-02  1.6572E-05  2.7534E-04
  9.0135E-02 -3.9230E-02  1.7173E-05  2.8532E-04
  9.0943E-02 -4.0188E-02  1.7795E-05  2.9565E-04
  9.1758E-02 -4.1167E-02  1.8441E-05  3.0636E-04
  9.2580E-02 -4.2167E-02  1.9109E-05  3.1746E-04
  9.3409E-02 -4.3186E-02  1.9802E-05  3.2896E-04
  9.4246E-02 -4.4227E-02  2.0520E-05  3.4087E-04
  9.5090E-02 -4.5290E-02  2.1263E-05  3.5322E-04
  9.5942E-02 -4.6374E-02  2.2034E-05  3.6601E-04
  9.6802E-02 -4.7479E-02  2.2833E-05  3.7927E-04
  9.7669E-02 -4.8608E-02  2.3660E-05  3.9300E-04
  9.8544E-02 -4.9758E-02  2.4518E-05  4.0723E-04
  9.9426E-02 -5.0932E-02  2.5406E-05  4.2197E-04
  1.0032E-01 -5.2128E-02  2.6327E-05  4.3725E-04
  1.0122E-01 -5.3349E-02  2.7281E-05  4.5307E-04
  1.0212E-01 -5.4593E-02  2.8269E-05  4.6947E-04
  1.0304E-01 -5.5861E-02  2.9294E-05  4.8647E-04
  1.0396E-01 -5.7153E-02  3.0355E-05  5.0407E-04
  1.0489E-01 -5.8470E-02  3.1455E-05  5.2232E-04
  1.0583E-01 -5.9812E-02  3.2594E-05  5.4122E-04
  1.0678E-01 -6.1180E-02  3.3775E-05  5.6080E-04
  1.0774E-01 -6.2573E-02  3.4998E-05  5.8109E-04
  1.0870E-01 -6.3992E-02  3.6266E-05  6.0211E-04
  1.0967E-01 -6.5437E-02  3.7579E-05  6.2389E-04
  1.1066E-01 -6.6908E-02  3.8940E-05  6.4646E-04
  1.1165E-01 -6.8407E-02  4.0350E-05  6.6984E-04
  1.1265E-01 -6.9932E-02  4.1812E-05  6.9407E-04
  1.1366E-01 -7.1484E-02  4.3326E-05  7.1917E-04
  1.1467E-01 -7.3065E-02  4.4894E-05  7.4518E-04
  1.1570E-01 -7.4673E-02  4.6520E-05  7.7212E-04
  1.1674E-01 -7.6309E-02  4.8204E-05  8.0004E-04
  1.1778E-01 -7.7973E-02  4.9949E-05  8.2896E-04
  1.1884E-01 -7.9666E-02  5.1757E-05  8.5892E-04
  1.1990E-01 -8.1388E-02  5.3630E-05  8.8997E-04
  1.2098E-01 -8.3139E-02  5.5571E-05  9.2213E-04
  1.2206E-01 -8.4919E-02  5.7583E-05  9.5546E-04
  1.2315E-01 -8.6729E-02  5.9666E-05  9.8998E-04
  1.2426E-01 -8.8569E-02  6.1826E-05  1.0258E-03
  1.2537E-01 -9.0438E-02  6.4063E-05  1.0628E-03
  1.2649E-01 -9.2338E-02  6.6381E-05  1.1012E-03
  1.2762E-01 -9.4268E-02  6.8782E-05  1.1410E-03
  1.2877E-01 -9.6228E-02  7.1270E-05  1.1822E-03
  1.2992E-01 -9.8219E-02  7.3848E-05  1.2249E-03
  1.3108E-01 -1.0024E-01  7.6520E-05  1.2691E-03
  1.3226E-01 -1.0229E-01  7.9287E-05  1.3149E-03
  1.3344E-01 -1.0438E-01  8.2154E-05  1.3624E-03
  1.3464E-01 -1.0649E-01  8.5125E-05  1.4116E-03
  1.3584E-01 -1.0864E-01  8.8203E-05  1.4625E-03
  1.3706E-01 -1.1082E-01  9.1393E-05  1.5153E-03
  1.3829E-01 -1.1303E-01  9.4697E-05  1.5700E-03
  1.3953E-01 -1.1527E-01  9.8120E-05  1.6266E-03
  1.4078E-01 -1.1754E-01  1.0167E-04  1.6853E-03
  1.4204E-01 -1.1985E-01  1.0534E-04  1.7461E-03
  1.4331E-01 -1.2218E-01  1.0915E-04  1.8091E-03
  1.4459E-01 -1.2455E-01  1.1309E-04  1.8743E-03
  1.4589E-01 -1.2695E-01  1.1718E-04  1.9419E-03
  1.4719E-01 -1.2938E-01  1.2141E-04  2.0119E-03
  1.4851E-01 -1.3185E-01  1.2580E-04  2.0845E-03
  1.4984E-01 -1.3434E-01  1.3034E-04  2.1596E-03
  1.5118E-01 -1.3687E-01  1.3505E-04  2.2374E-03
  1.5254E-01 -1.3943E-01  1.3993E-04  2.3181E-03
  1.5390E-01 -1.4202E-01  1.4498E-04  2.4016E-03
  1.5528E-01 -1.4464E-01  1.5022E-04  2.4881E-03
  1.5667E-01 -1.4730E-01  1.5564E-04  2.5777E-03
  1.5807E-01 -1.4998E-01  1.6126E-04  2.6705E-03
  1.5949E-01 -1.5270E-01  1.6708E-04  2.7667E-03
  1.6092E-01 -1.5544E-01  1.7311E-04  2.8663E-03
  1.6236E-01 -1.5822E-01  1.7936E-04  2.9695E-03
  1.6381E-01 -1.6103E-01  1.8584E-04  3.0764E-03
  1.6528E-01 -1.6386E-01  1.9254E-04  3.1871E-03
  1.6676E-01 -1.6673E-01  1.9949E-04  3.3017E-03
  1.6825E-01 -1.6963E-01  2.0668E-04  3.4205E-03
  1.6976E-01 -1.7255E-01  2.1414E-04  3.5436E-03
  1.7128E-01 -1.7551E-01  2.2186E-04  3.6710E-03
  1.7281E-01 -1.7849E-01  2.2986E-04  3.8030E-03
  1.7436E-01 -1.8151E-01  2.3815E-04  3.9397E-03
  1.7592E-01 -1.8455E-01  2.4674E-04  4.0813E-03
  1.7749E-01 -1.8761E-01  2.5563E-04  4.2280E-03
  1.7908E-01 -1.9071E-01  2.6485E-04  4.3799E-03
  1.8069E-01 -1.9383E-01  2.7439E-04  4.5372E-03
  1.8230E-01 -1.9698E-01  2.8428E-04  4.7001E-03
  1.8393E-01 -2.0015E-01  2.9452E-04  4.8689E-03
  1.8558E-01 -2.0335E-01  3.0513E-04  5.0437E-03
  1.8724E-01 -2.0657E-01  3.1612E-04  5.2247E-03
  1.8892E-01 -2.0982E-01  3.2751E-04  5.4122E-03
  1.9061E-01 -2.1309E-01  3.3930E-04  5.6064E-03
  1.9232E-01 -2.1638E-01  3.5151E-04  5.8075E-03
  1.9404E-01 -2.1970E-01  3.6417E-04  6.0158E-03
  1.9578E-01 -2.2303E-01  3.7728E-04  6.2315E-03
  1.9753E-01 -2.2639E-01  3.9085E-04  6.4549E-03
  1.9930E-01 -2.2976E-01  4.0492E-04  6.6862E-03
  2.0108E-01 -2.3316E-01  4.1948E-04  6.9257E-03
  2.0288E-01 -2.3657E-01  4.3457E-04  7.1738E-03
  2.0470E-01 -2.4000E-01  4.5020E-04  7.4307E-03
  2.0653E-01 -2.4345E-01  4.6639E-04  7.6968E-03
  2.0838E-01 -2.4691E-01  4.8315E-04  7.9723E-03
  2.1024E-01 -2.5039E-01  5.0052E-04  8.2576E-03
  2.1213E-01 -2.5388E-01  5.1851E-04  8.5530E-03
  2.1403E-01 -2.5739E-01  5.3714E-04  8.8589E-03
  2.1594E-01 -2.6090E-01  5.5644E-04  9.1756E-03
  2.1787E-01 -2.6443E-01  5.7642E-04  9.5036E-03
  2.1983E-01 -2.6797E-01  5.9712E-04  9.8432E-03
  2.2179E-01 -2.7151E-01  6.1856E-04  1.0195E-02
  2.2378E-01 -2.7507E-01  6.4076E-04  1.0559E-02
  2.2578E-01 -2.7863E-01  6.6376E-04  1.0936E-02
  2.2780E-01 -2.8219E-01  6.8758E-04  1.1326E-02
  2.2984E-01 -2.8576E-01  7.1225E-04  1.1731E-02
  2.3190E-01 -2.8933E-01  7.3779E-04  1.2149E-02
  2.3398E-01 -2.9291E-01  7.6425E-04  1.2582E-02
  2.3607E-01 -2.9648E-01  7.9165E-04  1.3031E-02
  2.3818E-01 -3.0006E-01  8.2002E-04  1.3495E-02
  2.4032E-01 -3.0363E-01  8.4941E-04  1.3976E-02
  2.4247E-01 -3.0720E-01  8.7984E-04  1.4474E-02
  2.4464E-01 -3.1077E-01  9.1135E-04  1.4989E-02
  2.4683E-01 -3.1433E-01  9.4399E-04  1.5522E-02
  2.4904E-01 -3.1788E-01  9.7779E-04  1.6074E-02
  2.5127E-01 -3.2142E-01  1.0128E-03  1.6646E-02
  2.5351E-01 -3.2495E-01  1.0490E-03  1.7238E-02
  2.5578E-01 -3.2848E-01  1.0866E-03  1.7850E-02
  2.5807E-01 -3.3198E-01  1.1254E-03  1.8484E-02
  2.6038E-01 -3.3548E-01  1.1656E-03  1.9141E-02
  2.6271E-01 -3.3896E-01  1.2073E-03  1.9820E-02
  2.6507E-01 -3.4242E-01  1.2505E-03  2.0523E-02
  2.6744E-01 -3.4586E-01  1.2951E-03  2.1251E-02
  2.6983E-01 -3.4928E-01  1.3414E-03  2.2004E-02
  2.7225E-01 -3.5269E-01  1.3893E-03  2.2784E-02
  2.7468E-01 -3.5606E-01  1.4389E-03  2.3591E-02
  2.7714E-01 -3.5941E-01  1.4902E-03  2.4426E-02
  2.7962E-01 -3.6274E-01  1.5434E-03  2.5290E-02
  2.8213E-01 -3.6604E-01  1.5984E-03  2.6185E-02
  2.8465E-01 -3.6931E-01  1.6554E-03  2.7110E-02
  2.8720E-01 -3.7254E-01  1.7144E-03  2.8068E-02
  2.8977E-01 -3.7575E-01  1.7755E-03  2.9059E-02
  2.9236E-01 -3.7892E-01  1.8387E-03  3.0085E-02
  2.9498E-01 -3.8205E-01  1.9042E-03  3.1146E-02
  2.9762E-01 -3.8515E-01  1.9719E-03  3.2245E-02
  3.0028E-01 -3.8821E-01  2.0421E-03  3.3381E-02
  3.0297E-01 -3.9123E-01  2.1147E-03  3.4557E-02
  3.0568E-01 -3.9420E-01  2.1899E-03  3.5773E-02
  3.0842E-01 -3.9713E-01  2.2677E-03  3.7032E-02
  3.1118E-01 -4.0002E-01  2.3483E-03  3.8334E-02
  3.1397E-01 -4.0286E-01  2.4316E-03  3.9681E-02
  3.1678E-01 -4.0564E-01  2.5180E-03  4.1075E-02
  3.1961E-01 -4.0838E-01  2.6073E-03  4.2517E-02
  3.2247E-01 -4.1107E-01  2.6998E-03  4.4008E-02
  3.2536E-01 -4.1370E-01  2.7955E-03  4.5551E-02
  3.2827E-01 -4.1628E-01  2.8946E-03  4.7146E-02
  3.3121E-01 -4.1880E-01  2.9971E-03  4.8797E-02
  3.3417E-01 -4.2126E-01  3.1032E-03  5.0504E-02
  3.3716E-01 -4.2365E-01  3.2130E-03  5.2270E-02
  3.4018E-01 -4.2599E-01  3.3267E-03  5.4096E-02
  3.4323E-01 -4.2826E-01  3.4443E-03  5.5985E-02
  3.4630E-01 -4.3047E-01  3.5660E-03  5.7938E-02
  3.4940E-01 -4.3261E-01  3.6920E-03  5.9958E-02
  3.5252E-01 -4.3468E-01  3.8224E-03  6.2047E-02
  3.5568E-01 -4.3667E-01  3.9573E-03  6.4206E-02
  3.5886E-01 -4.3860E-01  4.0968E-03  6.6440E-02
  3.6207E-01 -4.4045E-01  4.2413E-03  6.8749E-02
  3.6531E-01 -4.4223E-01  4.3907E-03  7.1136E-02
  3.6858E-01 -4.4392E-01  4.5453E-03  7.3604E-02
  3.7188E-01 -4.4554E-01  4.7053E-03  7.6156E-02
  3.7521E-01 -4.4708E-01  4.8708E-03  7.8794E-02
  3.7857E-01 -4.4854E-01  5.0421E-03  8.1521E-02
  3.8196E-01 -4.4992E-01  5.2192E-03  8.4340E-02
  3.8537E-01 -4.5121E-01  5.4025E-03  8.7253E-02
  3.8882E-01 -4.5241E-01  5.5921E-03  9.0264E-02
  3.9230E-01 -4.5353E-01  5.7883E-03  9.3377E-02
  3.9581E-01 -4.5456E-01  5.9912E-03  9.6593E-02
  3.9936E-01 -4.5550E-01  6.2010E-03  9.9917E-02
  4.0293E-01 -4.5635E-01  6.4181E-03  1.0335E-01
  4.0654E-01 -4.5711E-01  6.6427E-03  1.0690E-01
  4.1018E-01 -4.5778E-01  6.8749E-03  1.1057E-01
  4.1385E-01 -4.5835E-01  7.1151E-03  1.1436E-01
  4.1755E-01 -4.5883E-01  7.3635E-03  1.1827E-01
  4.2129E-01 -4.5921E-01  7.6204E-03  1.2232E-01
  4.2506E-01 -4.5949E-01  7.8861E-03  1.2650E-01
  4.2886E-01 -4.5968E-01  8.1608E-03  1.3081E-01
  4.3270E-01 -4.5977E-01  8.4449E-03  1.3527E-01
  4.3657E-01 -4.5976E-01  8.7387E-03  1.3987E-01
  4.4048E-01 -4.5965E-01  9.0425E-03  1.4463E-01
  4.4442E-01 -4.5944E-01  9.3565E-03  1.4954E-01
  4.4840E-01 -4.5913E-01  9.6812E-03  1.5461E-01
  4.5241E-01 -4.5872E-01  1.0017E-02  1.5984E-01
  4.5646E-01 -4.5820E-01  1.0364E-02  1.6525E-01
  4.6054E-01 -4.5758E-01  1.0723E-02  1.7083E-01
  4.6467E-01 -4.5686E-01  1.1094E-02  1.7659E-01
  4.6882E-01 -4.5603E-01  1.1477E-02  1.8254E-01
  4.7302E-01 -4.5510E-01  1.1873E-02  1.8867E-01
  4.7725E-01 -4.5406E-01  1.2283E-02  1.9501E-01
  4.8152E-01 -4.5292E-01  1.2706E-02  2.0155E-01
  4.8583E-01 -4.5167E-01  1.3144E-02  2.0829E-01
  4.9018E-01 -4.5032E-01  1.3596E-02  2.1526E-01
  4.9457E-01 -4.4886E-01  1.4063E-02  2.2244E-01
  4.9899E-01 -4.4730E-01  1.4546E-02  2.2985E-01
  5.0346E-01 -4.4563E-01  1.5045E-02  2.3749E-01
  5.0796E-01 -4.4385E-01  1.5560E-02  2.4538E-01
  5.1251E-01 -4.4197E-01  1.6093E-02  2.5351E-01
  5.1710E-01 -4.3998E-01  1.6643E-02  2.6190E-01
  5.2172E-01 -4.3788E-01  1.7211E-02  2.7055E-01
  5.2639E-01 -4.3568E-01  1.7798E-02  2.7946E-01
  5.3110E-01 -4.3337E-01  1.8405E-02  2.8866E-01
  5.3586E-01 -4.3096E-01  1.9031E-02  2.9814E-01
  5.4065E-01 -4.2844E-01  1.9678E-02  3.0791E-01
  5.4549E-01 -4.2581E-01  2.0346E-02  3.1798E-01
  5.5037E-01 -4.2308E-01  2.1036E-02  3.2835E-01
  5.5530E-01 -4.2024E-01  2.1749E-02  3.3905E-01
  5.6026E-01 -4.1730E-01  2.2484E-02  3.5006E-01
  5.6528E-01 -4.1425E-01  2.3244E-02  3.6142E-01
  5.7034E-01 -4.1109E-01  2.4028E-02  3.7311E-01
  5.7544E-01 -4.0783E-01  2.4838E-02  3.8515E-01
  5.8059E-01 -4.0447E-01  2.5673E-02  3.9755E-01
  5.8579E-01 -4.0101E-01  2.6536E-02  4.1032E-01
  5.9103E-01 -3.9744E-01  2.7426E-02  4.2347E-01
  5.9632E-01 -3.9376E-01  2.8345E-02  4.3700E-01
  6.0165E-01 -3.8999E-01  2.9293E-02  4.5093E-01
  6.0704E-01 -3.8611E-01  3.0272E-02  4.6527E-01
  6.1247E-01 -3.8213E-01  3.1282E-02  4.8002E-01
  6.1795E-01 -3.7805E-01  3.2323E-02  4.9520E-01
  6.2348E-01 -3.7386E-01  3.3398E-02  5.1081E-01
  6.2906E-01 -3.6958E-01  3.4507E-02  5.2687E-01
  6.3469E-01 -3.6519E-01  3.5650E-02  5.4338E-01
  6.4037E-01 -3.6071E-01  3.6829E-02  5.6036E-01
  6.4610E-01 -3.5612E-01  3.8046E-02  5.7782E-01
  6.5188E-01 -3.5144E-01  3.9300E-02  5.9576E-01
  6.5771E-01 -3.4666E-01  4.0593E-02  6.1420E-01
  6.6360E-01 -3.4178E-01  4.1927E-02  6.3314E-01
  6.6954E-01 -3.3680E-01  4.3302E-02  6.5260E-01
  6.7553E-01 -3.3173E-01  4.4719E-02  6.7259E-01
  6.8157E-01 -3.2656E-01  4.6180E-02  6.9312E-01
  6.8767E-01 -3.2129E-01  4.7685E-02  7.1420E-01
  6.9382E-01 -3.1593E-01  4.9236E-02  7.3583E-01
  7.0003E-01 -3.1047E-01  5.0835E-02  7.5804E-01
  7.0630E-01 -3.0492E-01  5.2482E-02  7.8082E-01
  7.1262E-01 -2.9927E-01  5.4179E-02  8.0419E-01
  7.1899E-01 -2.9353E-01  5.5927E-02  8.2816E-01
  7.2543E-01 -2.8770E-01  5.7728E-02  8.5274E-01
  7.3192E-01 -2.8177E-01  5.9582E-02  8.7794E-01
  7.3847E-01 -2.7575E-01  6.1491E-02  9.0377E-01
  7.4508E-01 -2.6964E-01  6.3457E-02  9.3023E-01
  7.5174E-01 -2.6344E-01  6.5481E-02  9.5733E-01
  7.5847E-01 -2.5715E-01  6.7565E-02  9.8509E-01
  7.6526E-01 -2.5077E-01  6.9709E-02  1.0135E+00
  7.7211E-01 -2.4429E-01  7.1916E-02  1.0426E+00
  7.7901E-01 -2.3773E-01  7.4187E-02  1.0724E+00
  7.8598E-01 -2.3108E-01  7.6524E-02  1.1028E+00
  7.9302E-01 -2.2433E-01  7.8927E-02  1.1340E+00
  8.0011E-01 -2.1750E-01  8.1400E-02  1.1658E+00
  8.0727E-01 -2.1059E-01  8.3943E-02  1.1983E+00
  8.1450E-01 -2.0358E-01  8.6558E-02  1.2316E+00
  8.2179E-01 -1.9649E-01  8.9246E-02  1.2655E+00
  8.2914E-01 -1.8931E-01  9.2010E-02  1.3002E+00
  8.3656E-01 -1.8204E-01  9.4851E-02  1.3356E+00
  8.4404E-01 -1.7468E-01  9.7771E-02  1.3716E+00
  8.5160E-01 -1.6724E-01  1.0077E-01  1.4084E+00
  8.5922E-01 -1.5972E-01  1.0385E-01  1.4460E+00
  8.6690E-01 -1.5211E-01  1.0702E-01  1.4842E+00
  8.7466E-01 -1.4441E-01  1.1027E-01  1.5231E+00
  8.8249E-01 -1.3663E-01  1.1361E-01  1.5628E+00
  8.9038E-01 -1.2876E-01  1.1704E-01  1.6031E+00
  8.9835E-01 -1.2081E-01  1.2056E-01  1.6441E+00
  9.0639E-01 -1.1277E-01  1.2417E-01  1.6858E+00
  9.1450E-01 -1.0465E-01  1.2788E-01  1.7282E+00
  9.2268E-01 -9.6446E-02  1.3168E-01  1.7712E+00
  9.3094E-01 -8.8158E-02  1.3558E-01  1.8149E+00
  9.3927E-01 -7.9786E-02  1.3959E-01  1.8592E+00
  9.4767E-01 -7.1330E-02  1.4369E-01  1.9042E+00
  9.5615E-01 -6.2792E-02  1.4790E-01  1.9497E+00
  9.6471E-01 -5.4170E-02  1.5221E-01  1.9958E+00
  9.7334E-01 -4.5466E-02  1.5663E-01  2.0424E+00
  9.8205E-01 -3.6679E-02  1.6116E-01  2.0896E+00
  9.9084E-01 -2.7810E-02  1.6579E-01  2.1372E+00
  9.9970E-01 -1.8858E-02  1.7054E-01  2.1854E+00
  1.0086E+00 -9.8243E-03  1.7541E-01  2.2339E+00
  1.0177E+00 -7.0877E-04  1.8039E-01  2.2828E+00
  1.0268E+00  8.4883E-03  1.8548E-01  2.3321E+00
  1.0360E+00  1.7767E-02  1.9070E-01  2.3817E+00
  1.0452E+00  2.7126E-02  1.9603E-01  2.4316E+00
  1.0546E+00  3.6567E-02  2.0149E-01  2.4816E+00
  1.0640E+00  4.6088E-02  2.0707E-01  2.5319E+00
  1.0735E+00  5.5689E-02  2.1277E-01  2.5822E+00
  1.0832E+00  6.5371E-02  2.1860E-01  2.6326E+00
  1.0928E+00  7.5132E-02  2.2455E-01  2.6829E+00
  1.1026E+00  8.4972E-02  2.3064E-01  2.7332E+00
  1.1125E+00  9.4891E-02  2.3685E-01  2.7833E+00
  1.1224E+00  1.0489E-01  2.4319E-01  2.8332E+00
  1.1325E+00  1.1497E-01  2.4966E-01  2.8827E+00
  1.1426E+00  1.2512E-01  2.5626E-01  2.9319E+00
  1.1528E+00  1.3535E-01  2.6300E-01  2.9806E+00
  1.1632E+00  1.4566E-01  2.6987E-01  3.0287E+00
  1.1736E+00  1.5604E-01  2.7687E-01  3.0761E+00
  1.1841E+00  1.6650E-01  2.8400E-01  3.1228E+00
  1.1947E+00  1.7703E-01  2.9127E-01  3.1686E+00
  1.2054E+00  1.8764E-01  2.9867E-01  3.2134E+00
  1.2161E+00  1.9832E-01  3.0621E-01  3.2571E+00
  1.2270E+00  2.0908E-01  3.1388E-01  3.2996E+00
  1.2380E+00  2.1990E-01  3.2169E-01  3.3408E+00
  1.2491E+00  2.3080E-01  3.2962E-01  3.3805E+00
  1.2602E+00  2.4177E-01  3.3769E-01  3.4186E+00
  1.2715E+00  2.5280E-01  3.4590E-01  3.4549E+00
  1.2829E+00  2.6391E-01  3.5423E-01  3.4894E+00
  1.2944E+00  2.7508E-01  3.6269E-01  3.5219E+00
  1.3060E+00  2.8631E-01  3.7129E-01  3.5522E+00
  1.3176E+00  2.9761E-01  3.8001E-01  3.5801E+00
  1.3294E+00  3.0897E-01  3.8885E-01  3.6057E+00
  1.3413E+00  3.2040E-01  3.9782E-01  3.6286E+00
  1.3533E+00  3.3188E-01  4.0691E-01  3.6487E+00
  1.3654E+00  3.4342E-01  4.1613E-01  3.6658E+00
  1.3777E+00  3.5502E-01  4.2546E-01  3.6799E+00
  1.3900E+00  3.6667E-01  4.3490E-01  3.6906E+00
  1.4024E+00  3.7838E-01  4.4446E-01  3.6980E+00
  1.4150E+00  3.9013E-01  4.5412E-01  3.7017E+00
  1.4276E+00  4.0193E-01  4.6389E-01  3.7017E+00
  1.4404E+00  4.1378E-01  4.7376E-01  3.6977E+00
  1.4533E+00  4.2568E-01  4.8373E-01  3.6896E+00
  1.4663E+00  4.3761E-01  4.9380E-01  3.6772E+00
  1.4794E+00  4.4958E-01  5.0396E-01  3.6604E+00
  1.4927E+00  4.6159E-01  5.1420E-01  3.6390E+00
  1.5060E+00  4.7363E-01  5.2452E-01  3.6129E+00
  1.5195E+00  4.8570E-01  5.3492E-01  3.5819E+00
  1.5331E+00  4.9779E-01  5.4540E-01  3.5459E+00
  1.5468E+00  5.0991E-01  5.5593E-01  3.5048E+00
  1.5606E+00  5.2204E-01  5.6653E-01  3.4584E+00
  1.5746E+00  5.3419E-01  5.7719E-01  3.4067E+00
  1.5887E+00  5.4636E-01  5.8789E-01  3.3495E+00
  1.6029E+00  5.5852E-01  5.9863E-01  3.2868E+00
  1.6172E+00  5.7069E-01  6.0942E-01  3.2184E+00
  1.6317E+00  5.8286E-01  6.2023E-01  3.1444E+00
  1.6463E+00  5.9502E-01  6.3106E-01  3.0647E+00
  1.6610E+00  6.0717E-01  6.4192E-01  2.9794E+00
  1.6759E+00  6.1930E-01  6.5278E-01  2.8883E+00
  1.6909E+00  6.3140E-01  6.6364E-01  2.7916E+00
  1.7060E+00  6.4348E-01  6.7449E-01  2.6893E+00
  1.7213E+00  6.5552E-01  6.8533E-01  2.5815E+00
  1.7367E+00  6.6752E-01  6.9615E-01  2.4684E+00
  1.7522E+00  6.7947E-01  7.0694E-01  2.3500E+00
  1.7679E+00  6.9137E-01  7.1770E-01  2.2267E+00
  1.7837E+00  7.0320E-01  7.2840E-01  2.0985E+00
  1.7997E+00  7.1497E-01  7.3905E-01  1.9657E+00
  1.8158E+00  7.2666E-01  7.4964E-01  1.8287E+00
  1.8320E+00  7.3826E-01  7.6015E-01  1.6878E+00
  1.8484E+00  7.4976E-01  7.7059E-01  1.5433E+00
  1.8650E+00  7.6117E-01  7.8093E-01  1.3958E+00
  1.8817E+00  7.7246E-01  7.9117E-01  1.2456E+00
  1.8985E+00  7.8363E-01  8.0131E-01  1.0934E+00
  1.9155E+00  7.9467E-01  8.1133E-01  9.3963E-01
  1.9326E+00  8.0557E-01  8.2122E-01  7.8497E-01
  1.9499E+00  8.1632E-01  8.3097E-01  6.3009E-01
  1.9674E+00  8.2690E-01  8.4057E-01  4.7573E-01
  1.9850E+00  8.3731E-01  8.5002E-01  3.2268E-01
  2.0027E+00  8.4753E-01  8.5930E-01  1.7176E-01
  2.0206E+00  8.5756E-01  8.6840E-01  2.3863E-02
  2.0387E+00  8.6737E-01  8.7732E-01 -1.2006E-01
  2.0570E+00  8.7696E-01  8.8603E-01 -2.5902E-01
  2.0754E+00  8.8632E-01  8.9454E-01 -3.9198E-01
  2.0939E+00  8.9542E-01  9.0282E-01 -5.1785E-01
  2.1127E+00  9.0426E-01  9.1088E-01 -6.3549E-01
  2.1316E+00  9.1282E-01  9.1868E-01 -7.4372E-01
  2.1506E+00  9.2108E-01  9.2623E-01 -8.4134E-01
  2.1699E+00  9.2904E-01  9.3351E-01 -9.2711E-01
  2.1893E+00  9.3667E-01  9.4051E-01 -9.9975E-01
  2.2089E+00  9.4396E-01  9.4721E-01 -1.0580E+00
  2.2286E+00  9.5088E-01  9.5360E-01 -1.1005E+00
  2.2486E+00  9.5744E-01  9.5966E-01 -1.1259E+00
  2.2687E+00  9.6360E-01  9.6538E-01 -1.1330E+00
  2.2890E+00  9.6934E-01  9.7074E-01 -1.1205E+00
  2.3095E+00  9.7466E-01  9.7572E-01 -1.0871E+00
  2.3301E+00  9.7953E-01  9.8031E-01 -1.0357E+00
  2.3510E+00  9.8394E-01  9.8448E-01 -9.6932E-01
  2.3720E+00  9.8785E-01  9.8821E-01 -8.8687E-01
  2.3933E+00  9.9126E-01  9.9148E-01 -7.8723E-01
  2.4147E+00  9.9415E-01  9.9426E-01 -6.6938E-01
  2.4363E+00  9.9648E-01  9.9653E-01 -5.3240E-01
  2.4581E+00  9.9825E-01  9.9827E-01 -3.7546E-01
  2.4801E+00  9.9943E-01  9.9943E-01 -1.9782E-01
  2.5023E+00  1.0000E+00  1.0000E+00 -0.0000E+00
  2.5246E+00  9.9994E-01  9.9994E-01 -0.0000E+00
  2.5472E+00  9.9922E-01  9.9922E-01 -0.0000E+00
  2.5700E+00  9.9783E-01  9.9783E-01 -0.0000E+00
  2.5930E+00  9.9575E-01  9.9575E-01 -0.0000E+00
  2.6162E+00  9.9294E-01  9.9294E-01 -0.0000E+00
  2.6396E+00  9.8939E-01  9.8939E-01 -0.0000E+00
  2.6632E+00  9.8508E-01  9.8508E-01 -0.0000E+00
  2.6871E+00  9.7998E-01  9.7998E-01 -0.0000E+00
  2.7111E+00  9.7407E-01  9.7407E-01 -0.0000E+00
  2.7354E+00  9.6733E-01  9.6733E-01 -0.0000E+00
  2.7598E+00  9.5974E-01  9.5974E-01 -0.0000E+00
  2.7845E+00  9.5128E-01  9.5128E-01 -0.0000E+00
  2.8094E+00  9.4192E-01  9.4192E-01 -0.0000E+00
  2.8346E+00  9.3165E-01  9.3165E-01 -0.0000E+00
  2.8599E+00  9.2044E-01  9.2044E-01 -0.0000E+00
  2.8855E+00  9.0828E-01  9.0828E-01 -0.0000E+00
  2.9113E+00  8.9514E-01  8.9514E-01 -0.0000E+00
  2.9374E+00  8.8102E-01  8.8102E-01 -0.0000E+00
  2.9637E+00  8.6588E-01  8.6588E-01 -0.0000E+00
  2.9902E+00  8.4972E-01  8.4972E-01 -0.0000E+00
  3.0169E+00  8.3253E-01  8.3253E-01 -0.0000E+00
  3.0439E+00  8.1429E-01  8.1429E-01 -0.0000E+00
  3.0712E+00  7.9498E-01  7.9498E-01 -0.0000E+00
  3.0987E+00  7.7461E-01  7.7461E-01 -0.0000E+00
  3.1264E+00  7.5315E-01  7.5315E-01 -0.0000E+00
  3.1543E+00  7.3061E-01  7.3061E-01 -0.0000E+00
  3.1826E+00  7.0699E-01  7.0699E-01 -0.0000E+00
  3.2110E+00  6.8227E-01  6.8227E-01 -0.0000E+00
  3.2398E+00  6.5646E-01  6.5646E-01 -0.0000E+00
  3.2688E+00  6.2957E-01  6.2957E-01 -0.0000E+00
  3.2980E+00  6.0160E-01  6.0160E-01 -0.0000E+00
  3.3275E+00  5.7255E-01  5.7255E-01 -0.0000E+00
  3.3573E+00  5.4245E-01  5.4245E-01 -0.0000E+00
  3.3873E+00  5.1131E-01  5.1131E-01 -0.0000E+00
  3.4176E+00  4.7914E-01  4.7914E-01 -0.0000E+00
  3.4482E+00  4.4596E-01  4.4596E-01 -0.0000E+00
  3.4791E+00  4.1181E-01  4.1181E-01 -0.0000E+00
  3.5102E+00  3.7671E-01  3.7671E-01 -0.0000E+00
  3.5416E+00  3.4069E-01  3.4069E-01 -0.0000E+00
  3.5733E+00  3.0379E-01  3.0379E-01 -0.0000E+00
  3.6052E+00  2.6606E-01  2.6606E-01 -0.0000E+00
  3.6375E+00  2.2753E-01  2.2753E-01 -0.0000E+00
  3.6700E+00  1.8827E-01  1.8827E-01 -0.0000E+00
  3.7029E+00  1.4831E-01  1.4831E-01 -0.0000E+00
  3.7360E+00  1.0773E-01  1.0773E-01 -0.0000E+00
  3.7694E+00  6.6591E-02  6.6591E-02 -0.0000E+00
  3.8032E+00  2.4954E-02  2.4954E-02 -0.0000E+00
  3.8372E+00 -1.7104E-02 -1.7104E-02 -0.0000E+00
  3.8715E+00 -5.9505E-02 -5.9505E-02 -0.0000E+00
  3.9062E+00 -1.0216E-01 -1.0216E-01 -0.0000E+00
