 # l=           0 basis function with energy     2.0000000000000000     
  0.0000E+00  0.0000E+00 -0.0000E+00  0.0000E+00
  5.9109E-06  2.1753E-04 -1.5124E-05 -5.4142E-05
  1.1906E-05  4.2857E-04 -3.0464E-05 -1.0905E-04
  1.7986E-05  6.3901E-04 -4.6022E-05 -1.6475E-04
  2.4153E-05  8.5005E-04 -6.1801E-05 -2.2123E-04
  3.0408E-05  1.0622E-03 -7.7804E-05 -2.7852E-04
  3.6751E-05  1.2760E-03 -9.4036E-05 -3.3663E-04
  4.3185E-05  1.4915E-03 -1.1050E-04 -3.9556E-04
  4.9710E-05  1.7089E-03 -1.2719E-04 -4.5533E-04
  5.6328E-05  1.9284E-03 -1.4413E-04 -5.1594E-04
  6.3040E-05  2.1501E-03 -1.6130E-04 -5.7743E-04
  6.9848E-05  2.3741E-03 -1.7872E-04 -6.3978E-04
  7.6753E-05  2.6005E-03 -1.9639E-04 -7.0303E-04
  8.3756E-05  2.8293E-03 -2.1431E-04 -7.6717E-04
  9.0858E-05  3.0607E-03 -2.3248E-04 -8.3223E-04
  9.8062E-05  3.2947E-03 -2.5091E-04 -8.9821E-04
  1.0537E-04  3.5313E-03 -2.6961E-04 -9.6513E-04
  1.1278E-04  3.7706E-03 -2.8857E-04 -1.0330E-03
  1.2029E-04  4.0127E-03 -3.0780E-04 -1.1018E-03
  1.2792E-04  4.2576E-03 -3.2730E-04 -1.1717E-03
  1.3565E-04  4.5054E-03 -3.4708E-04 -1.2425E-03
  1.4349E-04  4.7562E-03 -3.6714E-04 -1.3143E-03
  1.5144E-04  5.0099E-03 -3.8749E-04 -1.3871E-03
  1.5950E-04  5.2666E-03 -4.0813E-04 -1.4610E-03
  1.6768E-04  5.5265E-03 -4.2906E-04 -1.5359E-03
  1.7598E-04  5.7895E-03 -4.5029E-04 -1.6119E-03
  1.8440E-04  6.0556E-03 -4.7182E-04 -1.6890E-03
  1.9293E-04  6.3250E-03 -4.9365E-04 -1.7672E-03
  2.0159E-04  6.5977E-03 -5.1580E-04 -1.8464E-03
  2.1036E-04  6.8737E-03 -5.3826E-04 -1.9269E-03
  2.1927E-04  7.1531E-03 -5.6105E-04 -2.0084E-03
  2.2830E-04  7.4360E-03 -5.8415E-04 -2.0911E-03
  2.3746E-04  7.7223E-03 -6.0759E-04 -2.1750E-03
  2.4675E-04  8.0121E-03 -6.3136E-04 -2.2601E-03
  2.5617E-04  8.3055E-03 -6.5546E-04 -2.3464E-03
  2.6572E-04  8.6025E-03 -6.7991E-04 -2.4339E-03
  2.7541E-04  8.9033E-03 -7.0471E-04 -2.5227E-03
  2.8524E-04  9.2077E-03 -7.2986E-04 -2.6127E-03
  2.9521E-04  9.5159E-03 -7.5537E-04 -2.7040E-03
  3.0532E-04  9.8280E-03 -7.8124E-04 -2.7966E-03
  3.1558E-04  1.0144E-02 -8.0748E-04 -2.8906E-03
  3.2598E-04  1.0464E-02 -8.3409E-04 -2.9858E-03
  3.3653E-04  1.0788E-02 -8.6108E-04 -3.0825E-03
  3.4723E-04  1.1115E-02 -8.8845E-04 -3.1804E-03
  3.5808E-04  1.1447E-02 -9.1622E-04 -3.2798E-03
  3.6908E-04  1.1784E-02 -9.4438E-04 -3.3806E-03
  3.8024E-04  1.2124E-02 -9.7294E-04 -3.4829E-03
  3.9156E-04  1.2468E-02 -1.0019E-03 -3.5866E-03
  4.0304E-04  1.2817E-02 -1.0313E-03 -3.6917E-03
  4.1469E-04  1.3170E-02 -1.0611E-03 -3.7984E-03
  4.2650E-04  1.3528E-02 -1.0913E-03 -3.9066E-03
  4.3848E-04  1.3890E-02 -1.1219E-03 -4.0163E-03
  4.5063E-04  1.4257E-02 -1.1530E-03 -4.1276E-03
  4.6295E-04  1.4628E-02 -1.1846E-03 -4.2404E-03
  4.7545E-04  1.5003E-02 -1.2165E-03 -4.3549E-03
  4.8812E-04  1.5384E-02 -1.2490E-03 -4.4710E-03
  5.0098E-04  1.5769E-02 -1.2819E-03 -4.5888E-03
  5.1401E-04  1.6159E-02 -1.3152E-03 -4.7082E-03
  5.2724E-04  1.6554E-02 -1.3491E-03 -4.8293E-03
  5.4065E-04  1.6954E-02 -1.3834E-03 -4.9521E-03
  5.5425E-04  1.7359E-02 -1.4182E-03 -5.0767E-03
  5.6805E-04  1.7768E-02 -1.4535E-03 -5.2031E-03
  5.8204E-04  1.8183E-02 -1.4893E-03 -5.3313E-03
  5.9623E-04  1.8603E-02 -1.5256E-03 -5.4613E-03
  6.1063E-04  1.9029E-02 -1.5624E-03 -5.5931E-03
  6.2522E-04  1.9459E-02 -1.5998E-03 -5.7268E-03
  6.4003E-04  1.9895E-02 -1.6377E-03 -5.8624E-03
  6.5505E-04  2.0336E-02 -1.6761E-03 -6.0000E-03
  6.7028E-04  2.0783E-02 -1.7151E-03 -6.1395E-03
  6.8572E-04  2.1235E-02 -1.7546E-03 -6.2810E-03
  7.0139E-04  2.1693E-02 -1.7947E-03 -6.4245E-03
  7.1728E-04  2.2157E-02 -1.8353E-03 -6.5700E-03
  7.3339E-04  2.2626E-02 -1.8766E-03 -6.7176E-03
  7.4974E-04  2.3101E-02 -1.9184E-03 -6.8673E-03
  7.6632E-04  2.3582E-02 -1.9608E-03 -7.0192E-03
  7.8313E-04  2.4069E-02 -2.0038E-03 -7.1732E-03
  8.0018E-04  2.4562E-02 -2.0474E-03 -7.3293E-03
  8.1748E-04  2.5060E-02 -2.0917E-03 -7.4878E-03
  8.3502E-04  2.5565E-02 -2.1366E-03 -7.6484E-03
  8.5281E-04  2.6077E-02 -2.1821E-03 -7.8114E-03
  8.7085E-04  2.6594E-02 -2.2283E-03 -7.9766E-03
  8.8915E-04  2.7118E-02 -2.2751E-03 -8.1443E-03
  9.0771E-04  2.7648E-02 -2.3226E-03 -8.3143E-03
  9.2654E-04  2.8184E-02 -2.3707E-03 -8.4867E-03
  9.4563E-04  2.8728E-02 -2.4196E-03 -8.6616E-03
  9.6499E-04  2.9277E-02 -2.4691E-03 -8.8389E-03
  9.8463E-04  2.9834E-02 -2.5194E-03 -9.0188E-03
  1.0046E-03  3.0397E-02 -2.5704E-03 -9.2013E-03
  1.0248E-03  3.0967E-02 -2.6221E-03 -9.3863E-03
  1.0452E-03  3.1544E-02 -2.6745E-03 -9.5740E-03
  1.0660E-03  3.2128E-02 -2.7277E-03 -9.7644E-03
  1.0871E-03  3.2719E-02 -2.7816E-03 -9.9574E-03
  1.1085E-03  3.3317E-02 -2.8363E-03 -1.0153E-02
  1.1302E-03  3.3922E-02 -2.8918E-03 -1.0352E-02
  1.1521E-03  3.4534E-02 -2.9480E-03 -1.0553E-02
  1.1744E-03  3.5154E-02 -3.0051E-03 -1.0757E-02
  1.1971E-03  3.5781E-02 -3.0630E-03 -1.0965E-02
  1.2200E-03  3.6416E-02 -3.1217E-03 -1.1175E-02
  1.2433E-03  3.7058E-02 -3.1812E-03 -1.1388E-02
  1.2669E-03  3.7708E-02 -3.2416E-03 -1.1604E-02
  1.2908E-03  3.8365E-02 -3.3028E-03 -1.1823E-02
  1.3151E-03  3.9031E-02 -3.3649E-03 -1.2046E-02
  1.3397E-03  3.9704E-02 -3.4279E-03 -1.2271E-02
  1.3647E-03  4.0385E-02 -3.4918E-03 -1.2500E-02
  1.3900E-03  4.1074E-02 -3.5566E-03 -1.2732E-02
  1.4157E-03  4.1772E-02 -3.6223E-03 -1.2967E-02
  1.4417E-03  4.2477E-02 -3.6890E-03 -1.3206E-02
  1.4682E-03  4.3191E-02 -3.7566E-03 -1.3448E-02
  1.4950E-03  4.3912E-02 -3.8252E-03 -1.3693E-02
  1.5221E-03  4.4643E-02 -3.8947E-03 -1.3942E-02
  1.5497E-03  4.5382E-02 -3.9653E-03 -1.4195E-02
  1.5777E-03  4.6129E-02 -4.0368E-03 -1.4451E-02
  1.6060E-03  4.6885E-02 -4.1093E-03 -1.4710E-02
  1.6348E-03  4.7650E-02 -4.1829E-03 -1.4974E-02
  1.6639E-03  4.8423E-02 -4.2576E-03 -1.5241E-02
  1.6935E-03  4.9205E-02 -4.3333E-03 -1.5512E-02
  1.7235E-03  4.9997E-02 -4.4100E-03 -1.5787E-02
  1.7540E-03  5.0797E-02 -4.4879E-03 -1.6066E-02
  1.7848E-03  5.1606E-02 -4.5669E-03 -1.6348E-02
  1.8161E-03  5.2425E-02 -4.6470E-03 -1.6635E-02
  1.8479E-03  5.3252E-02 -4.7282E-03 -1.6926E-02
  1.8801E-03  5.4089E-02 -4.8106E-03 -1.7221E-02
  1.9127E-03  5.4936E-02 -4.8942E-03 -1.7520E-02
  1.9459E-03  5.5792E-02 -4.9789E-03 -1.7823E-02
  1.9795E-03  5.6657E-02 -5.0649E-03 -1.8131E-02
  2.0135E-03  5.7532E-02 -5.1520E-03 -1.8443E-02
  2.0481E-03  5.8417E-02 -5.2405E-03 -1.8760E-02
  2.0831E-03  5.9311E-02 -5.3301E-03 -1.9081E-02
  2.1187E-03  6.0215E-02 -5.4211E-03 -1.9406E-02
  2.1547E-03  6.1130E-02 -5.5133E-03 -1.9736E-02
  2.1913E-03  6.2054E-02 -5.6069E-03 -2.0071E-02
  2.2284E-03  6.2988E-02 -5.7018E-03 -2.0411E-02
  2.2660E-03  6.3932E-02 -5.7980E-03 -2.0756E-02
  2.3041E-03  6.4886E-02 -5.8956E-03 -2.1105E-02
  2.3428E-03  6.5851E-02 -5.9946E-03 -2.1459E-02
  2.3821E-03  6.6826E-02 -6.0951E-03 -2.1819E-02
  2.4219E-03  6.7811E-02 -6.1969E-03 -2.2183E-02
  2.4622E-03  6.8807E-02 -6.3002E-03 -2.2553E-02
  2.5032E-03  6.9813E-02 -6.4049E-03 -2.2928E-02
  2.5447E-03  7.0830E-02 -6.5112E-03 -2.3308E-02
  2.5868E-03  7.1857E-02 -6.6189E-03 -2.3694E-02
  2.6295E-03  7.2896E-02 -6.7282E-03 -2.4085E-02
  2.6728E-03  7.3944E-02 -6.8391E-03 -2.4482E-02
  2.7168E-03  7.5004E-02 -6.9515E-03 -2.4885E-02
  2.7613E-03  7.6075E-02 -7.0655E-03 -2.5293E-02
  2.8065E-03  7.7156E-02 -7.1811E-03 -2.5707E-02
  2.8524E-03  7.8248E-02 -7.2984E-03 -2.6127E-02
  2.8989E-03  7.9352E-02 -7.4174E-03 -2.6552E-02
  2.9460E-03  8.0466E-02 -7.5380E-03 -2.6984E-02
  2.9938E-03  8.1591E-02 -7.6604E-03 -2.7422E-02
  3.0424E-03  8.2728E-02 -7.7845E-03 -2.7867E-02
  3.0915E-03  8.3876E-02 -7.9104E-03 -2.8317E-02
  3.1414E-03  8.5035E-02 -8.0380E-03 -2.8774E-02
  3.1920E-03  8.6205E-02 -8.1675E-03 -2.9238E-02
  3.2434E-03  8.7387E-02 -8.2988E-03 -2.9708E-02
  3.2954E-03  8.8579E-02 -8.4320E-03 -3.0184E-02
  3.3482E-03  8.9784E-02 -8.5671E-03 -3.0668E-02
  3.4018E-03  9.0999E-02 -8.7041E-03 -3.1158E-02
  3.4561E-03  9.2226E-02 -8.8431E-03 -3.1656E-02
  3.5111E-03  9.3465E-02 -8.9840E-03 -3.2160E-02
  3.5670E-03  9.4715E-02 -9.1269E-03 -3.2672E-02
  3.6237E-03  9.5976E-02 -9.2719E-03 -3.3191E-02
  3.6811E-03  9.7249E-02 -9.4189E-03 -3.3717E-02
  3.7394E-03  9.8533E-02 -9.5680E-03 -3.4251E-02
  3.7985E-03  9.9829E-02 -9.7193E-03 -3.4792E-02
  3.8585E-03  1.0114E-01 -9.8727E-03 -3.5342E-02
  3.9193E-03  1.0245E-01 -1.0028E-02 -3.5898E-02
  3.9809E-03  1.0378E-01 -1.0186E-02 -3.6463E-02
  4.0435E-03  1.0513E-01 -1.0346E-02 -3.7036E-02
  4.1069E-03  1.0648E-01 -1.0508E-02 -3.7617E-02
  4.1713E-03  1.0784E-01 -1.0673E-02 -3.8207E-02
  4.2365E-03  1.0922E-01 -1.0840E-02 -3.8804E-02
  4.3027E-03  1.1061E-01 -1.1009E-02 -3.9410E-02
  4.3698E-03  1.1201E-01 -1.1181E-02 -4.0025E-02
  4.4379E-03  1.1342E-01 -1.1355E-02 -4.0649E-02
  4.5069E-03  1.1484E-01 -1.1532E-02 -4.1281E-02
  4.5770E-03  1.1627E-01 -1.1711E-02 -4.1923E-02
  4.6480E-03  1.1771E-01 -1.1893E-02 -4.2573E-02
  4.7200E-03  1.1917E-01 -1.2077E-02 -4.3233E-02
  4.7931E-03  1.2063E-01 -1.2264E-02 -4.3902E-02
  4.8672E-03  1.2211E-01 -1.2454E-02 -4.4581E-02
  4.9424E-03  1.2360E-01 -1.2646E-02 -4.5269E-02
  5.0186E-03  1.2509E-01 -1.2841E-02 -4.5967E-02
  5.0959E-03  1.2660E-01 -1.3039E-02 -4.6675E-02
  5.1743E-03  1.2812E-01 -1.3239E-02 -4.7393E-02
  5.2538E-03  1.2965E-01 -1.3443E-02 -4.8122E-02
  5.3345E-03  1.3119E-01 -1.3649E-02 -4.8860E-02
  5.4163E-03  1.3274E-01 -1.3859E-02 -4.9610E-02
  5.4992E-03  1.3430E-01 -1.4071E-02 -5.0370E-02
  5.5834E-03  1.3587E-01 -1.4286E-02 -5.1140E-02
  5.6687E-03  1.3745E-01 -1.4505E-02 -5.1922E-02
  5.7553E-03  1.3904E-01 -1.4726E-02 -5.2715E-02
  5.8431E-03  1.4064E-01 -1.4951E-02 -5.3519E-02
  5.9321E-03  1.4225E-01 -1.5178E-02 -5.4334E-02
  6.0224E-03  1.4387E-01 -1.5409E-02 -5.5161E-02
  6.1140E-03  1.4550E-01 -1.5644E-02 -5.6000E-02
  6.2069E-03  1.4713E-01 -1.5881E-02 -5.6851E-02
  6.3011E-03  1.4878E-01 -1.6123E-02 -5.7714E-02
  6.3967E-03  1.5043E-01 -1.6367E-02 -5.8589E-02
  6.4936E-03  1.5209E-01 -1.6615E-02 -5.9476E-02
  6.5919E-03  1.5376E-01 -1.6866E-02 -6.0377E-02
  6.6916E-03  1.5544E-01 -1.7122E-02 -6.1290E-02
  6.7927E-03  1.5712E-01 -1.7380E-02 -6.2216E-02
  6.8952E-03  1.5881E-01 -1.7643E-02 -6.3155E-02
  6.9992E-03  1.6051E-01 -1.7909E-02 -6.4107E-02
  7.1047E-03  1.6221E-01 -1.8179E-02 -6.5073E-02
  7.2117E-03  1.6392E-01 -1.8452E-02 -6.6053E-02
  7.3202E-03  1.6564E-01 -1.8730E-02 -6.7047E-02
  7.4303E-03  1.6736E-01 -1.9012E-02 -6.8055E-02
  7.5419E-03  1.6909E-01 -1.9297E-02 -6.9077E-02
  7.6551E-03  1.7082E-01 -1.9587E-02 -7.0114E-02
  7.7699E-03  1.7256E-01 -1.9881E-02 -7.1165E-02
  7.8864E-03  1.7430E-01 -2.0178E-02 -7.2232E-02
  8.0045E-03  1.7604E-01 -2.0481E-02 -7.3313E-02
  8.1243E-03  1.7779E-01 -2.0787E-02 -7.4410E-02
  8.2458E-03  1.7954E-01 -2.1098E-02 -7.5523E-02
  8.3690E-03  1.8129E-01 -2.1413E-02 -7.6652E-02
  8.4939E-03  1.8304E-01 -2.1733E-02 -7.7796E-02
  8.6207E-03  1.8480E-01 -2.2057E-02 -7.8957E-02
  8.7493E-03  1.8656E-01 -2.2386E-02 -8.0134E-02
  8.8796E-03  1.8832E-01 -2.2720E-02 -8.1328E-02
  9.0119E-03  1.9007E-01 -2.3058E-02 -8.2539E-02
  9.1460E-03  1.9183E-01 -2.3401E-02 -8.3767E-02
  9.2820E-03  1.9358E-01 -2.3749E-02 -8.5013E-02
  9.4200E-03  1.9534E-01 -2.4102E-02 -8.6276E-02
  9.5599E-03  1.9709E-01 -2.4460E-02 -8.7558E-02
  9.7018E-03  1.9884E-01 -2.4823E-02 -8.8857E-02
  9.8458E-03  2.0058E-01 -2.5192E-02 -9.0175E-02
  9.9917E-03  2.0232E-01 -2.5565E-02 -9.1512E-02
  1.0140E-02  2.0406E-01 -2.5944E-02 -9.2868E-02
  1.0290E-02  2.0579E-01 -2.6328E-02 -9.4243E-02
  1.0442E-02  2.0751E-01 -2.6718E-02 -9.5637E-02
  1.0597E-02  2.0923E-01 -2.7113E-02 -9.7052E-02
  1.0753E-02  2.1094E-01 -2.7514E-02 -9.8486E-02
  1.0912E-02  2.1264E-01 -2.7920E-02 -9.9941E-02
  1.1073E-02  2.1433E-01 -2.8332E-02 -1.0142E-01
  1.1237E-02  2.1601E-01 -2.8751E-02 -1.0291E-01
  1.1403E-02  2.1768E-01 -2.9175E-02 -1.0443E-01
  1.1571E-02  2.1933E-01 -2.9605E-02 -1.0597E-01
  1.1741E-02  2.2098E-01 -3.0041E-02 -1.0753E-01
  1.1914E-02  2.2261E-01 -3.0484E-02 -1.0912E-01
  1.2090E-02  2.2422E-01 -3.0932E-02 -1.1072E-01
  1.2268E-02  2.2582E-01 -3.1387E-02 -1.1235E-01
  1.2448E-02  2.2741E-01 -3.1849E-02 -1.1400E-01
  1.2631E-02  2.2897E-01 -3.2317E-02 -1.1568E-01
  1.2817E-02  2.3052E-01 -3.2792E-02 -1.1738E-01
  1.3005E-02  2.3205E-01 -3.3274E-02 -1.1910E-01
  1.3196E-02  2.3355E-01 -3.3762E-02 -1.2085E-01
  1.3389E-02  2.3504E-01 -3.4257E-02 -1.2262E-01
  1.3586E-02  2.3650E-01 -3.4760E-02 -1.2442E-01
  1.3785E-02  2.3794E-01 -3.5269E-02 -1.2624E-01
  1.3987E-02  2.3935E-01 -3.5786E-02 -1.2809E-01
  1.4192E-02  2.4074E-01 -3.6310E-02 -1.2997E-01
  1.4400E-02  2.4209E-01 -3.6842E-02 -1.3187E-01
  1.4611E-02  2.4342E-01 -3.7381E-02 -1.3380E-01
  1.4824E-02  2.4472E-01 -3.7928E-02 -1.3576E-01
  1.5041E-02  2.4599E-01 -3.8482E-02 -1.3774E-01
  1.5261E-02  2.4722E-01 -3.9045E-02 -1.3975E-01
  1.5484E-02  2.4842E-01 -3.9615E-02 -1.4180E-01
  1.5710E-02  2.4958E-01 -4.0194E-02 -1.4387E-01
  1.5940E-02  2.5071E-01 -4.0781E-02 -1.4597E-01
  1.6172E-02  2.5180E-01 -4.1376E-02 -1.4810E-01
  1.6408E-02  2.5284E-01 -4.1980E-02 -1.5026E-01
  1.6648E-02  2.5385E-01 -4.2592E-02 -1.5245E-01
  1.6890E-02  2.5481E-01 -4.3213E-02 -1.5467E-01
  1.7137E-02  2.5573E-01 -4.3842E-02 -1.5692E-01
  1.7386E-02  2.5660E-01 -4.4481E-02 -1.5921E-01
  1.7640E-02  2.5743E-01 -4.5129E-02 -1.6153E-01
  1.7897E-02  2.5820E-01 -4.5786E-02 -1.6388E-01
  1.8157E-02  2.5893E-01 -4.6452E-02 -1.6626E-01
  1.8421E-02  2.5960E-01 -4.7128E-02 -1.6868E-01
  1.8689E-02  2.6021E-01 -4.7813E-02 -1.7113E-01
  1.8961E-02  2.6077E-01 -4.8509E-02 -1.7362E-01
  1.9237E-02  2.6128E-01 -4.9214E-02 -1.7614E-01
  1.9516E-02  2.6172E-01 -4.9929E-02 -1.7870E-01
  1.9800E-02  2.6210E-01 -5.0654E-02 -1.8129E-01
  2.0087E-02  2.6242E-01 -5.1389E-02 -1.8392E-01
  2.0379E-02  2.6267E-01 -5.2135E-02 -1.8659E-01
  2.0675E-02  2.6286E-01 -5.2892E-02 -1.8930E-01
  2.0975E-02  2.6297E-01 -5.3659E-02 -1.9204E-01
  2.1279E-02  2.6302E-01 -5.4437E-02 -1.9483E-01
  2.1588E-02  2.6299E-01 -5.5227E-02 -1.9765E-01
  2.1901E-02  2.6289E-01 -5.6027E-02 -2.0051E-01
  2.2218E-02  2.6271E-01 -5.6839E-02 -2.0342E-01
  2.2540E-02  2.6246E-01 -5.7662E-02 -2.0636E-01
  2.2867E-02  2.6212E-01 -5.8497E-02 -2.0935E-01
  2.3198E-02  2.6170E-01 -5.9344E-02 -2.1238E-01
  2.3534E-02  2.6120E-01 -6.0203E-02 -2.1545E-01
  2.3875E-02  2.6061E-01 -6.1075E-02 -2.1857E-01
  2.4221E-02  2.5993E-01 -6.1958E-02 -2.2173E-01
  2.4571E-02  2.5916E-01 -6.2854E-02 -2.2493E-01
  2.4927E-02  2.5830E-01 -6.3763E-02 -2.2818E-01
  2.5287E-02  2.5735E-01 -6.4685E-02 -2.3148E-01
  2.5653E-02  2.5629E-01 -6.5620E-02 -2.3482E-01
  2.6024E-02  2.5514E-01 -6.6568E-02 -2.3821E-01
  2.6400E-02  2.5389E-01 -6.7529E-02 -2.4165E-01
  2.6781E-02  2.5254E-01 -6.8505E-02 -2.4514E-01
  2.7168E-02  2.5108E-01 -6.9494E-02 -2.4868E-01
  2.7561E-02  2.4951E-01 -7.0497E-02 -2.5226E-01
  2.7959E-02  2.4784E-01 -7.1514E-02 -2.5590E-01
  2.8362E-02  2.4605E-01 -7.2546E-02 -2.5959E-01
  2.8772E-02  2.4416E-01 -7.3592E-02 -2.6333E-01
  2.9187E-02  2.4214E-01 -7.4654E-02 -2.6713E-01
  2.9608E-02  2.4001E-01 -7.5730E-02 -2.7097E-01
  3.0035E-02  2.3777E-01 -7.6822E-02 -2.7488E-01
  3.0468E-02  2.3540E-01 -7.7929E-02 -2.7884E-01
  3.0908E-02  2.3291E-01 -7.9052E-02 -2.8285E-01
  3.1353E-02  2.3029E-01 -8.0191E-02 -2.8692E-01
  3.1805E-02  2.2755E-01 -8.1346E-02 -2.9105E-01
  3.2264E-02  2.2468E-01 -8.2517E-02 -2.9523E-01
  3.2729E-02  2.2168E-01 -8.3705E-02 -2.9948E-01
  3.3200E-02  2.1855E-01 -8.4910E-02 -3.0379E-01
  3.3678E-02  2.1529E-01 -8.6132E-02 -3.0815E-01
  3.4163E-02  2.1189E-01 -8.7371E-02 -3.1258E-01
  3.4655E-02  2.0836E-01 -8.8628E-02 -3.1707E-01
  3.5154E-02  2.0469E-01 -8.9902E-02 -3.2163E-01
  3.5660E-02  2.0088E-01 -9.1195E-02 -3.2625E-01
  3.6174E-02  1.9693E-01 -9.2506E-02 -3.3093E-01
  3.6694E-02  1.9284E-01 -9.3836E-02 -3.3568E-01
  3.7222E-02  1.8861E-01 -9.5184E-02 -3.4050E-01
  3.7758E-02  1.8423E-01 -9.6552E-02 -3.4538E-01
  3.8301E-02  1.7971E-01 -9.7939E-02 -3.5034E-01
  3.8851E-02  1.7504E-01 -9.9345E-02 -3.5536E-01
  3.9410E-02  1.7022E-01 -1.0077E-01 -3.6046E-01
  3.9977E-02  1.6526E-01 -1.0222E-01 -3.6562E-01
  4.0551E-02  1.6015E-01 -1.0369E-01 -3.7086E-01
  4.1134E-02  1.5489E-01 -1.0517E-01 -3.7617E-01
  4.1725E-02  1.4948E-01 -1.0668E-01 -3.8156E-01
  4.2325E-02  1.4392E-01 -1.0821E-01 -3.8703E-01
  4.2933E-02  1.3822E-01 -1.0977E-01 -3.9257E-01
  4.3549E-02  1.3236E-01 -1.1134E-01 -3.9819E-01
  4.4175E-02  1.2635E-01 -1.1294E-01 -4.0389E-01
  4.4809E-02  1.2020E-01 -1.1456E-01 -4.0966E-01
  4.5453E-02  1.1389E-01 -1.1620E-01 -4.1552E-01
  4.6105E-02  1.0744E-01 -1.1786E-01 -4.2147E-01
  4.6767E-02  1.0084E-01 -1.1955E-01 -4.2749E-01
  4.7438E-02  9.4092E-02 -1.2126E-01 -4.3360E-01
  4.8119E-02  8.7198E-02 -1.2300E-01 -4.3980E-01
  4.8810E-02  8.0160E-02 -1.2476E-01 -4.4608E-01
  4.9510E-02  7.2978E-02 -1.2655E-01 -4.5245E-01
  5.0220E-02  6.5654E-02 -1.2836E-01 -4.5891E-01
  5.0941E-02  5.8190E-02 -1.3020E-01 -4.6546E-01
  5.1671E-02  5.0588E-02 -1.3206E-01 -4.7210E-01
  5.2412E-02  4.2850E-02 -1.3395E-01 -4.7884E-01
  5.3164E-02  3.4979E-02 -1.3587E-01 -4.8567E-01
  5.3926E-02  2.6976E-02 -1.3781E-01 -4.9260E-01
  5.4699E-02  1.8844E-02 -1.3978E-01 -4.9962E-01
  5.5483E-02  1.0587E-02 -1.4178E-01 -5.0674E-01
  5.6278E-02  2.2084E-03 -1.4380E-01 -5.1396E-01
  5.7085E-02 -6.2894E-03 -1.4586E-01 -5.2128E-01
  5.7903E-02 -1.4902E-02 -1.4794E-01 -5.2870E-01
  5.8733E-02 -2.3626E-02 -1.5006E-01 -5.3623E-01
  5.9574E-02 -3.2457E-02 -1.5220E-01 -5.4386E-01
  6.0428E-02 -4.1390E-02 -1.5438E-01 -5.5160E-01
  6.1293E-02 -5.0421E-02 -1.5658E-01 -5.5945E-01
  6.2171E-02 -5.9545E-02 -1.5881E-01 -5.6740E-01
  6.3062E-02 -6.8756E-02 -1.6108E-01 -5.7547E-01
  6.3965E-02 -7.8050E-02 -1.6338E-01 -5.8365E-01
  6.4881E-02 -8.7419E-02 -1.6571E-01 -5.9194E-01
  6.5809E-02 -9.6859E-02 -1.6807E-01 -6.0035E-01
  6.6752E-02 -1.0636E-01 -1.7047E-01 -6.0887E-01
  6.7707E-02 -1.1592E-01 -1.7290E-01 -6.1751E-01
  6.8676E-02 -1.2553E-01 -1.7537E-01 -6.2627E-01
  6.9659E-02 -1.3519E-01 -1.7787E-01 -6.3516E-01
  7.0656E-02 -1.4488E-01 -1.8040E-01 -6.4416E-01
  7.1667E-02 -1.5460E-01 -1.8297E-01 -6.5329E-01
  7.2693E-02 -1.6433E-01 -1.8558E-01 -6.6255E-01
  7.3733E-02 -1.7408E-01 -1.8822E-01 -6.7193E-01
  7.4788E-02 -1.8384E-01 -1.9090E-01 -6.8144E-01
  7.5858E-02 -1.9358E-01 -1.9362E-01 -6.9109E-01
  7.6943E-02 -2.0331E-01 -1.9637E-01 -7.0086E-01
  7.8043E-02 -2.1302E-01 -1.9917E-01 -7.1077E-01
  7.9160E-02 -2.2269E-01 -2.0200E-01 -7.2082E-01
  8.0292E-02 -2.3231E-01 -2.0487E-01 -7.3101E-01
  8.1440E-02 -2.4189E-01 -2.0779E-01 -7.4133E-01
  8.2604E-02 -2.5139E-01 -2.1074E-01 -7.5180E-01
  8.3785E-02 -2.6082E-01 -2.1374E-01 -7.6241E-01
  8.4983E-02 -2.7016E-01 -2.1677E-01 -7.7316E-01
  8.6198E-02 -2.7940E-01 -2.1985E-01 -7.8406E-01
  8.7430E-02 -2.8853E-01 -2.2298E-01 -7.9511E-01
  8.8680E-02 -2.9753E-01 -2.2614E-01 -8.0631E-01
  8.9948E-02 -3.0640E-01 -2.2935E-01 -8.1766E-01
  9.1233E-02 -3.1513E-01 -2.3261E-01 -8.2916E-01
  9.2537E-02 -3.2369E-01 -2.3591E-01 -8.4082E-01
  9.3860E-02 -3.3208E-01 -2.3925E-01 -8.5264E-01
  9.5201E-02 -3.4028E-01 -2.4264E-01 -8.6462E-01
  9.6561E-02 -3.4829E-01 -2.4608E-01 -8.7676E-01
  9.7941E-02 -3.5608E-01 -2.4957E-01 -8.8906E-01
  9.9340E-02 -3.6364E-01 -2.5311E-01 -9.0153E-01
  1.0076E-01 -3.7097E-01 -2.5669E-01 -9.1417E-01
  1.0220E-01 -3.7804E-01 -2.6032E-01 -9.2697E-01
  1.0366E-01 -3.8484E-01 -2.6401E-01 -9.3995E-01
  1.0514E-01 -3.9136E-01 -2.6774E-01 -9.5310E-01
  1.0664E-01 -3.9758E-01 -2.7153E-01 -9.6642E-01
  1.0816E-01 -4.0350E-01 -2.7537E-01 -9.7992E-01
  1.0971E-01 -4.0909E-01 -2.7926E-01 -9.9360E-01
  1.1128E-01 -4.1434E-01 -2.8321E-01 -1.0075E+00
  1.1286E-01 -4.1924E-01 -2.8721E-01 -1.0215E+00
  1.1448E-01 -4.2378E-01 -2.9126E-01 -1.0357E+00
  1.1611E-01 -4.2793E-01 -2.9537E-01 -1.0502E+00
  1.1777E-01 -4.3169E-01 -2.9954E-01 -1.0648E+00
  1.1945E-01 -4.3504E-01 -3.0376E-01 -1.0796E+00
  1.2115E-01 -4.3798E-01 -3.0805E-01 -1.0945E+00
  1.2288E-01 -4.4047E-01 -3.1239E-01 -1.1097E+00
  1.2464E-01 -4.4252E-01 -3.1679E-01 -1.1251E+00
  1.2642E-01 -4.4411E-01 -3.2125E-01 -1.1407E+00
  1.2822E-01 -4.4523E-01 -3.2577E-01 -1.1565E+00
  1.3005E-01 -4.4586E-01 -3.3035E-01 -1.1725E+00
  1.3191E-01 -4.4599E-01 -3.3499E-01 -1.1887E+00
  1.3379E-01 -4.4562E-01 -3.3970E-01 -1.2050E+00
  1.3570E-01 -4.4472E-01 -3.4447E-01 -1.2217E+00
  1.3764E-01 -4.4329E-01 -3.4931E-01 -1.2385E+00
  1.3960E-01 -4.4133E-01 -3.5421E-01 -1.2555E+00
  1.4159E-01 -4.3881E-01 -3.5918E-01 -1.2727E+00
  1.4361E-01 -4.3573E-01 -3.6421E-01 -1.2902E+00
  1.4566E-01 -4.3208E-01 -3.6931E-01 -1.3079E+00
  1.4774E-01 -4.2786E-01 -3.7448E-01 -1.3258E+00
  1.4985E-01 -4.2305E-01 -3.7972E-01 -1.3439E+00
  1.5199E-01 -4.1765E-01 -3.8503E-01 -1.3623E+00
  1.5415E-01 -4.1166E-01 -3.9041E-01 -1.3808E+00
  1.5635E-01 -4.0507E-01 -3.9586E-01 -1.3996E+00
  1.5858E-01 -3.9787E-01 -4.0139E-01 -1.4186E+00
  1.6084E-01 -3.9006E-01 -4.0698E-01 -1.4379E+00
  1.6314E-01 -3.8164E-01 -4.1266E-01 -1.4574E+00
  1.6547E-01 -3.7260E-01 -4.1840E-01 -1.4771E+00
  1.6783E-01 -3.6296E-01 -4.2423E-01 -1.4971E+00
  1.7022E-01 -3.5269E-01 -4.3012E-01 -1.5173E+00
  1.7265E-01 -3.4182E-01 -4.3610E-01 -1.5377E+00
  1.7511E-01 -3.3034E-01 -4.4215E-01 -1.5584E+00
  1.7761E-01 -3.1825E-01 -4.4829E-01 -1.5793E+00
  1.8014E-01 -3.0555E-01 -4.5450E-01 -1.6004E+00
  1.8271E-01 -2.9227E-01 -4.6080E-01 -1.6218E+00
  1.8531E-01 -2.7839E-01 -4.6717E-01 -1.6435E+00
  1.8795E-01 -2.6393E-01 -4.7363E-01 -1.6654E+00
  1.9063E-01 -2.4889E-01 -4.8017E-01 -1.6875E+00
  1.9335E-01 -2.3330E-01 -4.8679E-01 -1.7099E+00
  1.9611E-01 -2.1715E-01 -4.9350E-01 -1.7325E+00
  1.9891E-01 -2.0047E-01 -5.0030E-01 -1.7554E+00
  2.0174E-01 -1.8326E-01 -5.0718E-01 -1.7785E+00
  2.0462E-01 -1.6555E-01 -5.1415E-01 -1.8018E+00
  2.0753E-01 -1.4734E-01 -5.2120E-01 -1.8255E+00
  2.1049E-01 -1.2867E-01 -5.2835E-01 -1.8493E+00
  2.1349E-01 -1.0953E-01 -5.3558E-01 -1.8734E+00
  2.1654E-01 -8.9967E-02 -5.4290E-01 -1.8978E+00
  2.1962E-01 -6.9990E-02 -5.5032E-01 -1.9224E+00
  2.2275E-01 -4.9624E-02 -5.5782E-01 -1.9472E+00
  2.2593E-01 -2.8895E-02 -5.6542E-01 -1.9723E+00
  2.2915E-01 -7.8288E-03 -5.7311E-01 -1.9977E+00
  2.3241E-01  1.3548E-02 -5.8090E-01 -2.0233E+00
  2.3573E-01  3.5208E-02 -5.8877E-01 -2.0491E+00
  2.3909E-01  5.7121E-02 -5.9675E-01 -2.0752E+00
  2.4249E-01  7.9256E-02 -6.0482E-01 -2.1015E+00
  2.4595E-01  1.0158E-01 -6.1298E-01 -2.1280E+00
  2.4945E-01  1.2406E-01 -6.2124E-01 -2.1548E+00
  2.5301E-01  1.4667E-01 -6.2960E-01 -2.1818E+00
  2.5661E-01  1.6936E-01 -6.3805E-01 -2.2091E+00
  2.6027E-01  1.9211E-01 -6.4661E-01 -2.2365E+00
  2.6398E-01  2.1487E-01 -6.5526E-01 -2.2642E+00
  2.6774E-01  2.3761E-01 -6.6401E-01 -2.2921E+00
  2.7156E-01  2.6029E-01 -6.7286E-01 -2.3203E+00
  2.7542E-01  2.8287E-01 -6.8181E-01 -2.3486E+00
  2.7935E-01  3.0530E-01 -6.9086E-01 -2.3771E+00
  2.8333E-01  3.2756E-01 -7.0000E-01 -2.4059E+00
  2.8737E-01  3.4959E-01 -7.0925E-01 -2.4348E+00
  2.9146E-01  3.7135E-01 -7.1860E-01 -2.4640E+00
  2.9561E-01  3.9281E-01 -7.2805E-01 -2.4933E+00
  2.9982E-01  4.1391E-01 -7.3760E-01 -2.5228E+00
  3.0410E-01  4.3463E-01 -7.4725E-01 -2.5525E+00
  3.0843E-01  4.5490E-01 -7.5700E-01 -2.5823E+00
  3.1282E-01  4.7469E-01 -7.6685E-01 -2.6123E+00
  3.1728E-01  4.9395E-01 -7.7680E-01 -2.6424E+00
  3.2180E-01  5.1265E-01 -7.8685E-01 -2.6727E+00
  3.2638E-01  5.3073E-01 -7.9700E-01 -2.7031E+00
  3.3103E-01  5.4816E-01 -8.0725E-01 -2.7337E+00
  3.3575E-01  5.6488E-01 -8.1760E-01 -2.7643E+00
  3.4053E-01  5.8087E-01 -8.2804E-01 -2.7950E+00
  3.4538E-01  5.9607E-01 -8.3858E-01 -2.8258E+00
  3.5030E-01  6.1044E-01 -8.4921E-01 -2.8567E+00
  3.5529E-01  6.2394E-01 -8.5995E-01 -2.8877E+00
  3.6035E-01  6.3654E-01 -8.7077E-01 -2.9187E+00
  3.6548E-01  6.4819E-01 -8.8169E-01 -2.9497E+00
  3.7069E-01  6.5886E-01 -8.9270E-01 -2.9808E+00
  3.7597E-01  6.6851E-01 -9.0380E-01 -3.0119E+00
  3.8132E-01  6.7710E-01 -9.1499E-01 -3.0429E+00
  3.8675E-01  6.8460E-01 -9.2626E-01 -3.0739E+00
  3.9226E-01  6.9098E-01 -9.3762E-01 -3.1049E+00
  3.9785E-01  6.9621E-01 -9.4906E-01 -3.1358E+00
  4.0351E-01  7.0025E-01 -9.6059E-01 -3.1666E+00
  4.0926E-01  7.0309E-01 -9.7219E-01 -3.1973E+00
  4.1509E-01  7.0469E-01 -9.8386E-01 -3.2279E+00
  4.2100E-01  7.0504E-01 -9.9561E-01 -3.2583E+00
  4.2699E-01  7.0411E-01 -1.0074E+00 -3.2885E+00
  4.3307E-01  7.0188E-01 -1.0193E+00 -3.3186E+00
  4.3924E-01  6.9833E-01 -1.0313E+00 -3.3484E+00
  4.4550E-01  6.9346E-01 -1.0433E+00 -3.3780E+00
  4.5184E-01  6.8724E-01 -1.0554E+00 -3.4073E+00
  4.5827E-01  6.7968E-01 -1.0675E+00 -3.4363E+00
  4.6480E-01  6.7076E-01 -1.0796E+00 -3.4649E+00
  4.7142E-01  6.6047E-01 -1.0919E+00 -3.4932E+00
  4.7813E-01  6.4882E-01 -1.1041E+00 -3.5211E+00
  4.8494E-01  6.3580E-01 -1.1164E+00 -3.5486E+00
  4.9184E-01  6.2143E-01 -1.1287E+00 -3.5756E+00
  4.9885E-01  6.0569E-01 -1.1411E+00 -3.6021E+00
  5.0595E-01  5.8862E-01 -1.1534E+00 -3.6281E+00
  5.1315E-01  5.7020E-01 -1.1658E+00 -3.6535E+00
  5.2046E-01  5.5047E-01 -1.1781E+00 -3.6784E+00
  5.2787E-01  5.2943E-01 -1.1905E+00 -3.7025E+00
  5.3539E-01  5.0711E-01 -1.2029E+00 -3.7260E+00
  5.4301E-01  4.8353E-01 -1.2152E+00 -3.7488E+00
  5.5074E-01  4.5871E-01 -1.2275E+00 -3.7708E+00
  5.5858E-01  4.3268E-01 -1.2398E+00 -3.7919E+00
  5.6653E-01  4.0548E-01 -1.2520E+00 -3.8123E+00
  5.7460E-01  3.7713E-01 -1.2642E+00 -3.8317E+00
  5.8278E-01  3.4768E-01 -1.2763E+00 -3.8502E+00
  5.9108E-01  3.1715E-01 -1.2883E+00 -3.8676E+00
  5.9949E-01  2.8560E-01 -1.3002E+00 -3.8841E+00
  6.0803E-01  2.5307E-01 -1.3121E+00 -3.8994E+00
  6.1668E-01  2.1959E-01 -1.3238E+00 -3.9136E+00
  6.2546E-01  1.8523E-01 -1.3354E+00 -3.9267E+00
  6.3437E-01  1.5004E-01 -1.3469E+00 -3.9385E+00
  6.4340E-01  1.1406E-01 -1.3582E+00 -3.9489E+00
  6.5256E-01  7.7359E-02 -1.3694E+00 -3.9581E+00
  6.6184E-01  3.9989E-02 -1.3804E+00 -3.9658E+00
  6.7127E-01  2.0126E-03 -1.3912E+00 -3.9721E+00
  6.8082E-01 -3.6508E-02 -1.4017E+00 -3.9769E+00
  6.9051E-01 -7.5507E-02 -1.4121E+00 -3.9801E+00
  7.0034E-01 -1.1492E-01 -1.4221E+00 -3.9818E+00
  7.1031E-01 -1.5467E-01 -1.4320E+00 -3.9817E+00
  7.2042E-01 -1.9470E-01 -1.4415E+00 -3.9800E+00
  7.3068E-01 -2.3493E-01 -1.4507E+00 -3.9765E+00
  7.4108E-01 -2.7529E-01 -1.4596E+00 -3.9711E+00
  7.5163E-01 -3.1570E-01 -1.4682E+00 -3.9639E+00
  7.6233E-01 -3.5608E-01 -1.4763E+00 -3.9548E+00
  7.7318E-01 -3.9636E-01 -1.4841E+00 -3.9437E+00
  7.8419E-01 -4.3646E-01 -1.4915E+00 -3.9306E+00
  7.9535E-01 -4.7630E-01 -1.4984E+00 -3.9155E+00
  8.0667E-01 -5.1580E-01 -1.5048E+00 -3.8982E+00
  8.1815E-01 -5.5488E-01 -1.5107E+00 -3.8788E+00
  8.2980E-01 -5.9345E-01 -1.5161E+00 -3.8573E+00
  8.4161E-01 -6.3143E-01 -1.5210E+00 -3.8335E+00
  8.5359E-01 -6.6873E-01 -1.5252E+00 -3.8075E+00
  8.6574E-01 -7.0529E-01 -1.5289E+00 -3.7792E+00
  8.7806E-01 -7.4100E-01 -1.5318E+00 -3.7486E+00
  8.9056E-01 -7.7580E-01 -1.5341E+00 -3.7157E+00
  9.0323E-01 -8.0958E-01 -1.5357E+00 -3.6805E+00
  9.1609E-01 -8.4228E-01 -1.5366E+00 -3.6430E+00
  9.2913E-01 -8.7381E-01 -1.5366E+00 -3.6031E+00
  9.4235E-01 -9.0408E-01 -1.5358E+00 -3.5608E+00
  9.5576E-01 -9.3303E-01 -1.5342E+00 -3.5162E+00
  9.6937E-01 -9.6055E-01 -1.5317E+00 -3.4693E+00
  9.8316E-01 -9.8659E-01 -1.5282E+00 -3.4200E+00
  9.9716E-01 -1.0111E+00 -1.5237E+00 -3.3685E+00
  1.0113E+00 -1.0339E+00 -1.5183E+00 -3.3146E+00
  1.0257E+00 -1.0550E+00 -1.5118E+00 -3.2586E+00
  1.0403E+00 -1.0743E+00 -1.5042E+00 -3.2004E+00
  1.0551E+00 -1.0917E+00 -1.4954E+00 -3.1400E+00
  1.0702E+00 -1.1072E+00 -1.4855E+00 -3.0775E+00
  1.0854E+00 -1.1207E+00 -1.4744E+00 -3.0131E+00
  1.1008E+00 -1.1322E+00 -1.4620E+00 -2.9466E+00
  1.1165E+00 -1.1415E+00 -1.4483E+00 -2.8783E+00
  1.1324E+00 -1.1486E+00 -1.4332E+00 -2.8083E+00
  1.1485E+00 -1.1535E+00 -1.4168E+00 -2.7365E+00
  1.1649E+00 -1.1562E+00 -1.3990E+00 -2.6631E+00
  1.1814E+00 -1.1564E+00 -1.3797E+00 -2.5882E+00
  1.1983E+00 -1.1543E+00 -1.3589E+00 -2.5119E+00
  1.2153E+00 -1.1498E+00 -1.3365E+00 -2.4343E+00
  1.2326E+00 -1.1428E+00 -1.3126E+00 -2.3556E+00
  1.2501E+00 -1.1334E+00 -1.2871E+00 -2.2758E+00
  1.2679E+00 -1.1213E+00 -1.2599E+00 -2.1951E+00
  1.2860E+00 -1.1068E+00 -1.2311E+00 -2.1135E+00
  1.3043E+00 -1.0897E+00 -1.2006E+00 -2.0313E+00
  1.3228E+00 -1.0699E+00 -1.1683E+00 -1.9485E+00
  1.3417E+00 -1.0476E+00 -1.1343E+00 -1.8652E+00
  1.3608E+00 -1.0227E+00 -1.0985E+00 -1.7816E+00
  1.3801E+00 -9.9517E-01 -1.0610E+00 -1.6977E+00
  1.3998E+00 -9.6504E-01 -1.0216E+00 -1.6137E+00
  1.4197E+00 -9.3232E-01 -9.8047E-01 -1.5297E+00
  1.4399E+00 -8.9702E-01 -9.3750E-01 -1.4458E+00
  1.4604E+00 -8.5918E-01 -8.9273E-01 -1.3621E+00
  1.4812E+00 -8.1883E-01 -8.4616E-01 -1.2786E+00
  1.5022E+00 -7.7600E-01 -7.9781E-01 -1.1954E+00
  1.5236E+00 -7.3075E-01 -7.4768E-01 -1.1127E+00
  1.5453E+00 -6.8312E-01 -6.9580E-01 -1.0305E+00
  1.5673E+00 -6.3319E-01 -6.4220E-01 -9.4891E-01
  1.5896E+00 -5.8102E-01 -5.8693E-01 -8.6804E-01
  1.6122E+00 -5.2669E-01 -5.3001E-01 -7.8800E-01
  1.6352E+00 -4.7030E-01 -4.7150E-01 -7.0893E-01
  1.6584E+00 -4.1193E-01 -4.1147E-01 -6.3101E-01
  1.6820E+00 -3.5170E-01 -3.4997E-01 -5.5445E-01
  1.7060E+00 -2.8972E-01 -2.8708E-01 -4.7951E-01
  1.7302E+00 -2.2612E-01 -2.2289E-01 -4.0652E-01
  1.7549E+00 -1.6102E-01 -1.5747E-01 -3.3587E-01
  1.7798E+00 -9.4580E-02 -9.0943E-02 -2.6806E-01
  1.8052E+00 -2.6941E-02 -2.3405E-02 -2.0365E-01
  1.8308E+00  4.1731E-02  4.5020E-02 -1.4332E-01
  1.8569E+00  1.1127E-01  1.1420E-01 -8.7847E-02
  1.8833E+00  1.8149E-01  1.8400E-01 -3.8100E-02
  1.9101E+00  2.5220E-01  2.5426E-01  4.9778E-03
  1.9373E+00  3.2321E-01  3.2482E-01  4.0408E-02
  1.9649E+00  3.9431E-01  3.9550E-01  6.7236E-02
  1.9928E+00  4.6528E-01  4.6610E-01  8.4626E-02
  2.0212E+00  5.3590E-01  5.3642E-01  9.2002E-02
  2.0499E+00  6.0593E-01  6.0623E-01  8.9247E-02
  2.0791E+00  6.7515E-01  6.7529E-01  7.6981E-02
  2.1087E+00  7.4329E-01  7.4335E-01  5.6770E-02
  2.1387E+00  8.1011E-01  8.1013E-01  3.1973E-02
  2.1691E+00  8.7535E-01  8.7535E-01  9.9257E-03
  2.2000E+00  9.3874E-01  9.3874E-01  0.0000E+00
  2.2313E+00  1.0000E+00  1.0000E+00  0.0000E+00
  2.2631E+00  1.0589E+00  1.0589E+00  0.0000E+00
  2.2953E+00  1.1151E+00  1.1151E+00  0.0000E+00
  2.3279E+00  1.1683E+00  1.1683E+00  0.0000E+00
  2.3610E+00  1.2183E+00  1.2183E+00  0.0000E+00
  2.3946E+00  1.2648E+00  1.2648E+00  0.0000E+00
  2.4287E+00  1.3074E+00  1.3074E+00  0.0000E+00
  2.4633E+00  1.3460E+00  1.3460E+00  0.0000E+00
  2.4983E+00  1.3802E+00  1.3802E+00  0.0000E+00
  2.5339E+00  1.4098E+00  1.4098E+00  0.0000E+00
  2.5699E+00  1.4344E+00  1.4344E+00  0.0000E+00
  2.6065E+00  1.4540E+00  1.4540E+00  0.0000E+00
  2.6436E+00  1.4681E+00  1.4681E+00  0.0000E+00
  2.6812E+00  1.4765E+00  1.4765E+00  0.0000E+00
  2.7193E+00  1.4792E+00  1.4792E+00  0.0000E+00
  2.7580E+00  1.4757E+00  1.4757E+00  0.0000E+00
  2.7973E+00  1.4660E+00  1.4660E+00  0.0000E+00
  2.8371E+00  1.4499E+00  1.4499E+00  0.0000E+00
  2.8774E+00  1.4272E+00  1.4272E+00  0.0000E+00
  2.9184E+00  1.3979E+00  1.3979E+00  0.0000E+00
  2.9599E+00  1.3618E+00  1.3618E+00  0.0000E+00
  3.0020E+00  1.3190E+00  1.3190E+00  0.0000E+00
  3.0447E+00  1.2693E+00  1.2693E+00  0.0000E+00
  3.0881E+00  1.2127E+00  1.2127E+00  0.0000E+00
  3.1320E+00  1.1495E+00  1.1495E+00  0.0000E+00
  3.1766E+00  1.0796E+00  1.0796E+00  0.0000E+00
  3.2218E+00  1.0031E+00  1.0031E+00  0.0000E+00
  3.2676E+00  9.2039E-01  9.2039E-01  0.0000E+00
  3.3141E+00  8.3156E-01  8.3156E-01  0.0000E+00
  3.3613E+00  7.3695E-01  7.3695E-01  0.0000E+00
  3.4091E+00  6.3689E-01  6.3689E-01  0.0000E+00
  3.4576E+00  5.3179E-01  5.3179E-01  0.0000E+00
  3.5068E+00  4.2211E-01  4.2211E-01  0.0000E+00
  3.5567E+00  3.0837E-01  3.0837E-01  0.0000E+00
  3.6073E+00  1.9113E-01  1.9113E-01  0.0000E+00
  3.6586E+00  7.1049E-02  7.1049E-02  0.0000E+00
  3.7107E+00 -5.1193E-02 -5.1193E-02  0.0000E+00
  3.7635E+00 -1.7484E-01 -1.7484E-01  0.0000E+00
  3.8170E+00 -2.9908E-01 -2.9908E-01  0.0000E+00
  3.8713E+00 -4.2304E-01 -4.2304E-01  0.0000E+00
  3.9264E+00 -5.4581E-01 -5.4581E-01  0.0000E+00
  3.9823E+00 -6.6643E-01 -6.6643E-01  0.0000E+00
  4.0389E+00 -7.8389E-01 -7.8389E-01  0.0000E+00
  4.0964E+00 -8.9714E-01 -8.9714E-01  0.0000E+00
  4.1547E+00 -1.0051E+00 -1.0051E+00  0.0000E+00
  4.2138E+00 -1.1067E+00 -1.1067E+00  0.0000E+00
  4.2737E+00 -1.2008E+00 -1.2008E+00  0.0000E+00
  4.3345E+00 -1.2863E+00 -1.2863E+00  0.0000E+00
  4.3962E+00 -1.3622E+00 -1.3622E+00  0.0000E+00
  4.4588E+00 -1.4272E+00 -1.4272E+00  0.0000E+00
