 # l=           1 basis function with energy   -0.29996295334837947     
  0.0000E+00  0.0000E+00  0.0000E+00  0.0000E+00
  2.6339E-06 -6.2141E-10  2.7452E-12  1.9274E-11
  5.2839E-06 -2.0732E-09  1.1048E-11  7.7568E-11
  7.9500E-06 -4.2062E-09  2.5009E-11  1.7559E-10
  1.0632E-05 -6.9613E-09  4.4731E-11  3.1407E-10
  1.3331E-05 -1.0305E-08  7.0320E-11  4.9373E-10
  1.6046E-05 -1.4215E-08  1.0188E-10  7.1532E-10
  1.8777E-05 -1.8677E-08  1.3952E-10  9.7959E-10
  2.1526E-05 -2.3680E-08  1.8334E-10  1.2873E-09
  2.4290E-05 -2.9216E-08  2.3347E-10  1.6392E-09
  2.7072E-05 -3.5282E-08  2.9000E-10  2.0362E-09
  2.9871E-05 -4.1873E-08  3.5306E-10  2.4789E-09
  3.2686E-05 -4.8988E-08  4.2276E-10  2.9683E-09
  3.5519E-05 -5.6626E-08  4.9921E-10  3.5050E-09
  3.8369E-05 -6.4788E-08  5.8253E-10  4.0901E-09
  4.1236E-05 -7.3473E-08  6.7285E-10  4.7242E-09
  4.4121E-05 -8.2684E-08  7.7028E-10  5.4083E-09
  4.7023E-05 -9.2423E-08  8.7495E-10  6.1432E-09
  4.9943E-05 -1.0269E-07  9.8699E-10  6.9298E-09
  5.2881E-05 -1.1349E-07  1.1065E-09  7.7690E-09
  5.5836E-05 -1.2483E-07  1.2337E-09  8.6617E-09
  5.8810E-05 -1.3671E-07  1.3686E-09  9.6089E-09
  6.1802E-05 -1.4914E-07  1.5113E-09  1.0611E-08
  6.4811E-05 -1.6211E-07  1.6621E-09  1.1670E-08
  6.7840E-05 -1.7564E-07  1.8211E-09  1.2786E-08
  7.0886E-05 -1.8973E-07  1.9883E-09  1.3960E-08
  7.3951E-05 -2.0438E-07  2.1640E-09  1.5194E-08
  7.7035E-05 -2.1960E-07  2.3482E-09  1.6487E-08
  8.0137E-05 -2.3540E-07  2.5411E-09  1.7842E-08
  8.3259E-05 -2.5177E-07  2.7429E-09  1.9259E-08
  8.6399E-05 -2.6874E-07  2.9538E-09  2.0739E-08
  8.9558E-05 -2.8630E-07  3.1737E-09  2.2283E-08
  9.2737E-05 -3.0446E-07  3.4030E-09  2.3893E-08
  9.5935E-05 -3.2322E-07  3.6418E-09  2.5569E-08
  9.9152E-05 -3.4260E-07  3.8901E-09  2.7313E-08
  1.0239E-04 -3.6260E-07  4.1483E-09  2.9126E-08
  1.0565E-04 -3.8323E-07  4.4163E-09  3.1008E-08
  1.0892E-04 -4.0449E-07  4.6945E-09  3.2961E-08
  1.1222E-04 -4.2640E-07  4.9830E-09  3.4986E-08
  1.1554E-04 -4.4895E-07  5.2819E-09  3.7085E-08
  1.1887E-04 -4.7217E-07  5.5913E-09  3.9258E-08
  1.2223E-04 -4.9605E-07  5.9116E-09  4.1506E-08
  1.2561E-04 -5.2061E-07  6.2428E-09  4.3832E-08
  1.2900E-04 -5.4585E-07  6.5851E-09  4.6235E-08
  1.3242E-04 -5.7179E-07  6.9387E-09  4.8718E-08
  1.3586E-04 -5.9842E-07  7.3038E-09  5.1282E-08
  1.3932E-04 -6.2576E-07  7.6806E-09  5.3927E-08
  1.4280E-04 -6.5383E-07  8.0692E-09  5.6656E-08
  1.4631E-04 -6.8262E-07  8.4699E-09  5.9469E-08
  1.4983E-04 -7.1214E-07  8.8828E-09  6.2368E-08
  1.5337E-04 -7.4242E-07  9.3082E-09  6.5354E-08
  1.5694E-04 -7.7345E-07  9.7461E-09  6.8429E-08
  1.6053E-04 -8.0525E-07  1.0197E-08  7.1594E-08
  1.6414E-04 -8.3782E-07  1.0661E-08  7.4851E-08
  1.6777E-04 -8.7118E-07  1.1138E-08  7.8200E-08
  1.7143E-04 -9.0534E-07  1.1628E-08  8.1644E-08
  1.7510E-04 -9.4031E-07  1.2132E-08  8.5183E-08
  1.7880E-04 -9.7609E-07  1.2650E-08  8.8820E-08
  1.8252E-04 -1.0127E-06  1.3182E-08  9.2556E-08
  1.8627E-04 -1.0502E-06  1.3729E-08  9.6392E-08
  1.9003E-04 -1.0885E-06  1.4290E-08  1.0033E-07
  1.9382E-04 -1.1276E-06  1.4865E-08  1.0437E-07
  1.9764E-04 -1.1677E-06  1.5456E-08  1.0852E-07
  2.0147E-04 -1.2086E-06  1.6062E-08  1.1277E-07
  2.0533E-04 -1.2504E-06  1.6683E-08  1.1713E-07
  2.0921E-04 -1.2932E-06  1.7320E-08  1.2160E-07
  2.1312E-04 -1.3368E-06  1.7972E-08  1.2619E-07
  2.1705E-04 -1.3814E-06  1.8641E-08  1.3089E-07
  2.2100E-04 -1.4269E-06  1.9327E-08  1.3570E-07
  2.2498E-04 -1.4734E-06  2.0029E-08  1.4063E-07
  2.2898E-04 -1.5209E-06  2.0748E-08  1.4567E-07
  2.3301E-04 -1.5694E-06  2.1484E-08  1.5084E-07
  2.3706E-04 -1.6188E-06  2.2237E-08  1.5613E-07
  2.4114E-04 -1.6693E-06  2.3009E-08  1.6155E-07
  2.4524E-04 -1.7208E-06  2.3798E-08  1.6709E-07
  2.4936E-04 -1.7733E-06  2.4605E-08  1.7276E-07
  2.5351E-04 -1.8269E-06  2.5431E-08  1.7856E-07
  2.5769E-04 -1.8816E-06  2.6276E-08  1.8449E-07
  2.6189E-04 -1.9373E-06  2.7139E-08  1.9055E-07
  2.6612E-04 -1.9941E-06  2.8022E-08  1.9675E-07
  2.7037E-04 -2.0521E-06  2.8925E-08  2.0309E-07
  2.7465E-04 -2.1112E-06  2.9848E-08  2.0957E-07
  2.7895E-04 -2.1714E-06  3.0791E-08  2.1619E-07
  2.8328E-04 -2.2328E-06  3.1754E-08  2.2295E-07
  2.8764E-04 -2.2953E-06  3.2738E-08  2.2986E-07
  2.9202E-04 -2.3590E-06  3.3744E-08  2.3692E-07
  2.9643E-04 -2.4240E-06  3.4771E-08  2.4413E-07
  3.0087E-04 -2.4901E-06  3.5819E-08  2.5149E-07
  3.0533E-04 -2.5575E-06  3.6890E-08  2.5901E-07
  3.0982E-04 -2.6262E-06  3.7983E-08  2.6669E-07
  3.1434E-04 -2.6961E-06  3.9099E-08  2.7452E-07
  3.1889E-04 -2.7674E-06  4.0238E-08  2.8252E-07
  3.2346E-04 -2.8399E-06  4.1400E-08  2.9068E-07
  3.2806E-04 -2.9137E-06  4.2587E-08  2.9901E-07
  3.3269E-04 -2.9889E-06  4.3797E-08  3.0751E-07
  3.3735E-04 -3.0655E-06  4.5032E-08  3.1618E-07
  3.4204E-04 -3.1434E-06  4.6291E-08  3.2502E-07
  3.4675E-04 -3.2227E-06  4.7576E-08  3.3404E-07
  3.5149E-04 -3.3035E-06  4.8887E-08  3.4324E-07
  3.5626E-04 -3.3856E-06  5.0223E-08  3.5262E-07
  3.6106E-04 -3.4693E-06  5.1585E-08  3.6219E-07
  3.6589E-04 -3.5544E-06  5.2975E-08  3.7195E-07
  3.7075E-04 -3.6410E-06  5.4391E-08  3.8189E-07
  3.7564E-04 -3.7291E-06  5.5835E-08  3.9203E-07
  3.8056E-04 -3.8187E-06  5.7307E-08  4.0236E-07
  3.8551E-04 -3.9099E-06  5.8807E-08  4.1289E-07
  3.9049E-04 -4.0027E-06  6.0335E-08  4.2363E-07
  3.9550E-04 -4.0971E-06  6.1893E-08  4.3456E-07
  4.0054E-04 -4.1931E-06  6.3480E-08  4.4571E-07
  4.0561E-04 -4.2907E-06  6.5098E-08  4.5706E-07
  4.1071E-04 -4.3900E-06  6.6745E-08  4.6863E-07
  4.1584E-04 -4.4910E-06  6.8424E-08  4.8042E-07
  4.2100E-04 -4.5937E-06  7.0133E-08  4.9242E-07
  4.2620E-04 -4.6981E-06  7.1875E-08  5.0465E-07
  4.3142E-04 -4.8043E-06  7.3648E-08  5.1710E-07
  4.3668E-04 -4.9122E-06  7.5454E-08  5.2978E-07
  4.4197E-04 -5.0220E-06  7.7293E-08  5.4269E-07
  4.4729E-04 -5.1335E-06  7.9166E-08  5.5584E-07
  4.5264E-04 -5.2470E-06  8.1072E-08  5.6923E-07
  4.5803E-04 -5.3623E-06  8.3014E-08  5.8285E-07
  4.6345E-04 -5.4794E-06  8.4990E-08  5.9673E-07
  4.6890E-04 -5.5986E-06  8.7001E-08  6.1085E-07
  4.7439E-04 -5.7196E-06  8.9049E-08  6.2523E-07
  4.7991E-04 -5.8427E-06  9.1133E-08  6.3986E-07
  4.8546E-04 -5.9677E-06  9.3254E-08  6.5475E-07
  4.9105E-04 -6.0948E-06  9.5412E-08  6.6991E-07
  4.9667E-04 -6.2239E-06  9.7609E-08  6.8533E-07
  5.0232E-04 -6.3551E-06  9.9844E-08  7.0103E-07
  5.0801E-04 -6.4884E-06  1.0212E-07  7.1699E-07
  5.1373E-04 -6.6239E-06  1.0443E-07  7.3324E-07
  5.1949E-04 -6.7615E-06  1.0679E-07  7.4977E-07
  5.2529E-04 -6.9013E-06  1.0918E-07  7.6659E-07
  5.3111E-04 -7.0434E-06  1.1162E-07  7.8369E-07
  5.3698E-04 -7.1877E-06  1.1410E-07  8.0109E-07
  5.4288E-04 -7.3343E-06  1.1662E-07  8.1879E-07
  5.4881E-04 -7.4832E-06  1.1918E-07  8.3680E-07
  5.5479E-04 -7.6344E-06  1.2179E-07  8.5511E-07
  5.6079E-04 -7.7880E-06  1.2444E-07  8.7373E-07
  5.6684E-04 -7.9440E-06  1.2714E-07  8.9266E-07
  5.7292E-04 -8.1025E-06  1.2988E-07  9.1192E-07
  5.7904E-04 -8.2635E-06  1.3267E-07  9.3150E-07
  5.8519E-04 -8.4269E-06  1.3551E-07  9.5141E-07
  5.9139E-04 -8.5929E-06  1.3839E-07  9.7165E-07
  5.9762E-04 -8.7614E-06  1.4132E-07  9.9224E-07
  6.0389E-04 -8.9326E-06  1.4430E-07  1.0132E-06
  6.1019E-04 -9.1064E-06  1.4733E-07  1.0344E-06
  6.1654E-04 -9.2828E-06  1.5041E-07  1.0561E-06
  6.2292E-04 -9.4620E-06  1.5354E-07  1.0780E-06
  6.2934E-04 -9.6439E-06  1.5672E-07  1.1004E-06
  6.3580E-04 -9.8286E-06  1.5996E-07  1.1231E-06
  6.4231E-04 -1.0016E-05  1.6325E-07  1.1462E-06
  6.4885E-04 -1.0207E-05  1.6659E-07  1.1696E-06
  6.5543E-04 -1.0400E-05  1.6998E-07  1.1935E-06
  6.6205E-04 -1.0596E-05  1.7343E-07  1.2177E-06
  6.6871E-04 -1.0795E-05  1.7694E-07  1.2423E-06
  6.7541E-04 -1.0997E-05  1.8050E-07  1.2674E-06
  6.8215E-04 -1.1203E-05  1.8413E-07  1.2928E-06
  6.8893E-04 -1.1411E-05  1.8781E-07  1.3186E-06
  6.9575E-04 -1.1622E-05  1.9154E-07  1.3449E-06
  7.0262E-04 -1.1837E-05  1.9534E-07  1.3715E-06
  7.0953E-04 -1.2055E-05  1.9920E-07  1.3986E-06
  7.1648E-04 -1.2276E-05  2.0312E-07  1.4262E-06
  7.2347E-04 -1.2500E-05  2.0711E-07  1.4541E-06
  7.3050E-04 -1.2728E-05  2.1115E-07  1.4826E-06
  7.3758E-04 -1.2959E-05  2.1527E-07  1.5114E-06
  7.4470E-04 -1.3193E-05  2.1944E-07  1.5407E-06
  7.5186E-04 -1.3431E-05  2.2368E-07  1.5705E-06
  7.5907E-04 -1.3673E-05  2.2799E-07  1.6008E-06
  7.6632E-04 -1.3918E-05  2.3237E-07  1.6315E-06
  7.7361E-04 -1.4166E-05  2.3681E-07  1.6627E-06
  7.8095E-04 -1.4419E-05  2.4133E-07  1.6944E-06
  7.8833E-04 -1.4675E-05  2.4591E-07  1.7266E-06
  7.9576E-04 -1.4935E-05  2.5057E-07  1.7593E-06
  8.0324E-04 -1.5198E-05  2.5530E-07  1.7925E-06
  8.1076E-04 -1.5465E-05  2.6010E-07  1.8262E-06
  8.1832E-04 -1.5737E-05  2.6497E-07  1.8604E-06
  8.2593E-04 -1.6012E-05  2.6993E-07  1.8952E-06
  8.3359E-04 -1.6291E-05  2.7495E-07  1.9305E-06
  8.4129E-04 -1.6574E-05  2.8006E-07  1.9664E-06
  8.4904E-04 -1.6862E-05  2.8524E-07  2.0028E-06
  8.5684E-04 -1.7153E-05  2.9051E-07  2.0397E-06
  8.6468E-04 -1.7449E-05  2.9585E-07  2.0772E-06
  8.7258E-04 -1.7749E-05  3.0128E-07  2.1153E-06
  8.8052E-04 -1.8053E-05  3.0679E-07  2.1540E-06
  8.8851E-04 -1.8362E-05  3.1238E-07  2.1933E-06
  8.9654E-04 -1.8675E-05  3.1805E-07  2.2331E-06
  9.0463E-04 -1.8993E-05  3.2382E-07  2.2736E-06
  9.1277E-04 -1.9315E-05  3.2967E-07  2.3147E-06
  9.2095E-04 -1.9642E-05  3.3561E-07  2.3564E-06
  9.2919E-04 -1.9973E-05  3.4164E-07  2.3987E-06
  9.3747E-04 -2.0309E-05  3.4776E-07  2.4417E-06
  9.4581E-04 -2.0650E-05  3.5397E-07  2.4853E-06
  9.5419E-04 -2.0996E-05  3.6027E-07  2.5295E-06
  9.6263E-04 -2.1347E-05  3.6667E-07  2.5745E-06
  9.7112E-04 -2.1703E-05  3.7317E-07  2.6201E-06
  9.7966E-04 -2.2063E-05  3.7976E-07  2.6664E-06
  9.8825E-04 -2.2429E-05  3.8645E-07  2.7133E-06
  9.9689E-04 -2.2800E-05  3.9324E-07  2.7610E-06
  1.0056E-03 -2.3176E-05  4.0013E-07  2.8094E-06
  1.0143E-03 -2.3558E-05  4.0712E-07  2.8585E-06
  1.0231E-03 -2.3945E-05  4.1422E-07  2.9083E-06
  1.0320E-03 -2.4337E-05  4.2142E-07  2.9589E-06
  1.0409E-03 -2.4735E-05  4.2873E-07  3.0102E-06
  1.0499E-03 -2.5138E-05  4.3615E-07  3.0623E-06
  1.0589E-03 -2.5547E-05  4.4367E-07  3.1151E-06
  1.0680E-03 -2.5962E-05  4.5131E-07  3.1687E-06
  1.0771E-03 -2.6383E-05  4.5906E-07  3.2231E-06
  1.0863E-03 -2.6809E-05  4.6692E-07  3.2783E-06
  1.0955E-03 -2.7241E-05  4.7490E-07  3.3343E-06
  1.1048E-03 -2.7680E-05  4.8299E-07  3.3912E-06
  1.1142E-03 -2.8124E-05  4.9120E-07  3.4488E-06
  1.1236E-03 -2.8575E-05  4.9954E-07  3.5073E-06
  1.1330E-03 -2.9032E-05  5.0799E-07  3.5667E-06
  1.1426E-03 -2.9495E-05  5.1657E-07  3.6269E-06
  1.1522E-03 -2.9965E-05  5.2527E-07  3.6880E-06
  1.1618E-03 -3.0441E-05  5.3410E-07  3.7500E-06
  1.1715E-03 -3.0923E-05  5.4305E-07  3.8129E-06
  1.1813E-03 -3.1413E-05  5.5214E-07  3.8767E-06
  1.1911E-03 -3.1909E-05  5.6135E-07  3.9414E-06
  1.2010E-03 -3.2412E-05  5.7070E-07  4.0070E-06
  1.2109E-03 -3.2922E-05  5.8019E-07  4.0736E-06
  1.2209E-03 -3.3439E-05  5.8981E-07  4.1411E-06
  1.2309E-03 -3.3962E-05  5.9957E-07  4.2097E-06
  1.2411E-03 -3.4494E-05  6.0946E-07  4.2792E-06
  1.2512E-03 -3.5032E-05  6.1951E-07  4.3497E-06
  1.2615E-03 -3.5578E-05  6.2969E-07  4.4212E-06
  1.2718E-03 -3.6131E-05  6.4002E-07  4.4937E-06
  1.2822E-03 -3.6692E-05  6.5050E-07  4.5673E-06
  1.2926E-03 -3.7260E-05  6.6113E-07  4.6419E-06
  1.3031E-03 -3.7837E-05  6.7191E-07  4.7176E-06
  1.3137E-03 -3.8421E-05  6.8284E-07  4.7943E-06
  1.3243E-03 -3.9013E-05  6.9393E-07  4.8722E-06
  1.3350E-03 -3.9613E-05  7.0518E-07  4.9512E-06
  1.3457E-03 -4.0221E-05  7.1658E-07  5.0312E-06
  1.3565E-03 -4.0837E-05  7.2815E-07  5.1125E-06
  1.3674E-03 -4.1462E-05  7.3988E-07  5.1948E-06
  1.3784E-03 -4.2095E-05  7.5178E-07  5.2784E-06
  1.3894E-03 -4.2737E-05  7.6384E-07  5.3631E-06
  1.4005E-03 -4.3387E-05  7.7608E-07  5.4490E-06
  1.4116E-03 -4.4047E-05  7.8849E-07  5.5361E-06
  1.4228E-03 -4.4715E-05  8.0107E-07  5.6245E-06
  1.4341E-03 -4.5392E-05  8.1383E-07  5.7140E-06
  1.4455E-03 -4.6078E-05  8.2677E-07  5.8049E-06
  1.4569E-03 -4.6774E-05  8.3989E-07  5.8970E-06
  1.4684E-03 -4.7479E-05  8.5319E-07  5.9904E-06
  1.4800E-03 -4.8193E-05  8.6669E-07  6.0852E-06
  1.4916E-03 -4.8917E-05  8.8037E-07  6.1812E-06
  1.5033E-03 -4.9651E-05  8.9424E-07  6.2786E-06
  1.5151E-03 -5.0394E-05  9.0830E-07  6.3774E-06
  1.5269E-03 -5.1148E-05  9.2257E-07  6.4775E-06
  1.5389E-03 -5.1911E-05  9.3703E-07  6.5790E-06
  1.5508E-03 -5.2685E-05  9.5169E-07  6.6820E-06
  1.5629E-03 -5.3469E-05  9.6655E-07  6.7864E-06
  1.5750E-03 -5.4263E-05  9.8163E-07  6.8922E-06
  1.5873E-03 -5.5068E-05  9.9691E-07  6.9995E-06
  1.5995E-03 -5.5884E-05  1.0124E-06  7.1083E-06
  1.6119E-03 -5.6711E-05  1.0281E-06  7.2186E-06
  1.6243E-03 -5.7549E-05  1.0440E-06  7.3304E-06
  1.6369E-03 -5.8397E-05  1.0602E-06  7.4438E-06
  1.6495E-03 -5.9258E-05  1.0766E-06  7.5587E-06
  1.6621E-03 -6.0129E-05  1.0932E-06  7.6752E-06
  1.6749E-03 -6.1012E-05  1.1100E-06  7.7934E-06
  1.6877E-03 -6.1907E-05  1.1270E-06  7.9131E-06
  1.7006E-03 -6.2813E-05  1.1443E-06  8.0345E-06
  1.7136E-03 -6.3732E-05  1.1619E-06  8.1576E-06
  1.7266E-03 -6.4663E-05  1.1796E-06  8.2824E-06
  1.7397E-03 -6.5606E-05  1.1976E-06  8.4089E-06
  1.7530E-03 -6.6561E-05  1.2159E-06  8.5371E-06
  1.7663E-03 -6.7530E-05  1.2344E-06  8.6671E-06
  1.7796E-03 -6.8510E-05  1.2532E-06  8.7989E-06
  1.7931E-03 -6.9504E-05  1.2722E-06  8.9324E-06
  1.8066E-03 -7.0511E-05  1.2915E-06  9.0678E-06
  1.8202E-03 -7.1531E-05  1.3110E-06  9.2051E-06
  1.8339E-03 -7.2565E-05  1.3309E-06  9.3442E-06
  1.8477E-03 -7.3612E-05  1.3509E-06  9.4852E-06
  1.8616E-03 -7.4673E-05  1.3713E-06  9.6282E-06
  1.8756E-03 -7.5748E-05  1.3919E-06  9.7731E-06
  1.8896E-03 -7.6836E-05  1.4129E-06  9.9200E-06
  1.9037E-03 -7.7940E-05  1.4341E-06  1.0069E-05
  1.9179E-03 -7.9057E-05  1.4556E-06  1.0220E-05
  1.9322E-03 -8.0189E-05  1.4773E-06  1.0373E-05
  1.9466E-03 -8.1337E-05  1.4994E-06  1.0528E-05
  1.9611E-03 -8.2499E-05  1.5218E-06  1.0685E-05
  1.9757E-03 -8.3676E-05  1.5445E-06  1.0844E-05
  1.9903E-03 -8.4868E-05  1.5675E-06  1.1005E-05
  2.0050E-03 -8.6076E-05  1.5908E-06  1.1169E-05
  2.0199E-03 -8.7300E-05  1.6144E-06  1.1335E-05
  2.0348E-03 -8.8540E-05  1.6383E-06  1.1503E-05
  2.0498E-03 -8.9796E-05  1.6626E-06  1.1673E-05
  2.0649E-03 -9.1068E-05  1.6872E-06  1.1846E-05
  2.0801E-03 -9.2357E-05  1.7121E-06  1.2021E-05
  2.0954E-03 -9.3663E-05  1.7373E-06  1.2198E-05
  2.1108E-03 -9.4985E-05  1.7629E-06  1.2378E-05
  2.1262E-03 -9.6325E-05  1.7889E-06  1.2560E-05
  2.1418E-03 -9.7682E-05  1.8152E-06  1.2744E-05
  2.1575E-03 -9.9057E-05  1.8418E-06  1.2932E-05
  2.1732E-03 -1.0045E-04  1.8688E-06  1.3121E-05
  2.1891E-03 -1.0186E-04  1.8961E-06  1.3313E-05
  2.2050E-03 -1.0329E-04  1.9239E-06  1.3508E-05
  2.2210E-03 -1.0474E-04  1.9520E-06  1.3705E-05
  2.2372E-03 -1.0620E-04  1.9805E-06  1.3905E-05
  2.2534E-03 -1.0769E-04  2.0093E-06  1.4108E-05
  2.2698E-03 -1.0919E-04  2.0386E-06  1.4313E-05
  2.2862E-03 -1.1071E-04  2.0682E-06  1.4521E-05
  2.3027E-03 -1.1226E-04  2.0982E-06  1.4732E-05
  2.3194E-03 -1.1382E-04  2.1286E-06  1.4946E-05
  2.3361E-03 -1.1540E-04  2.1595E-06  1.5162E-05
  2.3530E-03 -1.1701E-04  2.1907E-06  1.5381E-05
  2.3699E-03 -1.1863E-04  2.2224E-06  1.5604E-05
  2.3870E-03 -1.2027E-04  2.2545E-06  1.5829E-05
  2.4041E-03 -1.2194E-04  2.2870E-06  1.6057E-05
  2.4214E-03 -1.2363E-04  2.3199E-06  1.6289E-05
  2.4387E-03 -1.2534E-04  2.3533E-06  1.6523E-05
  2.4562E-03 -1.2707E-04  2.3872E-06  1.6761E-05
  2.4738E-03 -1.2882E-04  2.4214E-06  1.7001E-05
  2.4914E-03 -1.3060E-04  2.4562E-06  1.7245E-05
  2.5092E-03 -1.3240E-04  2.4914E-06  1.7492E-05
  2.5271E-03 -1.3422E-04  2.5270E-06  1.7743E-05
  2.5451E-03 -1.3606E-04  2.5632E-06  1.7996E-05
  2.5632E-03 -1.3793E-04  2.5998E-06  1.8253E-05
  2.5815E-03 -1.3982E-04  2.6369E-06  1.8514E-05
  2.5998E-03 -1.4174E-04  2.6745E-06  1.8778E-05
  2.6182E-03 -1.4368E-04  2.7125E-06  1.9045E-05
  2.6368E-03 -1.4565E-04  2.7511E-06  1.9316E-05
  2.6555E-03 -1.4764E-04  2.7902E-06  1.9591E-05
  2.6742E-03 -1.4965E-04  2.8298E-06  1.9869E-05
  2.6931E-03 -1.5169E-04  2.8700E-06  2.0151E-05
  2.7122E-03 -1.5376E-04  2.9106E-06  2.0436E-05
  2.7313E-03 -1.5586E-04  2.9518E-06  2.0725E-05
  2.7505E-03 -1.5798E-04  2.9936E-06  2.1018E-05
  2.7699E-03 -1.6012E-04  3.0359E-06  2.1315E-05
  2.7894E-03 -1.6230E-04  3.0787E-06  2.1616E-05
  2.8090E-03 -1.6450E-04  3.1221E-06  2.1921E-05
  2.8287E-03 -1.6673E-04  3.1661E-06  2.2230E-05
  2.8485E-03 -1.6899E-04  3.2107E-06  2.2543E-05
  2.8685E-03 -1.7128E-04  3.2558E-06  2.2860E-05
  2.8886E-03 -1.7360E-04  3.3016E-06  2.3181E-05
  2.9088E-03 -1.7594E-04  3.3479E-06  2.3506E-05
  2.9291E-03 -1.7832E-04  3.3949E-06  2.3836E-05
  2.9495E-03 -1.8072E-04  3.4424E-06  2.4170E-05
  2.9701E-03 -1.8316E-04  3.4906E-06  2.4508E-05
  2.9908E-03 -1.8563E-04  3.5394E-06  2.4851E-05
  3.0116E-03 -1.8812E-04  3.5889E-06  2.5198E-05
  3.0326E-03 -1.9065E-04  3.6390E-06  2.5550E-05
  3.0537E-03 -1.9322E-04  3.6898E-06  2.5906E-05
  3.0749E-03 -1.9581E-04  3.7412E-06  2.6267E-05
  3.0962E-03 -1.9844E-04  3.7933E-06  2.6633E-05
  3.1177E-03 -2.0110E-04  3.8461E-06  2.7004E-05
  3.1393E-03 -2.0379E-04  3.8995E-06  2.7379E-05
  3.1610E-03 -2.0652E-04  3.9537E-06  2.7759E-05
  3.1828E-03 -2.0928E-04  4.0085E-06  2.8145E-05
  3.2048E-03 -2.1207E-04  4.0641E-06  2.8535E-05
  3.2270E-03 -2.1491E-04  4.1204E-06  2.8930E-05
  3.2492E-03 -2.1777E-04  4.1775E-06  2.9331E-05
  3.2716E-03 -2.2068E-04  4.2353E-06  2.9736E-05
  3.2941E-03 -2.2362E-04  4.2938E-06  3.0147E-05
  3.3168E-03 -2.2659E-04  4.3531E-06  3.0564E-05
  3.3396E-03 -2.2961E-04  4.4132E-06  3.0985E-05
  3.3626E-03 -2.3266E-04  4.4740E-06  3.1413E-05
  3.3856E-03 -2.3575E-04  4.5356E-06  3.1845E-05
  3.4089E-03 -2.3888E-04  4.5981E-06  3.2284E-05
  3.4322E-03 -2.4204E-04  4.6613E-06  3.2728E-05
  3.4557E-03 -2.4525E-04  4.7254E-06  3.3178E-05
  3.4794E-03 -2.4850E-04  4.7903E-06  3.3633E-05
  3.5032E-03 -2.5179E-04  4.8561E-06  3.4095E-05
  3.5271E-03 -2.5512E-04  4.9226E-06  3.4563E-05
  3.5512E-03 -2.5849E-04  4.9901E-06  3.5036E-05
  3.5754E-03 -2.6190E-04  5.0584E-06  3.5516E-05
  3.5998E-03 -2.6536E-04  5.1277E-06  3.6002E-05
  3.6243E-03 -2.6886E-04  5.1978E-06  3.6494E-05
  3.6490E-03 -2.7240E-04  5.2688E-06  3.6993E-05
  3.6738E-03 -2.7599E-04  5.3407E-06  3.7498E-05
  3.6988E-03 -2.7962E-04  5.4136E-06  3.8009E-05
  3.7240E-03 -2.8329E-04  5.4874E-06  3.8528E-05
  3.7492E-03 -2.8702E-04  5.5622E-06  3.9053E-05
  3.7747E-03 -2.9079E-04  5.6379E-06  3.9584E-05
  3.8003E-03 -2.9460E-04  5.7146E-06  4.0123E-05
  3.8260E-03 -2.9847E-04  5.7923E-06  4.0668E-05
  3.8519E-03 -3.0238E-04  5.8710E-06  4.1221E-05
  3.8780E-03 -3.0634E-04  5.9507E-06  4.1780E-05
  3.9042E-03 -3.1035E-04  6.0314E-06  4.2347E-05
  3.9306E-03 -3.1441E-04  6.1132E-06  4.2921E-05
  3.9571E-03 -3.1852E-04  6.1960E-06  4.3503E-05
  3.9838E-03 -3.2268E-04  6.2799E-06  4.4092E-05
  4.0107E-03 -3.2689E-04  6.3649E-06  4.4689E-05
  4.0377E-03 -3.3115E-04  6.4510E-06  4.5293E-05
  4.0649E-03 -3.3547E-04  6.5381E-06  4.5905E-05
  4.0922E-03 -3.3984E-04  6.6264E-06  4.6525E-05
  4.1198E-03 -3.4427E-04  6.7159E-06  4.7153E-05
  4.1475E-03 -3.4875E-04  6.8064E-06  4.7789E-05
  4.1753E-03 -3.5328E-04  6.8982E-06  4.8433E-05
  4.2033E-03 -3.5787E-04  6.9911E-06  4.9085E-05
  4.2315E-03 -3.6252E-04  7.0852E-06  4.9746E-05
  4.2599E-03 -3.6723E-04  7.1805E-06  5.0415E-05
  4.2884E-03 -3.7199E-04  7.2771E-06  5.1093E-05
  4.3172E-03 -3.7681E-04  7.3748E-06  5.1779E-05
  4.3461E-03 -3.8169E-04  7.4739E-06  5.2475E-05
  4.3751E-03 -3.8664E-04  7.5742E-06  5.3179E-05
  4.4044E-03 -3.9164E-04  7.6758E-06  5.3892E-05
  4.4338E-03 -3.9671E-04  7.7787E-06  5.4615E-05
  4.4634E-03 -4.0183E-04  7.8829E-06  5.5346E-05
  4.4932E-03 -4.0702E-04  7.9884E-06  5.6087E-05
  4.5231E-03 -4.1228E-04  8.0953E-06  5.6838E-05
  4.5533E-03 -4.1760E-04  8.2035E-06  5.7598E-05
  4.5836E-03 -4.2298E-04  8.3132E-06  5.8367E-05
  4.6141E-03 -4.2843E-04  8.4242E-06  5.9147E-05
  4.6448E-03 -4.3395E-04  8.5367E-06  5.9936E-05
  4.6757E-03 -4.3954E-04  8.6506E-06  6.0736E-05
  4.7067E-03 -4.4519E-04  8.7659E-06  6.1546E-05
  4.7380E-03 -4.5091E-04  8.8827E-06  6.2366E-05
  4.7694E-03 -4.5671E-04  9.0010E-06  6.3197E-05
  4.8011E-03 -4.6257E-04  9.1209E-06  6.4038E-05
  4.8329E-03 -4.6851E-04  9.2422E-06  6.4890E-05
  4.8649E-03 -4.7452E-04  9.3651E-06  6.5753E-05
  4.8972E-03 -4.8060E-04  9.4896E-06  6.6627E-05
  4.9296E-03 -4.8676E-04  9.6156E-06  6.7512E-05
  4.9622E-03 -4.9300E-04  9.7433E-06  6.8408E-05
  4.9950E-03 -4.9931E-04  9.8726E-06  6.9316E-05
  5.0280E-03 -5.0569E-04  1.0003E-05  7.0235E-05
  5.0612E-03 -5.1216E-04  1.0136E-05  7.1166E-05
  5.0947E-03 -5.1870E-04  1.0270E-05  7.2109E-05
  5.1283E-03 -5.2533E-04  1.0406E-05  7.3063E-05
  5.1621E-03 -5.3203E-04  1.0544E-05  7.4030E-05
  5.1961E-03 -5.3882E-04  1.0684E-05  7.5009E-05
  5.2304E-03 -5.4569E-04  1.0825E-05  7.6001E-05
  5.2648E-03 -5.5264E-04  1.0968E-05  7.7005E-05
  5.2995E-03 -5.5968E-04  1.1113E-05  7.8022E-05
  5.3343E-03 -5.6681E-04  1.1259E-05  7.9052E-05
  5.3694E-03 -5.7402E-04  1.1408E-05  8.0095E-05
  5.4047E-03 -5.8132E-04  1.1558E-05  8.1151E-05
  5.4402E-03 -5.8871E-04  1.1711E-05  8.2221E-05
  5.4759E-03 -5.9619E-04  1.1865E-05  8.3304E-05
  5.5118E-03 -6.0375E-04  1.2021E-05  8.4401E-05
  5.5480E-03 -6.1142E-04  1.2179E-05  8.5512E-05
  5.5844E-03 -6.1917E-04  1.2340E-05  8.6637E-05
  5.6210E-03 -6.2702E-04  1.2502E-05  8.7776E-05
  5.6578E-03 -6.3496E-04  1.2666E-05  8.8930E-05
  5.6948E-03 -6.4300E-04  1.2833E-05  9.0098E-05
  5.7321E-03 -6.5114E-04  1.3001E-05  9.1281E-05
  5.7696E-03 -6.5938E-04  1.3172E-05  9.2479E-05
  5.8073E-03 -6.6772E-04  1.3345E-05  9.3693E-05
  5.8453E-03 -6.7615E-04  1.3520E-05  9.4921E-05
  5.8835E-03 -6.8470E-04  1.3697E-05  9.6165E-05
  5.9219E-03 -6.9334E-04  1.3876E-05  9.7425E-05
  5.9605E-03 -7.0209E-04  1.4058E-05  9.8701E-05
  5.9994E-03 -7.1094E-04  1.4242E-05  9.9993E-05
  6.0385E-03 -7.1990E-04  1.4428E-05  1.0130E-04
  6.0779E-03 -7.2898E-04  1.4617E-05  1.0263E-04
  6.1175E-03 -7.3816E-04  1.4808E-05  1.0397E-04
  6.1573E-03 -7.4745E-04  1.5002E-05  1.0533E-04
  6.1974E-03 -7.5685E-04  1.5198E-05  1.0670E-04
  6.2377E-03 -7.6637E-04  1.5396E-05  1.0809E-04
  6.2783E-03 -7.7600E-04  1.5597E-05  1.0951E-04
  6.3191E-03 -7.8575E-04  1.5800E-05  1.1093E-04
  6.3602E-03 -7.9561E-04  1.6006E-05  1.1238E-04
  6.4015E-03 -8.0560E-04  1.6215E-05  1.1384E-04
  6.4431E-03 -8.1570E-04  1.6426E-05  1.1533E-04
  6.4849E-03 -8.2593E-04  1.6640E-05  1.1683E-04
  6.5269E-03 -8.3628E-04  1.6857E-05  1.1835E-04
  6.5693E-03 -8.4675E-04  1.7076E-05  1.1989E-04
  6.6119E-03 -8.5735E-04  1.7298E-05  1.2145E-04
  6.6547E-03 -8.6808E-04  1.7523E-05  1.2303E-04
  6.6978E-03 -8.7894E-04  1.7751E-05  1.2463E-04
  6.7412E-03 -8.8993E-04  1.7982E-05  1.2625E-04
  6.7848E-03 -9.0105E-04  1.8215E-05  1.2789E-04
  6.8287E-03 -9.1230E-04  1.8452E-05  1.2955E-04
  6.8729E-03 -9.2369E-04  1.8691E-05  1.3123E-04
  6.9173E-03 -9.3522E-04  1.8933E-05  1.3293E-04
  6.9620E-03 -9.4688E-04  1.9179E-05  1.3465E-04
  7.0070E-03 -9.5869E-04  1.9427E-05  1.3640E-04
  7.0522E-03 -9.7063E-04  1.9679E-05  1.3817E-04
  7.0978E-03 -9.8272E-04  1.9934E-05  1.3996E-04
  7.1436E-03 -9.9495E-04  2.0192E-05  1.4177E-04
  7.1896E-03 -1.0073E-03  2.0454E-05  1.4360E-04
  7.2360E-03 -1.0199E-03  2.0718E-05  1.4546E-04
  7.2826E-03 -1.0325E-03  2.0986E-05  1.4734E-04
  7.3296E-03 -1.0454E-03  2.1257E-05  1.4925E-04
  7.3768E-03 -1.0584E-03  2.1532E-05  1.5117E-04
  7.4243E-03 -1.0715E-03  2.1810E-05  1.5313E-04
  7.4721E-03 -1.0848E-03  2.2092E-05  1.5510E-04
  7.5201E-03 -1.0982E-03  2.2377E-05  1.5711E-04
  7.5685E-03 -1.1119E-03  2.2666E-05  1.5913E-04
  7.6172E-03 -1.1256E-03  2.2958E-05  1.6119E-04
  7.6661E-03 -1.1396E-03  2.3254E-05  1.6327E-04
  7.7154E-03 -1.1537E-03  2.3554E-05  1.6537E-04
  7.7649E-03 -1.1680E-03  2.3858E-05  1.6750E-04
  7.8148E-03 -1.1824E-03  2.4165E-05  1.6966E-04
  7.8650E-03 -1.1970E-03  2.4476E-05  1.7184E-04
  7.9154E-03 -1.2118E-03  2.4791E-05  1.7406E-04
  7.9662E-03 -1.2268E-03  2.5110E-05  1.7630E-04
  8.0173E-03 -1.2419E-03  2.5434E-05  1.7856E-04
  8.0687E-03 -1.2573E-03  2.5761E-05  1.8086E-04
  8.1204E-03 -1.2728E-03  2.6092E-05  1.8319E-04
  8.1724E-03 -1.2885E-03  2.6427E-05  1.8554E-04
  8.2247E-03 -1.3043E-03  2.6767E-05  1.8792E-04
  8.2774E-03 -1.3204E-03  2.7111E-05  1.9034E-04
  8.3304E-03 -1.3367E-03  2.7459E-05  1.9278E-04
  8.3837E-03 -1.3531E-03  2.7811E-05  1.9526E-04
  8.4373E-03 -1.3698E-03  2.8168E-05  1.9776E-04
  8.4912E-03 -1.3866E-03  2.8529E-05  2.0030E-04
  8.5455E-03 -1.4036E-03  2.8895E-05  2.0287E-04
  8.6001E-03 -1.4209E-03  2.9266E-05  2.0547E-04
  8.6550E-03 -1.4383E-03  2.9641E-05  2.0810E-04
  8.7103E-03 -1.4560E-03  3.0021E-05  2.1077E-04
  8.7659E-03 -1.4739E-03  3.0405E-05  2.1347E-04
  8.8219E-03 -1.4919E-03  3.0794E-05  2.1620E-04
  8.8782E-03 -1.5102E-03  3.1189E-05  2.1897E-04
  8.9348E-03 -1.5287E-03  3.1588E-05  2.2177E-04
  8.9918E-03 -1.5474E-03  3.1992E-05  2.2461E-04
  9.0491E-03 -1.5664E-03  3.2401E-05  2.2748E-04
  9.1067E-03 -1.5856E-03  3.2815E-05  2.3039E-04
  9.1648E-03 -1.6049E-03  3.3235E-05  2.3333E-04
  9.2231E-03 -1.6246E-03  3.3660E-05  2.3631E-04
  9.2819E-03 -1.6444E-03  3.4090E-05  2.3933E-04
  9.3409E-03 -1.6645E-03  3.4525E-05  2.4239E-04
  9.4004E-03 -1.6848E-03  3.4966E-05  2.4548E-04
  9.4602E-03 -1.7054E-03  3.5412E-05  2.4862E-04
  9.5204E-03 -1.7262E-03  3.5864E-05  2.5179E-04
  9.5809E-03 -1.7472E-03  3.6321E-05  2.5500E-04
  9.6418E-03 -1.7685E-03  3.6785E-05  2.5825E-04
  9.7031E-03 -1.7901E-03  3.7254E-05  2.6154E-04
  9.7647E-03 -1.8119E-03  3.7728E-05  2.6488E-04
  9.8267E-03 -1.8339E-03  3.8209E-05  2.6825E-04
  9.8891E-03 -1.8562E-03  3.8696E-05  2.7167E-04
  9.9519E-03 -1.8788E-03  3.9189E-05  2.7513E-04
  1.0015E-02 -1.9017E-03  3.9688E-05  2.7863E-04
  1.0079E-02 -1.9248E-03  4.0193E-05  2.8218E-04
  1.0143E-02 -1.9481E-03  4.0705E-05  2.8577E-04
  1.0207E-02 -1.9718E-03  4.1222E-05  2.8940E-04
  1.0272E-02 -1.9957E-03  4.1747E-05  2.9309E-04
  1.0337E-02 -2.0199E-03  4.2278E-05  2.9681E-04
  1.0402E-02 -2.0444E-03  4.2815E-05  3.0058E-04
  1.0468E-02 -2.0692E-03  4.3359E-05  3.0440E-04
  1.0534E-02 -2.0942E-03  4.3910E-05  3.0827E-04
  1.0601E-02 -2.1196E-03  4.4468E-05  3.1219E-04
  1.0668E-02 -2.1453E-03  4.5033E-05  3.1615E-04
  1.0736E-02 -2.1712E-03  4.5605E-05  3.2017E-04
  1.0804E-02 -2.1975E-03  4.6183E-05  3.2423E-04
  1.0872E-02 -2.2240E-03  4.6770E-05  3.2834E-04
  1.0941E-02 -2.2509E-03  4.7363E-05  3.3251E-04
  1.1010E-02 -2.2781E-03  4.7964E-05  3.3673E-04
  1.1079E-02 -2.3056E-03  4.8572E-05  3.4100E-04
  1.1149E-02 -2.3334E-03  4.9188E-05  3.4532E-04
  1.1220E-02 -2.3615E-03  4.9811E-05  3.4970E-04
  1.1291E-02 -2.3900E-03  5.0442E-05  3.5413E-04
  1.1362E-02 -2.4188E-03  5.1082E-05  3.5861E-04
  1.1434E-02 -2.4479E-03  5.1729E-05  3.6316E-04
  1.1506E-02 -2.4774E-03  5.2384E-05  3.6775E-04
  1.1579E-02 -2.5072E-03  5.3047E-05  3.7241E-04
  1.1652E-02 -2.5373E-03  5.3718E-05  3.7712E-04
  1.1725E-02 -2.5678E-03  5.4398E-05  3.8189E-04
  1.1799E-02 -2.5987E-03  5.5086E-05  3.8673E-04
  1.1874E-02 -2.6299E-03  5.5783E-05  3.9162E-04
  1.1948E-02 -2.6615E-03  5.6489E-05  3.9657E-04
  1.2024E-02 -2.6934E-03  5.7203E-05  4.0158E-04
  1.2099E-02 -2.7257E-03  5.7926E-05  4.0666E-04
  1.2176E-02 -2.7584E-03  5.8658E-05  4.1180E-04
  1.2252E-02 -2.7915E-03  5.9399E-05  4.1700E-04
  1.2329E-02 -2.8249E-03  6.0150E-05  4.2227E-04
  1.2407E-02 -2.8587E-03  6.0909E-05  4.2760E-04
  1.2485E-02 -2.8929E-03  6.1678E-05  4.3300E-04
  1.2564E-02 -2.9275E-03  6.2457E-05  4.3846E-04
  1.2643E-02 -2.9625E-03  6.3245E-05  4.4400E-04
  1.2722E-02 -2.9979E-03  6.4043E-05  4.4960E-04
  1.2802E-02 -3.0338E-03  6.4851E-05  4.5527E-04
  1.2883E-02 -3.0700E-03  6.5670E-05  4.6101E-04
  1.2964E-02 -3.1066E-03  6.6498E-05  4.6683E-04
  1.3045E-02 -3.1437E-03  6.7336E-05  4.7271E-04
  1.3127E-02 -3.1812E-03  6.8185E-05  4.7867E-04
  1.3210E-02 -3.2191E-03  6.9044E-05  4.8470E-04
  1.3293E-02 -3.2574E-03  6.9914E-05  4.9081E-04
  1.3376E-02 -3.2962E-03  7.0795E-05  4.9699E-04
  1.3460E-02 -3.3354E-03  7.1687E-05  5.0325E-04
  1.3545E-02 -3.3751E-03  7.2590E-05  5.0959E-04
  1.3630E-02 -3.4153E-03  7.3504E-05  5.1600E-04
  1.3715E-02 -3.4558E-03  7.4429E-05  5.2250E-04
  1.3801E-02 -3.4969E-03  7.5366E-05  5.2907E-04
  1.3888E-02 -3.5384E-03  7.6314E-05  5.3573E-04
  1.3975E-02 -3.5804E-03  7.7275E-05  5.4247E-04
  1.4062E-02 -3.6229E-03  7.8247E-05  5.4929E-04
  1.4151E-02 -3.6659E-03  7.9231E-05  5.5620E-04
  1.4239E-02 -3.7093E-03  8.0227E-05  5.6319E-04
  1.4329E-02 -3.7532E-03  8.1236E-05  5.7027E-04
  1.4418E-02 -3.7977E-03  8.2257E-05  5.7744E-04
  1.4509E-02 -3.8426E-03  8.3290E-05  5.8469E-04
  1.4600E-02 -3.8881E-03  8.4337E-05  5.9204E-04
  1.4691E-02 -3.9341E-03  8.5397E-05  5.9947E-04
  1.4783E-02 -3.9806E-03  8.6469E-05  6.0700E-04
  1.4875E-02 -4.0276E-03  8.7555E-05  6.1462E-04
  1.4969E-02 -4.0751E-03  8.8654E-05  6.2234E-04
  1.5062E-02 -4.1232E-03  8.9767E-05  6.3015E-04
  1.5157E-02 -4.1719E-03  9.0894E-05  6.3806E-04
  1.5251E-02 -4.2210E-03  9.2035E-05  6.4606E-04
  1.5347E-02 -4.2708E-03  9.3190E-05  6.5417E-04
  1.5443E-02 -4.3211E-03  9.4359E-05  6.6237E-04
  1.5539E-02 -4.3720E-03  9.5542E-05  6.7068E-04
  1.5636E-02 -4.4234E-03  9.6740E-05  6.7909E-04
  1.5734E-02 -4.4754E-03  9.7953E-05  6.8760E-04
  1.5832E-02 -4.5280E-03  9.9181E-05  6.9622E-04
  1.5931E-02 -4.5812E-03  1.0042E-04  7.0495E-04
  1.6031E-02 -4.6350E-03  1.0168E-04  7.1378E-04
  1.6131E-02 -4.6895E-03  1.0296E-04  7.2272E-04
  1.6232E-02 -4.7445E-03  1.0425E-04  7.3177E-04
  1.6333E-02 -4.8001E-03  1.0555E-04  7.4094E-04
  1.6435E-02 -4.8564E-03  1.0687E-04  7.5021E-04
  1.6538E-02 -4.9133E-03  1.0821E-04  7.5961E-04
  1.6641E-02 -4.9708E-03  1.0957E-04  7.6911E-04
  1.6745E-02 -5.0290E-03  1.1094E-04  7.7874E-04
  1.6849E-02 -5.0878E-03  1.1233E-04  7.8848E-04
  1.6954E-02 -5.1473E-03  1.1373E-04  7.9835E-04
  1.7060E-02 -5.2074E-03  1.1516E-04  8.0834E-04
  1.7166E-02 -5.2682E-03  1.1660E-04  8.1845E-04
  1.7273E-02 -5.3297E-03  1.1806E-04  8.2868E-04
  1.7381E-02 -5.3919E-03  1.1953E-04  8.3904E-04
  1.7489E-02 -5.4548E-03  1.2103E-04  8.4953E-04
  1.7598E-02 -5.5184E-03  1.2254E-04  8.6015E-04
  1.7708E-02 -5.5826E-03  1.2407E-04  8.7090E-04
  1.7818E-02 -5.6476E-03  1.2562E-04  8.8178E-04
  1.7929E-02 -5.7134E-03  1.2719E-04  8.9280E-04
  1.8041E-02 -5.7798E-03  1.2878E-04  9.0395E-04
  1.8153E-02 -5.8470E-03  1.3039E-04  9.1524E-04
  1.8267E-02 -5.9149E-03  1.3202E-04  9.2667E-04
  1.8380E-02 -5.9836E-03  1.3367E-04  9.3824E-04
  1.8495E-02 -6.0531E-03  1.3534E-04  9.4995E-04
  1.8610E-02 -6.1233E-03  1.3703E-04  9.6181E-04
  1.8726E-02 -6.1943E-03  1.3874E-04  9.7382E-04
  1.8842E-02 -6.2661E-03  1.4047E-04  9.8597E-04
  1.8959E-02 -6.3386E-03  1.4222E-04  9.9827E-04
  1.9077E-02 -6.4120E-03  1.4400E-04  1.0107E-03
  1.9196E-02 -6.4862E-03  1.4580E-04  1.0233E-03
  1.9315E-02 -6.5612E-03  1.4761E-04  1.0361E-03
  1.9435E-02 -6.6370E-03  1.4946E-04  1.0490E-03
  1.9556E-02 -6.7136E-03  1.5132E-04  1.0621E-03
  1.9678E-02 -6.7911E-03  1.5321E-04  1.0753E-03
  1.9800E-02 -6.8695E-03  1.5512E-04  1.0887E-03
  1.9923E-02 -6.9487E-03  1.5705E-04  1.1023E-03
  2.0047E-02 -7.0288E-03  1.5901E-04  1.1160E-03
  2.0172E-02 -7.1097E-03  1.6099E-04  1.1299E-03
  2.0297E-02 -7.1916E-03  1.6300E-04  1.1440E-03
  2.0423E-02 -7.2743E-03  1.6503E-04  1.1583E-03
  2.0550E-02 -7.3579E-03  1.6708E-04  1.1727E-03
  2.0677E-02 -7.4425E-03  1.6916E-04  1.1873E-03
  2.0806E-02 -7.5280E-03  1.7127E-04  1.2021E-03
  2.0935E-02 -7.6144E-03  1.7340E-04  1.2170E-03
  2.1065E-02 -7.7017E-03  1.7556E-04  1.2322E-03
  2.1196E-02 -7.7900E-03  1.7775E-04  1.2475E-03
  2.1327E-02 -7.8793E-03  1.7996E-04  1.2631E-03
  2.1460E-02 -7.9695E-03  1.8220E-04  1.2788E-03
  2.1593E-02 -8.0607E-03  1.8447E-04  1.2947E-03
  2.1727E-02 -8.1529E-03  1.8677E-04  1.3108E-03
  2.1861E-02 -8.2461E-03  1.8909E-04  1.3271E-03
  2.1997E-02 -8.3404E-03  1.9144E-04  1.3436E-03
  2.2133E-02 -8.4356E-03  1.9382E-04  1.3603E-03
  2.2271E-02 -8.5318E-03  1.9624E-04  1.3772E-03
  2.2409E-02 -8.6291E-03  1.9868E-04  1.3943E-03
  2.2548E-02 -8.7275E-03  2.0115E-04  1.4117E-03
  2.2687E-02 -8.8269E-03  2.0365E-04  1.4292E-03
  2.2828E-02 -8.9274E-03  2.0618E-04  1.4470E-03
  2.2969E-02 -9.0289E-03  2.0874E-04  1.4650E-03
  2.3112E-02 -9.1316E-03  2.1134E-04  1.4832E-03
  2.3255E-02 -9.2354E-03  2.1396E-04  1.5016E-03
  2.3399E-02 -9.3402E-03  2.1662E-04  1.5202E-03
  2.3544E-02 -9.4462E-03  2.1931E-04  1.5391E-03
  2.3690E-02 -9.5534E-03  2.2204E-04  1.5582E-03
  2.3837E-02 -9.6616E-03  2.2480E-04  1.5776E-03
  2.3984E-02 -9.7711E-03  2.2759E-04  1.5972E-03
  2.4133E-02 -9.8817E-03  2.3042E-04  1.6170E-03
  2.4282E-02 -9.9935E-03  2.3328E-04  1.6371E-03
  2.4432E-02 -1.0106E-02  2.3617E-04  1.6574E-03
  2.4584E-02 -1.0221E-02  2.3911E-04  1.6779E-03
  2.4736E-02 -1.0336E-02  2.4208E-04  1.6988E-03
  2.4889E-02 -1.0453E-02  2.4508E-04  1.7198E-03
  2.5043E-02 -1.0571E-02  2.4812E-04  1.7412E-03
  2.5198E-02 -1.0690E-02  2.5120E-04  1.7628E-03
  2.5354E-02 -1.0810E-02  2.5432E-04  1.7846E-03
  2.5510E-02 -1.0932E-02  2.5747E-04  1.8068E-03
  2.5668E-02 -1.1055E-02  2.6067E-04  1.8292E-03
  2.5827E-02 -1.1179E-02  2.6390E-04  1.8518E-03
  2.5987E-02 -1.1304E-02  2.6718E-04  1.8748E-03
  2.6147E-02 -1.1431E-02  2.7049E-04  1.8980E-03
  2.6309E-02 -1.1559E-02  2.7384E-04  1.9216E-03
  2.6472E-02 -1.1689E-02  2.7724E-04  1.9454E-03
  2.6635E-02 -1.1820E-02  2.8068E-04  1.9695E-03
  2.6800E-02 -1.1952E-02  2.8416E-04  1.9939E-03
  2.6965E-02 -1.2086E-02  2.8768E-04  2.0186E-03
  2.7132E-02 -1.2221E-02  2.9125E-04  2.0436E-03
  2.7300E-02 -1.2358E-02  2.9485E-04  2.0689E-03
  2.7468E-02 -1.2496E-02  2.9851E-04  2.0945E-03
  2.7638E-02 -1.2635E-02  3.0221E-04  2.1205E-03
  2.7809E-02 -1.2776E-02  3.0595E-04  2.1467E-03
  2.7981E-02 -1.2918E-02  3.0974E-04  2.1733E-03
  2.8153E-02 -1.3062E-02  3.1358E-04  2.2002E-03
  2.8327E-02 -1.3207E-02  3.1746E-04  2.2274E-03
  2.8502E-02 -1.3354E-02  3.2140E-04  2.2550E-03
  2.8678E-02 -1.3502E-02  3.2538E-04  2.2829E-03
  2.8855E-02 -1.3652E-02  3.2941E-04  2.3111E-03
  2.9033E-02 -1.3803E-02  3.3348E-04  2.3397E-03
  2.9212E-02 -1.3956E-02  3.3761E-04  2.3687E-03
  2.9393E-02 -1.4111E-02  3.4179E-04  2.3980E-03
  2.9574E-02 -1.4267E-02  3.4602E-04  2.4277E-03
  2.9757E-02 -1.4425E-02  3.5031E-04  2.4577E-03
  2.9940E-02 -1.4584E-02  3.5464E-04  2.4881E-03
  3.0125E-02 -1.4745E-02  3.5903E-04  2.5188E-03
  3.0311E-02 -1.4908E-02  3.6347E-04  2.5500E-03
  3.0498E-02 -1.5072E-02  3.6797E-04  2.5815E-03
  3.0686E-02 -1.5238E-02  3.7252E-04  2.6134E-03
  3.0875E-02 -1.5406E-02  3.7713E-04  2.6457E-03
  3.1066E-02 -1.5575E-02  3.8180E-04  2.6784E-03
  3.1257E-02 -1.5746E-02  3.8652E-04  2.7115E-03
  3.1450E-02 -1.5919E-02  3.9130E-04  2.7450E-03
  3.1644E-02 -1.6094E-02  3.9614E-04  2.7789E-03
  3.1839E-02 -1.6270E-02  4.0104E-04  2.8133E-03
  3.2035E-02 -1.6449E-02  4.0599E-04  2.8480E-03
  3.2233E-02 -1.6629E-02  4.1101E-04  2.8832E-03
  3.2431E-02 -1.6811E-02  4.1609E-04  2.9188E-03
  3.2631E-02 -1.6994E-02  4.2124E-04  2.9549E-03
  3.2832E-02 -1.7180E-02  4.2644E-04  2.9913E-03
  3.3035E-02 -1.7367E-02  4.3171E-04  3.0283E-03
  3.3238E-02 -1.7557E-02  4.3705E-04  3.0657E-03
  3.3443E-02 -1.7748E-02  4.4245E-04  3.1035E-03
  3.3649E-02 -1.7941E-02  4.4792E-04  3.1418E-03
  3.3856E-02 -1.8136E-02  4.5345E-04  3.1806E-03
  3.4065E-02 -1.8333E-02  4.5905E-04  3.2199E-03
  3.4275E-02 -1.8532E-02  4.6472E-04  3.2596E-03
  3.4486E-02 -1.8733E-02  4.7046E-04  3.2998E-03
  3.4698E-02 -1.8936E-02  4.7628E-04  3.3405E-03
  3.4912E-02 -1.9141E-02  4.8216E-04  3.3817E-03
  3.5127E-02 -1.9348E-02  4.8811E-04  3.4235E-03
  3.5343E-02 -1.9557E-02  4.9414E-04  3.4657E-03
  3.5560E-02 -1.9768E-02  5.0024E-04  3.5084E-03
  3.5779E-02 -1.9982E-02  5.0642E-04  3.5517E-03
  3.6000E-02 -2.0197E-02  5.1267E-04  3.5955E-03
  3.6221E-02 -2.0415E-02  5.1900E-04  3.6398E-03
  3.6444E-02 -2.0634E-02  5.2540E-04  3.6847E-03
  3.6668E-02 -2.0856E-02  5.3189E-04  3.7301E-03
  3.6894E-02 -2.1080E-02  5.3845E-04  3.7761E-03
  3.7121E-02 -2.1306E-02  5.4510E-04  3.8227E-03
  3.7349E-02 -2.1535E-02  5.5182E-04  3.8698E-03
  3.7579E-02 -2.1766E-02  5.5863E-04  3.9175E-03
  3.7810E-02 -2.1998E-02  5.6552E-04  3.9657E-03
  3.8043E-02 -2.2234E-02  5.7250E-04  4.0146E-03
  3.8277E-02 -2.2471E-02  5.7956E-04  4.0641E-03
  3.8512E-02 -2.2711E-02  5.8671E-04  4.1141E-03
  3.8749E-02 -2.2953E-02  5.9395E-04  4.1648E-03
  3.8987E-02 -2.3197E-02  6.0127E-04  4.2161E-03
  3.9227E-02 -2.3444E-02  6.0869E-04  4.2680E-03
  3.9468E-02 -2.3694E-02  6.1619E-04  4.3206E-03
  3.9711E-02 -2.3945E-02  6.2379E-04  4.3738E-03
  3.9955E-02 -2.4199E-02  6.3148E-04  4.4276E-03
  4.0201E-02 -2.4456E-02  6.3927E-04  4.4821E-03
  4.0448E-02 -2.4715E-02  6.4715E-04  4.5373E-03
  4.0697E-02 -2.4976E-02  6.5513E-04  4.5932E-03
  4.0947E-02 -2.5240E-02  6.6320E-04  4.6497E-03
  4.1198E-02 -2.5506E-02  6.7138E-04  4.7069E-03
  4.1452E-02 -2.5775E-02  6.7965E-04  4.7649E-03
  4.1706E-02 -2.6047E-02  6.8803E-04  4.8235E-03
  4.1963E-02 -2.6321E-02  6.9651E-04  4.8828E-03
  4.2220E-02 -2.6598E-02  7.0509E-04  4.9429E-03
  4.2480E-02 -2.6877E-02  7.1378E-04  5.0037E-03
  4.2741E-02 -2.7159E-02  7.2257E-04  5.0653E-03
  4.3003E-02 -2.7444E-02  7.3147E-04  5.1276E-03
  4.3268E-02 -2.7731E-02  7.4048E-04  5.1906E-03
  4.3533E-02 -2.8021E-02  7.4961E-04  5.2545E-03
  4.3801E-02 -2.8314E-02  7.5884E-04  5.3191E-03
  4.4070E-02 -2.8609E-02  7.6818E-04  5.3845E-03
  4.4340E-02 -2.8907E-02  7.7765E-04  5.4507E-03
  4.4613E-02 -2.9208E-02  7.8722E-04  5.5177E-03
  4.4887E-02 -2.9512E-02  7.9692E-04  5.5855E-03
  4.5162E-02 -2.9819E-02  8.0673E-04  5.6542E-03
  4.5440E-02 -3.0128E-02  8.1666E-04  5.7237E-03
  4.5719E-02 -3.0441E-02  8.2672E-04  5.7940E-03
  4.5999E-02 -3.0756E-02  8.3689E-04  5.8652E-03
  4.6282E-02 -3.1074E-02  8.4720E-04  5.9373E-03
  4.6566E-02 -3.1395E-02  8.5762E-04  6.0102E-03
  4.6852E-02 -3.1719E-02  8.6818E-04  6.0841E-03
  4.7139E-02 -3.2046E-02  8.7887E-04  6.1588E-03
  4.7429E-02 -3.2376E-02  8.8968E-04  6.2344E-03
  4.7720E-02 -3.2709E-02  9.0063E-04  6.3110E-03
  4.8012E-02 -3.3045E-02  9.1171E-04  6.3885E-03
  4.8307E-02 -3.3384E-02  9.2293E-04  6.4670E-03
  4.8603E-02 -3.3726E-02  9.3429E-04  6.5464E-03
  4.8902E-02 -3.4071E-02  9.4578E-04  6.6268E-03
  4.9202E-02 -3.4419E-02  9.5742E-04  6.7081E-03
  4.9504E-02 -3.4771E-02  9.6920E-04  6.7905E-03
  4.9807E-02 -3.5125E-02  9.8112E-04  6.8738E-03
  5.0113E-02 -3.5483E-02  9.9319E-04  6.9582E-03
  5.0420E-02 -3.5844E-02  1.0054E-03  7.0436E-03
  5.0730E-02 -3.6208E-02  1.0178E-03  7.1300E-03
  5.1041E-02 -3.6576E-02  1.0303E-03  7.2175E-03
  5.1354E-02 -3.6946E-02  1.0430E-03  7.3060E-03
  5.1669E-02 -3.7320E-02  1.0558E-03  7.3957E-03
  5.1986E-02 -3.7698E-02  1.0688E-03  7.4864E-03
  5.2304E-02 -3.8078E-02  1.0819E-03  7.5782E-03
  5.2625E-02 -3.8462E-02  1.0952E-03  7.6712E-03
  5.2948E-02 -3.8849E-02  1.1087E-03  7.7653E-03
  5.3272E-02 -3.9240E-02  1.1223E-03  7.8605E-03
  5.3599E-02 -3.9634E-02  1.1361E-03  7.9569E-03
  5.3928E-02 -4.0032E-02  1.1501E-03  8.0544E-03
  5.4258E-02 -4.0433E-02  1.1642E-03  8.1532E-03
  5.4591E-02 -4.0837E-02  1.1785E-03  8.2531E-03
  5.4926E-02 -4.1245E-02  1.1930E-03  8.3543E-03
  5.5262E-02 -4.1656E-02  1.2076E-03  8.4567E-03
  5.5601E-02 -4.2071E-02  1.2225E-03  8.5603E-03
  5.5942E-02 -4.2490E-02  1.2375E-03  8.6652E-03
  5.6285E-02 -4.2912E-02  1.2527E-03  8.7714E-03
  5.6630E-02 -4.3338E-02  1.2681E-03  8.8789E-03
  5.6977E-02 -4.3767E-02  1.2837E-03  8.9876E-03
  5.7326E-02 -4.4200E-02  1.2995E-03  9.0977E-03
  5.7677E-02 -4.4637E-02  1.3154E-03  9.2092E-03
  5.8030E-02 -4.5077E-02  1.3316E-03  9.3220E-03
  5.8386E-02 -4.5521E-02  1.3479E-03  9.4361E-03
  5.8744E-02 -4.5969E-02  1.3645E-03  9.5517E-03
  5.9104E-02 -4.6420E-02  1.3812E-03  9.6686E-03
  5.9466E-02 -4.6875E-02  1.3982E-03  9.7870E-03
  5.9830E-02 -4.7334E-02  1.4154E-03  9.9068E-03
  6.0196E-02 -4.7797E-02  1.4328E-03  1.0028E-02
  6.0565E-02 -4.8264E-02  1.4504E-03  1.0151E-02
  6.0936E-02 -4.8734E-02  1.4682E-03  1.0275E-02
  6.1309E-02 -4.9208E-02  1.4862E-03  1.0401E-02
  6.1685E-02 -4.9687E-02  1.5044E-03  1.0528E-02
  6.2063E-02 -5.0169E-02  1.5229E-03  1.0657E-02
  6.2443E-02 -5.0655E-02  1.5416E-03  1.0787E-02
  6.2825E-02 -5.1145E-02  1.5605E-03  1.0919E-02
  6.3210E-02 -5.1639E-02  1.5797E-03  1.1053E-02
  6.3597E-02 -5.2136E-02  1.5991E-03  1.1188E-02
  6.3986E-02 -5.2638E-02  1.6187E-03  1.1325E-02
  6.4378E-02 -5.3144E-02  1.6386E-03  1.1463E-02
  6.4772E-02 -5.3654E-02  1.6587E-03  1.1603E-02
  6.5169E-02 -5.4168E-02  1.6790E-03  1.1745E-02
  6.5568E-02 -5.4686E-02  1.6996E-03  1.1889E-02
  6.5969E-02 -5.5208E-02  1.7205E-03  1.2034E-02
  6.6373E-02 -5.5735E-02  1.7416E-03  1.2181E-02
  6.6779E-02 -5.6265E-02  1.7630E-03  1.2330E-02
  6.7188E-02 -5.6799E-02  1.7846E-03  1.2481E-02
  6.7599E-02 -5.7338E-02  1.8065E-03  1.2633E-02
  6.8013E-02 -5.7881E-02  1.8286E-03  1.2788E-02
  6.8429E-02 -5.8428E-02  1.8511E-03  1.2944E-02
  6.8848E-02 -5.8979E-02  1.8738E-03  1.3102E-02
  6.9270E-02 -5.9535E-02  1.8968E-03  1.3262E-02
  6.9693E-02 -6.0094E-02  1.9200E-03  1.3424E-02
  7.0120E-02 -6.0658E-02  1.9436E-03  1.3588E-02
  7.0549E-02 -6.1227E-02  1.9674E-03  1.3754E-02
  7.0981E-02 -6.1799E-02  1.9915E-03  1.3922E-02
  7.1415E-02 -6.2376E-02  2.0159E-03  1.4092E-02
  7.1852E-02 -6.2957E-02  2.0407E-03  1.4264E-02
  7.2292E-02 -6.3543E-02  2.0657E-03  1.4438E-02
  7.2734E-02 -6.4132E-02  2.0910E-03  1.4614E-02
  7.3179E-02 -6.4727E-02  2.1166E-03  1.4792E-02
  7.3627E-02 -6.5325E-02  2.1426E-03  1.4973E-02
  7.4077E-02 -6.5928E-02  2.1689E-03  1.5156E-02
  7.4530E-02 -6.6535E-02  2.1954E-03  1.5340E-02
  7.4986E-02 -6.7147E-02  2.2224E-03  1.5528E-02
  7.5445E-02 -6.7763E-02  2.2496E-03  1.5717E-02
  7.5906E-02 -6.8384E-02  2.2772E-03  1.5909E-02
  7.6370E-02 -6.9009E-02  2.3051E-03  1.6103E-02
  7.6838E-02 -6.9639E-02  2.3333E-03  1.6299E-02
  7.7307E-02 -7.0273E-02  2.3619E-03  1.6498E-02
  7.7780E-02 -7.0911E-02  2.3909E-03  1.6699E-02
  7.8256E-02 -7.1554E-02  2.4201E-03  1.6902E-02
  7.8735E-02 -7.2202E-02  2.4498E-03  1.7108E-02
  7.9216E-02 -7.2854E-02  2.4798E-03  1.7317E-02
  7.9700E-02 -7.3511E-02  2.5102E-03  1.7528E-02
  8.0188E-02 -7.4172E-02  2.5409E-03  1.7741E-02
  8.0678E-02 -7.4837E-02  2.5721E-03  1.7957E-02
  8.1171E-02 -7.5508E-02  2.6036E-03  1.8176E-02
  8.1668E-02 -7.6182E-02  2.6355E-03  1.8397E-02
  8.2167E-02 -7.6862E-02  2.6677E-03  1.8621E-02
  8.2669E-02 -7.7546E-02  2.7004E-03  1.8848E-02
  8.3175E-02 -7.8234E-02  2.7335E-03  1.9077E-02
  8.3683E-02 -7.8927E-02  2.7670E-03  1.9310E-02
  8.4195E-02 -7.9625E-02  2.8009E-03  1.9545E-02
  8.4709E-02 -8.0327E-02  2.8351E-03  1.9783E-02
  8.5227E-02 -8.1034E-02  2.8699E-03  2.0023E-02
  8.5748E-02 -8.1746E-02  2.9050E-03  2.0267E-02
  8.6272E-02 -8.2462E-02  2.9406E-03  2.0513E-02
  8.6800E-02 -8.3182E-02  2.9766E-03  2.0763E-02
  8.7330E-02 -8.3908E-02  3.0130E-03  2.1015E-02
  8.7864E-02 -8.4638E-02  3.0499E-03  2.1271E-02
  8.8401E-02 -8.5372E-02  3.0872E-03  2.1529E-02
  8.8941E-02 -8.6111E-02  3.1250E-03  2.1791E-02
  8.9485E-02 -8.6855E-02  3.1633E-03  2.2056E-02
  9.0032E-02 -8.7603E-02  3.2020E-03  2.2324E-02
  9.0582E-02 -8.8356E-02  3.2412E-03  2.2595E-02
  9.1135E-02 -8.9114E-02  3.2808E-03  2.2870E-02
  9.1692E-02 -8.9876E-02  3.3210E-03  2.3148E-02
  9.2252E-02 -9.0643E-02  3.3616E-03  2.3429E-02
  9.2816E-02 -9.1415E-02  3.4027E-03  2.3713E-02
  9.3383E-02 -9.2191E-02  3.4444E-03  2.4001E-02
  9.3954E-02 -9.2971E-02  3.4865E-03  2.4293E-02
  9.4528E-02 -9.3757E-02  3.5292E-03  2.4588E-02
  9.5105E-02 -9.4546E-02  3.5724E-03  2.4886E-02
  9.5686E-02 -9.5341E-02  3.6161E-03  2.5188E-02
  9.6271E-02 -9.6140E-02  3.6603E-03  2.5494E-02
  9.6859E-02 -9.6943E-02  3.7051E-03  2.5803E-02
  9.7451E-02 -9.7751E-02  3.7504E-03  2.6116E-02
  9.8046E-02 -9.8564E-02  3.7962E-03  2.6433E-02
  9.8645E-02 -9.9381E-02  3.8427E-03  2.6753E-02
  9.9248E-02 -1.0020E-01  3.8897E-03  2.7078E-02
  9.9854E-02 -1.0103E-01  3.9372E-03  2.7406E-02
  1.0046E-01 -1.0186E-01  3.9854E-03  2.7738E-02
  1.0108E-01 -1.0269E-01  4.0341E-03  2.8074E-02
  1.0169E-01 -1.0353E-01  4.0834E-03  2.8414E-02
  1.0232E-01 -1.0438E-01  4.1333E-03  2.8759E-02
  1.0294E-01 -1.0523E-01  4.1839E-03  2.9107E-02
  1.0357E-01 -1.0608E-01  4.2350E-03  2.9459E-02
  1.0420E-01 -1.0694E-01  4.2868E-03  2.9816E-02
  1.0484E-01 -1.0780E-01  4.3392E-03  3.0177E-02
  1.0548E-01 -1.0866E-01  4.3922E-03  3.0542E-02
  1.0612E-01 -1.0954E-01  4.4459E-03  3.0912E-02
  1.0677E-01 -1.1041E-01  4.5002E-03  3.1286E-02
  1.0742E-01 -1.1129E-01  4.5552E-03  3.1665E-02
  1.0808E-01 -1.1217E-01  4.6109E-03  3.2048E-02
  1.0874E-01 -1.1306E-01  4.6672E-03  3.2435E-02
  1.0940E-01 -1.1395E-01  4.7243E-03  3.2827E-02
  1.1007E-01 -1.1485E-01  4.7820E-03  3.3224E-02
  1.1074E-01 -1.1575E-01  4.8404E-03  3.3626E-02
  1.1142E-01 -1.1665E-01  4.8996E-03  3.4032E-02
  1.1210E-01 -1.1756E-01  4.9594E-03  3.4443E-02
  1.1278E-01 -1.1847E-01  5.0200E-03  3.4859E-02
  1.1347E-01 -1.1939E-01  5.0813E-03  3.5280E-02
  1.1416E-01 -1.2031E-01  5.1434E-03  3.5706E-02
  1.1486E-01 -1.2123E-01  5.2062E-03  3.6137E-02
  1.1556E-01 -1.2216E-01  5.2698E-03  3.6574E-02
  1.1627E-01 -1.2309E-01  5.3341E-03  3.7015E-02
  1.1698E-01 -1.2403E-01  5.3993E-03  3.7462E-02
  1.1769E-01 -1.2497E-01  5.4652E-03  3.7914E-02
  1.1841E-01 -1.2591E-01  5.5319E-03  3.8371E-02
  1.1913E-01 -1.2686E-01  5.5994E-03  3.8834E-02
  1.1986E-01 -1.2781E-01  5.6678E-03  3.9302E-02
  1.2059E-01 -1.2877E-01  5.7370E-03  3.9775E-02
  1.2133E-01 -1.2973E-01  5.8070E-03  4.0255E-02
  1.2207E-01 -1.3069E-01  5.8779E-03  4.0740E-02
  1.2281E-01 -1.3166E-01  5.9497E-03  4.1230E-02
  1.2356E-01 -1.3262E-01  6.0223E-03  4.1727E-02
  1.2432E-01 -1.3360E-01  6.0958E-03  4.2229E-02
  1.2508E-01 -1.3457E-01  6.1701E-03  4.2738E-02
  1.2584E-01 -1.3555E-01  6.2454E-03  4.3252E-02
  1.2661E-01 -1.3654E-01  6.3216E-03  4.3772E-02
  1.2738E-01 -1.3752E-01  6.3988E-03  4.4299E-02
  1.2816E-01 -1.3851E-01  6.4768E-03  4.4832E-02
  1.2894E-01 -1.3950E-01  6.5559E-03  4.5371E-02
  1.2973E-01 -1.4050E-01  6.6358E-03  4.5916E-02
  1.3052E-01 -1.4150E-01  6.7168E-03  4.6468E-02
  1.3131E-01 -1.4250E-01  6.7987E-03  4.7026E-02
  1.3212E-01 -1.4350E-01  6.8816E-03  4.7591E-02
  1.3292E-01 -1.4451E-01  6.9655E-03  4.8162E-02
  1.3373E-01 -1.4552E-01  7.0505E-03  4.8741E-02
  1.3455E-01 -1.4653E-01  7.1365E-03  4.9326E-02
  1.3537E-01 -1.4755E-01  7.2235E-03  4.9917E-02
  1.3620E-01 -1.4856E-01  7.3115E-03  5.0516E-02
  1.3703E-01 -1.4958E-01  7.4007E-03  5.1122E-02
  1.3786E-01 -1.5061E-01  7.4909E-03  5.1735E-02
  1.3870E-01 -1.5163E-01  7.5822E-03  5.2355E-02
  1.3955E-01 -1.5266E-01  7.6746E-03  5.2982E-02
  1.4040E-01 -1.5369E-01  7.7682E-03  5.3617E-02
  1.4126E-01 -1.5472E-01  7.8628E-03  5.4259E-02
  1.4212E-01 -1.5575E-01  7.9587E-03  5.4909E-02
  1.4299E-01 -1.5679E-01  8.0556E-03  5.5566E-02
  1.4386E-01 -1.5783E-01  8.1538E-03  5.6231E-02
  1.4474E-01 -1.5887E-01  8.2531E-03  5.6903E-02
  1.4562E-01 -1.5991E-01  8.3537E-03  5.7584E-02
  1.4651E-01 -1.6095E-01  8.4555E-03  5.8272E-02
  1.4740E-01 -1.6199E-01  8.5585E-03  5.8968E-02
  1.4830E-01 -1.6304E-01  8.6627E-03  5.9673E-02
  1.4920E-01 -1.6409E-01  8.7682E-03  6.0386E-02
  1.5011E-01 -1.6513E-01  8.8750E-03  6.1107E-02
  1.5103E-01 -1.6618E-01  8.9831E-03  6.1836E-02
  1.5195E-01 -1.6723E-01  9.0924E-03  6.2574E-02
  1.5288E-01 -1.6829E-01  9.2032E-03  6.3320E-02
  1.5381E-01 -1.6934E-01  9.3152E-03  6.4075E-02
  1.5475E-01 -1.7039E-01  9.4286E-03  6.4839E-02
  1.5569E-01 -1.7145E-01  9.5434E-03  6.5611E-02
  1.5664E-01 -1.7250E-01  9.6595E-03  6.6393E-02
  1.5760E-01 -1.7356E-01  9.7771E-03  6.7184E-02
  1.5856E-01 -1.7461E-01  9.8961E-03  6.7983E-02
  1.5952E-01 -1.7567E-01  1.0017E-02  6.8792E-02
  1.6050E-01 -1.7672E-01  1.0138E-02  6.9611E-02
  1.6148E-01 -1.7778E-01  1.0262E-02  7.0438E-02
  1.6246E-01 -1.7883E-01  1.0387E-02  7.1275E-02
  1.6345E-01 -1.7989E-01  1.0513E-02  7.2122E-02
  1.6445E-01 -1.8095E-01  1.0641E-02  7.2979E-02
  1.6545E-01 -1.8200E-01  1.0770E-02  7.3845E-02
  1.6646E-01 -1.8306E-01  1.0901E-02  7.4722E-02
  1.6747E-01 -1.8411E-01  1.1034E-02  7.5608E-02
  1.6850E-01 -1.8516E-01  1.1168E-02  7.6505E-02
  1.6952E-01 -1.8622E-01  1.1304E-02  7.7412E-02
  1.7056E-01 -1.8727E-01  1.1441E-02  7.8329E-02
  1.7160E-01 -1.8832E-01  1.1580E-02  7.9257E-02
  1.7264E-01 -1.8937E-01  1.1721E-02  8.0195E-02
  1.7370E-01 -1.9041E-01  1.1863E-02  8.1144E-02
  1.7475E-01 -1.9146E-01  1.2008E-02  8.2104E-02
  1.7582E-01 -1.9250E-01  1.2154E-02  8.3075E-02
  1.7689E-01 -1.9355E-01  1.2301E-02  8.4057E-02
  1.7797E-01 -1.9459E-01  1.2451E-02  8.5050E-02
  1.7906E-01 -1.9563E-01  1.2602E-02  8.6054E-02
  1.8015E-01 -1.9666E-01  1.2755E-02  8.7070E-02
  1.8125E-01 -1.9770E-01  1.2910E-02  8.8097E-02
  1.8235E-01 -1.9873E-01  1.3067E-02  8.9136E-02
  1.8346E-01 -1.9976E-01  1.3225E-02  9.0186E-02
  1.8458E-01 -2.0079E-01  1.3386E-02  9.1249E-02
  1.8571E-01 -2.0181E-01  1.3548E-02  9.2323E-02
  1.8684E-01 -2.0283E-01  1.3713E-02  9.3410E-02
  1.8798E-01 -2.0385E-01  1.3879E-02  9.4509E-02
  1.8912E-01 -2.0486E-01  1.4048E-02  9.5620E-02
  1.9028E-01 -2.0587E-01  1.4218E-02  9.6744E-02
  1.9144E-01 -2.0688E-01  1.4391E-02  9.7880E-02
  1.9260E-01 -2.0788E-01  1.4565E-02  9.9029E-02
  1.9378E-01 -2.0888E-01  1.4742E-02  1.0019E-01
  1.9496E-01 -2.0988E-01  1.4921E-02  1.0137E-01
  1.9615E-01 -2.1087E-01  1.5102E-02  1.0255E-01
  1.9734E-01 -2.1185E-01  1.5285E-02  1.0376E-01
  1.9854E-01 -2.1283E-01  1.5470E-02  1.0497E-01
  1.9975E-01 -2.1381E-01  1.5658E-02  1.0620E-01
  2.0097E-01 -2.1478E-01  1.5848E-02  1.0744E-01
  2.0220E-01 -2.1575E-01  1.6040E-02  1.0870E-01
  2.0343E-01 -2.1671E-01  1.6234E-02  1.0997E-01
  2.0467E-01 -2.1767E-01  1.6431E-02  1.1125E-01
  2.0592E-01 -2.1862E-01  1.6630E-02  1.1255E-01
  2.0717E-01 -2.1956E-01  1.6832E-02  1.1386E-01
  2.0843E-01 -2.2050E-01  1.7036E-02  1.1519E-01
  2.0970E-01 -2.2143E-01  1.7242E-02  1.1653E-01
  2.1098E-01 -2.2236E-01  1.7451E-02  1.1789E-01
  2.1227E-01 -2.2328E-01  1.7662E-02  1.1926E-01
  2.1356E-01 -2.2419E-01  1.7876E-02  1.2064E-01
  2.1486E-01 -2.2510E-01  1.8092E-02  1.2205E-01
  2.1617E-01 -2.2600E-01  1.8311E-02  1.2346E-01
  2.1749E-01 -2.2689E-01  1.8533E-02  1.2490E-01
  2.1881E-01 -2.2777E-01  1.8757E-02  1.2634E-01
  2.2015E-01 -2.2865E-01  1.8984E-02  1.2781E-01
  2.2149E-01 -2.2951E-01  1.9214E-02  1.2929E-01
  2.2284E-01 -2.3037E-01  1.9446E-02  1.3078E-01
  2.2420E-01 -2.3123E-01  1.9682E-02  1.3230E-01
  2.2556E-01 -2.3207E-01  1.9920E-02  1.3382E-01
  2.2694E-01 -2.3290E-01  2.0160E-02  1.3537E-01
  2.2832E-01 -2.3373E-01  2.0404E-02  1.3693E-01
  2.2971E-01 -2.3455E-01  2.0651E-02  1.3851E-01
  2.3111E-01 -2.3535E-01  2.0900E-02  1.4011E-01
  2.3252E-01 -2.3615E-01  2.1153E-02  1.4172E-01
  2.3394E-01 -2.3694E-01  2.1409E-02  1.4335E-01
  2.3536E-01 -2.3772E-01  2.1667E-02  1.4500E-01
  2.3680E-01 -2.3849E-01  2.1929E-02  1.4666E-01
  2.3824E-01 -2.3924E-01  2.2194E-02  1.4835E-01
  2.3969E-01 -2.3999E-01  2.2462E-02  1.5005E-01
  2.4115E-01 -2.4073E-01  2.2733E-02  1.5177E-01
  2.4262E-01 -2.4145E-01  2.3007E-02  1.5350E-01
  2.4410E-01 -2.4216E-01  2.3285E-02  1.5526E-01
  2.4558E-01 -2.4287E-01  2.3566E-02  1.5703E-01
  2.4708E-01 -2.4356E-01  2.3850E-02  1.5883E-01
  2.4859E-01 -2.4424E-01  2.4138E-02  1.6064E-01
  2.5010E-01 -2.4490E-01  2.4429E-02  1.6247E-01
  2.5162E-01 -2.4556E-01  2.4724E-02  1.6432E-01
  2.5316E-01 -2.4620E-01  2.5022E-02  1.6619E-01
  2.5470E-01 -2.4683E-01  2.5323E-02  1.6808E-01
  2.5625E-01 -2.4744E-01  2.5628E-02  1.6999E-01
  2.5781E-01 -2.4804E-01  2.5937E-02  1.7192E-01
  2.5938E-01 -2.4863E-01  2.6250E-02  1.7387E-01
  2.6096E-01 -2.4921E-01  2.6566E-02  1.7584E-01
  2.6255E-01 -2.4977E-01  2.6886E-02  1.7783E-01
  2.6415E-01 -2.5031E-01  2.7210E-02  1.7984E-01
  2.6576E-01 -2.5084E-01  2.7537E-02  1.8187E-01
  2.6738E-01 -2.5136E-01  2.7869E-02  1.8392E-01
  2.6901E-01 -2.5186E-01  2.8204E-02  1.8599E-01
  2.7065E-01 -2.5235E-01  2.8543E-02  1.8808E-01
  2.7230E-01 -2.5282E-01  2.8886E-02  1.9020E-01
  2.7395E-01 -2.5328E-01  2.9234E-02  1.9234E-01
  2.7562E-01 -2.5372E-01  2.9585E-02  1.9449E-01
  2.7730E-01 -2.5414E-01  2.9941E-02  1.9667E-01
  2.7899E-01 -2.5455E-01  3.0301E-02  1.9888E-01
  2.8069E-01 -2.5494E-01  3.0665E-02  2.0110E-01
  2.8240E-01 -2.5531E-01  3.1033E-02  2.0335E-01
  2.8412E-01 -2.5567E-01  3.1406E-02  2.0561E-01
  2.8585E-01 -2.5601E-01  3.1783E-02  2.0791E-01
  2.8759E-01 -2.5633E-01  3.2165E-02  2.1022E-01
  2.8934E-01 -2.5663E-01  3.2551E-02  2.1256E-01
  2.9111E-01 -2.5692E-01  3.2941E-02  2.1492E-01
  2.9288E-01 -2.5719E-01  3.3336E-02  2.1730E-01
  2.9466E-01 -2.5743E-01  3.3736E-02  2.1971E-01
  2.9646E-01 -2.5766E-01  3.4141E-02  2.2214E-01
  2.9826E-01 -2.5787E-01  3.4550E-02  2.2459E-01
  3.0008E-01 -2.5807E-01  3.4964E-02  2.2707E-01
  3.0191E-01 -2.5824E-01  3.5383E-02  2.2957E-01
  3.0375E-01 -2.5839E-01  3.5807E-02  2.3210E-01
  3.0560E-01 -2.5852E-01  3.6235E-02  2.3465E-01
  3.0746E-01 -2.5864E-01  3.6669E-02  2.3723E-01
  3.0933E-01 -2.5873E-01  3.7108E-02  2.3983E-01
  3.1121E-01 -2.5880E-01  3.7552E-02  2.4245E-01
  3.1311E-01 -2.5885E-01  3.8001E-02  2.4510E-01
  3.1502E-01 -2.5888E-01  3.8456E-02  2.4777E-01
  3.1693E-01 -2.5888E-01  3.8915E-02  2.5047E-01
  3.1886E-01 -2.5887E-01  3.9381E-02  2.5320E-01
  3.2081E-01 -2.5883E-01  3.9851E-02  2.5595E-01
  3.2276E-01 -2.5877E-01  4.0327E-02  2.5873E-01
  3.2473E-01 -2.5869E-01  4.0809E-02  2.6153E-01
  3.2670E-01 -2.5859E-01  4.1296E-02  2.6436E-01
  3.2869E-01 -2.5847E-01  4.1789E-02  2.6721E-01
  3.3069E-01 -2.5832E-01  4.2287E-02  2.7009E-01
  3.3271E-01 -2.5814E-01  4.2792E-02  2.7300E-01
  3.3473E-01 -2.5795E-01  4.3302E-02  2.7593E-01
  3.3677E-01 -2.5773E-01  4.3818E-02  2.7889E-01
  3.3882E-01 -2.5749E-01  4.4340E-02  2.8187E-01
  3.4089E-01 -2.5722E-01  4.4868E-02  2.8489E-01
  3.4296E-01 -2.5693E-01  4.5403E-02  2.8793E-01
  3.4505E-01 -2.5661E-01  4.5943E-02  2.9099E-01
  3.4715E-01 -2.5627E-01  4.6490E-02  2.9408E-01
  3.4927E-01 -2.5590E-01  4.7043E-02  2.9721E-01
  3.5139E-01 -2.5551E-01  4.7602E-02  3.0035E-01
  3.5353E-01 -2.5509E-01  4.8168E-02  3.0353E-01
  3.5569E-01 -2.5465E-01  4.8740E-02  3.0673E-01
  3.5785E-01 -2.5418E-01  4.9319E-02  3.0996E-01
  3.6003E-01 -2.5369E-01  4.9905E-02  3.1322E-01
  3.6222E-01 -2.5317E-01  5.0497E-02  3.1650E-01
  3.6443E-01 -2.5262E-01  5.1097E-02  3.1982E-01
  3.6665E-01 -2.5205E-01  5.1703E-02  3.2316E-01
  3.6888E-01 -2.5145E-01  5.2316E-02  3.2653E-01
  3.7113E-01 -2.5082E-01  5.2936E-02  3.2992E-01
  3.7339E-01 -2.5016E-01  5.3563E-02  3.3335E-01
  3.7566E-01 -2.4948E-01  5.4197E-02  3.3680E-01
  3.7795E-01 -2.4877E-01  5.4839E-02  3.4028E-01
  3.8025E-01 -2.4803E-01  5.5488E-02  3.4379E-01
  3.8256E-01 -2.4727E-01  5.6144E-02  3.4733E-01
  3.8489E-01 -2.4647E-01  5.6808E-02  3.5089E-01
  3.8724E-01 -2.4565E-01  5.7479E-02  3.5448E-01
  3.8959E-01 -2.4480E-01  5.8158E-02  3.5811E-01
  3.9197E-01 -2.4392E-01  5.8845E-02  3.6175E-01
  3.9435E-01 -2.4301E-01  5.9540E-02  3.6543E-01
  3.9675E-01 -2.4208E-01  6.0242E-02  3.6914E-01
  3.9917E-01 -2.4111E-01  6.0952E-02  3.7287E-01
  4.0160E-01 -2.4011E-01  6.1671E-02  3.7664E-01
  4.0404E-01 -2.3909E-01  6.2397E-02  3.8043E-01
  4.0650E-01 -2.3803E-01  6.3132E-02  3.8424E-01
  4.0898E-01 -2.3695E-01  6.3875E-02  3.8809E-01
  4.1147E-01 -2.3583E-01  6.4627E-02  3.9197E-01
  4.1397E-01 -2.3469E-01  6.5386E-02  3.9587E-01
  4.1649E-01 -2.3351E-01  6.6155E-02  3.9980E-01
  4.1903E-01 -2.3231E-01  6.6932E-02  4.0376E-01
  4.2158E-01 -2.3107E-01  6.7718E-02  4.0774E-01
  4.2415E-01 -2.2980E-01  6.8512E-02  4.1176E-01
  4.2673E-01 -2.2851E-01  6.9316E-02  4.1580E-01
  4.2933E-01 -2.2718E-01  7.0129E-02  4.1987E-01
  4.3194E-01 -2.2582E-01  7.0950E-02  4.2396E-01
  4.3457E-01 -2.2443E-01  7.1781E-02  4.2808E-01
  4.3722E-01 -2.2301E-01  7.2621E-02  4.3223E-01
  4.3988E-01 -2.2155E-01  7.3470E-02  4.3641E-01
  4.4256E-01 -2.2007E-01  7.4329E-02  4.4061E-01
  4.4525E-01 -2.1855E-01  7.5198E-02  4.4484E-01
  4.4796E-01 -2.1700E-01  7.6076E-02  4.4910E-01
  4.5069E-01 -2.1542E-01  7.6963E-02  4.5338E-01
  4.5343E-01 -2.1381E-01  7.7861E-02  4.5769E-01
  4.5619E-01 -2.1217E-01  7.8768E-02  4.6202E-01
  4.5897E-01 -2.1049E-01  7.9686E-02  4.6638E-01
  4.6176E-01 -2.0879E-01  8.0614E-02  4.7077E-01
  4.6457E-01 -2.0705E-01  8.1551E-02  4.7518E-01
  4.6740E-01 -2.0527E-01  8.2499E-02  4.7961E-01
  4.7025E-01 -2.0347E-01  8.3458E-02  4.8407E-01
  4.7311E-01 -2.0163E-01  8.4427E-02  4.8855E-01
  4.7599E-01 -1.9976E-01  8.5407E-02  4.9306E-01
  4.7889E-01 -1.9786E-01  8.6397E-02  4.9759E-01
  4.8180E-01 -1.9593E-01  8.7398E-02  5.0214E-01
  4.8473E-01 -1.9396E-01  8.8410E-02  5.0671E-01
  4.8768E-01 -1.9196E-01  8.9433E-02  5.1131E-01
  4.9065E-01 -1.8993E-01  9.0467E-02  5.1593E-01
  4.9364E-01 -1.8787E-01  9.1512E-02  5.2057E-01
  4.9664E-01 -1.8577E-01  9.2569E-02  5.2523E-01
  4.9967E-01 -1.8364E-01  9.3637E-02  5.2992E-01
  5.0271E-01 -1.8148E-01  9.4716E-02  5.3462E-01
  5.0577E-01 -1.7928E-01  9.5808E-02  5.3934E-01
  5.0885E-01 -1.7705E-01  9.6910E-02  5.4408E-01
  5.1194E-01 -1.7479E-01  9.8025E-02  5.4884E-01
  5.1506E-01 -1.7250E-01  9.9152E-02  5.5362E-01
  5.1820E-01 -1.7017E-01  1.0029E-01  5.5842E-01
  5.2135E-01 -1.6781E-01  1.0144E-01  5.6323E-01
  5.2452E-01 -1.6542E-01  1.0260E-01  5.6806E-01
  5.2772E-01 -1.6299E-01  1.0378E-01  5.7291E-01
  5.3093E-01 -1.6054E-01  1.0497E-01  5.7777E-01
  5.3416E-01 -1.5805E-01  1.0617E-01  5.8264E-01
  5.3741E-01 -1.5553E-01  1.0738E-01  5.8753E-01
  5.4068E-01 -1.5297E-01  1.0861E-01  5.9243E-01
  5.4397E-01 -1.5038E-01  1.0984E-01  5.9735E-01
  5.4728E-01 -1.4776E-01  1.1110E-01  6.0227E-01
  5.5061E-01 -1.4511E-01  1.1236E-01  6.0721E-01
  5.5397E-01 -1.4243E-01  1.1364E-01  6.1216E-01
  5.5734E-01 -1.3971E-01  1.1493E-01  6.1712E-01
  5.6073E-01 -1.3696E-01  1.1623E-01  6.2208E-01
  5.6414E-01 -1.3418E-01  1.1755E-01  6.2706E-01
  5.6758E-01 -1.3137E-01  1.1888E-01  6.3204E-01
  5.7103E-01 -1.2852E-01  1.2023E-01  6.3703E-01
  5.7451E-01 -1.2564E-01  1.2159E-01  6.4202E-01
  5.7800E-01 -1.2274E-01  1.2296E-01  6.4702E-01
  5.8152E-01 -1.1980E-01  1.2435E-01  6.5202E-01
  5.8506E-01 -1.1683E-01  1.2575E-01  6.5702E-01
  5.8862E-01 -1.1382E-01  1.2717E-01  6.6202E-01
  5.9220E-01 -1.1079E-01  1.2860E-01  6.6702E-01
  5.9581E-01 -1.0772E-01  1.3004E-01  6.7203E-01
  5.9943E-01 -1.0463E-01  1.3150E-01  6.7703E-01
  6.0308E-01 -1.0150E-01  1.3297E-01  6.8202E-01
  6.0675E-01 -9.8344E-02  1.3446E-01  6.8702E-01
  6.1045E-01 -9.5156E-02  1.3597E-01  6.9200E-01
  6.1416E-01 -9.1938E-02  1.3749E-01  6.9699E-01
  6.1790E-01 -8.8690E-02  1.3902E-01  7.0196E-01
  6.2166E-01 -8.5412E-02  1.4057E-01  7.0692E-01
  6.2544E-01 -8.2104E-02  1.4213E-01  7.1188E-01
  6.2925E-01 -7.8766E-02  1.4371E-01  7.1682E-01
  6.3308E-01 -7.5399E-02  1.4531E-01  7.2175E-01
  6.3693E-01 -7.2003E-02  1.4692E-01  7.2666E-01
  6.4081E-01 -6.8578E-02  1.4854E-01  7.3156E-01
  6.4471E-01 -6.5124E-02  1.5019E-01  7.3644E-01
  6.4863E-01 -6.1641E-02  1.5184E-01  7.4130E-01
  6.5258E-01 -5.8130E-02  1.5352E-01  7.4614E-01
  6.5655E-01 -5.4591E-02  1.5521E-01  7.5097E-01
  6.6054E-01 -5.1024E-02  1.5692E-01  7.5576E-01
  6.6456E-01 -4.7430E-02  1.5864E-01  7.6053E-01
  6.6861E-01 -4.3808E-02  1.6038E-01  7.6528E-01
  6.7268E-01 -4.0159E-02  1.6213E-01  7.7000E-01
  6.7677E-01 -3.6482E-02  1.6391E-01  7.7468E-01
  6.8089E-01 -3.2780E-02  1.6569E-01  7.7934E-01
  6.8503E-01 -2.9051E-02  1.6750E-01  7.8396E-01
  6.8920E-01 -2.5295E-02  1.6932E-01  7.8855E-01
  6.9340E-01 -2.1514E-02  1.7116E-01  7.9310E-01
  6.9762E-01 -1.7708E-02  1.7302E-01  7.9761E-01
  7.0186E-01 -1.3876E-02  1.7489E-01  8.0208E-01
  7.0613E-01 -1.0019E-02  1.7678E-01  8.0651E-01
  7.1043E-01 -6.1377E-03  1.7869E-01  8.1090E-01
  7.1475E-01 -2.2320E-03  1.8062E-01  8.1523E-01
  7.1910E-01  1.6977E-03  1.8256E-01  8.1952E-01
  7.2348E-01  5.6511E-03  1.8452E-01  8.2376E-01
  7.2788E-01  9.6279E-03  1.8650E-01  8.2795E-01
  7.3231E-01  1.3628E-02  1.8849E-01  8.3208E-01
  7.3677E-01  1.7650E-02  1.9051E-01  8.3615E-01
  7.4125E-01  2.1695E-02  1.9254E-01  8.4017E-01
  7.4576E-01  2.5762E-02  1.9458E-01  8.4412E-01
  7.5030E-01  2.9851E-02  1.9665E-01  8.4801E-01
  7.5487E-01  3.3960E-02  1.9874E-01  8.5184E-01
  7.5946E-01  3.8091E-02  2.0084E-01  8.5559E-01
  7.6408E-01  4.2242E-02  2.0296E-01  8.5928E-01
  7.6873E-01  4.6414E-02  2.0510E-01  8.6290E-01
  7.7341E-01  5.0605E-02  2.0725E-01  8.6643E-01
  7.7811E-01  5.4816E-02  2.0943E-01  8.6990E-01
  7.8285E-01  5.9045E-02  2.1162E-01  8.7328E-01
  7.8761E-01  6.3293E-02  2.1383E-01  8.7658E-01
  7.9241E-01  6.7560E-02  2.1606E-01  8.7979E-01
  7.9723E-01  7.1844E-02  2.1831E-01  8.8292E-01
  8.0208E-01  7.6146E-02  2.2057E-01  8.8596E-01
  8.0696E-01  8.0464E-02  2.2286E-01  8.8890E-01
  8.1187E-01  8.4799E-02  2.2516E-01  8.9175E-01
  8.1681E-01  8.9151E-02  2.2748E-01  8.9451E-01
  8.2178E-01  9.3518E-02  2.2982E-01  8.9716E-01
  8.2678E-01  9.7900E-02  2.3218E-01  8.9971E-01
  8.3181E-01  1.0230E-01  2.3455E-01  9.0215E-01
  8.3687E-01  1.0671E-01  2.3695E-01  9.0448E-01
  8.4196E-01  1.1113E-01  2.3936E-01  9.0671E-01
  8.4709E-01  1.1557E-01  2.4179E-01  9.0882E-01
  8.5224E-01  1.2002E-01  2.4424E-01  9.1081E-01
  8.5743E-01  1.2449E-01  2.4671E-01  9.1268E-01
  8.6265E-01  1.2896E-01  2.4919E-01  9.1443E-01
  8.6789E-01  1.3345E-01  2.5170E-01  9.1606E-01
  8.7318E-01  1.3795E-01  2.5422E-01  9.1755E-01
  8.7849E-01  1.4246E-01  2.5676E-01  9.1892E-01
  8.8383E-01  1.4698E-01  2.5932E-01  9.2015E-01
  8.8921E-01  1.5151E-01  2.6189E-01  9.2124E-01
  8.9462E-01  1.5605E-01  2.6449E-01  9.2220E-01
  9.0007E-01  1.6059E-01  2.6710E-01  9.2301E-01
  9.0554E-01  1.6515E-01  2.6973E-01  9.2368E-01
  9.1105E-01  1.6971E-01  2.7238E-01  9.2420E-01
  9.1660E-01  1.7428E-01  2.7505E-01  9.2456E-01
  9.2217E-01  1.7886E-01  2.7773E-01  9.2478E-01
  9.2778E-01  1.8344E-01  2.8043E-01  9.2483E-01
  9.3343E-01  1.8803E-01  2.8315E-01  9.2473E-01
  9.3911E-01  1.9262E-01  2.8588E-01  9.2446E-01
  9.4482E-01  1.9722E-01  2.8864E-01  9.2403E-01
  9.5057E-01  2.0182E-01  2.9141E-01  9.2343E-01
  9.5635E-01  2.0642E-01  2.9419E-01  9.2265E-01
  9.6217E-01  2.1103E-01  2.9700E-01  9.2170E-01
  9.6803E-01  2.1564E-01  2.9981E-01  9.2058E-01
  9.7392E-01  2.2025E-01  3.0265E-01  9.1927E-01
  9.7984E-01  2.2487E-01  3.0550E-01  9.1778E-01
  9.8581E-01  2.2948E-01  3.0837E-01  9.1611E-01
  9.9180E-01  2.3409E-01  3.1126E-01  9.1425E-01
  9.9784E-01  2.3871E-01  3.1416E-01  9.1220E-01
  1.0039E+00  2.4332E-01  3.1707E-01  9.0995E-01
  1.0100E+00  2.4793E-01  3.2000E-01  9.0751E-01
  1.0162E+00  2.5254E-01  3.2295E-01  9.0487E-01
  1.0223E+00  2.5714E-01  3.2591E-01  9.0203E-01
  1.0286E+00  2.6174E-01  3.2889E-01  8.9898E-01
  1.0348E+00  2.6634E-01  3.3188E-01  8.9573E-01
  1.0411E+00  2.7094E-01  3.3488E-01  8.9227E-01
  1.0475E+00  2.7552E-01  3.3790E-01  8.8860E-01
  1.0538E+00  2.8011E-01  3.4093E-01  8.8472E-01
  1.0602E+00  2.8469E-01  3.4397E-01  8.8063E-01
  1.0667E+00  2.8926E-01  3.4703E-01  8.7632E-01
  1.0732E+00  2.9382E-01  3.5010E-01  8.7179E-01
  1.0797E+00  2.9838E-01  3.5318E-01  8.6705E-01
  1.0863E+00  3.0292E-01  3.5628E-01  8.6208E-01
  1.0929E+00  3.0746E-01  3.5938E-01  8.5689E-01
  1.0995E+00  3.1199E-01  3.6250E-01  8.5148E-01
  1.1062E+00  3.1651E-01  3.6563E-01  8.4585E-01
  1.1130E+00  3.2102E-01  3.6877E-01  8.3999E-01
  1.1197E+00  3.2552E-01  3.7192E-01  8.3390E-01
  1.1265E+00  3.3000E-01  3.7507E-01  8.2759E-01
  1.1334E+00  3.3448E-01  3.7824E-01  8.2105E-01
  1.1403E+00  3.3894E-01  3.8142E-01  8.1428E-01
  1.1472E+00  3.4339E-01  3.8460E-01  8.0729E-01
  1.1542E+00  3.4783E-01  3.8780E-01  8.0007E-01
  1.1612E+00  3.5225E-01  3.9100E-01  7.9262E-01
  1.1683E+00  3.5666E-01  3.9421E-01  7.8495E-01
  1.1754E+00  3.6105E-01  3.9742E-01  7.7705E-01
  1.1826E+00  3.6543E-01  4.0064E-01  7.6893E-01
  1.1897E+00  3.6979E-01  4.0387E-01  7.6059E-01
  1.1970E+00  3.7413E-01  4.0710E-01  7.5202E-01
  1.2043E+00  3.7846E-01  4.1033E-01  7.4324E-01
  1.2116E+00  3.8277E-01  4.1357E-01  7.3424E-01
  1.2190E+00  3.8707E-01  4.1681E-01  7.2503E-01
  1.2264E+00  3.9134E-01  4.2006E-01  7.1561E-01
  1.2338E+00  3.9560E-01  4.2330E-01  7.0598E-01
  1.2413E+00  3.9984E-01  4.2655E-01  6.9615E-01
  1.2489E+00  4.0406E-01  4.2980E-01  6.8612E-01
  1.2565E+00  4.0826E-01  4.3305E-01  6.7589E-01
  1.2641E+00  4.1244E-01  4.3630E-01  6.6547E-01
  1.2718E+00  4.1660E-01  4.3955E-01  6.5487E-01
  1.2796E+00  4.2073E-01  4.4280E-01  6.4408E-01
  1.2874E+00  4.2485E-01  4.4604E-01  6.3313E-01
  1.2952E+00  4.2894E-01  4.4928E-01  6.2200E-01
  1.3031E+00  4.3300E-01  4.5252E-01  6.1072E-01
  1.3110E+00  4.3705E-01  4.5575E-01  5.9928E-01
  1.3190E+00  4.4107E-01  4.5897E-01  5.8770E-01
  1.3270E+00  4.4506E-01  4.6220E-01  5.7597E-01
  1.3351E+00  4.4903E-01  4.6541E-01  5.6412E-01
  1.3432E+00  4.5297E-01  4.6861E-01  5.5215E-01
  1.3514E+00  4.5688E-01  4.7181E-01  5.4006E-01
  1.3596E+00  4.6076E-01  4.7500E-01  5.2788E-01
  1.3679E+00  4.6462E-01  4.7818E-01  5.1560E-01
  1.3762E+00  4.6844E-01  4.8134E-01  5.0324E-01
  1.3845E+00  4.7224E-01  4.8450E-01  4.9082E-01
  1.3930E+00  4.7600E-01  4.8764E-01  4.7833E-01
  1.4014E+00  4.7973E-01  4.9077E-01  4.6580E-01
  1.4100E+00  4.8343E-01  4.9389E-01  4.5323E-01
  1.4185E+00  4.8710E-01  4.9698E-01  4.4064E-01
  1.4272E+00  4.9073E-01  5.0007E-01  4.2804E-01
  1.4359E+00  4.9432E-01  5.0313E-01  4.1544E-01
  1.4446E+00  4.9788E-01  5.0618E-01  4.0286E-01
  1.4534E+00  5.0140E-01  5.0921E-01  3.9030E-01
  1.4622E+00  5.0489E-01  5.1222E-01  3.7779E-01
  1.4711E+00  5.0833E-01  5.1521E-01  3.6534E-01
  1.4801E+00  5.1174E-01  5.1818E-01  3.5295E-01
  1.4891E+00  5.1511E-01  5.2113E-01  3.4065E-01
  1.4981E+00  5.1844E-01  5.2405E-01  3.2844E-01
  1.5072E+00  5.2173E-01  5.2695E-01  3.1634E-01
  1.5164E+00  5.2497E-01  5.2982E-01  3.0436E-01
  1.5256E+00  5.2818E-01  5.3267E-01  2.9251E-01
  1.5349E+00  5.3134E-01  5.3549E-01  2.8082E-01
  1.5443E+00  5.3445E-01  5.3829E-01  2.6927E-01
  1.5537E+00  5.3753E-01  5.4105E-01  2.5790E-01
  1.5631E+00  5.4056E-01  5.4379E-01  2.4671E-01
  1.5726E+00  5.4354E-01  5.4649E-01  2.3570E-01
  1.5822E+00  5.4647E-01  5.4916E-01  2.2489E-01
  1.5918E+00  5.4936E-01  5.5181E-01  2.1429E-01
  1.6015E+00  5.5221E-01  5.5442E-01  2.0390E-01
  1.6112E+00  5.5500E-01  5.5699E-01  1.9373E-01
  1.6210E+00  5.5775E-01  5.5953E-01  1.8378E-01
  1.6309E+00  5.6044E-01  5.6204E-01  1.7407E-01
  1.6408E+00  5.6309E-01  5.6451E-01  1.6459E-01
  1.6508E+00  5.6569E-01  5.6694E-01  1.5535E-01
  1.6608E+00  5.6824E-01  5.6933E-01  1.4634E-01
  1.6709E+00  5.7073E-01  5.7168E-01  1.3758E-01
  1.6811E+00  5.7317E-01  5.7400E-01  1.2907E-01
  1.6913E+00  5.7557E-01  5.7627E-01  1.2080E-01
  1.7016E+00  5.7790E-01  5.7850E-01  1.1278E-01
  1.7120E+00  5.8019E-01  5.8069E-01  1.0502E-01
  1.7224E+00  5.8242E-01  5.8284E-01  9.7514E-02
  1.7329E+00  5.8460E-01  5.8494E-01  9.0280E-02
  1.7434E+00  5.8672E-01  5.8700E-01  8.3326E-02
  1.7540E+00  5.8879E-01  5.8901E-01  7.6675E-02
  1.7647E+00  5.9080E-01  5.9097E-01  7.0254E-02
  1.7754E+00  5.9276E-01  5.9289E-01  6.3729E-02
  1.7862E+00  5.9466E-01  5.9476E-01  5.7110E-02
  1.7971E+00  5.9650E-01  5.9657E-01  5.0423E-02
  1.8080E+00  5.9829E-01  5.9834E-01  4.3705E-02
  1.8190E+00  6.0002E-01  6.0005E-01  3.7011E-02
  1.8301E+00  6.0169E-01  6.0171E-01  3.0415E-02
  1.8412E+00  6.0330E-01  6.0331E-01  2.4018E-02
  1.8524E+00  6.0486E-01  6.0486E-01  1.7951E-02
  1.8637E+00  6.0635E-01  6.0635E-01  1.2379E-02
  1.8750E+00  6.0779E-01  6.0779E-01  7.5094E-03
  1.8864E+00  6.0917E-01  6.0917E-01  3.5997E-03
  1.8979E+00  6.1048E-01  6.1048E-01  9.6530E-04
  1.9094E+00  6.1174E-01  6.1174E-01  0.0000E+00
  1.9211E+00  6.1294E-01  6.1294E-01  0.0000E+00
  1.9328E+00  6.1408E-01  6.1408E-01  0.0000E+00
  1.9445E+00  6.1515E-01  6.1515E-01  0.0000E+00
  1.9563E+00  6.1617E-01  6.1617E-01  0.0000E+00
  1.9682E+00  6.1712E-01  6.1712E-01  0.0000E+00
  1.9802E+00  6.1802E-01  6.1802E-01  0.0000E+00
  1.9923E+00  6.1885E-01  6.1885E-01  0.0000E+00
  2.0044E+00  6.1962E-01  6.1962E-01  0.0000E+00
  2.0166E+00  6.2033E-01  6.2033E-01  0.0000E+00
  2.0288E+00  6.2098E-01  6.2098E-01  0.0000E+00
  2.0412E+00  6.2156E-01  6.2156E-01  0.0000E+00
  2.0536E+00  6.2209E-01  6.2209E-01  0.0000E+00
  2.0661E+00  6.2255E-01  6.2255E-01  0.0000E+00
  2.0787E+00  6.2295E-01  6.2295E-01  0.0000E+00
  2.0913E+00  6.2329E-01  6.2329E-01  0.0000E+00
  2.1040E+00  6.2356E-01  6.2356E-01  0.0000E+00
  2.1168E+00  6.2378E-01  6.2378E-01  0.0000E+00
  2.1297E+00  6.2393E-01  6.2393E-01  0.0000E+00
  2.1426E+00  6.2402E-01  6.2402E-01  0.0000E+00
  2.1557E+00  6.2405E-01  6.2405E-01  0.0000E+00
  2.1688E+00  6.2401E-01  6.2401E-01  0.0000E+00
  2.1820E+00  6.2392E-01  6.2392E-01  0.0000E+00
  2.1953E+00  6.2376E-01  6.2376E-01  0.0000E+00
  2.2086E+00  6.2354E-01  6.2354E-01  0.0000E+00
  2.2220E+00  6.2326E-01  6.2326E-01  0.0000E+00
  2.2356E+00  6.2292E-01  6.2292E-01  0.0000E+00
  2.2492E+00  6.2252E-01  6.2252E-01  0.0000E+00
  2.2628E+00  6.2205E-01  6.2205E-01  0.0000E+00
  2.2766E+00  6.2153E-01  6.2153E-01  0.0000E+00
  2.2905E+00  6.2094E-01  6.2094E-01  0.0000E+00
  2.3044E+00  6.2030E-01  6.2030E-01  0.0000E+00
  2.3184E+00  6.1959E-01  6.1959E-01  0.0000E+00
  2.3325E+00  6.1883E-01  6.1883E-01  0.0000E+00
  2.3467E+00  6.1800E-01  6.1800E-01  0.0000E+00
  2.3610E+00  6.1712E-01  6.1712E-01  0.0000E+00
  2.3753E+00  6.1617E-01  6.1617E-01  0.0000E+00
  2.3898E+00  6.1517E-01  6.1517E-01  0.0000E+00
  2.4043E+00  6.1411E-01  6.1411E-01  0.0000E+00
  2.4189E+00  6.1299E-01  6.1299E-01  0.0000E+00
  2.4337E+00  6.1181E-01  6.1181E-01  0.0000E+00
  2.4485E+00  6.1058E-01  6.1058E-01  0.0000E+00
  2.4634E+00  6.0929E-01  6.0929E-01  0.0000E+00
  2.4783E+00  6.0794E-01  6.0794E-01  0.0000E+00
  2.4934E+00  6.0653E-01  6.0653E-01  0.0000E+00
  2.5086E+00  6.0507E-01  6.0507E-01  0.0000E+00
  2.5238E+00  6.0355E-01  6.0355E-01  0.0000E+00
  2.5392E+00  6.0198E-01  6.0198E-01  0.0000E+00
  2.5546E+00  6.0036E-01  6.0036E-01  0.0000E+00
  2.5702E+00  5.9868E-01  5.9868E-01  0.0000E+00
  2.5858E+00  5.9694E-01  5.9694E-01  0.0000E+00
