 # l=           3 energy=  -5.0000000000000000     
  0.0000E+00  0.0000E+00  0.0000E+00  0.0000E+00
  5.0071E-06  4.1859E-23  4.1859E-23  1.5171E-20
  1.0085E-05  6.8901E-22  6.8901E-22  1.8815E-19
  1.5236E-05  3.5885E-21  3.5885E-21  8.2992E-19
  2.0459E-05  1.1669E-20  1.1669E-20  2.3975E-18
  2.5757E-05  2.9312E-20  2.9312E-20  5.4930E-18
  3.1130E-05  6.2543E-20  6.2543E-20  1.0869E-17
  3.6579E-05  1.1923E-19  1.1923E-19  1.9435E-17
  4.2106E-05  2.0933E-19  2.0933E-19  3.2275E-17
  4.7711E-05  3.4509E-19  3.4509E-19  5.0653E-17
  5.3395E-05  5.4136E-19  5.4136E-19  7.6029E-17
  5.9161E-05  8.1585E-19  8.1585E-19  1.1008E-16
  6.5008E-05  1.1894E-18  1.1894E-18  1.5471E-16
  7.0939E-05  1.6866E-18  1.6866E-18  2.1207E-16
  7.6953E-05  2.3355E-18  2.3355E-18  2.8458E-16
  8.3053E-05  3.1688E-18  3.1688E-18  3.7496E-16
  8.9240E-05  4.2238E-18  4.2238E-18  4.8624E-16
  9.5514E-05  5.5430E-18  5.5430E-18  6.2178E-16
  1.0188E-04  7.1745E-18  7.1745E-18  7.8532E-16
  1.0833E-04  9.1728E-18  9.1728E-18  9.8099E-16
  1.1488E-04  1.1599E-17  1.1599E-17  1.2133E-15
  1.2152E-04  1.4521E-17  1.4521E-17  1.4874E-15
  1.2825E-04  1.8017E-17  1.8017E-17  1.8087E-15
  1.3508E-04  2.2172E-17  2.2172E-17  2.1833E-15
  1.4200E-04  2.7081E-17  2.7081E-17  2.6178E-15
  1.4903E-04  3.2850E-17  3.2850E-17  3.1194E-15
  1.5615E-04  3.9596E-17  3.9596E-17  3.6961E-15
  1.6338E-04  4.7448E-17  4.7448E-17  4.3565E-15
  1.7070E-04  5.6551E-17  5.6551E-17  5.1100E-15
  1.7813E-04  6.7060E-17  6.7060E-17  5.9669E-15
  1.8567E-04  7.9151E-17  7.9151E-17  6.9383E-15
  1.9332E-04  9.3012E-17  9.3012E-17  8.0361E-15
  2.0107E-04  1.0885E-16  1.0885E-16  9.2737E-15
  2.0893E-04  1.2691E-16  1.2691E-16  1.0665E-14
  2.1691E-04  1.4742E-16  1.4742E-16  1.2226E-14
  2.2499E-04  1.7067E-16  1.7067E-16  1.3972E-14
  2.3320E-04  1.9695E-16  1.9695E-16  1.5923E-14
  2.4151E-04  2.2659E-16  2.2659E-16  1.8097E-14
  2.4995E-04  2.5995E-16  2.5995E-16  2.0515E-14
  2.5851E-04  2.9742E-16  2.9742E-16  2.3200E-14
  2.6719E-04  3.3942E-16  3.3942E-16  2.6177E-14
  2.7599E-04  3.8640E-16  3.8640E-16  2.9472E-14
  2.8492E-04  4.3887E-16  4.3887E-16  3.3113E-14
  2.9397E-04  4.9737E-16  4.9737E-16  3.7130E-14
  3.0315E-04  5.6249E-16  5.6249E-16  4.1558E-14
  3.1246E-04  6.3485E-16  6.3485E-16  4.6431E-14
  3.2191E-04  7.1516E-16  7.1516E-16  5.1787E-14
  3.3149E-04  8.0416E-16  8.0416E-16  5.7667E-14
  3.4120E-04  9.0266E-16  9.0266E-16  6.4115E-14
  3.5106E-04  1.0115E-15  1.0115E-15  7.1179E-14
  3.6105E-04  1.1317E-15  1.1317E-15  7.8908E-14
  3.7118E-04  1.2642E-15  1.2642E-15  8.7358E-14
  3.8146E-04  1.4102E-15  1.4102E-15  9.6586E-14
  3.9189E-04  1.5708E-15  1.5708E-15  1.0665E-13
  4.0246E-04  1.7473E-15  1.7473E-15  1.1763E-13
  4.1318E-04  1.9411E-15  1.9411E-15  1.2959E-13
  4.2406E-04  2.1536E-15  2.1536E-15  1.4260E-13
  4.3509E-04  2.3866E-15  2.3866E-15  1.5676E-13
  4.4627E-04  2.6417E-15  2.6417E-15  1.7213E-13
  4.5762E-04  2.9207E-15  2.9207E-15  1.8884E-13
  4.6913E-04  3.2257E-15  3.2257E-15  2.0696E-13
  4.8080E-04  3.5589E-15  3.5589E-15  2.2661E-13
  4.9263E-04  3.9225E-15  3.9225E-15  2.4791E-13
  5.0463E-04  4.3190E-15  4.3190E-15  2.7098E-13
  5.1681E-04  4.7511E-15  4.7511E-15  2.9594E-13
  5.2916E-04  5.2216E-15  5.2216E-15  3.2295E-13
  5.4168E-04  5.7337E-15  5.7337E-15  3.5215E-13
  5.5438E-04  6.2906E-15  6.2906E-15  3.8370E-13
  5.6726E-04  6.8960E-15  6.8960E-15  4.1778E-13
  5.8032E-04  7.5535E-15  7.5535E-15  4.5456E-13
  5.9357E-04  8.2673E-15  8.2673E-15  4.9424E-13
  6.0701E-04  9.0417E-15  9.0417E-15  5.3704E-13
  6.2064E-04  9.8814E-15  9.8814E-15  5.8316E-13
  6.3446E-04  1.0792E-14  1.0792E-14  6.3286E-13
  6.4848E-04  1.1777E-14  1.1777E-14  6.8638E-13
  6.6269E-04  1.2845E-14  1.2845E-14  7.4399E-13
  6.7711E-04  1.3999E-14  1.3999E-14  8.0598E-13
  6.9174E-04  1.5249E-14  1.5249E-14  8.7266E-13
  7.0657E-04  1.6599E-14  1.6599E-14  9.4435E-13
  7.2161E-04  1.8058E-14  1.8058E-14  1.0214E-12
  7.3686E-04  1.9635E-14  1.9635E-14  1.1042E-12
  7.5234E-04  2.1336E-14  2.1336E-14  1.1931E-12
  7.6803E-04  2.3173E-14  2.3173E-14  1.2886E-12
  7.8394E-04  2.5154E-14  2.5154E-14  1.3910E-12
  8.0008E-04  2.7291E-14  2.7291E-14  1.5010E-12
  8.1645E-04  2.9594E-14  2.9594E-14  1.6189E-12
  8.3306E-04  3.2075E-14  3.2075E-14  1.7453E-12
  8.4989E-04  3.4748E-14  3.4748E-14  1.8808E-12
  8.6697E-04  3.7626E-14  3.7626E-14  2.0261E-12
  8.8429E-04  4.0724E-14  4.0724E-14  2.1817E-12
  9.0186E-04  4.4058E-14  4.4058E-14  2.3483E-12
  9.1967E-04  4.7644E-14  4.7644E-14  2.5267E-12
  9.3774E-04  5.1500E-14  5.1500E-14  2.7178E-12
  9.5607E-04  5.5645E-14  5.5645E-14  2.9222E-12
  9.7465E-04  6.0100E-14  6.0100E-14  3.1409E-12
  9.9350E-04  6.4885E-14  6.4885E-14  3.3748E-12
  1.0126E-03  7.0025E-14  7.0025E-14  3.6250E-12
  1.0320E-03  7.5545E-14  7.5545E-14  3.8925E-12
  1.0517E-03  8.1469E-14  8.1469E-14  4.1785E-12
  1.0716E-03  8.7827E-14  8.7827E-14  4.4840E-12
  1.0918E-03  9.4648E-14  9.4648E-14  4.8105E-12
  1.1124E-03  1.0196E-13  1.0196E-13  5.1593E-12
  1.1332E-03  1.0981E-13  1.0981E-13  5.5318E-12
  1.1543E-03  1.1822E-13  1.1822E-13  5.9296E-12
  1.1757E-03  1.2723E-13  1.2723E-13  6.3542E-12
  1.1974E-03  1.3689E-13  1.3689E-13  6.8075E-12
  1.2194E-03  1.4724E-13  1.4724E-13  7.2912E-12
  1.2417E-03  1.5832E-13  1.5832E-13  7.8074E-12
  1.2643E-03  1.7019E-13  1.7019E-13  8.3580E-12
  1.2873E-03  1.8289E-13  1.8289E-13  8.9453E-12
  1.3106E-03  1.9649E-13  1.9649E-13  9.5717E-12
  1.3342E-03  2.1105E-13  2.1105E-13  1.0240E-11
  1.3582E-03  2.2662E-13  2.2662E-13  1.0952E-11
  1.3825E-03  2.4327E-13  2.4327E-13  1.1711E-11
  1.4071E-03  2.6109E-13  2.6109E-13  1.2519E-11
  1.4321E-03  2.8014E-13  2.8014E-13  1.3381E-11
  1.4574E-03  3.0050E-13  3.0050E-13  1.4300E-11
  1.4832E-03  3.2227E-13  3.2227E-13  1.5278E-11
  1.5092E-03  3.4553E-13  3.4553E-13  1.6320E-11
  1.5357E-03  3.7039E-13  3.7039E-13  1.7430E-11
  1.5625E-03  3.9695E-13  3.9695E-13  1.8612E-11
  1.5897E-03  4.2532E-13  4.2532E-13  1.9870E-11
  1.6173E-03  4.5562E-13  4.5562E-13  2.1209E-11
  1.6452E-03  4.8797E-13  4.8797E-13  2.2635E-11
  1.6736E-03  5.2251E-13  5.2251E-13  2.4152E-11
  1.7024E-03  5.5938E-13  5.5938E-13  2.5767E-11
  1.7316E-03  5.9874E-13  5.9874E-13  2.7485E-11
  1.7612E-03  6.4074E-13  6.4074E-13  2.9313E-11
  1.7912E-03  6.8556E-13  6.8556E-13  3.1258E-11
  1.8216E-03  7.3337E-13  7.3337E-13  3.3327E-11
  1.8525E-03  7.8438E-13  7.8438E-13  3.5526E-11
  1.8838E-03  8.3878E-13  8.3878E-13  3.7866E-11
  1.9156E-03  8.9679E-13  8.9679E-13  4.0354E-11
  1.9478E-03  9.5865E-13  9.5865E-13  4.2998E-11
  1.9805E-03  1.0246E-12  1.0246E-12  4.5810E-11
  2.0136E-03  1.0949E-12  1.0949E-12  4.8799E-11
  2.0472E-03  1.1699E-12  1.1699E-12  5.1976E-11
  2.0813E-03  1.2497E-12  1.2497E-12  5.5352E-11
  2.1159E-03  1.3348E-12  1.3348E-12  5.8940E-11
  2.1509E-03  1.4255E-12  1.4255E-12  6.2753E-11
  2.1865E-03  1.5221E-12  1.5221E-12  6.6804E-11
  2.2225E-03  1.6251E-12  1.6251E-12  7.1107E-11
  2.2591E-03  1.7347E-12  1.7347E-12  7.5679E-11
  2.2962E-03  1.8515E-12  1.8515E-12  8.0535E-11
  2.3338E-03  1.9758E-12  1.9758E-12  8.5692E-11
  2.3720E-03  2.1082E-12  2.1082E-12  9.1170E-11
  2.4107E-03  2.2492E-12  2.2492E-12  9.6986E-11
  2.4499E-03  2.3993E-12  2.3993E-12  1.0316E-10
  2.4897E-03  2.5590E-12  2.5590E-12  1.0972E-10
  2.5301E-03  2.7290E-12  2.7290E-12  1.1668E-10
  2.5710E-03  2.9100E-12  2.9100E-12  1.2407E-10
  2.6125E-03  3.1026E-12  3.1026E-12  1.3192E-10
  2.6547E-03  3.3075E-12  3.3075E-12  1.4025E-10
  2.6974E-03  3.5256E-12  3.5256E-12  1.4909E-10
  2.7407E-03  3.7576E-12  3.7576E-12  1.5847E-10
  2.7846E-03  4.0043E-12  4.0043E-12  1.6842E-10
  2.8292E-03  4.2668E-12  4.2668E-12  1.7899E-10
  2.8744E-03  4.5460E-12  4.5460E-12  1.9020E-10
  2.9202E-03  4.8430E-12  4.8430E-12  2.0209E-10
  2.9667E-03  5.1587E-12  5.1587E-12  2.1470E-10
  3.0138E-03  5.4945E-12  5.4945E-12  2.2809E-10
  3.0616E-03  5.8516E-12  5.8516E-12  2.4229E-10
  3.1101E-03  6.2312E-12  6.2312E-12  2.5735E-10
  3.1593E-03  6.6347E-12  6.6347E-12  2.7332E-10
  3.2092E-03  7.0637E-12  7.0637E-12  2.9026E-10
  3.2597E-03  7.5197E-12  7.5197E-12  3.0822E-10
  3.3110E-03  8.0044E-12  8.0044E-12  3.2728E-10
  3.3631E-03  8.5195E-12  8.5195E-12  3.4748E-10
  3.4159E-03  9.0670E-12  9.0670E-12  3.6890E-10
  3.4694E-03  9.6487E-12  9.6487E-12  3.9161E-10
  3.5236E-03  1.0267E-11  1.0267E-11  4.1569E-10
  3.5787E-03  1.0924E-11  1.0924E-11  4.4122E-10
  3.6345E-03  1.1621E-11  1.1621E-11  4.6828E-10
  3.6912E-03  1.2363E-11  1.2363E-11  4.9696E-10
  3.7486E-03  1.3150E-11  1.3150E-11  5.2737E-10
  3.8068E-03  1.3987E-11  1.3987E-11  5.5959E-10
  3.8659E-03  1.4876E-11  1.4876E-11  5.9375E-10
  3.9258E-03  1.5819E-11  1.5819E-11  6.2994E-10
  3.9866E-03  1.6822E-11  1.6822E-11  6.6830E-10
  4.0482E-03  1.7886E-11  1.7886E-11  7.0895E-10
  4.1107E-03  1.9017E-11  1.9017E-11  7.5203E-10
  4.1741E-03  2.0217E-11  2.0217E-11  7.9767E-10
  4.2384E-03  2.1492E-11  2.1492E-11  8.4602E-10
  4.3036E-03  2.2845E-11  2.2845E-11  8.9726E-10
  4.3697E-03  2.4282E-11  2.4282E-11  9.5153E-10
  4.4368E-03  2.5807E-11  2.5807E-11  1.0090E-09
  4.5048E-03  2.7426E-11  2.7426E-11  1.0699E-09
  4.5738E-03  2.9145E-11  2.9145E-11  1.1345E-09
  4.6438E-03  3.0970E-11  3.0970E-11  1.2028E-09
  4.7147E-03  3.2907E-11  3.2907E-11  1.2752E-09
  4.7867E-03  3.4962E-11  3.4962E-11  1.3519E-09
  4.8597E-03  3.7144E-11  3.7144E-11  1.4331E-09
  4.9337E-03  3.9459E-11  3.9459E-11  1.5190E-09
  5.0088E-03  4.1917E-11  4.1917E-11  1.6101E-09
  5.0849E-03  4.4524E-11  4.4524E-11  1.7065E-09
  5.1621E-03  4.7291E-11  4.7291E-11  1.8086E-09
  5.2405E-03  5.0227E-11  5.0227E-11  1.9168E-09
  5.3199E-03  5.3342E-11  5.3342E-11  2.0312E-09
  5.4004E-03  5.6648E-11  5.6648E-11  2.1524E-09
  5.4822E-03  6.0154E-11  6.0154E-11  2.2807E-09
  5.5650E-03  6.3875E-11  6.3875E-11  2.4166E-09
  5.6491E-03  6.7822E-11  6.7822E-11  2.5604E-09
  5.7343E-03  7.2008E-11  7.2008E-11  2.7126E-09
  5.8207E-03  7.6450E-11  7.6450E-11  2.8738E-09
  5.9084E-03  8.1161E-11  8.1161E-11  3.0443E-09
  5.9973E-03  8.6158E-11  8.6158E-11  3.2249E-09
  6.0875E-03  9.1458E-11  9.1458E-11  3.4159E-09
  6.1790E-03  9.7080E-11  9.7080E-11  3.6182E-09
  6.2718E-03  1.0304E-10  1.0304E-10  3.8322E-09
  6.3658E-03  1.0937E-10  1.0937E-10  4.0587E-09
  6.4612E-03  1.1607E-10  1.1607E-10  4.2984E-09
  6.5580E-03  1.2318E-10  1.2318E-10  4.5520E-09
  6.6562E-03  1.3072E-10  1.3072E-10  4.8204E-09
  6.7557E-03  1.3872E-10  1.3872E-10  5.1044E-09
  6.8567E-03  1.4720E-10  1.4720E-10  5.4049E-09
  6.9590E-03  1.5619E-10  1.5619E-10  5.7228E-09
  7.0629E-03  1.6572E-10  1.6572E-10  6.0591E-09
  7.1682E-03  1.7583E-10  1.7583E-10  6.4150E-09
  7.2750E-03  1.8655E-10  1.8655E-10  6.7914E-09
  7.3833E-03  1.9791E-10  1.9791E-10  7.1896E-09
  7.4932E-03  2.0995E-10  2.0995E-10  7.6109E-09
  7.6046E-03  2.2272E-10  2.2272E-10  8.0565E-09
  7.7176E-03  2.3626E-10  2.3626E-10  8.5278E-09
  7.8323E-03  2.5061E-10  2.5061E-10  9.0263E-09
  7.9485E-03  2.6582E-10  2.6582E-10  9.5536E-09
  8.0664E-03  2.8195E-10  2.8195E-10  1.0111E-08
  8.1860E-03  2.9904E-10  2.9904E-10  1.0701E-08
  8.3072E-03  3.1716E-10  3.1716E-10  1.1325E-08
  8.4302E-03  3.3636E-10  3.3636E-10  1.1984E-08
  8.5550E-03  3.5671E-10  3.5671E-10  1.2682E-08
  8.6815E-03  3.7829E-10  3.7829E-10  1.3419E-08
  8.8098E-03  4.0115E-10  4.0115E-10  1.4199E-08
  8.9399E-03  4.2538E-10  4.2538E-10  1.5024E-08
  9.0719E-03  4.5106E-10  4.5106E-10  1.5896E-08
  9.2057E-03  4.7827E-10  4.7827E-10  1.6817E-08
  9.3415E-03  5.0711E-10  5.0711E-10  1.7792E-08
  9.4791E-03  5.3768E-10  5.3768E-10  1.8822E-08
  9.6188E-03  5.7006E-10  5.7006E-10  1.9911E-08
  9.7604E-03  6.0438E-10  6.0438E-10  2.1062E-08
  9.9040E-03  6.4075E-10  6.4075E-10  2.2279E-08
  1.0050E-02  6.7928E-10  6.7928E-10  2.3566E-08
  1.0197E-02  7.2011E-10  7.2011E-10  2.4926E-08
  1.0347E-02  7.6338E-10  7.6338E-10  2.6363E-08
  1.0499E-02  8.0922E-10  8.0922E-10  2.7882E-08
  1.0653E-02  8.5779E-10  8.5779E-10  2.9487E-08
  1.0810E-02  9.0925E-10  9.0925E-10  3.1183E-08
  1.0968E-02  9.6377E-10  9.6377E-10  3.2976E-08
  1.1129E-02  1.0215E-09  1.0215E-09  3.4871E-08
  1.1292E-02  1.0827E-09  1.0827E-09  3.6873E-08
  1.1457E-02  1.1476E-09  1.1476E-09  3.8988E-08
  1.1625E-02  1.2162E-09  1.2162E-09  4.1223E-08
  1.1795E-02  1.2890E-09  1.2890E-09  4.3585E-08
  1.1968E-02  1.3661E-09  1.3661E-09  4.6080E-08
  1.2143E-02  1.4477E-09  1.4477E-09  4.8716E-08
  1.2320E-02  1.5343E-09  1.5343E-09  5.1500E-08
  1.2500E-02  1.6259E-09  1.6259E-09  5.4442E-08
  1.2683E-02  1.7229E-09  1.7229E-09  5.7550E-08
  1.2868E-02  1.8258E-09  1.8258E-09  6.0833E-08
  1.3056E-02  1.9347E-09  1.9347E-09  6.4300E-08
  1.3246E-02  2.0500E-09  2.0500E-09  6.7963E-08
  1.3439E-02  2.1722E-09  2.1722E-09  7.1831E-08
  1.3635E-02  2.3017E-09  2.3017E-09  7.5916E-08
  1.3834E-02  2.4387E-09  2.4387E-09  8.0231E-08
  1.4035E-02  2.5839E-09  2.5839E-09  8.4787E-08
  1.4239E-02  2.7377E-09  2.7377E-09  8.9599E-08
  1.4447E-02  2.9006E-09  2.9006E-09  9.4680E-08
  1.4657E-02  3.0731E-09  3.0731E-09  1.0005E-07
  1.4870E-02  3.2558E-09  3.2558E-09  1.0571E-07
  1.5086E-02  3.4493E-09  3.4493E-09  1.1169E-07
  1.5306E-02  3.6543E-09  3.6543E-09  1.1801E-07
  1.5528E-02  3.8713E-09  3.8713E-09  1.2467E-07
  1.5753E-02  4.1011E-09  4.1011E-09  1.3171E-07
  1.5982E-02  4.3445E-09  4.3445E-09  1.3914E-07
  1.6214E-02  4.6023E-09  4.6023E-09  1.4698E-07
  1.6449E-02  4.8753E-09  4.8753E-09  1.5526E-07
  1.6688E-02  5.1644E-09  5.1644E-09  1.6400E-07
  1.6930E-02  5.4705E-09  5.4705E-09  1.7322E-07
  1.7176E-02  5.7947E-09  5.7947E-09  1.8296E-07
  1.7425E-02  6.1380E-09  6.1380E-09  1.9323E-07
  1.7677E-02  6.5015E-09  6.5015E-09  2.0407E-07
  1.7933E-02  6.8864E-09  6.8864E-09  2.1551E-07
  1.8193E-02  7.2940E-09  7.2940E-09  2.2758E-07
  1.8456E-02  7.7257E-09  7.7257E-09  2.4032E-07
  1.8723E-02  8.1827E-09  8.1827E-09  2.5376E-07
  1.8994E-02  8.6666E-09  8.6666E-09  2.6794E-07
  1.9269E-02  9.1790E-09  9.1790E-09  2.8289E-07
  1.9548E-02  9.7215E-09  9.7215E-09  2.9867E-07
  1.9830E-02  1.0296E-08  1.0296E-08  3.1532E-07
  2.0117E-02  1.0904E-08  1.0904E-08  3.3288E-07
  2.0408E-02  1.1548E-08  1.1548E-08  3.5140E-07
  2.0702E-02  1.2230E-08  1.2230E-08  3.7094E-07
  2.1001E-02  1.2952E-08  1.2952E-08  3.9154E-07
  2.1305E-02  1.3717E-08  1.3717E-08  4.1327E-07
  2.1612E-02  1.4526E-08  1.4526E-08  4.3619E-07
  2.1924E-02  1.5383E-08  1.5383E-08  4.6035E-07
  2.2241E-02  1.6290E-08  1.6290E-08  4.8583E-07
  2.2562E-02  1.7250E-08  1.7250E-08  5.1270E-07
  2.2887E-02  1.8267E-08  1.8267E-08  5.4102E-07
  2.3217E-02  1.9344E-08  1.9344E-08  5.7089E-07
  2.3552E-02  2.0483E-08  2.0483E-08  6.0237E-07
  2.3891E-02  2.1690E-08  2.1690E-08  6.3556E-07
  2.4236E-02  2.2967E-08  2.2967E-08  6.7054E-07
  2.4585E-02  2.4320E-08  2.4320E-08  7.0742E-07
  2.4939E-02  2.5752E-08  2.5752E-08  7.4628E-07
  2.5298E-02  2.7267E-08  2.7267E-08  7.8724E-07
  2.5662E-02  2.8872E-08  2.8872E-08  8.3041E-07
  2.6032E-02  3.0570E-08  3.0570E-08  8.7590E-07
  2.6407E-02  3.2368E-08  3.2368E-08  9.2384E-07
  2.6787E-02  3.4272E-08  3.4272E-08  9.7434E-07
  2.7172E-02  3.6287E-08  3.6287E-08  1.0276E-06
  2.7563E-02  3.8420E-08  3.8420E-08  1.0836E-06
  2.7959E-02  4.0678E-08  4.0678E-08  1.1427E-06
  2.8362E-02  4.3068E-08  4.3068E-08  1.2049E-06
  2.8769E-02  4.5599E-08  4.5599E-08  1.2704E-06
  2.9183E-02  4.8277E-08  4.8277E-08  1.3395E-06
  2.9602E-02  5.1113E-08  5.1113E-08  1.4122E-06
  3.0028E-02  5.4114E-08  5.4114E-08  1.4887E-06
  3.0459E-02  5.7291E-08  5.7291E-08  1.5693E-06
  3.0897E-02  6.0654E-08  6.0654E-08  1.6542E-06
  3.1341E-02  6.4213E-08  6.4213E-08  1.7436E-06
  3.1791E-02  6.7981E-08  6.7981E-08  1.8377E-06
  3.2247E-02  7.1969E-08  7.1969E-08  1.9368E-06
  3.2710E-02  7.6191E-08  7.6191E-08  2.0411E-06
  3.3180E-02  8.0659E-08  8.0659E-08  2.1509E-06
  3.3656E-02  8.5389E-08  8.5389E-08  2.2665E-06
  3.4139E-02  9.0395E-08  9.0395E-08  2.3881E-06
  3.4629E-02  9.5694E-08  9.5694E-08  2.5161E-06
  3.5126E-02  1.0130E-07  1.0130E-07  2.6508E-06
  3.5630E-02  1.0724E-07  1.0724E-07  2.7925E-06
  3.6141E-02  1.1352E-07  1.1352E-07  2.9417E-06
  3.6659E-02  1.2017E-07  1.2017E-07  3.0986E-06
  3.7185E-02  1.2721E-07  1.2721E-07  3.2636E-06
  3.7718E-02  1.3466E-07  1.3466E-07  3.4372E-06
  3.8258E-02  1.4255E-07  1.4255E-07  3.6199E-06
  3.8807E-02  1.5089E-07  1.5089E-07  3.8120E-06
  3.9363E-02  1.5973E-07  1.5973E-07  4.0140E-06
  3.9927E-02  1.6908E-07  1.6908E-07  4.2264E-06
  4.0499E-02  1.7897E-07  1.7897E-07  4.4498E-06
  4.1079E-02  1.8944E-07  1.8944E-07  4.6847E-06
  4.1668E-02  2.0053E-07  2.0053E-07  4.9316E-06
  4.2264E-02  2.1226E-07  2.1226E-07  5.1912E-06
  4.2870E-02  2.2467E-07  2.2467E-07  5.4640E-06
  4.3484E-02  2.3781E-07  2.3781E-07  5.7508E-06
  4.4106E-02  2.5171E-07  2.5171E-07  6.0522E-06
  4.4738E-02  2.6643E-07  2.6643E-07  6.3690E-06
  4.5378E-02  2.8201E-07  2.8201E-07  6.7019E-06
  4.6027E-02  2.9849E-07  2.9849E-07  7.0516E-06
  4.6686E-02  3.1593E-07  3.1593E-07  7.4190E-06
  4.7354E-02  3.3439E-07  3.3439E-07  7.8050E-06
  4.8032E-02  3.5393E-07  3.5393E-07  8.2105E-06
  4.8719E-02  3.7461E-07  3.7461E-07  8.6363E-06
  4.9416E-02  3.9649E-07  3.9649E-07  9.0836E-06
  5.0123E-02  4.1965E-07  4.1965E-07  9.5533E-06
  5.0839E-02  4.4415E-07  4.4415E-07  1.0046E-05
  5.1567E-02  4.7009E-07  4.7009E-07  1.0564E-05
  5.2304E-02  4.9753E-07  4.9753E-07  1.1108E-05
  5.3052E-02  5.2657E-07  5.2657E-07  1.1679E-05
  5.3810E-02  5.5731E-07  5.5731E-07  1.2277E-05
  5.4579E-02  5.8983E-07  5.8983E-07  1.2906E-05
  5.5360E-02  6.2425E-07  6.2425E-07  1.3566E-05
  5.6151E-02  6.6068E-07  6.6068E-07  1.4258E-05
  5.6953E-02  6.9922E-07  6.9922E-07  1.4984E-05
  5.7767E-02  7.4001E-07  7.4001E-07  1.5746E-05
  5.8593E-02  7.8317E-07  7.8317E-07  1.6546E-05
  5.9430E-02  8.2884E-07  8.2884E-07  1.7384E-05
  6.0279E-02  8.7717E-07  8.7717E-07  1.8263E-05
  6.1140E-02  9.2831E-07  9.2831E-07  1.9185E-05
  6.2013E-02  9.8243E-07  9.8243E-07  2.0152E-05
  6.2899E-02  1.0397E-06  1.0397E-06  2.1165E-05
  6.3797E-02  1.1003E-06  1.1003E-06  2.2228E-05
  6.4708E-02  1.1644E-06  1.1644E-06  2.3342E-05
  6.5632E-02  1.2323E-06  1.2323E-06  2.4509E-05
  6.6570E-02  1.3041E-06  1.3041E-06  2.5732E-05
  6.7520E-02  1.3800E-06  1.3800E-06  2.7014E-05
  6.8484E-02  1.4604E-06  1.4604E-06  2.8357E-05
  6.9462E-02  1.5455E-06  1.5455E-06  2.9764E-05
  7.0453E-02  1.6355E-06  1.6355E-06  3.1237E-05
  7.1459E-02  1.7307E-06  1.7307E-06  3.2781E-05
  7.2479E-02  1.8315E-06  1.8315E-06  3.4397E-05
  7.3513E-02  1.9381E-06  1.9381E-06  3.6089E-05
  7.4562E-02  2.0509E-06  2.0509E-06  3.7861E-05
  7.5626E-02  2.1702E-06  2.1702E-06  3.9716E-05
  7.6705E-02  2.2965E-06  2.2965E-06  4.1657E-05
  7.7799E-02  2.4302E-06  2.4302E-06  4.3689E-05
  7.8909E-02  2.5715E-06  2.5715E-06  4.5815E-05
  8.0035E-02  2.7211E-06  2.7211E-06  4.8040E-05
  8.1177E-02  2.8794E-06  2.8794E-06  5.0367E-05
  8.2335E-02  3.0468E-06  3.0468E-06  5.2802E-05
  8.3509E-02  3.2240E-06  3.2240E-06  5.5348E-05
  8.4700E-02  3.4115E-06  3.4115E-06  5.8010E-05
  8.5908E-02  3.6098E-06  3.6098E-06  6.0794E-05
  8.7133E-02  3.8196E-06  3.8196E-06  6.3705E-05
  8.8375E-02  4.0416E-06  4.0416E-06  6.6748E-05
  8.9636E-02  4.2764E-06  4.2764E-06  6.9928E-05
  9.0914E-02  4.5249E-06  4.5249E-06  7.3251E-05
  9.2210E-02  4.7878E-06  4.7878E-06  7.6724E-05
  9.3524E-02  5.0659E-06  5.0659E-06  8.0352E-05
  9.4858E-02  5.3601E-06  5.3601E-06  8.4142E-05
  9.6210E-02  5.6714E-06  5.6714E-06  8.8101E-05
  9.7581E-02  6.0007E-06  6.0007E-06  9.2235E-05
  9.8972E-02  6.3490E-06  6.3490E-06  9.6551E-05
  1.0038E-01  6.7176E-06  6.7176E-06  1.0106E-04
  1.0181E-01  7.1075E-06  7.1075E-06  1.0576E-04
  1.0326E-01  7.5199E-06  7.5199E-06  1.1067E-04
  1.0474E-01  7.9562E-06  7.9562E-06  1.1580E-04
  1.0623E-01  8.4177E-06  8.4177E-06  1.2114E-04
  1.0774E-01  8.9060E-06  8.9060E-06  1.2672E-04
  1.0928E-01  9.4224E-06  9.4224E-06  1.3254E-04
  1.1083E-01  9.9688E-06  9.9688E-06  1.3861E-04
  1.1241E-01  1.0547E-05  1.0547E-05  1.4493E-04
  1.1401E-01  1.1158E-05  1.1158E-05  1.5153E-04
  1.1564E-01  1.1805E-05  1.1805E-05  1.5841E-04
  1.1729E-01  1.2489E-05  1.2489E-05  1.6558E-04
  1.1896E-01  1.3212E-05  1.3212E-05  1.7305E-04
  1.2065E-01  1.3978E-05  1.3978E-05  1.8083E-04
  1.2237E-01  1.4787E-05  1.4787E-05  1.8895E-04
  1.2411E-01  1.5643E-05  1.5643E-05  1.9739E-04
  1.2588E-01  1.6549E-05  1.6549E-05  2.0619E-04
  1.2767E-01  1.7507E-05  1.7507E-05  2.1536E-04
  1.2949E-01  1.8520E-05  1.8520E-05  2.2490E-04
  1.3134E-01  1.9591E-05  1.9591E-05  2.3483E-04
  1.3321E-01  2.0725E-05  2.0725E-05  2.4517E-04
  1.3510E-01  2.1923E-05  2.1923E-05  2.5593E-04
  1.3703E-01  2.3191E-05  2.3191E-05  2.6712E-04
  1.3898E-01  2.4531E-05  2.4531E-05  2.7877E-04
  1.4096E-01  2.5949E-05  2.5949E-05  2.9089E-04
  1.4296E-01  2.7449E-05  2.7449E-05  3.0349E-04
  1.4500E-01  2.9034E-05  2.9034E-05  3.1659E-04
  1.4706E-01  3.0711E-05  3.0711E-05  3.3021E-04
  1.4916E-01  3.2485E-05  3.2485E-05  3.4438E-04
  1.5128E-01  3.4360E-05  3.4360E-05  3.5910E-04
  1.5343E-01  3.6343E-05  3.6343E-05  3.7439E-04
  1.5562E-01  3.8440E-05  3.8440E-05  3.9029E-04
  1.5783E-01  4.0658E-05  4.0658E-05  4.0680E-04
  1.6008E-01  4.3002E-05  4.3002E-05  4.2395E-04
  1.6236E-01  4.5482E-05  4.5482E-05  4.4176E-04
  1.6467E-01  4.8103E-05  4.8103E-05  4.6025E-04
  1.6701E-01  5.0875E-05  5.0875E-05  4.7946E-04
  1.6939E-01  5.3805E-05  5.3805E-05  4.9939E-04
  1.7180E-01  5.6904E-05  5.6904E-05  5.2007E-04
  1.7425E-01  6.0180E-05  6.0180E-05  5.4154E-04
  1.7673E-01  6.3643E-05  6.3643E-05  5.6381E-04
  1.7924E-01  6.7305E-05  6.7305E-05  5.8692E-04
  1.8179E-01  7.1175E-05  7.1175E-05  6.1088E-04
  1.8438E-01  7.5268E-05  7.5268E-05  6.3574E-04
  1.8700E-01  7.9594E-05  7.9594E-05  6.6151E-04
  1.8966E-01  8.4166E-05  8.4166E-05  6.8822E-04
  1.9236E-01  8.9000E-05  8.9000E-05  7.1592E-04
  1.9510E-01  9.4110E-05  9.4110E-05  7.4462E-04
  1.9787E-01  9.9511E-05  9.9511E-05  7.7436E-04
  2.0069E-01  1.0522E-04  1.0522E-04  8.0518E-04
  2.0354E-01  1.1125E-04  1.1125E-04  8.3711E-04
  2.0644E-01  1.1763E-04  1.1763E-04  8.7018E-04
  2.0938E-01  1.2437E-04  1.2437E-04  9.0442E-04
  2.1236E-01  1.3149E-04  1.3149E-04  9.3989E-04
  2.1538E-01  1.3902E-04  1.3902E-04  9.7661E-04
  2.1844E-01  1.4698E-04  1.4698E-04  1.0146E-03
  2.2155E-01  1.5538E-04  1.5538E-04  1.0540E-03
  2.2470E-01  1.6426E-04  1.6426E-04  1.0947E-03
  2.2790E-01  1.7365E-04  1.7365E-04  1.1368E-03
  2.3114E-01  1.8357E-04  1.8357E-04  1.1804E-03
  2.3442E-01  1.9405E-04  1.9405E-04  1.2255E-03
  2.3776E-01  2.0512E-04  2.0512E-04  1.2722E-03
  2.4114E-01  2.1681E-04  2.1681E-04  1.3204E-03
  2.4457E-01  2.2917E-04  2.2917E-04  1.3703E-03
  2.4805E-01  2.4222E-04  2.4222E-04  1.4219E-03
  2.5158E-01  2.5601E-04  2.5601E-04  1.4752E-03
  2.5515E-01  2.7057E-04  2.7057E-04  1.5304E-03
  2.5878E-01  2.8596E-04  2.8596E-04  1.5873E-03
  2.6246E-01  3.0220E-04  3.0220E-04  1.6462E-03
  2.6620E-01  3.1936E-04  3.1936E-04  1.7071E-03
  2.6998E-01  3.3749E-04  3.3749E-04  1.7699E-03
  2.7382E-01  3.5662E-04  3.5662E-04  1.8349E-03
  2.7772E-01  3.7683E-04  3.7683E-04  1.9019E-03
  2.8166E-01  3.9817E-04  3.9817E-04  1.9712E-03
  2.8567E-01  4.2070E-04  4.2070E-04  2.0427E-03
  2.8973E-01  4.4449E-04  4.4449E-04  2.1166E-03
  2.9385E-01  4.6960E-04  4.6960E-04  2.1929E-03
  2.9803E-01  4.9611E-04  4.9611E-04  2.2716E-03
  3.0227E-01  5.2410E-04  5.2410E-04  2.3529E-03
  3.0657E-01  5.5364E-04  5.5364E-04  2.4369E-03
  3.1092E-01  5.8482E-04  5.8482E-04  2.5235E-03
  3.1535E-01  6.1772E-04  6.1772E-04  2.6129E-03
  3.1983E-01  6.5245E-04  6.5245E-04  2.7051E-03
  3.2438E-01  6.8909E-04  6.8909E-04  2.8003E-03
  3.2899E-01  7.2776E-04  7.2776E-04  2.8986E-03
  3.3367E-01  7.6856E-04  7.6856E-04  3.0000E-03
  3.3841E-01  8.1160E-04  8.1160E-04  3.1046E-03
  3.4322E-01  8.5701E-04  8.5701E-04  3.2125E-03
  3.4810E-01  9.0490E-04  9.0490E-04  3.3239E-03
  3.5305E-01  9.5543E-04  9.5543E-04  3.4387E-03
  3.5807E-01  1.0087E-03  1.0087E-03  3.5573E-03
  3.6316E-01  1.0649E-03  1.0649E-03  3.6796E-03
  3.6832E-01  1.1242E-03  1.1242E-03  3.8057E-03
  3.7356E-01  1.1866E-03  1.1866E-03  3.9359E-03
  3.7887E-01  1.2525E-03  1.2525E-03  4.0702E-03
  3.8425E-01  1.3220E-03  1.3220E-03  4.2088E-03
  3.8972E-01  1.3952E-03  1.3952E-03  4.3517E-03
  3.9525E-01  1.4723E-03  1.4723E-03  4.4992E-03
  4.0087E-01  1.5536E-03  1.5536E-03  4.6514E-03
  4.0657E-01  1.6393E-03  1.6393E-03  4.8085E-03
  4.1235E-01  1.7297E-03  1.7297E-03  4.9705E-03
  4.1821E-01  1.8248E-03  1.8248E-03  5.1377E-03
  4.2416E-01  1.9250E-03  1.9250E-03  5.3103E-03
  4.3019E-01  2.0306E-03  2.0306E-03  5.4884E-03
  4.3630E-01  2.1418E-03  2.1418E-03  5.6723E-03
  4.4250E-01  2.2589E-03  2.2589E-03  5.8620E-03
  4.4879E-01  2.3823E-03  2.3823E-03  6.0580E-03
  4.5517E-01  2.5121E-03  2.5121E-03  6.2602E-03
  4.6164E-01  2.6488E-03  2.6488E-03  6.4690E-03
  4.6820E-01  2.7927E-03  2.7927E-03  6.6847E-03
  4.7486E-01  2.9442E-03  2.9442E-03  6.9074E-03
  4.8160E-01  3.1036E-03  3.1036E-03  7.1374E-03
  4.8845E-01  3.2713E-03  3.2713E-03  7.3750E-03
  4.9539E-01  3.4478E-03  3.4478E-03  7.6204E-03
  5.0243E-01  3.6335E-03  3.6335E-03  7.8741E-03
  5.0957E-01  3.8288E-03  3.8288E-03  8.1361E-03
  5.1682E-01  4.0342E-03  4.0342E-03  8.4070E-03
  5.2416E-01  4.2501E-03  4.2501E-03  8.6870E-03
  5.3161E-01  4.4772E-03  4.4772E-03  8.9765E-03
  5.3916E-01  4.7160E-03  4.7160E-03  9.2759E-03
  5.4683E-01  4.9669E-03  4.9669E-03  9.5855E-03
  5.5460E-01  5.2307E-03  5.2307E-03  9.9058E-03
  5.6248E-01  5.5078E-03  5.5078E-03  1.0237E-02
  5.7047E-01  5.7991E-03  5.7991E-03  1.0580E-02
  5.7858E-01  6.1050E-03  6.1050E-03  1.0935E-02
  5.8680E-01  6.4264E-03  6.4264E-03  1.1302E-02
  5.9514E-01  6.7639E-03  6.7639E-03  1.1683E-02
  6.0360E-01  7.1183E-03  7.1183E-03  1.2077E-02
  6.1218E-01  7.4904E-03  7.4904E-03  1.2485E-02
  6.2087E-01  7.8811E-03  7.8811E-03  1.2908E-02
  6.2970E-01  8.2912E-03  8.2912E-03  1.3347E-02
  6.3865E-01  8.7215E-03  8.7215E-03  1.3802E-02
  6.4772E-01  9.1731E-03  9.1731E-03  1.4273E-02
  6.5693E-01  9.6469E-03  9.6469E-03  1.4763E-02
  6.6626E-01  1.0144E-02  1.0144E-02  1.5270E-02
  6.7573E-01  1.0665E-02  1.0665E-02  1.5797E-02
  6.8533E-01  1.1212E-02  1.1212E-02  1.6344E-02
  6.9507E-01  1.1785E-02  1.1785E-02  1.6913E-02
  7.0494E-01  1.2386E-02  1.2386E-02  1.7503E-02
  7.1496E-01  1.3017E-02  1.3017E-02  1.8117E-02
  7.2512E-01  1.3677E-02  1.3677E-02  1.8755E-02
  7.3542E-01  1.4369E-02  1.4369E-02  1.9419E-02
  7.4587E-01  1.5095E-02  1.5095E-02  2.0109E-02
  7.5647E-01  1.5855E-02  1.5855E-02  2.0828E-02
  7.6722E-01  1.6651E-02  1.6651E-02  2.1577E-02
  7.7812E-01  1.7486E-02  1.7486E-02  2.2357E-02
  7.8918E-01  1.8360E-02  1.8360E-02  2.3169E-02
  8.0039E-01  1.9275E-02  1.9275E-02  2.4016E-02
  8.1176E-01  2.0234E-02  2.0234E-02  2.4900E-02
  8.2330E-01  2.1238E-02  2.1238E-02  2.5822E-02
  8.3499E-01  2.2289E-02  2.2289E-02  2.6784E-02
  8.4686E-01  2.3390E-02  2.3390E-02  2.7788E-02
  8.5889E-01  2.4543E-02  2.4543E-02  2.8838E-02
  8.7109E-01  2.5750E-02  2.5750E-02  2.9934E-02
  8.8347E-01  2.7014E-02  2.7014E-02  3.1080E-02
  8.9602E-01  2.8338E-02  2.8338E-02  3.2279E-02
  9.0875E-01  2.9724E-02  2.9724E-02  3.3533E-02
  9.2166E-01  3.1175E-02  3.1175E-02  3.4845E-02
  9.3476E-01  3.2695E-02  3.2695E-02  3.6219E-02
  9.4804E-01  3.4286E-02  3.4286E-02  3.7658E-02
  9.6151E-01  3.5953E-02  3.5953E-02  3.9165E-02
  9.7517E-01  3.7698E-02  3.7698E-02  4.0746E-02
  9.8902E-01  3.9527E-02  3.9527E-02  4.2403E-02
  1.0031E+00  4.1444E-02  4.1444E-02  4.4141E-02
  1.0173E+00  4.3452E-02  4.3452E-02  4.5966E-02
  1.0318E+00  4.5556E-02  4.5556E-02  4.7883E-02
  1.0464E+00  4.7763E-02  4.7763E-02  4.9896E-02
  1.0613E+00  5.0077E-02  5.0077E-02  5.2013E-02
  1.0764E+00  5.2504E-02  5.2504E-02  5.4239E-02
  1.0917E+00  5.5051E-02  5.5051E-02  5.6582E-02
  1.1072E+00  5.7724E-02  5.7724E-02  5.9048E-02
  1.1229E+00  6.0530E-02  6.0530E-02  6.1647E-02
  1.1389E+00  6.3478E-02  6.3478E-02  6.4385E-02
  1.1550E+00  6.6576E-02  6.6576E-02  6.7274E-02
  1.1715E+00  6.9833E-02  6.9833E-02  7.0322E-02
  1.1881E+00  7.3258E-02  7.3258E-02  7.3541E-02
  1.2050E+00  7.6863E-02  7.6863E-02  7.6942E-02
  1.2221E+00  8.0659E-02  8.0659E-02  8.0537E-02
  1.2395E+00  8.4659E-02  8.4659E-02  8.4340E-02
  1.2571E+00  8.8876E-02  8.8876E-02  8.8366E-02
  1.2749E+00  9.3324E-02  9.3324E-02  9.2631E-02
  1.2930E+00  9.8020E-02  9.8020E-02  9.7151E-02
  1.3114E+00  1.0298E-01  1.0298E-01  1.0194E-01
  1.3300E+00  1.0823E-01  1.0823E-01  1.0703E-01
  1.3489E+00  1.1377E-01  1.1377E-01  1.1243E-01
  1.3681E+00  1.1965E-01  1.1965E-01  1.1818E-01
  1.3875E+00  1.2588E-01  1.2588E-01  1.2428E-01
  1.4072E+00  1.3248E-01  1.3248E-01  1.3078E-01
  1.4272E+00  1.3950E-01  1.3950E-01  1.3770E-01
  1.4475E+00  1.4695E-01  1.4695E-01  1.4508E-01
  1.4681E+00  1.5487E-01  1.5487E-01  1.5294E-01
  1.4889E+00  1.6331E-01  1.6331E-01  1.6134E-01
  1.5101E+00  1.7230E-01  1.7230E-01  1.7030E-01
  1.5315E+00  1.8189E-01  1.8189E-01  1.7988E-01
  1.5533E+00  1.9213E-01  1.9213E-01  1.9013E-01
  1.5753E+00  2.0308E-01  2.0308E-01  2.0110E-01
  1.5977E+00  2.1479E-01  2.1479E-01  2.1285E-01
  1.6204E+00  2.2733E-01  2.2733E-01  2.2545E-01
  1.6434E+00  2.4078E-01  2.4078E-01  2.3896E-01
  1.6668E+00  2.5521E-01  2.5521E-01  2.5347E-01
  1.6905E+00  2.7071E-01  2.7071E-01  2.6906E-01
  1.7145E+00  2.8738E-01  2.8738E-01  2.8582E-01
  1.7388E+00  3.0532E-01  3.0532E-01  3.0386E-01
  1.7635E+00  3.2465E-01  3.2465E-01  3.2329E-01
  1.7886E+00  3.4549E-01  3.4549E-01  3.4423E-01
  1.8140E+00  3.6798E-01  3.6798E-01  3.6683E-01
  1.8398E+00  3.9228E-01  3.9228E-01  3.9122E-01
  1.8659E+00  4.1855E-01  4.1855E-01  4.1758E-01
  1.8924E+00  4.4696E-01  4.4696E-01  4.4608E-01
  1.9193E+00  4.7773E-01  4.7773E-01  4.7694E-01
  1.9465E+00  5.1107E-01  5.1107E-01  5.1036E-01
  1.9742E+00  5.4723E-01  5.4723E-01  5.4661E-01
  2.0022E+00  5.8648E-01  5.8648E-01  5.8594E-01
  2.0307E+00  6.2912E-01  6.2912E-01  6.2866E-01
  2.0595E+00  6.7549E-01  6.7549E-01  6.7510E-01
  2.0888E+00  7.2595E-01  7.2595E-01  7.2564E-01
  2.1184E+00  7.8092E-01  7.8092E-01  7.8069E-01
  2.1485E+00  8.4085E-01  8.4085E-01  8.4069E-01
  2.1790E+00  9.0625E-01  9.0625E-01  9.0617E-01
  2.2100E+00  9.7769E-01  9.7769E-01  9.7769E-01
  2.2414E+00  1.0558E+00  1.0558E+00  1.0559E+00
  2.2732E+00  1.1413E+00  1.1413E+00  1.1414E+00
  2.3055E+00  1.2349E+00  1.2349E+00  1.2352E+00
  2.3383E+00  1.3376E+00  1.3376E+00  1.3379E+00
  2.3715E+00  1.4503E+00  1.4503E+00  1.4507E+00
  2.4052E+00  1.5741E+00  1.5741E+00  1.5746E+00
  2.4393E+00  1.7104E+00  1.7104E+00  1.7109E+00
  2.4740E+00  1.8603E+00  1.8603E+00  1.8610E+00
  2.5091E+00  2.0256E+00  2.0256E+00  2.0264E+00
  2.5448E+00  2.2080E+00  2.2080E+00  2.2089E+00
