 # l=           0 basis function with energy   -0.79472924701824665     
  0.0000E+00  0.0000E+00  0.0000E+00  0.0000E+00
  2.6339E-06  2.1131E-05  9.6106E-07 -7.9142E-05
  5.2839E-06  4.2234E-05  1.9280E-06 -1.5877E-04
  7.9500E-06  6.3405E-05  2.9008E-06 -2.3887E-04
  1.0632E-05  8.4666E-05  3.8795E-06 -3.1947E-04
  1.3331E-05  1.0603E-04  4.8641E-06 -4.0055E-04
  1.6046E-05  1.2749E-04  5.8547E-06 -4.8213E-04
  1.8777E-05  1.4907E-04  6.8514E-06 -5.6421E-04
  2.1526E-05  1.7075E-04  7.8541E-06 -6.4678E-04
  2.4290E-05  1.9256E-04  8.8630E-06 -7.2986E-04
  2.7072E-05  2.1448E-04  9.8779E-06 -8.1344E-04
  2.9871E-05  2.3652E-04  1.0899E-05 -8.9753E-04
  3.2686E-05  2.5868E-04  1.1926E-05 -9.8213E-04
  3.5519E-05  2.8096E-04  1.2960E-05 -1.0672E-03
  3.8369E-05  3.0337E-04  1.4000E-05 -1.1529E-03
  4.1236E-05  3.2591E-04  1.5046E-05 -1.2390E-03
  4.4121E-05  3.4857E-04  1.6099E-05 -1.3257E-03
  4.7023E-05  3.7136E-04  1.7158E-05 -1.4129E-03
  4.9943E-05  3.9427E-04  1.8223E-05 -1.5006E-03
  5.2881E-05  4.1732E-04  1.9295E-05 -1.5889E-03
  5.5836E-05  4.4050E-04  2.0373E-05 -1.6777E-03
  5.8810E-05  4.6382E-04  2.1458E-05 -1.7671E-03
  6.1802E-05  4.8726E-04  2.2550E-05 -1.8570E-03
  6.4811E-05  5.1084E-04  2.3648E-05 -1.9474E-03
  6.7840E-05  5.3456E-04  2.4753E-05 -2.0384E-03
  7.0886E-05  5.5841E-04  2.5865E-05 -2.1299E-03
  7.3951E-05  5.8240E-04  2.6983E-05 -2.2220E-03
  7.7035E-05  6.0653E-04  2.8108E-05 -2.3147E-03
  8.0137E-05  6.3080E-04  2.9240E-05 -2.4079E-03
  8.3259E-05  6.5521E-04  3.0379E-05 -2.5017E-03
  8.6399E-05  6.7976E-04  3.1525E-05 -2.5960E-03
  8.9558E-05  7.0445E-04  3.2678E-05 -2.6910E-03
  9.2737E-05  7.2928E-04  3.3837E-05 -2.7865E-03
  9.5935E-05  7.5426E-04  3.5004E-05 -2.8826E-03
  9.9152E-05  7.7939E-04  3.6178E-05 -2.9792E-03
  1.0239E-04  8.0466E-04  3.7359E-05 -3.0765E-03
  1.0565E-04  8.3008E-04  3.8547E-05 -3.1743E-03
  1.0892E-04  8.5564E-04  3.9743E-05 -3.2728E-03
  1.1222E-04  8.8136E-04  4.0946E-05 -3.3718E-03
  1.1554E-04  9.0722E-04  4.2156E-05 -3.4715E-03
  1.1887E-04  9.3324E-04  4.3373E-05 -3.5717E-03
  1.2223E-04  9.5941E-04  4.4598E-05 -3.6726E-03
  1.2561E-04  9.8573E-04  4.5830E-05 -3.7741E-03
  1.2900E-04  1.0122E-03  4.7070E-05 -3.8762E-03
  1.3242E-04  1.0388E-03  4.8318E-05 -3.9789E-03
  1.3586E-04  1.0656E-03  4.9572E-05 -4.0822E-03
  1.3932E-04  1.0926E-03  5.0835E-05 -4.1862E-03
  1.4280E-04  1.1197E-03  5.2105E-05 -4.2908E-03
  1.4631E-04  1.1469E-03  5.3383E-05 -4.3960E-03
  1.4983E-04  1.1743E-03  5.4669E-05 -4.5019E-03
  1.5337E-04  1.2019E-03  5.5962E-05 -4.6084E-03
  1.5694E-04  1.2296E-03  5.7264E-05 -4.7156E-03
  1.6053E-04  1.2575E-03  5.8573E-05 -4.8234E-03
  1.6414E-04  1.2856E-03  5.9890E-05 -4.9319E-03
  1.6777E-04  1.3138E-03  6.1216E-05 -5.0410E-03
  1.7143E-04  1.3422E-03  6.2549E-05 -5.1509E-03
  1.7510E-04  1.3708E-03  6.3891E-05 -5.2613E-03
  1.7880E-04  1.3995E-03  6.5240E-05 -5.3725E-03
  1.8252E-04  1.4284E-03  6.6598E-05 -5.4843E-03
  1.8627E-04  1.4575E-03  6.7964E-05 -5.5968E-03
  1.9003E-04  1.4867E-03  6.9339E-05 -5.7100E-03
  1.9382E-04  1.5161E-03  7.0721E-05 -5.8238E-03
  1.9764E-04  1.5457E-03  7.2112E-05 -5.9384E-03
  2.0147E-04  1.5755E-03  7.3512E-05 -6.0536E-03
  2.0533E-04  1.6054E-03  7.4920E-05 -6.1696E-03
  2.0921E-04  1.6355E-03  7.6337E-05 -6.2863E-03
  2.1312E-04  1.6658E-03  7.7762E-05 -6.4036E-03
  2.1705E-04  1.6963E-03  7.9196E-05 -6.5217E-03
  2.2100E-04  1.7269E-03  8.0639E-05 -6.6405E-03
  2.2498E-04  1.7577E-03  8.2090E-05 -6.7601E-03
  2.2898E-04  1.7887E-03  8.3551E-05 -6.8803E-03
  2.3301E-04  1.8199E-03  8.5020E-05 -7.0013E-03
  2.3706E-04  1.8513E-03  8.6498E-05 -7.1230E-03
  2.4114E-04  1.8828E-03  8.7985E-05 -7.2455E-03
  2.4524E-04  1.9146E-03  8.9481E-05 -7.3687E-03
  2.4936E-04  1.9465E-03  9.0987E-05 -7.4926E-03
  2.5351E-04  1.9786E-03  9.2501E-05 -7.6174E-03
  2.5769E-04  2.0109E-03  9.4025E-05 -7.7428E-03
  2.6189E-04  2.0434E-03  9.5557E-05 -7.8691E-03
  2.6612E-04  2.0761E-03  9.7100E-05 -7.9961E-03
  2.7037E-04  2.1089E-03  9.8651E-05 -8.1238E-03
  2.7465E-04  2.1420E-03  1.0021E-04 -8.2524E-03
  2.7895E-04  2.1752E-03  1.0178E-04 -8.3817E-03
  2.8328E-04  2.2087E-03  1.0336E-04 -8.5118E-03
  2.8764E-04  2.2424E-03  1.0495E-04 -8.6427E-03
  2.9202E-04  2.2762E-03  1.0655E-04 -8.7744E-03
  2.9643E-04  2.3102E-03  1.0816E-04 -8.9069E-03
  3.0087E-04  2.3445E-03  1.0978E-04 -9.0403E-03
  3.0533E-04  2.3789E-03  1.1141E-04 -9.1744E-03
  3.0982E-04  2.4136E-03  1.1305E-04 -9.3093E-03
  3.1434E-04  2.4484E-03  1.1470E-04 -9.4451E-03
  3.1889E-04  2.4835E-03  1.1635E-04 -9.5817E-03
  3.2346E-04  2.5188E-03  1.1802E-04 -9.7191E-03
  3.2806E-04  2.5542E-03  1.1970E-04 -9.8573E-03
  3.3269E-04  2.5899E-03  1.2139E-04 -9.9964E-03
  3.3735E-04  2.6258E-03  1.2309E-04 -1.0136E-02
  3.4204E-04  2.6619E-03  1.2480E-04 -1.0277E-02
  3.4675E-04  2.6982E-03  1.2652E-04 -1.0419E-02
  3.5149E-04  2.7348E-03  1.2825E-04 -1.0561E-02
  3.5626E-04  2.7715E-03  1.2999E-04 -1.0705E-02
  3.6106E-04  2.8085E-03  1.3174E-04 -1.0849E-02
  3.6589E-04  2.8456E-03  1.3351E-04 -1.0994E-02
  3.7075E-04  2.8830E-03  1.3528E-04 -1.1140E-02
  3.7564E-04  2.9206E-03  1.3706E-04 -1.1287E-02
  3.8056E-04  2.9585E-03  1.3886E-04 -1.1435E-02
  3.8551E-04  2.9965E-03  1.4066E-04 -1.1583E-02
  3.9049E-04  3.0348E-03  1.4248E-04 -1.1733E-02
  3.9550E-04  3.0733E-03  1.4431E-04 -1.1883E-02
  4.0054E-04  3.1120E-03  1.4615E-04 -1.2035E-02
  4.0561E-04  3.1510E-03  1.4800E-04 -1.2187E-02
  4.1071E-04  3.1902E-03  1.4986E-04 -1.2340E-02
  4.1584E-04  3.2296E-03  1.5173E-04 -1.2495E-02
  4.2100E-04  3.2692E-03  1.5361E-04 -1.2650E-02
  4.2620E-04  3.3091E-03  1.5551E-04 -1.2806E-02
  4.3142E-04  3.3492E-03  1.5741E-04 -1.2963E-02
  4.3668E-04  3.3896E-03  1.5933E-04 -1.3121E-02
  4.4197E-04  3.4302E-03  1.6126E-04 -1.3280E-02
  4.4729E-04  3.4710E-03  1.6320E-04 -1.3440E-02
  4.5264E-04  3.5121E-03  1.6516E-04 -1.3601E-02
  4.5803E-04  3.5534E-03  1.6712E-04 -1.3762E-02
  4.6345E-04  3.5949E-03  1.6910E-04 -1.3925E-02
  4.6890E-04  3.6367E-03  1.7109E-04 -1.4089E-02
  4.7439E-04  3.6787E-03  1.7309E-04 -1.4254E-02
  4.7991E-04  3.7210E-03  1.7511E-04 -1.4420E-02
  4.8546E-04  3.7636E-03  1.7713E-04 -1.4587E-02
  4.9105E-04  3.8063E-03  1.7917E-04 -1.4755E-02
  4.9667E-04  3.8494E-03  1.8122E-04 -1.4923E-02
  5.0232E-04  3.8926E-03  1.8328E-04 -1.5093E-02
  5.0801E-04  3.9362E-03  1.8536E-04 -1.5264E-02
  5.1373E-04  3.9800E-03  1.8745E-04 -1.5436E-02
  5.1949E-04  4.0240E-03  1.8955E-04 -1.5609E-02
  5.2529E-04  4.0683E-03  1.9166E-04 -1.5783E-02
  5.3111E-04  4.1129E-03  1.9379E-04 -1.5958E-02
  5.3698E-04  4.1577E-03  1.9593E-04 -1.6135E-02
  5.4288E-04  4.2028E-03  1.9808E-04 -1.6312E-02
  5.4881E-04  4.2482E-03  2.0025E-04 -1.6490E-02
  5.5479E-04  4.2938E-03  2.0243E-04 -1.6670E-02
  5.6079E-04  4.3397E-03  2.0462E-04 -1.6850E-02
  5.6684E-04  4.3858E-03  2.0683E-04 -1.7032E-02
  5.7292E-04  4.4322E-03  2.0904E-04 -1.7215E-02
  5.7904E-04  4.4789E-03  2.1128E-04 -1.7398E-02
  5.8519E-04  4.5259E-03  2.1352E-04 -1.7583E-02
  5.9139E-04  4.5731E-03  2.1578E-04 -1.7769E-02
  5.9762E-04  4.6207E-03  2.1806E-04 -1.7957E-02
  6.0389E-04  4.6685E-03  2.2034E-04 -1.8145E-02
  6.1019E-04  4.7165E-03  2.2264E-04 -1.8334E-02
  6.1654E-04  4.7649E-03  2.2496E-04 -1.8525E-02
  6.2292E-04  4.8135E-03  2.2729E-04 -1.8717E-02
  6.2934E-04  4.8625E-03  2.2963E-04 -1.8910E-02
  6.3580E-04  4.9117E-03  2.3199E-04 -1.9104E-02
  6.4231E-04  4.9612E-03  2.3436E-04 -1.9299E-02
  6.4885E-04  5.0109E-03  2.3675E-04 -1.9496E-02
  6.5543E-04  5.0610E-03  2.3915E-04 -1.9694E-02
  6.6205E-04  5.1114E-03  2.4156E-04 -1.9892E-02
  6.6871E-04  5.1621E-03  2.4399E-04 -2.0093E-02
  6.7541E-04  5.2130E-03  2.4644E-04 -2.0294E-02
  6.8215E-04  5.2643E-03  2.4890E-04 -2.0497E-02
  6.8893E-04  5.3158E-03  2.5137E-04 -2.0700E-02
  6.9575E-04  5.3677E-03  2.5386E-04 -2.0905E-02
  7.0262E-04  5.4198E-03  2.5637E-04 -2.1112E-02
  7.0953E-04  5.4723E-03  2.5889E-04 -2.1319E-02
  7.1648E-04  5.5251E-03  2.6142E-04 -2.1528E-02
  7.2347E-04  5.5782E-03  2.6398E-04 -2.1738E-02
  7.3050E-04  5.6315E-03  2.6654E-04 -2.1949E-02
  7.3758E-04  5.6852E-03  2.6912E-04 -2.2162E-02
  7.4470E-04  5.7393E-03  2.7172E-04 -2.2376E-02
  7.5186E-04  5.7936E-03  2.7434E-04 -2.2591E-02
  7.5907E-04  5.8482E-03  2.7696E-04 -2.2808E-02
  7.6632E-04  5.9032E-03  2.7961E-04 -2.3026E-02
  7.7361E-04  5.9585E-03  2.8227E-04 -2.3245E-02
  7.8095E-04  6.0141E-03  2.8495E-04 -2.3465E-02
  7.8833E-04  6.0700E-03  2.8764E-04 -2.3687E-02
  7.9576E-04  6.1262E-03  2.9035E-04 -2.3910E-02
  8.0324E-04  6.1828E-03  2.9308E-04 -2.4135E-02
  8.1076E-04  6.2397E-03  2.9582E-04 -2.4361E-02
  8.1832E-04  6.2970E-03  2.9858E-04 -2.4588E-02
  8.2593E-04  6.3545E-03  3.0136E-04 -2.4817E-02
  8.3359E-04  6.4125E-03  3.0416E-04 -2.5047E-02
  8.4129E-04  6.4707E-03  3.0697E-04 -2.5278E-02
  8.4904E-04  6.5293E-03  3.0979E-04 -2.5511E-02
  8.5684E-04  6.5882E-03  3.1264E-04 -2.5745E-02
  8.6468E-04  6.6475E-03  3.1550E-04 -2.5981E-02
  8.7258E-04  6.7071E-03  3.1838E-04 -2.6218E-02
  8.8052E-04  6.7670E-03  3.2128E-04 -2.6457E-02
  8.8851E-04  6.8273E-03  3.2419E-04 -2.6697E-02
  8.9654E-04  6.8880E-03  3.2713E-04 -2.6938E-02
  9.0463E-04  6.9490E-03  3.3008E-04 -2.7181E-02
  9.1277E-04  7.0104E-03  3.3305E-04 -2.7426E-02
  9.2095E-04  7.0721E-03  3.3603E-04 -2.7672E-02
  9.2919E-04  7.1341E-03  3.3904E-04 -2.7919E-02
  9.3747E-04  7.1966E-03  3.4206E-04 -2.8168E-02
  9.4581E-04  7.2594E-03  3.4510E-04 -2.8419E-02
  9.5419E-04  7.3225E-03  3.4816E-04 -2.8671E-02
  9.6263E-04  7.3860E-03  3.5124E-04 -2.8924E-02
  9.7112E-04  7.4499E-03  3.5434E-04 -2.9179E-02
  9.7966E-04  7.5142E-03  3.5745E-04 -2.9436E-02
  9.8825E-04  7.5788E-03  3.6059E-04 -2.9694E-02
  9.9689E-04  7.6438E-03  3.6374E-04 -2.9954E-02
  1.0056E-03  7.7092E-03  3.6692E-04 -3.0215E-02
  1.0143E-03  7.7750E-03  3.7011E-04 -3.0478E-02
  1.0231E-03  7.8411E-03  3.7332E-04 -3.0742E-02
  1.0320E-03  7.9077E-03  3.7655E-04 -3.1008E-02
  1.0409E-03  7.9746E-03  3.7980E-04 -3.1276E-02
  1.0499E-03  8.0419E-03  3.8307E-04 -3.1546E-02
  1.0589E-03  8.1096E-03  3.8636E-04 -3.1817E-02
  1.0680E-03  8.1776E-03  3.8967E-04 -3.2089E-02
  1.0771E-03  8.2461E-03  3.9301E-04 -3.2363E-02
  1.0863E-03  8.3150E-03  3.9636E-04 -3.2639E-02
  1.0955E-03  8.3842E-03  3.9973E-04 -3.2917E-02
  1.1048E-03  8.4539E-03  4.0312E-04 -3.3196E-02
  1.1142E-03  8.5240E-03  4.0653E-04 -3.3477E-02
  1.1236E-03  8.5944E-03  4.0997E-04 -3.3760E-02
  1.1330E-03  8.6653E-03  4.1342E-04 -3.4045E-02
  1.1426E-03  8.7366E-03  4.1690E-04 -3.4331E-02
  1.1522E-03  8.8083E-03  4.2039E-04 -3.4619E-02
  1.1618E-03  8.8804E-03  4.2391E-04 -3.4908E-02
  1.1715E-03  8.9529E-03  4.2745E-04 -3.5200E-02
  1.1813E-03  9.0258E-03  4.3101E-04 -3.5493E-02
  1.1911E-03  9.0992E-03  4.3459E-04 -3.5788E-02
  1.2010E-03  9.1730E-03  4.3820E-04 -3.6085E-02
  1.2109E-03  9.2472E-03  4.4182E-04 -3.6383E-02
  1.2209E-03  9.3218E-03  4.4547E-04 -3.6684E-02
  1.2309E-03  9.3969E-03  4.4914E-04 -3.6986E-02
  1.2411E-03  9.4724E-03  4.5283E-04 -3.7290E-02
  1.2512E-03  9.5483E-03  4.5655E-04 -3.7596E-02
  1.2615E-03  9.6247E-03  4.6029E-04 -3.7904E-02
  1.2718E-03  9.7015E-03  4.6405E-04 -3.8214E-02
  1.2822E-03  9.7787E-03  4.6783E-04 -3.8525E-02
  1.2926E-03  9.8564E-03  4.7164E-04 -3.8839E-02
  1.3031E-03  9.9345E-03  4.7547E-04 -3.9154E-02
  1.3137E-03  1.0013E-02  4.7932E-04 -3.9471E-02
  1.3243E-03  1.0092E-02  4.8320E-04 -3.9790E-02
  1.3350E-03  1.0172E-02  4.8710E-04 -4.0112E-02
  1.3457E-03  1.0252E-02  4.9102E-04 -4.0435E-02
  1.3565E-03  1.0332E-02  4.9497E-04 -4.0760E-02
  1.3674E-03  1.0413E-02  4.9894E-04 -4.1087E-02
  1.3784E-03  1.0494E-02  5.0293E-04 -4.1416E-02
  1.3894E-03  1.0576E-02  5.0695E-04 -4.1747E-02
  1.4005E-03  1.0658E-02  5.1100E-04 -4.2080E-02
  1.4116E-03  1.0741E-02  5.1507E-04 -4.2415E-02
  1.4228E-03  1.0824E-02  5.1916E-04 -4.2752E-02
  1.4341E-03  1.0908E-02  5.2328E-04 -4.3091E-02
  1.4455E-03  1.0992E-02  5.2742E-04 -4.3432E-02
  1.4569E-03  1.1077E-02  5.3159E-04 -4.3776E-02
  1.4684E-03  1.1162E-02  5.3578E-04 -4.4121E-02
  1.4800E-03  1.1247E-02  5.4000E-04 -4.4468E-02
  1.4916E-03  1.1333E-02  5.4425E-04 -4.4818E-02
  1.5033E-03  1.1420E-02  5.4852E-04 -4.5170E-02
  1.5151E-03  1.1507E-02  5.5282E-04 -4.5523E-02
  1.5269E-03  1.1595E-02  5.5714E-04 -4.5879E-02
  1.5389E-03  1.1683E-02  5.6149E-04 -4.6238E-02
  1.5508E-03  1.1771E-02  5.6586E-04 -4.6598E-02
  1.5629E-03  1.1860E-02  5.7027E-04 -4.6961E-02
  1.5750E-03  1.1950E-02  5.7470E-04 -4.7325E-02
  1.5873E-03  1.2040E-02  5.7915E-04 -4.7692E-02
  1.5995E-03  1.2131E-02  5.8364E-04 -4.8061E-02
  1.6119E-03  1.2222E-02  5.8815E-04 -4.8433E-02
  1.6243E-03  1.2313E-02  5.9268E-04 -4.8807E-02
  1.6369E-03  1.2405E-02  5.9725E-04 -4.9182E-02
  1.6495E-03  1.2498E-02  6.0184E-04 -4.9561E-02
  1.6621E-03  1.2591E-02  6.0647E-04 -4.9941E-02
  1.6749E-03  1.2685E-02  6.1111E-04 -5.0324E-02
  1.6877E-03  1.2779E-02  6.1579E-04 -5.0709E-02
  1.7006E-03  1.2874E-02  6.2050E-04 -5.1097E-02
  1.7136E-03  1.2969E-02  6.2523E-04 -5.1487E-02
  1.7266E-03  1.3065E-02  6.3000E-04 -5.1879E-02
  1.7397E-03  1.3162E-02  6.3479E-04 -5.2274E-02
  1.7530E-03  1.3259E-02  6.3961E-04 -5.2671E-02
  1.7663E-03  1.3356E-02  6.4446E-04 -5.3070E-02
  1.7796E-03  1.3454E-02  6.4934E-04 -5.3472E-02
  1.7931E-03  1.3553E-02  6.5425E-04 -5.3876E-02
  1.8066E-03  1.3652E-02  6.5919E-04 -5.4283E-02
  1.8202E-03  1.3752E-02  6.6416E-04 -5.4692E-02
  1.8339E-03  1.3852E-02  6.6916E-04 -5.5104E-02
  1.8477E-03  1.3953E-02  6.7419E-04 -5.5519E-02
  1.8616E-03  1.4054E-02  6.7926E-04 -5.5935E-02
  1.8756E-03  1.4156E-02  6.8435E-04 -5.6355E-02
  1.8896E-03  1.4259E-02  6.8947E-04 -5.6776E-02
  1.9037E-03  1.4362E-02  6.9462E-04 -5.7201E-02
  1.9179E-03  1.4466E-02  6.9981E-04 -5.7628E-02
  1.9322E-03  1.4570E-02  7.0503E-04 -5.8058E-02
  1.9466E-03  1.4675E-02  7.1028E-04 -5.8490E-02
  1.9611E-03  1.4781E-02  7.1556E-04 -5.8925E-02
  1.9757E-03  1.4887E-02  7.2087E-04 -5.9362E-02
  1.9903E-03  1.4993E-02  7.2622E-04 -5.9802E-02
  2.0050E-03  1.5101E-02  7.3159E-04 -6.0245E-02
  2.0199E-03  1.5209E-02  7.3700E-04 -6.0691E-02
  2.0348E-03  1.5317E-02  7.4245E-04 -6.1139E-02
  2.0498E-03  1.5426E-02  7.4792E-04 -6.1590E-02
  2.0649E-03  1.5536E-02  7.5343E-04 -6.2043E-02
  2.0801E-03  1.5646E-02  7.5898E-04 -6.2500E-02
  2.0954E-03  1.5757E-02  7.6455E-04 -6.2959E-02
  2.1108E-03  1.5869E-02  7.7016E-04 -6.3421E-02
  2.1262E-03  1.5981E-02  7.7581E-04 -6.3886E-02
  2.1418E-03  1.6094E-02  7.8149E-04 -6.4354E-02
  2.1575E-03  1.6207E-02  7.8720E-04 -6.4824E-02
  2.1732E-03  1.6321E-02  7.9295E-04 -6.5298E-02
  2.1891E-03  1.6436E-02  7.9873E-04 -6.5774E-02
  2.2050E-03  1.6551E-02  8.0455E-04 -6.6253E-02
  2.2210E-03  1.6667E-02  8.1041E-04 -6.6735E-02
  2.2372E-03  1.6784E-02  8.1630E-04 -6.7220E-02
  2.2534E-03  1.6901E-02  8.2222E-04 -6.7708E-02
  2.2698E-03  1.7019E-02  8.2818E-04 -6.8199E-02
  2.2862E-03  1.7138E-02  8.3418E-04 -6.8693E-02
  2.3027E-03  1.7257E-02  8.4022E-04 -6.9190E-02
  2.3194E-03  1.7377E-02  8.4629E-04 -6.9690E-02
  2.3361E-03  1.7498E-02  8.5240E-04 -7.0193E-02
  2.3530E-03  1.7619E-02  8.5854E-04 -7.0699E-02
  2.3699E-03  1.7741E-02  8.6472E-04 -7.1208E-02
  2.3870E-03  1.7864E-02  8.7094E-04 -7.1720E-02
  2.4041E-03  1.7987E-02  8.7720E-04 -7.2235E-02
  2.4214E-03  1.8111E-02  8.8350E-04 -7.2754E-02
  2.4387E-03  1.8236E-02  8.8983E-04 -7.3275E-02
  2.4562E-03  1.8361E-02  8.9620E-04 -7.3800E-02
  2.4738E-03  1.8487E-02  9.0262E-04 -7.4328E-02
  2.4914E-03  1.8614E-02  9.0907E-04 -7.4859E-02
  2.5092E-03  1.8741E-02  9.1556E-04 -7.5393E-02
  2.5271E-03  1.8869E-02  9.2209E-04 -7.5931E-02
  2.5451E-03  1.8998E-02  9.2865E-04 -7.6472E-02
  2.5632E-03  1.9128E-02  9.3526E-04 -7.7016E-02
  2.5815E-03  1.9258E-02  9.4191E-04 -7.7564E-02
  2.5998E-03  1.9389E-02  9.4860E-04 -7.8115E-02
  2.6182E-03  1.9521E-02  9.5533E-04 -7.8669E-02
  2.6368E-03  1.9653E-02  9.6210E-04 -7.9226E-02
  2.6555E-03  1.9787E-02  9.6892E-04 -7.9787E-02
  2.6742E-03  1.9920E-02  9.7577E-04 -8.0352E-02
  2.6931E-03  2.0055E-02  9.8267E-04 -8.0919E-02
  2.7122E-03  2.0190E-02  9.8960E-04 -8.1491E-02
  2.7313E-03  2.0327E-02  9.9658E-04 -8.2065E-02
  2.7505E-03  2.0464E-02  1.0036E-03 -8.2644E-02
  2.7699E-03  2.0601E-02  1.0107E-03 -8.3225E-02
  2.7894E-03  2.0740E-02  1.0178E-03 -8.3811E-02
  2.8090E-03  2.0879E-02  1.0249E-03 -8.4399E-02
  2.8287E-03  2.1019E-02  1.0321E-03 -8.4992E-02
  2.8485E-03  2.1159E-02  1.0394E-03 -8.5588E-02
  2.8685E-03  2.1301E-02  1.0466E-03 -8.6188E-02
  2.8886E-03  2.1443E-02  1.0540E-03 -8.6791E-02
  2.9088E-03  2.1586E-02  1.0613E-03 -8.7398E-02
  2.9291E-03  2.1730E-02  1.0688E-03 -8.8008E-02
  2.9495E-03  2.1874E-02  1.0762E-03 -8.8623E-02
  2.9701E-03  2.2019E-02  1.0837E-03 -8.9241E-02
  2.9908E-03  2.2166E-02  1.0913E-03 -8.9863E-02
  3.0116E-03  2.2312E-02  1.0989E-03 -9.0488E-02
  3.0326E-03  2.2460E-02  1.1065E-03 -9.1118E-02
  3.0537E-03  2.2609E-02  1.1142E-03 -9.1751E-02
  3.0749E-03  2.2758E-02  1.1219E-03 -9.2388E-02
  3.0962E-03  2.2908E-02  1.1297E-03 -9.3029E-02
  3.1177E-03  2.3059E-02  1.1376E-03 -9.3674E-02
  3.1393E-03  2.3211E-02  1.1454E-03 -9.4323E-02
  3.1610E-03  2.3363E-02  1.1534E-03 -9.4976E-02
  3.1828E-03  2.3517E-02  1.1613E-03 -9.5632E-02
  3.2048E-03  2.3671E-02  1.1694E-03 -9.6293E-02
  3.2270E-03  2.3826E-02  1.1774E-03 -9.6958E-02
  3.2492E-03  2.3982E-02  1.1856E-03 -9.7626E-02
  3.2716E-03  2.4139E-02  1.1937E-03 -9.8299E-02
  3.2941E-03  2.4296E-02  1.2020E-03 -9.8976E-02
  3.3168E-03  2.4455E-02  1.2102E-03 -9.9657E-02
  3.3396E-03  2.4614E-02  1.2186E-03 -1.0034E-01
  3.3626E-03  2.4774E-02  1.2269E-03 -1.0103E-01
  3.3856E-03  2.4935E-02  1.2353E-03 -1.0173E-01
  3.4089E-03  2.5097E-02  1.2438E-03 -1.0242E-01
  3.4322E-03  2.5260E-02  1.2523E-03 -1.0313E-01
  3.4557E-03  2.5423E-02  1.2609E-03 -1.0383E-01
  3.4794E-03  2.5588E-02  1.2696E-03 -1.0454E-01
  3.5032E-03  2.5753E-02  1.2782E-03 -1.0526E-01
  3.5271E-03  2.5919E-02  1.2870E-03 -1.0598E-01
  3.5512E-03  2.6087E-02  1.2958E-03 -1.0670E-01
  3.5754E-03  2.6255E-02  1.3046E-03 -1.0743E-01
  3.5998E-03  2.6423E-02  1.3135E-03 -1.0816E-01
  3.6243E-03  2.6593E-02  1.3224E-03 -1.0890E-01
  3.6490E-03  2.6764E-02  1.3314E-03 -1.0964E-01
  3.6738E-03  2.6936E-02  1.3405E-03 -1.1038E-01
  3.6988E-03  2.7108E-02  1.3496E-03 -1.1113E-01
  3.7240E-03  2.7282E-02  1.3588E-03 -1.1189E-01
  3.7492E-03  2.7456E-02  1.3680E-03 -1.1265E-01
  3.7747E-03  2.7631E-02  1.3773E-03 -1.1341E-01
  3.8003E-03  2.7807E-02  1.3866E-03 -1.1418E-01
  3.8260E-03  2.7985E-02  1.3960E-03 -1.1496E-01
  3.8519E-03  2.8163E-02  1.4055E-03 -1.1573E-01
  3.8780E-03  2.8342E-02  1.4150E-03 -1.1652E-01
  3.9042E-03  2.8522E-02  1.4246E-03 -1.1730E-01
  3.9306E-03  2.8702E-02  1.4342E-03 -1.1810E-01
  3.9571E-03  2.8884E-02  1.4439E-03 -1.1889E-01
  3.9838E-03  2.9067E-02  1.4536E-03 -1.1970E-01
  4.0107E-03  2.9251E-02  1.4634E-03 -1.2050E-01
  4.0377E-03  2.9436E-02  1.4733E-03 -1.2132E-01
  4.0649E-03  2.9621E-02  1.4832E-03 -1.2213E-01
  4.0922E-03  2.9808E-02  1.4932E-03 -1.2295E-01
  4.1198E-03  2.9996E-02  1.5032E-03 -1.2378E-01
  4.1475E-03  3.0184E-02  1.5133E-03 -1.2461E-01
  4.1753E-03  3.0374E-02  1.5235E-03 -1.2545E-01
  4.2033E-03  3.0564E-02  1.5337E-03 -1.2629E-01
  4.2315E-03  3.0756E-02  1.5440E-03 -1.2714E-01
  4.2599E-03  3.0949E-02  1.5544E-03 -1.2799E-01
  4.2884E-03  3.1142E-02  1.5648E-03 -1.2885E-01
  4.3172E-03  3.1337E-02  1.5752E-03 -1.2971E-01
  4.3461E-03  3.1532E-02  1.5858E-03 -1.3058E-01
  4.3751E-03  3.1729E-02  1.5964E-03 -1.3145E-01
  4.4044E-03  3.1927E-02  1.6071E-03 -1.3233E-01
  4.4338E-03  3.2125E-02  1.6178E-03 -1.3321E-01
  4.4634E-03  3.2325E-02  1.6286E-03 -1.3410E-01
  4.4932E-03  3.2526E-02  1.6395E-03 -1.3500E-01
  4.5231E-03  3.2728E-02  1.6504E-03 -1.3590E-01
  4.5533E-03  3.2930E-02  1.6614E-03 -1.3680E-01
  4.5836E-03  3.3134E-02  1.6725E-03 -1.3772E-01
  4.6141E-03  3.3339E-02  1.6836E-03 -1.3863E-01
  4.6448E-03  3.3545E-02  1.6948E-03 -1.3955E-01
  4.6757E-03  3.3752E-02  1.7061E-03 -1.4048E-01
  4.7067E-03  3.3960E-02  1.7174E-03 -1.4142E-01
  4.7380E-03  3.4169E-02  1.7288E-03 -1.4235E-01
  4.7694E-03  3.4379E-02  1.7403E-03 -1.4330E-01
  4.8011E-03  3.4590E-02  1.7518E-03 -1.4425E-01
  4.8329E-03  3.4803E-02  1.7634E-03 -1.4521E-01
  4.8649E-03  3.5016E-02  1.7751E-03 -1.4617E-01
  4.8972E-03  3.5231E-02  1.7869E-03 -1.4714E-01
  4.9296E-03  3.5446E-02  1.7987E-03 -1.4811E-01
  4.9622E-03  3.5663E-02  1.8106E-03 -1.4909E-01
  4.9950E-03  3.5881E-02  1.8226E-03 -1.5008E-01
  5.0280E-03  3.6099E-02  1.8346E-03 -1.5107E-01
  5.0612E-03  3.6319E-02  1.8468E-03 -1.5206E-01
  5.0947E-03  3.6541E-02  1.8589E-03 -1.5307E-01
  5.1283E-03  3.6763E-02  1.8712E-03 -1.5408E-01
  5.1621E-03  3.6986E-02  1.8836E-03 -1.5509E-01
  5.1961E-03  3.7210E-02  1.8960E-03 -1.5612E-01
  5.2304E-03  3.7436E-02  1.9085E-03 -1.5715E-01
  5.2648E-03  3.7663E-02  1.9210E-03 -1.5818E-01
  5.2995E-03  3.7890E-02  1.9337E-03 -1.5922E-01
  5.3343E-03  3.8119E-02  1.9464E-03 -1.6027E-01
  5.3694E-03  3.8350E-02  1.9592E-03 -1.6132E-01
  5.4047E-03  3.8581E-02  1.9721E-03 -1.6238E-01
  5.4402E-03  3.8813E-02  1.9850E-03 -1.6345E-01
  5.4759E-03  3.9047E-02  1.9981E-03 -1.6452E-01
  5.5118E-03  3.9281E-02  2.0112E-03 -1.6560E-01
  5.5480E-03  3.9517E-02  2.0244E-03 -1.6669E-01
  5.5844E-03  3.9754E-02  2.0376E-03 -1.6778E-01
  5.6210E-03  3.9992E-02  2.0510E-03 -1.6888E-01
  5.6578E-03  4.0232E-02  2.0644E-03 -1.6998E-01
  5.6948E-03  4.0472E-02  2.0779E-03 -1.7110E-01
  5.7321E-03  4.0714E-02  2.0915E-03 -1.7222E-01
  5.7696E-03  4.0957E-02  2.1052E-03 -1.7334E-01
  5.8073E-03  4.1201E-02  2.1190E-03 -1.7448E-01
  5.8453E-03  4.1446E-02  2.1328E-03 -1.7562E-01
  5.8835E-03  4.1693E-02  2.1468E-03 -1.7676E-01
  5.9219E-03  4.1941E-02  2.1608E-03 -1.7792E-01
  5.9605E-03  4.2190E-02  2.1749E-03 -1.7908E-01
  5.9994E-03  4.2440E-02  2.1891E-03 -1.8025E-01
  6.0385E-03  4.2691E-02  2.2034E-03 -1.8142E-01
  6.0779E-03  4.2944E-02  2.2177E-03 -1.8260E-01
  6.1175E-03  4.3197E-02  2.2322E-03 -1.8379E-01
  6.1573E-03  4.3452E-02  2.2467E-03 -1.8499E-01
  6.1974E-03  4.3709E-02  2.2613E-03 -1.8619E-01
  6.2377E-03  4.3966E-02  2.2760E-03 -1.8741E-01
  6.2783E-03  4.4225E-02  2.2909E-03 -1.8862E-01
  6.3191E-03  4.4485E-02  2.3057E-03 -1.8985E-01
  6.3602E-03  4.4746E-02  2.3207E-03 -1.9108E-01
  6.4015E-03  4.5008E-02  2.3358E-03 -1.9232E-01
  6.4431E-03  4.5272E-02  2.3510E-03 -1.9357E-01
  6.4849E-03  4.5537E-02  2.3662E-03 -1.9483E-01
  6.5269E-03  4.5803E-02  2.3816E-03 -1.9609E-01
  6.5693E-03  4.6071E-02  2.3970E-03 -1.9736E-01
  6.6119E-03  4.6340E-02  2.4126E-03 -1.9864E-01
  6.6547E-03  4.6610E-02  2.4282E-03 -1.9993E-01
  6.6978E-03  4.6881E-02  2.4439E-03 -2.0122E-01
  6.7412E-03  4.7153E-02  2.4598E-03 -2.0253E-01
  6.7848E-03  4.7427E-02  2.4757E-03 -2.0384E-01
  6.8287E-03  4.7702E-02  2.4917E-03 -2.0516E-01
  6.8729E-03  4.7979E-02  2.5078E-03 -2.0648E-01
  6.9173E-03  4.8257E-02  2.5240E-03 -2.0782E-01
  6.9620E-03  4.8536E-02  2.5403E-03 -2.0916E-01
  7.0070E-03  4.8816E-02  2.5568E-03 -2.1051E-01
  7.0522E-03  4.9098E-02  2.5733E-03 -2.1187E-01
  7.0978E-03  4.9381E-02  2.5899E-03 -2.1324E-01
  7.1436E-03  4.9665E-02  2.6066E-03 -2.1461E-01
  7.1896E-03  4.9950E-02  2.6234E-03 -2.1600E-01
  7.2360E-03  5.0237E-02  2.6403E-03 -2.1739E-01
  7.2826E-03  5.0525E-02  2.6573E-03 -2.1879E-01
  7.3296E-03  5.0815E-02  2.6745E-03 -2.2020E-01
  7.3768E-03  5.1106E-02  2.6917E-03 -2.2162E-01
  7.4243E-03  5.1398E-02  2.7090E-03 -2.2304E-01
  7.4721E-03  5.1692E-02  2.7265E-03 -2.2448E-01
  7.5201E-03  5.1986E-02  2.7440E-03 -2.2592E-01
  7.5685E-03  5.2283E-02  2.7617E-03 -2.2738E-01
  7.6172E-03  5.2580E-02  2.7794E-03 -2.2884E-01
  7.6661E-03  5.2879E-02  2.7973E-03 -2.3031E-01
  7.7154E-03  5.3179E-02  2.8153E-03 -2.3179E-01
  7.7649E-03  5.3481E-02  2.8333E-03 -2.3327E-01
  7.8148E-03  5.3784E-02  2.8515E-03 -2.3477E-01
  7.8650E-03  5.4088E-02  2.8698E-03 -2.3628E-01
  7.9154E-03  5.4394E-02  2.8883E-03 -2.3779E-01
  7.9662E-03  5.4701E-02  2.9068E-03 -2.3932E-01
  8.0173E-03  5.5009E-02  2.9254E-03 -2.4085E-01
  8.0687E-03  5.5319E-02  2.9442E-03 -2.4240E-01
  8.1204E-03  5.5630E-02  2.9631E-03 -2.4395E-01
  8.1724E-03  5.5942E-02  2.9820E-03 -2.4551E-01
  8.2247E-03  5.6256E-02  3.0011E-03 -2.4708E-01
  8.2774E-03  5.6572E-02  3.0204E-03 -2.4866E-01
  8.3304E-03  5.6888E-02  3.0397E-03 -2.5026E-01
  8.3837E-03  5.7206E-02  3.0591E-03 -2.5186E-01
  8.4373E-03  5.7526E-02  3.0787E-03 -2.5347E-01
  8.4912E-03  5.7846E-02  3.0984E-03 -2.5509E-01
  8.5455E-03  5.8169E-02  3.1182E-03 -2.5672E-01
  8.6001E-03  5.8492E-02  3.1381E-03 -2.5836E-01
  8.6550E-03  5.8817E-02  3.1582E-03 -2.6001E-01
  8.7103E-03  5.9144E-02  3.1783E-03 -2.6166E-01
  8.7659E-03  5.9471E-02  3.1986E-03 -2.6333E-01
  8.8219E-03  5.9801E-02  3.2190E-03 -2.6501E-01
  8.8782E-03  6.0131E-02  3.2396E-03 -2.6670E-01
  8.9348E-03  6.0463E-02  3.2603E-03 -2.6841E-01
  8.9918E-03  6.0797E-02  3.2810E-03 -2.7012E-01
  9.0491E-03  6.1131E-02  3.3020E-03 -2.7184E-01
  9.1067E-03  6.1468E-02  3.3230E-03 -2.7357E-01
  9.1648E-03  6.1805E-02  3.3442E-03 -2.7531E-01
  9.2231E-03  6.2144E-02  3.3655E-03 -2.7706E-01
  9.2819E-03  6.2485E-02  3.3869E-03 -2.7883E-01
  9.3409E-03  6.2827E-02  3.4085E-03 -2.8060E-01
  9.4004E-03  6.3170E-02  3.4302E-03 -2.8239E-01
  9.4602E-03  6.3515E-02  3.4520E-03 -2.8418E-01
  9.5204E-03  6.3861E-02  3.4740E-03 -2.8599E-01
  9.5809E-03  6.4208E-02  3.4960E-03 -2.8781E-01
  9.6418E-03  6.4557E-02  3.5183E-03 -2.8963E-01
  9.7031E-03  6.4908E-02  3.5406E-03 -2.9147E-01
  9.7647E-03  6.5260E-02  3.5631E-03 -2.9332E-01
  9.8267E-03  6.5613E-02  3.5858E-03 -2.9519E-01
  9.8891E-03  6.5968E-02  3.6085E-03 -2.9706E-01
  9.9519E-03  6.6324E-02  3.6314E-03 -2.9894E-01
  1.0015E-02  6.6681E-02  3.6545E-03 -3.0084E-01
  1.0079E-02  6.7040E-02  3.6777E-03 -3.0275E-01
  1.0143E-02  6.7401E-02  3.7010E-03 -3.0467E-01
  1.0207E-02  6.7763E-02  3.7245E-03 -3.0660E-01
  1.0272E-02  6.8126E-02  3.7481E-03 -3.0854E-01
  1.0337E-02  6.8491E-02  3.7719E-03 -3.1050E-01
  1.0402E-02  6.8857E-02  3.7958E-03 -3.1246E-01
  1.0468E-02  6.9224E-02  3.8198E-03 -3.1444E-01
  1.0534E-02  6.9593E-02  3.8440E-03 -3.1643E-01
  1.0601E-02  6.9964E-02  3.8684E-03 -3.1843E-01
  1.0668E-02  7.0336E-02  3.8928E-03 -3.2045E-01
  1.0736E-02  7.0709E-02  3.9175E-03 -3.2247E-01
  1.0804E-02  7.1084E-02  3.9423E-03 -3.2451E-01
  1.0872E-02  7.1460E-02  3.9672E-03 -3.2656E-01
  1.0941E-02  7.1838E-02  3.9923E-03 -3.2863E-01
  1.1010E-02  7.2217E-02  4.0176E-03 -3.3070E-01
  1.1079E-02  7.2597E-02  4.0430E-03 -3.3279E-01
  1.1149E-02  7.2979E-02  4.0685E-03 -3.3489E-01
  1.1220E-02  7.3362E-02  4.0942E-03 -3.3701E-01
  1.1291E-02  7.3747E-02  4.1201E-03 -3.3914E-01
  1.1362E-02  7.4133E-02  4.1461E-03 -3.4128E-01
  1.1434E-02  7.4521E-02  4.1723E-03 -3.4343E-01
  1.1506E-02  7.4910E-02  4.1986E-03 -3.4560E-01
  1.1579E-02  7.5301E-02  4.2251E-03 -3.4778E-01
  1.1652E-02  7.5692E-02  4.2518E-03 -3.4997E-01
  1.1725E-02  7.6086E-02  4.2786E-03 -3.5217E-01
  1.1799E-02  7.6480E-02  4.3056E-03 -3.5439E-01
  1.1874E-02  7.6877E-02  4.3328E-03 -3.5663E-01
  1.1948E-02  7.7274E-02  4.3601E-03 -3.5887E-01
  1.2024E-02  7.7673E-02  4.3876E-03 -3.6113E-01
  1.2099E-02  7.8074E-02  4.4152E-03 -3.6341E-01
  1.2176E-02  7.8475E-02  4.4430E-03 -3.6569E-01
  1.2252E-02  7.8879E-02  4.4710E-03 -3.6799E-01
  1.2329E-02  7.9283E-02  4.4992E-03 -3.7031E-01
  1.2407E-02  7.9689E-02  4.5275E-03 -3.7264E-01
  1.2485E-02  8.0097E-02  4.5560E-03 -3.7498E-01
  1.2564E-02  8.0505E-02  4.5847E-03 -3.7734E-01
  1.2643E-02  8.0915E-02  4.6135E-03 -3.7971E-01
  1.2722E-02  8.1327E-02  4.6426E-03 -3.8210E-01
  1.2802E-02  8.1740E-02  4.6718E-03 -3.8450E-01
  1.2883E-02  8.2154E-02  4.7011E-03 -3.8691E-01
  1.2964E-02  8.2570E-02  4.7307E-03 -3.8934E-01
  1.3045E-02  8.2987E-02  4.7604E-03 -3.9179E-01
  1.3127E-02  8.3406E-02  4.7904E-03 -3.9425E-01
  1.3210E-02  8.3825E-02  4.8205E-03 -3.9672E-01
  1.3293E-02  8.4247E-02  4.8507E-03 -3.9921E-01
  1.3376E-02  8.4669E-02  4.8812E-03 -4.0172E-01
  1.3460E-02  8.5093E-02  4.9119E-03 -4.0424E-01
  1.3545E-02  8.5518E-02  4.9427E-03 -4.0677E-01
  1.3630E-02  8.5945E-02  4.9737E-03 -4.0932E-01
  1.3715E-02  8.6373E-02  5.0050E-03 -4.1189E-01
  1.3801E-02  8.6802E-02  5.0364E-03 -4.1447E-01
  1.3888E-02  8.7232E-02  5.0680E-03 -4.1707E-01
  1.3975E-02  8.7664E-02  5.0998E-03 -4.1968E-01
  1.4062E-02  8.8098E-02  5.1317E-03 -4.2231E-01
  1.4151E-02  8.8532E-02  5.1639E-03 -4.2495E-01
  1.4239E-02  8.8968E-02  5.1963E-03 -4.2761E-01
  1.4329E-02  8.9405E-02  5.2289E-03 -4.3029E-01
  1.4418E-02  8.9843E-02  5.2616E-03 -4.3298E-01
  1.4509E-02  9.0283E-02  5.2946E-03 -4.3569E-01
  1.4600E-02  9.0724E-02  5.3278E-03 -4.3842E-01
  1.4691E-02  9.1166E-02  5.3612E-03 -4.4116E-01
  1.4783E-02  9.1610E-02  5.3947E-03 -4.4392E-01
  1.4875E-02  9.2055E-02  5.4285E-03 -4.4669E-01
  1.4969E-02  9.2501E-02  5.4625E-03 -4.4949E-01
  1.5062E-02  9.2948E-02  5.4967E-03 -4.5229E-01
  1.5157E-02  9.3396E-02  5.5311E-03 -4.5512E-01
  1.5251E-02  9.3846E-02  5.5657E-03 -4.5796E-01
  1.5347E-02  9.4297E-02  5.6005E-03 -4.6082E-01
  1.5443E-02  9.4749E-02  5.6356E-03 -4.6370E-01
  1.5539E-02  9.5203E-02  5.6708E-03 -4.6660E-01
  1.5636E-02  9.5657E-02  5.7063E-03 -4.6951E-01
  1.5734E-02  9.6113E-02  5.7419E-03 -4.7244E-01
  1.5832E-02  9.6570E-02  5.7778E-03 -4.7539E-01
  1.5931E-02  9.7028E-02  5.8139E-03 -4.7836E-01
  1.6031E-02  9.7487E-02  5.8503E-03 -4.8134E-01
  1.6131E-02  9.7948E-02  5.8868E-03 -4.8434E-01
  1.6232E-02  9.8409E-02  5.9236E-03 -4.8736E-01
  1.6333E-02  9.8872E-02  5.9606E-03 -4.9040E-01
  1.6435E-02  9.9335E-02  5.9978E-03 -4.9346E-01
  1.6538E-02  9.9800E-02  6.0353E-03 -4.9653E-01
  1.6641E-02  1.0027E-01  6.0730E-03 -4.9963E-01
  1.6745E-02  1.0073E-01  6.1109E-03 -5.0274E-01
  1.6849E-02  1.0120E-01  6.1490E-03 -5.0587E-01
  1.6954E-02  1.0167E-01  6.1874E-03 -5.0902E-01
  1.7060E-02  1.0214E-01  6.2260E-03 -5.1219E-01
  1.7166E-02  1.0261E-01  6.2648E-03 -5.1538E-01
  1.7273E-02  1.0308E-01  6.3039E-03 -5.1859E-01
  1.7381E-02  1.0356E-01  6.3432E-03 -5.2182E-01
  1.7489E-02  1.0403E-01  6.3828E-03 -5.2507E-01
  1.7598E-02  1.0451E-01  6.4226E-03 -5.2833E-01
  1.7708E-02  1.0498E-01  6.4626E-03 -5.3162E-01
  1.7818E-02  1.0546E-01  6.5029E-03 -5.3493E-01
  1.7929E-02  1.0594E-01  6.5434E-03 -5.3825E-01
  1.8041E-02  1.0642E-01  6.5842E-03 -5.4160E-01
  1.8153E-02  1.0690E-01  6.6252E-03 -5.4496E-01
  1.8267E-02  1.0738E-01  6.6665E-03 -5.4835E-01
  1.8380E-02  1.0786E-01  6.7080E-03 -5.5176E-01
  1.8495E-02  1.0834E-01  6.7498E-03 -5.5519E-01
  1.8610E-02  1.0883E-01  6.7918E-03 -5.5864E-01
  1.8726E-02  1.0931E-01  6.8341E-03 -5.6211E-01
  1.8842E-02  1.0980E-01  6.8767E-03 -5.6560E-01
  1.8959E-02  1.1028E-01  6.9195E-03 -5.6911E-01
  1.9077E-02  1.1077E-01  6.9625E-03 -5.7264E-01
  1.9196E-02  1.1126E-01  7.0059E-03 -5.7620E-01
  1.9315E-02  1.1175E-01  7.0495E-03 -5.7977E-01
  1.9435E-02  1.1223E-01  7.0933E-03 -5.8337E-01
  1.9556E-02  1.1272E-01  7.1374E-03 -5.8699E-01
  1.9678E-02  1.1321E-01  7.1818E-03 -5.9063E-01
  1.9800E-02  1.1371E-01  7.2265E-03 -5.9429E-01
  1.9923E-02  1.1420E-01  7.2714E-03 -5.9798E-01
  2.0047E-02  1.1469E-01  7.3166E-03 -6.0169E-01
  2.0172E-02  1.1518E-01  7.3621E-03 -6.0542E-01
  2.0297E-02  1.1568E-01  7.4079E-03 -6.0917E-01
  2.0423E-02  1.1617E-01  7.4539E-03 -6.1295E-01
  2.0550E-02  1.1667E-01  7.5002E-03 -6.1674E-01
  2.0677E-02  1.1716E-01  7.5468E-03 -6.2056E-01
  2.0806E-02  1.1766E-01  7.5937E-03 -6.2441E-01
  2.0935E-02  1.1815E-01  7.6409E-03 -6.2828E-01
  2.1065E-02  1.1865E-01  7.6884E-03 -6.3217E-01
  2.1196E-02  1.1915E-01  7.7361E-03 -6.3608E-01
  2.1327E-02  1.1965E-01  7.7841E-03 -6.4002E-01
  2.1460E-02  1.2015E-01  7.8325E-03 -6.4398E-01
  2.1593E-02  1.2064E-01  7.8811E-03 -6.4796E-01
  2.1727E-02  1.2114E-01  7.9300E-03 -6.5197E-01
  2.1861E-02  1.2164E-01  7.9793E-03 -6.5601E-01
  2.1997E-02  1.2214E-01  8.0288E-03 -6.6007E-01
  2.2133E-02  1.2264E-01  8.0786E-03 -6.6415E-01
  2.2271E-02  1.2314E-01  8.1287E-03 -6.6826E-01
  2.2409E-02  1.2364E-01  8.1792E-03 -6.7239E-01
  2.2548E-02  1.2414E-01  8.2299E-03 -6.7654E-01
  2.2687E-02  1.2465E-01  8.2809E-03 -6.8073E-01
  2.2828E-02  1.2515E-01  8.3323E-03 -6.8493E-01
  2.2969E-02  1.2565E-01  8.3840E-03 -6.8916E-01
  2.3112E-02  1.2615E-01  8.4360E-03 -6.9342E-01
  2.3255E-02  1.2665E-01  8.4883E-03 -6.9771E-01
  2.3399E-02  1.2715E-01  8.5409E-03 -7.0202E-01
  2.3544E-02  1.2766E-01  8.5938E-03 -7.0635E-01
  2.3690E-02  1.2816E-01  8.6471E-03 -7.1071E-01
  2.3837E-02  1.2866E-01  8.7007E-03 -7.1510E-01
  2.3984E-02  1.2916E-01  8.7546E-03 -7.1951E-01
  2.4133E-02  1.2966E-01  8.8089E-03 -7.2395E-01
  2.4282E-02  1.3016E-01  8.8634E-03 -7.2842E-01
  2.4432E-02  1.3067E-01  8.9184E-03 -7.3292E-01
  2.4584E-02  1.3117E-01  8.9736E-03 -7.3744E-01
  2.4736E-02  1.3167E-01  9.0292E-03 -7.4199E-01
  2.4889E-02  1.3217E-01  9.0851E-03 -7.4656E-01
  2.5043E-02  1.3267E-01  9.1414E-03 -7.5117E-01
  2.5198E-02  1.3317E-01  9.1980E-03 -7.5580E-01
  2.5354E-02  1.3367E-01  9.2549E-03 -7.6046E-01
  2.5510E-02  1.3417E-01  9.3122E-03 -7.6514E-01
  2.5668E-02  1.3467E-01  9.3699E-03 -7.6986E-01
  2.5827E-02  1.3517E-01  9.4279E-03 -7.7460E-01
  2.5987E-02  1.3567E-01  9.4862E-03 -7.7937E-01
  2.6147E-02  1.3616E-01  9.5449E-03 -7.8418E-01
  2.6309E-02  1.3666E-01  9.6040E-03 -7.8900E-01
  2.6472E-02  1.3716E-01  9.6634E-03 -7.9386E-01
  2.6635E-02  1.3765E-01  9.7232E-03 -7.9875E-01
  2.6800E-02  1.3815E-01  9.7834E-03 -8.0367E-01
  2.6965E-02  1.3864E-01  9.8439E-03 -8.0862E-01
  2.7132E-02  1.3914E-01  9.9048E-03 -8.1359E-01
  2.7300E-02  1.3963E-01  9.9660E-03 -8.1860E-01
  2.7468E-02  1.4012E-01  1.0028E-02 -8.2364E-01
  2.7638E-02  1.4062E-01  1.0090E-02 -8.2870E-01
  2.7809E-02  1.4111E-01  1.0152E-02 -8.3380E-01
  2.7981E-02  1.4160E-01  1.0215E-02 -8.3893E-01
  2.8153E-02  1.4209E-01  1.0278E-02 -8.4409E-01
  2.8327E-02  1.4258E-01  1.0342E-02 -8.4928E-01
  2.8502E-02  1.4306E-01  1.0405E-02 -8.5450E-01
  2.8678E-02  1.4355E-01  1.0470E-02 -8.5975E-01
  2.8855E-02  1.4403E-01  1.0534E-02 -8.6503E-01
  2.9033E-02  1.4452E-01  1.0600E-02 -8.7035E-01
  2.9212E-02  1.4500E-01  1.0665E-02 -8.7569E-01
  2.9393E-02  1.4548E-01  1.0731E-02 -8.8107E-01
  2.9574E-02  1.4596E-01  1.0797E-02 -8.8648E-01
  2.9757E-02  1.4644E-01  1.0864E-02 -8.9193E-01
  2.9940E-02  1.4692E-01  1.0931E-02 -8.9740E-01
  3.0125E-02  1.4739E-01  1.0999E-02 -9.0291E-01
  3.0311E-02  1.4787E-01  1.1067E-02 -9.0846E-01
  3.0498E-02  1.4834E-01  1.1135E-02 -9.1403E-01
  3.0686E-02  1.4881E-01  1.1204E-02 -9.1964E-01
  3.0875E-02  1.4928E-01  1.1273E-02 -9.2528E-01
  3.1066E-02  1.4975E-01  1.1342E-02 -9.3096E-01
  3.1257E-02  1.5022E-01  1.1413E-02 -9.3667E-01
  3.1450E-02  1.5068E-01  1.1483E-02 -9.4241E-01
  3.1644E-02  1.5115E-01  1.1554E-02 -9.4819E-01
  3.1839E-02  1.5161E-01  1.1625E-02 -9.5400E-01
  3.2035E-02  1.5207E-01  1.1697E-02 -9.5985E-01
  3.2233E-02  1.5252E-01  1.1769E-02 -9.6573E-01
  3.2431E-02  1.5298E-01  1.1842E-02 -9.7165E-01
  3.2631E-02  1.5343E-01  1.1915E-02 -9.7761E-01
  3.2832E-02  1.5388E-01  1.1988E-02 -9.8359E-01
  3.3035E-02  1.5433E-01  1.2062E-02 -9.8962E-01
  3.3238E-02  1.5478E-01  1.2137E-02 -9.9568E-01
  3.3443E-02  1.5522E-01  1.2212E-02 -1.0018E+00
  3.3649E-02  1.5567E-01  1.2287E-02 -1.0079E+00
  3.3856E-02  1.5611E-01  1.2363E-02 -1.0141E+00
  3.4065E-02  1.5654E-01  1.2439E-02 -1.0203E+00
  3.4275E-02  1.5698E-01  1.2516E-02 -1.0265E+00
  3.4486E-02  1.5741E-01  1.2593E-02 -1.0328E+00
  3.4698E-02  1.5784E-01  1.2671E-02 -1.0391E+00
  3.4912E-02  1.5827E-01  1.2749E-02 -1.0455E+00
  3.5127E-02  1.5869E-01  1.2828E-02 -1.0519E+00
  3.5343E-02  1.5911E-01  1.2907E-02 -1.0583E+00
  3.5560E-02  1.5953E-01  1.2986E-02 -1.0648E+00
  3.5779E-02  1.5995E-01  1.3066E-02 -1.0713E+00
  3.6000E-02  1.6036E-01  1.3147E-02 -1.0778E+00
  3.6221E-02  1.6077E-01  1.3228E-02 -1.0844E+00
  3.6444E-02  1.6118E-01  1.3310E-02 -1.0910E+00
  3.6668E-02  1.6158E-01  1.3392E-02 -1.0977E+00
  3.6894E-02  1.6198E-01  1.3474E-02 -1.1044E+00
  3.7121E-02  1.6238E-01  1.3557E-02 -1.1112E+00
  3.7349E-02  1.6277E-01  1.3641E-02 -1.1179E+00
  3.7579E-02  1.6316E-01  1.3725E-02 -1.1248E+00
  3.7810E-02  1.6355E-01  1.3809E-02 -1.1316E+00
  3.8043E-02  1.6393E-01  1.3895E-02 -1.1385E+00
  3.8277E-02  1.6431E-01  1.3980E-02 -1.1455E+00
  3.8512E-02  1.6469E-01  1.4066E-02 -1.1525E+00
  3.8749E-02  1.6506E-01  1.4153E-02 -1.1595E+00
  3.8987E-02  1.6543E-01  1.4240E-02 -1.1666E+00
  3.9227E-02  1.6579E-01  1.4328E-02 -1.1737E+00
  3.9468E-02  1.6615E-01  1.4416E-02 -1.1808E+00
  3.9711E-02  1.6651E-01  1.4505E-02 -1.1880E+00
  3.9955E-02  1.6686E-01  1.4594E-02 -1.1953E+00
  4.0201E-02  1.6721E-01  1.4684E-02 -1.2026E+00
  4.0448E-02  1.6756E-01  1.4775E-02 -1.2099E+00
  4.0697E-02  1.6790E-01  1.4866E-02 -1.2173E+00
  4.0947E-02  1.6823E-01  1.4957E-02 -1.2247E+00
  4.1198E-02  1.6856E-01  1.5050E-02 -1.2321E+00
  4.1452E-02  1.6889E-01  1.5142E-02 -1.2396E+00
  4.1706E-02  1.6921E-01  1.5236E-02 -1.2472E+00
  4.1963E-02  1.6953E-01  1.5329E-02 -1.2548E+00
  4.2220E-02  1.6984E-01  1.5424E-02 -1.2624E+00
  4.2480E-02  1.7015E-01  1.5519E-02 -1.2701E+00
  4.2741E-02  1.7045E-01  1.5614E-02 -1.2778E+00
  4.3003E-02  1.7075E-01  1.5711E-02 -1.2856E+00
  4.3268E-02  1.7104E-01  1.5807E-02 -1.2934E+00
  4.3533E-02  1.7133E-01  1.5905E-02 -1.3013E+00
  4.3801E-02  1.7161E-01  1.6003E-02 -1.3092E+00
  4.4070E-02  1.7189E-01  1.6101E-02 -1.3171E+00
  4.4340E-02  1.7216E-01  1.6200E-02 -1.3251E+00
  4.4613E-02  1.7243E-01  1.6300E-02 -1.3332E+00
  4.4887E-02  1.7269E-01  1.6400E-02 -1.3413E+00
  4.5162E-02  1.7294E-01  1.6501E-02 -1.3494E+00
  4.5440E-02  1.7319E-01  1.6603E-02 -1.3576E+00
  4.5719E-02  1.7343E-01  1.6705E-02 -1.3658E+00
  4.5999E-02  1.7367E-01  1.6808E-02 -1.3741E+00
  4.6282E-02  1.7390E-01  1.6912E-02 -1.3825E+00
  4.6566E-02  1.7413E-01  1.7016E-02 -1.3908E+00
  4.6852E-02  1.7435E-01  1.7120E-02 -1.3993E+00
  4.7139E-02  1.7456E-01  1.7226E-02 -1.4078E+00
  4.7429E-02  1.7477E-01  1.7332E-02 -1.4163E+00
  4.7720E-02  1.7497E-01  1.7439E-02 -1.4249E+00
  4.8012E-02  1.7516E-01  1.7546E-02 -1.4335E+00
  4.8307E-02  1.7535E-01  1.7654E-02 -1.4422E+00
  4.8603E-02  1.7553E-01  1.7763E-02 -1.4509E+00
  4.8902E-02  1.7571E-01  1.7872E-02 -1.4597E+00
  4.9202E-02  1.7588E-01  1.7982E-02 -1.4686E+00
  4.9504E-02  1.7604E-01  1.8093E-02 -1.4775E+00
  4.9807E-02  1.7619E-01  1.8204E-02 -1.4864E+00
  5.0113E-02  1.7634E-01  1.8316E-02 -1.4954E+00
  5.0420E-02  1.7647E-01  1.8429E-02 -1.5044E+00
  5.0730E-02  1.7661E-01  1.8542E-02 -1.5135E+00
  5.1041E-02  1.7673E-01  1.8656E-02 -1.5227E+00
  5.1354E-02  1.7685E-01  1.8771E-02 -1.5319E+00
  5.1669E-02  1.7696E-01  1.8887E-02 -1.5411E+00
  5.1986E-02  1.7706E-01  1.9003E-02 -1.5505E+00
  5.2304E-02  1.7715E-01  1.9120E-02 -1.5598E+00
  5.2625E-02  1.7724E-01  1.9238E-02 -1.5692E+00
  5.2948E-02  1.7732E-01  1.9356E-02 -1.5787E+00
  5.3272E-02  1.7739E-01  1.9475E-02 -1.5882E+00
  5.3599E-02  1.7745E-01  1.9595E-02 -1.5978E+00
  5.3928E-02  1.7751E-01  1.9716E-02 -1.6075E+00
  5.4258E-02  1.7755E-01  1.9837E-02 -1.6172E+00
  5.4591E-02  1.7759E-01  1.9959E-02 -1.6269E+00
  5.4926E-02  1.7762E-01  2.0082E-02 -1.6367E+00
  5.5262E-02  1.7764E-01  2.0206E-02 -1.6466E+00
  5.5601E-02  1.7765E-01  2.0330E-02 -1.6565E+00
  5.5942E-02  1.7765E-01  2.0455E-02 -1.6665E+00
  5.6285E-02  1.7765E-01  2.0581E-02 -1.6765E+00
  5.6630E-02  1.7763E-01  2.0708E-02 -1.6866E+00
  5.6977E-02  1.7761E-01  2.0835E-02 -1.6968E+00
  5.7326E-02  1.7757E-01  2.0963E-02 -1.7070E+00
  5.7677E-02  1.7753E-01  2.1092E-02 -1.7172E+00
  5.8030E-02  1.7748E-01  2.1222E-02 -1.7276E+00
  5.8386E-02  1.7742E-01  2.1353E-02 -1.7380E+00
  5.8744E-02  1.7735E-01  2.1484E-02 -1.7484E+00
  5.9104E-02  1.7726E-01  2.1617E-02 -1.7589E+00
  5.9466E-02  1.7717E-01  2.1750E-02 -1.7695E+00
  5.9830E-02  1.7707E-01  2.1883E-02 -1.7801E+00
  6.0196E-02  1.7696E-01  2.2018E-02 -1.7908E+00
  6.0565E-02  1.7684E-01  2.2154E-02 -1.8015E+00
  6.0936E-02  1.7671E-01  2.2290E-02 -1.8123E+00
  6.1309E-02  1.7657E-01  2.2427E-02 -1.8232E+00
  6.1685E-02  1.7642E-01  2.2565E-02 -1.8342E+00
  6.2063E-02  1.7626E-01  2.2704E-02 -1.8451E+00
  6.2443E-02  1.7608E-01  2.2844E-02 -1.8562E+00
  6.2825E-02  1.7590E-01  2.2985E-02 -1.8673E+00
  6.3210E-02  1.7571E-01  2.3126E-02 -1.8785E+00
  6.3597E-02  1.7550E-01  2.3269E-02 -1.8898E+00
  6.3986E-02  1.7528E-01  2.3412E-02 -1.9011E+00
  6.4378E-02  1.7506E-01  2.3556E-02 -1.9124E+00
  6.4772E-02  1.7482E-01  2.3701E-02 -1.9239E+00
  6.5169E-02  1.7457E-01  2.3847E-02 -1.9354E+00
  6.5568E-02  1.7431E-01  2.3994E-02 -1.9470E+00
  6.5969E-02  1.7403E-01  2.4142E-02 -1.9586E+00
  6.6373E-02  1.7375E-01  2.4290E-02 -1.9703E+00
  6.6779E-02  1.7345E-01  2.4440E-02 -1.9821E+00
  6.7188E-02  1.7314E-01  2.4590E-02 -1.9939E+00
  6.7599E-02  1.7282E-01  2.4742E-02 -2.0058E+00
  6.8013E-02  1.7249E-01  2.4894E-02 -2.0177E+00
  6.8429E-02  1.7215E-01  2.5047E-02 -2.0298E+00
  6.8848E-02  1.7179E-01  2.5202E-02 -2.0419E+00
  6.9270E-02  1.7142E-01  2.5357E-02 -2.0540E+00
  6.9693E-02  1.7104E-01  2.5513E-02 -2.0663E+00
  7.0120E-02  1.7064E-01  2.5670E-02 -2.0786E+00
  7.0549E-02  1.7024E-01  2.5828E-02 -2.0910E+00
  7.0981E-02  1.6982E-01  2.5988E-02 -2.1034E+00
  7.1415E-02  1.6939E-01  2.6148E-02 -2.1159E+00
  7.1852E-02  1.6894E-01  2.6309E-02 -2.1285E+00
  7.2292E-02  1.6848E-01  2.6471E-02 -2.1411E+00
  7.2734E-02  1.6801E-01  2.6634E-02 -2.1538E+00
  7.3179E-02  1.6752E-01  2.6798E-02 -2.1666E+00
  7.3627E-02  1.6703E-01  2.6963E-02 -2.1795E+00
  7.4077E-02  1.6651E-01  2.7129E-02 -2.1924E+00
  7.4530E-02  1.6599E-01  2.7297E-02 -2.2054E+00
  7.4986E-02  1.6545E-01  2.7465E-02 -2.2185E+00
  7.5445E-02  1.6489E-01  2.7634E-02 -2.2316E+00
  7.5906E-02  1.6433E-01  2.7804E-02 -2.2449E+00
  7.6370E-02  1.6375E-01  2.7976E-02 -2.2582E+00
  7.6838E-02  1.6315E-01  2.8148E-02 -2.2715E+00
  7.7307E-02  1.6254E-01  2.8322E-02 -2.2850E+00
  7.7780E-02  1.6192E-01  2.8496E-02 -2.2985E+00
  7.8256E-02  1.6128E-01  2.8672E-02 -2.3120E+00
  7.8735E-02  1.6063E-01  2.8849E-02 -2.3257E+00
  7.9216E-02  1.5996E-01  2.9027E-02 -2.3394E+00
  7.9700E-02  1.5928E-01  2.9206E-02 -2.3532E+00
  8.0188E-02  1.5858E-01  2.9386E-02 -2.3671E+00
  8.0678E-02  1.5787E-01  2.9567E-02 -2.3811E+00
  8.1171E-02  1.5714E-01  2.9750E-02 -2.3951E+00
  8.1668E-02  1.5640E-01  2.9933E-02 -2.4092E+00
  8.2167E-02  1.5565E-01  3.0118E-02 -2.4234E+00
  8.2669E-02  1.5487E-01  3.0304E-02 -2.4377E+00
  8.3175E-02  1.5409E-01  3.0491E-02 -2.4520E+00
  8.3683E-02  1.5329E-01  3.0679E-02 -2.4664E+00
  8.4195E-02  1.5247E-01  3.0868E-02 -2.4809E+00
  8.4709E-02  1.5163E-01  3.1058E-02 -2.4955E+00
  8.5227E-02  1.5078E-01  3.1250E-02 -2.5101E+00
  8.5748E-02  1.4992E-01  3.1443E-02 -2.5248E+00
  8.6272E-02  1.4904E-01  3.1637E-02 -2.5396E+00
  8.6800E-02  1.4814E-01  3.1833E-02 -2.5545E+00
  8.7330E-02  1.4723E-01  3.2029E-02 -2.5695E+00
  8.7864E-02  1.4630E-01  3.2227E-02 -2.5845E+00
  8.8401E-02  1.4535E-01  3.2426E-02 -2.5996E+00
  8.8941E-02  1.4439E-01  3.2626E-02 -2.6148E+00
  8.9485E-02  1.4342E-01  3.2828E-02 -2.6301E+00
  9.0032E-02  1.4242E-01  3.3030E-02 -2.6454E+00
  9.0582E-02  1.4141E-01  3.3234E-02 -2.6609E+00
  9.1135E-02  1.4038E-01  3.3440E-02 -2.6764E+00
  9.1692E-02  1.3934E-01  3.3646E-02 -2.6920E+00
  9.2252E-02  1.3828E-01  3.3854E-02 -2.7077E+00
  9.2816E-02  1.3720E-01  3.4064E-02 -2.7234E+00
  9.3383E-02  1.3611E-01  3.4274E-02 -2.7393E+00
  9.3954E-02  1.3500E-01  3.4486E-02 -2.7552E+00
  9.4528E-02  1.3387E-01  3.4699E-02 -2.7712E+00
  9.5105E-02  1.3273E-01  3.4914E-02 -2.7873E+00
  9.5686E-02  1.3156E-01  3.5130E-02 -2.8034E+00
  9.6271E-02  1.3039E-01  3.5347E-02 -2.8197E+00
  9.6859E-02  1.2919E-01  3.5566E-02 -2.8360E+00
  9.7451E-02  1.2798E-01  3.5786E-02 -2.8524E+00
  9.8046E-02  1.2675E-01  3.6007E-02 -2.8689E+00
  9.8645E-02  1.2550E-01  3.6230E-02 -2.8855E+00
  9.9248E-02  1.2423E-01  3.6454E-02 -2.9022E+00
  9.9854E-02  1.2295E-01  3.6680E-02 -2.9189E+00
  1.0046E-01  1.2165E-01  3.6907E-02 -2.9358E+00
  1.0108E-01  1.2033E-01  3.7135E-02 -2.9527E+00
  1.0169E-01  1.1899E-01  3.7365E-02 -2.9697E+00
  1.0232E-01  1.1764E-01  3.7597E-02 -2.9868E+00
  1.0294E-01  1.1627E-01  3.7829E-02 -3.0040E+00
  1.0357E-01  1.1488E-01  3.8064E-02 -3.0212E+00
  1.0420E-01  1.1347E-01  3.8299E-02 -3.0386E+00
  1.0484E-01  1.1205E-01  3.8537E-02 -3.0560E+00
  1.0548E-01  1.1061E-01  3.8776E-02 -3.0735E+00
  1.0612E-01  1.0915E-01  3.9016E-02 -3.0911E+00
  1.0677E-01  1.0767E-01  3.9258E-02 -3.1088E+00
  1.0742E-01  1.0617E-01  3.9501E-02 -3.1266E+00
  1.0808E-01  1.0466E-01  3.9746E-02 -3.1444E+00
  1.0874E-01  1.0313E-01  3.9993E-02 -3.1624E+00
  1.0940E-01  1.0158E-01  4.0241E-02 -3.1804E+00
  1.1007E-01  1.0001E-01  4.0490E-02 -3.1985E+00
  1.1074E-01  9.8424E-02  4.0742E-02 -3.2167E+00
  1.1142E-01  9.6820E-02  4.0994E-02 -3.2350E+00
  1.1210E-01  9.5198E-02  4.1249E-02 -3.2534E+00
  1.1278E-01  9.3558E-02  4.1505E-02 -3.2718E+00
  1.1347E-01  9.1900E-02  4.1763E-02 -3.2904E+00
  1.1416E-01  9.0224E-02  4.2022E-02 -3.3090E+00
  1.1486E-01  8.8530E-02  4.2283E-02 -3.3278E+00
  1.1556E-01  8.6818E-02  4.2546E-02 -3.3466E+00
  1.1627E-01  8.5088E-02  4.2810E-02 -3.3655E+00
  1.1698E-01  8.3340E-02  4.3076E-02 -3.3845E+00
  1.1769E-01  8.1573E-02  4.3344E-02 -3.4035E+00
  1.1841E-01  7.9789E-02  4.3613E-02 -3.4227E+00
  1.1913E-01  7.7987E-02  4.3884E-02 -3.4419E+00
  1.1986E-01  7.6167E-02  4.4157E-02 -3.4613E+00
  1.2059E-01  7.4329E-02  4.4432E-02 -3.4807E+00
  1.2133E-01  7.2473E-02  4.4709E-02 -3.5002E+00
  1.2207E-01  7.0599E-02  4.4987E-02 -3.5198E+00
  1.2281E-01  6.8708E-02  4.5267E-02 -3.5395E+00
  1.2356E-01  6.6798E-02  4.5549E-02 -3.5593E+00
  1.2432E-01  6.4871E-02  4.5832E-02 -3.5791E+00
  1.2508E-01  6.2926E-02  4.6118E-02 -3.5991E+00
  1.2584E-01  6.0964E-02  4.6405E-02 -3.6191E+00
  1.2661E-01  5.8983E-02  4.6694E-02 -3.6392E+00
  1.2738E-01  5.6986E-02  4.6985E-02 -3.6594E+00
  1.2816E-01  5.4971E-02  4.7278E-02 -3.6797E+00
  1.2894E-01  5.2938E-02  4.7573E-02 -3.7001E+00
  1.2973E-01  5.0888E-02  4.7870E-02 -3.7206E+00
  1.3052E-01  4.8821E-02  4.8168E-02 -3.7411E+00
  1.3131E-01  4.6736E-02  4.8469E-02 -3.7618E+00
  1.3212E-01  4.4635E-02  4.8771E-02 -3.7825E+00
  1.3292E-01  4.2516E-02  4.9076E-02 -3.8033E+00
  1.3373E-01  4.0381E-02  4.9382E-02 -3.8242E+00
  1.3455E-01  3.8228E-02  4.9691E-02 -3.8452E+00
  1.3537E-01  3.6059E-02  5.0001E-02 -3.8663E+00
  1.3620E-01  3.3873E-02  5.0314E-02 -3.8874E+00
  1.3703E-01  3.1670E-02  5.0628E-02 -3.9087E+00
  1.3786E-01  2.9451E-02  5.0945E-02 -3.9300E+00
  1.3870E-01  2.7215E-02  5.1263E-02 -3.9514E+00
  1.3955E-01  2.4964E-02  5.1584E-02 -3.9729E+00
  1.4040E-01  2.2696E-02  5.1907E-02 -3.9945E+00
  1.4126E-01  2.0412E-02  5.2232E-02 -4.0161E+00
  1.4212E-01  1.8112E-02  5.2559E-02 -4.0379E+00
  1.4299E-01  1.5796E-02  5.2888E-02 -4.0597E+00
  1.4386E-01  1.3465E-02  5.3219E-02 -4.0816E+00
  1.4474E-01  1.1118E-02  5.3553E-02 -4.1036E+00
  1.4562E-01  8.7555E-03  5.3888E-02 -4.1257E+00
  1.4651E-01  6.3780E-03  5.4226E-02 -4.1478E+00
  1.4740E-01  3.9854E-03  5.4566E-02 -4.1701E+00
  1.4830E-01  1.5779E-03  5.4909E-02 -4.1924E+00
  1.4920E-01 -8.4437E-04  5.5253E-02 -4.2148E+00
  1.5011E-01 -3.2813E-03  5.5600E-02 -4.2373E+00
  1.5103E-01 -5.7326E-03  5.5949E-02 -4.2598E+00
  1.5195E-01 -8.1982E-03  5.6301E-02 -4.2824E+00
  1.5288E-01 -1.0678E-02  5.6655E-02 -4.3051E+00
  1.5381E-01 -1.3172E-02  5.7011E-02 -4.3279E+00
  1.5475E-01 -1.5679E-02  5.7369E-02 -4.3508E+00
  1.5569E-01 -1.8200E-02  5.7730E-02 -4.3737E+00
  1.5664E-01 -2.0734E-02  5.8093E-02 -4.3968E+00
  1.5760E-01 -2.3281E-02  5.8459E-02 -4.4198E+00
  1.5856E-01 -2.5842E-02  5.8827E-02 -4.4430E+00
  1.5952E-01 -2.8415E-02  5.9198E-02 -4.4662E+00
  1.6050E-01 -3.1000E-02  5.9570E-02 -4.4896E+00
  1.6148E-01 -3.3598E-02  5.9946E-02 -4.5129E+00
  1.6246E-01 -3.6208E-02  6.0324E-02 -4.5364E+00
  1.6345E-01 -3.8830E-02  6.0704E-02 -4.5599E+00
  1.6445E-01 -4.1463E-02  6.1087E-02 -4.5835E+00
  1.6545E-01 -4.4108E-02  6.1473E-02 -4.6072E+00
  1.6646E-01 -4.6764E-02  6.1861E-02 -4.6309E+00
  1.6747E-01 -4.9430E-02  6.2252E-02 -4.6547E+00
  1.6850E-01 -5.2108E-02  6.2645E-02 -4.6785E+00
  1.6952E-01 -5.4795E-02  6.3042E-02 -4.7025E+00
  1.7056E-01 -5.7493E-02  6.3440E-02 -4.7265E+00
  1.7160E-01 -6.0201E-02  6.3842E-02 -4.7505E+00
  1.7264E-01 -6.2918E-02  6.4246E-02 -4.7746E+00
  1.7370E-01 -6.5645E-02  6.4653E-02 -4.7988E+00
  1.7475E-01 -6.8380E-02  6.5062E-02 -4.8230E+00
  1.7582E-01 -7.1125E-02  6.5474E-02 -4.8473E+00
  1.7689E-01 -7.3877E-02  6.5890E-02 -4.8717E+00
  1.7797E-01 -7.6638E-02  6.6307E-02 -4.8961E+00
  1.7906E-01 -7.9407E-02  6.6728E-02 -4.9206E+00
  1.8015E-01 -8.2183E-02  6.7152E-02 -4.9451E+00
  1.8125E-01 -8.4966E-02  6.7578E-02 -4.9696E+00
  1.8235E-01 -8.7757E-02  6.8008E-02 -4.9943E+00
  1.8346E-01 -9.0554E-02  6.8440E-02 -5.0189E+00
  1.8458E-01 -9.3357E-02  6.8875E-02 -5.0437E+00
  1.8571E-01 -9.6166E-02  6.9313E-02 -5.0684E+00
  1.8684E-01 -9.8981E-02  6.9755E-02 -5.0932E+00
  1.8798E-01 -1.0180E-01  7.0199E-02 -5.1181E+00
  1.8912E-01 -1.0463E-01  7.0646E-02 -5.1430E+00
  1.9028E-01 -1.0745E-01  7.1097E-02 -5.1679E+00
  1.9144E-01 -1.1029E-01  7.1550E-02 -5.1929E+00
  1.9260E-01 -1.1313E-01  7.2007E-02 -5.2179E+00
  1.9378E-01 -1.1597E-01  7.2466E-02 -5.2430E+00
  1.9496E-01 -1.1881E-01  7.2929E-02 -5.2680E+00
  1.9615E-01 -1.2166E-01  7.3395E-02 -5.2932E+00
  1.9734E-01 -1.2451E-01  7.3864E-02 -5.3183E+00
  1.9854E-01 -1.2736E-01  7.4337E-02 -5.3435E+00
  1.9975E-01 -1.3021E-01  7.4813E-02 -5.3687E+00
  2.0097E-01 -1.3306E-01  7.5292E-02 -5.3939E+00
  2.0220E-01 -1.3592E-01  7.5774E-02 -5.4192E+00
  2.0343E-01 -1.3877E-01  7.6260E-02 -5.4444E+00
  2.0467E-01 -1.4162E-01  7.6749E-02 -5.4697E+00
  2.0592E-01 -1.4448E-01  7.7241E-02 -5.4950E+00
  2.0717E-01 -1.4733E-01  7.7737E-02 -5.5204E+00
  2.0843E-01 -1.5018E-01  7.8237E-02 -5.5457E+00
  2.0970E-01 -1.5303E-01  7.8740E-02 -5.5710E+00
  2.1098E-01 -1.5588E-01  7.9246E-02 -5.5964E+00
  2.1227E-01 -1.5873E-01  7.9756E-02 -5.6217E+00
  2.1356E-01 -1.6157E-01  8.0270E-02 -5.6471E+00
  2.1486E-01 -1.6441E-01  8.0787E-02 -5.6724E+00
  2.1617E-01 -1.6724E-01  8.1308E-02 -5.6978E+00
  2.1749E-01 -1.7007E-01  8.1832E-02 -5.7232E+00
  2.1881E-01 -1.7290E-01  8.2360E-02 -5.7485E+00
  2.2015E-01 -1.7571E-01  8.2892E-02 -5.7738E+00
  2.2149E-01 -1.7853E-01  8.3428E-02 -5.7991E+00
  2.2284E-01 -1.8134E-01  8.3967E-02 -5.8244E+00
  2.2420E-01 -1.8414E-01  8.4511E-02 -5.8497E+00
  2.2556E-01 -1.8693E-01  8.5058E-02 -5.8750E+00
  2.2694E-01 -1.8971E-01  8.5609E-02 -5.9002E+00
  2.2832E-01 -1.9249E-01  8.6164E-02 -5.9254E+00
  2.2971E-01 -1.9526E-01  8.6723E-02 -5.9506E+00
  2.3111E-01 -1.9802E-01  8.7286E-02 -5.9758E+00
  2.3252E-01 -2.0077E-01  8.7853E-02 -6.0009E+00
  2.3394E-01 -2.0350E-01  8.8424E-02 -6.0259E+00
  2.3536E-01 -2.0623E-01  8.8999E-02 -6.0510E+00
  2.3680E-01 -2.0895E-01  8.9578E-02 -6.0759E+00
  2.3824E-01 -2.1165E-01  9.0161E-02 -6.1009E+00
  2.3969E-01 -2.1434E-01  9.0749E-02 -6.1257E+00
  2.4115E-01 -2.1702E-01  9.1341E-02 -6.1505E+00
  2.4262E-01 -2.1969E-01  9.1937E-02 -6.1753E+00
  2.4410E-01 -2.2234E-01  9.2537E-02 -6.2000E+00
  2.4558E-01 -2.2498E-01  9.3142E-02 -6.2246E+00
  2.4708E-01 -2.2760E-01  9.3751E-02 -6.2491E+00
  2.4859E-01 -2.3020E-01  9.4365E-02 -6.2736E+00
  2.5010E-01 -2.3279E-01  9.4983E-02 -6.2980E+00
  2.5162E-01 -2.3536E-01  9.5606E-02 -6.3223E+00
  2.5316E-01 -2.3792E-01  9.6233E-02 -6.3465E+00
  2.5470E-01 -2.4045E-01  9.6865E-02 -6.3706E+00
  2.5625E-01 -2.4297E-01  9.7501E-02 -6.3946E+00
  2.5781E-01 -2.4547E-01  9.8142E-02 -6.4185E+00
  2.5938E-01 -2.4795E-01  9.8788E-02 -6.4423E+00
  2.6096E-01 -2.5041E-01  9.9438E-02 -6.4660E+00
  2.6255E-01 -2.5285E-01  1.0009E-01 -6.4896E+00
  2.6415E-01 -2.5526E-01  1.0075E-01 -6.5131E+00
  2.6576E-01 -2.5766E-01  1.0142E-01 -6.5364E+00
  2.6738E-01 -2.6003E-01  1.0209E-01 -6.5596E+00
  2.6901E-01 -2.6238E-01  1.0276E-01 -6.5827E+00
  2.7065E-01 -2.6470E-01  1.0344E-01 -6.6056E+00
  2.7230E-01 -2.6701E-01  1.0413E-01 -6.6284E+00
  2.7395E-01 -2.6928E-01  1.0482E-01 -6.6510E+00
  2.7562E-01 -2.7153E-01  1.0551E-01 -6.6735E+00
  2.7730E-01 -2.7375E-01  1.0621E-01 -6.6958E+00
  2.7899E-01 -2.7595E-01  1.0692E-01 -6.7179E+00
  2.8069E-01 -2.7812E-01  1.0763E-01 -6.7399E+00
  2.8240E-01 -2.8026E-01  1.0835E-01 -6.7617E+00
  2.8412E-01 -2.8237E-01  1.0907E-01 -6.7833E+00
  2.8585E-01 -2.8446E-01  1.0980E-01 -6.8047E+00
  2.8759E-01 -2.8651E-01  1.1053E-01 -6.8259E+00
  2.8934E-01 -2.8854E-01  1.1127E-01 -6.8469E+00
  2.9111E-01 -2.9053E-01  1.1201E-01 -6.8677E+00
  2.9288E-01 -2.9249E-01  1.1276E-01 -6.8883E+00
  2.9466E-01 -2.9442E-01  1.1352E-01 -6.9087E+00
  2.9646E-01 -2.9631E-01  1.1428E-01 -6.9288E+00
  2.9826E-01 -2.9818E-01  1.1504E-01 -6.9487E+00
  3.0008E-01 -3.0000E-01  1.1582E-01 -6.9684E+00
  3.0191E-01 -3.0180E-01  1.1659E-01 -6.9878E+00
  3.0375E-01 -3.0356E-01  1.1738E-01 -7.0070E+00
  3.0560E-01 -3.0528E-01  1.1817E-01 -7.0259E+00
  3.0746E-01 -3.0696E-01  1.1897E-01 -7.0445E+00
  3.0933E-01 -3.0861E-01  1.1977E-01 -7.0628E+00
  3.1121E-01 -3.1022E-01  1.2058E-01 -7.0809E+00
  3.1311E-01 -3.1180E-01  1.2139E-01 -7.0987E+00
  3.1502E-01 -3.1333E-01  1.2221E-01 -7.1162E+00
  3.1693E-01 -3.1483E-01  1.2304E-01 -7.1334E+00
  3.1886E-01 -3.1628E-01  1.2388E-01 -7.1502E+00
  3.2081E-01 -3.1770E-01  1.2472E-01 -7.1668E+00
  3.2276E-01 -3.1907E-01  1.2556E-01 -7.1830E+00
  3.2473E-01 -3.2040E-01  1.2642E-01 -7.1989E+00
  3.2670E-01 -3.2169E-01  1.2728E-01 -7.2144E+00
  3.2869E-01 -3.2294E-01  1.2815E-01 -7.2296E+00
  3.3069E-01 -3.2414E-01  1.2902E-01 -7.2445E+00
  3.3271E-01 -3.2530E-01  1.2990E-01 -7.2589E+00
  3.3473E-01 -3.2641E-01  1.3079E-01 -7.2730E+00
  3.3677E-01 -3.2748E-01  1.3168E-01 -7.2867E+00
  3.3882E-01 -3.2850E-01  1.3259E-01 -7.3000E+00
  3.4089E-01 -3.2948E-01  1.3350E-01 -7.3129E+00
  3.4296E-01 -3.3041E-01  1.3441E-01 -7.3254E+00
  3.4505E-01 -3.3129E-01  1.3534E-01 -7.3374E+00
  3.4715E-01 -3.3213E-01  1.3627E-01 -7.3491E+00
  3.4927E-01 -3.3292E-01  1.3720E-01 -7.3603E+00
  3.5139E-01 -3.3365E-01  1.3815E-01 -7.3710E+00
  3.5353E-01 -3.3434E-01  1.3910E-01 -7.3813E+00
  3.5569E-01 -3.3498E-01  1.4006E-01 -7.3911E+00
  3.5785E-01 -3.3557E-01  1.4103E-01 -7.4005E+00
  3.6003E-01 -3.3610E-01  1.4201E-01 -7.4093E+00
  3.6222E-01 -3.3659E-01  1.4299E-01 -7.4177E+00
  3.6443E-01 -3.3702E-01  1.4399E-01 -7.4255E+00
  3.6665E-01 -3.3740E-01  1.4499E-01 -7.4329E+00
  3.6888E-01 -3.3772E-01  1.4599E-01 -7.4397E+00
  3.7113E-01 -3.3800E-01  1.4701E-01 -7.4460E+00
  3.7339E-01 -3.3822E-01  1.4804E-01 -7.4517E+00
  3.7566E-01 -3.3838E-01  1.4907E-01 -7.4569E+00
  3.7795E-01 -3.3849E-01  1.5011E-01 -7.4615E+00
  3.8025E-01 -3.3854E-01  1.5116E-01 -7.4655E+00
  3.8256E-01 -3.3854E-01  1.5222E-01 -7.4689E+00
  3.8489E-01 -3.3848E-01  1.5329E-01 -7.4718E+00
  3.8724E-01 -3.3837E-01  1.5436E-01 -7.4740E+00
  3.8959E-01 -3.3820E-01  1.5545E-01 -7.4756E+00
  3.9197E-01 -3.3797E-01  1.5654E-01 -7.4766E+00
  3.9435E-01 -3.3768E-01  1.5764E-01 -7.4769E+00
  3.9675E-01 -3.3733E-01  1.5875E-01 -7.4766E+00
  3.9917E-01 -3.3693E-01  1.5987E-01 -7.4756E+00
  4.0160E-01 -3.3647E-01  1.6100E-01 -7.4739E+00
  4.0404E-01 -3.3594E-01  1.6214E-01 -7.4716E+00
  4.0650E-01 -3.3536E-01  1.6329E-01 -7.4685E+00
  4.0898E-01 -3.3472E-01  1.6445E-01 -7.4647E+00
  4.1147E-01 -3.3401E-01  1.6562E-01 -7.4602E+00
  4.1397E-01 -3.3325E-01  1.6679E-01 -7.4550E+00
  4.1649E-01 -3.3242E-01  1.6798E-01 -7.4490E+00
  4.1903E-01 -3.3153E-01  1.6918E-01 -7.4423E+00
  4.2158E-01 -3.3058E-01  1.7038E-01 -7.4348E+00
  4.2415E-01 -3.2957E-01  1.7160E-01 -7.4265E+00
  4.2673E-01 -3.2849E-01  1.7283E-01 -7.4175E+00
  4.2933E-01 -3.2736E-01  1.7406E-01 -7.4076E+00
  4.3194E-01 -3.2615E-01  1.7531E-01 -7.3969E+00
  4.3457E-01 -3.2489E-01  1.7657E-01 -7.3853E+00
  4.3722E-01 -3.2356E-01  1.7784E-01 -7.3730E+00
  4.3988E-01 -3.2217E-01  1.7912E-01 -7.3598E+00
  4.4256E-01 -3.2072E-01  1.8041E-01 -7.3457E+00
  4.4525E-01 -3.1920E-01  1.8171E-01 -7.3307E+00
  4.4796E-01 -3.1761E-01  1.8302E-01 -7.3148E+00
  4.5069E-01 -3.1596E-01  1.8434E-01 -7.2981E+00
  4.5343E-01 -3.1425E-01  1.8567E-01 -7.2804E+00
  4.5619E-01 -3.1247E-01  1.8702E-01 -7.2618E+00
  4.5897E-01 -3.1063E-01  1.8838E-01 -7.2423E+00
  4.6176E-01 -3.0872E-01  1.8974E-01 -7.2218E+00
  4.6457E-01 -3.0674E-01  1.9112E-01 -7.2004E+00
  4.6740E-01 -3.0470E-01  1.9251E-01 -7.1779E+00
  4.7025E-01 -3.0260E-01  1.9392E-01 -7.1545E+00
  4.7311E-01 -3.0042E-01  1.9533E-01 -7.1301E+00
  4.7599E-01 -2.9819E-01  1.9676E-01 -7.1047E+00
  4.7889E-01 -2.9588E-01  1.9820E-01 -7.0783E+00
  4.8180E-01 -2.9351E-01  1.9965E-01 -7.0508E+00
  4.8473E-01 -2.9108E-01  2.0111E-01 -7.0223E+00
  4.8768E-01 -2.8858E-01  2.0259E-01 -6.9927E+00
  4.9065E-01 -2.8601E-01  2.0407E-01 -6.9621E+00
  4.9364E-01 -2.8337E-01  2.0557E-01 -6.9304E+00
  4.9664E-01 -2.8068E-01  2.0709E-01 -6.8975E+00
  4.9967E-01 -2.7791E-01  2.0861E-01 -6.8636E+00
  5.0271E-01 -2.7508E-01  2.1015E-01 -6.8286E+00
  5.0577E-01 -2.7218E-01  2.1170E-01 -6.7925E+00
  5.0885E-01 -2.6922E-01  2.1327E-01 -6.7552E+00
  5.1194E-01 -2.6619E-01  2.1485E-01 -6.7168E+00
  5.1506E-01 -2.6309E-01  2.1644E-01 -6.6772E+00
  5.1820E-01 -2.5993E-01  2.1805E-01 -6.6364E+00
  5.2135E-01 -2.5670E-01  2.1967E-01 -6.5945E+00
  5.2452E-01 -2.5341E-01  2.2130E-01 -6.5514E+00
  5.2772E-01 -2.5005E-01  2.2295E-01 -6.5071E+00
  5.3093E-01 -2.4663E-01  2.2461E-01 -6.4616E+00
  5.3416E-01 -2.4315E-01  2.2628E-01 -6.4149E+00
  5.3741E-01 -2.3959E-01  2.2797E-01 -6.3669E+00
  5.4068E-01 -2.3598E-01  2.2968E-01 -6.3177E+00
  5.4397E-01 -2.3230E-01  2.3139E-01 -6.2673E+00
  5.4728E-01 -2.2855E-01  2.3313E-01 -6.2157E+00
  5.5061E-01 -2.2474E-01  2.3487E-01 -6.1628E+00
  5.5397E-01 -2.2087E-01  2.3664E-01 -6.1086E+00
  5.5734E-01 -2.1694E-01  2.3841E-01 -6.0531E+00
  5.6073E-01 -2.1294E-01  2.4021E-01 -5.9964E+00
  5.6414E-01 -2.0888E-01  2.4201E-01 -5.9384E+00
  5.6758E-01 -2.0475E-01  2.4384E-01 -5.8791E+00
  5.7103E-01 -2.0057E-01  2.4567E-01 -5.8185E+00
  5.7451E-01 -1.9632E-01  2.4753E-01 -5.7566E+00
  5.7800E-01 -1.9201E-01  2.4940E-01 -5.6935E+00
  5.8152E-01 -1.8764E-01  2.5128E-01 -5.6289E+00
  5.8506E-01 -1.8321E-01  2.5318E-01 -5.5631E+00
  5.8862E-01 -1.7872E-01  2.5510E-01 -5.4960E+00
  5.9220E-01 -1.7417E-01  2.5703E-01 -5.4276E+00
  5.9581E-01 -1.6957E-01  2.5898E-01 -5.3578E+00
  5.9943E-01 -1.6490E-01  2.6095E-01 -5.2867E+00
  6.0308E-01 -1.6017E-01  2.6293E-01 -5.2143E+00
  6.0675E-01 -1.5539E-01  2.6493E-01 -5.1405E+00
  6.1045E-01 -1.5055E-01  2.6694E-01 -5.0655E+00
  6.1416E-01 -1.4565E-01  2.6897E-01 -4.9891E+00
  6.1790E-01 -1.4069E-01  2.7102E-01 -4.9114E+00
  6.2166E-01 -1.3568E-01  2.7309E-01 -4.8323E+00
  6.2544E-01 -1.3062E-01  2.7517E-01 -4.7520E+00
  6.2925E-01 -1.2550E-01  2.7727E-01 -4.6703E+00
  6.3308E-01 -1.2033E-01  2.7939E-01 -4.5873E+00
  6.3693E-01 -1.1510E-01  2.8152E-01 -4.5030E+00
  6.4081E-01 -1.0982E-01  2.8367E-01 -4.4174E+00
  6.4471E-01 -1.0449E-01  2.8584E-01 -4.3305E+00
  6.4863E-01 -9.9102E-02  2.8803E-01 -4.2423E+00
  6.5258E-01 -9.3668E-02  2.9023E-01 -4.1528E+00
  6.5655E-01 -8.8183E-02  2.9246E-01 -4.0620E+00
  6.6054E-01 -8.2649E-02  2.9470E-01 -3.9700E+00
  6.6456E-01 -7.7066E-02  2.9696E-01 -3.8767E+00
  6.6861E-01 -7.1435E-02  2.9923E-01 -3.7822E+00
  6.7268E-01 -6.5757E-02  3.0153E-01 -3.6864E+00
  6.7677E-01 -6.0032E-02  3.0384E-01 -3.5895E+00
  6.8089E-01 -5.4261E-02  3.0617E-01 -3.4913E+00
  6.8503E-01 -4.8446E-02  3.0852E-01 -3.3919E+00
  6.8920E-01 -4.2586E-02  3.1089E-01 -3.2913E+00
  6.9340E-01 -3.6682E-02  3.1328E-01 -3.1896E+00
  6.9762E-01 -3.0736E-02  3.1569E-01 -3.0867E+00
  7.0186E-01 -2.4749E-02  3.1811E-01 -2.9827E+00
  7.0613E-01 -1.8720E-02  3.2055E-01 -2.8776E+00
  7.1043E-01 -1.2651E-02  3.2302E-01 -2.7714E+00
  7.1475E-01 -6.5432E-03  3.2550E-01 -2.6641E+00
  7.1910E-01 -3.9689E-04  3.2800E-01 -2.5558E+00
  7.2348E-01  5.7869E-03  3.3052E-01 -2.4465E+00
  7.2788E-01  1.2007E-02  3.3305E-01 -2.3362E+00
  7.3231E-01  1.8263E-02  3.3561E-01 -2.2249E+00
  7.3677E-01  2.4554E-02  3.3819E-01 -2.1127E+00
  7.4125E-01  3.0878E-02  3.4078E-01 -1.9996E+00
  7.4576E-01  3.7235E-02  3.4340E-01 -1.8856E+00
  7.5030E-01  4.3624E-02  3.4603E-01 -1.7707E+00
  7.5487E-01  5.0044E-02  3.4868E-01 -1.6551E+00
  7.5946E-01  5.6494E-02  3.5135E-01 -1.5386E+00
  7.6408E-01  6.2972E-02  3.5404E-01 -1.4214E+00
  7.6873E-01  6.9479E-02  3.5675E-01 -1.3035E+00
  7.7341E-01  7.6012E-02  3.5948E-01 -1.1849E+00
  7.7811E-01  8.2571E-02  3.6223E-01 -1.0657E+00
  7.8285E-01  8.9155E-02  3.6500E-01 -9.4588E-01
  7.8761E-01  9.5762E-02  3.6779E-01 -8.2551E-01
  7.9241E-01  1.0239E-01  3.7059E-01 -7.0463E-01
  7.9723E-01  1.0904E-01  3.7342E-01 -5.8329E-01
  8.0208E-01  1.1572E-01  3.7626E-01 -4.6153E-01
  8.0696E-01  1.2241E-01  3.7913E-01 -3.3939E-01
  8.1187E-01  1.2912E-01  3.8201E-01 -2.1693E-01
  8.1681E-01  1.3585E-01  3.8491E-01 -9.4202E-02
  8.2178E-01  1.4259E-01  3.8783E-01  2.8753E-02
  8.2678E-01  1.4935E-01  3.9076E-01  1.5188E-01
  8.3181E-01  1.5612E-01  3.9372E-01  2.7512E-01
  8.3687E-01  1.6290E-01  3.9670E-01  3.9842E-01
  8.4196E-01  1.6970E-01  3.9969E-01  5.2173E-01
  8.4709E-01  1.7651E-01  4.0270E-01  6.4498E-01
  8.5224E-01  1.8332E-01  4.0573E-01  7.6812E-01
  8.5743E-01  1.9015E-01  4.0878E-01  8.9109E-01
  8.6265E-01  1.9698E-01  4.1184E-01  1.0138E+00
  8.6789E-01  2.0382E-01  4.1493E-01  1.1362E+00
  8.7318E-01  2.1066E-01  4.1803E-01  1.2583E+00
  8.7849E-01  2.1750E-01  4.2115E-01  1.3799E+00
  8.8383E-01  2.2435E-01  4.2428E-01  1.5011E+00
  8.8921E-01  2.3120E-01  4.2743E-01  1.6216E+00
  8.9462E-01  2.3805E-01  4.3060E-01  1.7415E+00
  9.0007E-01  2.4489E-01  4.3379E-01  1.8608E+00
  9.0554E-01  2.5174E-01  4.3699E-01  1.9792E+00
  9.1105E-01  2.5858E-01  4.4021E-01  2.0968E+00
  9.1660E-01  2.6541E-01  4.4344E-01  2.2134E+00
  9.2217E-01  2.7224E-01  4.4669E-01  2.3291E+00
  9.2778E-01  2.7906E-01  4.4996E-01  2.4436E+00
  9.3343E-01  2.8588E-01  4.5324E-01  2.5570E+00
  9.3911E-01  2.9268E-01  4.5653E-01  2.6692E+00
  9.4482E-01  2.9947E-01  4.5984E-01  2.7800E+00
  9.5057E-01  3.0625E-01  4.6316E-01  2.8895E+00
  9.5635E-01  3.1302E-01  4.6650E-01  2.9975E+00
  9.6217E-01  3.1977E-01  4.6985E-01  3.1039E+00
  9.6803E-01  3.2650E-01  4.7321E-01  3.2086E+00
  9.7392E-01  3.3322E-01  4.7658E-01  3.3117E+00
  9.7984E-01  3.3992E-01  4.7997E-01  3.4129E+00
  9.8581E-01  3.4660E-01  4.8337E-01  3.5122E+00
  9.9180E-01  3.5325E-01  4.8678E-01  3.6096E+00
  9.9784E-01  3.5989E-01  4.9020E-01  3.7049E+00
  1.0039E+00  3.6650E-01  4.9363E-01  3.7980E+00
  1.0100E+00  3.7309E-01  4.9707E-01  3.8889E+00
  1.0162E+00  3.7965E-01  5.0052E-01  3.9775E+00
  1.0223E+00  3.8618E-01  5.0398E-01  4.0637E+00
  1.0286E+00  3.9269E-01  5.0745E-01  4.1474E+00
  1.0348E+00  3.9916E-01  5.1093E-01  4.2285E+00
  1.0411E+00  4.0561E-01  5.1441E-01  4.3070E+00
  1.0475E+00  4.1202E-01  5.1790E-01  4.3827E+00
  1.0538E+00  4.1840E-01  5.2139E-01  4.4556E+00
  1.0602E+00  4.2475E-01  5.2490E-01  4.5256E+00
  1.0667E+00  4.3106E-01  5.2840E-01  4.5926E+00
  1.0732E+00  4.3733E-01  5.3191E-01  4.6565E+00
  1.0797E+00  4.4357E-01  5.3542E-01  4.7173E+00
  1.0863E+00  4.4977E-01  5.3894E-01  4.7749E+00
  1.0929E+00  4.5592E-01  5.4246E-01  4.8292E+00
  1.0995E+00  4.6204E-01  5.4598E-01  4.8800E+00
  1.1062E+00  4.6811E-01  5.4950E-01  4.9275E+00
  1.1130E+00  4.7414E-01  5.5302E-01  4.9714E+00
  1.1197E+00  4.8013E-01  5.5654E-01  5.0117E+00
  1.1265E+00  4.8607E-01  5.6006E-01  5.0484E+00
  1.1334E+00  4.9196E-01  5.6357E-01  5.0814E+00
  1.1403E+00  4.9781E-01  5.6708E-01  5.1105E+00
  1.1472E+00  5.0361E-01  5.7059E-01  5.1358E+00
  1.1542E+00  5.0936E-01  5.7409E-01  5.1573E+00
  1.1612E+00  5.1506E-01  5.7759E-01  5.1747E+00
  1.1683E+00  5.2071E-01  5.8108E-01  5.1882E+00
  1.1754E+00  5.2631E-01  5.8456E-01  5.1976E+00
  1.1826E+00  5.3185E-01  5.8803E-01  5.2029E+00
  1.1897E+00  5.3734E-01  5.9150E-01  5.2041E+00
  1.1970E+00  5.4278E-01  5.9495E-01  5.2011E+00
  1.2043E+00  5.4816E-01  5.9839E-01  5.1939E+00
  1.2116E+00  5.5349E-01  6.0182E-01  5.1825E+00
  1.2190E+00  5.5875E-01  6.0523E-01  5.1669E+00
  1.2264E+00  5.6396E-01  6.0863E-01  5.1470E+00
  1.2338E+00  5.6912E-01  6.1201E-01  5.1228E+00
  1.2413E+00  5.7421E-01  6.1538E-01  5.0943E+00
  1.2489E+00  5.7924E-01  6.1872E-01  5.0615E+00
  1.2565E+00  5.8421E-01  6.2205E-01  5.0244E+00
  1.2641E+00  5.8912E-01  6.2536E-01  4.9831E+00
  1.2718E+00  5.9397E-01  6.2865E-01  4.9375E+00
  1.2796E+00  5.9875E-01  6.3191E-01  4.8877E+00
  1.2874E+00  6.0347E-01  6.3515E-01  4.8337E+00
  1.2952E+00  6.0812E-01  6.3836E-01  4.7755E+00
  1.3031E+00  6.1271E-01  6.4155E-01  4.7132E+00
  1.3110E+00  6.1722E-01  6.4471E-01  4.6468E+00
  1.3190E+00  6.2167E-01  6.4784E-01  4.5764E+00
  1.3270E+00  6.2605E-01  6.5094E-01  4.5021E+00
  1.3351E+00  6.3036E-01  6.5400E-01  4.4239E+00
  1.3432E+00  6.3460E-01  6.5704E-01  4.3418E+00
  1.3514E+00  6.3877E-01  6.6004E-01  4.2561E+00
  1.3596E+00  6.4286E-01  6.6301E-01  4.1667E+00
  1.3679E+00  6.4688E-01  6.6594E-01  4.0739E+00
  1.3762E+00  6.5082E-01  6.6883E-01  3.9776E+00
  1.3845E+00  6.5469E-01  6.7168E-01  3.8781E+00
  1.3930E+00  6.5848E-01  6.7449E-01  3.7754E+00
  1.4014E+00  6.6219E-01  6.7726E-01  3.6697E+00
  1.4100E+00  6.6582E-01  6.7998E-01  3.5612E+00
  1.4185E+00  6.6937E-01  6.8266E-01  3.4500E+00
  1.4272E+00  6.7285E-01  6.8529E-01  3.3363E+00
  1.4359E+00  6.7623E-01  6.8788E-01  3.2203E+00
  1.4446E+00  6.7954E-01  6.9042E-01  3.1021E+00
  1.4534E+00  6.8276E-01  6.9290E-01  2.9820E+00
  1.4622E+00  6.8590E-01  6.9534E-01  2.8602E+00
  1.4711E+00  6.8895E-01  6.9772E-01  2.7369E+00
  1.4801E+00  6.9192E-01  7.0005E-01  2.6123E+00
  1.4891E+00  6.9480E-01  7.0232E-01  2.4867E+00
  1.4981E+00  6.9759E-01  7.0453E-01  2.3604E+00
  1.5072E+00  7.0029E-01  7.0669E-01  2.2335E+00
  1.5164E+00  7.0291E-01  7.0879E-01  2.1065E+00
  1.5256E+00  7.0543E-01  7.1082E-01  1.9795E+00
  1.5349E+00  7.0787E-01  7.1280E-01  1.8530E+00
  1.5443E+00  7.1021E-01  7.1471E-01  1.7272E+00
  1.5537E+00  7.1246E-01  7.1655E-01  1.6024E+00
  1.5631E+00  7.1463E-01  7.1833E-01  1.4791E+00
  1.5726E+00  7.1669E-01  7.2004E-01  1.3575E+00
  1.5822E+00  7.1867E-01  7.2168E-01  1.2382E+00
  1.5918E+00  7.2055E-01  7.2325E-01  1.1214E+00
  1.6015E+00  7.2234E-01  7.2475E-01  1.0076E+00
  1.6112E+00  7.2404E-01  7.2618E-01  8.9720E-01
  1.6210E+00  7.2564E-01  7.2754E-01  7.9073E-01
  1.6309E+00  7.2715E-01  7.2882E-01  6.8864E-01
  1.6408E+00  7.2856E-01  7.3002E-01  5.9144E-01
  1.6508E+00  7.2988E-01  7.3115E-01  4.9967E-01
  1.6608E+00  7.3110E-01  7.3220E-01  4.1388E-01
  1.6709E+00  7.3223E-01  7.3317E-01  3.3468E-01
  1.6811E+00  7.3326E-01  7.3406E-01  2.6269E-01
  1.6913E+00  7.3420E-01  7.3487E-01  1.9858E-01
  1.7016E+00  7.3503E-01  7.3560E-01  1.4305E-01
  1.7120E+00  7.3578E-01  7.3625E-01  9.6876E-02
  1.7224E+00  7.3642E-01  7.3681E-01  6.0850E-02
  1.7329E+00  7.3698E-01  7.3729E-01  3.5839E-02
  1.7434E+00  7.3743E-01  7.3768E-01  2.2773E-02
  1.7540E+00  7.3779E-01  7.3798E-01  2.2792E-02
  1.7647E+00  7.3805E-01  7.3820E-01  3.3367E-02
  1.7754E+00  7.3822E-01  7.3833E-01  4.1638E-02
  1.7862E+00  7.3829E-01  7.3837E-01  4.7474E-02
  1.7971E+00  7.3826E-01  7.3832E-01  5.0800E-02
  1.8080E+00  7.3814E-01  7.3818E-01  5.1603E-02
  1.8190E+00  7.3792E-01  7.3795E-01  4.9954E-02
  1.8301E+00  7.3761E-01  7.3763E-01  4.6020E-02
  1.8412E+00  7.3721E-01  7.3721E-01  4.0082E-02
  1.8524E+00  7.3670E-01  7.3671E-01  3.2564E-02
  1.8637E+00  7.3611E-01  7.3611E-01  2.4047E-02
  1.8750E+00  7.3542E-01  7.3542E-01  1.5303E-02
  1.8864E+00  7.3464E-01  7.3464E-01  7.3254E-03
  1.8979E+00  7.3376E-01  7.3376E-01  1.3599E-03
  1.9094E+00  7.3279E-01  7.3279E-01  0.0000E+00
  1.9211E+00  7.3173E-01  7.3173E-01  0.0000E+00
  1.9328E+00  7.3057E-01  7.3057E-01  0.0000E+00
  1.9445E+00  7.2933E-01  7.2933E-01  0.0000E+00
  1.9563E+00  7.2799E-01  7.2799E-01  0.0000E+00
  1.9682E+00  7.2657E-01  7.2657E-01  0.0000E+00
  1.9802E+00  7.2505E-01  7.2505E-01  0.0000E+00
  1.9923E+00  7.2344E-01  7.2344E-01  0.0000E+00
  2.0044E+00  7.2175E-01  7.2175E-01  0.0000E+00
  2.0166E+00  7.1997E-01  7.1997E-01  0.0000E+00
  2.0288E+00  7.1810E-01  7.1810E-01  0.0000E+00
  2.0412E+00  7.1614E-01  7.1614E-01  0.0000E+00
  2.0536E+00  7.1410E-01  7.1410E-01  0.0000E+00
  2.0661E+00  7.1198E-01  7.1198E-01  0.0000E+00
  2.0787E+00  7.0977E-01  7.0977E-01  0.0000E+00
  2.0913E+00  7.0747E-01  7.0747E-01  0.0000E+00
  2.1040E+00  7.0510E-01  7.0510E-01  0.0000E+00
  2.1168E+00  7.0264E-01  7.0264E-01  0.0000E+00
  2.1297E+00  7.0010E-01  7.0010E-01  0.0000E+00
  2.1426E+00  6.9749E-01  6.9749E-01  0.0000E+00
  2.1557E+00  6.9479E-01  6.9479E-01  0.0000E+00
  2.1688E+00  6.9202E-01  6.9202E-01  0.0000E+00
  2.1820E+00  6.8917E-01  6.8917E-01  0.0000E+00
  2.1953E+00  6.8624E-01  6.8624E-01  0.0000E+00
  2.2086E+00  6.8324E-01  6.8324E-01  0.0000E+00
  2.2220E+00  6.8016E-01  6.8016E-01  0.0000E+00
  2.2356E+00  6.7702E-01  6.7702E-01  0.0000E+00
  2.2492E+00  6.7380E-01  6.7380E-01  0.0000E+00
  2.2628E+00  6.7051E-01  6.7051E-01  0.0000E+00
  2.2766E+00  6.6715E-01  6.6715E-01  0.0000E+00
  2.2905E+00  6.6372E-01  6.6372E-01  0.0000E+00
  2.3044E+00  6.6023E-01  6.6023E-01  0.0000E+00
  2.3184E+00  6.5667E-01  6.5667E-01  0.0000E+00
  2.3325E+00  6.5304E-01  6.5304E-01  0.0000E+00
  2.3467E+00  6.4935E-01  6.4935E-01  0.0000E+00
  2.3610E+00  6.4560E-01  6.4560E-01  0.0000E+00
  2.3753E+00  6.4179E-01  6.4179E-01  0.0000E+00
  2.3898E+00  6.3792E-01  6.3792E-01  0.0000E+00
  2.4043E+00  6.3399E-01  6.3399E-01  0.0000E+00
  2.4189E+00  6.3001E-01  6.3001E-01  0.0000E+00
  2.4337E+00  6.2596E-01  6.2596E-01  0.0000E+00
  2.4485E+00  6.2187E-01  6.2187E-01  0.0000E+00
  2.4634E+00  6.1772E-01  6.1772E-01  0.0000E+00
  2.4783E+00  6.1351E-01  6.1351E-01  0.0000E+00
  2.4934E+00  6.0926E-01  6.0926E-01  0.0000E+00
  2.5086E+00  6.0496E-01  6.0496E-01  0.0000E+00
  2.5238E+00  6.0061E-01  6.0061E-01  0.0000E+00
  2.5392E+00  5.9621E-01  5.9621E-01  0.0000E+00
  2.5546E+00  5.9177E-01  5.9177E-01  0.0000E+00
  2.5702E+00  5.8729E-01  5.8729E-01  0.0000E+00
  2.5858E+00  5.8276E-01  5.8276E-01  0.0000E+00
