 # l=           3 energy=  -5.0000000000000000     
  0.0000E+00  0.0000E+00  0.0000E+00  0.0000E+00
  1.1384E-06  5.3392E-25  1.7178E-19  3.2259E-21
  2.2870E-06  8.6968E-24  2.0721E-18  3.8911E-20
  3.4458E-06  4.4822E-23  8.9518E-18  1.6810E-19
  4.6150E-06  1.4422E-22  2.5401E-17  4.7701E-19
  5.7947E-06  3.5847E-22  5.7251E-17  1.0751E-18
  6.9849E-06  7.5679E-22  1.1154E-16  2.0946E-18
  8.1858E-06  1.4275E-21  1.9653E-16  3.6906E-18
  9.3975E-06  2.4795E-21  3.2171E-16  6.0414E-18
  1.0620E-05  4.0440E-21  4.9787E-16  9.3493E-18
  1.1853E-05  6.2760E-21  7.3707E-16  1.3841E-17
  1.3098E-05  9.3564E-21  1.0528E-15  1.9770E-17
  1.4353E-05  1.3494E-20  1.4599E-15  2.7415E-17
  1.5620E-05  1.8926E-20  1.9747E-15  3.7083E-17
  1.6898E-05  2.5923E-20  2.6152E-15  4.9110E-17
  1.8188E-05  3.4790E-20  3.4008E-15  6.3863E-17
  1.9489E-05  4.5865E-20  4.3528E-15  8.1740E-17
  2.0802E-05  5.9528E-20  5.4941E-15  1.0317E-16
  2.2126E-05  7.6199E-20  6.8496E-15  1.2863E-16
  2.3463E-05  9.6344E-20  8.4461E-15  1.5861E-16
  2.4811E-05  1.2047E-19  1.0312E-14  1.9365E-16
  2.6171E-05  1.4915E-19  1.2479E-14  2.3434E-16
  2.7544E-05  1.8299E-19  1.4980E-14  2.8130E-16
  2.8929E-05  2.2265E-19  1.7850E-14  3.3520E-16
  3.0326E-05  2.6889E-19  2.1127E-14  3.9674E-16
  3.1735E-05  3.2248E-19  2.4852E-14  4.6669E-16
  3.3158E-05  3.8430E-19  2.9068E-14  5.4586E-16
  3.4593E-05  4.5527E-19  3.3820E-14  6.3511E-16
  3.6041E-05  5.3641E-19  3.9159E-14  7.3536E-16
  3.7502E-05  6.2881E-19  4.5135E-14  8.4758E-16
  3.8975E-05  7.3365E-19  5.1804E-14  9.7282E-16
  4.0463E-05  8.5219E-19  5.9225E-14  1.1122E-15
  4.1963E-05  9.8580E-19  6.7459E-14  1.2668E-15
  4.3477E-05  1.1359E-18  7.6572E-14  1.4379E-15
  4.5004E-05  1.3042E-18  8.6634E-14  1.6269E-15
  4.6545E-05  1.4922E-18  9.7719E-14  1.8350E-15
  4.8100E-05  1.7018E-18  1.0990E-13  2.0639E-15
  4.9669E-05  1.9349E-18  1.2327E-13  2.3149E-15
  5.1251E-05  2.1936E-18  1.3791E-13  2.5897E-15
  5.2848E-05  2.4800E-18  1.5390E-13  2.8901E-15
  5.4460E-05  2.7965E-18  1.7136E-13  3.2179E-15
  5.6085E-05  3.1457E-18  1.9037E-13  3.5749E-15
  5.7725E-05  3.5301E-18  2.1105E-13  3.9633E-15
  5.9380E-05  3.9527E-18  2.3351E-13  4.3850E-15
  6.1050E-05  4.4163E-18  2.5787E-13  4.8424E-15
  6.2734E-05  4.9243E-18  2.8425E-13  5.3378E-15
  6.4434E-05  5.4801E-18  3.1278E-13  5.8737E-15
  6.6149E-05  6.0872E-18  3.4361E-13  6.4526E-15
  6.7879E-05  6.7495E-18  3.7688E-13  7.0773E-15
  6.9625E-05  7.4710E-18  4.1273E-13  7.7506E-15
  7.1386E-05  8.2562E-18  4.5134E-13  8.4757E-15
  7.3163E-05  9.1095E-18  4.9287E-13  9.2556E-15
  7.4956E-05  1.0036E-17  5.3750E-13  1.0094E-14
  7.6765E-05  1.1040E-17  5.8541E-13  1.0993E-14
  7.8590E-05  1.2128E-17  6.3679E-13  1.1958E-14
  8.0432E-05  1.3306E-17  6.9186E-13  1.2992E-14
  8.2290E-05  1.4578E-17  7.5082E-13  1.4099E-14
  8.4165E-05  1.5953E-17  8.1390E-13  1.5284E-14
  8.6056E-05  1.7436E-17  8.8133E-13  1.6550E-14
  8.7964E-05  1.9035E-17  9.5336E-13  1.7903E-14
  8.9890E-05  2.0757E-17  1.0302E-12  1.9347E-14
  9.1832E-05  2.2610E-17  1.1123E-12  2.0887E-14
  9.3792E-05  2.4603E-17  1.1997E-12  2.2529E-14
  9.5770E-05  2.6745E-17  1.2928E-12  2.4277E-14
  9.7765E-05  2.9044E-17  1.3919E-12  2.6139E-14
  9.9778E-05  3.1511E-17  1.4974E-12  2.8119E-14
  1.0181E-04  3.4156E-17  1.6096E-12  3.0225E-14
  1.0386E-04  3.6990E-17  1.7287E-12  3.2463E-14
  1.0593E-04  4.0025E-17  1.8553E-12  3.4840E-14
  1.0801E-04  4.3272E-17  1.9896E-12  3.7363E-14
  1.1012E-04  4.6745E-17  2.1321E-12  4.0039E-14
  1.1224E-04  5.0456E-17  2.2833E-12  4.2877E-14
  1.1438E-04  5.4421E-17  2.4435E-12  4.5885E-14
  1.1654E-04  5.8653E-17  2.6131E-12  4.9071E-14
  1.1873E-04  6.3168E-17  2.7928E-12  5.2445E-14
  1.2093E-04  6.7984E-17  2.9829E-12  5.6016E-14
  1.2315E-04  7.3116E-17  3.1841E-12  5.9793E-14
  1.2539E-04  7.8583E-17  3.3968E-12  6.3787E-14
  1.2765E-04  8.4404E-17  3.6216E-12  6.8009E-14
  1.2993E-04  9.0599E-17  3.8591E-12  7.2470E-14
  1.3223E-04  9.7189E-17  4.1100E-12  7.7181E-14
  1.3455E-04  1.0420E-16  4.3748E-12  8.2154E-14
  1.3689E-04  1.1164E-16  4.6543E-12  8.7403E-14
  1.3925E-04  1.1955E-16  4.9492E-12  9.2940E-14
  1.4164E-04  1.2795E-16  5.2601E-12  9.8779E-14
  1.4404E-04  1.3687E-16  5.5879E-12  1.0493E-13
  1.4647E-04  1.4633E-16  5.9334E-12  1.1142E-13
  1.4892E-04  1.5637E-16  6.2973E-12  1.1826E-13
  1.5139E-04  1.6700E-16  6.6805E-12  1.2545E-13
  1.5388E-04  1.7828E-16  7.0840E-12  1.3303E-13
  1.5640E-04  1.9022E-16  7.5087E-12  1.4100E-13
  1.5894E-04  2.0287E-16  7.9555E-12  1.4939E-13
  1.6150E-04  2.1626E-16  8.4255E-12  1.5822E-13
  1.6408E-04  2.3044E-16  8.9198E-12  1.6750E-13
  1.6669E-04  2.4543E-16  9.4394E-12  1.7726E-13
  1.6932E-04  2.6129E-16  9.9854E-12  1.8751E-13
  1.7197E-04  2.7805E-16  1.0559E-11  1.9829E-13
  1.7465E-04  2.9578E-16  1.1162E-11  2.0960E-13
  1.7735E-04  3.1450E-16  1.1795E-11  2.2149E-13
  1.8007E-04  3.3428E-16  1.2459E-11  2.3397E-13
  1.8282E-04  3.5517E-16  1.3157E-11  2.4706E-13
  1.8560E-04  3.7722E-16  1.3889E-11  2.6081E-13
  1.8840E-04  4.0050E-16  1.4656E-11  2.7523E-13
  1.9122E-04  4.2506E-16  1.5462E-11  2.9035E-13
  1.9407E-04  4.5096E-16  1.6306E-11  3.0621E-13
  1.9694E-04  4.7828E-16  1.7192E-11  3.2284E-13
  1.9984E-04  5.0708E-16  1.8120E-11  3.4027E-13
  2.0277E-04  5.3744E-16  1.9093E-11  3.5853E-13
  2.0572E-04  5.6944E-16  2.0112E-11  3.7767E-13
  2.0870E-04  6.0314E-16  2.1179E-11  3.9772E-13
  2.1171E-04  6.3864E-16  2.2297E-11  4.1872E-13
  2.1474E-04  6.7603E-16  2.3468E-11  4.4070E-13
  2.1780E-04  7.1539E-16  2.4694E-11  4.6372E-13
  2.2089E-04  7.5682E-16  2.5977E-11  4.8782E-13
  2.2400E-04  8.0041E-16  2.7320E-11  5.1303E-13
  2.2714E-04  8.4628E-16  2.8725E-11  5.3942E-13
  2.3031E-04  8.9453E-16  3.0195E-11  5.6702E-13
  2.3351E-04  9.4528E-16  3.1733E-11  5.9590E-13
  2.3674E-04  9.9863E-16  3.3341E-11  6.2609E-13
  2.4000E-04  1.0547E-15  3.5022E-11  6.5767E-13
  2.4328E-04  1.1137E-15  3.6780E-11  6.9068E-13
  2.4660E-04  1.1756E-15  3.8617E-11  7.2519E-13
  2.4994E-04  1.2407E-15  4.0538E-11  7.6125E-13
  2.5332E-04  1.3091E-15  4.2545E-11  7.9894E-13
  2.5672E-04  1.3809E-15  4.4642E-11  8.3831E-13
  2.6016E-04  1.4563E-15  4.6832E-11  8.7945E-13
  2.6362E-04  1.5355E-15  4.9120E-11  9.2241E-13
  2.6712E-04  1.6186E-15  5.1510E-11  9.6729E-13
  2.7065E-04  1.7058E-15  5.4005E-11  1.0141E-12
  2.7421E-04  1.7973E-15  5.6610E-11  1.0631E-12
  2.7780E-04  1.8934E-15  5.9330E-11  1.1141E-12
  2.8142E-04  1.9941E-15  6.2169E-11  1.1674E-12
  2.8508E-04  2.0998E-15  6.5132E-11  1.2231E-12
  2.8877E-04  2.2106E-15  6.8223E-11  1.2811E-12
  2.9249E-04  2.3268E-15  7.1449E-11  1.3417E-12
  2.9624E-04  2.4486E-15  7.4815E-11  1.4049E-12
  3.0003E-04  2.5763E-15  7.8325E-11  1.4708E-12
  3.0386E-04  2.7101E-15  8.1987E-11  1.5396E-12
  3.0771E-04  2.8504E-15  8.5806E-11  1.6113E-12
  3.1160E-04  2.9973E-15  8.9788E-11  1.6861E-12
  3.1553E-04  3.1513E-15  9.3939E-11  1.7641E-12
  3.1949E-04  3.3125E-15  9.8268E-11  1.8453E-12
  3.2349E-04  3.4814E-15  1.0278E-10  1.9301E-12
  3.2752E-04  3.6583E-15  1.0748E-10  2.0184E-12
  3.3159E-04  3.8435E-15  1.1238E-10  2.1104E-12
  3.3569E-04  4.0374E-15  1.1749E-10  2.2063E-12
  3.3984E-04  4.2403E-15  1.2281E-10  2.3063E-12
  3.4401E-04  4.4528E-15  1.2836E-10  2.4104E-12
  3.4823E-04  4.6751E-15  1.3414E-10  2.5189E-12
  3.5248E-04  4.9078E-15  1.4015E-10  2.6319E-12
  3.5678E-04  5.1512E-15  1.4642E-10  2.7496E-12
  3.6111E-04  5.4059E-15  1.5295E-10  2.8721E-12
  3.6548E-04  5.6723E-15  1.5974E-10  2.9998E-12
  3.6988E-04  5.9510E-15  1.6682E-10  3.1327E-12
  3.7433E-04  6.2424E-15  1.7419E-10  3.2711E-12
  3.7882E-04  6.5471E-15  1.8186E-10  3.4152E-12
  3.8335E-04  6.8658E-15  1.8985E-10  3.5651E-12
  3.8792E-04  7.1990E-15  1.9816E-10  3.7212E-12
  3.9252E-04  7.5472E-15  2.0682E-10  3.8837E-12
  3.9717E-04  7.9113E-15  2.1582E-10  4.0528E-12
  4.0187E-04  8.2918E-15  2.2519E-10  4.2288E-12
  4.0660E-04  8.6894E-15  2.3494E-10  4.4119E-12
  4.1138E-04  9.1050E-15  2.4509E-10  4.6025E-12
  4.1619E-04  9.5391E-15  2.5565E-10  4.8007E-12
  4.2106E-04  9.9927E-15  2.6663E-10  5.0069E-12
  4.2596E-04  1.0467E-14  2.7805E-10  5.2214E-12
  4.3091E-04  1.0962E-14  2.8993E-10  5.4445E-12
  4.3591E-04  1.1479E-14  3.0229E-10  5.6766E-12
  4.4094E-04  1.2019E-14  3.1514E-10  5.9180E-12
  4.4603E-04  1.2582E-14  3.2851E-10  6.1690E-12
  4.5116E-04  1.3171E-14  3.4241E-10  6.4300E-12
  4.5633E-04  1.3786E-14  3.5686E-10  6.7014E-12
  4.6155E-04  1.4428E-14  3.7189E-10  6.9836E-12
  4.6682E-04  1.5098E-14  3.8751E-10  7.2769E-12
  4.7213E-04  1.5797E-14  4.0375E-10  7.5819E-12
  4.7750E-04  1.6527E-14  4.2063E-10  7.8989E-12
  4.8291E-04  1.7289E-14  4.3818E-10  8.2284E-12
  4.8837E-04  1.8084E-14  4.5642E-10  8.5709E-12
  4.9387E-04  1.8914E-14  4.7538E-10  8.9269E-12
  4.9943E-04  1.9780E-14  4.9508E-10  9.2968E-12
  5.0504E-04  2.0683E-14  5.1555E-10  9.6813E-12
  5.1069E-04  2.1625E-14  5.3682E-10  1.0081E-11
  5.1640E-04  2.2608E-14  5.5893E-10  1.0496E-11
  5.2216E-04  2.3634E-14  5.8189E-10  1.0927E-11
  5.2797E-04  2.4703E-14  6.0575E-10  1.1375E-11
  5.3383E-04  2.5819E-14  6.3054E-10  1.1841E-11
  5.3975E-04  2.6982E-14  6.5629E-10  1.2324E-11
  5.4571E-04  2.8196E-14  6.8304E-10  1.2827E-11
  5.5173E-04  2.9461E-14  7.1083E-10  1.3348E-11
  5.5781E-04  3.0780E-14  7.3969E-10  1.3890E-11
  5.6394E-04  3.2155E-14  7.6966E-10  1.4453E-11
  5.7012E-04  3.3589E-14  8.0079E-10  1.5038E-11
  5.7636E-04  3.5083E-14  8.3312E-10  1.5645E-11
  5.8266E-04  3.6641E-14  8.6669E-10  1.6275E-11
  5.8901E-04  3.8265E-14  9.0155E-10  1.6930E-11
  5.9541E-04  3.9958E-14  9.3775E-10  1.7610E-11
  6.0188E-04  4.1722E-14  9.7533E-10  1.8315E-11
  6.0840E-04  4.3560E-14  1.0144E-09  1.9048E-11
  6.1498E-04  4.5476E-14  1.0549E-09  1.9809E-11
  6.2163E-04  4.7472E-14  1.0969E-09  2.0599E-11
  6.2833E-04  4.9552E-14  1.1406E-09  2.1418E-11
  6.3509E-04  5.1719E-14  1.1859E-09  2.2270E-11
  6.4191E-04  5.3977E-14  1.2329E-09  2.3153E-11
  6.4879E-04  5.6329E-14  1.2818E-09  2.4070E-11
  6.5573E-04  5.8779E-14  1.3325E-09  2.5022E-11
  6.6273E-04  6.1331E-14  1.3851E-09  2.6010E-11
  6.6980E-04  6.3989E-14  1.4397E-09  2.7035E-11
  6.7693E-04  6.6758E-14  1.4963E-09  2.8099E-11
  6.8413E-04  6.9642E-14  1.5551E-09  2.9203E-11
  6.9139E-04  7.2645E-14  1.6161E-09  3.0348E-11
  6.9871E-04  7.5773E-14  1.6794E-09  3.1537E-11
  7.0610E-04  7.9029E-14  1.7451E-09  3.2771E-11
  7.1356E-04  8.2420E-14  1.8133E-09  3.4051E-11
  7.2108E-04  8.5951E-14  1.8840E-09  3.5379E-11
  7.2867E-04  8.9627E-14  1.9574E-09  3.6757E-11
  7.3633E-04  9.3455E-14  2.0335E-09  3.8187E-11
  7.4405E-04  9.7439E-14  2.1125E-09  3.9670E-11
  7.5185E-04  1.0159E-13  2.1944E-09  4.1208E-11
  7.5971E-04  1.0591E-13  2.2794E-09  4.2804E-11
  7.6765E-04  1.1040E-13  2.3676E-09  4.4460E-11
  7.7565E-04  1.1508E-13  2.4591E-09  4.6177E-11
  7.8373E-04  1.1995E-13  2.5539E-09  4.7959E-11
  7.9188E-04  1.2502E-13  2.6523E-09  4.9807E-11
  8.0010E-04  1.3029E-13  2.7544E-09  5.1723E-11
  8.0840E-04  1.3578E-13  2.8602E-09  5.3711E-11
  8.1677E-04  1.4149E-13  2.9700E-09  5.5772E-11
  8.2522E-04  1.4743E-13  3.0838E-09  5.7910E-11
  8.3374E-04  1.5362E-13  3.2019E-09  6.0127E-11
  8.4234E-04  1.6005E-13  3.3243E-09  6.2426E-11
  8.5101E-04  1.6675E-13  3.4513E-09  6.4811E-11
  8.5976E-04  1.7372E-13  3.5830E-09  6.7283E-11
  8.6859E-04  1.8096E-13  3.7195E-09  6.9847E-11
  8.7750E-04  1.8850E-13  3.8611E-09  7.2505E-11
  8.8649E-04  1.9635E-13  4.0079E-09  7.5262E-11
  8.9556E-04  2.0451E-13  4.1601E-09  7.8120E-11
  9.0471E-04  2.1299E-13  4.3179E-09  8.1083E-11
  9.1395E-04  2.2182E-13  4.4815E-09  8.4155E-11
  9.2326E-04  2.3100E-13  4.6511E-09  8.7341E-11
  9.3266E-04  2.4055E-13  4.8269E-09  9.0643E-11
  9.4214E-04  2.5049E-13  5.0093E-09  9.4066E-11
  9.5171E-04  2.6082E-13  5.1983E-09  9.7615E-11
  9.6136E-04  2.7156E-13  5.3942E-09  1.0129E-10
  9.7110E-04  2.8274E-13  5.5973E-09  1.0511E-10
  9.8093E-04  2.9435E-13  5.8078E-09  1.0906E-10
  9.9084E-04  3.0644E-13  6.0261E-09  1.1316E-10
  1.0008E-03  3.1900E-13  6.2523E-09  1.1741E-10
  1.0109E-03  3.3206E-13  6.4868E-09  1.2181E-10
  1.0211E-03  3.4565E-13  6.7298E-09  1.2638E-10
  1.0314E-03  3.5977E-13  6.9817E-09  1.3111E-10
  1.0418E-03  3.7445E-13  7.2428E-09  1.3601E-10
  1.0522E-03  3.8972E-13  7.5134E-09  1.4109E-10
  1.0628E-03  4.0559E-13  7.7939E-09  1.4636E-10
  1.0734E-03  4.2208E-13  8.0846E-09  1.5182E-10
  1.0842E-03  4.3924E-13  8.3858E-09  1.5747E-10
  1.0950E-03  4.5706E-13  8.6980E-09  1.6333E-10
  1.1059E-03  4.7560E-13  9.0215E-09  1.6941E-10
  1.1170E-03  4.9486E-13  9.3568E-09  1.7571E-10
  1.1281E-03  5.1488E-13  9.7042E-09  1.8223E-10
  1.1393E-03  5.3570E-13  1.0064E-08  1.8899E-10
  1.1507E-03  5.5733E-13  1.0437E-08  1.9600E-10
  1.1621E-03  5.7981E-13  1.0824E-08  2.0326E-10
  1.1736E-03  6.0318E-13  1.1225E-08  2.1078E-10
  1.1853E-03  6.2746E-13  1.1640E-08  2.1857E-10
  1.1970E-03  6.5270E-13  1.2070E-08  2.2665E-10
  1.2089E-03  6.7893E-13  1.2515E-08  2.3502E-10
  1.2208E-03  7.0618E-13  1.2977E-08  2.4369E-10
  1.2329E-03  7.3450E-13  1.3455E-08  2.5267E-10
  1.2450E-03  7.6394E-13  1.3951E-08  2.6198E-10
  1.2573E-03  7.9452E-13  1.4465E-08  2.7163E-10
  1.2697E-03  8.2629E-13  1.4997E-08  2.8162E-10
  1.2822E-03  8.5931E-13  1.5548E-08  2.9197E-10
  1.2948E-03  8.9362E-13  1.6119E-08  3.0269E-10
  1.3075E-03  9.2926E-13  1.6711E-08  3.1380E-10
  1.3204E-03  9.6629E-13  1.7324E-08  3.2531E-10
  1.3333E-03  1.0048E-12  1.7959E-08  3.3724E-10
  1.3464E-03  1.0447E-12  1.8616E-08  3.4959E-10
  1.3596E-03  1.0863E-12  1.9298E-08  3.6238E-10
  1.3729E-03  1.1294E-12  2.0004E-08  3.7564E-10
  1.3863E-03  1.1742E-12  2.0735E-08  3.8937E-10
  1.3998E-03  1.2208E-12  2.1492E-08  4.0359E-10
  1.4135E-03  1.2691E-12  2.2277E-08  4.1833E-10
  1.4273E-03  1.3194E-12  2.3090E-08  4.3359E-10
  1.4412E-03  1.3716E-12  2.3932E-08  4.4940E-10
  1.4552E-03  1.4258E-12  2.4804E-08  4.6578E-10
  1.4694E-03  1.4821E-12  2.5707E-08  4.8274E-10
  1.4837E-03  1.5405E-12  2.6643E-08  5.0031E-10
  1.4981E-03  1.6013E-12  2.7612E-08  5.1851E-10
  1.5126E-03  1.6643E-12  2.8615E-08  5.3735E-10
  1.5273E-03  1.7299E-12  2.9655E-08  5.5688E-10
  1.5421E-03  1.7979E-12  3.0732E-08  5.7710E-10
  1.5570E-03  1.8686E-12  3.1847E-08  5.9804E-10
  1.5721E-03  1.9420E-12  3.3002E-08  6.1973E-10
  1.5873E-03  2.0182E-12  3.4198E-08  6.4219E-10
  1.6026E-03  2.0973E-12  3.5437E-08  6.6546E-10
  1.6181E-03  2.1795E-12  3.6720E-08  6.8955E-10
  1.6337E-03  2.2649E-12  3.8049E-08  7.1451E-10
  1.6495E-03  2.3535E-12  3.9426E-08  7.4035E-10
  1.6654E-03  2.4456E-12  4.0851E-08  7.6711E-10
  1.6814E-03  2.5412E-12  4.2327E-08  7.9483E-10
  1.6976E-03  2.6404E-12  4.3855E-08  8.2354E-10
  1.7139E-03  2.7434E-12  4.5438E-08  8.5326E-10
  1.7304E-03  2.8504E-12  4.7078E-08  8.8405E-10
  1.7470E-03  2.9615E-12  4.8775E-08  9.1593E-10
  1.7638E-03  3.0769E-12  5.0533E-08  9.4894E-10
  1.7807E-03  3.1967E-12  5.2354E-08  9.8312E-10
  1.7978E-03  3.3210E-12  5.4239E-08  1.0185E-09
  1.8150E-03  3.4501E-12  5.6191E-08  1.0552E-09
  1.8324E-03  3.5841E-12  5.8213E-08  1.0931E-09
  1.8499E-03  3.7233E-12  6.0306E-08  1.1324E-09
  1.8676E-03  3.8678E-12  6.2473E-08  1.1731E-09
  1.8854E-03  4.0177E-12  6.4718E-08  1.2153E-09
  1.9035E-03  4.1734E-12  6.7042E-08  1.2589E-09
  1.9216E-03  4.3351E-12  6.9448E-08  1.3041E-09
  1.9400E-03  4.5028E-12  7.1940E-08  1.3509E-09
  1.9584E-03  4.6770E-12  7.4520E-08  1.3994E-09
  1.9771E-03  4.8578E-12  7.7191E-08  1.4495E-09
  1.9959E-03  5.0455E-12  7.9957E-08  1.5015E-09
  2.0149E-03  5.2404E-12  8.2821E-08  1.5552E-09
  2.0341E-03  5.4426E-12  8.5786E-08  1.6109E-09
  2.0534E-03  5.6525E-12  8.8856E-08  1.6686E-09
  2.0729E-03  5.8704E-12  9.2035E-08  1.7283E-09
  2.0926E-03  6.0966E-12  9.5326E-08  1.7901E-09
  2.1125E-03  6.3314E-12  9.8734E-08  1.8541E-09
  2.1325E-03  6.5750E-12  1.0226E-07  1.9203E-09
  2.1527E-03  6.8280E-12  1.0591E-07  1.9889E-09
  2.1731E-03  7.0904E-12  1.0970E-07  2.0599E-09
  2.1937E-03  7.3629E-12  1.1361E-07  2.1334E-09
  2.2145E-03  7.6456E-12  1.1766E-07  2.2096E-09
  2.2354E-03  7.9391E-12  1.2186E-07  2.2884E-09
  2.2566E-03  8.2437E-12  1.2621E-07  2.3699E-09
  2.2779E-03  8.5598E-12  1.3070E-07  2.4544E-09
  2.2994E-03  8.8878E-12  1.3536E-07  2.5419E-09
  2.3211E-03  9.2283E-12  1.4018E-07  2.6324E-09
  2.3430E-03  9.5816E-12  1.4517E-07  2.7261E-09
  2.3651E-03  9.9483E-12  1.5034E-07  2.8231E-09
  2.3874E-03  1.0329E-11  1.5569E-07  2.9236E-09
  2.4099E-03  1.0724E-11  1.6123E-07  3.0276E-09
  2.4326E-03  1.1133E-11  1.6696E-07  3.1352E-09
  2.4555E-03  1.1559E-11  1.7289E-07  3.2466E-09
  2.4786E-03  1.2000E-11  1.7903E-07  3.3620E-09
  2.5020E-03  1.2458E-11  1.8539E-07  3.4814E-09
  2.5255E-03  1.2933E-11  1.9198E-07  3.6050E-09
  2.5492E-03  1.3426E-11  1.9879E-07  3.7330E-09
  2.5732E-03  1.3938E-11  2.0585E-07  3.8655E-09
  2.5973E-03  1.4468E-11  2.1315E-07  4.0026E-09
  2.6217E-03  1.5019E-11  2.2071E-07  4.1445E-09
  2.6463E-03  1.5591E-11  2.2853E-07  4.2915E-09
  2.6711E-03  1.6184E-11  2.3663E-07  4.4436E-09
  2.6961E-03  1.6799E-11  2.4502E-07  4.6010E-09
  2.7214E-03  1.7438E-11  2.5370E-07  4.7640E-09
  2.7469E-03  1.8100E-11  2.6268E-07  4.9327E-09
  2.7726E-03  1.8787E-11  2.7198E-07  5.1073E-09
  2.7985E-03  1.9501E-11  2.8160E-07  5.2881E-09
  2.8247E-03  2.0240E-11  2.9157E-07  5.4752E-09
  2.8511E-03  2.1008E-11  3.0188E-07  5.6688E-09
  2.8778E-03  2.1805E-11  3.1256E-07  5.8693E-09
  2.9047E-03  2.2631E-11  3.2360E-07  6.0768E-09
  2.9318E-03  2.3488E-11  3.3504E-07  6.2915E-09
  2.9592E-03  2.4378E-11  3.4688E-07  6.5138E-09
  2.9868E-03  2.5300E-11  3.5913E-07  6.7439E-09
  3.0146E-03  2.6258E-11  3.7181E-07  6.9820E-09
  3.0427E-03  2.7251E-11  3.8494E-07  7.2285E-09
  3.0711E-03  2.8281E-11  3.9852E-07  7.4836E-09
  3.0997E-03  2.9350E-11  4.1259E-07  7.7477E-09
  3.1286E-03  3.0459E-11  4.2714E-07  8.0210E-09
  3.1577E-03  3.1609E-11  4.4220E-07  8.3039E-09
  3.1871E-03  3.2802E-11  4.5779E-07  8.5966E-09
  3.2168E-03  3.4040E-11  4.7393E-07  8.8996E-09
  3.2467E-03  3.5324E-11  4.9063E-07  9.2133E-09
  3.2769E-03  3.6656E-11  5.0792E-07  9.5378E-09
  3.3073E-03  3.8038E-11  5.2581E-07  9.8738E-09
  3.3380E-03  3.9472E-11  5.4432E-07  1.0221E-08
  3.3690E-03  4.0959E-11  5.6348E-07  1.0581E-08
  3.4003E-03  4.2501E-11  5.8331E-07  1.0954E-08
  3.4319E-03  4.4101E-11  6.0384E-07  1.1339E-08
  3.4637E-03  4.5761E-11  6.2508E-07  1.1738E-08
  3.4959E-03  4.7482E-11  6.4706E-07  1.2151E-08
  3.5283E-03  4.9268E-11  6.6982E-07  1.2578E-08
  3.5610E-03  5.1120E-11  6.9336E-07  1.3020E-08
  3.5940E-03  5.3041E-11  7.1773E-07  1.3478E-08
  3.6273E-03  5.5034E-11  7.4295E-07  1.3951E-08
  3.6609E-03  5.7101E-11  7.6904E-07  1.4441E-08
  3.6947E-03  5.9245E-11  7.9605E-07  1.4949E-08
  3.7289E-03  6.1469E-11  8.2400E-07  1.5473E-08
  3.7634E-03  6.3776E-11  8.5293E-07  1.6017E-08
  3.7982E-03  6.6168E-11  8.8286E-07  1.6579E-08
  3.8334E-03  6.8650E-11  9.1384E-07  1.7160E-08
  3.8688E-03  7.1223E-11  9.4589E-07  1.7762E-08
  3.9046E-03  7.3893E-11  9.7907E-07  1.8385E-08
  3.9406E-03  7.6661E-11  1.0134E-06  1.9030E-08
  3.9770E-03  7.9533E-11  1.0489E-06  1.9697E-08
  4.0137E-03  8.2511E-11  1.0857E-06  2.0387E-08
  4.0508E-03  8.5600E-11  1.1237E-06  2.1102E-08
  4.0882E-03  8.8804E-11  1.1631E-06  2.1841E-08
  4.1259E-03  9.2126E-11  1.2038E-06  2.2606E-08
  4.1639E-03  9.5572E-11  1.2460E-06  2.3397E-08
  4.2023E-03  9.9146E-11  1.2896E-06  2.4216E-08
  4.2411E-03  1.0285E-10  1.3347E-06  2.5064E-08
  4.2801E-03  1.0670E-10  1.3814E-06  2.5941E-08
  4.3196E-03  1.1068E-10  1.4297E-06  2.6848E-08
  4.3594E-03  1.1482E-10  1.4798E-06  2.7787E-08
  4.3995E-03  1.1910E-10  1.5315E-06  2.8759E-08
  4.4400E-03  1.2355E-10  1.5850E-06  2.9764E-08
  4.4809E-03  1.2816E-10  1.6404E-06  3.0805E-08
  4.5221E-03  1.3294E-10  1.6978E-06  3.1881E-08
  4.5637E-03  1.3790E-10  1.7571E-06  3.2995E-08
  4.6056E-03  1.4305E-10  1.8185E-06  3.4148E-08
  4.6480E-03  1.4838E-10  1.8820E-06  3.5340E-08
  4.6907E-03  1.5391E-10  1.9477E-06  3.6574E-08
  4.7338E-03  1.5965E-10  2.0156E-06  3.7850E-08
  4.7773E-03  1.6560E-10  2.0860E-06  3.9171E-08
  4.8212E-03  1.7176E-10  2.1588E-06  4.0538E-08
  4.8655E-03  1.7816E-10  2.2341E-06  4.1952E-08
  4.9101E-03  1.8479E-10  2.3120E-06  4.3415E-08
  4.9552E-03  1.9167E-10  2.3926E-06  4.4929E-08
  5.0007E-03  1.9880E-10  2.4760E-06  4.6495E-08
  5.0465E-03  2.0620E-10  2.5623E-06  4.8115E-08
  5.0928E-03  2.1387E-10  2.6516E-06  4.9792E-08
  5.1395E-03  2.2182E-10  2.7439E-06  5.1526E-08
  5.1867E-03  2.3007E-10  2.8395E-06  5.3321E-08
  5.2342E-03  2.3862E-10  2.9383E-06  5.5177E-08
  5.2822E-03  2.4749E-10  3.0406E-06  5.7098E-08
  5.3306E-03  2.5669E-10  3.1465E-06  5.9085E-08
  5.3794E-03  2.6622E-10  3.2559E-06  6.1141E-08
  5.4287E-03  2.7611E-10  3.3692E-06  6.3268E-08
  5.4784E-03  2.8636E-10  3.4864E-06  6.5469E-08
  5.5285E-03  2.9699E-10  3.6076E-06  6.7745E-08
  5.5791E-03  3.0802E-10  3.7330E-06  7.0100E-08
  5.6302E-03  3.1945E-10  3.8628E-06  7.2537E-08
  5.6817E-03  3.3130E-10  3.9970E-06  7.5057E-08
  5.7336E-03  3.4359E-10  4.1358E-06  7.7664E-08
  5.7861E-03  3.5633E-10  4.2795E-06  8.0362E-08
  5.8390E-03  3.6954E-10  4.4281E-06  8.3152E-08
  5.8924E-03  3.8324E-10  4.5818E-06  8.6039E-08
  5.9462E-03  3.9744E-10  4.7408E-06  8.9025E-08
  6.0006E-03  4.1217E-10  4.9053E-06  9.2114E-08
  6.0554E-03  4.2744E-10  5.0755E-06  9.5309E-08
  6.1107E-03  4.4328E-10  5.2515E-06  9.8615E-08
  6.1665E-03  4.5969E-10  5.4336E-06  1.0203E-07
  6.2228E-03  4.7671E-10  5.6219E-06  1.0557E-07
  6.2796E-03  4.9436E-10  5.8168E-06  1.0923E-07
  6.3369E-03  5.1266E-10  6.0183E-06  1.1301E-07
  6.3948E-03  5.3163E-10  6.2267E-06  1.1693E-07
  6.4531E-03  5.5130E-10  6.4424E-06  1.2098E-07
  6.5120E-03  5.7170E-10  6.6654E-06  1.2517E-07
  6.5714E-03  5.9285E-10  6.8961E-06  1.2950E-07
  6.6313E-03  6.1477E-10  7.1348E-06  1.3398E-07
  6.6918E-03  6.3750E-10  7.3816E-06  1.3861E-07
  6.7528E-03  6.6107E-10  7.6369E-06  1.4341E-07
  6.8144E-03  6.8550E-10  7.9010E-06  1.4837E-07
  6.8765E-03  7.1084E-10  8.1741E-06  1.5350E-07
  6.9391E-03  7.3710E-10  8.4566E-06  1.5880E-07
  7.0023E-03  7.6433E-10  8.7487E-06  1.6429E-07
  7.0661E-03  7.9256E-10  9.0509E-06  1.6996E-07
  7.1305E-03  8.2184E-10  9.3635E-06  1.7583E-07
  7.1954E-03  8.5218E-10  9.6867E-06  1.8190E-07
  7.2609E-03  8.8364E-10  1.0021E-05  1.8818E-07
  7.3270E-03  9.1626E-10  1.0367E-05  1.9467E-07
  7.3937E-03  9.5008E-10  1.0724E-05  2.0139E-07
  7.4610E-03  9.8514E-10  1.1094E-05  2.0833E-07
  7.5289E-03  1.0215E-09  1.1477E-05  2.1552E-07
  7.5974E-03  1.0592E-09  1.1872E-05  2.2294E-07
  7.6665E-03  1.0982E-09  1.2281E-05  2.3062E-07
  7.7362E-03  1.1387E-09  1.2704E-05  2.3857E-07
  7.8066E-03  1.1807E-09  1.3142E-05  2.4678E-07
  7.8776E-03  1.2243E-09  1.3594E-05  2.5528E-07
  7.9492E-03  1.2694E-09  1.4062E-05  2.6407E-07
  8.0214E-03  1.3162E-09  1.4546E-05  2.7315E-07
  8.0943E-03  1.3647E-09  1.5046E-05  2.8255E-07
  8.1679E-03  1.4150E-09  1.5564E-05  2.9226E-07
  8.2421E-03  1.4671E-09  1.6099E-05  3.0231E-07
  8.3170E-03  1.5211E-09  1.6652E-05  3.1270E-07
  8.3925E-03  1.5772E-09  1.7224E-05  3.2344E-07
  8.4688E-03  1.6352E-09  1.7815E-05  3.3455E-07
  8.5457E-03  1.6955E-09  1.8427E-05  3.4604E-07
  8.6233E-03  1.7579E-09  1.9060E-05  3.5791E-07
  8.7016E-03  1.8226E-09  1.9714E-05  3.7019E-07
  8.7805E-03  1.8897E-09  2.0390E-05  3.8289E-07
  8.8602E-03  1.9592E-09  2.1089E-05  3.9602E-07
  8.9406E-03  2.0313E-09  2.1812E-05  4.0960E-07
  9.0218E-03  2.1060E-09  2.2559E-05  4.2363E-07
  9.1036E-03  2.1835E-09  2.3332E-05  4.3814E-07
  9.1862E-03  2.2638E-09  2.4131E-05  4.5315E-07
  9.2695E-03  2.3471E-09  2.4957E-05  4.6866E-07
  9.3536E-03  2.4334E-09  2.5811E-05  4.8470E-07
  9.4384E-03  2.5229E-09  2.6694E-05  5.0128E-07
  9.5240E-03  2.6156E-09  2.7607E-05  5.1843E-07
  9.6104E-03  2.7118E-09  2.8551E-05  5.3615E-07
  9.6975E-03  2.8115E-09  2.9527E-05  5.5447E-07
  9.7854E-03  2.9148E-09  3.0535E-05  5.7342E-07
  9.8741E-03  3.0219E-09  3.1578E-05  5.9300E-07
  9.9635E-03  3.1329E-09  3.2656E-05  6.1324E-07
  1.0054E-02  3.2480E-09  3.3771E-05  6.3417E-07
  1.0145E-02  3.3673E-09  3.4923E-05  6.5581E-07
  1.0237E-02  3.4910E-09  3.6114E-05  6.7817E-07
  1.0330E-02  3.6192E-09  3.7345E-05  7.0129E-07
  1.0423E-02  3.7521E-09  3.8617E-05  7.2519E-07
  1.0517E-02  3.8899E-09  3.9933E-05  7.4989E-07
  1.0613E-02  4.0327E-09  4.1293E-05  7.7542E-07
  1.0709E-02  4.1807E-09  4.2698E-05  8.0182E-07
  1.0806E-02  4.3342E-09  4.4151E-05  8.2910E-07
  1.0904E-02  4.4933E-09  4.5652E-05  8.5730E-07
  1.1002E-02  4.6582E-09  4.7204E-05  8.8644E-07
  1.1102E-02  4.8291E-09  4.8809E-05  9.1657E-07
  1.1202E-02  5.0063E-09  5.0467E-05  9.4770E-07
  1.1304E-02  5.1899E-09  5.2180E-05  9.7989E-07
  1.1406E-02  5.3803E-09  5.3952E-05  1.0131E-06
  1.1509E-02  5.5776E-09  5.5782E-05  1.0475E-06
  1.1613E-02  5.7822E-09  5.7674E-05  1.0830E-06
  1.1718E-02  5.9942E-09  5.9629E-05  1.1198E-06
  1.1824E-02  6.2140E-09  6.1650E-05  1.1577E-06
  1.1931E-02  6.4419E-09  6.3738E-05  1.1969E-06
  1.2039E-02  6.6780E-09  6.5896E-05  1.2374E-06
  1.2148E-02  6.9228E-09  6.8126E-05  1.2793E-06
  1.2258E-02  7.1766E-09  7.0430E-05  1.3226E-06
  1.2369E-02  7.4396E-09  7.2812E-05  1.3673E-06
  1.2480E-02  7.7122E-09  7.5272E-05  1.4135E-06
  1.2593E-02  7.9948E-09  7.7815E-05  1.4613E-06
  1.2707E-02  8.2877E-09  8.0443E-05  1.5106E-06
  1.2822E-02  8.5914E-09  8.3158E-05  1.5616E-06
  1.2938E-02  8.9061E-09  8.5963E-05  1.6143E-06
  1.3054E-02  9.2323E-09  8.8862E-05  1.6687E-06
  1.3172E-02  9.5704E-09  9.1857E-05  1.7250E-06
  1.3291E-02  9.9209E-09  9.4951E-05  1.7831E-06
  1.3411E-02  1.0284E-08  9.8148E-05  1.8431E-06
  1.3533E-02  1.0661E-08  1.0145E-04  1.9052E-06
  1.3655E-02  1.1051E-08  1.0486E-04  1.9693E-06
  1.3778E-02  1.1456E-08  1.0839E-04  2.0355E-06
  1.3902E-02  1.1875E-08  1.1203E-04  2.1039E-06
  1.4028E-02  1.2310E-08  1.1580E-04  2.1745E-06
  1.4155E-02  1.2760E-08  1.1968E-04  2.2475E-06
  1.4282E-02  1.3227E-08  1.2370E-04  2.3229E-06
  1.4411E-02  1.3711E-08  1.2785E-04  2.4009E-06
  1.4541E-02  1.4213E-08  1.3213E-04  2.4813E-06
  1.4673E-02  1.4733E-08  1.3656E-04  2.5645E-06
  1.4805E-02  1.5272E-08  1.4113E-04  2.6503E-06
  1.4939E-02  1.5831E-08  1.4585E-04  2.7390E-06
  1.5073E-02  1.6410E-08  1.5073E-04  2.8306E-06
  1.5209E-02  1.7010E-08  1.5577E-04  2.9253E-06
  1.5347E-02  1.7632E-08  1.6097E-04  3.0230E-06
  1.5485E-02  1.8277E-08  1.6635E-04  3.1239E-06
  1.5625E-02  1.8946E-08  1.7190E-04  3.2282E-06
  1.5766E-02  1.9638E-08  1.7763E-04  3.3359E-06
  1.5908E-02  2.0356E-08  1.8356E-04  3.4471E-06
  1.6051E-02  2.1101E-08  1.8967E-04  3.5619E-06
  1.6196E-02  2.1872E-08  1.9599E-04  3.6805E-06
  1.6342E-02  2.2672E-08  2.0251E-04  3.8030E-06
  1.6489E-02  2.3500E-08  2.0924E-04  3.9295E-06
  1.6638E-02  2.4359E-08  2.1620E-04  4.0601E-06
  1.6788E-02  2.5250E-08  2.2338E-04  4.1949E-06
  1.6939E-02  2.6172E-08  2.3079E-04  4.3342E-06
  1.7092E-02  2.7129E-08  2.3845E-04  4.4780E-06
  1.7246E-02  2.8120E-08  2.4636E-04  4.6265E-06
  1.7402E-02  2.9147E-08  2.5452E-04  4.7798E-06
  1.7558E-02  3.0212E-08  2.6295E-04  4.9380E-06
  1.7717E-02  3.1316E-08  2.7165E-04  5.1014E-06
  1.7876E-02  3.2460E-08  2.8063E-04  5.2701E-06
  1.8037E-02  3.3646E-08  2.8990E-04  5.4443E-06
  1.8200E-02  3.4875E-08  2.9948E-04  5.6241E-06
  1.8364E-02  3.6148E-08  3.0936E-04  5.8098E-06
  1.8529E-02  3.7468E-08  3.1957E-04  6.0014E-06
  1.8696E-02  3.8837E-08  3.3010E-04  6.1992E-06
  1.8865E-02  4.0255E-08  3.4097E-04  6.4034E-06
  1.9035E-02  4.1725E-08  3.5220E-04  6.6142E-06
  1.9206E-02  4.3248E-08  3.6378E-04  6.8317E-06
  1.9379E-02  4.4827E-08  3.7574E-04  7.0563E-06
  1.9553E-02  4.6464E-08  3.8808E-04  7.2881E-06
  1.9730E-02  4.8160E-08  4.0081E-04  7.5273E-06
  1.9907E-02  4.9918E-08  4.1396E-04  7.7742E-06
  2.0086E-02  5.1740E-08  4.2753E-04  8.0290E-06
  2.0267E-02  5.3628E-08  4.4153E-04  8.2920E-06
  2.0450E-02  5.5585E-08  4.5598E-04  8.5633E-06
  2.0634E-02  5.7614E-08  4.7089E-04  8.8434E-06
  2.0820E-02  5.9716E-08  4.8628E-04  9.1324E-06
  2.1007E-02  6.1895E-08  5.0215E-04  9.4306E-06
  2.1196E-02  6.4154E-08  5.1854E-04  9.7383E-06
  2.1387E-02  6.6494E-08  5.3544E-04  1.0056E-05
  2.1579E-02  6.8920E-08  5.5288E-04  1.0383E-05
  2.1774E-02  7.1434E-08  5.7088E-04  1.0721E-05
  2.1969E-02  7.4040E-08  5.8945E-04  1.1070E-05
  2.2167E-02  7.6741E-08  6.0860E-04  1.1430E-05
  2.2367E-02  7.9540E-08  6.2837E-04  1.1801E-05
  2.2568E-02  8.2441E-08  6.4875E-04  1.2184E-05
  2.2771E-02  8.5448E-08  6.6978E-04  1.2579E-05
  2.2976E-02  8.8564E-08  6.9148E-04  1.2986E-05
  2.3183E-02  9.1794E-08  7.1386E-04  1.3407E-05
  2.3391E-02  9.5141E-08  7.3694E-04  1.3840E-05
  2.3601E-02  9.8610E-08  7.6075E-04  1.4287E-05
  2.3814E-02  1.0221E-07  7.8530E-04  1.4749E-05
  2.4028E-02  1.0593E-07  8.1063E-04  1.5224E-05
  2.4244E-02  1.0979E-07  8.3675E-04  1.5715E-05
  2.4462E-02  1.1380E-07  8.6369E-04  1.6221E-05
  2.4682E-02  1.1794E-07  8.9147E-04  1.6743E-05
  2.4904E-02  1.2224E-07  9.2012E-04  1.7281E-05
  2.5128E-02  1.2670E-07  9.4966E-04  1.7836E-05
  2.5354E-02  1.3132E-07  9.8013E-04  1.8408E-05
  2.5582E-02  1.3610E-07  1.0115E-03  1.8998E-05
  2.5812E-02  1.4106E-07  1.0439E-03  1.9606E-05
  2.6044E-02  1.4621E-07  1.0773E-03  2.0233E-05
  2.6278E-02  1.5153E-07  1.1117E-03  2.0880E-05
  2.6514E-02  1.5706E-07  1.1472E-03  2.1547E-05
  2.6753E-02  1.6278E-07  1.1838E-03  2.2234E-05
  2.6993E-02  1.6871E-07  1.2215E-03  2.2942E-05
  2.7236E-02  1.7486E-07  1.2604E-03  2.3673E-05
  2.7481E-02  1.8123E-07  1.3005E-03  2.4426E-05
  2.7728E-02  1.8783E-07  1.3418E-03  2.5202E-05
  2.7977E-02  1.9467E-07  1.3844E-03  2.6002E-05
  2.8228E-02  2.0176E-07  1.4283E-03  2.6826E-05
  2.8482E-02  2.0911E-07  1.4735E-03  2.7676E-05
  2.8738E-02  2.1673E-07  1.5201E-03  2.8551E-05
  2.8996E-02  2.2462E-07  1.5682E-03  2.9454E-05
  2.9257E-02  2.3280E-07  1.6177E-03  3.0384E-05
  2.9520E-02  2.4128E-07  1.6687E-03  3.1342E-05
  2.9785E-02  2.5007E-07  1.7213E-03  3.2329E-05
  3.0053E-02  2.5917E-07  1.7754E-03  3.3347E-05
  3.0323E-02  2.6861E-07  1.8312E-03  3.4395E-05
  3.0595E-02  2.7839E-07  1.8887E-03  3.5475E-05
  3.0870E-02  2.8853E-07  1.9480E-03  3.6588E-05
  3.1147E-02  2.9904E-07  2.0090E-03  3.7734E-05
  3.1427E-02  3.0992E-07  2.0719E-03  3.8915E-05
  3.1709E-02  3.2121E-07  2.1366E-03  4.0131E-05
  3.1994E-02  3.3290E-07  2.2033E-03  4.1384E-05
  3.2281E-02  3.4502E-07  2.2720E-03  4.2675E-05
  3.2571E-02  3.5758E-07  2.3428E-03  4.4004E-05
  3.2864E-02  3.7059E-07  2.4156E-03  4.5373E-05
  3.3159E-02  3.8408E-07  2.4907E-03  4.6783E-05
  3.3457E-02  3.9806E-07  2.5680E-03  4.8235E-05
  3.3757E-02  4.1255E-07  2.6476E-03  4.9730E-05
  3.4061E-02  4.2757E-07  2.7295E-03  5.1270E-05
  3.4366E-02  4.4313E-07  2.8139E-03  5.2855E-05
  3.4675E-02  4.5925E-07  2.9008E-03  5.4487E-05
  3.4986E-02  4.7597E-07  2.9902E-03  5.6168E-05
  3.5301E-02  4.9329E-07  3.0823E-03  5.7898E-05
  3.5617E-02  5.1123E-07  3.1771E-03  5.9679E-05
  3.5937E-02  5.2984E-07  3.2747E-03  6.1512E-05
  3.6260E-02  5.4911E-07  3.3752E-03  6.3400E-05
  3.6585E-02  5.6909E-07  3.4786E-03  6.5342E-05
  3.6914E-02  5.8980E-07  3.5850E-03  6.7342E-05
  3.7245E-02  6.1125E-07  3.6945E-03  6.9399E-05
  3.7580E-02  6.3349E-07  3.8072E-03  7.1517E-05
  3.7917E-02  6.5654E-07  3.9232E-03  7.3697E-05
  3.8257E-02  6.8042E-07  4.0426E-03  7.5939E-05
  3.8601E-02  7.0517E-07  4.1654E-03  7.8247E-05
  3.8947E-02  7.3082E-07  4.2918E-03  8.0621E-05
  3.9297E-02  7.5740E-07  4.4218E-03  8.3064E-05
  3.9650E-02  7.8494E-07  4.5556E-03  8.5578E-05
  4.0006E-02  8.1349E-07  4.6932E-03  8.8163E-05
  4.0365E-02  8.4308E-07  4.8347E-03  9.0823E-05
  4.0727E-02  8.7374E-07  4.9804E-03  9.3559E-05
  4.1092E-02  9.0551E-07  5.1301E-03  9.6374E-05
  4.1461E-02  9.3844E-07  5.2842E-03  9.9268E-05
  4.1833E-02  9.7256E-07  5.4426E-03  1.0224E-04
  4.2209E-02  1.0079E-06  5.6055E-03  1.0531E-04
  4.2587E-02  1.0446E-06  5.7730E-03  1.0845E-04
  4.2970E-02  1.0825E-06  5.9453E-03  1.1169E-04
  4.3355E-02  1.1219E-06  6.1224E-03  1.1502E-04
  4.3744E-02  1.1627E-06  6.3045E-03  1.1844E-04
  4.4137E-02  1.2050E-06  6.4918E-03  1.2196E-04
  4.4533E-02  1.2488E-06  6.6843E-03  1.2558E-04
  4.4932E-02  1.2942E-06  6.8821E-03  1.2930E-04
  4.5335E-02  1.3412E-06  7.0855E-03  1.3312E-04
  4.5742E-02  1.3899E-06  7.2945E-03  1.3705E-04
  4.6152E-02  1.4405E-06  7.5094E-03  1.4108E-04
  4.6567E-02  1.4928E-06  7.7301E-03  1.4523E-04
  4.6984E-02  1.5471E-06  7.9570E-03  1.4950E-04
  4.7406E-02  1.6033E-06  8.1902E-03  1.5388E-04
  4.7831E-02  1.6616E-06  8.4297E-03  1.5838E-04
  4.8260E-02  1.7220E-06  8.6758E-03  1.6301E-04
  4.8693E-02  1.7845E-06  8.9287E-03  1.6776E-04
  4.9130E-02  1.8494E-06  9.1885E-03  1.7264E-04
  4.9570E-02  1.9166E-06  9.4553E-03  1.7766E-04
  5.0015E-02  1.9862E-06  9.7294E-03  1.8281E-04
  5.0464E-02  2.0584E-06  1.0011E-02  1.8810E-04
  5.0916E-02  2.1332E-06  1.0300E-02  1.9354E-04
  5.1373E-02  2.2107E-06  1.0597E-02  1.9912E-04
  5.1834E-02  2.2910E-06  1.0902E-02  2.0485E-04
  5.2299E-02  2.3742E-06  1.1215E-02  2.1073E-04
  5.2768E-02  2.4604E-06  1.1536E-02  2.1678E-04
  5.3241E-02  2.5498E-06  1.1866E-02  2.2298E-04
  5.3718E-02  2.6424E-06  1.2205E-02  2.2935E-04
  5.4200E-02  2.7384E-06  1.2553E-02  2.3588E-04
  5.4686E-02  2.8379E-06  1.2910E-02  2.4259E-04
  5.5177E-02  2.9409E-06  1.3276E-02  2.4948E-04
  5.5671E-02  3.0478E-06  1.3652E-02  2.5655E-04
  5.6171E-02  3.1584E-06  1.4038E-02  2.6380E-04
  5.6674E-02  3.2731E-06  1.4434E-02  2.7125E-04
  5.7182E-02  3.3920E-06  1.4840E-02  2.7889E-04
  5.7695E-02  3.5152E-06  1.5257E-02  2.8672E-04
  5.8212E-02  3.6428E-06  1.5684E-02  2.9476E-04
  5.8734E-02  3.7751E-06  1.6123E-02  3.0301E-04
  5.9261E-02  3.9121E-06  1.6573E-02  3.1147E-04
  5.9792E-02  4.0542E-06  1.7034E-02  3.2015E-04
  6.0328E-02  4.2014E-06  1.7507E-02  3.2905E-04
  6.0869E-02  4.3539E-06  1.7992E-02  3.3817E-04
  6.1415E-02  4.5119E-06  1.8490E-02  3.4753E-04
  6.1966E-02  4.6757E-06  1.9000E-02  3.5713E-04
  6.2521E-02  4.8455E-06  1.9523E-02  3.6696E-04
  6.3082E-02  5.0213E-06  2.0060E-02  3.7705E-04
  6.3647E-02  5.2036E-06  2.0609E-02  3.8739E-04
  6.4218E-02  5.3924E-06  2.1173E-02  3.9799E-04
  6.4793E-02  5.5882E-06  2.1750E-02  4.0885E-04
  6.5374E-02  5.7910E-06  2.2342E-02  4.1998E-04
  6.5960E-02  6.0011E-06  2.2948E-02  4.3139E-04
  6.6552E-02  6.2189E-06  2.3570E-02  4.4308E-04
  6.7148E-02  6.4445E-06  2.4206E-02  4.5506E-04
  6.7750E-02  6.6784E-06  2.4859E-02  4.6733E-04
  6.8357E-02  6.9207E-06  2.5527E-02  4.7990E-04
  6.8970E-02  7.1718E-06  2.6211E-02  4.9278E-04
  6.9588E-02  7.4320E-06  2.6912E-02  5.0596E-04
  7.0212E-02  7.7016E-06  2.7630E-02  5.1947E-04
  7.0841E-02  7.9810E-06  2.8365E-02  5.3330E-04
  7.1476E-02  8.2705E-06  2.9117E-02  5.4746E-04
  7.2117E-02  8.5705E-06  2.9888E-02  5.6196E-04
  7.2763E-02  8.8814E-06  3.0677E-02  5.7681E-04
  7.3415E-02  9.2035E-06  3.1484E-02  5.9201E-04
  7.4073E-02  9.5373E-06  3.2311E-02  6.0756E-04
  7.4737E-02  9.8832E-06  3.3156E-02  6.2348E-04
  7.5407E-02  1.0242E-05  3.4022E-02  6.3978E-04
  7.6083E-02  1.0613E-05  3.4908E-02  6.5645E-04
  7.6764E-02  1.0998E-05  3.5814E-02  6.7351E-04
  7.7452E-02  1.1397E-05  3.6741E-02  6.9096E-04
  7.8146E-02  1.1810E-05  3.7689E-02  7.0882E-04
  7.8847E-02  1.2238E-05  3.8659E-02  7.2708E-04
  7.9553E-02  1.2682E-05  3.9652E-02  7.4576E-04
  8.0266E-02  1.3141E-05  4.0666E-02  7.6487E-04
  8.0985E-02  1.3618E-05  4.1704E-02  7.8440E-04
  8.1711E-02  1.4112E-05  4.2764E-02  8.0438E-04
  8.2443E-02  1.4623E-05  4.3849E-02  8.2480E-04
  8.3182E-02  1.5153E-05  4.4957E-02  8.4568E-04
  8.3927E-02  1.5702E-05  4.6090E-02  8.6703E-04
  8.4679E-02  1.6271E-05  4.7248E-02  8.8884E-04
  8.5438E-02  1.6861E-05  4.8431E-02  9.1113E-04
  8.6204E-02  1.7472E-05  4.9641E-02  9.3391E-04
  8.6976E-02  1.8105E-05  5.0876E-02  9.5719E-04
  8.7755E-02  1.8761E-05  5.2138E-02  9.8097E-04
  8.8542E-02  1.9441E-05  5.3427E-02  1.0053E-03
  8.9335E-02  2.0145E-05  5.4744E-02  1.0301E-03
  9.0135E-02  2.0875E-05  5.6089E-02  1.0554E-03
  9.0943E-02  2.1631E-05  5.7462E-02  1.0813E-03
  9.1758E-02  2.2414E-05  5.8864E-02  1.1077E-03
  9.2580E-02  2.3226E-05  6.0295E-02  1.1347E-03
  9.3409E-02  2.4067E-05  6.1756E-02  1.1622E-03
  9.4246E-02  2.4939E-05  6.3247E-02  1.1904E-03
  9.5090E-02  2.5842E-05  6.4769E-02  1.2191E-03
  9.5942E-02  2.6778E-05  6.6322E-02  1.2483E-03
  9.6802E-02  2.7747E-05  6.7907E-02  1.2782E-03
  9.7669E-02  2.8752E-05  6.9523E-02  1.3087E-03
  9.8544E-02  2.9793E-05  7.1172E-02  1.3398E-03
  9.9426E-02  3.0871E-05  7.2854E-02  1.3716E-03
  1.0032E-01  3.1989E-05  7.4570E-02  1.4039E-03
  1.0122E-01  3.3147E-05  7.6319E-02  1.4369E-03
  1.0212E-01  3.4346E-05  7.8103E-02  1.4706E-03
  1.0304E-01  3.5589E-05  7.9921E-02  1.5049E-03
  1.0396E-01  3.6877E-05  8.1774E-02  1.5399E-03
  1.0489E-01  3.8212E-05  8.3663E-02  1.5755E-03
  1.0583E-01  3.9594E-05  8.5588E-02  1.6119E-03
  1.0678E-01  4.1027E-05  8.7550E-02  1.6489E-03
  1.0774E-01  4.2511E-05  8.9549E-02  1.6867E-03
  1.0870E-01  4.4049E-05  9.1585E-02  1.7251E-03
  1.0967E-01  4.5642E-05  9.3658E-02  1.7643E-03
  1.1066E-01  4.7293E-05  9.5770E-02  1.8042E-03
  1.1165E-01  4.9003E-05  9.7921E-02  1.8448E-03
  1.1265E-01  5.0775E-05  1.0011E-01  1.8862E-03
  1.1366E-01  5.2611E-05  1.0234E-01  1.9283E-03
  1.1467E-01  5.4513E-05  1.0461E-01  1.9712E-03
  1.1570E-01  5.6484E-05  1.0692E-01  2.0149E-03
  1.1674E-01  5.8526E-05  1.0927E-01  2.0593E-03
  1.1778E-01  6.0641E-05  1.1166E-01  2.1045E-03
  1.1884E-01  6.2833E-05  1.1409E-01  2.1505E-03
  1.1990E-01  6.5104E-05  1.1657E-01  2.1973E-03
  1.2098E-01  6.7456E-05  1.1908E-01  2.2449E-03
  1.2206E-01  6.9894E-05  1.2164E-01  2.2934E-03
  1.2315E-01  7.2419E-05  1.2425E-01  2.3426E-03
  1.2426E-01  7.5035E-05  1.2689E-01  2.3927E-03
  1.2537E-01  7.7746E-05  1.2958E-01  2.4436E-03
  1.2649E-01  8.0553E-05  1.3231E-01  2.4953E-03
  1.2762E-01  8.3463E-05  1.3509E-01  2.5479E-03
  1.2877E-01  8.6476E-05  1.3791E-01  2.6013E-03
  1.2992E-01  8.9599E-05  1.4078E-01  2.6556E-03
  1.3108E-01  9.2834E-05  1.4369E-01  2.7108E-03
  1.3226E-01  9.6185E-05  1.4664E-01  2.7668E-03
  1.3344E-01  9.9656E-05  1.4964E-01  2.8237E-03
  1.3464E-01  1.0325E-04  1.5269E-01  2.8815E-03
  1.3584E-01  1.0698E-04  1.5579E-01  2.9402E-03
  1.3706E-01  1.1084E-04  1.5892E-01  2.9997E-03
  1.3829E-01  1.1484E-04  1.6211E-01  3.0602E-03
  1.3953E-01  1.1898E-04  1.6534E-01  3.1215E-03
  1.4078E-01  1.2327E-04  1.6862E-01  3.1838E-03
  1.4204E-01  1.2772E-04  1.7194E-01  3.2469E-03
  1.4331E-01  1.3232E-04  1.7532E-01  3.3109E-03
  1.4459E-01  1.3709E-04  1.7874E-01  3.3759E-03
  1.4589E-01  1.4204E-04  1.8220E-01  3.4417E-03
  1.4719E-01  1.4716E-04  1.8571E-01  3.5085E-03
  1.4851E-01  1.5246E-04  1.8927E-01  3.5762E-03
  1.4984E-01  1.5795E-04  1.9288E-01  3.6448E-03
  1.5118E-01  1.6364E-04  1.9653E-01  3.7143E-03
  1.5254E-01  1.6954E-04  2.0023E-01  3.7847E-03
  1.5390E-01  1.7565E-04  2.0398E-01  3.8561E-03
  1.5528E-01  1.8197E-04  2.0777E-01  3.9283E-03
  1.5667E-01  1.8853E-04  2.1161E-01  4.0015E-03
  1.5807E-01  1.9531E-04  2.1550E-01  4.0756E-03
  1.5949E-01  2.0234E-04  2.1943E-01  4.1506E-03
  1.6092E-01  2.0963E-04  2.2341E-01  4.2265E-03
  1.6236E-01  2.1717E-04  2.2744E-01  4.3033E-03
  1.6381E-01  2.2498E-04  2.3151E-01  4.3810E-03
  1.6528E-01  2.3308E-04  2.3563E-01  4.4596E-03
  1.6676E-01  2.4146E-04  2.3979E-01  4.5391E-03
  1.6825E-01  2.5015E-04  2.4399E-01  4.6195E-03
  1.6976E-01  2.5914E-04  2.4825E-01  4.7008E-03
  1.7128E-01  2.6846E-04  2.5254E-01  4.7829E-03
  1.7281E-01  2.7810E-04  2.5688E-01  4.8660E-03
  1.7436E-01  2.8810E-04  2.6126E-01  4.9499E-03
  1.7592E-01  2.9845E-04  2.6569E-01  5.0347E-03
  1.7749E-01  3.0917E-04  2.7015E-01  5.1203E-03
  1.7908E-01  3.2028E-04  2.7466E-01  5.2067E-03
  1.8069E-01  3.3178E-04  2.7921E-01  5.2941E-03
  1.8230E-01  3.4369E-04  2.8380E-01  5.3822E-03
  1.8393E-01  3.5602E-04  2.8843E-01  5.4711E-03
  1.8558E-01  3.6880E-04  2.9310E-01  5.5609E-03
  1.8724E-01  3.8203E-04  2.9781E-01  5.6515E-03
  1.8892E-01  3.9574E-04  3.0256E-01  5.7428E-03
  1.9061E-01  4.0993E-04  3.0734E-01  5.8349E-03
  1.9232E-01  4.2463E-04  3.1216E-01  5.9278E-03
  1.9404E-01  4.3985E-04  3.1702E-01  6.0214E-03
  1.9578E-01  4.5561E-04  3.2191E-01  6.1158E-03
  1.9753E-01  4.7194E-04  3.2683E-01  6.2109E-03
  1.9930E-01  4.8885E-04  3.3179E-01  6.3067E-03
  2.0108E-01  5.0635E-04  3.3678E-01  6.4032E-03
  2.0288E-01  5.2448E-04  3.4180E-01  6.5003E-03
  2.0470E-01  5.4326E-04  3.4685E-01  6.5981E-03
  2.0653E-01  5.6270E-04  3.5193E-01  6.6966E-03
  2.0838E-01  5.8283E-04  3.5704E-01  6.7957E-03
  2.1024E-01  6.0368E-04  3.6217E-01  6.8954E-03
  2.1213E-01  6.2526E-04  3.6733E-01  6.9957E-03
  2.1403E-01  6.4762E-04  3.7251E-01  7.0965E-03
  2.1594E-01  6.7076E-04  3.7771E-01  7.1979E-03
  2.1787E-01  6.9473E-04  3.8294E-01  7.2998E-03
  2.1983E-01  7.1954E-04  3.8819E-01  7.4023E-03
  2.2179E-01  7.4523E-04  3.9346E-01  7.5052E-03
  2.2378E-01  7.7183E-04  3.9874E-01  7.6086E-03
  2.2578E-01  7.9938E-04  4.0404E-01  7.7124E-03
  2.2780E-01  8.2790E-04  4.0936E-01  7.8166E-03
  2.2984E-01  8.5742E-04  4.1469E-01  7.9213E-03
  2.3190E-01  8.8799E-04  4.2003E-01  8.0263E-03
  2.3398E-01  9.1964E-04  4.2538E-01  8.1316E-03
  2.3607E-01  9.5240E-04  4.3074E-01  8.2373E-03
  2.3818E-01  9.8632E-04  4.3611E-01  8.3433E-03
  2.4032E-01  1.0214E-03  4.4148E-01  8.4495E-03
  2.4247E-01  1.0578E-03  4.4686E-01  8.5560E-03
  2.4464E-01  1.0954E-03  4.5224E-01  8.6627E-03
  2.4683E-01  1.1344E-03  4.5762E-01  8.7696E-03
  2.4904E-01  1.1747E-03  4.6300E-01  8.8767E-03
  2.5127E-01  1.2165E-03  4.6837E-01  8.9839E-03
  2.5351E-01  1.2597E-03  4.7375E-01  9.0912E-03
  2.5578E-01  1.3044E-03  4.7911E-01  9.1986E-03
  2.5807E-01  1.3507E-03  4.8447E-01  9.3060E-03
  2.6038E-01  1.3986E-03  4.8982E-01  9.4135E-03
  2.6271E-01  1.4482E-03  4.9516E-01  9.5210E-03
  2.6507E-01  1.4996E-03  5.0048E-01  9.6285E-03
  2.6744E-01  1.5527E-03  5.0579E-01  9.7358E-03
  2.6983E-01  1.6077E-03  5.1108E-01  9.8432E-03
  2.7225E-01  1.6646E-03  5.1635E-01  9.9503E-03
  2.7468E-01  1.7236E-03  5.2161E-01  1.0057E-02
  2.7714E-01  1.7845E-03  5.2683E-01  1.0164E-02
  2.7962E-01  1.8476E-03  5.3204E-01  1.0271E-02
  2.8213E-01  1.9129E-03  5.3722E-01  1.0377E-02
  2.8465E-01  1.9805E-03  5.4237E-01  1.0484E-02
  2.8720E-01  2.0504E-03  5.4749E-01  1.0589E-02
  2.8977E-01  2.1228E-03  5.5257E-01  1.0695E-02
  2.9236E-01  2.1976E-03  5.5763E-01  1.0800E-02
  2.9498E-01  2.2751E-03  5.6265E-01  1.0905E-02
  2.9762E-01  2.3552E-03  5.6763E-01  1.1010E-02
  3.0028E-01  2.4382E-03  5.7257E-01  1.1114E-02
  3.0297E-01  2.5240E-03  5.7746E-01  1.1217E-02
  3.0568E-01  2.6127E-03  5.8232E-01  1.1320E-02
  3.0842E-01  2.7046E-03  5.8713E-01  1.1423E-02
  3.1118E-01  2.7996E-03  5.9189E-01  1.1525E-02
  3.1397E-01  2.8979E-03  5.9660E-01  1.1626E-02
  3.1678E-01  2.9996E-03  6.0126E-01  1.1727E-02
  3.1961E-01  3.1048E-03  6.0587E-01  1.1827E-02
  3.2247E-01  3.2136E-03  6.1042E-01  1.1927E-02
  3.2536E-01  3.3261E-03  6.1492E-01  1.2026E-02
  3.2827E-01  3.4425E-03  6.1936E-01  1.2124E-02
  3.3121E-01  3.5629E-03  6.2373E-01  1.2222E-02
  3.3417E-01  3.6874E-03  6.2804E-01  1.2318E-02
  3.3716E-01  3.8162E-03  6.3229E-01  1.2414E-02
  3.4018E-01  3.9494E-03  6.3647E-01  1.2509E-02
  3.4323E-01  4.0872E-03  6.4058E-01  1.2604E-02
  3.4630E-01  4.2296E-03  6.4462E-01  1.2697E-02
  3.4940E-01  4.3769E-03  6.4858E-01  1.2790E-02
  3.5252E-01  4.5292E-03  6.5247E-01  1.2881E-02
  3.5568E-01  4.6867E-03  6.5629E-01  1.2972E-02
  3.5886E-01  4.8495E-03  6.6003E-01  1.3062E-02
  3.6207E-01  5.0179E-03  6.6368E-01  1.3150E-02
  3.6531E-01  5.1919E-03  6.6726E-01  1.3238E-02
  3.6858E-01  5.3719E-03  6.7075E-01  1.3325E-02
  3.7188E-01  5.5579E-03  6.7416E-01  1.3410E-02
  3.7521E-01  5.7502E-03  6.7748E-01  1.3495E-02
  3.7857E-01  5.9490E-03  6.8071E-01  1.3579E-02
  3.8196E-01  6.1544E-03  6.8385E-01  1.3661E-02
  3.8537E-01  6.3667E-03  6.8691E-01  1.3743E-02
  3.8882E-01  6.5862E-03  6.8987E-01  1.3823E-02
  3.9230E-01  6.8130E-03  6.9274E-01  1.3902E-02
  3.9581E-01  7.0474E-03  6.9551E-01  1.3980E-02
  3.9936E-01  7.2896E-03  6.9819E-01  1.4057E-02
  4.0293E-01  7.5399E-03  7.0078E-01  1.4133E-02
  4.0654E-01  7.7985E-03  7.0326E-01  1.4208E-02
  4.1018E-01  8.0657E-03  7.0565E-01  1.4282E-02
  4.1385E-01  8.3418E-03  7.0794E-01  1.4354E-02
  4.1755E-01  8.6270E-03  7.1014E-01  1.4426E-02
  4.2129E-01  8.9216E-03  7.1223E-01  1.4496E-02
  4.2506E-01  9.2259E-03  7.1422E-01  1.4566E-02
  4.2886E-01  9.5403E-03  7.1611E-01  1.4634E-02
  4.3270E-01  9.8649E-03  7.1790E-01  1.4701E-02
  4.3657E-01  1.0200E-02  7.1958E-01  1.4767E-02
  4.4048E-01  1.0546E-02  7.2117E-01  1.4832E-02
  4.4442E-01  1.0904E-02  7.2265E-01  1.4896E-02
  4.4840E-01  1.1273E-02  7.2403E-01  1.4959E-02
  4.5241E-01  1.1655E-02  7.2530E-01  1.5021E-02
  4.5646E-01  1.2048E-02  7.2648E-01  1.5082E-02
  4.6054E-01  1.2454E-02  7.2755E-01  1.5142E-02
  4.6467E-01  1.2874E-02  7.2852E-01  1.5202E-02
  4.6882E-01  1.3307E-02  7.2939E-01  1.5260E-02
  4.7302E-01  1.3754E-02  7.3015E-01  1.5317E-02
  4.7725E-01  1.4215E-02  7.3081E-01  1.5374E-02
  4.8152E-01  1.4691E-02  7.3138E-01  1.5430E-02
  4.8583E-01  1.5182E-02  7.3184E-01  1.5485E-02
  4.9018E-01  1.5689E-02  7.3220E-01  1.5539E-02
  4.9457E-01  1.6211E-02  7.3246E-01  1.5593E-02
  4.9899E-01  1.6751E-02  7.3263E-01  1.5646E-02
  5.0346E-01  1.7307E-02  7.3269E-01  1.5699E-02
  5.0796E-01  1.7881E-02  7.3266E-01  1.5751E-02
  5.1251E-01  1.8473E-02  7.3254E-01  1.5803E-02
  5.1710E-01  1.9083E-02  7.3232E-01  1.5854E-02
  5.2172E-01  1.9713E-02  7.3200E-01  1.5905E-02
  5.2639E-01  2.0362E-02  7.3159E-01  1.5955E-02
  5.3110E-01  2.1031E-02  7.3109E-01  1.6005E-02
  5.3586E-01  2.1721E-02  7.3050E-01  1.6055E-02
  5.4065E-01  2.2431E-02  7.2982E-01  1.6105E-02
  5.4549E-01  2.3164E-02  7.2905E-01  1.6155E-02
  5.5037E-01  2.3919E-02  7.2820E-01  1.6205E-02
  5.5530E-01  2.4698E-02  7.2726E-01  1.6255E-02
  5.6026E-01  2.5499E-02  7.2624E-01  1.6305E-02
  5.6528E-01  2.6325E-02  7.2513E-01  1.6355E-02
  5.7034E-01  2.7176E-02  7.2395E-01  1.6406E-02
  5.7544E-01  2.8052E-02  7.2268E-01  1.6457E-02
  5.8059E-01  2.8955E-02  7.2134E-01  1.6508E-02
  5.8579E-01  2.9884E-02  7.1993E-01  1.6560E-02
  5.9103E-01  3.0841E-02  7.1843E-01  1.6613E-02
  5.9632E-01  3.1826E-02  7.1687E-01  1.6666E-02
  6.0165E-01  3.2840E-02  7.1524E-01  1.6721E-02
  6.0704E-01  3.3883E-02  7.1354E-01  1.6776E-02
  6.1247E-01  3.4957E-02  7.1177E-01  1.6832E-02
  6.1795E-01  3.6062E-02  7.0994E-01  1.6889E-02
  6.2348E-01  3.7199E-02  7.0804E-01  1.6948E-02
  6.2906E-01  3.8368E-02  7.0608E-01  1.7007E-02
  6.3469E-01  3.9570E-02  7.0407E-01  1.7069E-02
  6.4037E-01  4.0807E-02  7.0200E-01  1.7132E-02
  6.4610E-01  4.2078E-02  6.9987E-01  1.7196E-02
  6.5188E-01  4.3385E-02  6.9769E-01  1.7262E-02
  6.5771E-01  4.4729E-02  6.9546E-01  1.7330E-02
  6.6360E-01  4.6109E-02  6.9318E-01  1.7401E-02
  6.6954E-01  4.7527E-02  6.9085E-01  1.7473E-02
  6.7553E-01  4.8984E-02  6.8848E-01  1.7548E-02
  6.8157E-01  5.0481E-02  6.8607E-01  1.7625E-02
  6.8767E-01  5.2018E-02  6.8361E-01  1.7704E-02
  6.9382E-01  5.3596E-02  6.8112E-01  1.7787E-02
  7.0003E-01  5.5216E-02  6.7859E-01  1.7872E-02
  7.0630E-01  5.6879E-02  6.7603E-01  1.7960E-02
  7.1262E-01  5.8585E-02  6.7343E-01  1.8052E-02
  7.1899E-01  6.0335E-02  6.7081E-01  1.8146E-02
  7.2543E-01  6.2130E-02  6.6815E-01  1.8245E-02
  7.3192E-01  6.3972E-02  6.6547E-01  1.8346E-02
  7.3847E-01  6.5859E-02  6.6277E-01  1.8452E-02
  7.4508E-01  6.7794E-02  6.6004E-01  1.8562E-02
  7.5174E-01  6.9777E-02  6.5730E-01  1.8676E-02
  7.5847E-01  7.1809E-02  6.5453E-01  1.8794E-02
  7.6526E-01  7.3891E-02  6.5175E-01  1.8917E-02
  7.7211E-01  7.6022E-02  6.4896E-01  1.9045E-02
  7.7901E-01  7.8204E-02  6.4615E-01  1.9177E-02
  7.8598E-01  8.0438E-02  6.4334E-01  1.9315E-02
  7.9302E-01  8.2723E-02  6.4051E-01  1.9459E-02
  8.0011E-01  8.5062E-02  6.3768E-01  1.9608E-02
  8.0727E-01  8.7453E-02  6.3484E-01  1.9763E-02
  8.1450E-01  8.9898E-02  6.3200E-01  1.9924E-02
  8.2179E-01  9.2398E-02  6.2915E-01  2.0091E-02
  8.2914E-01  9.4951E-02  6.2631E-01  2.0265E-02
  8.3656E-01  9.7560E-02  6.2347E-01  2.0446E-02
  8.4404E-01  1.0022E-01  6.2063E-01  2.0634E-02
  8.5160E-01  1.0294E-01  6.1779E-01  2.0830E-02
  8.5922E-01  1.0572E-01  6.1496E-01  2.1033E-02
  8.6690E-01  1.0855E-01  6.1214E-01  2.1245E-02
  8.7466E-01  1.1144E-01  6.0932E-01  2.1465E-02
  8.8249E-01  1.1438E-01  6.0652E-01  2.1693E-02
  8.9038E-01  1.1738E-01  6.0372E-01  2.1931E-02
  8.9835E-01  1.2044E-01  6.0094E-01  2.2178E-02
  9.0639E-01  1.2355E-01  5.9817E-01  2.2435E-02
  9.1450E-01  1.2672E-01  5.9541E-01  2.2702E-02
  9.2268E-01  1.2994E-01  5.9266E-01  2.2979E-02
  9.3094E-01  1.3322E-01  5.8993E-01  2.3268E-02
  9.3927E-01  1.3655E-01  5.8721E-01  2.3567E-02
  9.4767E-01  1.3994E-01  5.8451E-01  2.3879E-02
  9.5615E-01  1.4338E-01  5.8182E-01  2.4202E-02
  9.6471E-01  1.4687E-01  5.7915E-01  2.4539E-02
  9.7334E-01  1.5041E-01  5.7650E-01  2.4888E-02
  9.8205E-01  1.5400E-01  5.7386E-01  2.5251E-02
  9.9084E-01  1.5764E-01  5.7123E-01  2.5629E-02
  9.9970E-01  1.6133E-01  5.6863E-01  2.6021E-02
  1.0086E+00  1.6507E-01  5.6603E-01  2.6428E-02
  1.0177E+00  1.6885E-01  5.6346E-01  2.6852E-02
  1.0268E+00  1.7267E-01  5.6089E-01  2.7291E-02
  1.0360E+00  1.7653E-01  5.5834E-01  2.7748E-02
  1.0452E+00  1.8043E-01  5.5581E-01  2.8223E-02
  1.0546E+00  1.8437E-01  5.5328E-01  2.8716E-02
  1.0640E+00  1.8835E-01  5.5077E-01  2.9229E-02
  1.0735E+00  1.9235E-01  5.4827E-01  2.9761E-02
  1.0832E+00  1.9638E-01  5.4577E-01  3.0314E-02
  1.0928E+00  2.0044E-01  5.4328E-01  3.0889E-02
  1.1026E+00  2.0452E-01  5.4080E-01  3.1487E-02
  1.1125E+00  2.0863E-01  5.3833E-01  3.2107E-02
  1.1224E+00  2.1275E-01  5.3585E-01  3.2752E-02
  1.1325E+00  2.1688E-01  5.3338E-01  3.3422E-02
  1.1426E+00  2.2102E-01  5.3090E-01  3.4119E-02
  1.1528E+00  2.2516E-01  5.2843E-01  3.4843E-02
  1.1632E+00  2.2931E-01  5.2595E-01  3.5595E-02
  1.1736E+00  2.3345E-01  5.2346E-01  3.6377E-02
  1.1841E+00  2.3759E-01  5.2096E-01  3.7190E-02
  1.1947E+00  2.4171E-01  5.1845E-01  3.8035E-02
  1.2054E+00  2.4582E-01  5.1592E-01  3.8913E-02
  1.2161E+00  2.4990E-01  5.1338E-01  3.9827E-02
  1.2270E+00  2.5396E-01  5.1082E-01  4.0777E-02
  1.2380E+00  2.5798E-01  5.0824E-01  4.1765E-02
  1.2491E+00  2.6196E-01  5.0563E-01  4.2793E-02
  1.2602E+00  2.6591E-01  5.0300E-01  4.3862E-02
  1.2715E+00  2.6980E-01  5.0033E-01  4.4974E-02
  1.2829E+00  2.7364E-01  4.9763E-01  4.6131E-02
  1.2944E+00  2.7741E-01  4.9490E-01  4.7335E-02
  1.3060E+00  2.8112E-01  4.9213E-01  4.8589E-02
  1.3176E+00  2.8476E-01  4.8932E-01  4.9893E-02
  1.3294E+00  2.8832E-01  4.8646E-01  5.1251E-02
  1.3413E+00  2.9179E-01  4.8356E-01  5.2666E-02
  1.3533E+00  2.9518E-01  4.8061E-01  5.4138E-02
  1.3654E+00  2.9846E-01  4.7761E-01  5.5672E-02
  1.3777E+00  3.0165E-01  4.7456E-01  5.7270E-02
  1.3900E+00  3.0472E-01  4.7145E-01  5.8935E-02
  1.4024E+00  3.0769E-01  4.6829E-01  6.0670E-02
  1.4150E+00  3.1053E-01  4.6507E-01  6.2479E-02
  1.4276E+00  3.1325E-01  4.6179E-01  6.4364E-02
  1.4404E+00  3.1584E-01  4.5846E-01  6.6330E-02
  1.4533E+00  3.1830E-01  4.5506E-01  6.8380E-02
  1.4663E+00  3.2062E-01  4.5161E-01  7.0519E-02
  1.4794E+00  3.2280E-01  4.4809E-01  7.2751E-02
  1.4927E+00  3.2484E-01  4.4453E-01  7.5079E-02
  1.5060E+00  3.2673E-01  4.4090E-01  7.7510E-02
  1.5195E+00  3.2847E-01  4.3722E-01  8.0047E-02
  1.5331E+00  3.3006E-01  4.3349E-01  8.2697E-02
  1.5468E+00  3.3150E-01  4.2972E-01  8.5465E-02
  1.5606E+00  3.3279E-01  4.2590E-01  8.8356E-02
  1.5746E+00  3.3393E-01  4.2205E-01  9.1378E-02
  1.5887E+00  3.3493E-01  4.1817E-01  9.4536E-02
  1.6029E+00  3.3579E-01  4.1427E-01  9.7839E-02
  1.6172E+00  3.3651E-01  4.1035E-01  1.0129E-01
  1.6317E+00  3.3709E-01  4.0643E-01  1.0490E-01
  1.6463E+00  3.3756E-01  4.0252E-01  1.0868E-01
  1.6610E+00  3.3790E-01  3.9863E-01  1.1264E-01
  1.6759E+00  3.3815E-01  3.9477E-01  1.1678E-01
  1.6909E+00  3.3830E-01  3.9096E-01  1.2112E-01
  1.7060E+00  3.3837E-01  3.8721E-01  1.2566E-01
  1.7213E+00  3.3838E-01  3.8355E-01  1.3042E-01
  1.7367E+00  3.3835E-01  3.7999E-01  1.3540E-01
  1.7522E+00  3.3829E-01  3.7656E-01  1.4063E-01
  1.7679E+00  3.3823E-01  3.7328E-01  1.4611E-01
  1.7837E+00  3.3819E-01  3.7017E-01  1.5186E-01
  1.7997E+00  3.3820E-01  3.6727E-01  1.5790E-01
  1.8158E+00  3.3829E-01  3.6460E-01  1.6423E-01
  1.8320E+00  3.3849E-01  3.6220E-01  1.7088E-01
  1.8484E+00  3.3884E-01  3.6009E-01  1.7786E-01
  1.8650E+00  3.3937E-01  3.5832E-01  1.8519E-01
  1.8817E+00  3.4013E-01  3.5693E-01  1.9290E-01
  1.8985E+00  3.4115E-01  3.5596E-01  2.0100E-01
  1.9155E+00  3.4248E-01  3.5545E-01  2.0952E-01
  1.9326E+00  3.4418E-01  3.5544E-01  2.1848E-01
  1.9499E+00  3.4630E-01  3.5600E-01  2.2791E-01
  1.9674E+00  3.4888E-01  3.5716E-01  2.3784E-01
  1.9850E+00  3.5200E-01  3.5899E-01  2.4829E-01
  2.0027E+00  3.5570E-01  3.6154E-01  2.5930E-01
  2.0206E+00  3.6006E-01  3.6487E-01  2.7089E-01
  2.0387E+00  3.6515E-01  3.6904E-01  2.8312E-01
  2.0570E+00  3.7103E-01  3.7413E-01  2.9600E-01
  2.0754E+00  3.7778E-01  3.8018E-01  3.0960E-01
  2.0939E+00  3.8547E-01  3.8729E-01  3.2394E-01
  2.1127E+00  3.9419E-01  3.9551E-01  3.3908E-01
  2.1316E+00  4.0401E-01  4.0492E-01  3.5506E-01
  2.1506E+00  4.1502E-01  4.1560E-01  3.7194E-01
  2.1699E+00  4.2730E-01  4.2762E-01  3.8978E-01
  2.1893E+00  4.4095E-01  4.4107E-01  4.0863E-01
  2.2089E+00  4.5605E-01  4.5602E-01  4.2857E-01
  2.2286E+00  4.7269E-01  4.7257E-01  4.4966E-01
  2.2486E+00  4.9096E-01  4.9078E-01  4.7198E-01
  2.2687E+00  5.1097E-01  5.1076E-01  4.9561E-01
  2.2890E+00  5.3279E-01  5.3258E-01  5.2063E-01
  2.3095E+00  5.5652E-01  5.5633E-01  5.4714E-01
  2.3301E+00  5.8226E-01  5.8209E-01  5.7524E-01
  2.3510E+00  6.1009E-01  6.0996E-01  6.0503E-01
  2.3720E+00  6.4012E-01  6.4002E-01  6.3663E-01
  2.3933E+00  6.7243E-01  6.7237E-01  6.7016E-01
  2.4147E+00  7.0713E-01  7.0710E-01  7.0576E-01
  2.4363E+00  7.4433E-01  7.4431E-01  7.4357E-01
  2.4581E+00  7.8410E-01  7.8410E-01  7.8373E-01
  2.4801E+00  8.2657E-01  8.2657E-01  8.2643E-01
  2.5023E+00  8.7183E-01  8.7183E-01  8.7183E-01
  2.5246E+00  9.1999E-01  9.1999E-01  9.2013E-01
  2.5472E+00  9.7126E-01  9.7126E-01  9.7153E-01
  2.5700E+00  1.0259E+00  1.0259E+00  1.0263E+00
  2.5930E+00  1.0840E+00  1.0840E+00  1.0846E+00
  2.6162E+00  1.1460E+00  1.1460E+00  1.1467E+00
  2.6396E+00  1.2121E+00  1.2121E+00  1.2129E+00
  2.6632E+00  1.2826E+00  1.2826E+00  1.2836E+00
  2.6871E+00  1.3578E+00  1.3578E+00  1.3589E+00
  2.7111E+00  1.4381E+00  1.4381E+00  1.4394E+00
  2.7354E+00  1.5239E+00  1.5239E+00  1.5254E+00
