 # l=           1 basis function with energy   -0.47858399362063792     
  0.0000E+00  0.0000E+00  0.0000E+00  0.0000E+00
  5.9109E-06  2.0938E-08  2.3025E-11 -5.2033E-10
  1.1906E-05  6.9606E-08  9.3414E-11 -2.1110E-09
  1.7986E-05  1.4132E-07  2.1319E-10 -4.8178E-09
  2.4153E-05  2.3448E-07  3.8444E-10 -8.6879E-09
  3.0408E-05  3.4833E-07  6.0933E-10 -1.3770E-08
  3.6751E-05  4.8250E-07  8.9008E-10 -2.0115E-08
  4.3185E-05  6.3685E-07  1.2290E-09 -2.7774E-08
  4.9710E-05  8.1142E-07  1.6285E-09 -3.6801E-08
  5.6328E-05  1.0063E-06  2.0909E-09 -4.7252E-08
  6.3040E-05  1.2218E-06  2.6189E-09 -5.9185E-08
  6.9848E-05  1.4582E-06  3.2151E-09 -7.2658E-08
  7.6753E-05  1.7158E-06  3.8822E-09 -8.7733E-08
  8.3756E-05  1.9950E-06  4.6229E-09 -1.0447E-07
  9.0858E-05  2.2962E-06  5.4402E-09 -1.2294E-07
  9.8062E-05  2.6199E-06  6.3370E-09 -1.4321E-07
  1.0537E-04  2.9666E-06  7.3165E-09 -1.6534E-07
  1.1278E-04  3.3369E-06  8.3817E-09 -1.8942E-07
  1.2029E-04  3.7313E-06  9.5361E-09 -2.1550E-07
  1.2792E-04  4.1504E-06  1.0783E-08 -2.4368E-07
  1.3565E-04  4.5949E-06  1.2126E-08 -2.7402E-07
  1.4349E-04  5.0654E-06  1.3568E-08 -3.0662E-07
  1.5144E-04  5.5625E-06  1.5113E-08 -3.4154E-07
  1.5950E-04  6.0871E-06  1.6766E-08 -3.7889E-07
  1.6768E-04  6.6398E-06  1.8530E-08 -4.1875E-07
  1.7598E-04  7.2214E-06  2.0409E-08 -4.6122E-07
  1.8440E-04  7.8327E-06  2.2407E-08 -5.0638E-07
  1.9293E-04  8.4746E-06  2.4529E-08 -5.5433E-07
  2.0159E-04  9.1478E-06  2.6780E-08 -6.0519E-07
  2.1036E-04  9.8533E-06  2.9163E-08 -6.5905E-07
  2.1927E-04  1.0592E-05  3.1684E-08 -7.1602E-07
  2.2830E-04  1.1365E-05  3.4347E-08 -7.7621E-07
  2.3746E-04  1.2173E-05  3.7158E-08 -8.3974E-07
  2.4675E-04  1.3017E-05  4.0123E-08 -9.0672E-07
  2.5617E-04  1.3898E-05  4.3245E-08 -9.7728E-07
  2.6572E-04  1.4817E-05  4.6531E-08 -1.0515E-06
  2.7541E-04  1.5776E-05  4.9987E-08 -1.1297E-06
  2.8524E-04  1.6775E-05  5.3619E-08 -1.2117E-06
  2.9521E-04  1.7815E-05  5.7432E-08 -1.2979E-06
  3.0532E-04  1.8899E-05  6.1434E-08 -1.3883E-06
  3.1558E-04  2.0026E-05  6.5630E-08 -1.4831E-06
  3.2598E-04  2.1199E-05  7.0027E-08 -1.5825E-06
  3.3653E-04  2.2419E-05  7.4632E-08 -1.6866E-06
  3.4723E-04  2.3686E-05  7.9453E-08 -1.7955E-06
  3.5808E-04  2.5003E-05  8.4496E-08 -1.9095E-06
  3.6908E-04  2.6371E-05  8.9770E-08 -2.0287E-06
  3.8024E-04  2.7791E-05  9.5282E-08 -2.1532E-06
  3.9156E-04  2.9265E-05  1.0104E-07 -2.2834E-06
  4.0304E-04  3.0794E-05  1.0705E-07 -2.4192E-06
  4.1469E-04  3.2381E-05  1.1333E-07 -2.5611E-06
  4.2650E-04  3.4026E-05  1.1987E-07 -2.7090E-06
  4.3848E-04  3.5731E-05  1.2670E-07 -2.8633E-06
  4.5063E-04  3.7499E-05  1.3382E-07 -3.0242E-06
  4.6295E-04  3.9330E-05  1.4124E-07 -3.1918E-06
  4.7545E-04  4.1228E-05  1.4897E-07 -3.3665E-06
  4.8812E-04  4.3193E-05  1.5702E-07 -3.5484E-06
  5.0098E-04  4.5228E-05  1.6540E-07 -3.7377E-06
  5.1401E-04  4.7334E-05  1.7412E-07 -3.9348E-06
  5.2724E-04  4.9515E-05  1.8319E-07 -4.1399E-06
  5.4065E-04  5.1771E-05  1.9263E-07 -4.3532E-06
  5.5425E-04  5.4106E-05  2.0244E-07 -4.5750E-06
  5.6805E-04  5.6521E-05  2.1265E-07 -4.8056E-06
  5.8204E-04  5.9018E-05  2.2325E-07 -5.0452E-06
  5.9623E-04  6.1601E-05  2.3427E-07 -5.2942E-06
  6.1063E-04  6.4272E-05  2.4572E-07 -5.5529E-06
  6.2522E-04  6.7032E-05  2.5761E-07 -5.8216E-06
  6.4003E-04  6.9886E-05  2.6995E-07 -6.1006E-06
  6.5505E-04  7.2835E-05  2.8277E-07 -6.3902E-06
  6.7028E-04  7.5882E-05  2.9607E-07 -6.6908E-06
  6.8572E-04  7.9030E-05  3.0987E-07 -7.0028E-06
  7.0139E-04  8.2282E-05  3.2419E-07 -7.3264E-06
  7.1728E-04  8.5641E-05  3.3905E-07 -7.6621E-06
  7.3339E-04  8.9110E-05  3.5446E-07 -8.0103E-06
  7.4974E-04  9.2692E-05  3.7043E-07 -8.3713E-06
  7.6632E-04  9.6391E-05  3.8699E-07 -8.7456E-06
  7.8313E-04  1.0021E-04  4.0416E-07 -9.1335E-06
  8.0018E-04  1.0415E-04  4.2195E-07 -9.5356E-06
  8.1748E-04  1.0822E-04  4.4039E-07 -9.9523E-06
  8.3502E-04  1.1242E-04  4.5949E-07 -1.0384E-05
  8.5281E-04  1.1675E-04  4.7928E-07 -1.0831E-05
  8.7085E-04  1.2122E-04  4.9978E-07 -1.1294E-05
  8.8915E-04  1.2583E-04  5.2100E-07 -1.1774E-05
  9.0771E-04  1.3059E-04  5.4298E-07 -1.2271E-05
  9.2654E-04  1.3550E-04  5.6573E-07 -1.2785E-05
  9.4563E-04  1.4057E-04  5.8929E-07 -1.3317E-05
  9.6499E-04  1.4579E-04  6.1367E-07 -1.3868E-05
  9.8463E-04  1.5117E-04  6.3890E-07 -1.4438E-05
  1.0046E-03  1.5673E-04  6.6501E-07 -1.5028E-05
  1.0248E-03  1.6245E-04  6.9203E-07 -1.5639E-05
  1.0452E-03  1.6836E-04  7.1998E-07 -1.6271E-05
  1.0660E-03  1.7444E-04  7.4890E-07 -1.6924E-05
  1.0871E-03  1.8072E-04  7.7880E-07 -1.7600E-05
  1.1085E-03  1.8718E-04  8.0973E-07 -1.8299E-05
  1.1302E-03  1.9385E-04  8.4172E-07 -1.9022E-05
  1.1521E-03  2.0072E-04  8.7479E-07 -1.9769E-05
  1.1744E-03  2.0780E-04  9.0898E-07 -2.0542E-05
  1.1971E-03  2.1510E-04  9.4433E-07 -2.1341E-05
  1.2200E-03  2.2262E-04  9.8088E-07 -2.2167E-05
  1.2433E-03  2.3037E-04  1.0186E-06 -2.3020E-05
  1.2669E-03  2.3835E-04  1.0577E-06 -2.3902E-05
  1.2908E-03  2.4657E-04  1.0980E-06 -2.4814E-05
  1.3151E-03  2.5504E-04  1.1397E-06 -2.5756E-05
  1.3397E-03  2.6377E-04  1.1828E-06 -2.6729E-05
  1.3647E-03  2.7276E-04  1.2273E-06 -2.7735E-05
  1.3900E-03  2.8202E-04  1.2733E-06 -2.8774E-05
  1.4157E-03  2.9155E-04  1.3208E-06 -2.9847E-05
  1.4417E-03  3.0137E-04  1.3698E-06 -3.0956E-05
  1.4682E-03  3.1149E-04  1.4205E-06 -3.2101E-05
  1.4950E-03  3.2190E-04  1.4728E-06 -3.3283E-05
  1.5221E-03  3.3263E-04  1.5268E-06 -3.4505E-05
  1.5497E-03  3.4367E-04  1.5827E-06 -3.5766E-05
  1.5777E-03  3.5504E-04  1.6403E-06 -3.7068E-05
  1.6060E-03  3.6675E-04  1.6998E-06 -3.8412E-05
  1.6348E-03  3.7880E-04  1.7612E-06 -3.9800E-05
  1.6639E-03  3.9121E-04  1.8246E-06 -4.1233E-05
  1.6935E-03  4.0398E-04  1.8900E-06 -4.2712E-05
  1.7235E-03  4.1713E-04  1.9576E-06 -4.4239E-05
  1.7540E-03  4.3066E-04  2.0273E-06 -4.5815E-05
  1.7848E-03  4.4459E-04  2.0993E-06 -4.7442E-05
  1.8161E-03  4.5893E-04  2.1736E-06 -4.9121E-05
  1.8479E-03  4.7369E-04  2.2503E-06 -5.0853E-05
  1.8801E-03  4.8887E-04  2.3294E-06 -5.2641E-05
  1.9127E-03  5.0450E-04  2.4110E-06 -5.4485E-05
  1.9459E-03  5.2058E-04  2.4952E-06 -5.6389E-05
  1.9795E-03  5.3713E-04  2.5821E-06 -5.8352E-05
  2.0135E-03  5.5416E-04  2.6718E-06 -6.0378E-05
  2.0481E-03  5.7168E-04  2.7643E-06 -6.2469E-05
  2.0831E-03  5.8971E-04  2.8597E-06 -6.4625E-05
  2.1187E-03  6.0825E-04  2.9581E-06 -6.6849E-05
  2.1547E-03  6.2733E-04  3.0597E-06 -6.9144E-05
  2.1913E-03  6.4696E-04  3.1644E-06 -7.1510E-05
  2.2284E-03  6.6716E-04  3.2724E-06 -7.3951E-05
  2.2660E-03  6.8793E-04  3.3838E-06 -7.6469E-05
  2.3041E-03  7.0930E-04  3.4987E-06 -7.9065E-05
  2.3428E-03  7.3128E-04  3.6172E-06 -8.1743E-05
  2.3821E-03  7.5389E-04  3.7394E-06 -8.4504E-05
  2.4219E-03  7.7715E-04  3.8654E-06 -8.7351E-05
  2.4622E-03  8.0106E-04  3.9953E-06 -9.0287E-05
  2.5032E-03  8.2566E-04  4.1293E-06 -9.3315E-05
  2.5447E-03  8.5096E-04  4.2674E-06 -9.6436E-05
  2.5868E-03  8.7698E-04  4.4098E-06 -9.9654E-05
  2.6295E-03  9.0373E-04  4.5566E-06 -1.0297E-04
  2.6728E-03  9.3124E-04  4.7080E-06 -1.0639E-04
  2.7168E-03  9.5953E-04  4.8640E-06 -1.0992E-04
  2.7613E-03  9.8862E-04  5.0249E-06 -1.1356E-04
  2.8065E-03  1.0185E-03  5.1908E-06 -1.1730E-04
  2.8524E-03  1.0493E-03  5.3617E-06 -1.2117E-04
  2.8989E-03  1.0809E-03  5.5379E-06 -1.2515E-04
  2.9460E-03  1.1134E-03  5.7195E-06 -1.2925E-04
  2.9938E-03  1.1468E-03  5.9067E-06 -1.3348E-04
  3.0424E-03  1.1812E-03  6.0997E-06 -1.3784E-04
  3.0915E-03  1.2165E-03  6.2985E-06 -1.4234E-04
  3.1414E-03  1.2528E-03  6.5034E-06 -1.4697E-04
  3.1920E-03  1.2901E-03  6.7146E-06 -1.5174E-04
  3.2434E-03  1.3285E-03  6.9323E-06 -1.5666E-04
  3.2954E-03  1.3679E-03  7.1566E-06 -1.6173E-04
  3.3482E-03  1.4084E-03  7.3877E-06 -1.6695E-04
  3.4018E-03  1.4501E-03  7.6259E-06 -1.7233E-04
  3.4561E-03  1.4929E-03  7.8713E-06 -1.7788E-04
  3.5111E-03  1.5369E-03  8.1242E-06 -1.8359E-04
  3.5670E-03  1.5821E-03  8.3848E-06 -1.8948E-04
  3.6237E-03  1.6285E-03  8.6533E-06 -1.9555E-04
  3.6811E-03  1.6763E-03  8.9299E-06 -2.0180E-04
  3.7394E-03  1.7253E-03  9.2149E-06 -2.0824E-04
  3.7985E-03  1.7758E-03  9.5085E-06 -2.1487E-04
  3.8585E-03  1.8275E-03  9.8110E-06 -2.2171E-04
  3.9193E-03  1.8808E-03  1.0123E-05 -2.2875E-04
  3.9809E-03  1.9354E-03  1.0444E-05 -2.3601E-04
  4.0435E-03  1.9916E-03  1.0775E-05 -2.4348E-04
  4.1069E-03  2.0493E-03  1.1115E-05 -2.5118E-04
  4.1713E-03  2.1086E-03  1.1466E-05 -2.5911E-04
  4.2365E-03  2.1695E-03  1.1828E-05 -2.6728E-04
  4.3027E-03  2.2321E-03  1.2200E-05 -2.7570E-04
  4.3698E-03  2.2964E-03  1.2584E-05 -2.8437E-04
  4.4379E-03  2.3624E-03  1.2979E-05 -2.9330E-04
  4.5069E-03  2.4302E-03  1.3386E-05 -3.0249E-04
  4.5770E-03  2.4999E-03  1.3805E-05 -3.1197E-04
  4.6480E-03  2.5714E-03  1.4237E-05 -3.2172E-04
  4.7200E-03  2.6449E-03  1.4682E-05 -3.3177E-04
  4.7931E-03  2.7204E-03  1.5140E-05 -3.4212E-04
  4.8672E-03  2.7979E-03  1.5611E-05 -3.5278E-04
  4.9424E-03  2.8774E-03  1.6097E-05 -3.6376E-04
  5.0186E-03  2.9591E-03  1.6598E-05 -3.7507E-04
  5.0959E-03  3.0431E-03  1.7113E-05 -3.8671E-04
  5.1743E-03  3.1292E-03  1.7644E-05 -3.9870E-04
  5.2538E-03  3.2177E-03  1.8190E-05 -4.1105E-04
  5.3345E-03  3.3085E-03  1.8753E-05 -4.2377E-04
  5.4163E-03  3.4018E-03  1.9332E-05 -4.3686E-04
  5.4992E-03  3.4975E-03  1.9929E-05 -4.5035E-04
  5.5834E-03  3.5958E-03  2.0544E-05 -4.6423E-04
  5.6687E-03  3.6967E-03  2.1177E-05 -4.7853E-04
  5.7553E-03  3.8003E-03  2.1828E-05 -4.9326E-04
  5.8431E-03  3.9066E-03  2.2499E-05 -5.0842E-04
  5.9321E-03  4.0158E-03  2.3190E-05 -5.2403E-04
  6.0224E-03  4.1278E-03  2.3901E-05 -5.4010E-04
  6.1140E-03  4.2427E-03  2.4634E-05 -5.5666E-04
  6.2069E-03  4.3607E-03  2.5388E-05 -5.7370E-04
  6.3011E-03  4.4818E-03  2.6165E-05 -5.9124E-04
  6.3967E-03  4.6061E-03  2.6964E-05 -6.0931E-04
  6.4936E-03  4.7336E-03  2.7788E-05 -6.2791E-04
  6.5919E-03  4.8645E-03  2.8635E-05 -6.4706E-04
  6.6916E-03  4.9988E-03  2.9508E-05 -6.6678E-04
  6.7927E-03  5.1366E-03  3.0406E-05 -6.8708E-04
  6.8952E-03  5.2779E-03  3.1331E-05 -7.0798E-04
  6.9992E-03  5.4229E-03  3.2284E-05 -7.2950E-04
  7.1047E-03  5.5717E-03  3.3264E-05 -7.5165E-04
  7.2117E-03  5.7244E-03  3.4273E-05 -7.7445E-04
  7.3202E-03  5.8810E-03  3.5312E-05 -7.9793E-04
  7.4303E-03  6.0416E-03  3.6382E-05 -8.2210E-04
  7.5419E-03  6.2063E-03  3.7483E-05 -8.4698E-04
  7.6551E-03  6.3753E-03  3.8617E-05 -8.7260E-04
  7.7699E-03  6.5486E-03  3.9784E-05 -8.9896E-04
  7.8864E-03  6.7264E-03  4.0986E-05 -9.2611E-04
  8.0045E-03  6.9086E-03  4.2222E-05 -9.5405E-04
  8.1243E-03  7.0956E-03  4.3496E-05 -9.8281E-04
  8.2458E-03  7.2872E-03  4.4806E-05 -1.0124E-03
  8.3690E-03  7.4838E-03  4.6155E-05 -1.0429E-03
  8.4939E-03  7.6853E-03  4.7544E-05 -1.0743E-03
  8.6207E-03  7.8919E-03  4.8974E-05 -1.1066E-03
  8.7493E-03  8.1037E-03  5.0445E-05 -1.1398E-03
  8.8796E-03  8.3209E-03  5.1960E-05 -1.1740E-03
  9.0119E-03  8.5434E-03  5.3519E-05 -1.2093E-03
  9.1460E-03  8.7716E-03  5.5123E-05 -1.2455E-03
  9.2820E-03  9.0055E-03  5.6775E-05 -1.2828E-03
  9.4200E-03  9.2452E-03  5.8476E-05 -1.3212E-03
  9.5599E-03  9.4908E-03  6.0226E-05 -1.3608E-03
  9.7018E-03  9.7426E-03  6.2027E-05 -1.4015E-03
  9.8458E-03  1.0001E-02  6.3881E-05 -1.4433E-03
  9.9917E-03  1.0265E-02  6.5789E-05 -1.4865E-03
  1.0140E-02  1.0536E-02  6.7753E-05 -1.5308E-03
  1.0290E-02  1.0813E-02  6.9775E-05 -1.5765E-03
  1.0442E-02  1.1098E-02  7.1856E-05 -1.6235E-03
  1.0597E-02  1.1389E-02  7.3997E-05 -1.6719E-03
  1.0753E-02  1.1687E-02  7.6201E-05 -1.7216E-03
  1.0912E-02  1.1993E-02  7.8470E-05 -1.7729E-03
  1.1073E-02  1.2306E-02  8.0805E-05 -1.8256E-03
  1.1237E-02  1.2626E-02  8.3207E-05 -1.8799E-03
  1.1403E-02  1.2954E-02  8.5680E-05 -1.9358E-03
  1.1571E-02  1.3291E-02  8.8226E-05 -1.9932E-03
  1.1741E-02  1.3635E-02  9.0845E-05 -2.0524E-03
  1.1914E-02  1.3987E-02  9.3541E-05 -2.1133E-03
  1.2090E-02  1.4348E-02  9.6316E-05 -2.1760E-03
  1.2268E-02  1.4717E-02  9.9171E-05 -2.2405E-03
  1.2448E-02  1.5096E-02  1.0211E-04 -2.3068E-03
  1.2631E-02  1.5483E-02  1.0513E-04 -2.3751E-03
  1.2817E-02  1.5879E-02  1.0825E-04 -2.4454E-03
  1.3005E-02  1.6284E-02  1.1145E-04 -2.5177E-03
  1.3196E-02  1.6699E-02  1.1475E-04 -2.5922E-03
  1.3389E-02  1.7124E-02  1.1814E-04 -2.6688E-03
  1.3586E-02  1.7558E-02  1.2163E-04 -2.7476E-03
  1.3785E-02  1.8002E-02  1.2522E-04 -2.8287E-03
  1.3987E-02  1.8457E-02  1.2892E-04 -2.9122E-03
  1.4192E-02  1.8922E-02  1.3272E-04 -2.9981E-03
  1.4400E-02  1.9398E-02  1.3664E-04 -3.0865E-03
  1.4611E-02  1.9884E-02  1.4067E-04 -3.1775E-03
  1.4824E-02  2.0382E-02  1.4481E-04 -3.2711E-03
  1.5041E-02  2.0890E-02  1.4908E-04 -3.3674E-03
  1.5261E-02  2.1410E-02  1.5347E-04 -3.4666E-03
  1.5484E-02  2.1942E-02  1.5799E-04 -3.5686E-03
  1.5710E-02  2.2486E-02  1.6264E-04 -3.6735E-03
  1.5940E-02  2.3042E-02  1.6742E-04 -3.7815E-03
  1.6172E-02  2.3610E-02  1.7234E-04 -3.8927E-03
  1.6408E-02  2.4190E-02  1.7741E-04 -4.0070E-03
  1.6648E-02  2.4783E-02  1.8262E-04 -4.1247E-03
  1.6890E-02  2.5389E-02  1.8799E-04 -4.2458E-03
  1.7137E-02  2.6009E-02  1.9351E-04 -4.3704E-03
  1.7386E-02  2.6641E-02  1.9919E-04 -4.4986E-03
  1.7640E-02  2.7288E-02  2.0503E-04 -4.6305E-03
  1.7897E-02  2.7948E-02  2.1104E-04 -4.7662E-03
  1.8157E-02  2.8622E-02  2.1723E-04 -4.9059E-03
  1.8421E-02  2.9310E-02  2.2360E-04 -5.0496E-03
  1.8689E-02  3.0013E-02  2.3015E-04 -5.1975E-03
  1.8961E-02  3.0730E-02  2.3689E-04 -5.3496E-03
  1.9237E-02  3.1462E-02  2.4383E-04 -5.5062E-03
  1.9516E-02  3.2210E-02  2.5097E-04 -5.6672E-03
  1.9800E-02  3.2973E-02  2.5831E-04 -5.8330E-03
  2.0087E-02  3.3751E-02  2.6587E-04 -6.0035E-03
  2.0379E-02  3.4545E-02  2.7365E-04 -6.1789E-03
  2.0675E-02  3.5355E-02  2.8165E-04 -6.3594E-03
  2.0975E-02  3.6182E-02  2.8988E-04 -6.5452E-03
  2.1279E-02  3.7025E-02  2.9835E-04 -6.7362E-03
  2.1588E-02  3.7884E-02  3.0707E-04 -6.9329E-03
  2.1901E-02  3.8760E-02  3.1604E-04 -7.1351E-03
  2.2218E-02  3.9654E-02  3.2527E-04 -7.3433E-03
  2.2540E-02  4.0564E-02  3.3476E-04 -7.5574E-03
  2.2867E-02  4.1493E-02  3.4453E-04 -7.7777E-03
  2.3198E-02  4.2438E-02  3.5458E-04 -8.0044E-03
  2.3534E-02  4.3402E-02  3.6492E-04 -8.2376E-03
  2.3875E-02  4.4384E-02  3.7556E-04 -8.4775E-03
  2.4221E-02  4.5384E-02  3.8651E-04 -8.7243E-03
  2.4571E-02  4.6402E-02  3.9778E-04 -8.9783E-03
  2.4927E-02  4.7439E-02  4.0937E-04 -9.2395E-03
  2.5287E-02  4.8494E-02  4.2129E-04 -9.5083E-03
  2.5653E-02  4.9569E-02  4.3356E-04 -9.7849E-03
  2.6024E-02  5.0663E-02  4.4619E-04 -1.0069E-02
  2.6400E-02  5.1776E-02  4.5917E-04 -1.0362E-02
  2.6781E-02  5.2908E-02  4.7254E-04 -1.0663E-02
  2.7168E-02  5.4059E-02  4.8628E-04 -1.0973E-02
  2.7561E-02  5.5231E-02  5.0043E-04 -1.1292E-02
  2.7959E-02  5.6422E-02  5.1498E-04 -1.1620E-02
  2.8362E-02  5.7633E-02  5.2996E-04 -1.1957E-02
  2.8772E-02  5.8863E-02  5.4536E-04 -1.2304E-02
  2.9187E-02  6.0114E-02  5.6121E-04 -1.2661E-02
  2.9608E-02  6.1385E-02  5.7752E-04 -1.3028E-02
  3.0035E-02  6.2676E-02  5.9430E-04 -1.3406E-02
  3.0468E-02  6.3987E-02  6.1156E-04 -1.3795E-02
  3.0908E-02  6.5318E-02  6.2932E-04 -1.4194E-02
  3.1353E-02  6.6669E-02  6.4759E-04 -1.4606E-02
  3.1805E-02  6.8041E-02  6.6639E-04 -1.5029E-02
  3.2264E-02  6.9433E-02  6.8573E-04 -1.5464E-02
  3.2729E-02  7.0845E-02  7.0563E-04 -1.5912E-02
  3.3200E-02  7.2277E-02  7.2610E-04 -1.6372E-02
  3.3678E-02  7.3729E-02  7.4716E-04 -1.6846E-02
  3.4163E-02  7.5201E-02  7.6882E-04 -1.7333E-02
  3.4655E-02  7.6693E-02  7.9111E-04 -1.7835E-02
  3.5154E-02  7.8204E-02  8.1405E-04 -1.8350E-02
  3.5660E-02  7.9735E-02  8.3764E-04 -1.8881E-02
  3.6174E-02  8.1286E-02  8.6192E-04 -1.9427E-02
  3.6694E-02  8.2856E-02  8.8689E-04 -1.9988E-02
  3.7222E-02  8.4444E-02  9.1258E-04 -2.0565E-02
  3.7758E-02  8.6052E-02  9.3901E-04 -2.1159E-02
  3.8301E-02  8.7678E-02  9.6620E-04 -2.1770E-02
  3.8851E-02  8.9322E-02  9.9418E-04 -2.2398E-02
  3.9410E-02  9.0984E-02  1.0230E-03 -2.3045E-02
  3.9977E-02  9.2664E-02  1.0526E-03 -2.3710E-02
  4.0551E-02  9.4360E-02  1.0830E-03 -2.4394E-02
  4.1134E-02  9.6074E-02  1.1144E-03 -2.5097E-02
  4.1725E-02  9.7803E-02  1.1466E-03 -2.5820E-02
  4.2325E-02  9.9549E-02  1.1798E-03 -2.6564E-02
  4.2933E-02  1.0131E-01  1.2139E-03 -2.7330E-02
  4.3549E-02  1.0309E-01  1.2490E-03 -2.8117E-02
  4.4175E-02  1.0487E-01  1.2851E-03 -2.8927E-02
  4.4809E-02  1.0668E-01  1.3222E-03 -2.9759E-02
  4.5453E-02  1.0849E-01  1.3604E-03 -3.0616E-02
  4.6105E-02  1.1032E-01  1.3998E-03 -3.1497E-02
  4.6767E-02  1.1216E-01  1.4402E-03 -3.2403E-02
  4.7438E-02  1.1401E-01  1.4818E-03 -3.3335E-02
  4.8119E-02  1.1587E-01  1.5246E-03 -3.4293E-02
  4.8810E-02  1.1774E-01  1.5686E-03 -3.5279E-02
  4.9510E-02  1.1962E-01  1.6139E-03 -3.6292E-02
  5.0220E-02  1.2151E-01  1.6605E-03 -3.7335E-02
  5.0941E-02  1.2340E-01  1.7085E-03 -3.8407E-02
  5.1671E-02  1.2530E-01  1.7578E-03 -3.9509E-02
  5.2412E-02  1.2720E-01  1.8085E-03 -4.0643E-02
  5.3164E-02  1.2910E-01  1.8607E-03 -4.1809E-02
  5.3926E-02  1.3101E-01  1.9144E-03 -4.3008E-02
  5.4699E-02  1.3291E-01  1.9696E-03 -4.4241E-02
  5.5483E-02  1.3482E-01  2.0264E-03 -4.5509E-02
  5.6278E-02  1.3672E-01  2.0848E-03 -4.6813E-02
  5.7085E-02  1.3862E-01  2.1450E-03 -4.8154E-02
  5.7903E-02  1.4052E-01  2.2068E-03 -4.9533E-02
  5.8733E-02  1.4241E-01  2.2704E-03 -5.0951E-02
  5.9574E-02  1.4429E-01  2.3359E-03 -5.2409E-02
  6.0428E-02  1.4616E-01  2.4032E-03 -5.3908E-02
  6.1293E-02  1.4802E-01  2.4724E-03 -5.5450E-02
  6.2171E-02  1.4987E-01  2.5437E-03 -5.7035E-02
  6.3062E-02  1.5170E-01  2.6169E-03 -5.8664E-02
  6.3965E-02  1.5352E-01  2.6923E-03 -6.0340E-02
  6.4881E-02  1.5532E-01  2.7698E-03 -6.2063E-02
  6.5809E-02  1.5710E-01  2.8496E-03 -6.3834E-02
  6.6752E-02  1.5885E-01  2.9316E-03 -6.5656E-02
  6.7707E-02  1.6059E-01  3.0160E-03 -6.7528E-02
  6.8676E-02  1.6229E-01  3.1028E-03 -6.9453E-02
  6.9659E-02  1.6397E-01  3.1921E-03 -7.1432E-02
  7.0656E-02  1.6562E-01  3.2840E-03 -7.3467E-02
  7.1667E-02  1.6723E-01  3.3785E-03 -7.5559E-02
  7.2693E-02  1.6881E-01  3.4757E-03 -7.7709E-02
  7.3733E-02  1.7036E-01  3.5756E-03 -7.9920E-02
  7.4788E-02  1.7186E-01  3.6785E-03 -8.2192E-02
  7.5858E-02  1.7332E-01  3.7843E-03 -8.4528E-02
  7.6943E-02  1.7473E-01  3.8931E-03 -8.6929E-02
  7.8043E-02  1.7610E-01  4.0050E-03 -8.9397E-02
  7.9160E-02  1.7741E-01  4.1201E-03 -9.1934E-02
  8.0292E-02  1.7868E-01  4.2385E-03 -9.4542E-02
  8.1440E-02  1.7988E-01  4.3603E-03 -9.7222E-02
  8.2604E-02  1.8103E-01  4.4856E-03 -9.9977E-02
  8.3785E-02  1.8212E-01  4.6145E-03 -1.0281E-01
  8.4983E-02  1.8314E-01  4.7470E-03 -1.0572E-01
  8.6198E-02  1.8410E-01  4.8833E-03 -1.0871E-01
  8.7430E-02  1.8499E-01  5.0235E-03 -1.1178E-01
  8.8680E-02  1.8580E-01  5.1678E-03 -1.1494E-01
  8.9948E-02  1.8654E-01  5.3161E-03 -1.1818E-01
  9.1233E-02  1.8719E-01  5.4687E-03 -1.2152E-01
  9.2537E-02  1.8777E-01  5.6256E-03 -1.2495E-01
  9.3860E-02  1.8826E-01  5.7871E-03 -1.2847E-01
  9.5201E-02  1.8866E-01  5.9531E-03 -1.3208E-01
  9.6561E-02  1.8897E-01  6.1239E-03 -1.3580E-01
  9.7941E-02  1.8918E-01  6.2995E-03 -1.3962E-01
  9.9340E-02  1.8930E-01  6.4801E-03 -1.4354E-01
  1.0076E-01  1.8931E-01  6.6659E-03 -1.4757E-01
  1.0220E-01  1.8922E-01  6.8570E-03 -1.5171E-01
  1.0366E-01  1.8903E-01  7.0535E-03 -1.5597E-01
  1.0514E-01  1.8872E-01  7.2556E-03 -1.6034E-01
  1.0664E-01  1.8830E-01  7.4635E-03 -1.6482E-01
  1.0816E-01  1.8776E-01  7.6773E-03 -1.6943E-01
  1.0971E-01  1.8710E-01  7.8972E-03 -1.7417E-01
  1.1128E-01  1.8632E-01  8.1234E-03 -1.7903E-01
  1.1286E-01  1.8541E-01  8.3559E-03 -1.8402E-01
  1.1448E-01  1.8437E-01  8.5951E-03 -1.8915E-01
  1.1611E-01  1.8320E-01  8.8411E-03 -1.9441E-01
  1.1777E-01  1.8190E-01  9.0941E-03 -1.9982E-01
  1.1945E-01  1.8046E-01  9.3543E-03 -2.0537E-01
  1.2115E-01  1.7887E-01  9.6218E-03 -2.1107E-01
  1.2288E-01  1.7715E-01  9.8970E-03 -2.1692E-01
  1.2464E-01  1.7528E-01  1.0180E-02 -2.2293E-01
  1.2642E-01  1.7326E-01  1.0471E-02 -2.2909E-01
  1.2822E-01  1.7109E-01  1.0770E-02 -2.3542E-01
  1.3005E-01  1.6877E-01  1.1078E-02 -2.4191E-01
  1.3191E-01  1.6629E-01  1.1394E-02 -2.4858E-01
  1.3379E-01  1.6366E-01  1.1720E-02 -2.5542E-01
  1.3570E-01  1.6087E-01  1.2054E-02 -2.6244E-01
  1.3764E-01  1.5792E-01  1.2399E-02 -2.6964E-01
  1.3960E-01  1.5480E-01  1.2752E-02 -2.7703E-01
  1.4159E-01  1.5152E-01  1.3116E-02 -2.8462E-01
  1.4361E-01  1.4808E-01  1.3490E-02 -2.9239E-01
  1.4566E-01  1.4447E-01  1.3875E-02 -3.0037E-01
  1.4774E-01  1.4070E-01  1.4271E-02 -3.0855E-01
  1.4985E-01  1.3676E-01  1.4678E-02 -3.1695E-01
  1.5199E-01  1.3265E-01  1.5096E-02 -3.2555E-01
  1.5415E-01  1.2837E-01  1.5526E-02 -3.3438E-01
  1.5635E-01  1.2392E-01  1.5968E-02 -3.4343E-01
  1.5858E-01  1.1931E-01  1.6423E-02 -3.5270E-01
  1.6084E-01  1.1453E-01  1.6890E-02 -3.6221E-01
  1.6314E-01  1.0958E-01  1.7371E-02 -3.7196E-01
  1.6547E-01  1.0446E-01  1.7865E-02 -3.8194E-01
  1.6783E-01  9.9184E-02  1.8373E-02 -3.9218E-01
  1.7022E-01  9.3741E-02  1.8895E-02 -4.0267E-01
  1.7265E-01  8.8135E-02  1.9432E-02 -4.1342E-01
  1.7511E-01  8.2370E-02  1.9984E-02 -4.2442E-01
  1.7761E-01  7.6446E-02  2.0551E-02 -4.3570E-01
  1.8014E-01  7.0368E-02  2.1135E-02 -4.4725E-01
  1.8271E-01  6.4136E-02  2.1734E-02 -4.5907E-01
  1.8531E-01  5.7756E-02  2.2351E-02 -4.7118E-01
  1.8795E-01  5.1229E-02  2.2984E-02 -4.8357E-01
  1.9063E-01  4.4560E-02  2.3636E-02 -4.9626E-01
  1.9335E-01  3.7753E-02  2.4305E-02 -5.0924E-01
  1.9611E-01  3.0812E-02  2.4994E-02 -5.2253E-01
  1.9891E-01  2.3742E-02  2.5701E-02 -5.3612E-01
  2.0174E-01  1.6548E-02  2.6428E-02 -5.5003E-01
  2.0462E-01  9.2351E-03  2.7176E-02 -5.6425E-01
  2.0753E-01  1.8090E-03  2.7944E-02 -5.7879E-01
  2.1049E-01 -5.7243E-03  2.8733E-02 -5.9366E-01
  2.1349E-01 -1.3358E-02  2.9545E-02 -6.0886E-01
  2.1654E-01 -2.1087E-02  3.0378E-02 -6.2439E-01
  2.1962E-01 -2.8902E-02  3.1235E-02 -6.4026E-01
  2.2275E-01 -3.6798E-02  3.2116E-02 -6.5647E-01
  2.2593E-01 -4.4765E-02  3.3021E-02 -6.7304E-01
  2.2915E-01 -5.2797E-02  3.3951E-02 -6.8995E-01
  2.3241E-01 -6.0885E-02  3.4907E-02 -7.0721E-01
  2.3573E-01 -6.9021E-02  3.5888E-02 -7.2484E-01
  2.3909E-01 -7.7195E-02  3.6897E-02 -7.4282E-01
  2.4249E-01 -8.5399E-02  3.7934E-02 -7.6117E-01
  2.4595E-01 -9.3624E-02  3.8999E-02 -7.7988E-01
  2.4945E-01 -1.0186E-01  4.0093E-02 -7.9896E-01
  2.5301E-01 -1.1009E-01  4.1217E-02 -8.1841E-01
  2.5661E-01 -1.1832E-01  4.2372E-02 -8.3824E-01
  2.6027E-01 -1.2652E-01  4.3558E-02 -8.5843E-01
  2.6398E-01 -1.3470E-01  4.4777E-02 -8.7900E-01
  2.6774E-01 -1.4283E-01  4.6029E-02 -8.9995E-01
  2.7156E-01 -1.5091E-01  4.7314E-02 -9.2127E-01
  2.7542E-01 -1.5893E-01  4.8635E-02 -9.4296E-01
  2.7935E-01 -1.6687E-01  4.9991E-02 -9.6502E-01
  2.8333E-01 -1.7472E-01  5.1384E-02 -9.8746E-01
  2.8737E-01 -1.8248E-01  5.2815E-02 -1.0103E+00
  2.9146E-01 -1.9012E-01  5.4284E-02 -1.0334E+00
  2.9561E-01 -1.9764E-01  5.5792E-02 -1.0570E+00
  2.9982E-01 -2.0503E-01  5.7341E-02 -1.0808E+00
  3.0410E-01 -2.1227E-01  5.8931E-02 -1.1051E+00
  3.0843E-01 -2.1935E-01  6.0564E-02 -1.1297E+00
  3.1282E-01 -2.2626E-01  6.2240E-02 -1.1546E+00
  3.1728E-01 -2.3298E-01  6.3961E-02 -1.1799E+00
  3.2180E-01 -2.3951E-01  6.5727E-02 -1.2055E+00
  3.2638E-01 -2.4583E-01  6.7540E-02 -1.2314E+00
  3.3103E-01 -2.5192E-01  6.9401E-02 -1.2576E+00
  3.3575E-01 -2.5779E-01  7.1311E-02 -1.2841E+00
  3.4053E-01 -2.6341E-01  7.3271E-02 -1.3109E+00
  3.4538E-01 -2.6877E-01  7.5283E-02 -1.3380E+00
  3.5030E-01 -2.7386E-01  7.7346E-02 -1.3653E+00
  3.5529E-01 -2.7867E-01  7.9464E-02 -1.3928E+00
  3.6035E-01 -2.8318E-01  8.1636E-02 -1.4206E+00
  3.6548E-01 -2.8740E-01  8.3865E-02 -1.4486E+00
  3.7069E-01 -2.9130E-01  8.6151E-02 -1.4768E+00
  3.7597E-01 -2.9487E-01  8.8496E-02 -1.5051E+00
  3.8132E-01 -2.9811E-01  9.0901E-02 -1.5336E+00
  3.8675E-01 -3.0100E-01  9.3368E-02 -1.5623E+00
  3.9226E-01 -3.0353E-01  9.5897E-02 -1.5910E+00
  3.9785E-01 -3.0571E-01  9.8490E-02 -1.6198E+00
  4.0351E-01 -3.0750E-01  1.0115E-01 -1.6486E+00
  4.0926E-01 -3.0892E-01  1.0387E-01 -1.6774E+00
  4.1509E-01 -3.0995E-01  1.0667E-01 -1.7063E+00
  4.2100E-01 -3.1058E-01  1.0953E-01 -1.7350E+00
  4.2699E-01 -3.1080E-01  1.1247E-01 -1.7637E+00
  4.3307E-01 -3.1062E-01  1.1547E-01 -1.7923E+00
  4.3924E-01 -3.1002E-01  1.1855E-01 -1.8208E+00
  4.4550E-01 -3.0900E-01  1.2171E-01 -1.8490E+00
  4.5184E-01 -3.0755E-01  1.2494E-01 -1.8771E+00
  4.5827E-01 -3.0567E-01  1.2825E-01 -1.9048E+00
  4.6480E-01 -3.0336E-01  1.3164E-01 -1.9323E+00
  4.7142E-01 -3.0061E-01  1.3512E-01 -1.9593E+00
  4.7813E-01 -2.9742E-01  1.3867E-01 -1.9860E+00
  4.8494E-01 -2.9379E-01  1.4231E-01 -2.0123E+00
  4.9184E-01 -2.8972E-01  1.4603E-01 -2.0380E+00
  4.9885E-01 -2.8521E-01  1.4984E-01 -2.0633E+00
  5.0595E-01 -2.8025E-01  1.5374E-01 -2.0879E+00
  5.1315E-01 -2.7485E-01  1.5773E-01 -2.1119E+00
  5.2046E-01 -2.6901E-01  1.6181E-01 -2.1351E+00
  5.2787E-01 -2.6273E-01  1.6599E-01 -2.1577E+00
  5.3539E-01 -2.5602E-01  1.7025E-01 -2.1794E+00
  5.4301E-01 -2.4887E-01  1.7462E-01 -2.2003E+00
  5.5074E-01 -2.4130E-01  1.7908E-01 -2.2203E+00
  5.5858E-01 -2.3330E-01  1.8363E-01 -2.2393E+00
  5.6653E-01 -2.2488E-01  1.8829E-01 -2.2572E+00
  5.7460E-01 -2.1605E-01  1.9304E-01 -2.2741E+00
  5.8278E-01 -2.0681E-01  1.9790E-01 -2.2899E+00
  5.9108E-01 -1.9718E-01  2.0286E-01 -2.3045E+00
  5.9949E-01 -1.8715E-01  2.0792E-01 -2.3179E+00
  6.0803E-01 -1.7674E-01  2.1309E-01 -2.3299E+00
  6.1668E-01 -1.6595E-01  2.1836E-01 -2.3406E+00
  6.2546E-01 -1.5479E-01  2.2374E-01 -2.3499E+00
  6.3437E-01 -1.4328E-01  2.2923E-01 -2.3577E+00
  6.4340E-01 -1.3142E-01  2.3482E-01 -2.3640E+00
  6.5256E-01 -1.1923E-01  2.4052E-01 -2.3687E+00
  6.6184E-01 -1.0671E-01  2.4633E-01 -2.3718E+00
  6.7127E-01 -9.3884E-02  2.5225E-01 -2.3732E+00
  6.8082E-01 -8.0755E-02  2.5828E-01 -2.3729E+00
  6.9051E-01 -6.7337E-02  2.6441E-01 -2.3708E+00
  7.0034E-01 -5.3645E-02  2.7066E-01 -2.3669E+00
  7.1031E-01 -3.9692E-02  2.7701E-01 -2.3610E+00
  7.2042E-01 -2.5491E-02  2.8348E-01 -2.3532E+00
  7.3068E-01 -1.1057E-02  2.9005E-01 -2.3434E+00
  7.4108E-01  3.5959E-03  2.9673E-01 -2.3316E+00
  7.5163E-01  1.8453E-02  3.0351E-01 -2.3176E+00
  7.6233E-01  3.3499E-02  3.1041E-01 -2.3014E+00
  7.7318E-01  4.8718E-02  3.1740E-01 -2.2830E+00
  7.8419E-01  6.4095E-02  3.2450E-01 -2.2622E+00
  7.9535E-01  7.9614E-02  3.3170E-01 -2.2389E+00
  8.0667E-01  9.5260E-02  3.3901E-01 -2.2132E+00
  8.1815E-01  1.1101E-01  3.4641E-01 -2.1848E+00
  8.2980E-01  1.2686E-01  3.5390E-01 -2.1537E+00
  8.4161E-01  1.4279E-01  3.6149E-01 -2.1198E+00
  8.5359E-01  1.5877E-01  3.6917E-01 -2.0828E+00
  8.6574E-01  1.7480E-01  3.7694E-01 -2.0427E+00
  8.7806E-01  1.9086E-01  3.8479E-01 -1.9993E+00
  8.9056E-01  2.0693E-01  3.9272E-01 -1.9524E+00
  9.0323E-01  2.2299E-01  4.0073E-01 -1.9017E+00
  9.1609E-01  2.3902E-01  4.0881E-01 -1.8472E+00
  9.2913E-01  2.5502E-01  4.1695E-01 -1.7884E+00
  9.4235E-01  2.7096E-01  4.2516E-01 -1.7252E+00
  9.5576E-01  2.8683E-01  4.3343E-01 -1.6572E+00
  9.6937E-01  3.0260E-01  4.4175E-01 -1.5842E+00
  9.8316E-01  3.1828E-01  4.5011E-01 -1.5057E+00
  9.9716E-01  3.3383E-01  4.5852E-01 -1.4215E+00
  1.0113E+00  3.4924E-01  4.6695E-01 -1.3312E+00
  1.0257E+00  3.6450E-01  4.7542E-01 -1.2344E+00
  1.0403E+00  3.7959E-01  4.8390E-01 -1.1308E+00
  1.0551E+00  3.9450E-01  4.9239E-01 -1.0199E+00
  1.0702E+00  4.0920E-01  5.0088E-01 -9.0137E-01
  1.0854E+00  4.2370E-01  5.0937E-01 -7.7494E-01
  1.1008E+00  4.3797E-01  5.1784E-01 -6.4028E-01
  1.1165E+00  4.5200E-01  5.2628E-01 -4.9717E-01
  1.1324E+00  4.6577E-01  5.3469E-01 -3.4545E-01
  1.1485E+00  4.7928E-01  5.4306E-01 -1.8504E-01
  1.1649E+00  4.9251E-01  5.5137E-01 -1.6020E-02
  1.1814E+00  5.0545E-01  5.5961E-01  1.6142E-01
  1.1983E+00  5.1808E-01  5.6777E-01  3.4689E-01
  1.2153E+00  5.3040E-01  5.7584E-01  5.3980E-01
  1.2326E+00  5.4239E-01  5.8381E-01  7.3934E-01
  1.2501E+00  5.5404E-01  5.9166E-01  9.4443E-01
  1.2679E+00  5.6534E-01  5.9939E-01  1.1537E+00
  1.2860E+00  5.7629E-01  6.0697E-01  1.3654E+00
  1.3043E+00  5.8687E-01  6.1439E-01  1.5776E+00
  1.3228E+00  5.9706E-01  6.2165E-01  1.7879E+00
  1.3417E+00  6.0687E-01  6.2873E-01  1.9936E+00
  1.3608E+00  6.1628E-01  6.3560E-01  2.1917E+00
  1.3801E+00  6.2529E-01  6.4227E-01  2.3790E+00
  1.3998E+00  6.3387E-01  6.4871E-01  2.5520E+00
  1.4197E+00  6.4204E-01  6.5491E-01  2.7071E+00
  1.4399E+00  6.4977E-01  6.6086E-01  2.8409E+00
  1.4604E+00  6.5707E-01  6.6653E-01  2.9501E+00
  1.4812E+00  6.6392E-01  6.7193E-01  3.0320E+00
  1.5022E+00  6.7032E-01  6.7703E-01  3.0844E+00
  1.5236E+00  6.7627E-01  6.8182E-01  3.1064E+00
  1.5453E+00  6.8175E-01  6.8629E-01  3.0986E+00
  1.5673E+00  6.8677E-01  6.9043E-01  3.0633E+00
  1.5896E+00  6.9132E-01  6.9421E-01  3.0050E+00
  1.6122E+00  6.9541E-01  6.9765E-01  2.9308E+00
  1.6352E+00  6.9902E-01  7.0071E-01  2.8506E+00
  1.6584E+00  7.0216E-01  7.0340E-01  2.7772E+00
  1.6820E+00  7.0482E-01  7.0570E-01  2.7254E+00
  1.7060E+00  7.0701E-01  7.0760E-01  2.7116E+00
  1.7302E+00  7.0873E-01  7.0911E-01  2.7516E+00
  1.7549E+00  7.0997E-01  7.1020E-01  2.8575E+00
  1.7798E+00  7.1075E-01  7.1087E-01  3.0324E+00
  1.8052E+00  7.1106E-01  7.1111E-01  3.2631E+00
  1.8308E+00  7.1091E-01  7.1093E-01  3.5085E+00
  1.8569E+00  7.1030E-01  7.1030E-01  3.6830E+00
  1.8833E+00  7.0923E-01  7.0923E-01  3.6342E+00
  1.9101E+00  7.0772E-01  7.0772E-01  3.1049E+00
  1.9373E+00  7.0577E-01  7.0577E-01  2.3009E+00
  1.9649E+00  7.0338E-01  7.0338E-01  1.6186E+00
  1.9928E+00  7.0057E-01  7.0057E-01  1.0657E+00
  2.0212E+00  6.9733E-01  6.9733E-01  6.3281E-01
  2.0499E+00  6.9368E-01  6.9368E-01  3.1335E-01
  2.0791E+00  6.8963E-01  6.8963E-01  1.0032E-01
  2.1087E+00  6.8519E-01  6.8519E-01  0.0000E+00
  2.1387E+00  6.8036E-01  6.8036E-01  0.0000E+00
  2.1691E+00  6.7516E-01  6.7516E-01  0.0000E+00
  2.2000E+00  6.6960E-01  6.6960E-01  0.0000E+00
  2.2313E+00  6.6369E-01  6.6369E-01  0.0000E+00
  2.2631E+00  6.5743E-01  6.5743E-01  0.0000E+00
  2.2953E+00  6.5085E-01  6.5085E-01  0.0000E+00
  2.3279E+00  6.4395E-01  6.4395E-01  0.0000E+00
  2.3610E+00  6.3674E-01  6.3674E-01  0.0000E+00
  2.3946E+00  6.2925E-01  6.2925E-01  0.0000E+00
  2.4287E+00  6.2148E-01  6.2148E-01  0.0000E+00
  2.4633E+00  6.1344E-01  6.1344E-01  0.0000E+00
  2.4983E+00  6.0514E-01  6.0514E-01  0.0000E+00
  2.5339E+00  5.9661E-01  5.9661E-01  0.0000E+00
  2.5699E+00  5.8786E-01  5.8786E-01  0.0000E+00
  2.6065E+00  5.7889E-01  5.7889E-01  0.0000E+00
  2.6436E+00  5.6972E-01  5.6972E-01  0.0000E+00
  2.6812E+00  5.6037E-01  5.6037E-01  0.0000E+00
  2.7193E+00  5.5085E-01  5.5085E-01  0.0000E+00
  2.7580E+00  5.4117E-01  5.4117E-01  0.0000E+00
  2.7973E+00  5.3135E-01  5.3135E-01  0.0000E+00
  2.8371E+00  5.2140E-01  5.2140E-01  0.0000E+00
  2.8774E+00  5.1133E-01  5.1133E-01  0.0000E+00
  2.9184E+00  5.0117E-01  5.0117E-01  0.0000E+00
  2.9599E+00  4.9091E-01  4.9091E-01  0.0000E+00
  3.0020E+00  4.8059E-01  4.8059E-01  0.0000E+00
  3.0447E+00  4.7020E-01  4.7020E-01  0.0000E+00
  3.0881E+00  4.5976E-01  4.5976E-01  0.0000E+00
  3.1320E+00  4.4929E-01  4.4929E-01  0.0000E+00
  3.1766E+00  4.3879E-01  4.3879E-01  0.0000E+00
  3.2218E+00  4.2829E-01  4.2829E-01  0.0000E+00
  3.2676E+00  4.1778E-01  4.1778E-01  0.0000E+00
  3.3141E+00  4.0729E-01  4.0729E-01  0.0000E+00
  3.3613E+00  3.9683E-01  3.9683E-01  0.0000E+00
  3.4091E+00  3.8641E-01  3.8641E-01  0.0000E+00
  3.4576E+00  3.7603E-01  3.7603E-01  0.0000E+00
  3.5068E+00  3.6571E-01  3.6571E-01  0.0000E+00
  3.5567E+00  3.5546E-01  3.5546E-01  0.0000E+00
  3.6073E+00  3.4528E-01  3.4528E-01  0.0000E+00
  3.6586E+00  3.3519E-01  3.3519E-01  0.0000E+00
  3.7107E+00  3.2520E-01  3.2520E-01  0.0000E+00
  3.7635E+00  3.1531E-01  3.1531E-01  0.0000E+00
  3.8170E+00  3.0554E-01  3.0554E-01  0.0000E+00
  3.8713E+00  2.9588E-01  2.9588E-01  0.0000E+00
  3.9264E+00  2.8635E-01  2.8635E-01  0.0000E+00
  3.9823E+00  2.7696E-01  2.7696E-01  0.0000E+00
  4.0389E+00  2.6770E-01  2.6770E-01  0.0000E+00
  4.0964E+00  2.5858E-01  2.5858E-01  0.0000E+00
  4.1547E+00  2.4962E-01  2.4962E-01  0.0000E+00
  4.2138E+00  2.4081E-01  2.4081E-01  0.0000E+00
  4.2737E+00  2.3216E-01  2.3216E-01  0.0000E+00
  4.3345E+00  2.2367E-01  2.2367E-01  0.0000E+00
  4.3962E+00  2.1534E-01  2.1534E-01  0.0000E+00
  4.4588E+00  2.0719E-01  2.0719E-01  0.0000E+00
