 # l=           0 energy=  -5.0000000000000000     
  0.0000E+00  0.0000E+00  0.0000E+00 -0.0000E+00
  1.6028E-05  9.5304E-06 -3.7873E-05 -5.2287E-05
  3.2200E-05  1.9146E-05 -7.6042E-05 -1.0498E-04
  4.8517E-05  2.8848E-05 -1.1453E-04 -1.5812E-04
  6.4980E-05  3.8638E-05 -1.5335E-04 -2.1171E-04
  8.1591E-05  4.8515E-05 -1.9251E-04 -2.6576E-04
  9.8351E-05  5.8480E-05 -2.3201E-04 -3.2027E-04
  1.1526E-04  6.8535E-05 -2.7184E-04 -3.7526E-04
  1.3232E-04  7.8681E-05 -3.1202E-04 -4.3073E-04
  1.4954E-04  8.8917E-05 -3.5256E-04 -4.8668E-04
  1.6691E-04  9.9245E-05 -3.9344E-04 -5.4312E-04
  1.8443E-04  1.0967E-04 -4.3468E-04 -6.0005E-04
  2.0212E-04  1.2018E-04 -4.7627E-04 -6.5748E-04
  2.1996E-04  1.3079E-04 -5.1823E-04 -7.1541E-04
  2.3796E-04  1.4149E-04 -5.6056E-04 -7.7385E-04
  2.5612E-04  1.5229E-04 -6.0325E-04 -8.3280E-04
  2.7445E-04  1.6319E-04 -6.4632E-04 -8.9226E-04
  2.9294E-04  1.7418E-04 -6.8976E-04 -9.5224E-04
  3.1159E-04  1.8528E-04 -7.3358E-04 -1.0127E-03
  3.3042E-04  1.9647E-04 -7.7778E-04 -1.0738E-03
  3.4941E-04  2.0776E-04 -8.2237E-04 -1.1353E-03
  3.6857E-04  2.1916E-04 -8.6734E-04 -1.1975E-03
  3.8791E-04  2.3065E-04 -9.1271E-04 -1.2601E-03
  4.0742E-04  2.4225E-04 -9.5847E-04 -1.3233E-03
  4.2710E-04  2.5396E-04 -1.0046E-03 -1.3871E-03
  4.4696E-04  2.6577E-04 -1.0512E-03 -1.4514E-03
  4.6700E-04  2.7768E-04 -1.0982E-03 -1.5162E-03
  4.8722E-04  2.8970E-04 -1.1456E-03 -1.5817E-03
  5.0762E-04  3.0183E-04 -1.1933E-03 -1.6477E-03
  5.2820E-04  3.1407E-04 -1.2416E-03 -1.7143E-03
  5.4896E-04  3.2642E-04 -1.2902E-03 -1.7814E-03
  5.6992E-04  3.3888E-04 -1.3392E-03 -1.8492E-03
  5.9106E-04  3.5145E-04 -1.3887E-03 -1.9175E-03
  6.1239E-04  3.6413E-04 -1.4386E-03 -1.9865E-03
  6.3391E-04  3.7693E-04 -1.4890E-03 -2.0560E-03
  6.5563E-04  3.8984E-04 -1.5398E-03 -2.1261E-03
  6.7754E-04  4.0287E-04 -1.5910E-03 -2.1969E-03
  6.9965E-04  4.1602E-04 -1.6427E-03 -2.2683E-03
  7.2195E-04  4.2928E-04 -1.6948E-03 -2.3403E-03
  7.4446E-04  4.4266E-04 -1.7474E-03 -2.4129E-03
  7.6716E-04  4.5616E-04 -1.8004E-03 -2.4862E-03
  7.9007E-04  4.6979E-04 -1.8539E-03 -2.5601E-03
  8.1319E-04  4.8353E-04 -1.9078E-03 -2.6346E-03
  8.3652E-04  4.9740E-04 -1.9623E-03 -2.7098E-03
  8.6005E-04  5.1139E-04 -2.0172E-03 -2.7857E-03
  8.8379E-04  5.2551E-04 -2.0725E-03 -2.8622E-03
  9.0775E-04  5.3976E-04 -2.1284E-03 -2.9394E-03
  9.3192E-04  5.5413E-04 -2.1847E-03 -3.0172E-03
  9.5631E-04  5.6863E-04 -2.2416E-03 -3.0957E-03
  9.8092E-04  5.8326E-04 -2.2989E-03 -3.1750E-03
  1.0057E-03  5.9803E-04 -2.3567E-03 -3.2549E-03
  1.0308E-03  6.1292E-04 -2.4150E-03 -3.3355E-03
  1.0561E-03  6.2795E-04 -2.4739E-03 -3.4168E-03
  1.0816E-03  6.4312E-04 -2.5332E-03 -3.4988E-03
  1.1073E-03  6.5842E-04 -2.5931E-03 -3.5815E-03
  1.1333E-03  6.7385E-04 -2.6534E-03 -3.6649E-03
  1.1595E-03  6.8943E-04 -2.7143E-03 -3.7491E-03
  1.1859E-03  7.0515E-04 -2.7758E-03 -3.8340E-03
  1.2126E-03  7.2100E-04 -2.8377E-03 -3.9196E-03
  1.2395E-03  7.3700E-04 -2.9002E-03 -4.0060E-03
  1.2666E-03  7.5315E-04 -2.9632E-03 -4.0931E-03
  1.2940E-03  7.6943E-04 -3.0268E-03 -4.1810E-03
  1.3217E-03  7.8587E-04 -3.0910E-03 -4.2696E-03
  1.3495E-03  8.0245E-04 -3.1556E-03 -4.3590E-03
  1.3777E-03  8.1918E-04 -3.2209E-03 -4.4492E-03
  1.4061E-03  8.3606E-04 -3.2867E-03 -4.5402E-03
  1.4347E-03  8.5309E-04 -3.3531E-03 -4.6320E-03
  1.4636E-03  8.7027E-04 -3.4200E-03 -4.7245E-03
  1.4928E-03  8.8761E-04 -3.4875E-03 -4.8179E-03
  1.5222E-03  9.0511E-04 -3.5556E-03 -4.9120E-03
  1.5519E-03  9.2276E-04 -3.6243E-03 -5.0070E-03
  1.5818E-03  9.4057E-04 -3.6936E-03 -5.1028E-03
  1.6120E-03  9.5854E-04 -3.7635E-03 -5.1994E-03
  1.6425E-03  9.7667E-04 -3.8340E-03 -5.2969E-03
  1.6733E-03  9.9496E-04 -3.9051E-03 -5.3952E-03
  1.7043E-03  1.0134E-03 -3.9768E-03 -5.4944E-03
  1.7357E-03  1.0320E-03 -4.0491E-03 -5.5944E-03
  1.7673E-03  1.0508E-03 -4.1221E-03 -5.6953E-03
  1.7992E-03  1.0698E-03 -4.1956E-03 -5.7970E-03
  1.8313E-03  1.0889E-03 -4.2698E-03 -5.8996E-03
  1.8638E-03  1.1082E-03 -4.3447E-03 -6.0032E-03
  1.8965E-03  1.1277E-03 -4.4202E-03 -6.1076E-03
  1.9296E-03  1.1473E-03 -4.4963E-03 -6.2129E-03
  1.9629E-03  1.1672E-03 -4.5731E-03 -6.3191E-03
  1.9966E-03  1.1872E-03 -4.6506E-03 -6.4262E-03
  2.0305E-03  1.2073E-03 -4.7287E-03 -6.5343E-03
  2.0647E-03  1.2277E-03 -4.8075E-03 -6.6433E-03
  2.0993E-03  1.2483E-03 -4.8869E-03 -6.7532E-03
  2.1342E-03  1.2690E-03 -4.9671E-03 -6.8640E-03
  2.1693E-03  1.2899E-03 -5.0479E-03 -6.9759E-03
  2.2048E-03  1.3110E-03 -5.1294E-03 -7.0887E-03
  2.2406E-03  1.3323E-03 -5.2116E-03 -7.2024E-03
  2.2768E-03  1.3538E-03 -5.2945E-03 -7.3171E-03
  2.3132E-03  1.3755E-03 -5.3782E-03 -7.4329E-03
  2.3500E-03  1.3973E-03 -5.4625E-03 -7.5496E-03
  2.3871E-03  1.4194E-03 -5.5476E-03 -7.6673E-03
  2.4246E-03  1.4417E-03 -5.6334E-03 -7.7860E-03
  2.4623E-03  1.4641E-03 -5.7199E-03 -7.9057E-03
  2.5005E-03  1.4868E-03 -5.8072E-03 -8.0265E-03
  2.5389E-03  1.5097E-03 -5.8952E-03 -8.1483E-03
  2.5777E-03  1.5327E-03 -5.9839E-03 -8.2712E-03
  2.6169E-03  1.5560E-03 -6.0734E-03 -8.3951E-03
  2.6564E-03  1.5795E-03 -6.1637E-03 -8.5200E-03
  2.6963E-03  1.6032E-03 -6.2548E-03 -8.6460E-03
  2.7365E-03  1.6271E-03 -6.3466E-03 -8.7731E-03
  2.7771E-03  1.6512E-03 -6.4392E-03 -8.9013E-03
  2.8180E-03  1.6756E-03 -6.5326E-03 -9.0306E-03
  2.8593E-03  1.7002E-03 -6.6267E-03 -9.1610E-03
  2.9010E-03  1.7249E-03 -6.7217E-03 -9.2925E-03
  2.9430E-03  1.7499E-03 -6.8175E-03 -9.4251E-03
  2.9855E-03  1.7752E-03 -6.9141E-03 -9.5589E-03
  3.0283E-03  1.8006E-03 -7.0115E-03 -9.6938E-03
  3.0715E-03  1.8263E-03 -7.1098E-03 -9.8298E-03
  3.1151E-03  1.8522E-03 -7.2089E-03 -9.9671E-03
  3.1591E-03  1.8784E-03 -7.3088E-03 -1.0105E-02
  3.2034E-03  1.9048E-03 -7.4095E-03 -1.0245E-02
  3.2482E-03  1.9314E-03 -7.5112E-03 -1.0386E-02
  3.2934E-03  1.9582E-03 -7.6136E-03 -1.0528E-02
  3.3389E-03  1.9853E-03 -7.7170E-03 -1.0671E-02
  3.3849E-03  2.0127E-03 -7.8212E-03 -1.0815E-02
  3.4313E-03  2.0403E-03 -7.9263E-03 -1.0961E-02
  3.4781E-03  2.0681E-03 -8.0323E-03 -1.1108E-02
  3.5254E-03  2.0962E-03 -8.1391E-03 -1.1256E-02
  3.5730E-03  2.1245E-03 -8.2469E-03 -1.1405E-02
  3.6211E-03  2.1531E-03 -8.3556E-03 -1.1556E-02
  3.6696E-03  2.1820E-03 -8.4652E-03 -1.1707E-02
  3.7186E-03  2.2111E-03 -8.5757E-03 -1.1861E-02
  3.7680E-03  2.2404E-03 -8.6872E-03 -1.2015E-02
  3.8178E-03  2.2701E-03 -8.7995E-03 -1.2171E-02
  3.8681E-03  2.3000E-03 -8.9129E-03 -1.2328E-02
  3.9188E-03  2.3301E-03 -9.0272E-03 -1.2486E-02
  3.9700E-03  2.3606E-03 -9.1424E-03 -1.2646E-02
  4.0217E-03  2.3913E-03 -9.2586E-03 -1.2807E-02
  4.0738E-03  2.4222E-03 -9.3758E-03 -1.2969E-02
  4.1264E-03  2.4535E-03 -9.4939E-03 -1.3133E-02
  4.1794E-03  2.4851E-03 -9.6131E-03 -1.3298E-02
  4.2329E-03  2.5169E-03 -9.7332E-03 -1.3465E-02
  4.2869E-03  2.5490E-03 -9.8544E-03 -1.3633E-02
  4.3414E-03  2.5814E-03 -9.9765E-03 -1.3802E-02
  4.3964E-03  2.6141E-03 -1.0100E-02 -1.3973E-02
  4.4519E-03  2.6471E-03 -1.0224E-02 -1.4145E-02
  4.5079E-03  2.6803E-03 -1.0349E-02 -1.4319E-02
  4.5643E-03  2.7139E-03 -1.0475E-02 -1.4494E-02
  4.6213E-03  2.7478E-03 -1.0603E-02 -1.4671E-02
  4.6788E-03  2.7820E-03 -1.0731E-02 -1.4849E-02
  4.7368E-03  2.8165E-03 -1.0861E-02 -1.5028E-02
  4.7953E-03  2.8513E-03 -1.0991E-02 -1.5209E-02
  4.8544E-03  2.8864E-03 -1.1123E-02 -1.5392E-02
  4.9140E-03  2.9218E-03 -1.1255E-02 -1.5576E-02
  4.9741E-03  2.9575E-03 -1.1389E-02 -1.5762E-02
  5.0347E-03  2.9936E-03 -1.1524E-02 -1.5949E-02
  5.0959E-03  3.0300E-03 -1.1660E-02 -1.6138E-02
  5.1577E-03  3.0667E-03 -1.1797E-02 -1.6328E-02
  5.2200E-03  3.1037E-03 -1.1936E-02 -1.6520E-02
  5.2829E-03  3.1411E-03 -1.2075E-02 -1.6714E-02
  5.3463E-03  3.1788E-03 -1.2216E-02 -1.6909E-02
  5.4103E-03  3.2169E-03 -1.2357E-02 -1.7105E-02
  5.4748E-03  3.2553E-03 -1.2500E-02 -1.7304E-02
  5.5400E-03  3.2940E-03 -1.2644E-02 -1.7504E-02
  5.6057E-03  3.3331E-03 -1.2790E-02 -1.7705E-02
  5.6720E-03  3.3725E-03 -1.2936E-02 -1.7909E-02
  5.7390E-03  3.4123E-03 -1.3084E-02 -1.8114E-02
  5.8065E-03  3.4524E-03 -1.3233E-02 -1.8321E-02
  5.8746E-03  3.4929E-03 -1.3383E-02 -1.8529E-02
  5.9433E-03  3.5338E-03 -1.3534E-02 -1.8739E-02
  6.0127E-03  3.5750E-03 -1.3687E-02 -1.8951E-02
  6.0827E-03  3.6166E-03 -1.3840E-02 -1.9165E-02
  6.1533E-03  3.6586E-03 -1.3995E-02 -1.9380E-02
  6.2245E-03  3.7009E-03 -1.4152E-02 -1.9597E-02
  6.2964E-03  3.7437E-03 -1.4309E-02 -1.9816E-02
  6.3689E-03  3.7868E-03 -1.4468E-02 -2.0037E-02
  6.4421E-03  3.8303E-03 -1.4628E-02 -2.0259E-02
  6.5159E-03  3.8742E-03 -1.4790E-02 -2.0484E-02
  6.5904E-03  3.9185E-03 -1.4953E-02 -2.0710E-02
  6.6656E-03  3.9631E-03 -1.5117E-02 -2.0938E-02
  6.7414E-03  4.0082E-03 -1.5282E-02 -2.1168E-02
  6.8179E-03  4.0537E-03 -1.5449E-02 -2.1400E-02
  6.8951E-03  4.0996E-03 -1.5617E-02 -2.1634E-02
  6.9730E-03  4.1459E-03 -1.5786E-02 -2.1869E-02
  7.0516E-03  4.1926E-03 -1.5957E-02 -2.2107E-02
  7.1309E-03  4.2398E-03 -1.6129E-02 -2.2346E-02
  7.2109E-03  4.2873E-03 -1.6303E-02 -2.2588E-02
  7.2916E-03  4.3353E-03 -1.6478E-02 -2.2831E-02
  7.3731E-03  4.3837E-03 -1.6654E-02 -2.3077E-02
  7.4552E-03  4.4326E-03 -1.6832E-02 -2.3324E-02
  7.5381E-03  4.4819E-03 -1.7011E-02 -2.3573E-02
  7.6218E-03  4.5316E-03 -1.7192E-02 -2.3825E-02
  7.7062E-03  4.5818E-03 -1.7374E-02 -2.4078E-02
  7.7914E-03  4.6324E-03 -1.7558E-02 -2.4334E-02
  7.8773E-03  4.6835E-03 -1.7743E-02 -2.4591E-02
  7.9640E-03  4.7351E-03 -1.7929E-02 -2.4851E-02
  8.0515E-03  4.7871E-03 -1.8117E-02 -2.5112E-02
  8.1398E-03  4.8395E-03 -1.8307E-02 -2.5376E-02
  8.2288E-03  4.8925E-03 -1.8498E-02 -2.5642E-02
  8.3187E-03  4.9459E-03 -1.8690E-02 -2.5910E-02
  8.4094E-03  4.9998E-03 -1.8884E-02 -2.6180E-02
  8.5008E-03  5.0542E-03 -1.9080E-02 -2.6453E-02
  8.5931E-03  5.1090E-03 -1.9277E-02 -2.6727E-02
  8.6863E-03  5.1644E-03 -1.9476E-02 -2.7004E-02
  8.7802E-03  5.2202E-03 -1.9676E-02 -2.7283E-02
  8.8750E-03  5.2766E-03 -1.9878E-02 -2.7564E-02
  8.9707E-03  5.3334E-03 -2.0081E-02 -2.7848E-02
  9.0672E-03  5.3908E-03 -2.0286E-02 -2.8134E-02
  9.1646E-03  5.4487E-03 -2.0493E-02 -2.8421E-02
  9.2628E-03  5.5071E-03 -2.0701E-02 -2.8712E-02
  9.3620E-03  5.5660E-03 -2.0911E-02 -2.9004E-02
  9.4620E-03  5.6255E-03 -2.1123E-02 -2.9299E-02
  9.5629E-03  5.6854E-03 -2.1336E-02 -2.9596E-02
  9.6647E-03  5.7460E-03 -2.1551E-02 -2.9896E-02
  9.7675E-03  5.8070E-03 -2.1767E-02 -3.0198E-02
  9.8711E-03  5.8687E-03 -2.1985E-02 -3.0502E-02
  9.9757E-03  5.9308E-03 -2.2205E-02 -3.0809E-02
  1.0081E-02  5.9935E-03 -2.2427E-02 -3.1118E-02
  1.0188E-02  6.0568E-03 -2.2650E-02 -3.1430E-02
  1.0295E-02  6.1207E-03 -2.2875E-02 -3.1744E-02
  1.0404E-02  6.1851E-03 -2.3102E-02 -3.2060E-02
  1.0513E-02  6.2501E-03 -2.3330E-02 -3.2379E-02
  1.0623E-02  6.3157E-03 -2.3560E-02 -3.2700E-02
  1.0735E-02  6.3819E-03 -2.3792E-02 -3.3024E-02
  1.0847E-02  6.4486E-03 -2.4026E-02 -3.3351E-02
  1.0960E-02  6.5160E-03 -2.4262E-02 -3.3680E-02
  1.1075E-02  6.5840E-03 -2.4499E-02 -3.4011E-02
  1.1190E-02  6.6525E-03 -2.4738E-02 -3.4345E-02
  1.1307E-02  6.7217E-03 -2.4979E-02 -3.4682E-02
  1.1424E-02  6.7915E-03 -2.5222E-02 -3.5021E-02
  1.1543E-02  6.8620E-03 -2.5467E-02 -3.5363E-02
  1.1662E-02  6.9330E-03 -2.5713E-02 -3.5708E-02
  1.1783E-02  7.0047E-03 -2.5962E-02 -3.6055E-02
  1.1905E-02  7.0771E-03 -2.6212E-02 -3.6405E-02
  1.2027E-02  7.1501E-03 -2.6464E-02 -3.6757E-02
  1.2151E-02  7.2237E-03 -2.6718E-02 -3.7113E-02
  1.2276E-02  7.2980E-03 -2.6974E-02 -3.7471E-02
  1.2403E-02  7.3730E-03 -2.7232E-02 -3.7831E-02
  1.2530E-02  7.4487E-03 -2.7492E-02 -3.8195E-02
  1.2658E-02  7.5250E-03 -2.7753E-02 -3.8561E-02
  1.2788E-02  7.6020E-03 -2.8017E-02 -3.8930E-02
  1.2919E-02  7.6797E-03 -2.8283E-02 -3.9302E-02
  1.3051E-02  7.7581E-03 -2.8550E-02 -3.9677E-02
  1.3184E-02  7.8372E-03 -2.8820E-02 -4.0054E-02
  1.3318E-02  7.9170E-03 -2.9092E-02 -4.0434E-02
  1.3454E-02  7.9975E-03 -2.9365E-02 -4.0818E-02
  1.3590E-02  8.0787E-03 -2.9641E-02 -4.1204E-02
  1.3728E-02  8.1607E-03 -2.9918E-02 -4.1593E-02
  1.3867E-02  8.2434E-03 -3.0198E-02 -4.1984E-02
  1.4008E-02  8.3269E-03 -3.0480E-02 -4.2379E-02
  1.4150E-02  8.4110E-03 -3.0764E-02 -4.2777E-02
  1.4293E-02  8.4960E-03 -3.1049E-02 -4.3178E-02
  1.4437E-02  8.5817E-03 -3.1337E-02 -4.3581E-02
  1.4582E-02  8.6682E-03 -3.1627E-02 -4.3988E-02
  1.4729E-02  8.7554E-03 -3.1920E-02 -4.4398E-02
  1.4877E-02  8.8434E-03 -3.2214E-02 -4.4811E-02
  1.5027E-02  8.9322E-03 -3.2510E-02 -4.5226E-02
  1.5178E-02  9.0219E-03 -3.2808E-02 -4.5645E-02
  1.5330E-02  9.1123E-03 -3.3109E-02 -4.6067E-02
  1.5484E-02  9.2035E-03 -3.3412E-02 -4.6492E-02
  1.5638E-02  9.2955E-03 -3.3717E-02 -4.6920E-02
  1.5795E-02  9.3884E-03 -3.4024E-02 -4.7352E-02
  1.5953E-02  9.4821E-03 -3.4333E-02 -4.7786E-02
  1.6112E-02  9.5766E-03 -3.4644E-02 -4.8224E-02
  1.6272E-02  9.6720E-03 -3.4958E-02 -4.8664E-02
  1.6434E-02  9.7682E-03 -3.5274E-02 -4.9108E-02
  1.6598E-02  9.8653E-03 -3.5592E-02 -4.9555E-02
  1.6763E-02  9.9633E-03 -3.5912E-02 -5.0006E-02
  1.6929E-02  1.0062E-02 -3.6235E-02 -5.0459E-02
  1.7097E-02  1.0162E-02 -3.6560E-02 -5.0916E-02
  1.7267E-02  1.0262E-02 -3.6887E-02 -5.1376E-02
  1.7437E-02  1.0364E-02 -3.7216E-02 -5.1840E-02
  1.7610E-02  1.0466E-02 -3.7547E-02 -5.2306E-02
  1.7784E-02  1.0570E-02 -3.7881E-02 -5.2776E-02
  1.7960E-02  1.0674E-02 -3.8217E-02 -5.3250E-02
  1.8137E-02  1.0779E-02 -3.8556E-02 -5.3727E-02
  1.8315E-02  1.0885E-02 -3.8897E-02 -5.4207E-02
  1.8496E-02  1.0992E-02 -3.9240E-02 -5.4690E-02
  1.8678E-02  1.1100E-02 -3.9585E-02 -5.5177E-02
  1.8861E-02  1.1209E-02 -3.9933E-02 -5.5667E-02
  1.9047E-02  1.1319E-02 -4.0283E-02 -5.6161E-02
  1.9234E-02  1.1430E-02 -4.0635E-02 -5.6658E-02
  1.9422E-02  1.1542E-02 -4.0990E-02 -5.7158E-02
  1.9612E-02  1.1655E-02 -4.1347E-02 -5.7662E-02
  1.9804E-02  1.1769E-02 -4.1707E-02 -5.8170E-02
  1.9998E-02  1.1884E-02 -4.2068E-02 -5.8681E-02
  2.0194E-02  1.2000E-02 -4.2433E-02 -5.9195E-02
  2.0391E-02  1.2117E-02 -4.2799E-02 -5.9713E-02
  2.0590E-02  1.2235E-02 -4.3168E-02 -6.0235E-02
  2.0791E-02  1.2355E-02 -4.3540E-02 -6.0760E-02
  2.0993E-02  1.2475E-02 -4.3914E-02 -6.1288E-02
  2.1198E-02  1.2596E-02 -4.4290E-02 -6.1820E-02
  2.1404E-02  1.2719E-02 -4.4669E-02 -6.2356E-02
  2.1612E-02  1.2842E-02 -4.5050E-02 -6.2895E-02
  2.1822E-02  1.2967E-02 -4.5434E-02 -6.3438E-02
  2.2034E-02  1.3092E-02 -4.5820E-02 -6.3985E-02
  2.2247E-02  1.3219E-02 -4.6208E-02 -6.4535E-02
  2.2463E-02  1.3347E-02 -4.6599E-02 -6.5089E-02
  2.2680E-02  1.3476E-02 -4.6993E-02 -6.5646E-02
  2.2900E-02  1.3606E-02 -4.7389E-02 -6.6208E-02
  2.3121E-02  1.3738E-02 -4.7787E-02 -6.6772E-02
  2.3345E-02  1.3870E-02 -4.8188E-02 -6.7341E-02
  2.3570E-02  1.4004E-02 -4.8591E-02 -6.7913E-02
  2.3798E-02  1.4139E-02 -4.8997E-02 -6.8489E-02
  2.4027E-02  1.4275E-02 -4.9405E-02 -6.9069E-02
  2.4259E-02  1.4413E-02 -4.9816E-02 -6.9652E-02
  2.4493E-02  1.4551E-02 -5.0230E-02 -7.0239E-02
  2.4729E-02  1.4691E-02 -5.0645E-02 -7.0830E-02
  2.4966E-02  1.4832E-02 -5.1064E-02 -7.1425E-02
  2.5206E-02  1.4974E-02 -5.1485E-02 -7.2023E-02
  2.5449E-02  1.5118E-02 -5.1908E-02 -7.2625E-02
  2.5693E-02  1.5263E-02 -5.2334E-02 -7.3231E-02
  2.5940E-02  1.5409E-02 -5.2762E-02 -7.3841E-02
  2.6188E-02  1.5557E-02 -5.3193E-02 -7.4454E-02
  2.6439E-02  1.5705E-02 -5.3626E-02 -7.5071E-02
  2.6693E-02  1.5855E-02 -5.4062E-02 -7.5692E-02
  2.6948E-02  1.6007E-02 -5.4501E-02 -7.6317E-02
  2.7206E-02  1.6160E-02 -5.4941E-02 -7.6946E-02
  2.7466E-02  1.6314E-02 -5.5385E-02 -7.7579E-02
  2.7728E-02  1.6469E-02 -5.5831E-02 -7.8215E-02
  2.7993E-02  1.6626E-02 -5.6279E-02 -7.8855E-02
  2.8260E-02  1.6785E-02 -5.6730E-02 -7.9499E-02
  2.8530E-02  1.6944E-02 -5.7184E-02 -8.0147E-02
  2.8802E-02  1.7106E-02 -5.7640E-02 -8.0799E-02
  2.9076E-02  1.7268E-02 -5.8098E-02 -8.1454E-02
  2.9353E-02  1.7432E-02 -5.8559E-02 -8.2114E-02
  2.9633E-02  1.7598E-02 -5.9023E-02 -8.2777E-02
  2.9915E-02  1.7765E-02 -5.9489E-02 -8.3444E-02
  3.0199E-02  1.7933E-02 -5.9957E-02 -8.4115E-02
  3.0486E-02  1.8103E-02 -6.0428E-02 -8.4790E-02
  3.0776E-02  1.8275E-02 -6.0902E-02 -8.5469E-02
  3.1068E-02  1.8448E-02 -6.1377E-02 -8.6151E-02
  3.1363E-02  1.8622E-02 -6.1856E-02 -8.6838E-02
  3.1660E-02  1.8798E-02 -6.2337E-02 -8.7528E-02
  3.1960E-02  1.8976E-02 -6.2820E-02 -8.8222E-02
  3.2263E-02  1.9155E-02 -6.3306E-02 -8.8920E-02
  3.2568E-02  1.9336E-02 -6.3794E-02 -8.9622E-02
  3.2877E-02  1.9519E-02 -6.4285E-02 -9.0327E-02
  3.3188E-02  1.9703E-02 -6.4778E-02 -9.1037E-02
  3.3501E-02  1.9888E-02 -6.5273E-02 -9.1750E-02
  3.3818E-02  2.0076E-02 -6.5771E-02 -9.2467E-02
  3.4137E-02  2.0265E-02 -6.6271E-02 -9.3188E-02
  3.4460E-02  2.0455E-02 -6.6774E-02 -9.3913E-02
  3.4785E-02  2.0648E-02 -6.7279E-02 -9.4642E-02
  3.5113E-02  2.0842E-02 -6.7786E-02 -9.5374E-02
  3.5444E-02  2.1038E-02 -6.8296E-02 -9.6110E-02
  3.5778E-02  2.1235E-02 -6.8808E-02 -9.6850E-02
  3.6115E-02  2.1434E-02 -6.9323E-02 -9.7594E-02
  3.6455E-02  2.1635E-02 -6.9839E-02 -9.8342E-02
  3.6798E-02  2.1838E-02 -7.0358E-02 -9.9093E-02
  3.7145E-02  2.2043E-02 -7.0880E-02 -9.9848E-02
  3.7494E-02  2.2249E-02 -7.1403E-02 -1.0061E-01
  3.7846E-02  2.2458E-02 -7.1929E-02 -1.0137E-01
  3.8202E-02  2.2668E-02 -7.2457E-02 -1.0214E-01
  3.8561E-02  2.2880E-02 -7.2987E-02 -1.0291E-01
  3.8923E-02  2.3094E-02 -7.3520E-02 -1.0368E-01
  3.9288E-02  2.3309E-02 -7.4054E-02 -1.0446E-01
  3.9656E-02  2.3527E-02 -7.4591E-02 -1.0524E-01
  4.0028E-02  2.3747E-02 -7.5130E-02 -1.0602E-01
  4.0403E-02  2.3968E-02 -7.5671E-02 -1.0681E-01
  4.0782E-02  2.4192E-02 -7.6214E-02 -1.0760E-01
  4.1164E-02  2.4417E-02 -7.6759E-02 -1.0840E-01
  4.1549E-02  2.4645E-02 -7.7306E-02 -1.0919E-01
  4.1938E-02  2.4874E-02 -7.7855E-02 -1.1000E-01
  4.2330E-02  2.5106E-02 -7.8407E-02 -1.1080E-01
  4.2726E-02  2.5339E-02 -7.8960E-02 -1.1161E-01
  4.3125E-02  2.5575E-02 -7.9515E-02 -1.1242E-01
  4.3528E-02  2.5812E-02 -8.0072E-02 -1.1324E-01
  4.3935E-02  2.6052E-02 -8.0630E-02 -1.1406E-01
  4.4345E-02  2.6294E-02 -8.1191E-02 -1.1488E-01
  4.4759E-02  2.6538E-02 -8.1754E-02 -1.1571E-01
  4.5177E-02  2.6784E-02 -8.2318E-02 -1.1654E-01
  4.5598E-02  2.7033E-02 -8.2884E-02 -1.1737E-01
  4.6023E-02  2.7283E-02 -8.3452E-02 -1.1821E-01
  4.6452E-02  2.7536E-02 -8.4021E-02 -1.1904E-01
  4.6885E-02  2.7791E-02 -8.4592E-02 -1.1989E-01
  4.7322E-02  2.8048E-02 -8.5165E-02 -1.2073E-01
  4.7762E-02  2.8307E-02 -8.5739E-02 -1.2158E-01
  4.8207E-02  2.8569E-02 -8.6315E-02 -1.2243E-01
  4.8655E-02  2.8833E-02 -8.6892E-02 -1.2329E-01
  4.9108E-02  2.9100E-02 -8.7471E-02 -1.2414E-01
  4.9565E-02  2.9368E-02 -8.8051E-02 -1.2500E-01
  5.0025E-02  2.9639E-02 -8.8633E-02 -1.2587E-01
  5.0490E-02  2.9913E-02 -8.9216E-02 -1.2673E-01
  5.0959E-02  3.0189E-02 -8.9800E-02 -1.2760E-01
  5.1432E-02  3.0467E-02 -9.0385E-02 -1.2847E-01
  5.1910E-02  3.0748E-02 -9.0972E-02 -1.2935E-01
  5.2392E-02  3.1031E-02 -9.1559E-02 -1.3022E-01
  5.2878E-02  3.1316E-02 -9.2148E-02 -1.3110E-01
  5.3368E-02  3.1604E-02 -9.2738E-02 -1.3199E-01
  5.3863E-02  3.1895E-02 -9.3329E-02 -1.3287E-01
  5.4362E-02  3.2188E-02 -9.3921E-02 -1.3376E-01
  5.4866E-02  3.2484E-02 -9.4514E-02 -1.3465E-01
  5.5374E-02  3.2782E-02 -9.5107E-02 -1.3554E-01
  5.5887E-02  3.3083E-02 -9.5702E-02 -1.3643E-01
  5.6405E-02  3.3387E-02 -9.6297E-02 -1.3733E-01
  5.6927E-02  3.3693E-02 -9.6892E-02 -1.3823E-01
  5.7454E-02  3.4002E-02 -9.7489E-02 -1.3913E-01
  5.7985E-02  3.4313E-02 -9.8086E-02 -1.4003E-01
  5.8521E-02  3.4628E-02 -9.8683E-02 -1.4093E-01
  5.9063E-02  3.4945E-02 -9.9281E-02 -1.4184E-01
  5.9608E-02  3.5264E-02 -9.9879E-02 -1.4275E-01
  6.0159E-02  3.5587E-02 -1.0048E-01 -1.4366E-01
  6.0715E-02  3.5912E-02 -1.0108E-01 -1.4457E-01
  6.1276E-02  3.6240E-02 -1.0167E-01 -1.4548E-01
  6.1842E-02  3.6571E-02 -1.0227E-01 -1.4640E-01
  6.2413E-02  3.6905E-02 -1.0287E-01 -1.4731E-01
  6.2989E-02  3.7242E-02 -1.0347E-01 -1.4823E-01
  6.3570E-02  3.7582E-02 -1.0407E-01 -1.4915E-01
  6.4156E-02  3.7924E-02 -1.0467E-01 -1.5007E-01
  6.4748E-02  3.8270E-02 -1.0527E-01 -1.5099E-01
  6.5345E-02  3.8618E-02 -1.0586E-01 -1.5191E-01
  6.5947E-02  3.8970E-02 -1.0646E-01 -1.5283E-01
  6.6555E-02  3.9325E-02 -1.0706E-01 -1.5376E-01
  6.7168E-02  3.9682E-02 -1.0766E-01 -1.5468E-01
  6.7787E-02  4.0043E-02 -1.0825E-01 -1.5561E-01
  6.8411E-02  4.0407E-02 -1.0885E-01 -1.5653E-01
  6.9041E-02  4.0774E-02 -1.0944E-01 -1.5746E-01
  6.9676E-02  4.1144E-02 -1.1003E-01 -1.5838E-01
  7.0317E-02  4.1517E-02 -1.1063E-01 -1.5931E-01
  7.0964E-02  4.1894E-02 -1.1122E-01 -1.6024E-01
  7.1617E-02  4.2273E-02 -1.1181E-01 -1.6116E-01
  7.2275E-02  4.2656E-02 -1.1239E-01 -1.6209E-01
  7.2940E-02  4.3043E-02 -1.1298E-01 -1.6301E-01
  7.3610E-02  4.3432E-02 -1.1357E-01 -1.6394E-01
  7.4287E-02  4.3825E-02 -1.1415E-01 -1.6487E-01
  7.4969E-02  4.4221E-02 -1.1473E-01 -1.6579E-01
  7.5658E-02  4.4621E-02 -1.1531E-01 -1.6672E-01
  7.6353E-02  4.5024E-02 -1.1589E-01 -1.6764E-01
  7.7054E-02  4.5430E-02 -1.1647E-01 -1.6856E-01
  7.7761E-02  4.5840E-02 -1.1704E-01 -1.6948E-01
  7.8475E-02  4.6254E-02 -1.1761E-01 -1.7040E-01
  7.9195E-02  4.6671E-02 -1.1818E-01 -1.7132E-01
  7.9922E-02  4.7091E-02 -1.1875E-01 -1.7224E-01
  8.0655E-02  4.7515E-02 -1.1931E-01 -1.7316E-01
  8.1394E-02  4.7943E-02 -1.1987E-01 -1.7407E-01
  8.2141E-02  4.8374E-02 -1.2043E-01 -1.7499E-01
  8.2894E-02  4.8809E-02 -1.2099E-01 -1.7590E-01
  8.3654E-02  4.9247E-02 -1.2154E-01 -1.7681E-01
  8.4420E-02  4.9689E-02 -1.2209E-01 -1.7771E-01
  8.5194E-02  5.0135E-02 -1.2264E-01 -1.7862E-01
  8.5974E-02  5.0585E-02 -1.2318E-01 -1.7952E-01
  8.6761E-02  5.1038E-02 -1.2372E-01 -1.8042E-01
  8.7556E-02  5.1495E-02 -1.2425E-01 -1.8131E-01
  8.8357E-02  5.1956E-02 -1.2479E-01 -1.8221E-01
  8.9166E-02  5.2421E-02 -1.2531E-01 -1.8310E-01
  8.9982E-02  5.2890E-02 -1.2584E-01 -1.8398E-01
  9.0806E-02  5.3363E-02 -1.2636E-01 -1.8487E-01
  9.1636E-02  5.3839E-02 -1.2687E-01 -1.8575E-01
  9.2475E-02  5.4320E-02 -1.2738E-01 -1.8662E-01
  9.3320E-02  5.4804E-02 -1.2789E-01 -1.8749E-01
  9.4174E-02  5.5293E-02 -1.2839E-01 -1.8836E-01
  9.5035E-02  5.5785E-02 -1.2888E-01 -1.8923E-01
  9.5903E-02  5.6282E-02 -1.2937E-01 -1.9009E-01
  9.6780E-02  5.6783E-02 -1.2986E-01 -1.9094E-01
  9.7664E-02  5.7288E-02 -1.3034E-01 -1.9179E-01
  9.8556E-02  5.7797E-02 -1.3081E-01 -1.9263E-01
  9.9457E-02  5.8310E-02 -1.3128E-01 -1.9347E-01
  1.0036E-01  5.8827E-02 -1.3175E-01 -1.9431E-01
  1.0128E-01  5.9349E-02 -1.3220E-01 -1.9513E-01
  1.0221E-01  5.9875E-02 -1.3265E-01 -1.9596E-01
  1.0314E-01  6.0405E-02 -1.3310E-01 -1.9677E-01
  1.0408E-01  6.0939E-02 -1.3353E-01 -1.9758E-01
  1.0503E-01  6.1478E-02 -1.3396E-01 -1.9839E-01
  1.0599E-01  6.2021E-02 -1.3439E-01 -1.9919E-01
  1.0696E-01  6.2569E-02 -1.3480E-01 -1.9998E-01
  1.0793E-01  6.3121E-02 -1.3521E-01 -2.0076E-01
  1.0892E-01  6.3677E-02 -1.3562E-01 -2.0154E-01
  1.0991E-01  6.4238E-02 -1.3601E-01 -2.0230E-01
  1.1091E-01  6.4803E-02 -1.3640E-01 -2.0307E-01
  1.1192E-01  6.5373E-02 -1.3678E-01 -2.0382E-01
  1.1294E-01  6.5948E-02 -1.3715E-01 -2.0456E-01
  1.1397E-01  6.6527E-02 -1.3751E-01 -2.0530E-01
  1.1501E-01  6.7110E-02 -1.3786E-01 -2.0603E-01
  1.1606E-01  6.7698E-02 -1.3821E-01 -2.0675E-01
  1.1712E-01  6.8291E-02 -1.3854E-01 -2.0746E-01
  1.1818E-01  6.8889E-02 -1.3887E-01 -2.0816E-01
  1.1926E-01  6.9491E-02 -1.3919E-01 -2.0885E-01
  1.2035E-01  7.0098E-02 -1.3950E-01 -2.0954E-01
  1.2144E-01  7.0710E-02 -1.3980E-01 -2.1021E-01
  1.2255E-01  7.1326E-02 -1.4009E-01 -2.1087E-01
  1.2366E-01  7.1947E-02 -1.4037E-01 -2.1152E-01
  1.2479E-01  7.2573E-02 -1.4063E-01 -2.1217E-01
  1.2592E-01  7.3204E-02 -1.4089E-01 -2.1280E-01
  1.2707E-01  7.3840E-02 -1.4114E-01 -2.1341E-01
  1.2823E-01  7.4481E-02 -1.4138E-01 -2.1402E-01
  1.2939E-01  7.5126E-02 -1.4160E-01 -2.1462E-01
  1.3057E-01  7.5777E-02 -1.4182E-01 -2.1520E-01
  1.3176E-01  7.6432E-02 -1.4202E-01 -2.1578E-01
  1.3295E-01  7.7093E-02 -1.4221E-01 -2.1633E-01
  1.3416E-01  7.7758E-02 -1.4239E-01 -2.1688E-01
  1.3538E-01  7.8429E-02 -1.4256E-01 -2.1742E-01
  1.3661E-01  7.9104E-02 -1.4271E-01 -2.1794E-01
  1.3786E-01  7.9785E-02 -1.4286E-01 -2.1844E-01
  1.3911E-01  8.0470E-02 -1.4299E-01 -2.1894E-01
  1.4037E-01  8.1161E-02 -1.4310E-01 -2.1942E-01
  1.4165E-01  8.1857E-02 -1.4321E-01 -2.1988E-01
  1.4293E-01  8.2558E-02 -1.4330E-01 -2.2033E-01
  1.4423E-01  8.3264E-02 -1.4338E-01 -2.2077E-01
  1.4554E-01  8.3975E-02 -1.4344E-01 -2.2119E-01
  1.4687E-01  8.4691E-02 -1.4349E-01 -2.2159E-01
  1.4820E-01  8.5413E-02 -1.4352E-01 -2.2198E-01
  1.4954E-01  8.6140E-02 -1.4354E-01 -2.2236E-01
  1.5090E-01  8.6872E-02 -1.4355E-01 -2.2271E-01
  1.5227E-01  8.7609E-02 -1.4354E-01 -2.2305E-01
  1.5365E-01  8.8352E-02 -1.4352E-01 -2.2338E-01
  1.5505E-01  8.9099E-02 -1.4348E-01 -2.2369E-01
  1.5646E-01  8.9852E-02 -1.4342E-01 -2.2397E-01
  1.5788E-01  9.0611E-02 -1.4335E-01 -2.2425E-01
  1.5931E-01  9.1374E-02 -1.4326E-01 -2.2450E-01
  1.6075E-01  9.2143E-02 -1.4316E-01 -2.2473E-01
  1.6221E-01  9.2918E-02 -1.4304E-01 -2.2495E-01
  1.6368E-01  9.3697E-02 -1.4291E-01 -2.2515E-01
  1.6517E-01  9.4482E-02 -1.4275E-01 -2.2533E-01
  1.6667E-01  9.5272E-02 -1.4258E-01 -2.2548E-01
  1.6818E-01  9.6068E-02 -1.4239E-01 -2.2562E-01
  1.6970E-01  9.6868E-02 -1.4219E-01 -2.2574E-01
  1.7124E-01  9.7675E-02 -1.4197E-01 -2.2584E-01
  1.7279E-01  9.8486E-02 -1.4173E-01 -2.2592E-01
  1.7436E-01  9.9303E-02 -1.4147E-01 -2.2597E-01
  1.7594E-01  1.0013E-01 -1.4119E-01 -2.2601E-01
  1.7753E-01  1.0095E-01 -1.4089E-01 -2.2602E-01
  1.7914E-01  1.0179E-01 -1.4058E-01 -2.2601E-01
  1.8077E-01  1.0262E-01 -1.4024E-01 -2.2598E-01
  1.8240E-01  1.0347E-01 -1.3989E-01 -2.2593E-01
  1.8406E-01  1.0432E-01 -1.3952E-01 -2.2585E-01
  1.8572E-01  1.0517E-01 -1.3912E-01 -2.2575E-01
  1.8741E-01  1.0603E-01 -1.3871E-01 -2.2563E-01
  1.8910E-01  1.0689E-01 -1.3828E-01 -2.2548E-01
  1.9082E-01  1.0776E-01 -1.3783E-01 -2.2531E-01
  1.9255E-01  1.0864E-01 -1.3735E-01 -2.2512E-01
  1.9429E-01  1.0952E-01 -1.3686E-01 -2.2490E-01
  1.9605E-01  1.1040E-01 -1.3634E-01 -2.2465E-01
  1.9782E-01  1.1130E-01 -1.3581E-01 -2.2438E-01
  1.9961E-01  1.1219E-01 -1.3525E-01 -2.2409E-01
  2.0142E-01  1.1309E-01 -1.3467E-01 -2.2376E-01
  2.0324E-01  1.1400E-01 -1.3407E-01 -2.2342E-01
  2.0508E-01  1.1491E-01 -1.3344E-01 -2.2304E-01
  2.0694E-01  1.1583E-01 -1.3280E-01 -2.2264E-01
  2.0881E-01  1.1675E-01 -1.3213E-01 -2.2221E-01
  2.1070E-01  1.1767E-01 -1.3144E-01 -2.2175E-01
  2.1261E-01  1.1860E-01 -1.3073E-01 -2.2127E-01
  2.1453E-01  1.1954E-01 -1.2999E-01 -2.2076E-01
  2.1647E-01  1.2048E-01 -1.2924E-01 -2.2022E-01
  2.1843E-01  1.2143E-01 -1.2846E-01 -2.1965E-01
  2.2041E-01  1.2238E-01 -1.2765E-01 -2.1905E-01
  2.2240E-01  1.2333E-01 -1.2682E-01 -2.1842E-01
  2.2441E-01  1.2429E-01 -1.2597E-01 -2.1776E-01
  2.2644E-01  1.2526E-01 -1.2510E-01 -2.1708E-01
  2.2849E-01  1.2623E-01 -1.2420E-01 -2.1636E-01
  2.3056E-01  1.2720E-01 -1.2327E-01 -2.1561E-01
  2.3264E-01  1.2818E-01 -1.2233E-01 -2.1483E-01
  2.3474E-01  1.2916E-01 -1.2135E-01 -2.1402E-01
  2.3687E-01  1.3015E-01 -1.2036E-01 -2.1318E-01
  2.3901E-01  1.3114E-01 -1.1934E-01 -2.1231E-01
  2.4117E-01  1.3214E-01 -1.1829E-01 -2.1141E-01
  2.4335E-01  1.3314E-01 -1.1722E-01 -2.1047E-01
  2.4555E-01  1.3414E-01 -1.1613E-01 -2.0950E-01
  2.4777E-01  1.3515E-01 -1.1501E-01 -2.0850E-01
  2.5000E-01  1.3616E-01 -1.1386E-01 -2.0747E-01
  2.5226E-01  1.3718E-01 -1.1269E-01 -2.0640E-01
  2.5454E-01  1.3820E-01 -1.1150E-01 -2.0530E-01
  2.5684E-01  1.3922E-01 -1.1028E-01 -2.0417E-01
  2.5916E-01  1.4025E-01 -1.0903E-01 -2.0300E-01
  2.6150E-01  1.4128E-01 -1.0776E-01 -2.0180E-01
  2.6387E-01  1.4231E-01 -1.0646E-01 -2.0056E-01
  2.6625E-01  1.4335E-01 -1.0514E-01 -1.9929E-01
  2.6865E-01  1.4439E-01 -1.0379E-01 -1.9799E-01
  2.7108E-01  1.4544E-01 -1.0242E-01 -1.9665E-01
  2.7353E-01  1.4648E-01 -1.0102E-01 -1.9527E-01
  2.7600E-01  1.4753E-01 -9.9595E-02 -1.9386E-01
  2.7849E-01  1.4858E-01 -9.8145E-02 -1.9241E-01
  2.8101E-01  1.4964E-01 -9.6669E-02 -1.9093E-01
  2.8354E-01  1.5069E-01 -9.5168E-02 -1.8941E-01
  2.8610E-01  1.5175E-01 -9.3641E-02 -1.8786E-01
  2.8869E-01  1.5282E-01 -9.2089E-02 -1.8627E-01
  2.9129E-01  1.5388E-01 -9.0512E-02 -1.8464E-01
  2.9392E-01  1.5494E-01 -8.8909E-02 -1.8297E-01
  2.9658E-01  1.5601E-01 -8.7280E-02 -1.8127E-01
  2.9925E-01  1.5708E-01 -8.5627E-02 -1.7953E-01
  3.0195E-01  1.5815E-01 -8.3948E-02 -1.7776E-01
  3.0468E-01  1.5922E-01 -8.2244E-02 -1.7594E-01
  3.0743E-01  1.6030E-01 -8.0515E-02 -1.7409E-01
  3.1020E-01  1.6137E-01 -7.8761E-02 -1.7220E-01
  3.1300E-01  1.6245E-01 -7.6982E-02 -1.7027E-01
  3.1583E-01  1.6352E-01 -7.5179E-02 -1.6831E-01
  3.1868E-01  1.6460E-01 -7.3351E-02 -1.6630E-01
  3.2155E-01  1.6567E-01 -7.1499E-02 -1.6426E-01
  3.2445E-01  1.6675E-01 -6.9622E-02 -1.6218E-01
  3.2738E-01  1.6783E-01 -6.7722E-02 -1.6006E-01
  3.3033E-01  1.6890E-01 -6.5797E-02 -1.5790E-01
  3.3331E-01  1.6998E-01 -6.3849E-02 -1.5571E-01
  3.3632E-01  1.7106E-01 -6.1877E-02 -1.5347E-01
  3.3935E-01  1.7213E-01 -5.9883E-02 -1.5120E-01
  3.4241E-01  1.7321E-01 -5.7865E-02 -1.4888E-01
  3.4550E-01  1.7428E-01 -5.5824E-02 -1.4653E-01
  3.4862E-01  1.7535E-01 -5.3761E-02 -1.4414E-01
  3.5176E-01  1.7642E-01 -5.1675E-02 -1.4171E-01
  3.5493E-01  1.7749E-01 -4.9567E-02 -1.3924E-01
  3.5813E-01  1.7855E-01 -4.7438E-02 -1.3673E-01
  3.6136E-01  1.7962E-01 -4.5287E-02 -1.3418E-01
  3.6462E-01  1.8068E-01 -4.3115E-02 -1.3159E-01
  3.6791E-01  1.8173E-01 -4.0922E-02 -1.2896E-01
  3.7123E-01  1.8279E-01 -3.8709E-02 -1.2629E-01
  3.7457E-01  1.8384E-01 -3.6475E-02 -1.2358E-01
  3.7795E-01  1.8489E-01 -3.4222E-02 -1.2084E-01
  3.8136E-01  1.8594E-01 -3.1948E-02 -1.1805E-01
  3.8479E-01  1.8698E-01 -2.9656E-02 -1.1522E-01
  3.8826E-01  1.8801E-01 -2.7345E-02 -1.1236E-01
  3.9176E-01  1.8905E-01 -2.5016E-02 -1.0945E-01
  3.9529E-01  1.9007E-01 -2.2669E-02 -1.0651E-01
  3.9886E-01  1.9110E-01 -2.0304E-02 -1.0352E-01
  4.0245E-01  1.9211E-01 -1.7921E-02 -1.0050E-01
  4.0608E-01  1.9313E-01 -1.5522E-02 -9.7435E-02
  4.0974E-01  1.9413E-01 -1.3107E-02 -9.4333E-02
  4.1343E-01  1.9514E-01 -1.0676E-02 -9.1191E-02
  4.1715E-01  1.9613E-01 -8.2294E-03 -8.8010E-02
  4.2091E-01  1.9712E-01 -5.7678E-03 -8.4790E-02
  4.2471E-01  1.9810E-01 -3.2916E-03 -8.1531E-02
  4.2853E-01  1.9908E-01 -8.0140E-04 -7.8232E-02
  4.3239E-01  2.0005E-01  1.7024E-03 -7.4895E-02
  4.3629E-01  2.0101E-01  4.2193E-03 -7.1519E-02
  4.4022E-01  2.0196E-01  6.7489E-03 -6.8103E-02
  4.4418E-01  2.0291E-01  9.2905E-03 -6.4650E-02
  4.4819E-01  2.0385E-01  1.1844E-02 -6.1157E-02
  4.5222E-01  2.0478E-01  1.4408E-02 -5.7626E-02
  4.5630E-01  2.0570E-01  1.6983E-02 -5.4057E-02
  4.6041E-01  2.0662E-01  1.9569E-02 -5.0449E-02
  4.6455E-01  2.0752E-01  2.2163E-02 -4.6803E-02
  4.6874E-01  2.0842E-01  2.4767E-02 -4.3119E-02
  4.7296E-01  2.0931E-01  2.7380E-02 -3.9397E-02
  4.7722E-01  2.1019E-01  3.0001E-02 -3.5637E-02
  4.8152E-01  2.1105E-01  3.2629E-02 -3.1840E-02
  4.8585E-01  2.1191E-01  3.5265E-02 -2.8004E-02
  4.9023E-01  2.1277E-01  3.7907E-02 -2.4132E-02
  4.9464E-01  2.1361E-01  4.0555E-02 -2.0221E-02
  4.9910E-01  2.1444E-01  4.3209E-02 -1.6274E-02
  5.0359E-01  2.1526E-01  4.5868E-02 -1.2289E-02
  5.0812E-01  2.1607E-01  4.8532E-02 -8.2667E-03
  5.1270E-01  2.1687E-01  5.1200E-02 -4.2078E-03
  5.1731E-01  2.1766E-01  5.3872E-02 -1.1205E-04
  5.2197E-01  2.1845E-01  5.6547E-02  4.0205E-03
  5.2667E-01  2.1922E-01  5.9226E-02  8.1896E-03
  5.3141E-01  2.1998E-01  6.1906E-02  1.2395E-02
  5.3620E-01  2.2074E-01  6.4590E-02  1.6638E-02
  5.4102E-01  2.2148E-01  6.7274E-02  2.0916E-02
  5.4589E-01  2.2221E-01  6.9961E-02  2.5231E-02
  5.5081E-01  2.2294E-01  7.2648E-02  2.9582E-02
  5.5577E-01  2.2366E-01  7.5337E-02  3.3969E-02
  5.6077E-01  2.2436E-01  7.8026E-02  3.8392E-02
  5.6582E-01  2.2506E-01  8.0715E-02  4.2851E-02
  5.7091E-01  2.2576E-01  8.3405E-02  4.7346E-02
  5.7605E-01  2.2644E-01  8.6095E-02  5.1877E-02
  5.8123E-01  2.2712E-01  8.8784E-02  5.6444E-02
  5.8646E-01  2.2778E-01  9.1473E-02  6.1046E-02
  5.9174E-01  2.2845E-01  9.4162E-02  6.5684E-02
  5.9706E-01  2.2911E-01  9.6851E-02  7.0359E-02
  6.0244E-01  2.2976E-01  9.9540E-02  7.5069E-02
  6.0786E-01  2.3041E-01  1.0223E-01  7.9814E-02
  6.1333E-01  2.3105E-01  1.0492E-01  8.4596E-02
  6.1885E-01  2.3169E-01  1.0760E-01  8.9414E-02
  6.2442E-01  2.3233E-01  1.1029E-01  9.4268E-02
  6.3003E-01  2.3297E-01  1.1298E-01  9.9158E-02
  6.3570E-01  2.3361E-01  1.1567E-01  1.0408E-01
  6.4142E-01  2.3425E-01  1.1836E-01  1.0905E-01
  6.4719E-01  2.3489E-01  1.2106E-01  1.1405E-01
  6.5302E-01  2.3553E-01  1.2376E-01  1.1908E-01
  6.5889E-01  2.3618E-01  1.2646E-01  1.2416E-01
  6.6482E-01  2.3683E-01  1.2916E-01  1.2927E-01
  6.7080E-01  2.3750E-01  1.3187E-01  1.3441E-01
  6.7683E-01  2.3817E-01  1.3458E-01  1.3960E-01
  6.8292E-01  2.3885E-01  1.3730E-01  1.4482E-01
  6.8907E-01  2.3955E-01  1.4003E-01  1.5009E-01
  6.9526E-01  2.4026E-01  1.4277E-01  1.5539E-01
  7.0152E-01  2.4098E-01  1.4552E-01  1.6073E-01
  7.0783E-01  2.4173E-01  1.4829E-01  1.6612E-01
  7.1420E-01  2.4249E-01  1.5106E-01  1.7154E-01
  7.2062E-01  2.4328E-01  1.5386E-01  1.7700E-01
  7.2710E-01  2.4410E-01  1.5667E-01  1.8251E-01
  7.3364E-01  2.4494E-01  1.5950E-01  1.8806E-01
  7.4024E-01  2.4581E-01  1.6235E-01  1.9366E-01
  7.4690E-01  2.4672E-01  1.6523E-01  1.9930E-01
  7.5361E-01  2.4767E-01  1.6813E-01  2.0499E-01
  7.6039E-01  2.4865E-01  1.7106E-01  2.1072E-01
  7.6723E-01  2.4968E-01  1.7403E-01  2.1650E-01
  7.7413E-01  2.5076E-01  1.7703E-01  2.2233E-01
  7.8109E-01  2.5188E-01  1.8007E-01  2.2822E-01
  7.8811E-01  2.5306E-01  1.8316E-01  2.3415E-01
  7.9520E-01  2.5430E-01  1.8629E-01  2.4014E-01
  8.0235E-01  2.5560E-01  1.8947E-01  2.4619E-01
  8.0957E-01  2.5697E-01  1.9270E-01  2.5229E-01
  8.1685E-01  2.5842E-01  1.9600E-01  2.5846E-01
  8.2419E-01  2.5993E-01  1.9935E-01  2.6468E-01
  8.3160E-01  2.6153E-01  2.0277E-01  2.7097E-01
  8.3908E-01  2.6322E-01  2.0626E-01  2.7732E-01
  8.4662E-01  2.6499E-01  2.0983E-01  2.8373E-01
  8.5424E-01  2.6687E-01  2.1348E-01  2.9021E-01
  8.6192E-01  2.6884E-01  2.1721E-01  2.9677E-01
  8.6967E-01  2.7093E-01  2.2104E-01  3.0339E-01
  8.7748E-01  2.7313E-01  2.2496E-01  3.1009E-01
  8.8537E-01  2.7546E-01  2.2898E-01  3.1687E-01
  8.9333E-01  2.7791E-01  2.3311E-01  3.2372E-01
  9.0136E-01  2.8049E-01  2.3735E-01  3.3065E-01
  9.0947E-01  2.8322E-01  2.4172E-01  3.3767E-01
  9.1764E-01  2.8610E-01  2.4621E-01  3.4477E-01
  9.2589E-01  2.8913E-01  2.5083E-01  3.5196E-01
  9.3422E-01  2.9233E-01  2.5559E-01  3.5924E-01
  9.4261E-01  2.9571E-01  2.6050E-01  3.6661E-01
  9.5109E-01  2.9926E-01  2.6556E-01  3.7408E-01
  9.5964E-01  3.0300E-01  2.7079E-01  3.8165E-01
  9.6826E-01  3.0695E-01  2.7619E-01  3.8933E-01
  9.7697E-01  3.1110E-01  2.8176E-01  3.9711E-01
  9.8575E-01  3.1546E-01  2.8752E-01  4.0500E-01
  9.9461E-01  3.2005E-01  2.9348E-01  4.1301E-01
  1.0035E+00  3.2488E-01  2.9964E-01  4.2114E-01
  1.0126E+00  3.2995E-01  3.0602E-01  4.2939E-01
  1.0217E+00  3.3528E-01  3.1262E-01  4.3777E-01
  1.0309E+00  3.4088E-01  3.1946E-01  4.4628E-01
  1.0401E+00  3.4675E-01  3.2653E-01  4.5493E-01
  1.0495E+00  3.5291E-01  3.3387E-01  4.6372E-01
  1.0589E+00  3.5937E-01  3.4146E-01  4.7267E-01
  1.0684E+00  3.6614E-01  3.4934E-01  4.8177E-01
  1.0780E+00  3.7324E-01  3.5750E-01  4.9103E-01
  1.0877E+00  3.8066E-01  3.6596E-01  5.0046E-01
  1.0975E+00  3.8843E-01  3.7472E-01  5.1006E-01
  1.1073E+00  3.9656E-01  3.8381E-01  5.1985E-01
  1.1173E+00  4.0506E-01  3.9324E-01  5.2983E-01
  1.1273E+00  4.1394E-01  4.0300E-01  5.4000E-01
  1.1375E+00  4.2322E-01  4.1313E-01  5.5038E-01
  1.1477E+00  4.3291E-01  4.2363E-01  5.6097E-01
  1.1580E+00  4.4301E-01  4.3451E-01  5.7178E-01
  1.1684E+00  4.5355E-01  4.4579E-01  5.8283E-01
  1.1789E+00  4.6454E-01  4.5748E-01  5.9411E-01
  1.1895E+00  4.7598E-01  4.6959E-01  6.0565E-01
  1.2002E+00  4.8790E-01  4.8214E-01  6.1745E-01
  1.2110E+00  5.0031E-01  4.9513E-01  6.2953E-01
  1.2218E+00  5.1321E-01  5.0860E-01  6.4189E-01
  1.2328E+00  5.2664E-01  5.2254E-01  6.5455E-01
  1.2439E+00  5.4058E-01  5.3697E-01  6.6751E-01
  1.2551E+00  5.5507E-01  5.5191E-01  6.8080E-01
  1.2664E+00  5.7012E-01  5.6736E-01  6.9443E-01
  1.2777E+00  5.8573E-01  5.8336E-01  7.0841E-01
  1.2892E+00  6.0193E-01  5.9990E-01  7.2276E-01
  1.3008E+00  6.1872E-01  6.1700E-01  7.3749E-01
  1.3125E+00  6.3612E-01  6.3469E-01  7.5263E-01
  1.3243E+00  6.5414E-01  6.5296E-01  7.6818E-01
  1.3362E+00  6.7280E-01  6.7184E-01  7.8416E-01
  1.3482E+00  6.9211E-01  6.9135E-01  8.0060E-01
  1.3603E+00  7.1208E-01  7.1149E-01  8.1752E-01
  1.3725E+00  7.3273E-01  7.3228E-01  8.3494E-01
  1.3848E+00  7.5408E-01  7.5374E-01  8.5288E-01
  1.3973E+00  7.7612E-01  7.7588E-01  8.7136E-01
  1.4098E+00  7.9888E-01  7.9872E-01  8.9040E-01
  1.4225E+00  8.2237E-01  8.2227E-01  9.1005E-01
  1.4353E+00  8.4661E-01  8.4655E-01  9.3031E-01
  1.4482E+00  8.7160E-01  8.7157E-01  9.5122E-01
  1.4612E+00  8.9736E-01  8.9735E-01  9.7281E-01
  1.4743E+00  9.2391E-01  9.2391E-01  9.9511E-01
  1.4876E+00  9.5126E-01  9.5126E-01  1.0182E+00
  1.5009E+00  9.7942E-01  9.7942E-01  1.0420E+00
  1.5144E+00  1.0084E+00  1.0084E+00  1.0666E+00
  1.5280E+00  1.0383E+00  1.0383E+00  1.0921E+00
  1.5417E+00  1.0690E+00  1.0690E+00  1.1185E+00
  1.5556E+00  1.1008E+00  1.1008E+00  1.1458E+00
  1.5695E+00  1.1335E+00  1.1335E+00  1.1741E+00
  1.5836E+00  1.1672E+00  1.1672E+00  1.2034E+00
  1.5979E+00  1.2021E+00  1.2021E+00  1.2338E+00
  1.6122E+00  1.2381E+00  1.2381E+00  1.2654E+00
  1.6267E+00  1.2753E+00  1.2753E+00  1.2981E+00
  1.6413E+00  1.3137E+00  1.3137E+00  1.3320E+00
  1.6561E+00  1.3535E+00  1.3535E+00  1.3673E+00
  1.6709E+00  1.3947E+00  1.3947E+00  1.4039E+00
  1.6859E+00  1.4373E+00  1.4373E+00  1.4420E+00
  1.7011E+00  1.4815E+00  1.4815E+00  1.4815E+00
  1.7164E+00  1.5274E+00  1.5274E+00  1.5227E+00
  1.7318E+00  1.5749E+00  1.5749E+00  1.5655E+00
  1.7473E+00  1.6242E+00  1.6242E+00  1.6100E+00
  1.7630E+00  1.6754E+00  1.6754E+00  1.6564E+00
  1.7789E+00  1.7286E+00  1.7286E+00  1.7047E+00
  1.7948E+00  1.7839E+00  1.7839E+00  1.7550E+00
  1.8110E+00  1.8414E+00  1.8414E+00  1.8075E+00
  1.8272E+00  1.9012E+00  1.9012E+00  1.8622E+00
  1.8436E+00  1.9634E+00  1.9634E+00  1.9193E+00
  1.8602E+00  2.0283E+00  2.0283E+00  1.9788E+00
