 # l=           1 energy=  -5.0000000000000000     
  0.0000E+00  0.0000E+00  0.0000E+00  0.0000E+00
  1.6028E-05  1.0967E-10  3.9574E-10  6.6525E-10
  3.2200E-05  4.4263E-10  1.4156E-09  2.2774E-09
  4.8517E-05  1.0049E-09  2.9659E-09  4.7465E-09
  6.4980E-05  1.8026E-09  4.9554E-09  8.0817E-09
  8.1591E-05  2.8420E-09  7.3867E-09  1.2276E-08
  9.8351E-05  4.1294E-09  1.0464E-08  1.7242E-08
  1.1526E-04  5.6716E-09  1.4090E-08  2.3040E-08
  1.3232E-04  7.4750E-09  1.8313E-08  2.9664E-08
  1.4954E-04  9.5465E-09  2.3131E-08  3.7135E-08
  1.6691E-04  1.1893E-08  2.8559E-08  4.5471E-08
  1.8443E-04  1.4522E-08  3.4609E-08  5.4690E-08
  2.0212E-04  1.7440E-08  4.1296E-08  6.4811E-08
  2.1996E-04  2.0654E-08  4.8634E-08  7.5853E-08
  2.3796E-04  2.4174E-08  5.6640E-08  8.7839E-08
  2.5612E-04  2.8005E-08  6.5330E-08  1.0079E-07
  2.7445E-04  3.2156E-08  7.4719E-08  1.1473E-07
  2.9294E-04  3.6634E-08  8.4825E-08  1.2968E-07
  3.1159E-04  4.1449E-08  9.5665E-08  1.4566E-07
  3.3042E-04  4.6608E-08  1.0726E-07  1.6270E-07
  3.4941E-04  5.2120E-08  1.1962E-07  1.8082E-07
  3.6857E-04  5.7994E-08  1.3277E-07  2.0006E-07
  3.8791E-04  6.4238E-08  1.4673E-07  2.2043E-07
  4.0742E-04  7.0862E-08  1.6151E-07  2.4196E-07
  4.2710E-04  7.7875E-08  1.7714E-07  2.6467E-07
  4.4696E-04  8.5285E-08  1.9364E-07  2.8861E-07
  4.6700E-04  9.3104E-08  2.1103E-07  3.1379E-07
  4.8722E-04  1.0134E-07  2.2932E-07  3.4025E-07
  5.0762E-04  1.1000E-07  2.4855E-07  3.6801E-07
  5.2820E-04  1.1910E-07  2.6873E-07  3.9710E-07
  5.4896E-04  1.2865E-07  2.8988E-07  4.2756E-07
  5.6992E-04  1.3866E-07  3.1203E-07  4.5942E-07
  5.9106E-04  1.4914E-07  3.3521E-07  4.9271E-07
  6.1239E-04  1.6010E-07  3.5942E-07  5.2746E-07
  6.3391E-04  1.7155E-07  3.8471E-07  5.6371E-07
  6.5563E-04  1.8351E-07  4.1109E-07  6.0149E-07
  6.7754E-04  1.9598E-07  4.3859E-07  6.4083E-07
  6.9965E-04  2.0897E-07  4.6724E-07  6.8178E-07
  7.2195E-04  2.2251E-07  4.9706E-07  7.2437E-07
  7.4446E-04  2.3660E-07  5.2807E-07  7.6863E-07
  7.6716E-04  2.5125E-07  5.6031E-07  8.1460E-07
  7.9007E-04  2.6648E-07  5.9381E-07  8.6232E-07
  8.1319E-04  2.8231E-07  6.2859E-07  9.1184E-07
  8.3652E-04  2.9873E-07  6.6468E-07  9.6319E-07
  8.6005E-04  3.1578E-07  7.0211E-07  1.0164E-06
  8.8379E-04  3.3345E-07  7.4091E-07  1.0715E-06
  9.0775E-04  3.5178E-07  7.8112E-07  1.1286E-06
  9.3192E-04  3.7076E-07  8.2276E-07  1.1877E-06
  9.5631E-04  3.9042E-07  8.6586E-07  1.2489E-06
  9.8092E-04  4.1077E-07  9.1047E-07  1.3121E-06
  1.0057E-03  4.3183E-07  9.5660E-07  1.3775E-06
  1.0308E-03  4.5361E-07  1.0043E-06  1.4450E-06
  1.0561E-03  4.7613E-07  1.0536E-06  1.5148E-06
  1.0816E-03  4.9940E-07  1.1045E-06  1.5869E-06
  1.1073E-03  5.2345E-07  1.1572E-06  1.6613E-06
  1.1333E-03  5.4828E-07  1.2115E-06  1.7380E-06
  1.1595E-03  5.7392E-07  1.2675E-06  1.8172E-06
  1.1859E-03  6.0039E-07  1.3254E-06  1.8989E-06
  1.2126E-03  6.2769E-07  1.3851E-06  1.9832E-06
  1.2395E-03  6.5586E-07  1.4466E-06  2.0700E-06
  1.2666E-03  6.8491E-07  1.5101E-06  2.1595E-06
  1.2940E-03  7.1485E-07  1.5754E-06  2.2517E-06
  1.3217E-03  7.4571E-07  1.6428E-06  2.3466E-06
  1.3495E-03  7.7751E-07  1.7122E-06  2.4444E-06
  1.3777E-03  8.1027E-07  1.7837E-06  2.5451E-06
  1.4061E-03  8.4401E-07  1.8573E-06  2.6487E-06
  1.4347E-03  8.7874E-07  1.9331E-06  2.7553E-06
  1.4636E-03  9.1450E-07  2.0110E-06  2.8650E-06
  1.4928E-03  9.5131E-07  2.0913E-06  2.9778E-06
  1.5222E-03  9.8917E-07  2.1738E-06  3.0939E-06
  1.5519E-03  1.0281E-06  2.2587E-06  3.2132E-06
  1.5818E-03  1.0682E-06  2.3460E-06  3.3359E-06
  1.6120E-03  1.1094E-06  2.4358E-06  3.4619E-06
  1.6425E-03  1.1518E-06  2.5280E-06  3.5915E-06
  1.6733E-03  1.1953E-06  2.6229E-06  3.7246E-06
  1.7043E-03  1.2401E-06  2.7203E-06  3.8613E-06
  1.7357E-03  1.2861E-06  2.8204E-06  4.0018E-06
  1.7673E-03  1.3333E-06  2.9233E-06  4.1460E-06
  1.7992E-03  1.3819E-06  3.0289E-06  4.2941E-06
  1.8313E-03  1.4317E-06  3.1373E-06  4.4462E-06
  1.8638E-03  1.4829E-06  3.2487E-06  4.6023E-06
  1.8965E-03  1.5355E-06  3.3630E-06  4.7625E-06
  1.9296E-03  1.5895E-06  3.4804E-06  4.9268E-06
  1.9629E-03  1.6449E-06  3.6008E-06  5.0955E-06
  1.9966E-03  1.7017E-06  3.7244E-06  5.2685E-06
  2.0305E-03  1.7601E-06  3.8512E-06  5.4460E-06
  2.0647E-03  1.8200E-06  3.9813E-06  5.6281E-06
  2.0993E-03  1.8814E-06  4.1148E-06  5.8147E-06
  2.1342E-03  1.9444E-06  4.2516E-06  6.0062E-06
  2.1693E-03  2.0090E-06  4.3920E-06  6.2024E-06
  2.2048E-03  2.0753E-06  4.5359E-06  6.4036E-06
  2.2406E-03  2.1432E-06  4.6835E-06  6.6099E-06
  2.2768E-03  2.2129E-06  4.8347E-06  6.8213E-06
  2.3132E-03  2.2844E-06  4.9898E-06  7.0379E-06
  2.3500E-03  2.3576E-06  5.1487E-06  7.2598E-06
  2.3871E-03  2.4326E-06  5.3116E-06  7.4873E-06
  2.4246E-03  2.5096E-06  5.4785E-06  7.7203E-06
  2.4623E-03  2.5884E-06  5.6494E-06  7.9589E-06
  2.5005E-03  2.6691E-06  5.8246E-06  8.2034E-06
  2.5389E-03  2.7519E-06  6.0041E-06  8.4538E-06
  2.5777E-03  2.8366E-06  6.1879E-06  8.7102E-06
  2.6169E-03  2.9235E-06  6.3762E-06  8.9727E-06
  2.6564E-03  3.0124E-06  6.5690E-06  9.2416E-06
  2.6963E-03  3.1035E-06  6.7664E-06  9.5168E-06
  2.7365E-03  3.1968E-06  6.9686E-06  9.7986E-06
  2.7771E-03  3.2923E-06  7.1755E-06  1.0087E-05
  2.8180E-03  3.3901E-06  7.3874E-06  1.0382E-05
  2.8593E-03  3.4902E-06  7.6043E-06  1.0684E-05
  2.9010E-03  3.5927E-06  7.8264E-06  1.0994E-05
  2.9430E-03  3.6976E-06  8.0536E-06  1.1310E-05
  2.9855E-03  3.8050E-06  8.2862E-06  1.1634E-05
  3.0283E-03  3.9149E-06  8.5242E-06  1.1965E-05
  3.0715E-03  4.0274E-06  8.7677E-06  1.2304E-05
  3.1151E-03  4.1425E-06  9.0169E-06  1.2651E-05
  3.1591E-03  4.2603E-06  9.2719E-06  1.3005E-05
  3.2034E-03  4.3808E-06  9.5327E-06  1.3368E-05
  3.2482E-03  4.5041E-06  9.7995E-06  1.3739E-05
  3.2934E-03  4.6303E-06  1.0072E-05  1.4119E-05
  3.3389E-03  4.7593E-06  1.0352E-05  1.4507E-05
  3.3849E-03  4.8913E-06  1.0637E-05  1.4903E-05
  3.4313E-03  5.0263E-06  1.0929E-05  1.5309E-05
  3.4781E-03  5.1644E-06  1.1228E-05  1.5724E-05
  3.5254E-03  5.3056E-06  1.1533E-05  1.6148E-05
  3.5730E-03  5.4500E-06  1.1845E-05  1.6582E-05
  3.6211E-03  5.5977E-06  1.2165E-05  1.7025E-05
  3.6696E-03  5.7487E-06  1.2491E-05  1.7478E-05
  3.7186E-03  5.9031E-06  1.2825E-05  1.7941E-05
  3.7680E-03  6.0609E-06  1.3166E-05  1.8415E-05
  3.8178E-03  6.2223E-06  1.3515E-05  1.8898E-05
  3.8681E-03  6.3873E-06  1.3871E-05  1.9393E-05
  3.9188E-03  6.5559E-06  1.4235E-05  1.9898E-05
  3.9700E-03  6.7283E-06  1.4608E-05  2.0414E-05
  4.0217E-03  6.9045E-06  1.4988E-05  2.0942E-05
  4.0738E-03  7.0846E-06  1.5377E-05  2.1481E-05
  4.1264E-03  7.2686E-06  1.5775E-05  2.2032E-05
  4.1794E-03  7.4567E-06  1.6181E-05  2.2595E-05
  4.2329E-03  7.6489E-06  1.6596E-05  2.3169E-05
  4.2869E-03  7.8453E-06  1.7020E-05  2.3757E-05
  4.3414E-03  8.0460E-06  1.7453E-05  2.4356E-05
  4.3964E-03  8.2511E-06  1.7895E-05  2.4969E-05
  4.4519E-03  8.4606E-06  1.8347E-05  2.5595E-05
  4.5079E-03  8.6747E-06  1.8809E-05  2.6234E-05
  4.5643E-03  8.8934E-06  1.9281E-05  2.6887E-05
  4.6213E-03  9.1168E-06  1.9763E-05  2.7554E-05
  4.6788E-03  9.3451E-06  2.0255E-05  2.8235E-05
  4.7368E-03  9.5782E-06  2.0758E-05  2.8930E-05
  4.7953E-03  9.8163E-06  2.1271E-05  2.9640E-05
  4.8544E-03  1.0060E-05  2.1796E-05  3.0365E-05
  4.9140E-03  1.0308E-05  2.2331E-05  3.1105E-05
  4.9741E-03  1.0562E-05  2.2878E-05  3.1861E-05
  5.0347E-03  1.0821E-05  2.3437E-05  3.2633E-05
  5.0959E-03  1.1086E-05  2.4007E-05  3.3421E-05
  5.1577E-03  1.1356E-05  2.4589E-05  3.4225E-05
  5.2200E-03  1.1632E-05  2.5184E-05  3.5046E-05
  5.2829E-03  1.1914E-05  2.5791E-05  3.5884E-05
  5.3463E-03  1.2201E-05  2.6411E-05  3.6740E-05
  5.4103E-03  1.2495E-05  2.7044E-05  3.7613E-05
  5.4748E-03  1.2795E-05  2.7690E-05  3.8505E-05
  5.5400E-03  1.3102E-05  2.8349E-05  3.9415E-05
  5.6057E-03  1.3414E-05  2.9022E-05  4.0343E-05
  5.6720E-03  1.3734E-05  2.9710E-05  4.1291E-05
  5.7390E-03  1.4060E-05  3.0411E-05  4.2258E-05
  5.8065E-03  1.4392E-05  3.1127E-05  4.3245E-05
  5.8746E-03  1.4732E-05  3.1858E-05  4.4253E-05
  5.9433E-03  1.5079E-05  3.2604E-05  4.5280E-05
  6.0127E-03  1.5433E-05  3.3365E-05  4.6329E-05
  6.0827E-03  1.5794E-05  3.4142E-05  4.7400E-05
  6.1533E-03  1.6163E-05  3.4935E-05  4.8492E-05
  6.2245E-03  1.6539E-05  3.5745E-05  4.9606E-05
  6.2964E-03  1.6923E-05  3.6571E-05  5.0743E-05
  6.3689E-03  1.7315E-05  3.7413E-05  5.1903E-05
  6.4421E-03  1.7715E-05  3.8273E-05  5.3086E-05
  6.5159E-03  1.8123E-05  3.9151E-05  5.4294E-05
  6.5904E-03  1.8540E-05  4.0046E-05  5.5526E-05
  6.6656E-03  1.8965E-05  4.0960E-05  5.6782E-05
  6.7414E-03  1.9399E-05  4.1892E-05  5.8064E-05
  6.8179E-03  1.9842E-05  4.2844E-05  5.9371E-05
  6.8951E-03  2.0294E-05  4.3814E-05  6.0705E-05
  6.9730E-03  2.0755E-05  4.4804E-05  6.2066E-05
  7.0516E-03  2.1225E-05  4.5814E-05  6.3453E-05
  7.1309E-03  2.1705E-05  4.6845E-05  6.4869E-05
  7.2109E-03  2.2195E-05  4.7896E-05  6.6312E-05
  7.2916E-03  2.2695E-05  4.8969E-05  6.7785E-05
  7.3731E-03  2.3205E-05  5.0063E-05  6.9286E-05
  7.4552E-03  2.3725E-05  5.1179E-05  7.0818E-05
  7.5381E-03  2.4255E-05  5.2317E-05  7.2380E-05
  7.6218E-03  2.4797E-05  5.3478E-05  7.3972E-05
  7.7062E-03  2.5349E-05  5.4663E-05  7.5597E-05
  7.7914E-03  2.5912E-05  5.5871E-05  7.7253E-05
  7.8773E-03  2.6487E-05  5.7103E-05  7.8942E-05
  7.9640E-03  2.7073E-05  5.8360E-05  8.0664E-05
  8.0515E-03  2.7671E-05  5.9641E-05  8.2421E-05
  8.1398E-03  2.8281E-05  6.0949E-05  8.4211E-05
  8.2288E-03  2.8903E-05  6.2282E-05  8.6037E-05
  8.3187E-03  2.9538E-05  6.3642E-05  8.7899E-05
  8.4094E-03  3.0185E-05  6.5029E-05  8.9797E-05
  8.5008E-03  3.0845E-05  6.6443E-05  9.1733E-05
  8.5931E-03  3.1518E-05  6.7885E-05  9.3706E-05
  8.6863E-03  3.2205E-05  6.9355E-05  9.5718E-05
  8.7802E-03  3.2906E-05  7.0855E-05  9.7768E-05
  8.8750E-03  3.3620E-05  7.2384E-05  9.9859E-05
  8.9707E-03  3.4348E-05  7.3944E-05  1.0199E-04
  9.0672E-03  3.5091E-05  7.5534E-05  1.0416E-04
  9.1646E-03  3.5849E-05  7.7155E-05  1.0638E-04
  9.2628E-03  3.6622E-05  7.8808E-05  1.0864E-04
  9.3620E-03  3.7409E-05  8.0493E-05  1.1094E-04
  9.4620E-03  3.8213E-05  8.2212E-05  1.1328E-04
  9.5629E-03  3.9032E-05  8.3964E-05  1.1568E-04
  9.6647E-03  3.9868E-05  8.5751E-05  1.1811E-04
  9.7675E-03  4.0720E-05  8.7572E-05  1.2060E-04
  9.8711E-03  4.1588E-05  8.9429E-05  1.2313E-04
  9.9757E-03  4.2474E-05  9.1322E-05  1.2571E-04
  1.0081E-02  4.3377E-05  9.3252E-05  1.2834E-04
  1.0188E-02  4.4298E-05  9.5219E-05  1.3102E-04
  1.0295E-02  4.5237E-05  9.7225E-05  1.3376E-04
  1.0404E-02  4.6195E-05  9.9270E-05  1.3654E-04
  1.0513E-02  4.7171E-05  1.0135E-04  1.3938E-04
  1.0623E-02  4.8166E-05  1.0348E-04  1.4227E-04
  1.0735E-02  4.9181E-05  1.0564E-04  1.4522E-04
  1.0847E-02  5.0215E-05  1.0785E-04  1.4822E-04
  1.0960E-02  5.1270E-05  1.1010E-04  1.5129E-04
  1.1075E-02  5.2345E-05  1.1240E-04  1.5441E-04
  1.1190E-02  5.3441E-05  1.1474E-04  1.5758E-04
  1.1307E-02  5.4559E-05  1.1712E-04  1.6082E-04
  1.1424E-02  5.5698E-05  1.1955E-04  1.6412E-04
  1.1543E-02  5.6859E-05  1.2202E-04  1.6749E-04
  1.1662E-02  5.8043E-05  1.2455E-04  1.7092E-04
  1.1783E-02  5.9250E-05  1.2712E-04  1.7441E-04
  1.1905E-02  6.0480E-05  1.2974E-04  1.7797E-04
  1.2027E-02  6.1735E-05  1.3241E-04  1.8159E-04
  1.2151E-02  6.3013E-05  1.3514E-04  1.8528E-04
  1.2276E-02  6.4316E-05  1.3791E-04  1.8905E-04
  1.2403E-02  6.5644E-05  1.4074E-04  1.9288E-04
  1.2530E-02  6.6998E-05  1.4363E-04  1.9679E-04
  1.2658E-02  6.8379E-05  1.4656E-04  2.0077E-04
  1.2788E-02  6.9785E-05  1.4956E-04  2.0482E-04
  1.2919E-02  7.1219E-05  1.5261E-04  2.0895E-04
  1.3051E-02  7.2681E-05  1.5572E-04  2.1316E-04
  1.3184E-02  7.4171E-05  1.5889E-04  2.1745E-04
  1.3318E-02  7.5689E-05  1.6211E-04  2.2182E-04
  1.3454E-02  7.7236E-05  1.6540E-04  2.2626E-04
  1.3590E-02  7.8814E-05  1.6876E-04  2.3080E-04
  1.3728E-02  8.0421E-05  1.7217E-04  2.3541E-04
  1.3867E-02  8.2060E-05  1.7566E-04  2.4012E-04
  1.4008E-02  8.3730E-05  1.7920E-04  2.4491E-04
  1.4150E-02  8.5431E-05  1.8282E-04  2.4979E-04
  1.4293E-02  8.7166E-05  1.8650E-04  2.5476E-04
  1.4437E-02  8.8933E-05  1.9025E-04  2.5982E-04
  1.4582E-02  9.0735E-05  1.9408E-04  2.6498E-04
  1.4729E-02  9.2571E-05  1.9797E-04  2.7023E-04
  1.4877E-02  9.4442E-05  2.0194E-04  2.7558E-04
  1.5027E-02  9.6349E-05  2.0599E-04  2.8103E-04
  1.5178E-02  9.8292E-05  2.1011E-04  2.8658E-04
  1.5330E-02  1.0027E-04  2.1431E-04  2.9223E-04
  1.5484E-02  1.0229E-04  2.1859E-04  2.9799E-04
  1.5638E-02  1.0435E-04  2.2295E-04  3.0385E-04
  1.5795E-02  1.0644E-04  2.2739E-04  3.0982E-04
  1.5953E-02  1.0858E-04  2.3191E-04  3.1591E-04
  1.6112E-02  1.1075E-04  2.3652E-04  3.2210E-04
  1.6272E-02  1.1297E-04  2.4122E-04  3.2841E-04
  1.6434E-02  1.1523E-04  2.4600E-04  3.3483E-04
  1.6598E-02  1.1753E-04  2.5087E-04  3.4137E-04
  1.6763E-02  1.1988E-04  2.5584E-04  3.4803E-04
  1.6929E-02  1.2227E-04  2.6090E-04  3.5482E-04
  1.7097E-02  1.2470E-04  2.6605E-04  3.6173E-04
  1.7267E-02  1.2719E-04  2.7130E-04  3.6876E-04
  1.7437E-02  1.2972E-04  2.7664E-04  3.7592E-04
  1.7610E-02  1.3229E-04  2.8209E-04  3.8322E-04
  1.7784E-02  1.3492E-04  2.8764E-04  3.9065E-04
  1.7960E-02  1.3759E-04  2.9329E-04  3.9821E-04
  1.8137E-02  1.4032E-04  2.9905E-04  4.0591E-04
  1.8315E-02  1.4310E-04  3.0492E-04  4.1375E-04
  1.8496E-02  1.4593E-04  3.1089E-04  4.2174E-04
  1.8678E-02  1.4881E-04  3.1698E-04  4.2987E-04
  1.8861E-02  1.5175E-04  3.2318E-04  4.3815E-04
  1.9047E-02  1.5474E-04  3.2949E-04  4.4658E-04
  1.9234E-02  1.5779E-04  3.3592E-04  4.5516E-04
  1.9422E-02  1.6090E-04  3.4247E-04  4.6389E-04
  1.9612E-02  1.6406E-04  3.4914E-04  4.7279E-04
  1.9804E-02  1.6729E-04  3.5594E-04  4.8184E-04
  1.9998E-02  1.7057E-04  3.6286E-04  4.9107E-04
  2.0194E-02  1.7392E-04  3.6991E-04  5.0045E-04
  2.0391E-02  1.7733E-04  3.7710E-04  5.1001E-04
  2.0590E-02  1.8080E-04  3.8441E-04  5.1974E-04
  2.0791E-02  1.8434E-04  3.9186E-04  5.2964E-04
  2.0993E-02  1.8795E-04  3.9945E-04  5.3973E-04
  2.1198E-02  1.9162E-04  4.0718E-04  5.4999E-04
  2.1404E-02  1.9537E-04  4.1505E-04  5.6044E-04
  2.1612E-02  1.9918E-04  4.2306E-04  5.7108E-04
  2.1822E-02  2.0306E-04  4.3122E-04  5.8191E-04
  2.2034E-02  2.0702E-04  4.3954E-04  5.9293E-04
  2.2247E-02  2.1105E-04  4.4801E-04  6.0415E-04
  2.2463E-02  2.1516E-04  4.5663E-04  6.1558E-04
  2.2680E-02  2.1934E-04  4.6541E-04  6.2720E-04
  2.2900E-02  2.2360E-04  4.7436E-04  6.3904E-04
  2.3121E-02  2.2794E-04  4.8346E-04  6.5108E-04
  2.3345E-02  2.3236E-04  4.9274E-04  6.6335E-04
  2.3570E-02  2.3687E-04  5.0219E-04  6.7583E-04
  2.3798E-02  2.4146E-04  5.1181E-04  6.8853E-04
  2.4027E-02  2.4613E-04  5.2160E-04  7.0146E-04
  2.4259E-02  2.5089E-04  5.3158E-04  7.1462E-04
  2.4493E-02  2.5574E-04  5.4174E-04  7.2802E-04
  2.4729E-02  2.6068E-04  5.5208E-04  7.4165E-04
  2.4966E-02  2.6571E-04  5.6262E-04  7.5553E-04
  2.5206E-02  2.7084E-04  5.7334E-04  7.6965E-04
  2.5449E-02  2.7606E-04  5.8427E-04  7.8403E-04
  2.5693E-02  2.8138E-04  5.9539E-04  7.9865E-04
  2.5940E-02  2.8680E-04  6.0672E-04  8.1354E-04
  2.6188E-02  2.9232E-04  6.1825E-04  8.2869E-04
  2.6439E-02  2.9794E-04  6.2999E-04  8.4411E-04
  2.6693E-02  3.0366E-04  6.4195E-04  8.5981E-04
  2.6948E-02  3.0949E-04  6.5413E-04  8.7577E-04
  2.7206E-02  3.1543E-04  6.6653E-04  8.9203E-04
  2.7466E-02  3.2148E-04  6.7915E-04  9.0856E-04
  2.7728E-02  3.2765E-04  6.9201E-04  9.2539E-04
  2.7993E-02  3.3392E-04  7.0509E-04  9.4252E-04
  2.8260E-02  3.4031E-04  7.1842E-04  9.5995E-04
  2.8530E-02  3.4683E-04  7.3199E-04  9.7768E-04
  2.8802E-02  3.5346E-04  7.4581E-04  9.9573E-04
  2.9076E-02  3.6021E-04  7.5987E-04  1.0141E-03
  2.9353E-02  3.6709E-04  7.7419E-04  1.0328E-03
  2.9633E-02  3.7410E-04  7.8878E-04  1.0518E-03
  2.9915E-02  3.8124E-04  8.0362E-04  1.0711E-03
  3.0199E-02  3.8850E-04  8.1874E-04  1.0908E-03
  3.0486E-02  3.9591E-04  8.3413E-04  1.1108E-03
  3.0776E-02  4.0345E-04  8.4979E-04  1.1312E-03
  3.1068E-02  4.1112E-04  8.6575E-04  1.1520E-03
  3.1363E-02  4.1895E-04  8.8199E-04  1.1730E-03
  3.1660E-02  4.2691E-04  8.9852E-04  1.1945E-03
  3.1960E-02  4.3502E-04  9.1535E-04  1.2163E-03
  3.2263E-02  4.4328E-04  9.3249E-04  1.2386E-03
  3.2568E-02  4.5170E-04  9.4994E-04  1.2612E-03
  3.2877E-02  4.6027E-04  9.6770E-04  1.2842E-03
  3.3188E-02  4.6899E-04  9.8578E-04  1.3076E-03
  3.3501E-02  4.7788E-04  1.0042E-03  1.3314E-03
  3.3818E-02  4.8693E-04  1.0229E-03  1.3556E-03
  3.4137E-02  4.9615E-04  1.0420E-03  1.3802E-03
  3.4460E-02  5.0553E-04  1.0614E-03  1.4053E-03
  3.4785E-02  5.1509E-04  1.0812E-03  1.4307E-03
  3.5113E-02  5.2483E-04  1.1013E-03  1.4567E-03
  3.5444E-02  5.3474E-04  1.1218E-03  1.4831E-03
  3.5778E-02  5.4484E-04  1.1427E-03  1.5099E-03
  3.6115E-02  5.5512E-04  1.1639E-03  1.5372E-03
  3.6455E-02  5.6559E-04  1.1855E-03  1.5650E-03
  3.6798E-02  5.7625E-04  1.2075E-03  1.5932E-03
  3.7145E-02  5.8711E-04  1.2299E-03  1.6219E-03
  3.7494E-02  5.9817E-04  1.2527E-03  1.6512E-03
  3.7846E-02  6.0943E-04  1.2759E-03  1.6809E-03
  3.8202E-02  6.2090E-04  1.2995E-03  1.7111E-03
  3.8561E-02  6.3257E-04  1.3236E-03  1.7419E-03
  3.8923E-02  6.4446E-04  1.3480E-03  1.7731E-03
  3.9288E-02  6.5657E-04  1.3729E-03  1.8050E-03
  3.9656E-02  6.6890E-04  1.3983E-03  1.8373E-03
  4.0028E-02  6.8146E-04  1.4241E-03  1.8702E-03
  4.0403E-02  6.9424E-04  1.4504E-03  1.9037E-03
  4.0782E-02  7.0726E-04  1.4771E-03  1.9377E-03
  4.1164E-02  7.2052E-04  1.5043E-03  1.9723E-03
  4.1549E-02  7.3401E-04  1.5320E-03  2.0075E-03
  4.1938E-02  7.4776E-04  1.5602E-03  2.0434E-03
  4.2330E-02  7.6175E-04  1.5889E-03  2.0798E-03
  4.2726E-02  7.7601E-04  1.6181E-03  2.1168E-03
  4.3125E-02  7.9052E-04  1.6478E-03  2.1545E-03
  4.3528E-02  8.0529E-04  1.6781E-03  2.1927E-03
  4.3935E-02  8.2034E-04  1.7089E-03  2.2317E-03
  4.4345E-02  8.3566E-04  1.7402E-03  2.2713E-03
  4.4759E-02  8.5126E-04  1.7721E-03  2.3116E-03
  4.5177E-02  8.6714E-04  1.8046E-03  2.3525E-03
  4.5598E-02  8.8331E-04  1.8376E-03  2.3941E-03
  4.6023E-02  8.9978E-04  1.8712E-03  2.4365E-03
  4.6452E-02  9.1654E-04  1.9054E-03  2.4795E-03
  4.6885E-02  9.3361E-04  1.9403E-03  2.5233E-03
  4.7322E-02  9.5099E-04  1.9757E-03  2.5678E-03
  4.7762E-02  9.6869E-04  2.0118E-03  2.6131E-03
  4.8207E-02  9.8671E-04  2.0485E-03  2.6591E-03
  4.8655E-02  1.0051E-03  2.0858E-03  2.7059E-03
  4.9108E-02  1.0237E-03  2.1238E-03  2.7534E-03
  4.9565E-02  1.0427E-03  2.1625E-03  2.8018E-03
  5.0025E-02  1.0621E-03  2.2019E-03  2.8509E-03
  5.0490E-02  1.0818E-03  2.2419E-03  2.9009E-03
  5.0959E-02  1.1019E-03  2.2827E-03  2.9517E-03
  5.1432E-02  1.1223E-03  2.3242E-03  3.0034E-03
  5.1910E-02  1.1431E-03  2.3664E-03  3.0559E-03
  5.2392E-02  1.1643E-03  2.4093E-03  3.1093E-03
  5.2878E-02  1.1859E-03  2.4530E-03  3.1636E-03
  5.3368E-02  1.2078E-03  2.4975E-03  3.2188E-03
  5.3863E-02  1.2302E-03  2.5428E-03  3.2749E-03
  5.4362E-02  1.2529E-03  2.5888E-03  3.3319E-03
  5.4866E-02  1.2761E-03  2.6357E-03  3.3898E-03
  5.5374E-02  1.2997E-03  2.6833E-03  3.4487E-03
  5.5887E-02  1.3237E-03  2.7319E-03  3.5086E-03
  5.6405E-02  1.3481E-03  2.7812E-03  3.5695E-03
  5.6927E-02  1.3730E-03  2.8314E-03  3.6314E-03
  5.7454E-02  1.3983E-03  2.8825E-03  3.6942E-03
  5.7985E-02  1.4241E-03  2.9345E-03  3.7582E-03
  5.8521E-02  1.4504E-03  2.9875E-03  3.8231E-03
  5.9063E-02  1.4771E-03  3.0413E-03  3.8892E-03
  5.9608E-02  1.5043E-03  3.0960E-03  3.9563E-03
  6.0159E-02  1.5320E-03  3.1518E-03  4.0245E-03
  6.0715E-02  1.5602E-03  3.2085E-03  4.0938E-03
  6.1276E-02  1.5889E-03  3.2661E-03  4.1642E-03
  6.1842E-02  1.6181E-03  3.3248E-03  4.2358E-03
  6.2413E-02  1.6478E-03  3.3845E-03  4.3086E-03
  6.2989E-02  1.6781E-03  3.4453E-03  4.3825E-03
  6.3570E-02  1.7089E-03  3.5071E-03  4.4577E-03
  6.4156E-02  1.7403E-03  3.5699E-03  4.5340E-03
  6.4748E-02  1.7722E-03  3.6339E-03  4.6116E-03
  6.5345E-02  1.8047E-03  3.6990E-03  4.6904E-03
  6.5947E-02  1.8378E-03  3.7652E-03  4.7706E-03
  6.6555E-02  1.8715E-03  3.8325E-03  4.8520E-03
  6.7168E-02  1.9058E-03  3.9010E-03  4.9347E-03
  6.7787E-02  1.9407E-03  3.9707E-03  5.0187E-03
  6.8411E-02  1.9762E-03  4.0416E-03  5.1041E-03
  6.9041E-02  2.0123E-03  4.1137E-03  5.1909E-03
  6.9676E-02  2.0491E-03  4.1870E-03  5.2791E-03
  7.0317E-02  2.0865E-03  4.2617E-03  5.3687E-03
  7.0964E-02  2.1247E-03  4.3376E-03  5.4597E-03
  7.1617E-02  2.1635E-03  4.4148E-03  5.5521E-03
  7.2275E-02  2.2029E-03  4.4933E-03  5.6460E-03
  7.2940E-02  2.2431E-03  4.5732E-03  5.7415E-03
  7.3610E-02  2.2840E-03  4.6545E-03  5.8384E-03
  7.4287E-02  2.3257E-03  4.7371E-03  5.9369E-03
  7.4969E-02  2.3680E-03  4.8212E-03  6.0370E-03
  7.5658E-02  2.4111E-03  4.9067E-03  6.1386E-03
  7.6353E-02  2.4550E-03  4.9937E-03  6.2418E-03
  7.7054E-02  2.4997E-03  5.0822E-03  6.3467E-03
  7.7761E-02  2.5451E-03  5.1722E-03  6.4532E-03
  7.8475E-02  2.5914E-03  5.2637E-03  6.5614E-03
  7.9195E-02  2.6385E-03  5.3568E-03  6.6713E-03
  7.9922E-02  2.6864E-03  5.4514E-03  6.7830E-03
  8.0655E-02  2.7351E-03  5.5477E-03  6.8964E-03
  8.1394E-02  2.7848E-03  5.6456E-03  7.0115E-03
  8.2141E-02  2.8352E-03  5.7452E-03  7.1285E-03
  8.2894E-02  2.8866E-03  5.8465E-03  7.2473E-03
  8.3654E-02  2.9389E-03  5.9495E-03  7.3679E-03
  8.4420E-02  2.9921E-03  6.0542E-03  7.4905E-03
  8.5194E-02  3.0463E-03  6.1607E-03  7.6149E-03
  8.5974E-02  3.1014E-03  6.2690E-03  7.7413E-03
  8.6761E-02  3.1574E-03  6.3792E-03  7.8696E-03
  8.7556E-02  3.2145E-03  6.4912E-03  7.9999E-03
  8.8357E-02  3.2725E-03  6.6051E-03  8.1323E-03
  8.9166E-02  3.3316E-03  6.7209E-03  8.2667E-03
  8.9982E-02  3.3917E-03  6.8387E-03  8.4031E-03
  9.0806E-02  3.4528E-03  6.9584E-03  8.5417E-03
  9.1636E-02  3.5150E-03  7.0802E-03  8.6824E-03
  9.2475E-02  3.5783E-03  7.2040E-03  8.8252E-03
  9.3320E-02  3.6428E-03  7.3299E-03  8.9703E-03
  9.4174E-02  3.7083E-03  7.4580E-03  9.1175E-03
  9.5035E-02  3.7750E-03  7.5881E-03  9.2670E-03
  9.5903E-02  3.8428E-03  7.7204E-03  9.4188E-03
  9.6780E-02  3.9118E-03  7.8550E-03  9.5730E-03
  9.7664E-02  3.9820E-03  7.9918E-03  9.7294E-03
  9.8556E-02  4.0535E-03  8.1309E-03  9.8882E-03
  9.9457E-02  4.1261E-03  8.2723E-03  1.0049E-02
  1.0036E-01  4.2001E-03  8.4160E-03  1.0213E-02
  1.0128E-01  4.2753E-03  8.5622E-03  1.0379E-02
  1.0221E-01  4.3518E-03  8.7107E-03  1.0548E-02
  1.0314E-01  4.4296E-03  8.8618E-03  1.0719E-02
  1.0408E-01  4.5088E-03  9.0153E-03  1.0893E-02
  1.0503E-01  4.5893E-03  9.1714E-03  1.1069E-02
  1.0599E-01  4.6712E-03  9.3300E-03  1.1248E-02
  1.0696E-01  4.7546E-03  9.4913E-03  1.1430E-02
  1.0793E-01  4.8393E-03  9.6552E-03  1.1615E-02
  1.0892E-01  4.9256E-03  9.8219E-03  1.1802E-02
  1.0991E-01  5.0133E-03  9.9912E-03  1.1992E-02
  1.1091E-01  5.1025E-03  1.0163E-02  1.2185E-02
  1.1192E-01  5.1932E-03  1.0338E-02  1.2380E-02
  1.1294E-01  5.2854E-03  1.0516E-02  1.2579E-02
  1.1397E-01  5.3793E-03  1.0697E-02  1.2780E-02
  1.1501E-01  5.4747E-03  1.0881E-02  1.2985E-02
  1.1606E-01  5.5718E-03  1.1067E-02  1.3192E-02
  1.1712E-01  5.6705E-03  1.1257E-02  1.3403E-02
  1.1818E-01  5.7709E-03  1.1450E-02  1.3617E-02
  1.1926E-01  5.8730E-03  1.1646E-02  1.3833E-02
  1.2035E-01  5.9768E-03  1.1845E-02  1.4053E-02
  1.2144E-01  6.0824E-03  1.2048E-02  1.4277E-02
  1.2255E-01  6.1897E-03  1.2253E-02  1.4503E-02
  1.2366E-01  6.2989E-03  1.2462E-02  1.4733E-02
  1.2479E-01  6.4098E-03  1.2675E-02  1.4966E-02
  1.2592E-01  6.5227E-03  1.2890E-02  1.5202E-02
  1.2707E-01  6.6374E-03  1.3110E-02  1.5442E-02
  1.2823E-01  6.7541E-03  1.3332E-02  1.5686E-02
  1.2939E-01  6.8727E-03  1.3559E-02  1.5932E-02
  1.3057E-01  6.9933E-03  1.3789E-02  1.6183E-02
  1.3176E-01  7.1159E-03  1.4022E-02  1.6437E-02
  1.3295E-01  7.2406E-03  1.4260E-02  1.6695E-02
  1.3416E-01  7.3673E-03  1.4501E-02  1.6956E-02
  1.3538E-01  7.4961E-03  1.4746E-02  1.7221E-02
  1.3661E-01  7.6270E-03  1.4994E-02  1.7490E-02
  1.3786E-01  7.7601E-03  1.5247E-02  1.7763E-02
  1.3911E-01  7.8954E-03  1.5504E-02  1.8039E-02
  1.4037E-01  8.0329E-03  1.5765E-02  1.8320E-02
  1.4165E-01  8.1727E-03  1.6030E-02  1.8604E-02
  1.4293E-01  8.3147E-03  1.6299E-02  1.8893E-02
  1.4423E-01  8.4591E-03  1.6572E-02  1.9185E-02
  1.4554E-01  8.6059E-03  1.6850E-02  1.9482E-02
  1.4687E-01  8.7550E-03  1.7132E-02  1.9783E-02
  1.4820E-01  8.9065E-03  1.7418E-02  2.0088E-02
  1.4954E-01  9.0605E-03  1.7708E-02  2.0397E-02
  1.5090E-01  9.2170E-03  1.8004E-02  2.0711E-02
  1.5227E-01  9.3760E-03  1.8304E-02  2.1029E-02
  1.5365E-01  9.5376E-03  1.8608E-02  2.1351E-02
  1.5505E-01  9.7017E-03  1.8917E-02  2.1678E-02
  1.5646E-01  9.8685E-03  1.9231E-02  2.2010E-02
  1.5788E-01  1.0038E-02  1.9549E-02  2.2346E-02
  1.5931E-01  1.0210E-02  1.9873E-02  2.2687E-02
  1.6075E-01  1.0385E-02  2.0201E-02  2.3032E-02
  1.6221E-01  1.0563E-02  2.0535E-02  2.3382E-02
  1.6368E-01  1.0743E-02  2.0873E-02  2.3737E-02
  1.6517E-01  1.0926E-02  2.1217E-02  2.4097E-02
  1.6667E-01  1.1113E-02  2.1566E-02  2.4461E-02
  1.6818E-01  1.1302E-02  2.1920E-02  2.4831E-02
  1.6970E-01  1.1494E-02  2.2279E-02  2.5206E-02
  1.7124E-01  1.1689E-02  2.2644E-02  2.5586E-02
  1.7279E-01  1.1887E-02  2.3014E-02  2.5970E-02
  1.7436E-01  1.2088E-02  2.3389E-02  2.6361E-02
  1.7594E-01  1.2292E-02  2.3771E-02  2.6756E-02
  1.7753E-01  1.2500E-02  2.4157E-02  2.7157E-02
  1.7914E-01  1.2710E-02  2.4550E-02  2.7563E-02
  1.8077E-01  1.2924E-02  2.4948E-02  2.7974E-02
  1.8240E-01  1.3141E-02  2.5352E-02  2.8391E-02
  1.8406E-01  1.3361E-02  2.5762E-02  2.8814E-02
  1.8572E-01  1.3585E-02  2.6178E-02  2.9242E-02
  1.8741E-01  1.3812E-02  2.6600E-02  2.9676E-02
  1.8910E-01  1.4043E-02  2.7028E-02  3.0115E-02
  1.9082E-01  1.4276E-02  2.7462E-02  3.0561E-02
  1.9255E-01  1.4514E-02  2.7902E-02  3.1012E-02
  1.9429E-01  1.4755E-02  2.8349E-02  3.1469E-02
  1.9605E-01  1.4999E-02  2.8802E-02  3.1933E-02
  1.9782E-01  1.5247E-02  2.9261E-02  3.2402E-02
  1.9961E-01  1.5499E-02  2.9727E-02  3.2878E-02
  2.0142E-01  1.5754E-02  3.0199E-02  3.3359E-02
  2.0324E-01  1.6013E-02  3.0678E-02  3.3847E-02
  2.0508E-01  1.6276E-02  3.1163E-02  3.4342E-02
  2.0694E-01  1.6542E-02  3.1655E-02  3.4842E-02
  2.0881E-01  1.6812E-02  3.2154E-02  3.5350E-02
  2.1070E-01  1.7086E-02  3.2660E-02  3.5863E-02
  2.1261E-01  1.7364E-02  3.3172E-02  3.6384E-02
  2.1453E-01  1.7646E-02  3.3692E-02  3.6911E-02
  2.1647E-01  1.7932E-02  3.4218E-02  3.7445E-02
  2.1843E-01  1.8222E-02  3.4752E-02  3.7985E-02
  2.2041E-01  1.8516E-02  3.5292E-02  3.8533E-02
  2.2240E-01  1.8814E-02  3.5840E-02  3.9087E-02
  2.2441E-01  1.9115E-02  3.6395E-02  3.9649E-02
  2.2644E-01  1.9421E-02  3.6957E-02  4.0218E-02
  2.2849E-01  1.9732E-02  3.7527E-02  4.0794E-02
  2.3056E-01  2.0046E-02  3.8104E-02  4.1377E-02
  2.3264E-01  2.0364E-02  3.8688E-02  4.1968E-02
  2.3474E-01  2.0687E-02  3.9280E-02  4.2566E-02
  2.3687E-01  2.1014E-02  3.9879E-02  4.3171E-02
  2.3901E-01  2.1345E-02  4.0486E-02  4.3784E-02
  2.4117E-01  2.1681E-02  4.1100E-02  4.4405E-02
  2.4335E-01  2.2020E-02  4.1722E-02  4.5034E-02
  2.4555E-01  2.2364E-02  4.2352E-02  4.5670E-02
  2.4777E-01  2.2713E-02  4.2989E-02  4.6315E-02
  2.5000E-01  2.3066E-02  4.3634E-02  4.6967E-02
  2.5226E-01  2.3423E-02  4.4286E-02  4.7628E-02
  2.5454E-01  2.3784E-02  4.4947E-02  4.8296E-02
  2.5684E-01  2.4150E-02  4.5615E-02  4.8973E-02
  2.5916E-01  2.4521E-02  4.6291E-02  4.9658E-02
  2.6150E-01  2.4896E-02  4.6974E-02  5.0352E-02
  2.6387E-01  2.5275E-02  4.7666E-02  5.1054E-02
  2.6625E-01  2.5659E-02  4.8365E-02  5.1765E-02
  2.6865E-01  2.6047E-02  4.9073E-02  5.2485E-02
  2.7108E-01  2.6439E-02  4.9788E-02  5.3213E-02
  2.7353E-01  2.6836E-02  5.0511E-02  5.3950E-02
  2.7600E-01  2.7238E-02  5.1242E-02  5.4696E-02
  2.7849E-01  2.7644E-02  5.1980E-02  5.5452E-02
  2.8101E-01  2.8055E-02  5.2727E-02  5.6216E-02
  2.8354E-01  2.8469E-02  5.3481E-02  5.6990E-02
  2.8610E-01  2.8889E-02  5.4243E-02  5.7773E-02
  2.8869E-01  2.9313E-02  5.5013E-02  5.8565E-02
  2.9129E-01  2.9741E-02  5.5790E-02  5.9368E-02
  2.9392E-01  3.0173E-02  5.6576E-02  6.0179E-02
  2.9658E-01  3.0610E-02  5.7369E-02  6.1001E-02
  2.9925E-01  3.1051E-02  5.8169E-02  6.1832E-02
  3.0195E-01  3.1497E-02  5.8977E-02  6.2674E-02
  3.0468E-01  3.1947E-02  5.9793E-02  6.3526E-02
  3.0743E-01  3.2401E-02  6.0616E-02  6.4387E-02
  3.1020E-01  3.2860E-02  6.1446E-02  6.5259E-02
  3.1300E-01  3.3322E-02  6.2284E-02  6.6142E-02
  3.1583E-01  3.3789E-02  6.3129E-02  6.7035E-02
  3.1868E-01  3.4260E-02  6.3981E-02  6.7939E-02
  3.2155E-01  3.4735E-02  6.4840E-02  6.8853E-02
  3.2445E-01  3.5213E-02  6.5706E-02  6.9779E-02
  3.2738E-01  3.5696E-02  6.6579E-02  7.0715E-02
  3.3033E-01  3.6183E-02  6.7459E-02  7.1663E-02
  3.3331E-01  3.6673E-02  6.8345E-02  7.2622E-02
  3.3632E-01  3.7168E-02  6.9238E-02  7.3592E-02
  3.3935E-01  3.7666E-02  7.0137E-02  7.4574E-02
  3.4241E-01  3.8167E-02  7.1042E-02  7.5567E-02
  3.4550E-01  3.8673E-02  7.1953E-02  7.6573E-02
  3.4862E-01  3.9181E-02  7.2870E-02  7.7590E-02
  3.5176E-01  3.9693E-02  7.3793E-02  7.8619E-02
  3.5493E-01  4.0208E-02  7.4722E-02  7.9661E-02
  3.5813E-01  4.0727E-02  7.5655E-02  8.0715E-02
  3.6136E-01  4.1248E-02  7.6594E-02  8.1781E-02
  3.6462E-01  4.1773E-02  7.7538E-02  8.2861E-02
  3.6791E-01  4.2300E-02  7.8486E-02  8.3953E-02
  3.7123E-01  4.2830E-02  7.9439E-02  8.5058E-02
  3.7457E-01  4.3363E-02  8.0397E-02  8.6176E-02
  3.7795E-01  4.3899E-02  8.1358E-02  8.7307E-02
  3.8136E-01  4.4436E-02  8.2323E-02  8.8453E-02
  3.8479E-01  4.4977E-02  8.3292E-02  8.9611E-02
  3.8826E-01  4.5519E-02  8.4263E-02  9.0784E-02
  3.9176E-01  4.6063E-02  8.5238E-02  9.1971E-02
  3.9529E-01  4.6609E-02  8.6216E-02  9.3171E-02
  3.9886E-01  4.7157E-02  8.7195E-02  9.4387E-02
  4.0245E-01  4.7707E-02  8.8177E-02  9.5617E-02
  4.0608E-01  4.8258E-02  8.9161E-02  9.6861E-02
  4.0974E-01  4.8810E-02  9.0146E-02  9.8121E-02
  4.1343E-01  4.9364E-02  9.1132E-02  9.9396E-02
  4.1715E-01  4.9918E-02  9.2118E-02  1.0069E-01
  4.2091E-01  5.0474E-02  9.3105E-02  1.0199E-01
  4.2471E-01  5.1030E-02  9.4092E-02  1.0331E-01
  4.2853E-01  5.1586E-02  9.5079E-02  1.0465E-01
  4.3239E-01  5.2143E-02  9.6065E-02  1.0601E-01
  4.3629E-01  5.2701E-02  9.7049E-02  1.0738E-01
  4.4022E-01  5.3258E-02  9.8032E-02  1.0877E-01
  4.4418E-01  5.3815E-02  9.9013E-02  1.1017E-01
  4.4819E-01  5.4372E-02  9.9992E-02  1.1159E-01
  4.5222E-01  5.4928E-02  1.0097E-01  1.1303E-01
  4.5630E-01  5.5484E-02  1.0194E-01  1.1449E-01
  4.6041E-01  5.6039E-02  1.0291E-01  1.1597E-01
  4.6455E-01  5.6594E-02  1.0387E-01  1.1746E-01
  4.6874E-01  5.7147E-02  1.0483E-01  1.1898E-01
  4.7296E-01  5.7699E-02  1.0579E-01  1.2051E-01
  4.7722E-01  5.8250E-02  1.0674E-01  1.2206E-01
  4.8152E-01  5.8799E-02  1.0768E-01  1.2363E-01
  4.8585E-01  5.9346E-02  1.0862E-01  1.2522E-01
  4.9023E-01  5.9892E-02  1.0954E-01  1.2684E-01
  4.9464E-01  6.0436E-02  1.1047E-01  1.2847E-01
  4.9910E-01  6.0978E-02  1.1138E-01  1.3012E-01
  5.0359E-01  6.1519E-02  1.1229E-01  1.3180E-01
  5.0812E-01  6.2057E-02  1.1318E-01  1.3350E-01
  5.1270E-01  6.2592E-02  1.1407E-01  1.3522E-01
  5.1731E-01  6.3126E-02  1.1495E-01  1.3696E-01
  5.2197E-01  6.3657E-02  1.1582E-01  1.3873E-01
  5.2667E-01  6.4187E-02  1.1667E-01  1.4052E-01
  5.3141E-01  6.4714E-02  1.1752E-01  1.4233E-01
  5.3620E-01  6.5238E-02  1.1835E-01  1.4417E-01
  5.4102E-01  6.5761E-02  1.1918E-01  1.4603E-01
  5.4589E-01  6.6281E-02  1.1999E-01  1.4792E-01
  5.5081E-01  6.6800E-02  1.2079E-01  1.4983E-01
  5.5577E-01  6.7317E-02  1.2157E-01  1.5178E-01
  5.6077E-01  6.7832E-02  1.2234E-01  1.5374E-01
  5.6582E-01  6.8345E-02  1.2310E-01  1.5574E-01
  5.7091E-01  6.8858E-02  1.2385E-01  1.5776E-01
  5.7605E-01  6.9369E-02  1.2458E-01  1.5982E-01
  5.8123E-01  6.9880E-02  1.2529E-01  1.6190E-01
  5.8646E-01  7.0391E-02  1.2600E-01  1.6401E-01
  5.9174E-01  7.0902E-02  1.2668E-01  1.6615E-01
  5.9706E-01  7.1414E-02  1.2736E-01  1.6833E-01
  6.0244E-01  7.1927E-02  1.2802E-01  1.7053E-01
  6.0786E-01  7.2441E-02  1.2866E-01  1.7277E-01
  6.1333E-01  7.2958E-02  1.2929E-01  1.7505E-01
  6.1885E-01  7.3479E-02  1.2991E-01  1.7735E-01
  6.2442E-01  7.4003E-02  1.3051E-01  1.7970E-01
  6.3003E-01  7.4532E-02  1.3110E-01  1.8207E-01
  6.3570E-01  7.5067E-02  1.3168E-01  1.8449E-01
  6.4142E-01  7.5609E-02  1.3224E-01  1.8694E-01
  6.4719E-01  7.6158E-02  1.3279E-01  1.8943E-01
  6.5302E-01  7.6717E-02  1.3334E-01  1.9196E-01
  6.5889E-01  7.7286E-02  1.3387E-01  1.9453E-01
  6.6482E-01  7.7866E-02  1.3439E-01  1.9715E-01
  6.7080E-01  7.8460E-02  1.3490E-01  1.9980E-01
  6.7683E-01  7.9069E-02  1.3541E-01  2.0250E-01
  6.8292E-01  7.9695E-02  1.3591E-01  2.0524E-01
  6.8907E-01  8.0339E-02  1.3640E-01  2.0803E-01
  6.9526E-01  8.1004E-02  1.3689E-01  2.1087E-01
  7.0152E-01  8.1691E-02  1.3738E-01  2.1376E-01
  7.0783E-01  8.2403E-02  1.3787E-01  2.1670E-01
  7.1420E-01  8.3142E-02  1.3837E-01  2.1968E-01
  7.2062E-01  8.3911E-02  1.3887E-01  2.2273E-01
  7.2710E-01  8.4713E-02  1.3937E-01  2.2582E-01
  7.3364E-01  8.5550E-02  1.3989E-01  2.2898E-01
  7.4024E-01  8.6425E-02  1.4042E-01  2.3219E-01
  7.4690E-01  8.7342E-02  1.4096E-01  2.3546E-01
  7.5361E-01  8.8304E-02  1.4153E-01  2.3879E-01
  7.6039E-01  8.9315E-02  1.4212E-01  2.4219E-01
  7.6723E-01  9.0378E-02  1.4273E-01  2.4566E-01
  7.7413E-01  9.1497E-02  1.4337E-01  2.4919E-01
  7.8109E-01  9.2677E-02  1.4405E-01  2.5279E-01
  7.8811E-01  9.3922E-02  1.4477E-01  2.5647E-01
  7.9520E-01  9.5237E-02  1.4554E-01  2.6022E-01
  8.0235E-01  9.6626E-02  1.4635E-01  2.6405E-01
  8.0957E-01  9.8095E-02  1.4722E-01  2.6796E-01
  8.1685E-01  9.9649E-02  1.4814E-01  2.7195E-01
  8.2419E-01  1.0129E-01  1.4914E-01  2.7603E-01
  8.3160E-01  1.0303E-01  1.5020E-01  2.8019E-01
  8.3908E-01  1.0488E-01  1.5135E-01  2.8445E-01
  8.4662E-01  1.0683E-01  1.5257E-01  2.8880E-01
  8.5424E-01  1.0890E-01  1.5390E-01  2.9324E-01
  8.6192E-01  1.1109E-01  1.5532E-01  2.9779E-01
  8.6967E-01  1.1341E-01  1.5685E-01  3.0243E-01
  8.7748E-01  1.1586E-01  1.5849E-01  3.0718E-01
  8.8537E-01  1.1846E-01  1.6026E-01  3.1204E-01
  8.9333E-01  1.2122E-01  1.6215E-01  3.1701E-01
  9.0136E-01  1.2413E-01  1.6419E-01  3.2209E-01
  9.0947E-01  1.2722E-01  1.6638E-01  3.2729E-01
  9.1764E-01  1.3048E-01  1.6873E-01  3.3261E-01
  9.2589E-01  1.3393E-01  1.7125E-01  3.3806E-01
  9.3422E-01  1.3758E-01  1.7396E-01  3.4363E-01
  9.4261E-01  1.4144E-01  1.7685E-01  3.4934E-01
  9.5109E-01  1.4551E-01  1.7994E-01  3.5518E-01
  9.5964E-01  1.4981E-01  1.8325E-01  3.6116E-01
  9.6826E-01  1.5435E-01  1.8678E-01  3.6729E-01
  9.7697E-01  1.5914E-01  1.9055E-01  3.7357E-01
  9.8575E-01  1.6419E-01  1.9458E-01  3.8001E-01
  9.9461E-01  1.6951E-01  1.9886E-01  3.8660E-01
  1.0035E+00  1.7511E-01  2.0342E-01  3.9337E-01
  1.0126E+00  1.8101E-01  2.0827E-01  4.0030E-01
  1.0217E+00  1.8722E-01  2.1343E-01  4.0741E-01
  1.0309E+00  1.9374E-01  2.1890E-01  4.1470E-01
  1.0401E+00  2.0061E-01  2.2471E-01  4.2219E-01
  1.0495E+00  2.0781E-01  2.3086E-01  4.2987E-01
  1.0589E+00  2.1538E-01  2.3738E-01  4.3775E-01
  1.0684E+00  2.2332E-01  2.4427E-01  4.4585E-01
  1.0780E+00  2.3164E-01  2.5156E-01  4.5416E-01
  1.0877E+00  2.4036E-01  2.5925E-01  4.6270E-01
  1.0975E+00  2.4950E-01  2.6737E-01  4.7147E-01
  1.1073E+00  2.5907E-01  2.7593E-01  4.8049E-01
  1.1173E+00  2.6907E-01  2.8495E-01  4.8975E-01
  1.1273E+00  2.7954E-01  2.9443E-01  4.9928E-01
  1.1375E+00  2.9047E-01  3.0441E-01  5.0909E-01
  1.1477E+00  3.0189E-01  3.1489E-01  5.1917E-01
  1.1580E+00  3.1380E-01  3.2589E-01  5.2954E-01
  1.1684E+00  3.2623E-01  3.3743E-01  5.4022E-01
  1.1789E+00  3.3919E-01  3.4952E-01  5.5121E-01
  1.1895E+00  3.5269E-01  3.6218E-01  5.6253E-01
  1.2002E+00  3.6674E-01  3.7543E-01  5.7419E-01
  1.2110E+00  3.8137E-01  3.8928E-01  5.8620E-01
  1.2218E+00  3.9658E-01  4.0374E-01  5.9857E-01
  1.2328E+00  4.1239E-01  4.1884E-01  6.1133E-01
  1.2439E+00  4.2881E-01  4.3458E-01  6.2449E-01
  1.2551E+00  4.4587E-01  4.5099E-01  6.3806E-01
  1.2664E+00  4.6356E-01  4.6808E-01  6.5205E-01
  1.2777E+00  4.8191E-01  4.8586E-01  6.6649E-01
  1.2892E+00  5.0094E-01  5.0436E-01  6.8140E-01
  1.3008E+00  5.2065E-01  5.2357E-01  6.9679E-01
  1.3125E+00  5.4106E-01  5.4352E-01  7.1268E-01
  1.3243E+00  5.6218E-01  5.6423E-01  7.2910E-01
  1.3362E+00  5.8403E-01  5.8570E-01  7.4607E-01
  1.3482E+00  6.0663E-01  6.0796E-01  7.6360E-01
  1.3603E+00  6.2999E-01  6.3101E-01  7.8173E-01
  1.3725E+00  6.5412E-01  6.5487E-01  8.0048E-01
  1.3848E+00  6.7904E-01  6.7956E-01  8.1987E-01
  1.3973E+00  7.0478E-01  7.0509E-01  8.3993E-01
  1.4098E+00  7.3134E-01  7.3148E-01  8.6070E-01
  1.4225E+00  7.5874E-01  7.5875E-01  8.8220E-01
  1.4353E+00  7.8701E-01  7.8690E-01  9.0447E-01
  1.4482E+00  8.1616E-01  8.1597E-01  9.2754E-01
  1.4612E+00  8.4622E-01  8.4597E-01  9.5144E-01
  1.4743E+00  8.7721E-01  8.7692E-01  9.7621E-01
  1.4876E+00  9.0915E-01  9.0885E-01  1.0019E+00
  1.5009E+00  9.4209E-01  9.4178E-01  1.0285E+00
  1.5144E+00  9.7604E-01  9.7574E-01  1.0562E+00
  1.5280E+00  1.0110E+00  1.0108E+00  1.0849E+00
  1.5417E+00  1.0471E+00  1.0469E+00  1.1146E+00
  1.5556E+00  1.0843E+00  1.0841E+00  1.1456E+00
  1.5695E+00  1.1227E+00  1.1225E+00  1.1777E+00
  1.5836E+00  1.1623E+00  1.1622E+00  1.2110E+00
  1.5979E+00  1.2032E+00  1.2031E+00  1.2457E+00
  1.6122E+00  1.2454E+00  1.2453E+00  1.2818E+00
  1.6267E+00  1.2890E+00  1.2890E+00  1.3193E+00
  1.6413E+00  1.3341E+00  1.3341E+00  1.3583E+00
  1.6561E+00  1.3807E+00  1.3807E+00  1.3988E+00
  1.6709E+00  1.4290E+00  1.4290E+00  1.4411E+00
  1.6859E+00  1.4790E+00  1.4790E+00  1.4851E+00
  1.7011E+00  1.5309E+00  1.5309E+00  1.5309E+00
  1.7164E+00  1.5848E+00  1.5848E+00  1.5787E+00
  1.7318E+00  1.6407E+00  1.6407E+00  1.6285E+00
  1.7473E+00  1.6988E+00  1.6988E+00  1.6803E+00
  1.7630E+00  1.7593E+00  1.7593E+00  1.7345E+00
  1.7789E+00  1.8221E+00  1.8221E+00  1.7910E+00
  1.7948E+00  1.8876E+00  1.8876E+00  1.8499E+00
  1.8110E+00  1.9557E+00  1.9557E+00  1.9114E+00
  1.8272E+00  2.0267E+00  2.0267E+00  1.9757E+00
  1.8436E+00  2.1006E+00  2.1006E+00  2.0428E+00
  1.8602E+00  2.1777E+00  2.1777E+00  2.1130E+00
