 # l=           2 energy=  -5.0000000000000000     
  0.0000E+00  0.0000E+00  0.0000E+00  0.0000E+00
  1.6028E-05  9.4478E-16  9.4478E-16  4.4204E-15
  3.2200E-05  7.6604E-15  7.6604E-15  2.9010E-14
  4.8517E-05  2.6204E-14  2.6204E-14  8.9186E-14
  6.4980E-05  6.2955E-14  6.2955E-14  2.0127E-13
  8.1591E-05  1.2463E-13  1.2463E-13  3.8064E-13
  9.8351E-05  2.1829E-13  2.1829E-13  6.3827E-13
  1.1526E-04  3.5135E-13  3.5135E-13  9.9233E-13
  1.3232E-04  5.3162E-13  5.3162E-13  1.4583E-12
  1.4954E-04  7.6728E-13  7.6728E-13  2.0536E-12
  1.6691E-04  1.0669E-12  1.0669E-12  2.7960E-12
  1.8443E-04  1.4395E-12  1.4395E-12  3.7043E-12
  2.0212E-04  1.8945E-12  1.8945E-12  4.7980E-12
  2.1996E-04  2.4418E-12  2.4418E-12  6.0975E-12
  2.3796E-04  3.0917E-12  3.0917E-12  7.6242E-12
  2.5612E-04  3.8551E-12  3.8551E-12  9.4003E-12
  2.7445E-04  4.7432E-12  4.7432E-12  1.1449E-11
  2.9294E-04  5.7680E-12  5.7680E-12  1.3795E-11
  3.1159E-04  6.9417E-12  6.9417E-12  1.6463E-11
  3.3042E-04  8.2772E-12  8.2772E-12  1.9481E-11
  3.4941E-04  9.7882E-12  9.7882E-12  2.2874E-11
  3.6857E-04  1.1489E-11  1.1489E-11  2.6674E-11
  3.8791E-04  1.3393E-11  1.3393E-11  3.0909E-11
  4.0742E-04  1.5517E-11  1.5517E-11  3.5611E-11
  4.2710E-04  1.7877E-11  1.7877E-11  4.0812E-11
  4.4696E-04  2.0488E-11  2.0488E-11  4.6547E-11
  4.6700E-04  2.3369E-11  2.3369E-11  5.2851E-11
  4.8722E-04  2.6537E-11  2.6537E-11  5.9761E-11
  5.0762E-04  3.0012E-11  3.0012E-11  6.7315E-11
  5.2820E-04  3.3813E-11  3.3813E-11  7.5554E-11
  5.4896E-04  3.7960E-11  3.7960E-11  8.4519E-11
  5.6992E-04  4.2475E-11  4.2475E-11  9.4252E-11
  5.9106E-04  4.7379E-11  4.7379E-11  1.0480E-10
  6.1239E-04  5.2696E-11  5.2696E-11  1.1621E-10
  6.3391E-04  5.8450E-11  5.8450E-11  1.2853E-10
  6.5563E-04  6.4665E-11  6.4665E-11  1.4181E-10
  6.7754E-04  7.1367E-11  7.1367E-11  1.5610E-10
  6.9965E-04  7.8583E-11  7.8583E-11  1.7146E-10
  7.2195E-04  8.6341E-11  8.6341E-11  1.8794E-10
  7.4446E-04  9.4670E-11  9.4670E-11  2.0560E-10
  7.6716E-04  1.0360E-10  1.0360E-10  2.2451E-10
  7.9007E-04  1.1316E-10  1.1316E-10  2.4473E-10
  8.1319E-04  1.2339E-10  1.2339E-10  2.6631E-10
  8.3652E-04  1.3431E-10  1.3431E-10  2.8934E-10
  8.6005E-04  1.4597E-10  1.4597E-10  3.1388E-10
  8.8379E-04  1.5840E-10  1.5840E-10  3.4000E-10
  9.0775E-04  1.7163E-10  1.7163E-10  3.6779E-10
  9.3192E-04  1.8571E-10  1.8571E-10  3.9731E-10
  9.5631E-04  2.0067E-10  2.0067E-10  4.2866E-10
  9.8092E-04  2.1657E-10  2.1657E-10  4.6191E-10
  1.0057E-03  2.3343E-10  2.3343E-10  4.9716E-10
  1.0308E-03  2.5131E-10  2.5131E-10  5.3449E-10
  1.0561E-03  2.7026E-10  2.7026E-10  5.7401E-10
  1.0816E-03  2.9032E-10  2.9032E-10  6.1579E-10
  1.1073E-03  3.1153E-10  3.1153E-10  6.5996E-10
  1.1333E-03  3.3396E-10  3.3396E-10  7.0661E-10
  1.1595E-03  3.5766E-10  3.5766E-10  7.5585E-10
  1.1859E-03  3.8268E-10  3.8268E-10  8.0780E-10
  1.2126E-03  4.0909E-10  4.0909E-10  8.6257E-10
  1.2395E-03  4.3693E-10  4.3693E-10  9.2028E-10
  1.2666E-03  4.6627E-10  4.6627E-10  9.8105E-10
  1.2940E-03  4.9718E-10  4.9718E-10  1.0450E-09
  1.3217E-03  5.2972E-10  5.2972E-10  1.1123E-09
  1.3495E-03  5.6397E-10  5.6397E-10  1.1831E-09
  1.3777E-03  5.9998E-10  5.9998E-10  1.2574E-09
  1.4061E-03  6.3784E-10  6.3784E-10  1.3356E-09
  1.4347E-03  6.7762E-10  6.7762E-10  1.4176E-09
  1.4636E-03  7.1940E-10  7.1940E-10  1.5037E-09
  1.4928E-03  7.6326E-10  7.6326E-10  1.5940E-09
  1.5222E-03  8.0929E-10  8.0929E-10  1.6888E-09
  1.5519E-03  8.5756E-10  8.5756E-10  1.7881E-09
  1.5818E-03  9.0818E-10  9.0818E-10  1.8922E-09
  1.6120E-03  9.6123E-10  9.6123E-10  2.0012E-09
  1.6425E-03  1.0168E-09  1.0168E-09  2.1153E-09
  1.6733E-03  1.0750E-09  1.0750E-09  2.2348E-09
  1.7043E-03  1.1360E-09  1.1360E-09  2.3598E-09
  1.7357E-03  1.1998E-09  1.1998E-09  2.4906E-09
  1.7673E-03  1.2665E-09  1.2665E-09  2.6273E-09
  1.7992E-03  1.3363E-09  1.3363E-09  2.7703E-09
  1.8313E-03  1.4092E-09  1.4092E-09  2.9196E-09
  1.8638E-03  1.4855E-09  1.4855E-09  3.0757E-09
  1.8965E-03  1.5652E-09  1.5652E-09  3.2387E-09
  1.9296E-03  1.6485E-09  1.6485E-09  3.4089E-09
  1.9629E-03  1.7354E-09  1.7354E-09  3.5865E-09
  1.9966E-03  1.8262E-09  1.8262E-09  3.7719E-09
  2.0305E-03  1.9209E-09  1.9209E-09  3.9653E-09
  2.0647E-03  2.0197E-09  2.0197E-09  4.1670E-09
  2.0993E-03  2.1228E-09  2.1228E-09  4.3773E-09
  2.1342E-03  2.2303E-09  2.2303E-09  4.5965E-09
  2.1693E-03  2.3425E-09  2.3425E-09  4.8250E-09
  2.2048E-03  2.4593E-09  2.4593E-09  5.0631E-09
  2.2406E-03  2.5811E-09  2.5811E-09  5.3111E-09
  2.2768E-03  2.7080E-09  2.7080E-09  5.5694E-09
  2.3132E-03  2.8402E-09  2.8402E-09  5.8384E-09
  2.3500E-03  2.9778E-09  2.9778E-09  6.1184E-09
  2.3871E-03  3.1211E-09  3.1211E-09  6.4098E-09
  2.4246E-03  3.2703E-09  3.2703E-09  6.7131E-09
  2.4623E-03  3.4256E-09  3.4256E-09  7.0286E-09
  2.5005E-03  3.5872E-09  3.5872E-09  7.3568E-09
  2.5389E-03  3.7553E-09  3.7553E-09  7.6981E-09
  2.5777E-03  3.9301E-09  3.9301E-09  8.0530E-09
  2.6169E-03  4.1120E-09  4.1120E-09  8.4220E-09
  2.6564E-03  4.3010E-09  4.3010E-09  8.8055E-09
  2.6963E-03  4.4976E-09  4.4976E-09  9.2040E-09
  2.7365E-03  4.7018E-09  4.7018E-09  9.6181E-09
  2.7771E-03  4.9141E-09  4.9141E-09  1.0048E-08
  2.8180E-03  5.1347E-09  5.1347E-09  1.0495E-08
  2.8593E-03  5.3639E-09  5.3639E-09  1.0959E-08
  2.9010E-03  5.6019E-09  5.6019E-09  1.1441E-08
  2.9430E-03  5.8491E-09  5.8491E-09  1.1941E-08
  2.9855E-03  6.1057E-09  6.1057E-09  1.2461E-08
  3.0283E-03  6.3722E-09  6.3722E-09  1.3000E-08
  3.0715E-03  6.6488E-09  6.6488E-09  1.3559E-08
  3.1151E-03  6.9359E-09  6.9359E-09  1.4139E-08
  3.1591E-03  7.2338E-09  7.2338E-09  1.4741E-08
  3.2034E-03  7.5429E-09  7.5429E-09  1.5366E-08
  3.2482E-03  7.8636E-09  7.8636E-09  1.6013E-08
  3.2934E-03  8.1962E-09  8.1962E-09  1.6685E-08
  3.3389E-03  8.5413E-09  8.5413E-09  1.7381E-08
  3.3849E-03  8.8990E-09  8.8990E-09  1.8103E-08
  3.4313E-03  9.2700E-09  9.2700E-09  1.8852E-08
  3.4781E-03  9.6546E-09  9.6546E-09  1.9627E-08
  3.5254E-03  1.0053E-08  1.0053E-08  2.0431E-08
  3.5730E-03  1.0467E-08  1.0467E-08  2.1264E-08
  3.6211E-03  1.0895E-08  1.0895E-08  2.2127E-08
  3.6696E-03  1.1339E-08  1.1339E-08  2.3021E-08
  3.7186E-03  1.1799E-08  1.1799E-08  2.3948E-08
  3.7680E-03  1.2275E-08  1.2275E-08  2.4907E-08
  3.8178E-03  1.2768E-08  1.2768E-08  2.5900E-08
  3.8681E-03  1.3280E-08  1.3280E-08  2.6929E-08
  3.9188E-03  1.3809E-08  1.3809E-08  2.7994E-08
  3.9700E-03  1.4357E-08  1.4357E-08  2.9097E-08
  4.0217E-03  1.4925E-08  1.4925E-08  3.0238E-08
  4.0738E-03  1.5513E-08  1.5513E-08  3.1420E-08
  4.1264E-03  1.6121E-08  1.6121E-08  3.2643E-08
  4.1794E-03  1.6751E-08  1.6751E-08  3.3908E-08
  4.2329E-03  1.7403E-08  1.7403E-08  3.5217E-08
  4.2869E-03  1.8077E-08  1.8077E-08  3.6572E-08
  4.3414E-03  1.8776E-08  1.8776E-08  3.7974E-08
  4.3964E-03  1.9498E-08  1.9498E-08  3.9424E-08
  4.4519E-03  2.0245E-08  2.0245E-08  4.0924E-08
  4.5079E-03  2.1019E-08  2.1019E-08  4.2475E-08
  4.5643E-03  2.1818E-08  2.1818E-08  4.4080E-08
  4.6213E-03  2.2646E-08  2.2646E-08  4.5739E-08
  4.6788E-03  2.3502E-08  2.3502E-08  4.7454E-08
  4.7368E-03  2.4386E-08  2.4386E-08  4.9228E-08
  4.7953E-03  2.5302E-08  2.5302E-08  5.1062E-08
  4.8544E-03  2.6248E-08  2.6248E-08  5.2958E-08
  4.9140E-03  2.7226E-08  2.7226E-08  5.4917E-08
  4.9741E-03  2.8238E-08  2.8238E-08  5.6943E-08
  5.0347E-03  2.9284E-08  2.9284E-08  5.9036E-08
  5.0959E-03  3.0364E-08  3.0364E-08  6.1199E-08
  5.1577E-03  3.1482E-08  3.1482E-08  6.3435E-08
  5.2200E-03  3.2636E-08  3.2636E-08  6.5744E-08
  5.2829E-03  3.3830E-08  3.3830E-08  6.8131E-08
  5.3463E-03  3.5063E-08  3.5063E-08  7.0597E-08
  5.4103E-03  3.6337E-08  3.6337E-08  7.3144E-08
  5.4748E-03  3.7654E-08  3.7654E-08  7.5775E-08
  5.5400E-03  3.9014E-08  3.9014E-08  7.8493E-08
  5.6057E-03  4.0419E-08  4.0419E-08  8.1300E-08
  5.6720E-03  4.1871E-08  4.1871E-08  8.4199E-08
  5.7390E-03  4.3370E-08  4.3370E-08  8.7193E-08
  5.8065E-03  4.4919E-08  4.4919E-08  9.0284E-08
  5.8746E-03  4.6519E-08  4.6519E-08  9.3476E-08
  5.9433E-03  4.8171E-08  4.8171E-08  9.6772E-08
  6.0127E-03  4.9877E-08  4.9877E-08  1.0018E-07
  6.0827E-03  5.1639E-08  5.1639E-08  1.0369E-07
  6.1533E-03  5.3458E-08  5.3458E-08  1.0731E-07
  6.2245E-03  5.5336E-08  5.5336E-08  1.1106E-07
  6.2964E-03  5.7275E-08  5.7275E-08  1.1492E-07
  6.3689E-03  5.9277E-08  5.9277E-08  1.1891E-07
  6.4421E-03  6.1344E-08  6.1344E-08  1.2303E-07
  6.5159E-03  6.3477E-08  6.3477E-08  1.2727E-07
  6.5904E-03  6.5679E-08  6.5679E-08  1.3166E-07
  6.6656E-03  6.7952E-08  6.7952E-08  1.3618E-07
  6.7414E-03  7.0297E-08  7.0297E-08  1.4085E-07
  6.8179E-03  7.2718E-08  7.2718E-08  1.4566E-07
  6.8951E-03  7.5216E-08  7.5216E-08  1.5063E-07
  6.9730E-03  7.7794E-08  7.7794E-08  1.5576E-07
  7.0516E-03  8.0455E-08  8.0455E-08  1.6105E-07
  7.1309E-03  8.3199E-08  8.3199E-08  1.6650E-07
  7.2109E-03  8.6031E-08  8.6031E-08  1.7213E-07
  7.2916E-03  8.8953E-08  8.8953E-08  1.7793E-07
  7.3731E-03  9.1967E-08  9.1967E-08  1.8392E-07
  7.4552E-03  9.5077E-08  9.5077E-08  1.9009E-07
  7.5381E-03  9.8285E-08  9.8285E-08  1.9646E-07
  7.6218E-03  1.0159E-07  1.0159E-07  2.0302E-07
  7.7062E-03  1.0501E-07  1.0501E-07  2.0979E-07
  7.7914E-03  1.0853E-07  1.0853E-07  2.1678E-07
  7.8773E-03  1.1216E-07  1.1216E-07  2.2398E-07
  7.9640E-03  1.1590E-07  1.1590E-07  2.3140E-07
  8.0515E-03  1.1976E-07  1.1976E-07  2.3905E-07
  8.1398E-03  1.2375E-07  1.2375E-07  2.4694E-07
  8.2288E-03  1.2785E-07  1.2785E-07  2.5507E-07
  8.3187E-03  1.3209E-07  1.3209E-07  2.6346E-07
  8.4094E-03  1.3645E-07  1.3645E-07  2.7210E-07
  8.5008E-03  1.4095E-07  1.4095E-07  2.8101E-07
  8.5931E-03  1.4560E-07  1.4560E-07  2.9020E-07
  8.6863E-03  1.5038E-07  1.5038E-07  2.9966E-07
  8.7802E-03  1.5531E-07  1.5531E-07  3.0942E-07
  8.8750E-03  1.6040E-07  1.6040E-07  3.1948E-07
  8.9707E-03  1.6564E-07  1.6564E-07  3.2984E-07
  9.0672E-03  1.7105E-07  1.7105E-07  3.4052E-07
  9.1646E-03  1.7662E-07  1.7662E-07  3.5152E-07
  9.2628E-03  1.8236E-07  1.8236E-07  3.6286E-07
  9.3620E-03  1.8827E-07  1.8827E-07  3.7455E-07
  9.4620E-03  1.9437E-07  1.9437E-07  3.8659E-07
  9.5629E-03  2.0066E-07  2.0066E-07  3.9899E-07
  9.6647E-03  2.0714E-07  2.0714E-07  4.1177E-07
  9.7675E-03  2.1382E-07  2.1382E-07  4.2494E-07
  9.8711E-03  2.2070E-07  2.2070E-07  4.3851E-07
  9.9757E-03  2.2779E-07  2.2779E-07  4.5249E-07
  1.0081E-02  2.3509E-07  2.3509E-07  4.6688E-07
  1.0188E-02  2.4262E-07  2.4262E-07  4.8172E-07
  1.0295E-02  2.5038E-07  2.5038E-07  4.9699E-07
  1.0404E-02  2.5837E-07  2.5837E-07  5.1273E-07
  1.0513E-02  2.6660E-07  2.6660E-07  5.2894E-07
  1.0623E-02  2.7509E-07  2.7509E-07  5.4563E-07
  1.0735E-02  2.8383E-07  2.8383E-07  5.6283E-07
  1.0847E-02  2.9283E-07  2.9283E-07  5.8054E-07
  1.0960E-02  3.0211E-07  3.0211E-07  5.9878E-07
  1.1075E-02  3.1166E-07  3.1166E-07  6.1756E-07
  1.1190E-02  3.2151E-07  3.2151E-07  6.3691E-07
  1.1307E-02  3.3165E-07  3.3165E-07  6.5683E-07
  1.1424E-02  3.4209E-07  3.4209E-07  6.7734E-07
  1.1543E-02  3.5285E-07  3.5285E-07  6.9846E-07
  1.1662E-02  3.6393E-07  3.6393E-07  7.2021E-07
  1.1783E-02  3.7535E-07  3.7535E-07  7.4261E-07
  1.1905E-02  3.8710E-07  3.8710E-07  7.6566E-07
  1.2027E-02  3.9921E-07  3.9921E-07  7.8940E-07
  1.2151E-02  4.1168E-07  4.1168E-07  8.1385E-07
  1.2276E-02  4.2452E-07  4.2452E-07  8.3901E-07
  1.2403E-02  4.3774E-07  4.3774E-07  8.6492E-07
  1.2530E-02  4.5136E-07  4.5136E-07  8.9159E-07
  1.2658E-02  4.6538E-07  4.6538E-07  9.1904E-07
  1.2788E-02  4.7982E-07  4.7982E-07  9.4731E-07
  1.2919E-02  4.9469E-07  4.9469E-07  9.7640E-07
  1.3051E-02  5.1001E-07  5.1001E-07  1.0064E-06
  1.3184E-02  5.2577E-07  5.2577E-07  1.0372E-06
  1.3318E-02  5.4201E-07  5.4201E-07  1.0689E-06
  1.3454E-02  5.5872E-07  5.5872E-07  1.1016E-06
  1.3590E-02  5.7593E-07  5.7593E-07  1.1352E-06
  1.3728E-02  5.9365E-07  5.9365E-07  1.1698E-06
  1.3867E-02  6.1189E-07  6.1189E-07  1.2054E-06
  1.4008E-02  6.3067E-07  6.3067E-07  1.2420E-06
  1.4150E-02  6.5000E-07  6.5000E-07  1.2798E-06
  1.4293E-02  6.6991E-07  6.6991E-07  1.3186E-06
  1.4437E-02  6.9040E-07  6.9040E-07  1.3585E-06
  1.4582E-02  7.1149E-07  7.1149E-07  1.3996E-06
  1.4729E-02  7.3321E-07  7.3321E-07  1.4419E-06
  1.4877E-02  7.5556E-07  7.5556E-07  1.4854E-06
  1.5027E-02  7.7857E-07  7.7857E-07  1.5302E-06
  1.5178E-02  8.0225E-07  8.0225E-07  1.5763E-06
  1.5330E-02  8.2663E-07  8.2663E-07  1.6237E-06
  1.5484E-02  8.5172E-07  8.5172E-07  1.6725E-06
  1.5638E-02  8.7755E-07  8.7755E-07  1.7227E-06
  1.5795E-02  9.0413E-07  9.0413E-07  1.7744E-06
  1.5953E-02  9.3149E-07  9.3149E-07  1.8275E-06
  1.6112E-02  9.5965E-07  9.5965E-07  1.8822E-06
  1.6272E-02  9.8863E-07  9.8863E-07  1.9384E-06
  1.6434E-02  1.0185E-06  1.0185E-06  1.9963E-06
  1.6598E-02  1.0491E-06  1.0491E-06  2.0558E-06
  1.6763E-02  1.0807E-06  1.0807E-06  2.1171E-06
  1.6929E-02  1.1132E-06  1.1132E-06  2.1801E-06
  1.7097E-02  1.1467E-06  1.1467E-06  2.2449E-06
  1.7267E-02  1.1811E-06  1.1811E-06  2.3116E-06
  1.7437E-02  1.2166E-06  1.2166E-06  2.3801E-06
  1.7610E-02  1.2530E-06  1.2530E-06  2.4507E-06
  1.7784E-02  1.2905E-06  1.2905E-06  2.5232E-06
  1.7960E-02  1.3291E-06  1.3291E-06  2.5979E-06
  1.8137E-02  1.3689E-06  1.3689E-06  2.6746E-06
  1.8315E-02  1.4097E-06  1.4097E-06  2.7536E-06
  1.8496E-02  1.4518E-06  1.4518E-06  2.8348E-06
  1.8678E-02  1.4951E-06  1.4951E-06  2.9183E-06
  1.8861E-02  1.5396E-06  1.5396E-06  3.0042E-06
  1.9047E-02  1.5854E-06  1.5854E-06  3.0926E-06
  1.9234E-02  1.6325E-06  1.6325E-06  3.1834E-06
  1.9422E-02  1.6810E-06  1.6810E-06  3.2769E-06
  1.9612E-02  1.7309E-06  1.7309E-06  3.3730E-06
  1.9804E-02  1.7823E-06  1.7823E-06  3.4718E-06
  1.9998E-02  1.8351E-06  1.8351E-06  3.5734E-06
  2.0194E-02  1.8894E-06  1.8894E-06  3.6779E-06
  2.0391E-02  1.9453E-06  1.9453E-06  3.7854E-06
  2.0590E-02  2.0028E-06  2.0028E-06  3.8959E-06
  2.0791E-02  2.0620E-06  2.0620E-06  4.0095E-06
  2.0993E-02  2.1228E-06  2.1228E-06  4.1264E-06
  2.1198E-02  2.1854E-06  2.1854E-06  4.2465E-06
  2.1404E-02  2.2498E-06  2.2498E-06  4.3700E-06
  2.1612E-02  2.3161E-06  2.3161E-06  4.4971E-06
  2.1822E-02  2.3842E-06  2.3842E-06  4.6277E-06
  2.2034E-02  2.4543E-06  2.4543E-06  4.7620E-06
  2.2247E-02  2.5264E-06  2.5264E-06  4.9000E-06
  2.2463E-02  2.6006E-06  2.6006E-06  5.0420E-06
  2.2680E-02  2.6769E-06  2.6769E-06  5.1879E-06
  2.2900E-02  2.7554E-06  2.7554E-06  5.3379E-06
  2.3121E-02  2.8361E-06  2.8361E-06  5.4922E-06
  2.3345E-02  2.9191E-06  2.9191E-06  5.6508E-06
  2.3570E-02  3.0045E-06  3.0045E-06  5.8138E-06
  2.3798E-02  3.0924E-06  3.0924E-06  5.9814E-06
  2.4027E-02  3.1827E-06  3.1827E-06  6.1537E-06
  2.4259E-02  3.2757E-06  3.2757E-06  6.3308E-06
  2.4493E-02  3.3712E-06  3.3712E-06  6.5129E-06
  2.4729E-02  3.4695E-06  3.4695E-06  6.7000E-06
  2.4966E-02  3.5706E-06  3.5706E-06  6.8924E-06
  2.5206E-02  3.6746E-06  3.6746E-06  7.0902E-06
  2.5449E-02  3.7815E-06  3.7815E-06  7.2935E-06
  2.5693E-02  3.8915E-06  3.8915E-06  7.5024E-06
  2.5940E-02  4.0046E-06  4.0046E-06  7.7172E-06
  2.6188E-02  4.1209E-06  4.1209E-06  7.9380E-06
  2.6439E-02  4.2406E-06  4.2406E-06  8.1649E-06
  2.6693E-02  4.3636E-06  4.3636E-06  8.3981E-06
  2.6948E-02  4.4901E-06  4.4901E-06  8.6378E-06
  2.7206E-02  4.6202E-06  4.6202E-06  8.8842E-06
  2.7466E-02  4.7540E-06  4.7540E-06  9.1374E-06
  2.7728E-02  4.8916E-06  4.8916E-06  9.3977E-06
  2.7993E-02  5.0330E-06  5.0330E-06  9.6651E-06
  2.8260E-02  5.1785E-06  5.1785E-06  9.9400E-06
  2.8530E-02  5.3282E-06  5.3282E-06  1.0223E-05
  2.8802E-02  5.4820E-06  5.4820E-06  1.0513E-05
  2.9076E-02  5.6402E-06  5.6402E-06  1.0811E-05
  2.9353E-02  5.8029E-06  5.8029E-06  1.1118E-05
  2.9633E-02  5.9701E-06  5.9701E-06  1.1433E-05
  2.9915E-02  6.1421E-06  6.1421E-06  1.1757E-05
  3.0199E-02  6.3190E-06  6.3190E-06  1.2089E-05
  3.0486E-02  6.5009E-06  6.5009E-06  1.2431E-05
  3.0776E-02  6.6878E-06  6.6878E-06  1.2783E-05
  3.1068E-02  6.8801E-06  6.8801E-06  1.3144E-05
  3.1363E-02  7.0778E-06  7.0778E-06  1.3515E-05
  3.1660E-02  7.2811E-06  7.2811E-06  1.3896E-05
  3.1960E-02  7.4901E-06  7.4901E-06  1.4288E-05
  3.2263E-02  7.7050E-06  7.7050E-06  1.4690E-05
  3.2568E-02  7.9259E-06  7.9259E-06  1.5104E-05
  3.2877E-02  8.1531E-06  8.1531E-06  1.5529E-05
  3.3188E-02  8.3866E-06  8.3866E-06  1.5965E-05
  3.3501E-02  8.6268E-06  8.6268E-06  1.6414E-05
  3.3818E-02  8.8736E-06  8.8736E-06  1.6875E-05
  3.4137E-02  9.1275E-06  9.1275E-06  1.7348E-05
  3.4460E-02  9.3884E-06  9.3884E-06  1.7835E-05
  3.4785E-02  9.6567E-06  9.6567E-06  1.8335E-05
  3.5113E-02  9.9326E-06  9.9326E-06  1.8848E-05
  3.5444E-02  1.0216E-05  1.0216E-05  1.9376E-05
  3.5778E-02  1.0508E-05  1.0508E-05  1.9918E-05
  3.6115E-02  1.0807E-05  1.0807E-05  2.0475E-05
  3.6455E-02  1.1116E-05  1.1116E-05  2.1047E-05
  3.6798E-02  1.1432E-05  1.1432E-05  2.1635E-05
  3.7145E-02  1.1758E-05  1.1758E-05  2.2238E-05
  3.7494E-02  1.2093E-05  1.2093E-05  2.2859E-05
  3.7846E-02  1.2437E-05  1.2437E-05  2.3496E-05
  3.8202E-02  1.2791E-05  1.2791E-05  2.4150E-05
  3.8561E-02  1.3155E-05  1.3155E-05  2.4822E-05
  3.8923E-02  1.3529E-05  1.3529E-05  2.5513E-05
  3.9288E-02  1.3913E-05  1.3913E-05  2.6222E-05
  3.9656E-02  1.4308E-05  1.4308E-05  2.6951E-05
  4.0028E-02  1.4714E-05  1.4714E-05  2.7700E-05
  4.0403E-02  1.5132E-05  1.5132E-05  2.8468E-05
  4.0782E-02  1.5561E-05  1.5561E-05  2.9258E-05
  4.1164E-02  1.6003E-05  1.6003E-05  3.0069E-05
  4.1549E-02  1.6456E-05  1.6456E-05  3.0902E-05
  4.1938E-02  1.6923E-05  1.6923E-05  3.1758E-05
  4.2330E-02  1.7402E-05  1.7402E-05  3.2637E-05
  4.2726E-02  1.7895E-05  1.7895E-05  3.3540E-05
  4.3125E-02  1.8401E-05  1.8401E-05  3.4467E-05
  4.3528E-02  1.8922E-05  1.8922E-05  3.5419E-05
  4.3935E-02  1.9457E-05  1.9457E-05  3.6397E-05
  4.4345E-02  2.0007E-05  2.0007E-05  3.7401E-05
  4.4759E-02  2.0572E-05  2.0572E-05  3.8433E-05
  4.5177E-02  2.1153E-05  2.1153E-05  3.9492E-05
  4.5598E-02  2.1751E-05  2.1751E-05  4.0580E-05
  4.6023E-02  2.2365E-05  2.2365E-05  4.1698E-05
  4.6452E-02  2.2996E-05  2.2996E-05  4.2845E-05
  4.6885E-02  2.3645E-05  2.3645E-05  4.4023E-05
  4.7322E-02  2.4311E-05  2.4311E-05  4.5234E-05
  4.7762E-02  2.4997E-05  2.4997E-05  4.6476E-05
  4.8207E-02  2.5701E-05  2.5701E-05  4.7752E-05
  4.8655E-02  2.6425E-05  2.6425E-05  4.9063E-05
  4.9108E-02  2.7169E-05  2.7169E-05  5.0408E-05
  4.9565E-02  2.7934E-05  2.7934E-05  5.1790E-05
  5.0025E-02  2.8720E-05  2.8720E-05  5.3209E-05
  5.0490E-02  2.9528E-05  2.9528E-05  5.4666E-05
  5.0959E-02  3.0359E-05  3.0359E-05  5.6162E-05
  5.1432E-02  3.1212E-05  3.1212E-05  5.7698E-05
  5.1910E-02  3.2090E-05  3.2090E-05  5.9275E-05
  5.2392E-02  3.2991E-05  3.2991E-05  6.0895E-05
  5.2878E-02  3.3918E-05  3.3918E-05  6.2558E-05
  5.3368E-02  3.4871E-05  3.4871E-05  6.4265E-05
  5.3863E-02  3.5850E-05  3.5850E-05  6.6018E-05
  5.4362E-02  3.6856E-05  3.6856E-05  6.7818E-05
  5.4866E-02  3.7890E-05  3.7890E-05  6.9666E-05
  5.5374E-02  3.8952E-05  3.8952E-05  7.1563E-05
  5.5887E-02  4.0044E-05  4.0044E-05  7.3511E-05
  5.6405E-02  4.1167E-05  4.1167E-05  7.5511E-05
  5.6927E-02  4.2321E-05  4.2321E-05  7.7564E-05
  5.7454E-02  4.3506E-05  4.3506E-05  7.9672E-05
  5.7985E-02  4.4725E-05  4.4725E-05  8.1836E-05
  5.8521E-02  4.5977E-05  4.5977E-05  8.4058E-05
  5.9063E-02  4.7264E-05  4.7264E-05  8.6338E-05
  5.9608E-02  4.8586E-05  4.8586E-05  8.8679E-05
  6.0159E-02  4.9946E-05  4.9946E-05  9.1083E-05
  6.0715E-02  5.1342E-05  5.1342E-05  9.3550E-05
  6.1276E-02  5.2778E-05  5.2778E-05  9.6083E-05
  6.1842E-02  5.4253E-05  5.4253E-05  9.8683E-05
  6.2413E-02  5.5769E-05  5.5769E-05  1.0135E-04
  6.2989E-02  5.7327E-05  5.7327E-05  1.0409E-04
  6.3570E-02  5.8929E-05  5.8929E-05  1.0690E-04
  6.4156E-02  6.0574E-05  6.0574E-05  1.0979E-04
  6.4748E-02  6.2265E-05  6.2265E-05  1.1275E-04
  6.5345E-02  6.4003E-05  6.4003E-05  1.1580E-04
  6.5947E-02  6.5789E-05  6.5789E-05  1.1892E-04
  6.6555E-02  6.7624E-05  6.7624E-05  1.2212E-04
  6.7168E-02  6.9510E-05  6.9510E-05  1.2541E-04
  6.7787E-02  7.1448E-05  7.1448E-05  1.2879E-04
  6.8411E-02  7.3440E-05  7.3440E-05  1.3225E-04
  6.9041E-02  7.5486E-05  7.5486E-05  1.3581E-04
  6.9676E-02  7.7590E-05  7.7590E-05  1.3946E-04
  7.0317E-02  7.9751E-05  7.9751E-05  1.4320E-04
  7.0964E-02  8.1972E-05  8.1972E-05  1.4705E-04
  7.1617E-02  8.4254E-05  8.4254E-05  1.5100E-04
  7.2275E-02  8.6599E-05  8.6599E-05  1.5505E-04
  7.2940E-02  8.9009E-05  8.9009E-05  1.5920E-04
  7.3610E-02  9.1486E-05  9.1486E-05  1.6347E-04
  7.4287E-02  9.4031E-05  9.4031E-05  1.6784E-04
  7.4969E-02  9.6646E-05  9.6646E-05  1.7234E-04
  7.5658E-02  9.9333E-05  9.9333E-05  1.7695E-04
  7.6353E-02  1.0209E-04  1.0209E-04  1.8168E-04
  7.7054E-02  1.0493E-04  1.0493E-04  1.8653E-04
  7.7761E-02  1.0785E-04  1.0785E-04  1.9151E-04
  7.8475E-02  1.1084E-04  1.1084E-04  1.9663E-04
  7.9195E-02  1.1392E-04  1.1392E-04  2.0187E-04
  7.9922E-02  1.1709E-04  1.1709E-04  2.0725E-04
  8.0655E-02  1.2034E-04  1.2034E-04  2.1278E-04
  8.1394E-02  1.2368E-04  1.2368E-04  2.1845E-04
  8.2141E-02  1.2711E-04  1.2711E-04  2.2426E-04
  8.2894E-02  1.3064E-04  1.3064E-04  2.3023E-04
  8.3654E-02  1.3426E-04  1.3426E-04  2.3635E-04
  8.4420E-02  1.3798E-04  1.3798E-04  2.4264E-04
  8.5194E-02  1.4181E-04  1.4181E-04  2.4908E-04
  8.5974E-02  1.4574E-04  1.4574E-04  2.5570E-04
  8.6761E-02  1.4978E-04  1.4978E-04  2.6248E-04
  8.7556E-02  1.5393E-04  1.5393E-04  2.6944E-04
  8.8357E-02  1.5820E-04  1.5820E-04  2.7659E-04
  8.9166E-02  1.6258E-04  1.6258E-04  2.8392E-04
  8.9982E-02  1.6708E-04  1.6708E-04  2.9144E-04
  9.0806E-02  1.7171E-04  1.7171E-04  2.9915E-04
  9.1636E-02  1.7646E-04  1.7646E-04  3.0706E-04
  9.2475E-02  1.8135E-04  1.8135E-04  3.1518E-04
  9.3320E-02  1.8637E-04  1.8637E-04  3.2351E-04
  9.4174E-02  1.9152E-04  1.9152E-04  3.3206E-04
  9.5035E-02  1.9682E-04  1.9682E-04  3.4082E-04
  9.5903E-02  2.0227E-04  2.0227E-04  3.4982E-04
  9.6780E-02  2.0786E-04  2.0786E-04  3.5904E-04
  9.7664E-02  2.1361E-04  2.1361E-04  3.6851E-04
  9.8556E-02  2.1952E-04  2.1952E-04  3.7821E-04
  9.9457E-02  2.2558E-04  2.2558E-04  3.8817E-04
  1.0036E-01  2.3182E-04  2.3182E-04  3.9839E-04
  1.0128E-01  2.3823E-04  2.3823E-04  4.0886E-04
  1.0221E-01  2.4481E-04  2.4481E-04  4.1961E-04
  1.0314E-01  2.5157E-04  2.5157E-04  4.3064E-04
  1.0408E-01  2.5852E-04  2.5852E-04  4.4194E-04
  1.0503E-01  2.6566E-04  2.6566E-04  4.5354E-04
  1.0599E-01  2.7299E-04  2.7299E-04  4.6544E-04
  1.0696E-01  2.8053E-04  2.8053E-04  4.7764E-04
  1.0793E-01  2.8827E-04  2.8827E-04  4.9016E-04
  1.0892E-01  2.9623E-04  2.9623E-04  5.0299E-04
  1.0991E-01  3.0440E-04  3.0440E-04  5.1616E-04
  1.1091E-01  3.1280E-04  3.1280E-04  5.2966E-04
  1.1192E-01  3.2143E-04  3.2143E-04  5.4351E-04
  1.1294E-01  3.3029E-04  3.3029E-04  5.5771E-04
  1.1397E-01  3.3940E-04  3.3940E-04  5.7227E-04
  1.1501E-01  3.4876E-04  3.4876E-04  5.8721E-04
  1.1606E-01  3.5838E-04  3.5838E-04  6.0253E-04
  1.1712E-01  3.6825E-04  3.6825E-04  6.1824E-04
  1.1818E-01  3.7840E-04  3.7840E-04  6.3435E-04
  1.1926E-01  3.8883E-04  3.8883E-04  6.5087E-04
  1.2035E-01  3.9954E-04  3.9954E-04  6.6781E-04
  1.2144E-01  4.1055E-04  4.1055E-04  6.8519E-04
  1.2255E-01  4.2186E-04  4.2186E-04  7.0300E-04
  1.2366E-01  4.3348E-04  4.3348E-04  7.2127E-04
  1.2479E-01  4.4541E-04  4.4541E-04  7.4001E-04
  1.2592E-01  4.5767E-04  4.5767E-04  7.5922E-04
  1.2707E-01  4.7027E-04  4.7027E-04  7.7891E-04
  1.2823E-01  4.8322E-04  4.8322E-04  7.9911E-04
  1.2939E-01  4.9652E-04  4.9652E-04  8.1982E-04
  1.3057E-01  5.1018E-04  5.1018E-04  8.4106E-04
  1.3176E-01  5.2422E-04  5.2422E-04  8.6283E-04
  1.3295E-01  5.3864E-04  5.3864E-04  8.8515E-04
  1.3416E-01  5.5345E-04  5.5345E-04  9.0804E-04
  1.3538E-01  5.6867E-04  5.6867E-04  9.3151E-04
  1.3661E-01  5.8431E-04  5.8431E-04  9.5557E-04
  1.3786E-01  6.0038E-04  6.0038E-04  9.8023E-04
  1.3911E-01  6.1688E-04  6.1688E-04  1.0055E-03
  1.4037E-01  6.3384E-04  6.3384E-04  1.0315E-03
  1.4165E-01  6.5126E-04  6.5126E-04  1.0580E-03
  1.4293E-01  6.6915E-04  6.6915E-04  1.0853E-03
  1.4423E-01  6.8754E-04  6.8754E-04  1.1132E-03
  1.4554E-01  7.0643E-04  7.0643E-04  1.1419E-03
  1.4687E-01  7.2583E-04  7.2583E-04  1.1712E-03
  1.4820E-01  7.4577E-04  7.4577E-04  1.2013E-03
  1.4954E-01  7.6625E-04  7.6625E-04  1.2322E-03
  1.5090E-01  7.8729E-04  7.8729E-04  1.2638E-03
  1.5227E-01  8.0891E-04  8.0891E-04  1.2962E-03
  1.5365E-01  8.3111E-04  8.3111E-04  1.3295E-03
  1.5505E-01  8.5393E-04  8.5393E-04  1.3635E-03
  1.5646E-01  8.7736E-04  8.7736E-04  1.3984E-03
  1.5788E-01  9.0144E-04  9.0144E-04  1.4342E-03
  1.5931E-01  9.2618E-04  9.2618E-04  1.4709E-03
  1.6075E-01  9.5159E-04  9.5159E-04  1.5085E-03
  1.6221E-01  9.7769E-04  9.7769E-04  1.5471E-03
  1.6368E-01  1.0045E-03  1.0045E-03  1.5866E-03
  1.6517E-01  1.0321E-03  1.0321E-03  1.6271E-03
  1.6667E-01  1.0604E-03  1.0604E-03  1.6686E-03
  1.6818E-01  1.0894E-03  1.0894E-03  1.7111E-03
  1.6970E-01  1.1193E-03  1.1193E-03  1.7547E-03
  1.7124E-01  1.1500E-03  1.1500E-03  1.7994E-03
  1.7279E-01  1.1815E-03  1.1815E-03  1.8452E-03
  1.7436E-01  1.2139E-03  1.2139E-03  1.8922E-03
  1.7594E-01  1.2472E-03  1.2472E-03  1.9403E-03
  1.7753E-01  1.2813E-03  1.2813E-03  1.9895E-03
  1.7914E-01  1.3164E-03  1.3164E-03  2.0401E-03
  1.8077E-01  1.3525E-03  1.3525E-03  2.0918E-03
  1.8240E-01  1.3895E-03  1.3895E-03  2.1449E-03
  1.8406E-01  1.4276E-03  1.4276E-03  2.1993E-03
  1.8572E-01  1.4667E-03  1.4667E-03  2.2550E-03
  1.8741E-01  1.5069E-03  1.5069E-03  2.3121E-03
  1.8910E-01  1.5481E-03  1.5481E-03  2.3706E-03
  1.9082E-01  1.5905E-03  1.5905E-03  2.4305E-03
  1.9255E-01  1.6340E-03  1.6340E-03  2.4920E-03
  1.9429E-01  1.6788E-03  1.6788E-03  2.5549E-03
  1.9605E-01  1.7247E-03  1.7247E-03  2.6194E-03
  1.9782E-01  1.7719E-03  1.7719E-03  2.6855E-03
  1.9961E-01  1.8204E-03  1.8204E-03  2.7533E-03
  2.0142E-01  1.8702E-03  1.8702E-03  2.8227E-03
  2.0324E-01  1.9214E-03  1.9214E-03  2.8938E-03
  2.0508E-01  1.9739E-03  1.9739E-03  2.9666E-03
  2.0694E-01  2.0279E-03  2.0279E-03  3.0413E-03
  2.0881E-01  2.0834E-03  2.0834E-03  3.1177E-03
  2.1070E-01  2.1403E-03  2.1403E-03  3.1961E-03
  2.1261E-01  2.1988E-03  2.1988E-03  3.2764E-03
  2.1453E-01  2.2590E-03  2.2590E-03  3.3586E-03
  2.1647E-01  2.3207E-03  2.3207E-03  3.4429E-03
  2.1843E-01  2.3841E-03  2.3841E-03  3.5292E-03
  2.2041E-01  2.4493E-03  2.4493E-03  3.6177E-03
  2.2240E-01  2.5162E-03  2.5162E-03  3.7083E-03
  2.2441E-01  2.5850E-03  2.5850E-03  3.8012E-03
  2.2644E-01  2.6556E-03  2.6556E-03  3.8963E-03
  2.2849E-01  2.7282E-03  2.7282E-03  3.9937E-03
  2.3056E-01  2.8027E-03  2.8027E-03  4.0935E-03
  2.3264E-01  2.8792E-03  2.8792E-03  4.1958E-03
  2.3474E-01  2.9579E-03  2.9579E-03  4.3005E-03
  2.3687E-01  3.0386E-03  3.0386E-03  4.4078E-03
  2.3901E-01  3.1216E-03  3.1216E-03  4.5178E-03
  2.4117E-01  3.2068E-03  3.2068E-03  4.6304E-03
  2.4335E-01  3.2944E-03  3.2944E-03  4.7457E-03
  2.4555E-01  3.3843E-03  3.3843E-03  4.8639E-03
  2.4777E-01  3.4767E-03  3.4767E-03  4.9849E-03
  2.5000E-01  3.5716E-03  3.5716E-03  5.1089E-03
  2.5226E-01  3.6690E-03  3.6690E-03  5.2359E-03
  2.5454E-01  3.7691E-03  3.7691E-03  5.3660E-03
  2.5684E-01  3.8720E-03  3.8720E-03  5.4993E-03
  2.5916E-01  3.9776E-03  3.9776E-03  5.6358E-03
  2.6150E-01  4.0861E-03  4.0861E-03  5.7756E-03
  2.6387E-01  4.1976E-03  4.1976E-03  5.9188E-03
  2.6625E-01  4.3120E-03  4.3120E-03  6.0655E-03
  2.6865E-01  4.4296E-03  4.4296E-03  6.2157E-03
  2.7108E-01  4.5504E-03  4.5504E-03  6.3696E-03
  2.7353E-01  4.6745E-03  4.6745E-03  6.5272E-03
  2.7600E-01  4.8019E-03  4.8019E-03  6.6887E-03
  2.7849E-01  4.9328E-03  4.9328E-03  6.8540E-03
  2.8101E-01  5.0672E-03  5.0672E-03  7.0234E-03
  2.8354E-01  5.2053E-03  5.2053E-03  7.1968E-03
  2.8610E-01  5.3472E-03  5.3472E-03  7.3745E-03
  2.8869E-01  5.4929E-03  5.4929E-03  7.5564E-03
  2.9129E-01  5.6426E-03  5.6426E-03  7.7428E-03
  2.9392E-01  5.7963E-03  5.7963E-03  7.9336E-03
  2.9658E-01  5.9542E-03  5.9542E-03  8.1291E-03
  2.9925E-01  6.1164E-03  6.1164E-03  8.3293E-03
  3.0195E-01  6.2829E-03  6.2829E-03  8.5343E-03
  3.0468E-01  6.4541E-03  6.4541E-03  8.7443E-03
  3.0743E-01  6.6298E-03  6.6298E-03  8.9594E-03
  3.1020E-01  6.8103E-03  6.8103E-03  9.1797E-03
  3.1300E-01  6.9957E-03  6.9957E-03  9.4053E-03
  3.1583E-01  7.1862E-03  7.1862E-03  9.6363E-03
  3.1868E-01  7.3818E-03  7.3818E-03  9.8729E-03
  3.2155E-01  7.5827E-03  7.5827E-03  1.0115E-02
  3.2445E-01  7.7891E-03  7.7891E-03  1.0363E-02
  3.2738E-01  8.0010E-03  8.0010E-03  1.0618E-02
  3.3033E-01  8.2188E-03  8.2188E-03  1.0878E-02
  3.3331E-01  8.4424E-03  8.4424E-03  1.1144E-02
  3.3632E-01  8.6721E-03  8.6721E-03  1.1417E-02
  3.3935E-01  8.9080E-03  8.9080E-03  1.1697E-02
  3.4241E-01  9.1503E-03  9.1503E-03  1.1983E-02
  3.4550E-01  9.3991E-03  9.3991E-03  1.2277E-02
  3.4862E-01  9.6548E-03  9.6548E-03  1.2577E-02
  3.5176E-01  9.9173E-03  9.9173E-03  1.2885E-02
  3.5493E-01  1.0187E-02  1.0187E-02  1.3200E-02
  3.5813E-01  1.0464E-02  1.0464E-02  1.3522E-02
  3.6136E-01  1.0748E-02  1.0748E-02  1.3853E-02
  3.6462E-01  1.1041E-02  1.1041E-02  1.4191E-02
  3.6791E-01  1.1341E-02  1.1341E-02  1.4537E-02
  3.7123E-01  1.1649E-02  1.1649E-02  1.4892E-02
  3.7457E-01  1.1966E-02  1.1966E-02  1.5256E-02
  3.7795E-01  1.2291E-02  1.2291E-02  1.5628E-02
  3.8136E-01  1.2625E-02  1.2625E-02  1.6009E-02
  3.8479E-01  1.2968E-02  1.2968E-02  1.6400E-02
  3.8826E-01  1.3320E-02  1.3320E-02  1.6800E-02
  3.9176E-01  1.3682E-02  1.3682E-02  1.7209E-02
  3.9529E-01  1.4054E-02  1.4054E-02  1.7629E-02
  3.9886E-01  1.4435E-02  1.4435E-02  1.8059E-02
  4.0245E-01  1.4828E-02  1.4828E-02  1.8499E-02
  4.0608E-01  1.5230E-02  1.5230E-02  1.8949E-02
  4.0974E-01  1.5644E-02  1.5644E-02  1.9411E-02
  4.1343E-01  1.6069E-02  1.6069E-02  1.9884E-02
  4.1715E-01  1.6505E-02  1.6505E-02  2.0368E-02
  4.2091E-01  1.6953E-02  1.6953E-02  2.0864E-02
  4.2471E-01  1.7414E-02  1.7414E-02  2.1372E-02
  4.2853E-01  1.7886E-02  1.7886E-02  2.1893E-02
  4.3239E-01  1.8372E-02  1.8372E-02  2.2426E-02
  4.3629E-01  1.8871E-02  1.8871E-02  2.2972E-02
  4.4022E-01  1.9383E-02  1.9383E-02  2.3531E-02
  4.4418E-01  1.9909E-02  1.9909E-02  2.4105E-02
  4.4819E-01  2.0450E-02  2.0450E-02  2.4692E-02
  4.5222E-01  2.1005E-02  2.1005E-02  2.5293E-02
  4.5630E-01  2.1575E-02  2.1575E-02  2.5909E-02
  4.6041E-01  2.2160E-02  2.2160E-02  2.6540E-02
  4.6455E-01  2.2762E-02  2.2762E-02  2.7186E-02
  4.6874E-01  2.3380E-02  2.3380E-02  2.7849E-02
  4.7296E-01  2.4014E-02  2.4014E-02  2.8527E-02
  4.7722E-01  2.4666E-02  2.4666E-02  2.9223E-02
  4.8152E-01  2.5335E-02  2.5335E-02  2.9935E-02
  4.8585E-01  2.6023E-02  2.6023E-02  3.0665E-02
  4.9023E-01  2.6729E-02  2.6729E-02  3.1413E-02
  4.9464E-01  2.7454E-02  2.7454E-02  3.2179E-02
  4.9910E-01  2.8199E-02  2.8199E-02  3.2964E-02
  5.0359E-01  2.8965E-02  2.8965E-02  3.3768E-02
  5.0812E-01  2.9751E-02  2.9751E-02  3.4593E-02
  5.1270E-01  3.0558E-02  3.0558E-02  3.5437E-02
  5.1731E-01  3.1387E-02  3.1387E-02  3.6303E-02
  5.2197E-01  3.2239E-02  3.2239E-02  3.7190E-02
  5.2667E-01  3.3114E-02  3.3114E-02  3.8099E-02
  5.3141E-01  3.4013E-02  3.4013E-02  3.9031E-02
  5.3620E-01  3.4936E-02  3.4936E-02  3.9986E-02
  5.4102E-01  3.5885E-02  3.5885E-02  4.0965E-02
  5.4589E-01  3.6859E-02  3.6859E-02  4.1969E-02
  5.5081E-01  3.7860E-02  3.7860E-02  4.2997E-02
  5.5577E-01  3.8888E-02  3.8888E-02  4.4051E-02
  5.6077E-01  3.9943E-02  3.9943E-02  4.5132E-02
  5.6582E-01  4.1028E-02  4.1028E-02  4.6240E-02
  5.7091E-01  4.2142E-02  4.2142E-02  4.7376E-02
  5.7605E-01  4.3287E-02  4.3287E-02  4.8540E-02
  5.8123E-01  4.4463E-02  4.4463E-02  4.9734E-02
  5.8646E-01  4.5671E-02  4.5671E-02  5.0958E-02
  5.9174E-01  4.6912E-02  4.6912E-02  5.2214E-02
  5.9706E-01  4.8187E-02  4.8187E-02  5.3501E-02
  6.0244E-01  4.9497E-02  4.9497E-02  5.4821E-02
  6.0786E-01  5.0842E-02  5.0842E-02  5.6174E-02
  6.1333E-01  5.2225E-02  5.2225E-02  5.7562E-02
  6.1885E-01  5.3645E-02  5.3645E-02  5.8986E-02
  6.2442E-01  5.5104E-02  5.5104E-02  6.0447E-02
  6.3003E-01  5.6604E-02  5.6604E-02  6.1945E-02
  6.3570E-01  5.8144E-02  5.8144E-02  6.3481E-02
  6.4142E-01  5.9727E-02  5.9727E-02  6.5058E-02
  6.4719E-01  6.1353E-02  6.1353E-02  6.6675E-02
  6.5302E-01  6.3024E-02  6.3024E-02  6.8334E-02
  6.5889E-01  6.4742E-02  6.4742E-02  7.0037E-02
  6.6482E-01  6.6506E-02  6.6506E-02  7.1784E-02
  6.7080E-01  6.8319E-02  6.8319E-02  7.3577E-02
  6.7683E-01  7.0182E-02  7.0182E-02  7.5417E-02
  6.8292E-01  7.2097E-02  7.2097E-02  7.7306E-02
  6.8907E-01  7.4065E-02  7.4065E-02  7.9245E-02
  6.9526E-01  7.6087E-02  7.6087E-02  8.1235E-02
  7.0152E-01  7.8166E-02  7.8166E-02  8.3278E-02
  7.0783E-01  8.0302E-02  8.0302E-02  8.5376E-02
  7.1420E-01  8.2498E-02  8.2498E-02  8.7530E-02
  7.2062E-01  8.4755E-02  8.4755E-02  8.9742E-02
  7.2710E-01  8.7074E-02  8.7074E-02  9.2014E-02
  7.3364E-01  8.9459E-02  8.9459E-02  9.4348E-02
  7.4024E-01  9.1910E-02  9.1910E-02  9.6745E-02
  7.4690E-01  9.4430E-02  9.4430E-02  9.9209E-02
  7.5361E-01  9.7021E-02  9.7021E-02  1.0174E-01
  7.6039E-01  9.9684E-02  9.9684E-02  1.0434E-01
  7.6723E-01  1.0242E-01  1.0242E-01  1.0701E-01
  7.7413E-01  1.0524E-01  1.0524E-01  1.0976E-01
  7.8109E-01  1.0813E-01  1.0813E-01  1.1259E-01
  7.8811E-01  1.1111E-01  1.1111E-01  1.1549E-01
  7.9520E-01  1.1417E-01  1.1417E-01  1.1848E-01
  8.0235E-01  1.1732E-01  1.1732E-01  1.2155E-01
  8.0957E-01  1.2056E-01  1.2056E-01  1.2471E-01
  8.1685E-01  1.2389E-01  1.2389E-01  1.2796E-01
  8.2419E-01  1.2732E-01  1.2732E-01  1.3131E-01
  8.3160E-01  1.3084E-01  1.3084E-01  1.3475E-01
  8.3908E-01  1.3447E-01  1.3447E-01  1.3829E-01
  8.4662E-01  1.3820E-01  1.3820E-01  1.4193E-01
  8.5424E-01  1.4203E-01  1.4203E-01  1.4568E-01
  8.6192E-01  1.4598E-01  1.4598E-01  1.4954E-01
  8.6967E-01  1.5005E-01  1.5005E-01  1.5352E-01
  8.7748E-01  1.5423E-01  1.5423E-01  1.5761E-01
  8.8537E-01  1.5853E-01  1.5853E-01  1.6182E-01
  8.9333E-01  1.6296E-01  1.6296E-01  1.6616E-01
  9.0136E-01  1.6752E-01  1.6752E-01  1.7062E-01
  9.0947E-01  1.7222E-01  1.7222E-01  1.7522E-01
  9.1764E-01  1.7705E-01  1.7705E-01  1.7995E-01
  9.2589E-01  1.8203E-01  1.8203E-01  1.8483E-01
  9.3422E-01  1.8715E-01  1.8715E-01  1.8986E-01
  9.4261E-01  1.9243E-01  1.9243E-01  1.9503E-01
  9.5109E-01  1.9786E-01  1.9786E-01  2.0036E-01
  9.5964E-01  2.0346E-01  2.0346E-01  2.0586E-01
  9.6826E-01  2.0923E-01  2.0923E-01  2.1152E-01
  9.7697E-01  2.1517E-01  2.1517E-01  2.1736E-01
  9.8575E-01  2.2130E-01  2.2130E-01  2.2338E-01
  9.9461E-01  2.2761E-01  2.2761E-01  2.2958E-01
  1.0035E+00  2.3411E-01  2.3411E-01  2.3598E-01
  1.0126E+00  2.4082E-01  2.4082E-01  2.4257E-01
  1.0217E+00  2.4773E-01  2.4773E-01  2.4937E-01
  1.0309E+00  2.5486E-01  2.5486E-01  2.5639E-01
  1.0401E+00  2.6221E-01  2.6221E-01  2.6363E-01
  1.0495E+00  2.6979E-01  2.6979E-01  2.7110E-01
  1.0589E+00  2.7761E-01  2.7761E-01  2.7881E-01
  1.0684E+00  2.8567E-01  2.8567E-01  2.8677E-01
  1.0780E+00  2.9399E-01  2.9399E-01  2.9498E-01
  1.0877E+00  3.0258E-01  3.0258E-01  3.0346E-01
  1.0975E+00  3.1145E-01  3.1145E-01  3.1222E-01
  1.1073E+00  3.2060E-01  3.2060E-01  3.2127E-01
  1.1173E+00  3.3005E-01  3.3005E-01  3.3061E-01
  1.1273E+00  3.3981E-01  3.3981E-01  3.4027E-01
  1.1375E+00  3.4988E-01  3.4988E-01  3.5024E-01
  1.1477E+00  3.6030E-01  3.6030E-01  3.6056E-01
  1.1580E+00  3.7105E-01  3.7105E-01  3.7122E-01
  1.1684E+00  3.8217E-01  3.8217E-01  3.8224E-01
  1.1789E+00  3.9366E-01  3.9366E-01  3.9365E-01
  1.1895E+00  4.0554E-01  4.0554E-01  4.0544E-01
  1.2002E+00  4.1782E-01  4.1782E-01  4.1764E-01
  1.2110E+00  4.3052E-01  4.3052E-01  4.3026E-01
  1.2218E+00  4.4366E-01  4.4366E-01  4.4333E-01
  1.2328E+00  4.5726E-01  4.5726E-01  4.5686E-01
  1.2439E+00  4.7133E-01  4.7133E-01  4.7086E-01
  1.2551E+00  4.8590E-01  4.8590E-01  4.8536E-01
  1.2664E+00  5.0098E-01  5.0098E-01  5.0039E-01
  1.2777E+00  5.1659E-01  5.1659E-01  5.1595E-01
  1.2892E+00  5.3277E-01  5.3277E-01  5.3208E-01
  1.3008E+00  5.4953E-01  5.4953E-01  5.4880E-01
  1.3125E+00  5.6690E-01  5.6690E-01  5.6614E-01
  1.3243E+00  5.8490E-01  5.8490E-01  5.8411E-01
  1.3362E+00  6.0357E-01  6.0357E-01  6.0275E-01
  1.3482E+00  6.2293E-01  6.2293E-01  6.2209E-01
  1.3603E+00  6.4301E-01  6.4301E-01  6.4216E-01
  1.3725E+00  6.6385E-01  6.6385E-01  6.6300E-01
  1.3848E+00  6.8548E-01  6.8548E-01  6.8462E-01
  1.3973E+00  7.0793E-01  7.0793E-01  7.0708E-01
  1.4098E+00  7.3125E-01  7.3125E-01  7.3041E-01
  1.4225E+00  7.5547E-01  7.5547E-01  7.5464E-01
  1.4353E+00  7.8064E-01  7.8064E-01  7.7983E-01
  1.4482E+00  8.0679E-01  8.0679E-01  8.0600E-01
  1.4612E+00  8.3399E-01  8.3399E-01  8.3322E-01
  1.4743E+00  8.6226E-01  8.6226E-01  8.6153E-01
  1.4876E+00  8.9167E-01  8.9167E-01  8.9098E-01
  1.5009E+00  9.2228E-01  9.2228E-01  9.2162E-01
  1.5144E+00  9.5413E-01  9.5413E-01  9.5351E-01
  1.5280E+00  9.8729E-01  9.8729E-01  9.8671E-01
  1.5417E+00  1.0218E+00  1.0218E+00  1.0213E+00
  1.5556E+00  1.0578E+00  1.0578E+00  1.0573E+00
  1.5695E+00  1.0953E+00  1.0953E+00  1.0948E+00
  1.5836E+00  1.1343E+00  1.1343E+00  1.1339E+00
  1.5979E+00  1.1751E+00  1.1751E+00  1.1747E+00
  1.6122E+00  1.2175E+00  1.2175E+00  1.2172E+00
  1.6267E+00  1.2618E+00  1.2618E+00  1.2616E+00
  1.6413E+00  1.3081E+00  1.3081E+00  1.3079E+00
  1.6561E+00  1.3563E+00  1.3563E+00  1.3562E+00
  1.6709E+00  1.4067E+00  1.4067E+00  1.4066E+00
  1.6859E+00  1.4594E+00  1.4594E+00  1.4593E+00
  1.7011E+00  1.5143E+00  1.5143E+00  1.5143E+00
  1.7164E+00  1.5718E+00  1.5718E+00  1.5718E+00
  1.7318E+00  1.6319E+00  1.6319E+00  1.6320E+00
  1.7473E+00  1.6947E+00  1.6947E+00  1.6948E+00
  1.7630E+00  1.7603E+00  1.7603E+00  1.7606E+00
  1.7789E+00  1.8291E+00  1.8291E+00  1.8293E+00
  1.7948E+00  1.9010E+00  1.9010E+00  1.9013E+00
  1.8110E+00  1.9764E+00  1.9764E+00  1.9767E+00
  1.8272E+00  2.0552E+00  2.0552E+00  2.0557E+00
  1.8436E+00  2.1379E+00  2.1379E+00  2.1384E+00
  1.8602E+00  2.2245E+00  2.2245E+00  2.2250E+00
