 # l=           2 energy=  -5.0000000000000000     
  0.0000E+00  0.0000E+00  0.0000E+00 -0.0000E+00
  5.0071E-06  2.0552E-17 -5.5895E-14 -7.2482E-14
  1.0085E-05  1.6794E-16 -3.5281E-13 -4.5751E-13
  1.5236E-05  5.7900E-16 -1.0452E-12 -1.3554E-12
  2.0459E-05  1.4020E-15 -2.2721E-12 -2.9460E-12
  2.5757E-05  2.7975E-15 -4.1680E-12 -5.4041E-12
  3.1130E-05  4.9388E-15 -6.8678E-12 -8.9047E-12
  3.6579E-05  8.0129E-15 -1.0509E-11 -1.3626E-11
  4.2106E-05  1.2221E-14 -1.5233E-11 -1.9752E-11
  4.7711E-05  1.7780E-14 -2.1186E-11 -2.7471E-11
  5.3395E-05  2.4923E-14 -2.8520E-11 -3.6982E-11
  5.9161E-05  3.3900E-14 -3.7394E-11 -4.8489E-11
  6.5008E-05  4.4978E-14 -4.7973E-11 -6.2208E-11
  7.0939E-05  5.8444E-14 -6.0431E-11 -7.8364E-11
  7.6953E-05  7.4606E-14 -7.4950E-11 -9.7194E-11
  8.3053E-05  9.3792E-14 -9.1721E-11 -1.1894E-10
  8.9240E-05  1.1635E-13 -1.1094E-10 -1.4387E-10
  9.5514E-05  1.4266E-13 -1.3283E-10 -1.7226E-10
  1.0188E-04  1.7312E-13 -1.5760E-10 -2.0438E-10
  1.0833E-04  2.0814E-13 -1.8548E-10 -2.4054E-10
  1.1488E-04  2.4820E-13 -2.1672E-10 -2.8106E-10
  1.2152E-04  2.9376E-13 -2.5158E-10 -3.2627E-10
  1.2825E-04  3.4535E-13 -2.9032E-10 -3.7652E-10
  1.3508E-04  4.0350E-13 -3.3323E-10 -4.3218E-10
  1.4200E-04  4.6880E-13 -3.8061E-10 -4.9362E-10
  1.4903E-04  5.4187E-13 -4.3276E-10 -5.6127E-10
  1.5615E-04  6.2334E-13 -4.9003E-10 -6.3554E-10
  1.6338E-04  7.1393E-13 -5.5274E-10 -7.1688E-10
  1.7070E-04  8.1436E-13 -6.2126E-10 -8.0576E-10
  1.7813E-04  9.2542E-13 -6.9598E-10 -9.0268E-10
  1.8567E-04  1.0479E-12 -7.7730E-10 -1.0082E-09
  1.9332E-04  1.1828E-12 -8.6563E-10 -1.1227E-09
  2.0107E-04  1.3308E-12 -9.6142E-10 -1.2470E-09
  2.0893E-04  1.4931E-12 -1.0651E-09 -1.3815E-09
  2.1691E-04  1.6707E-12 -1.1772E-09 -1.5269E-09
  2.2499E-04  1.8647E-12 -1.2983E-09 -1.6839E-09
  2.3320E-04  2.0761E-12 -1.4287E-09 -1.8532E-09
  2.4151E-04  2.3063E-12 -1.5692E-09 -2.0354E-09
  2.4995E-04  2.5566E-12 -1.7203E-09 -2.2314E-09
  2.5851E-04  2.8283E-12 -1.8826E-09 -2.4420E-09
  2.6719E-04  3.1228E-12 -2.0568E-09 -2.6679E-09
  2.7599E-04  3.4417E-12 -2.2436E-09 -2.9102E-09
  2.8492E-04  3.7866E-12 -2.4436E-09 -3.1696E-09
  2.9397E-04  4.1591E-12 -2.6576E-09 -3.4473E-09
  3.0315E-04  4.5611E-12 -2.8864E-09 -3.7441E-09
  3.1246E-04  4.9945E-12 -3.1309E-09 -4.0612E-09
  3.2191E-04  5.4613E-12 -3.3918E-09 -4.3997E-09
  3.3149E-04  5.9634E-12 -3.6701E-09 -4.7608E-09
  3.4120E-04  6.5033E-12 -3.9668E-09 -5.1457E-09
  3.5106E-04  7.0831E-12 -4.2828E-09 -5.5556E-09
  3.6105E-04  7.7053E-12 -4.6192E-09 -5.9920E-09
  3.7118E-04  8.3726E-12 -4.9770E-09 -6.4562E-09
  3.8146E-04  9.0876E-12 -5.3574E-09 -6.9497E-09
  3.9189E-04  9.8532E-12 -5.7617E-09 -7.4742E-09
  4.0246E-04  1.0672E-11 -6.1910E-09 -8.0311E-09
  4.1318E-04  1.1548E-11 -6.6466E-09 -8.6223E-09
  4.2406E-04  1.2484E-11 -7.1300E-09 -9.2494E-09
  4.3509E-04  1.3484E-11 -7.6426E-09 -9.9145E-09
  4.4627E-04  1.4551E-11 -8.1859E-09 -1.0619E-08
  4.5762E-04  1.5689E-11 -8.7614E-09 -1.1366E-08
  4.6913E-04  1.6903E-11 -9.3709E-09 -1.2157E-08
  4.8080E-04  1.8196E-11 -1.0016E-08 -1.2994E-08
  4.9263E-04  1.9573E-11 -1.0699E-08 -1.3879E-08
  5.0463E-04  2.1039E-11 -1.1420E-08 -1.4816E-08
  5.1681E-04  2.2599E-11 -1.2184E-08 -1.5806E-08
  5.2916E-04  2.4257E-11 -1.2990E-08 -1.6853E-08
  5.4168E-04  2.6021E-11 -1.3843E-08 -1.7958E-08
  5.5438E-04  2.7894E-11 -1.4743E-08 -1.9126E-08
  5.6726E-04  2.9884E-11 -1.5693E-08 -2.0359E-08
  5.8032E-04  3.1996E-11 -1.6696E-08 -2.1660E-08
  5.9357E-04  3.4238E-11 -1.7754E-08 -2.3033E-08
  6.0701E-04  3.6617E-11 -1.8870E-08 -2.4482E-08
  6.2064E-04  3.9139E-11 -2.0047E-08 -2.6009E-08
  6.3446E-04  4.1812E-11 -2.1288E-08 -2.7619E-08
  6.4848E-04  4.4645E-11 -2.2596E-08 -2.9316E-08
  6.6269E-04  4.7646E-11 -2.3974E-08 -3.1104E-08
  6.7711E-04  5.0825E-11 -2.5426E-08 -3.2987E-08
  6.9174E-04  5.4189E-11 -2.6954E-08 -3.4971E-08
  7.0657E-04  5.7750E-11 -2.8564E-08 -3.7059E-08
  7.2161E-04  6.1517E-11 -3.0258E-08 -3.9258E-08
  7.3686E-04  6.5502E-11 -3.2041E-08 -4.1571E-08
  7.5234E-04  6.9715E-11 -3.3917E-08 -4.4005E-08
  7.6803E-04  7.4169E-11 -3.5891E-08 -4.6566E-08
  7.8394E-04  7.8876E-11 -3.7966E-08 -4.9259E-08
  8.0008E-04  8.3849E-11 -4.0149E-08 -5.2091E-08
  8.1645E-04  8.9102E-11 -4.2443E-08 -5.5068E-08
  8.3306E-04  9.4649E-11 -4.4855E-08 -5.8198E-08
  8.4989E-04  1.0051E-10 -4.7389E-08 -6.1487E-08
  8.6697E-04  1.0669E-10 -5.0052E-08 -6.4942E-08
  8.8429E-04  1.1321E-10 -5.2850E-08 -6.8572E-08
  9.0186E-04  1.2009E-10 -5.5788E-08 -7.2385E-08
  9.1967E-04  1.2735E-10 -5.8874E-08 -7.6390E-08
  9.3774E-04  1.3500E-10 -6.2114E-08 -8.0595E-08
  9.5607E-04  1.4307E-10 -6.5516E-08 -8.5009E-08
  9.7465E-04  1.5158E-10 -6.9087E-08 -8.9643E-08
  9.9350E-04  1.6055E-10 -7.2835E-08 -9.4506E-08
  1.0126E-03  1.6999E-10 -7.6768E-08 -9.9609E-08
  1.0320E-03  1.7995E-10 -8.0894E-08 -1.0496E-07
  1.0517E-03  1.9043E-10 -8.5223E-08 -1.1058E-07
  1.0716E-03  2.0147E-10 -8.9763E-08 -1.1647E-07
  1.0918E-03  2.1309E-10 -9.4526E-08 -1.2265E-07
  1.1124E-03  2.2533E-10 -9.9520E-08 -1.2913E-07
  1.1332E-03  2.3821E-10 -1.0476E-07 -1.3593E-07
  1.1543E-03  2.5177E-10 -1.1025E-07 -1.4305E-07
  1.1757E-03  2.6604E-10 -1.1600E-07 -1.5052E-07
  1.1974E-03  2.8104E-10 -1.2203E-07 -1.5835E-07
  1.2194E-03  2.9683E-10 -1.2835E-07 -1.6655E-07
  1.2417E-03  3.1343E-10 -1.3498E-07 -1.7515E-07
  1.2643E-03  3.3089E-10 -1.4192E-07 -1.8416E-07
  1.2873E-03  3.4925E-10 -1.4919E-07 -1.9359E-07
  1.3106E-03  3.6855E-10 -1.5681E-07 -2.0348E-07
  1.3342E-03  3.8884E-10 -1.6479E-07 -2.1384E-07
  1.3582E-03  4.1017E-10 -1.7315E-07 -2.2468E-07
  1.3825E-03  4.3257E-10 -1.8190E-07 -2.3604E-07
  1.4071E-03  4.5612E-10 -1.9107E-07 -2.4794E-07
  1.4321E-03  4.8086E-10 -2.0066E-07 -2.6039E-07
  1.4574E-03  5.0684E-10 -2.1071E-07 -2.7343E-07
  1.4832E-03  5.3414E-10 -2.2123E-07 -2.8708E-07
  1.5092E-03  5.6280E-10 -2.3224E-07 -3.0137E-07
  1.5357E-03  5.9291E-10 -2.4376E-07 -3.1632E-07
  1.5625E-03  6.2451E-10 -2.5582E-07 -3.3198E-07
  1.5897E-03  6.5770E-10 -2.6845E-07 -3.4836E-07
  1.6173E-03  6.9253E-10 -2.8165E-07 -3.6550E-07
  1.6452E-03  7.2909E-10 -2.9547E-07 -3.8344E-07
  1.6736E-03  7.6747E-10 -3.0993E-07 -4.0220E-07
  1.7024E-03  8.0774E-10 -3.2506E-07 -4.2183E-07
  1.7316E-03  8.5000E-10 -3.4088E-07 -4.4237E-07
  1.7612E-03  8.9434E-10 -3.5744E-07 -4.6385E-07
  1.7912E-03  9.4086E-10 -3.7475E-07 -4.8632E-07
  1.8216E-03  9.8965E-10 -3.9286E-07 -5.0982E-07
  1.8525E-03  1.0408E-09 -4.1179E-07 -5.3440E-07
  1.8838E-03  1.0945E-09 -4.3160E-07 -5.6010E-07
  1.9156E-03  1.1508E-09 -4.5230E-07 -5.8698E-07
  1.9478E-03  1.2099E-09 -4.7395E-07 -6.1508E-07
  1.9805E-03  1.2718E-09 -4.9659E-07 -6.4445E-07
  2.0136E-03  1.3367E-09 -5.2025E-07 -6.7517E-07
  2.0472E-03  1.4047E-09 -5.4499E-07 -7.0727E-07
  2.0813E-03  1.4760E-09 -5.7085E-07 -7.4084E-07
  2.1159E-03  1.5508E-09 -5.9788E-07 -7.7592E-07
  2.1509E-03  1.6292E-09 -6.2613E-07 -8.1259E-07
  2.1865E-03  1.7113E-09 -6.5566E-07 -8.5091E-07
  2.2225E-03  1.7974E-09 -6.8652E-07 -8.9096E-07
  2.2591E-03  1.8876E-09 -7.1876E-07 -9.3281E-07
  2.2962E-03  1.9821E-09 -7.5246E-07 -9.7654E-07
  2.3338E-03  2.0811E-09 -7.8767E-07 -1.0222E-06
  2.3720E-03  2.1849E-09 -8.2445E-07 -1.0700E-06
  2.4107E-03  2.2935E-09 -8.6289E-07 -1.1199E-06
  2.4499E-03  2.4074E-09 -9.0304E-07 -1.1720E-06
  2.4897E-03  2.5266E-09 -9.4499E-07 -1.2264E-06
  2.5301E-03  2.6515E-09 -9.8880E-07 -1.2833E-06
  2.5710E-03  2.7823E-09 -1.0346E-06 -1.3427E-06
  2.6125E-03  2.9193E-09 -1.0824E-06 -1.4048E-06
  2.6547E-03  3.0628E-09 -1.1323E-06 -1.4696E-06
  2.6974E-03  3.2130E-09 -1.1845E-06 -1.5373E-06
  2.7407E-03  3.3703E-09 -1.2389E-06 -1.6080E-06
  2.7846E-03  3.5350E-09 -1.2958E-06 -1.6818E-06
  2.8292E-03  3.7074E-09 -1.3552E-06 -1.7589E-06
  2.8744E-03  3.8879E-09 -1.4172E-06 -1.8394E-06
  2.9202E-03  4.0768E-09 -1.4820E-06 -1.9234E-06
  2.9667E-03  4.2746E-09 -1.5496E-06 -2.0112E-06
  3.0138E-03  4.4816E-09 -1.6202E-06 -2.1028E-06
  3.0616E-03  4.6983E-09 -1.6939E-06 -2.1985E-06
  3.1101E-03  4.9251E-09 -1.7708E-06 -2.2984E-06
  3.1593E-03  5.1625E-09 -1.8512E-06 -2.4026E-06
  3.2092E-03  5.4108E-09 -1.9350E-06 -2.5115E-06
  3.2597E-03  5.6708E-09 -2.0225E-06 -2.6251E-06
  3.3110E-03  5.9427E-09 -2.1139E-06 -2.7436E-06
  3.3631E-03  6.2273E-09 -2.2092E-06 -2.8674E-06
  3.4159E-03  6.5251E-09 -2.3088E-06 -2.9966E-06
  3.4694E-03  6.8366E-09 -2.4126E-06 -3.1314E-06
  3.5236E-03  7.1626E-09 -2.5210E-06 -3.2721E-06
  3.5787E-03  7.5035E-09 -2.6342E-06 -3.4190E-06
  3.6345E-03  7.8602E-09 -2.7522E-06 -3.5722E-06
  3.6912E-03  8.2334E-09 -2.8754E-06 -3.7321E-06
  3.7486E-03  8.6237E-09 -3.0039E-06 -3.8990E-06
  3.8068E-03  9.0319E-09 -3.1380E-06 -4.0730E-06
  3.8659E-03  9.4590E-09 -3.2780E-06 -4.2547E-06
  3.9258E-03  9.9056E-09 -3.4240E-06 -4.4442E-06
  3.9866E-03  1.0373E-08 -3.5763E-06 -4.6419E-06
  4.0482E-03  1.0861E-08 -3.7352E-06 -4.8482E-06
  4.1107E-03  1.1372E-08 -3.9010E-06 -5.0634E-06
  4.1741E-03  1.1906E-08 -4.0739E-06 -5.2879E-06
  4.2384E-03  1.2465E-08 -4.2543E-06 -5.5220E-06
  4.3036E-03  1.3049E-08 -4.4425E-06 -5.7663E-06
  4.3697E-03  1.3660E-08 -4.6388E-06 -6.0211E-06
  4.4368E-03  1.4299E-08 -4.8435E-06 -6.2868E-06
  4.5048E-03  1.4966E-08 -5.0570E-06 -6.5640E-06
  4.5738E-03  1.5664E-08 -5.2797E-06 -6.8531E-06
  4.6438E-03  1.6394E-08 -5.5119E-06 -7.1545E-06
  4.7147E-03  1.7157E-08 -5.7541E-06 -7.4689E-06
  4.7867E-03  1.7955E-08 -6.0067E-06 -7.7968E-06
  4.8597E-03  1.8789E-08 -6.2701E-06 -8.1387E-06
  4.9337E-03  1.9661E-08 -6.5447E-06 -8.4952E-06
  5.0088E-03  2.0572E-08 -6.8311E-06 -8.8670E-06
  5.0849E-03  2.1525E-08 -7.1297E-06 -9.2546E-06
  5.1621E-03  2.2520E-08 -7.4410E-06 -9.6587E-06
  5.2405E-03  2.3561E-08 -7.7656E-06 -1.0080E-05
  5.3199E-03  2.4649E-08 -8.1040E-06 -1.0519E-05
  5.4004E-03  2.5785E-08 -8.4568E-06 -1.0977E-05
  5.4822E-03  2.6974E-08 -8.8246E-06 -1.1455E-05
  5.5650E-03  2.8215E-08 -9.2080E-06 -1.1953E-05
  5.6491E-03  2.9513E-08 -9.6077E-06 -1.2471E-05
  5.7343E-03  3.0869E-08 -1.0024E-05 -1.3012E-05
  5.8207E-03  3.2286E-08 -1.0459E-05 -1.3576E-05
  5.9084E-03  3.3767E-08 -1.0911E-05 -1.4164E-05
  5.9973E-03  3.5315E-08 -1.1383E-05 -1.4776E-05
  6.0875E-03  3.6932E-08 -1.1875E-05 -1.5414E-05
  6.1790E-03  3.8622E-08 -1.2387E-05 -1.6080E-05
  6.2718E-03  4.0387E-08 -1.2921E-05 -1.6773E-05
  6.3658E-03  4.2232E-08 -1.3478E-05 -1.7495E-05
  6.4612E-03  4.4160E-08 -1.4057E-05 -1.8248E-05
  6.5580E-03  4.6174E-08 -1.4662E-05 -1.9033E-05
  6.6562E-03  4.8278E-08 -1.5291E-05 -1.9850E-05
  6.7557E-03  5.0477E-08 -1.5948E-05 -2.0702E-05
  6.8567E-03  5.2773E-08 -1.6631E-05 -2.1589E-05
  6.9590E-03  5.5173E-08 -1.7344E-05 -2.2514E-05
  7.0629E-03  5.7680E-08 -1.8086E-05 -2.3478E-05
  7.1682E-03  6.0299E-08 -1.8859E-05 -2.4481E-05
  7.2750E-03  6.3034E-08 -1.9664E-05 -2.5527E-05
  7.3833E-03  6.5892E-08 -2.0503E-05 -2.6616E-05
  7.4932E-03  6.8878E-08 -2.1377E-05 -2.7751E-05
  7.6046E-03  7.1996E-08 -2.2288E-05 -2.8933E-05
  7.7176E-03  7.5254E-08 -2.3236E-05 -3.0164E-05
  7.8323E-03  7.8656E-08 -2.4224E-05 -3.1446E-05
  7.9485E-03  8.2211E-08 -2.5252E-05 -3.2782E-05
  8.0664E-03  8.5923E-08 -2.6324E-05 -3.4173E-05
  8.1860E-03  8.9801E-08 -2.7440E-05 -3.5622E-05
  8.3072E-03  9.3851E-08 -2.8602E-05 -3.7130E-05
  8.4302E-03  9.8081E-08 -2.9812E-05 -3.8702E-05
  8.5550E-03  1.0250E-07 -3.1072E-05 -4.0338E-05
  8.6815E-03  1.0711E-07 -3.2384E-05 -4.2041E-05
  8.8098E-03  1.1193E-07 -3.3751E-05 -4.3815E-05
  8.9399E-03  1.1697E-07 -3.5173E-05 -4.5662E-05
  9.0719E-03  1.2222E-07 -3.6655E-05 -4.7586E-05
  9.2057E-03  1.2771E-07 -3.8197E-05 -4.9588E-05
  9.3415E-03  1.3345E-07 -3.9802E-05 -5.1672E-05
  9.4791E-03  1.3943E-07 -4.1474E-05 -5.3842E-05
  9.6188E-03  1.4569E-07 -4.3213E-05 -5.6101E-05
  9.7604E-03  1.5222E-07 -4.5025E-05 -5.8453E-05
  9.9040E-03  1.5904E-07 -4.6910E-05 -6.0900E-05
  1.0050E-02  1.6616E-07 -4.8872E-05 -6.3448E-05
  1.0197E-02  1.7359E-07 -5.0915E-05 -6.6100E-05
  1.0347E-02  1.8136E-07 -5.3040E-05 -6.8860E-05
  1.0499E-02  1.8946E-07 -5.5252E-05 -7.1732E-05
  1.0653E-02  1.9793E-07 -5.7555E-05 -7.4721E-05
  1.0810E-02  2.0677E-07 -5.9950E-05 -7.7832E-05
  1.0968E-02  2.1600E-07 -6.2443E-05 -8.1069E-05
  1.1129E-02  2.2564E-07 -6.5037E-05 -8.4437E-05
  1.1292E-02  2.3570E-07 -6.7736E-05 -8.7941E-05
  1.1457E-02  2.4621E-07 -7.0545E-05 -9.1588E-05
  1.1625E-02  2.5718E-07 -7.3466E-05 -9.5381E-05
  1.1795E-02  2.6864E-07 -7.6506E-05 -9.9328E-05
  1.1968E-02  2.8060E-07 -7.9668E-05 -1.0343E-04
  1.2143E-02  2.9308E-07 -8.2957E-05 -1.0770E-04
  1.2320E-02  3.0612E-07 -8.6379E-05 -1.1215E-04
  1.2500E-02  3.1973E-07 -8.9938E-05 -1.1677E-04
  1.2683E-02  3.3395E-07 -9.3639E-05 -1.2157E-04
  1.2868E-02  3.4878E-07 -9.7489E-05 -1.2657E-04
  1.3056E-02  3.6427E-07 -1.0149E-04 -1.3177E-04
  1.3246E-02  3.8044E-07 -1.0566E-04 -1.3718E-04
  1.3439E-02  3.9733E-07 -1.0999E-04 -1.4280E-04
  1.3635E-02  4.1495E-07 -1.1449E-04 -1.4865E-04
  1.3834E-02  4.3335E-07 -1.1917E-04 -1.5473E-04
  1.4035E-02  4.5256E-07 -1.2404E-04 -1.6105E-04
  1.4239E-02  4.7262E-07 -1.2910E-04 -1.6762E-04
  1.4447E-02  4.9355E-07 -1.3436E-04 -1.7445E-04
  1.4657E-02  5.1541E-07 -1.3983E-04 -1.8155E-04
  1.4870E-02  5.3822E-07 -1.4551E-04 -1.8893E-04
  1.5086E-02  5.6203E-07 -1.5142E-04 -1.9660E-04
  1.5306E-02  5.8690E-07 -1.5756E-04 -2.0458E-04
  1.5528E-02  6.1285E-07 -1.6394E-04 -2.1287E-04
  1.5753E-02  6.3994E-07 -1.7058E-04 -2.2148E-04
  1.5982E-02  6.6822E-07 -1.7747E-04 -2.3043E-04
  1.6214E-02  6.9774E-07 -1.8463E-04 -2.3973E-04
  1.6449E-02  7.2855E-07 -1.9208E-04 -2.4940E-04
  1.6688E-02  7.6071E-07 -1.9981E-04 -2.5944E-04
  1.6930E-02  7.9429E-07 -2.0785E-04 -2.6988E-04
  1.7176E-02  8.2933E-07 -2.1619E-04 -2.8072E-04
  1.7425E-02  8.6591E-07 -2.2486E-04 -2.9198E-04
  1.7677E-02  9.0409E-07 -2.3387E-04 -3.0367E-04
  1.7933E-02  9.4395E-07 -2.4323E-04 -3.1582E-04
  1.8193E-02  9.8555E-07 -2.5294E-04 -3.2844E-04
  1.8456E-02  1.0290E-06 -2.6303E-04 -3.4154E-04
  1.8723E-02  1.0743E-06 -2.7351E-04 -3.5515E-04
  1.8994E-02  1.1216E-06 -2.8440E-04 -3.6929E-04
  1.9269E-02  1.1710E-06 -2.9569E-04 -3.8396E-04
  1.9548E-02  1.2225E-06 -3.0743E-04 -3.9919E-04
  1.9830E-02  1.2763E-06 -3.1961E-04 -4.1501E-04
  2.0117E-02  1.3324E-06 -3.3225E-04 -4.3143E-04
  2.0408E-02  1.3910E-06 -3.4537E-04 -4.4848E-04
  2.0702E-02  1.4522E-06 -3.5900E-04 -4.6617E-04
  2.1001E-02  1.5160E-06 -3.7314E-04 -4.8453E-04
  2.1305E-02  1.5826E-06 -3.8781E-04 -5.0359E-04
  2.1612E-02  1.6521E-06 -4.0304E-04 -5.2337E-04
  2.1924E-02  1.7247E-06 -4.1884E-04 -5.4389E-04
  2.2241E-02  1.8004E-06 -4.3523E-04 -5.6518E-04
  2.2562E-02  1.8794E-06 -4.5224E-04 -5.8727E-04
  2.2887E-02  1.9619E-06 -4.6989E-04 -6.1019E-04
  2.3217E-02  2.0480E-06 -4.8820E-04 -6.3397E-04
  2.3552E-02  2.1378E-06 -5.0718E-04 -6.5863E-04
  2.3891E-02  2.2316E-06 -5.2688E-04 -6.8420E-04
  2.4236E-02  2.3295E-06 -5.4730E-04 -7.1073E-04
  2.4585E-02  2.4316E-06 -5.6848E-04 -7.3823E-04
  2.4939E-02  2.5382E-06 -5.9044E-04 -7.6676E-04
  2.5298E-02  2.6494E-06 -6.1321E-04 -7.9633E-04
  2.5662E-02  2.7654E-06 -6.3681E-04 -8.2699E-04
  2.6032E-02  2.8866E-06 -6.6128E-04 -8.5877E-04
  2.6407E-02  3.0130E-06 -6.8664E-04 -8.9171E-04
  2.6787E-02  3.1449E-06 -7.1293E-04 -9.2586E-04
  2.7172E-02  3.2826E-06 -7.4018E-04 -9.6124E-04
  2.7563E-02  3.4262E-06 -7.6841E-04 -9.9791E-04
  2.7959E-02  3.5762E-06 -7.9766E-04 -1.0359E-03
  2.8362E-02  3.7326E-06 -8.2797E-04 -1.0753E-03
  2.8769E-02  3.8959E-06 -8.5937E-04 -1.1161E-03
  2.9183E-02  4.0663E-06 -8.9189E-04 -1.1583E-03
  2.9602E-02  4.2440E-06 -9.2558E-04 -1.2021E-03
  3.0028E-02  4.4296E-06 -9.6047E-04 -1.2474E-03
  3.0459E-02  4.6232E-06 -9.9660E-04 -1.2943E-03
  3.0897E-02  4.8252E-06 -1.0340E-03 -1.3429E-03
  3.1341E-02  5.0361E-06 -1.0727E-03 -1.3932E-03
  3.1791E-02  5.2561E-06 -1.1128E-03 -1.4453E-03
  3.2247E-02  5.4856E-06 -1.1543E-03 -1.4992E-03
  3.2710E-02  5.7252E-06 -1.1973E-03 -1.5550E-03
  3.3180E-02  5.9751E-06 -1.2417E-03 -1.6128E-03
  3.3656E-02  6.2360E-06 -1.2878E-03 -1.6725E-03
  3.4139E-02  6.5082E-06 -1.3353E-03 -1.7343E-03
  3.4629E-02  6.7922E-06 -1.3846E-03 -1.7983E-03
  3.5126E-02  7.0886E-06 -1.4355E-03 -1.8645E-03
  3.5630E-02  7.3978E-06 -1.4882E-03 -1.9329E-03
  3.6141E-02  7.7205E-06 -1.5427E-03 -2.0037E-03
  3.6659E-02  8.0572E-06 -1.5990E-03 -2.0769E-03
  3.7185E-02  8.4085E-06 -1.6573E-03 -2.1526E-03
  3.7718E-02  8.7751E-06 -1.7175E-03 -2.2308E-03
  3.8258E-02  9.1576E-06 -1.7798E-03 -2.3117E-03
  3.8807E-02  9.5568E-06 -1.8441E-03 -2.3952E-03
  3.9363E-02  9.9732E-06 -1.9106E-03 -2.4816E-03
  3.9927E-02  1.0408E-05 -1.9793E-03 -2.5709E-03
  4.0499E-02  1.0861E-05 -2.0503E-03 -2.6631E-03
  4.1079E-02  1.1334E-05 -2.1236E-03 -2.7583E-03
  4.1668E-02  1.1828E-05 -2.1993E-03 -2.8567E-03
  4.2264E-02  1.2343E-05 -2.2775E-03 -2.9583E-03
  4.2870E-02  1.2880E-05 -2.3583E-03 -3.0632E-03
  4.3484E-02  1.3441E-05 -2.4417E-03 -3.1716E-03
  4.4106E-02  1.4026E-05 -2.5278E-03 -3.2834E-03
  4.4738E-02  1.4636E-05 -2.6166E-03 -3.3988E-03
  4.5378E-02  1.5273E-05 -2.7083E-03 -3.5179E-03
  4.6027E-02  1.5938E-05 -2.8029E-03 -3.6408E-03
  4.6686E-02  1.6631E-05 -2.9005E-03 -3.7677E-03
  4.7354E-02  1.7355E-05 -3.0012E-03 -3.8985E-03
  4.8032E-02  1.8109E-05 -3.1050E-03 -4.0334E-03
  4.8719E-02  1.8897E-05 -3.2121E-03 -4.1725E-03
  4.9416E-02  1.9718E-05 -3.3225E-03 -4.3159E-03
  5.0123E-02  2.0575E-05 -3.4363E-03 -4.4638E-03
  5.0839E-02  2.1470E-05 -3.5537E-03 -4.6162E-03
  5.1567E-02  2.2403E-05 -3.6746E-03 -4.7733E-03
  5.2304E-02  2.3376E-05 -3.7991E-03 -4.9352E-03
  5.3052E-02  2.4392E-05 -3.9275E-03 -5.1019E-03
  5.3810E-02  2.5451E-05 -4.0597E-03 -5.2737E-03
  5.4579E-02  2.6557E-05 -4.1958E-03 -5.4506E-03
  5.5360E-02  2.7710E-05 -4.3360E-03 -5.6327E-03
  5.6151E-02  2.8914E-05 -4.4803E-03 -5.8202E-03
  5.6953E-02  3.0169E-05 -4.6289E-03 -6.0132E-03
  5.7767E-02  3.1478E-05 -4.7818E-03 -6.2118E-03
  5.8593E-02  3.2845E-05 -4.9390E-03 -6.4162E-03
  5.9430E-02  3.4270E-05 -5.1009E-03 -6.6264E-03
  6.0279E-02  3.5757E-05 -5.2673E-03 -6.8427E-03
  6.1140E-02  3.7309E-05 -5.4384E-03 -7.0650E-03
  6.2013E-02  3.8927E-05 -5.6144E-03 -7.2937E-03
  6.2899E-02  4.0616E-05 -5.7953E-03 -7.5287E-03
  6.3797E-02  4.2377E-05 -5.9812E-03 -7.7702E-03
  6.4708E-02  4.4215E-05 -6.1722E-03 -8.0183E-03
  6.5632E-02  4.6132E-05 -6.3684E-03 -8.2733E-03
  6.6570E-02  4.8131E-05 -6.5699E-03 -8.5351E-03
  6.7520E-02  5.0218E-05 -6.7769E-03 -8.8040E-03
  6.8484E-02  5.2394E-05 -6.9893E-03 -9.0800E-03
  6.9462E-02  5.4664E-05 -7.2074E-03 -9.3633E-03
  7.0453E-02  5.7033E-05 -7.4311E-03 -9.6540E-03
  7.1459E-02  5.9503E-05 -7.6607E-03 -9.9523E-03
  7.2479E-02  6.2080E-05 -7.8962E-03 -1.0258E-02
  7.3513E-02  6.4769E-05 -8.1376E-03 -1.0572E-02
  7.4562E-02  6.7573E-05 -8.3851E-03 -1.0893E-02
  7.5626E-02  7.0499E-05 -8.6389E-03 -1.1223E-02
  7.6705E-02  7.3550E-05 -8.8988E-03 -1.1561E-02
  7.7799E-02  7.6734E-05 -9.1652E-03 -1.1907E-02
  7.8909E-02  8.0054E-05 -9.4379E-03 -1.2261E-02
  8.0035E-02  8.3518E-05 -9.7172E-03 -1.2624E-02
  8.1177E-02  8.7131E-05 -1.0003E-02 -1.2995E-02
  8.2335E-02  9.0899E-05 -1.0296E-02 -1.3376E-02
  8.3509E-02  9.4830E-05 -1.0595E-02 -1.3764E-02
  8.4700E-02  9.8930E-05 -1.0901E-02 -1.4162E-02
  8.5908E-02  1.0321E-04 -1.1214E-02 -1.4569E-02
  8.7133E-02  1.0767E-04 -1.1534E-02 -1.4984E-02
  8.8375E-02  1.1232E-04 -1.1861E-02 -1.5409E-02
  8.9636E-02  1.1717E-04 -1.2195E-02 -1.5843E-02
  9.0914E-02  1.2224E-04 -1.2537E-02 -1.6286E-02
  9.2210E-02  1.2752E-04 -1.2885E-02 -1.6739E-02
  9.3524E-02  1.3302E-04 -1.3241E-02 -1.7201E-02
  9.4858E-02  1.3877E-04 -1.3603E-02 -1.7672E-02
  9.6210E-02  1.4476E-04 -1.3973E-02 -1.8153E-02
  9.7581E-02  1.5101E-04 -1.4351E-02 -1.8643E-02
  9.8972E-02  1.5752E-04 -1.4736E-02 -1.9143E-02
  1.0038E-01  1.6432E-04 -1.5128E-02 -1.9652E-02
  1.0181E-01  1.7141E-04 -1.5527E-02 -2.0170E-02
  1.0326E-01  1.7880E-04 -1.5934E-02 -2.0698E-02
  1.0474E-01  1.8651E-04 -1.6348E-02 -2.1236E-02
  1.0623E-01  1.9455E-04 -1.6769E-02 -2.1783E-02
  1.0774E-01  2.0293E-04 -1.7198E-02 -2.2340E-02
  1.0928E-01  2.1168E-04 -1.7634E-02 -2.2906E-02
  1.1083E-01  2.2080E-04 -1.8077E-02 -2.3481E-02
  1.1241E-01  2.3031E-04 -1.8527E-02 -2.4065E-02
  1.1401E-01  2.4022E-04 -1.8984E-02 -2.4658E-02
  1.1564E-01  2.5057E-04 -1.9448E-02 -2.5261E-02
  1.1729E-01  2.6135E-04 -1.9919E-02 -2.5872E-02
  1.1896E-01  2.7260E-04 -2.0397E-02 -2.6493E-02
  1.2065E-01  2.8432E-04 -2.0882E-02 -2.7122E-02
  1.2237E-01  2.9655E-04 -2.1373E-02 -2.7759E-02
  1.2411E-01  3.0930E-04 -2.1870E-02 -2.8405E-02
  1.2588E-01  3.2260E-04 -2.2374E-02 -2.9058E-02
  1.2767E-01  3.3646E-04 -2.2884E-02 -2.9720E-02
  1.2949E-01  3.5091E-04 -2.3400E-02 -3.0389E-02
  1.3134E-01  3.6598E-04 -2.3922E-02 -3.1066E-02
  1.3321E-01  3.8170E-04 -2.4449E-02 -3.1750E-02
  1.3510E-01  3.9808E-04 -2.4982E-02 -3.2441E-02
  1.3703E-01  4.1516E-04 -2.5520E-02 -3.3138E-02
  1.3898E-01  4.3297E-04 -2.6063E-02 -3.3842E-02
  1.4096E-01  4.5154E-04 -2.6610E-02 -3.4552E-02
  1.4296E-01  4.7090E-04 -2.7162E-02 -3.5267E-02
  1.4500E-01  4.9108E-04 -2.7718E-02 -3.5988E-02
  1.4706E-01  5.1211E-04 -2.8277E-02 -3.6713E-02
  1.4916E-01  5.3404E-04 -2.8841E-02 -3.7443E-02
  1.5128E-01  5.5691E-04 -2.9407E-02 -3.8177E-02
  1.5343E-01  5.8074E-04 -2.9976E-02 -3.8914E-02
  1.5562E-01  6.0558E-04 -3.0548E-02 -3.9654E-02
  1.5783E-01  6.3147E-04 -3.1121E-02 -4.0397E-02
  1.6008E-01  6.5847E-04 -3.1697E-02 -4.1142E-02
  1.6236E-01  6.8660E-04 -3.2273E-02 -4.1888E-02
  1.6467E-01  7.1592E-04 -3.2851E-02 -4.2636E-02
  1.6701E-01  7.4648E-04 -3.3429E-02 -4.3383E-02
  1.6939E-01  7.7834E-04 -3.4006E-02 -4.4131E-02
  1.7180E-01  8.1153E-04 -3.4584E-02 -4.4877E-02
  1.7425E-01  8.4613E-04 -3.5160E-02 -4.5622E-02
  1.7673E-01  8.8219E-04 -3.5734E-02 -4.6365E-02
  1.7924E-01  9.1976E-04 -3.6307E-02 -4.7105E-02
  1.8179E-01  9.5891E-04 -3.6877E-02 -4.7842E-02
  1.8438E-01  9.9971E-04 -3.7444E-02 -4.8574E-02
  1.8700E-01  1.0422E-03 -3.8007E-02 -4.9301E-02
  1.8966E-01  1.0865E-03 -3.8566E-02 -5.0022E-02
  1.9236E-01  1.1327E-03 -3.9120E-02 -5.0737E-02
  1.9510E-01  1.1808E-03 -3.9668E-02 -5.1444E-02
  1.9787E-01  1.2309E-03 -4.0210E-02 -5.2144E-02
  2.0069E-01  1.2831E-03 -4.0746E-02 -5.2834E-02
  2.0354E-01  1.3374E-03 -4.1274E-02 -5.3514E-02
  2.0644E-01  1.3941E-03 -4.1794E-02 -5.4184E-02
  2.0938E-01  1.4531E-03 -4.2305E-02 -5.4842E-02
  2.1236E-01  1.5146E-03 -4.2807E-02 -5.5488E-02
  2.1538E-01  1.5786E-03 -4.3299E-02 -5.6120E-02
  2.1844E-01  1.6453E-03 -4.3780E-02 -5.6739E-02
  2.2155E-01  1.7147E-03 -4.4249E-02 -5.7341E-02
  2.2470E-01  1.7870E-03 -4.4706E-02 -5.7928E-02
  2.2790E-01  1.8623E-03 -4.5151E-02 -5.8498E-02
  2.3114E-01  1.9408E-03 -4.5581E-02 -5.9050E-02
  2.3442E-01  2.0224E-03 -4.5997E-02 -5.9583E-02
  2.3776E-01  2.1075E-03 -4.6398E-02 -6.0096E-02
  2.4114E-01  2.1960E-03 -4.6783E-02 -6.0588E-02
  2.4457E-01  2.2882E-03 -4.7151E-02 -6.1058E-02
  2.4805E-01  2.3842E-03 -4.7501E-02 -6.1505E-02
  2.5158E-01  2.4841E-03 -4.7833E-02 -6.1928E-02
  2.5515E-01  2.5881E-03 -4.8146E-02 -6.2326E-02
  2.5878E-01  2.6963E-03 -4.8439E-02 -6.2699E-02
  2.6246E-01  2.8090E-03 -4.8712E-02 -6.3044E-02
  2.6620E-01  2.9262E-03 -4.8962E-02 -6.3361E-02
  2.6998E-01  3.0482E-03 -4.9191E-02 -6.3650E-02
  2.7382E-01  3.1752E-03 -4.9396E-02 -6.3909E-02
  2.7772E-01  3.3073E-03 -4.9578E-02 -6.4137E-02
  2.8166E-01  3.4448E-03 -4.9735E-02 -6.4332E-02
  2.8567E-01  3.5878E-03 -4.9866E-02 -6.4496E-02
  2.8973E-01  3.7366E-03 -4.9971E-02 -6.4625E-02
  2.9385E-01  3.8914E-03 -5.0050E-02 -6.4720E-02
  2.9803E-01  4.0523E-03 -5.0100E-02 -6.4779E-02
  3.0227E-01  4.2198E-03 -5.0122E-02 -6.4802E-02
  3.0657E-01  4.3939E-03 -5.0115E-02 -6.4787E-02
  3.1092E-01  4.5749E-03 -5.0079E-02 -6.4735E-02
  3.1535E-01  4.7632E-03 -5.0011E-02 -6.4643E-02
  3.1983E-01  4.9589E-03 -4.9913E-02 -6.4512E-02
  3.2438E-01  5.1624E-03 -4.9783E-02 -6.4341E-02
  3.2899E-01  5.3739E-03 -4.9620E-02 -6.4128E-02
  3.3367E-01  5.5938E-03 -4.9424E-02 -6.3874E-02
  3.3841E-01  5.8223E-03 -4.9195E-02 -6.3577E-02
  3.4322E-01  6.0598E-03 -4.8931E-02 -6.3237E-02
  3.4810E-01  6.3065E-03 -4.8633E-02 -6.2854E-02
  3.5305E-01  6.5629E-03 -4.8299E-02 -6.2426E-02
  3.5807E-01  6.8292E-03 -4.7930E-02 -6.1954E-02
  3.6316E-01  7.1059E-03 -4.7524E-02 -6.1437E-02
  3.6832E-01  7.3932E-03 -4.7082E-02 -6.0874E-02
  3.7356E-01  7.6916E-03 -4.6602E-02 -6.0265E-02
  3.7887E-01  8.0015E-03 -4.6085E-02 -5.9610E-02
  3.8425E-01  8.3232E-03 -4.5530E-02 -5.8909E-02
  3.8972E-01  8.6572E-03 -4.4937E-02 -5.8161E-02
  3.9525E-01  9.0039E-03 -4.4305E-02 -5.7365E-02
  4.0087E-01  9.3638E-03 -4.3634E-02 -5.6523E-02
  4.0657E-01  9.7372E-03 -4.2924E-02 -5.5633E-02
  4.1235E-01  1.0125E-02 -4.2175E-02 -5.4696E-02
  4.1821E-01  1.0527E-02 -4.1386E-02 -5.3711E-02
  4.2416E-01  1.0944E-02 -4.0556E-02 -5.2679E-02
  4.3019E-01  1.1376E-02 -3.9687E-02 -5.1600E-02
  4.3630E-01  1.1825E-02 -3.8777E-02 -5.0473E-02
  4.4250E-01  1.2290E-02 -3.7827E-02 -4.9299E-02
  4.4879E-01  1.2772E-02 -3.6837E-02 -4.8078E-02
  4.5517E-01  1.3272E-02 -3.5806E-02 -4.6810E-02
  4.6164E-01  1.3790E-02 -3.4733E-02 -4.5495E-02
  4.6820E-01  1.4326E-02 -3.3621E-02 -4.4135E-02
  4.7486E-01  1.4882E-02 -3.2467E-02 -4.2728E-02
  4.8160E-01  1.5458E-02 -3.1272E-02 -4.1275E-02
  4.8845E-01  1.6055E-02 -3.0037E-02 -3.9777E-02
  4.9539E-01  1.6673E-02 -2.8760E-02 -3.8235E-02
  5.0243E-01  1.7313E-02 -2.7443E-02 -3.6648E-02
  5.0957E-01  1.7975E-02 -2.6085E-02 -3.5017E-02
  5.1682E-01  1.8661E-02 -2.4686E-02 -3.3342E-02
  5.2416E-01  1.9370E-02 -2.3246E-02 -3.1625E-02
  5.3161E-01  2.0104E-02 -2.1766E-02 -2.9865E-02
  5.3916E-01  2.0863E-02 -2.0245E-02 -2.8063E-02
  5.4683E-01  2.1648E-02 -1.8683E-02 -2.6220E-02
  5.5460E-01  2.2460E-02 -1.7082E-02 -2.4337E-02
  5.6248E-01  2.3300E-02 -1.5440E-02 -2.2414E-02
  5.7047E-01  2.4168E-02 -1.3757E-02 -2.0451E-02
  5.7858E-01  2.5065E-02 -1.2035E-02 -1.8450E-02
  5.8680E-01  2.5992E-02 -1.0273E-02 -1.6411E-02
  5.9514E-01  2.6949E-02 -8.4705E-03 -1.4335E-02
  6.0360E-01  2.7939E-02 -6.6286E-03 -1.2222E-02
  6.1218E-01  2.8960E-02 -4.7470E-03 -1.0073E-02
  6.2087E-01  3.0015E-02 -2.8259E-03 -7.8882E-03
  6.2970E-01  3.1104E-02 -8.6533E-04 -5.6691E-03
  6.3865E-01  3.2228E-02  1.1347E-03 -3.4159E-03
  6.4772E-01  3.3387E-02  3.1741E-03 -1.1291E-03
  6.5693E-01  3.4584E-02  5.2528E-03  1.1906E-03
  6.6626E-01  3.5819E-02  7.3708E-03  3.5427E-03
  6.7573E-01  3.7092E-02  9.5282E-03  5.9267E-03
  6.8533E-01  3.8405E-02  1.1725E-02  8.3423E-03
  6.9507E-01  3.9759E-02  1.3961E-02  1.0789E-02
  7.0494E-01  4.1154E-02  1.6237E-02  1.3266E-02
  7.1496E-01  4.2593E-02  1.8552E-02  1.5774E-02
  7.2512E-01  4.4075E-02  2.0908E-02  1.8312E-02
  7.3542E-01  4.5603E-02  2.3304E-02  2.0881E-02
  7.4587E-01  4.7177E-02  2.5740E-02  2.3479E-02
  7.5647E-01  4.8798E-02  2.8216E-02  2.6108E-02
  7.6722E-01  5.0468E-02  3.0735E-02  2.8766E-02
  7.7812E-01  5.2187E-02  3.3295E-02  3.1456E-02
  7.8918E-01  5.3959E-02  3.5897E-02  3.4176E-02
  8.0039E-01  5.5782E-02  3.8542E-02  3.6928E-02
  8.1176E-01  5.7660E-02  4.1231E-02  3.9712E-02
  8.2330E-01  5.9593E-02  4.3965E-02  4.2529E-02
  8.3499E-01  6.1584E-02  4.6744E-02  4.5380E-02
  8.4686E-01  6.3633E-02  4.9569E-02  4.8265E-02
  8.5889E-01  6.5743E-02  5.2442E-02  5.1186E-02
  8.7109E-01  6.7915E-02  5.5364E-02  5.4144E-02
  8.8347E-01  7.0151E-02  5.8336E-02  5.7141E-02
  8.9602E-01  7.2453E-02  6.1360E-02  6.0178E-02
  9.0875E-01  7.4825E-02  6.4436E-02  6.3258E-02
  9.2166E-01  7.7266E-02  6.7568E-02  6.6381E-02
  9.3476E-01  7.9781E-02  7.0755E-02  6.9551E-02
  9.4804E-01  8.2372E-02  7.4002E-02  7.2769E-02
  9.6151E-01  8.5042E-02  7.7310E-02  7.6039E-02
  9.7517E-01  8.7793E-02  8.0681E-02  7.9364E-02
  9.8902E-01  9.0629E-02  8.4118E-02  8.2746E-02
  1.0031E+00  9.3554E-02  8.7624E-02  8.6190E-02
  1.0173E+00  9.6571E-02  9.1203E-02  8.9700E-02
  1.0318E+00  9.9684E-02  9.4857E-02  9.3279E-02
  1.0464E+00  1.0290E-01  9.8592E-02  9.6933E-02
  1.0613E+00  1.0622E-01  1.0241E-01  1.0067E-01
  1.0764E+00  1.0965E-01  1.0632E-01  1.0449E-01
  1.0917E+00  1.1319E-01  1.1032E-01  1.0840E-01
  1.1072E+00  1.1686E-01  1.1442E-01  1.1241E-01
  1.1229E+00  1.2066E-01  1.1863E-01  1.1653E-01
  1.1389E+00  1.2459E-01  1.2295E-01  1.2076E-01
  1.1550E+00  1.2867E-01  1.2740E-01  1.2511E-01
  1.1715E+00  1.3289E-01  1.3197E-01  1.2960E-01
  1.1881E+00  1.3728E-01  1.3668E-01  1.3423E-01
  1.2050E+00  1.4184E-01  1.4154E-01  1.3901E-01
  1.2221E+00  1.4658E-01  1.4655E-01  1.4395E-01
  1.2395E+00  1.5151E-01  1.5174E-01  1.4908E-01
  1.2571E+00  1.5665E-01  1.5710E-01  1.5439E-01
  1.2749E+00  1.6201E-01  1.6267E-01  1.5991E-01
  1.2930E+00  1.6760E-01  1.6844E-01  1.6566E-01
  1.3114E+00  1.7344E-01  1.7445E-01  1.7164E-01
  1.3300E+00  1.7955E-01  1.8070E-01  1.7788E-01
  1.3489E+00  1.8594E-01  1.8721E-01  1.8441E-01
  1.3681E+00  1.9264E-01  1.9401E-01  1.9123E-01
  1.3875E+00  1.9967E-01  2.0112E-01  1.9838E-01
  1.4072E+00  2.0706E-01  2.0857E-01  2.0587E-01
  1.4272E+00  2.1483E-01  2.1638E-01  2.1375E-01
  1.4475E+00  2.2301E-01  2.2458E-01  2.2203E-01
  1.4681E+00  2.3163E-01  2.3321E-01  2.3076E-01
  1.4889E+00  2.4073E-01  2.4229E-01  2.3996E-01
  1.5101E+00  2.5034E-01  2.5188E-01  2.4967E-01
  1.5315E+00  2.6051E-01  2.6201E-01  2.5994E-01
  1.5533E+00  2.7128E-01  2.7273E-01  2.7081E-01
  1.5753E+00  2.8270E-01  2.8409E-01  2.8232E-01
  1.5977E+00  2.9482E-01  2.9614E-01  2.9454E-01
  1.6204E+00  3.0770E-01  3.0894E-01  3.0752E-01
  1.6434E+00  3.2141E-01  3.2256E-01  3.2131E-01
  1.6668E+00  3.3601E-01  3.3706E-01  3.3600E-01
  1.6905E+00  3.5158E-01  3.5254E-01  3.5165E-01
  1.7145E+00  3.6820E-01  3.6906E-01  3.6835E-01
  1.7388E+00  3.8596E-01  3.8672E-01  3.8617E-01
  1.7635E+00  4.0496E-01  4.0562E-01  4.0523E-01
  1.7886E+00  4.2531E-01  4.2588E-01  4.2562E-01
  1.8140E+00  4.4711E-01  4.4760E-01  4.4746E-01
  1.8398E+00  4.7051E-01  4.7091E-01  4.7088E-01
  1.8659E+00  4.9563E-01  4.9595E-01  4.9601E-01
  1.8924E+00  5.2263E-01  5.2288E-01  5.2301E-01
  1.9193E+00  5.5168E-01  5.5186E-01  5.5204E-01
  1.9465E+00  5.8294E-01  5.8308E-01  5.8329E-01
  1.9742E+00  6.1663E-01  6.1673E-01  6.1696E-01
  2.0022E+00  6.5297E-01  6.5304E-01  6.5327E-01
  2.0307E+00  6.9220E-01  6.9224E-01  6.9246E-01
  2.0595E+00  7.3459E-01  7.3461E-01  7.3482E-01
  2.0888E+00  7.8044E-01  7.8045E-01  7.8062E-01
  2.1184E+00  8.3008E-01  8.3008E-01  8.3022E-01
  2.1485E+00  8.8387E-01  8.8387E-01  8.8396E-01
  2.1790E+00  9.4222E-01  9.4222E-01  9.4226E-01
  2.2100E+00  1.0056E+00  1.0056E+00  1.0056E+00
  2.2414E+00  1.0744E+00  1.0744E+00  1.0744E+00
  2.2732E+00  1.1493E+00  1.1493E+00  1.1492E+00
  2.3055E+00  1.2309E+00  1.2309E+00  1.2308E+00
  2.3383E+00  1.3199E+00  1.3199E+00  1.3197E+00
  2.3715E+00  1.4170E+00  1.4170E+00  1.4167E+00
  2.4052E+00  1.5231E+00  1.5231E+00  1.5227E+00
  2.4393E+00  1.6391E+00  1.6391E+00  1.6387E+00
  2.4740E+00  1.7661E+00  1.7661E+00  1.7657E+00
  2.5091E+00  1.9053E+00  1.9053E+00  1.9048E+00
  2.5448E+00  2.0581E+00  2.0581E+00  2.0575E+00
